0.246,0,51.4903,7.41242,163.776,8.05489,76.2688,1,27,-90,-6,10,50,47,7,26385408,262,1,95,13499,
1.325,11.3488,51.4903,7.41257,163.768,9.55372,75.6794,1,27,-90,-6,10,50,47,7,26385408,262,1,95,13499,
2.328,23.692,51.4902,7.41274,159.269,10.5052,77.0568,1,12,-84,-5,12,56,53,7,26385408,262,1,95,13499,
3.325,35.3899,51.4903,7.41289,157.344,10.9668,78.5429,1,12,-84,-5,12,56,53,7,26385408,262,1,95,13499,
4.329,46.2881,51.4903,7.41304,158.794,11.8616,79.2129,1,14,-87,-6,14,53,52,7,26385408,262,1,95,13499,
5.313,59.2056,51.4904,7.41321,159.283,13.0323,78.6932,1,14,-87,-6,14,53,52,7,26385408,262,1,95,13499,
6.303,73.9373,51.4904,7.41342,159.733,13.3105,78.5465,1,15,-88,-7,12,52,51,7,26385408,262,1,95,13499,
7.319,87.7556,51.4904,7.41362,160.692,13.0337,79.0916,1,15,-88,-7,12,52,51,7,26385408,262,1,95,13499,
8.304,102.29,51.4904,7.41382,163.041,13.4185,78.3382,1,15,-88,-7,12,52,51,7,26385408,262,1,95,13499,
9.3,113.259,51.4905,7.41397,162.842,13.6458,78.6346,1,10,-86,-7,10,54,53,7,26385408,262,1,95,13499,
10.3,128.128,51.4905,7.41418,161.062,14.2041,78.171,1,10,-86,-7,10,54,53,7,26385408,262,1,95,13499,
11.313,141.995,51.4905,7.41437,159.66,14.4007,77.5977,1,13,-86,-7,14,54,53,7,26385408,262,1,95,13499,
12.328,156.559,51.4905,7.41458,158.555,14.5706,77.9373,1,13,-86,-7,14,54,53,7,26385408,262,1,95,13499,
13.292,173.659,51.4906,7.41481,160.038,14.3559,78.6388,1,7,-85,-9,10,55,55,7,26385408,262,1,95,13499,
14.302,187.953,51.4906,7.41501,160.775,14.8182,79.6531,1,7,-85,-9,10,55,55,7,26385408,262,1,95,13499,
15.319,201.91,51.4906,7.41521,161.029,14.4575,81.0843,1,13,-83,-7,11,57,55,7,26385408,262,1,95,13499,
16.3,216.602,51.4906,7.41542,161.132,13.5226,82.3512,1,13,-83,-7,11,57,55,7,26385408,262,1,95,13499,
17.306,228.221,51.4906,7.41559,160.692,11.6542,83.865,1,4,-82,-6,6,58,55,4,29391105,262,1,351,13499,
18.314,239.761,51.4907,7.41576,160.588,11.2773,85.8651,1,4,-82,-6,6,58,55,4,29391105,262,1,351,13499,
19.333,250.744,51.4907,7.41592,160.636,10.8658,88.1508,1,37,-84,-8,15,56,54,4,29391105,262,1,351,13499,
20.314,260.692,51.4907,7.41606,160.492,9.46372,90.7655,1,37,-84,-8,15,56,54,4,29391105,262,1,351,13499,
21.316,270.237,51.4907,7.4162,160.673,8.14279,92.9338,1,21,-84,-6,12,56,54,4,29391105,262,1,351,13499,
22.317,277.465,51.4906,7.4163,160.641,7.10138,95.2021,1,21,-84,-6,12,56,54,4,29391105,262,1,351,13499,
23.308,282.499,51.4906,7.41637,159.885,5.83888,96.7341,1,38,-81,-5,13,59,56,4,29391105,262,1,351,13499,
24.309,288.736,51.4906,7.41646,158.841,4.38566,97.6138,1,38,-81,-5,13,59,56,4,29391105,262,1,351,13499,
25.328,294.53,51.4906,7.41654,158.768,2.24567,98.1895,1,36,-82,-6,14,58,56,4,29391105,262,1,351,13499,
26.329,295.301,51.4906,7.41654,158.719,0.730952,98.1895,1,36,-82,-6,14,58,56,4,29391105,262,1,351,13499,
27.304,295.301,51.4906,7.41654,158.711,0,98.1895,1,30,-81,-5,12,59,56,4,29391105,262,1,351,13499,
28.311,295.301,51.4906,7.41654,158.702,0,98.1895,1,30,-81,-5,12,59,56,4,29391105,262,1,351,13499,
29.301,295.301,51.4906,7.41654,158.694,0,98.1895,1,36,-81,-5,10,59,56,4,29391105,262,1,351,13499,
30.296,295.301,51.4906,7.41654,158.687,0,98.1895,1,36,-81,-5,10,59,56,4,29391105,262,1,351,13499,
31.297,295.301,51.4906,7.41654,158.678,0,98.1895,1,25,-80,-5,2,60,56,4,29391105,262,1,351,13499,
32.301,295.301,51.4906,7.41654,158.667,0,98.1895,1,25,-80,-5,2,60,56,4,29391105,262,1,351,13499,
33.314,295.301,51.4906,7.41654,158.653,0,98.1895,1,25,-80,-5,2,60,56,4,29391105,262,1,351,13499,
34.31,295.301,51.4906,7.41654,158.638,0,98.1895,1,25,-81,-5,2,59,56,4,29391105,262,1,351,13499,
35.317,295.301,51.4906,7.41654,158.622,0,98.1895,1,25,-81,-5,2,59,56,4,29391105,262,1,351,13499,
36.318,295.301,51.4906,7.41654,158.605,0,98.1895,1,24,-80,-5,2,60,56,4,29391105,262,1,351,13499,
37.298,295.301,51.4906,7.41654,158.588,0,98.1895,1,24,-80,-5,2,60,56,4,29391105,262,1,351,13499,
38.299,295.301,51.4906,7.41654,158.575,0,98.1895,1,25,-80,-5,2,60,56,4,29391105,262,1,351,13499,
39.306,295.301,51.4906,7.41654,158.565,0,98.1895,1,25,-80,-5,2,60,56,4,29391105,262,1,351,13499,
40.302,295.301,51.4906,7.41654,158.555,0,98.1895,1,25,-80,-5,2,60,56,4,29391105,262,1,351,13499,
41.293,295.301,51.4906,7.41654,158.546,0,98.1895,1,25,-80,-5,2,60,56,4,29391105,262,1,351,13499,
42.311,295.301,51.4906,7.41654,158.537,0,98.1895,1,26,-80,-6,2,60,57,4,29391105,262,1,351,13499,
43.316,295.301,51.4906,7.41654,158.529,0,98.1895,1,26,-80,-6,2,60,57,4,29391105,262,1,351,13499,
44.309,295.301,51.4906,7.41654,158.521,0,98.1895,1,26,-80,-7,2,60,57,4,29391105,262,1,351,13499,
45.311,295.301,51.4906,7.41654,158.513,0,98.1895,1,26,-80,-7,2,60,57,4,29391105,262,1,351,13499,
46.295,295.301,51.4906,7.41654,158.506,0,98.1895,1,26,-81,-5,2,59,56,4,29391105,262,1,351,13499,
47.303,295.301,51.4906,7.41654,158.497,0,98.1895,1,26,-81,-5,2,59,56,4,29391105,262,1,351,13499,
48.306,295.301,51.4906,7.41654,158.487,0,98.1895,1,25,-81,-5,2,59,56,4,29391105,262,1,351,13499,
49.314,295.301,51.4906,7.41654,158.477,0,98.1895,1,25,-81,-5,2,59,56,4,29391105,262,1,351,13499,
50.309,295.301,51.4906,7.41654,158.466,0,98.1895,1,25,-80,-5,2,60,56,4,29391105,262,1,351,13499,
51.311,295.301,51.4906,7.41654,158.456,0,98.1895,1,25,-80,-5,2,60,56,4,29391105,262,1,351,13499,
52.311,295.301,51.4906,7.41654,158.444,0,98.1895,1,26,-80,-5,2,60,56,4,29391105,262,1,351,13499,
53.314,295.301,51.4906,7.41654,158.432,0,98.1895,1,26,-80,-5,2,60,56,4,29391105,262,1,351,13499,
54.301,295.586,51.4906,7.41655,158.322,0,98.1895,1,25,-81,-5,2,59,56,4,29391105,262,1,351,13499,
55.305,296.041,51.4906,7.41655,158.162,0,100.66,1,25,-81,-5,2,59,56,4,29391105,262,1,351,13499,
56.319,296.999,51.4906,7.41656,157.989,0,136.64,1,25,-82,-8,2,58,57,4,29391105,262,1,351,13499,
57.31,301.102,51.4906,7.41662,157.869,1.31972,108.758,1,25,-82,-8,2,58,57,4,29391105,262,1,351,13499,
58.309,304.972,51.4906,7.41667,156.524,2.77771,101.58,1,25,-82,-8,2,58,57,4,29391105,262,1,351,13499,
59.302,310.943,51.4906,7.41676,155.131,3.90953,102.733,1,25,-81,-7,2,59,57,4,29391105,262,1,351,13499,
60.295,315.979,51.4905,7.41683,154.833,4.59779,103.649,1,25,-81,-7,2,59,57,4,29391105,262,1,351,13499,
61.318,321.831,51.4905,7.41691,154.467,5.02889,103.366,1,22,-83,-6,2,57,55,4,29391105,262,1,351,13499,
62.3,327.142,51.4905,7.41698,153.978,5.33818,98.4742,1,22,-83,-6,2,57,55,4,29391105,262,1,351,13499,
63.313,333.303,51.4905,7.41707,153.756,5.55177,89.8694,1,25,-80,-6,2,60,57,4,29391105,262,1,351,13499,
64.309,339.323,51.4905,7.41715,153.669,5.67307,60.5122,1,25,-80,-6,2,60,57,4,29391105,262,1,351,13499,
65.314,345.308,51.4906,7.4172,153.635,5.76365,28.1127,1,19,-81,-6,2,59,56,4,29391105,262,1,351,13499,
66.32,352.073,51.4907,7.41722,153.8,5.87374,3.14134,1,19,-81,-6,2,59,56,4,29391105,262,1,351,13499,
67.303,359.731,51.4907,7.41721,153.6,6.02358,351.414,1,15,-83,-6,2,57,55,4,29391105,262,1,351,13499,
68.306,366.992,51.4908,7.4172,153.531,6.11734,348.144,1,15,-83,-6,2,57,55,4,29391105,262,1,351,13499,
69.336,373.516,51.4908,7.41721,152.91,6.12759,5.90924,1,18,-90,-6,2,50,48,4,29391105,262,1,351,13499,
70.315,378.916,51.4909,7.41725,152.173,6.14547,37.8549,1,18,-90,-6,2,50,48,4,29391105,262,1,351,13499,
71.304,385.342,51.4909,7.41734,151.758,6.19195,75.8079,1,12,-90,-6,2,50,47,4,29391105,262,1,351,13499,
72.316,391.762,51.4909,7.41744,151.608,6.33181,94.2698,1,12,-90,-6,2,50,47,4,29391105,262,1,351,13499,
73.309,400.687,51.4909,7.41756,151.644,8.91035,93.446,1,7,-91,-7,2,49,46,4,29391105,262,1,351,13499,
74.311,409.848,51.4909,7.4177,151.753,9.20632,92.8457,1,7,-91,-7,2,49,46,4,29391105,262,1,351,13499,
75.313,418.974,51.4909,7.41783,152.205,9.45527,93.0382,1,12,-92,-7,2,48,46,4,29391105,262,1,351,13499,
76.32,429.099,51.4909,7.41797,152.763,9.91158,93.8139,1,12,-92,-7,2,48,46,4,29391105,262,1,351,13499,
77.305,439.555,51.4909,7.41812,153.161,10.2636,94.6884,1,19,-94,-7,2,46,45,4,29391105,262,1,351,13499,
78.311,449.838,51.4909,7.41827,153.113,10.6864,97.2919,1,19,-94,-7,2,46,45,4,29391105,262,1,351,13499,
79.298,460.559,51.4908,7.41842,152.82,11.0343,101.16,1,14,-92,-6,2,48,46,4,29391105,262,1,351,13499,
80.301,472.157,51.4908,7.41857,152.496,11.3742,117.375,1,14,-92,-6,2,48,46,4,29391105,262,1,351,13499,
81.297,483.386,51.4907,7.41871,152.394,11.5772,120.936,1,9,-92,-6,2,48,45,4,29391105,262,1,351,13499,
82.305,494.108,51.4907,7.41882,152.218,11.7919,135.476,1,9,-92,-6,2,48,45,4,29391105,262,1,351,13499,
83.306,505.487,51.4906,7.41893,152.02,11.6779,135.975,1,5,-97,-7,2,43,41,4,29391105,262,1,351,13499,
84.328,517.808,51.4905,7.41905,151.282,12.0021,136.59,1,5,-97,-7,2,43,41,4,29391105,262,1,351,13499,
85.309,531.621,51.4904,7.41919,150.351,11.3324,136.977,1,5,-97,-7,2,43,41,4,29391105,262,1,351,13499,
86.307,543.601,51.4903,7.41931,149.087,11.912,137.453,1,4,-102,-9,2,38,38,4,29391105,262,1,351,13499,
87.293,555.617,51.4903,7.41942,147.814,12.0907,137.359,1,4,-102,-9,2,38,38,4,29391105,262,1,351,13499,
88.313,567.353,51.4902,7.41954,147.239,12.06,137.642,1,7,-101,-8,2,39,39,4,28365056,262,1,222,13499,
89.31,578.793,51.4901,7.41965,146.013,12.0979,137.869,1,7,-101,-8,2,39,39,4,28365056,262,1,222,13499,
90.263,590.443,51.49,7.41976,144.978,12.0933,137.918,1,5,-101,-8,2,39,39,4,28365056,262,1,222,13499,
91.291,602.167,51.4899,7.41988,144.211,12.1693,138.776,1,5,-101,-8,2,39,39,4,28365056,262,1,222,13499,
92.309,616.13,51.4899,7.42001,143.141,12.1082,139.9,1,8,-101,-9,2,39,39,4,28365056,262,1,222,13499,
93.322,629.714,51.4898,7.42014,142.435,12.1962,141.26,1,8,-101,-9,2,39,39,4,28365056,262,1,222,13499,
94.294,641.379,51.4897,7.42024,142.182,11.2953,142.425,1,10,-99,-9,2,41,41,4,28365056,262,1,222,13499,
95.297,652.218,51.4896,7.42032,141.714,11.5725,144.015,1,10,-99,-9,2,41,41,4,28365056,262,1,222,13499,
96.302,662.901,51.4895,7.42041,141.078,11.1567,144.42,1,7,-99,-8,2,41,41,4,28365056,262,1,222,13499,
97.289,673.528,51.4894,7.4205,140.632,9.24568,143.055,1,7,-99,-8,2,41,41,4,28365056,262,1,222,13499,
98.312,681.042,51.4894,7.42059,140.239,9.00597,121.079,1,13,-99,-8,2,41,40,4,28365056,262,1,222,13499,
99.291,689.495,51.4894,7.42069,140.168,8.99815,117.817,1,13,-99,-8,2,41,40,4,28365056,262,1,222,13499,
100.297,697.209,51.4893,7.4208,140.033,8.12121,104.896,1,11,-102,-8,2,38,37,4,28365056,262,1,222,13499,
101.3,703.61,51.4893,7.42089,140.707,5.81705,105.076,1,11,-102,-8,2,38,37,4,28365056,262,1,222,13499,
102.322,708.641,51.4893,7.42096,141.441,4.71115,106.683,1,8,-102,-8,2,38,36,4,28365056,262,1,222,13499,
103.302,714.188,51.4893,7.42102,141.862,4.39826,141.366,1,8,-102,-8,2,38,36,4,28365056,262,1,222,13499,
104.317,718.462,51.4892,7.42101,141.488,5.30008,185.371,1,8,-103,-8,2,37,36,4,28365056,262,1,222,13499,
105.303,725.848,51.4892,7.42098,141.055,7.79816,203.774,1,8,-103,-8,2,37,36,4,28365056,262,1,222,13499,
106.308,732.58,51.4891,7.42094,140.436,7.8464,203.427,1,9,-102,-8,2,38,37,4,28365056,262,1,222,13499,
107.304,740.712,51.4891,7.42089,140.667,8.89369,201.363,1,9,-102,-8,2,38,37,4,28365056,262,1,222,13499,
108.319,749.372,51.489,7.42085,140.679,8.60688,199.578,1,9,-102,-8,2,38,37,4,28365056,262,1,222,13499,
109.302,757.48,51.4889,7.42082,140.789,7.87683,198.404,1,11,-100,-8,2,40,40,4,28365056,262,1,222,13499,
110.301,765.457,51.4888,7.42079,140.735,7.12511,199.167,1,11,-100,-8,2,40,40,4,28365056,262,1,222,13499,
111.308,772.83,51.4888,7.42076,138.958,5.88832,201.177,1,7,-97,-9,2,43,44,4,28365056,262,1,222,13499,
112.309,779.498,51.4887,7.42074,137.185,5.40374,201.677,1,7,-97,-9,2,43,44,4,28365056,262,1,222,13499,
113.308,784.477,51.4887,7.42072,136.717,5.30519,203.456,1,17,-91,-6,2,49,47,4,29391105,262,1,351,13499,
114.31,789.573,51.4886,7.4207,136.329,4.64236,200.31,1,17,-91,-6,2,49,47,4,29391105,262,1,351,13499,
115.302,792.898,51.4886,7.42073,136.349,3.39048,146.153,1,16,-88,-6,2,52,50,4,29391105,262,1,351,13499,
116.293,798.422,51.4886,7.4208,137.374,5.25877,120.659,1,16,-88,-6,2,52,50,4,29391105,262,1,351,13499,
117.297,806.165,51.4886,7.42091,138.491,6.66338,95.9858,1,13,-89,-7,2,51,49,4,29391105,262,1,351,13499,
118.303,812.815,51.4886,7.42101,139.772,5.19455,95.1713,1,13,-89,-7,2,51,49,4,29391105,262,1,351,13499,
119.331,817.476,51.4886,7.42107,140.991,4.9049,94.4441,1,14,-90,-6,2,50,48,4,29391105,262,1,351,13499,
120.307,822.502,51.4885,7.42114,142.039,5.23479,95.1512,1,14,-90,-6,2,50,48,4,29391105,262,1,351,13499,
121.296,827.99,51.4885,7.42122,142.424,5.35352,96.6865,1,11,-91,-7,2,49,47,4,29391105,262,1,351,13499,
122.308,833.723,51.4885,7.4213,142.148,5.61501,99.7587,1,11,-91,-7,2,49,47,4,29391105,262,1,351,13499,
123.31,840.432,51.4885,7.42138,142.552,5.73464,126.366,1,18,-92,-7,2,48,46,4,29391105,262,1,351,13499,
124.308,846.146,51.4885,7.42145,142.553,5.70343,126.755,1,18,-92,-7,2,48,46,4,29391105,262,1,351,13499,
125.301,852.166,51.4884,7.42152,142.731,6.02661,127.797,1,9,-93,-7,2,47,46,4,29391105,262,1,351,13499,
126.315,858.677,51.4884,7.42159,142.793,6.50783,128.577,1,9,-93,-7,2,47,46,4,29391105,262,1,351,13499,
127.296,864.781,51.4884,7.42166,142.443,6.51531,128.367,1,17,-94,-7,11,46,45,10,29391105,262,1,351,13499,
128.475,872.052,51.4883,7.42174,142.381,6.48508,126.576,1,17,-94,-7,11,46,45,10,29391105,262,1,351,13499,
129.31,878.535,51.4883,7.42181,142.326,5.5213,126.137,1,17,-94,-7,11,46,45,10,29391105,262,1,351,13499,
130.311,885.454,51.4882,7.42189,142.343,6.49355,126.189,1,13,-92,-9,11,48,49,10,29391105,262,1,351,13499,
131.319,893.009,51.4882,7.42197,142.361,6.68104,123.975,1,13,-92,-9,11,48,49,10,29391105,262,1,351,13499,
132.304,899.896,51.4882,7.42206,142.418,7.20446,121.939,1,10,-93,-9,11,47,46,10,29391105,262,1,351,13499,
133.313,908.041,51.4881,7.42216,142.536,7.3864,117.885,1,10,-93,-9,11,47,46,10,29391105,262,1,351,13499,
134.314,915.399,51.4881,7.42226,142.023,7.645,113.948,1,10,-96,-10,10,44,45,10,29391105,262,1,351,13499,
135.317,923.467,51.4881,7.42237,142.113,7.87509,110.929,1,10,-96,-10,10,44,45,10,29391105,262,1,351,13499,
136.319,930.834,51.4881,7.42247,142.275,7.77964,108.707,1,-1,-99,-8,12,41,40,10,29391105,262,1,351,13499,
137.304,938.711,51.488,7.42258,142.509,7.8831,106.924,1,-1,-99,-8,12,41,40,10,29391105,262,1,351,13499,
138.3,947.117,51.488,7.4227,142.521,7.80483,105.941,1,7,-104,-8,12,36,35,10,29391105,262,1,351,13499,
139.308,955.103,51.488,7.42281,141.869,7.67124,105.573,1,7,-104,-8,12,36,35,10,29391105,262,1,351,13499,
140.307,962.973,51.488,7.42292,141.404,7.61403,105.85,1,4,-97,-8,6,43,41,13,28365056,262,1,222,13499,
141.303,970.781,51.488,7.42303,140.995,7.59545,105.752,1,4,-97,-8,6,43,41,13,28365056,262,1,222,13499,
142.304,979.044,51.488,7.42315,140.45,7.47266,105.761,1,11,-95,-8,11,45,44,13,28365056,262,1,222,13499,
143.309,986.426,51.4879,7.42325,139.98,7.45046,105.309,1,11,-95,-8,11,45,44,13,28365056,262,1,222,13499,
144.322,993.181,51.4879,7.42334,139.438,7.40246,106.113,1,1,-94,-8,7,46,46,13,28365056,262,1,222,13499,
145.3,1000.6,51.4879,7.42345,139.062,7.10867,106.469,1,1,-94,-8,7,46,46,13,28365056,262,1,222,13499,
146.315,1008.78,51.4879,7.42356,139.204,6.79068,109.061,1,4,-94,-8,11,46,46,13,28365056,262,1,222,13499,
147.335,1016.38,51.4878,7.42366,139.849,7.11977,112.417,1,4,-94,-8,11,46,46,13,28365056,262,1,222,13499,
148.31,1022.17,51.4878,7.42373,140.517,7.0411,116.431,1,5,-92,-7,11,48,47,13,28365056,262,1,222,13499,
149.293,1029.38,51.4878,7.42381,139.91,7.0357,130.455,1,5,-92,-7,11,48,47,13,28365056,262,1,222,13499,
150.297,1036.24,51.4877,7.42388,139.811,7.01746,133.143,1,4,-94,-10,8,46,48,13,28365056,262,1,222,13499,
151.296,1043.02,51.4877,7.42395,139.96,7.22972,133.753,1,4,-94,-10,8,46,48,13,28365056,262,1,222,13499,
152.31,1050.52,51.4876,7.42402,140.352,6.95328,135.213,1,8,-91,-8,10,49,48,13,28365056,262,1,222,13499,
153.313,1059.32,51.4876,7.4241,139.854,7.74175,137.842,1,8,-91,-8,10,49,48,13,28365056,262,1,222,13499,
154.322,1068.23,51.4875,7.42418,139.474,8.10937,140.759,1,7,-93,-8,6,47,46,13,28365056,262,1,222,13499,
155.305,1077.2,51.4874,7.42425,138.901,8.30396,142.827,1,7,-93,-8,6,47,46,13,28365056,262,1,222,13499,
156.297,1085.57,51.4874,7.42431,138.396,8.73578,144.509,1,7,-93,-8,6,47,46,13,28365056,262,1,222,13499,
157.303,1093.59,51.4873,7.42438,138.499,9.18103,145.45,1,9,-95,-9,8,45,45,13,28365056,262,1,222,13499,
158.303,1102.68,51.4873,7.42445,138.167,9.90235,144.681,1,9,-95,-9,8,45,45,13,28365056,262,1,222,13499,
159.324,1112.07,51.4872,7.42453,137.611,9.84941,142.765,1,2,-95,-9,7,45,45,13,28365056,262,1,222,13499,
160.307,1122.27,51.4871,7.42462,136.981,10.5244,140.918,1,2,-95,-9,7,45,45,13,28365056,262,1,222,13499,
161.316,1131.79,51.4871,7.42472,137.171,10.4336,138.169,1,0,-97,-12,6,43,46,13,28365056,262,1,222,13499,
162.315,1142.4,51.487,7.42482,137.709,10.7761,136.001,1,0,-97,-12,6,43,46,13,28365056,262,1,222,13499,
163.305,1154.1,51.4869,7.42495,138.137,11.1194,134.288,1,5,-87,-8,12,53,51,10,28367106,262,1,103,13499,
164.318,1164.58,51.4869,7.42506,137.759,10.4091,133.649,1,5,-87,-8,12,53,51,10,28367106,262,1,103,13499,
165.302,1174.27,51.4868,7.42517,137.366,10.1722,133.038,1,11,-89,-8,12,51,51,10,28367106,262,1,103,13499,
166.295,1184.96,51.4867,7.42529,136.717,10.4535,132.011,1,11,-89,-8,12,51,51,10,28367106,262,1,103,13499,
167.334,1194.92,51.4867,7.4254,136.092,10.3134,130.657,1,16,-80,-6,14,60,58,10,28367106,262,1,103,13499,
168.32,1206.5,51.4866,7.42553,134.941,10.546,130.003,1,16,-80,-6,14,60,58,10,28367106,262,1,103,13499,
169.297,1217.49,51.4866,7.42566,133.947,10.5473,129.276,1,11,-88,-8,10,52,51,10,28367106,262,1,103,13499,
170.309,1229.36,51.4865,7.42578,132.451,10.5126,130.23,1,11,-88,-8,10,52,51,10,28367106,262,1,103,13499,
171.309,1240.24,51.4864,7.4259,131.266,11.1884,133.298,1,15,-87,-7,10,53,51,10,28367106,262,1,103,13499,
172.302,1251,51.4863,7.426,130.059,11.3713,136.011,1,15,-87,-7,10,53,51,10,28367106,262,1,103,13499,
173.31,1261.32,51.4863,7.4261,129.41,11.2554,137.02,1,22,-82,-6,13,58,56,10,28367106,262,1,103,13499,
174.322,1273.56,51.4862,7.42621,128.533,10.9826,138.017,1,22,-82,-6,13,58,56,10,28367106,262,1,103,13499,
175.308,1284.04,51.4861,7.4263,128.174,10.8096,136.953,1,16,-84,-6,15,56,54,10,28367106,262,1,103,13499,
176.296,1293.26,51.4861,7.4264,128.136,10.2278,134.327,1,16,-84,-6,15,56,54,10,28367106,262,1,103,13499,
177.3,1303.88,51.486,7.42651,127.776,9.79644,131.084,1,22,-85,-6,12,55,51,10,28367106,262,1,103,13499,
178.323,1314.96,51.4859,7.42664,127.791,9.68927,127.837,1,22,-85,-6,12,55,51,10,28367106,262,1,103,13499,
179.309,1324.8,51.4859,7.42677,127.184,10.4001,125.419,1,22,-85,-6,12,55,51,10,28367106,262,1,103,13499,
180.314,1334.03,51.4858,7.42688,126.695,11.0153,123.495,1,22,-82,-6,15,58,56,10,28367106,262,1,103,13499,
181.309,1345.14,51.4858,7.42702,125.984,10.6131,122.749,1,22,-82,-6,15,58,56,10,28367106,262,1,103,13499,
182.31,1356.2,51.4857,7.42715,125.083,10.4363,123.146,1,19,-90,-6,12,50,48,10,28367106,262,1,103,13499,
183.304,1368.26,51.4857,7.42729,124.056,10.1398,127.01,1,19,-90,-6,12,50,48,10,28367106,262,1,103,13499,
184.324,1379.1,51.4856,7.42739,122.639,10.3029,143.007,1,13,-91,-6,10,49,46,10,28367106,262,1,103,13499,
185.311,1389.55,51.4855,7.42749,121.889,10.3233,143.374,1,13,-91,-6,10,49,46,10,28367106,262,1,103,13499,
186.313,1399.34,51.4855,7.42757,121.153,9.57168,143.836,1,14,-93,-7,11,47,45,10,28367106,262,1,103,13499,
187.309,1408.27,51.4854,7.42765,120.55,8.19079,142.839,1,14,-93,-7,11,47,45,10,28367106,262,1,103,13499,
188.342,1418.13,51.4853,7.42774,120.05,7.9164,143.515,1,20,-89,-6,12,51,49,10,28367106,262,1,103,13499,
189.313,1425.19,51.4853,7.4278,119.681,7.5298,146.598,1,20,-89,-6,12,51,49,10,28367106,262,1,103,13499,
190.3,1431.86,51.4852,7.4278,119.598,6.36275,174.721,1,13,-92,-7,11,48,46,10,28367106,262,1,103,13499,
191.316,1438.92,51.4851,7.42781,119.621,6.20151,173.835,1,13,-92,-7,11,48,46,10,28367106,262,1,103,13499,
192.324,1446.79,51.4851,7.42782,119.637,6.94199,171.022,1,9,-92,-6,9,48,46,10,28367106,262,1,103,13499,
193.31,1454.4,51.485,7.42784,119.979,7.63529,168.092,1,9,-92,-6,9,48,46,10,28367106,262,1,103,13499,
194.313,1462.44,51.4849,7.42787,120.509,7.22034,166.492,1,13,-89,-6,10,51,48,10,28367106,262,1,103,13499,
195.296,1469.67,51.4849,7.4279,120.846,6.22682,164.047,1,13,-89,-6,10,51,48,10,28367106,262,1,103,13499,
196.308,1477.45,51.4848,7.42794,121.277,6.43994,164.635,1,15,-87,-6,13,53,49,10,28367106,262,1,103,13499,
197.32,1485.06,51.4847,7.42797,122.046,6.27098,165.357,1,15,-87,-6,13,53,49,10,28367106,262,1,103,13499,
198.31,1491.36,51.4847,7.428,122.456,5.93263,164.223,1,12,-86,-6,12,54,52,10,28367106,262,1,103,13499,
199.311,1498.22,51.4846,7.42803,122.812,5.89027,164.219,1,12,-86,-6,12,54,52,10,28367106,262,1,103,13499,
200.305,1504.81,51.4846,7.42806,123.04,6.32092,164.673,1,14,-86,-5,12,54,51,10,28367106,262,1,103,13499,
201.336,1511.87,51.4845,7.42809,123.12,6.96459,163.733,1,14,-86,-5,12,54,51,10,28367106,262,1,103,13499,
202.294,1519.46,51.4845,7.42813,123.138,6.92759,163.145,1,14,-86,-5,12,54,51,10,28367106,262,1,103,13499,
203.316,1526.44,51.4844,7.42816,122.61,6.74591,164.117,1,19,-86,-5,12,54,50,10,28367106,262,1,103,13499,
204.311,1531.39,51.4844,7.42818,122.382,4.90802,164.415,1,19,-86,-5,12,54,50,10,28367106,262,1,103,13499,
205.301,1537.62,51.4843,7.42821,123.568,5.50913,162.635,1,19,-87,-6,15,53,51,10,28367106,262,1,103,13499,
206.297,1544.47,51.4842,7.42825,124.611,5.39783,160.517,1,19,-87,-6,15,53,51,10,28367106,262,1,103,13499,
207.299,1550.63,51.4842,7.42828,125.244,5.81049,161.352,1,13,-85,-6,12,55,53,10,28367106,262,1,103,13499,
208.297,1559.59,51.4841,7.42831,125.755,6.23931,162.345,1,13,-85,-6,12,55,53,10,28367106,262,1,103,13499,
209.314,1567.77,51.484,7.42835,126.579,5.80284,161.72,1,12,-87,-7,11,53,51,10,28367106,262,1,103,13499,
210.31,1575.75,51.484,7.42839,126.94,7.04863,161.134,1,12,-87,-7,11,53,51,10,28367106,262,1,103,13499,
211.317,1583.66,51.4839,7.42842,127.072,5.95552,161.903,1,11,-86,-8,8,54,53,10,28367106,262,1,103,13499,
212.317,1591.28,51.4838,7.42845,127.503,5.46084,162.673,1,11,-86,-8,8,54,53,10,28367106,262,1,103,13499,
213.323,1598.29,51.4838,7.42848,128.45,5.06496,162.176,1,8,-85,-7,11,55,53,10,28367106,262,1,103,13499,
214.307,1606.19,51.4837,7.42851,129.182,6.54148,162.796,1,8,-85,-7,11,55,53,10,28367106,262,1,103,13499,
215.314,1614.27,51.4836,7.42854,129.784,6.7475,162.417,1,8,-87,-7,8,53,51,10,28367106,262,1,103,13499,
216.295,1621.83,51.4836,7.42858,130.64,6.45765,162.177,1,8,-87,-7,8,53,51,10,28367106,262,1,103,13499,
217.337,1630.05,51.4835,7.42861,131.137,7.35713,161.257,1,11,-89,-7,11,51,46,10,28367106,262,1,103,13499,
218.275,1637.01,51.4834,7.42864,131.471,7.1928,160.502,1,11,-89,-7,11,51,46,10,28367106,262,1,103,13499,
219.305,1644.16,51.4834,7.42867,130.893,7.16492,159.65,1,16,-91,-7,8,49,46,10,28367106,262,1,103,13499,
220.326,1650.75,51.4833,7.42869,130.614,6.78619,158.81,1,16,-91,-7,8,49,46,10,28367106,262,1,103,13499,
221.321,1657.84,51.4833,7.42872,130.911,7.30175,159.581,1,16,-89,-7,11,51,49,10,28367106,262,1,103,13499,
222.31,1664.95,51.4832,7.42875,131.539,7.18844,161.879,1,16,-89,-7,11,51,49,10,28367106,262,1,103,13499,
223.297,1671.95,51.4831,7.42877,131.977,6.36576,162.995,1,10,-91,-7,10,49,48,10,28367106,262,1,103,13499,
224.297,1679.57,51.4831,7.4288,132.213,6.86474,163.609,1,10,-91,-7,10,49,48,10,28367106,262,1,103,13499,
225.299,1688.92,51.483,7.42884,132.595,6.73119,162.58,1,19,-91,-7,11,49,47,10,28367106,262,1,103,13499,
226.327,1696.03,51.4829,7.42887,132.554,6.22171,162.897,1,19,-91,-7,11,49,47,10,28367106,262,1,103,13499,
227.303,1703.18,51.4829,7.42889,132.636,5.748,164.605,1,19,-91,-7,11,49,47,10,28367106,262,1,103,13499,
228.299,1709.31,51.4828,7.4289,131.98,5.29825,166.01,1,7,-92,-8,8,48,47,10,28367106,262,1,103,13499,
229.321,1714.3,51.4828,7.42891,131.589,4.50431,167.174,1,7,-92,-8,8,48,47,10,28367106,262,1,103,13499,
230.301,1718.18,51.4827,7.42891,131.553,1.81347,187.333,1,12,-91,-7,11,49,48,10,28367106,262,1,103,13499,
231.31,1720.45,51.4827,7.42891,131.547,1.38497,157.768,1,12,-91,-7,11,49,48,10,28367106,262,1,103,13499,
232.3,1720.45,51.4827,7.42891,131.541,0,157.768,1,11,-89,-6,11,51,49,10,28367106,262,1,103,13499,
233.302,1720.45,51.4827,7.42891,131.541,0,157.768,1,11,-89,-6,11,51,49,10,28367106,262,1,103,13499,
234.329,1720.45,51.4827,7.42891,131.542,0,157.768,1,7,-92,-7,10,48,47,10,28367106,262,1,103,13499,
235.319,1720.45,51.4827,7.42891,131.541,0,157.768,1,7,-92,-7,10,48,47,10,28367106,262,1,103,13499,
236.297,1720.45,51.4827,7.42891,131.54,0,157.768,1,7,-92,-8,2,48,47,10,28367106,262,1,103,13499,
237.301,1720.45,51.4827,7.42891,131.538,0,157.768,1,7,-92,-8,2,48,47,10,28367106,262,1,103,13499,
238.31,1720.45,51.4827,7.42891,131.537,0,157.768,1,8,-92,-8,2,48,47,10,28367106,262,1,103,13499,
239.318,1720.45,51.4827,7.42891,131.535,0,157.768,1,8,-92,-8,2,48,47,10,28367106,262,1,103,13499,
240.308,1720.45,51.4827,7.42891,131.531,0,157.768,1,8,-92,-8,2,48,47,10,28367106,262,1,103,13499,
241.325,1720.45,51.4827,7.42891,131.525,0,157.768,1,8,-92,-8,2,48,47,10,28367106,262,1,103,13499,
242.302,1720.45,51.4827,7.42891,131.515,0,157.768,1,9,-92,-7,2,48,47,10,28367106,262,1,103,13499,
243.308,1720.45,51.4827,7.42891,131.503,0,157.768,1,9,-92,-7,2,48,47,10,28367106,262,1,103,13499,
244.316,1720.45,51.4827,7.42891,131.49,0,157.768,1,9,-92,-8,2,48,47,10,28367106,262,1,103,13499,
245.306,1720.45,51.4827,7.42891,131.48,0,157.768,1,9,-92,-8,2,48,47,10,28367106,262,1,103,13499,
246.305,1720.45,51.4827,7.42891,131.471,0,157.768,1,10,-92,-8,2,48,47,10,28367106,262,1,103,13499,
247.318,1720.45,51.4827,7.42891,131.464,0,157.768,1,10,-92,-8,2,48,47,10,28367106,262,1,103,13499,
248.29,1720.45,51.4827,7.42891,131.459,0,157.768,1,10,-92,-7,2,48,47,10,28367106,262,1,103,13499,
249.292,1720.45,51.4827,7.42891,131.455,0,157.768,1,10,-92,-7,2,48,47,10,28367106,262,1,103,13499,
250.308,1720.45,51.4827,7.42891,131.451,0,157.768,1,8,-91,-7,8,49,48,7,28367106,262,1,103,13499,
251.31,1720.45,51.4827,7.42891,131.449,0,157.768,1,8,-91,-7,8,49,48,7,28367106,262,1,103,13499,
252.331,1720.45,51.4827,7.42891,131.447,0,157.768,1,7,-91,-8,6,49,49,7,28367106,262,1,103,13499,
253.318,1720.45,51.4827,7.42891,131.445,0,157.768,1,7,-91,-8,6,49,49,7,28367106,262,1,103,13499,
254.32,1720.45,51.4827,7.42891,131.443,0,157.768,1,7,-91,-8,6,49,49,7,28367106,262,1,103,13499,
255.317,1720.45,51.4827,7.42891,131.442,0,157.768,1,10,-91,-7,8,49,48,7,28367106,262,1,103,13499,
256.315,1720.45,51.4827,7.42891,131.441,0,157.768,1,10,-91,-7,8,49,48,7,28367106,262,1,103,13499,
257.323,1720.54,51.4827,7.42892,131.441,0,157.768,1,4,-91,-7,8,49,48,7,28367106,262,1,103,13499,
258.301,1720.83,51.4827,7.42891,131.471,0,157.768,1,4,-91,-7,8,49,48,7,28367106,262,1,103,13499,
259.31,1721.37,51.4827,7.42891,131.407,0,157.768,1,7,-91,-8,6,49,48,7,28367106,262,1,103,13499,
260.31,1721.91,51.4827,7.42891,131.266,0,157.768,1,7,-91,-8,6,49,48,7,28367106,262,1,103,13499,
261.318,1722.58,51.4827,7.42891,131.162,0,67.5677,1,9,-92,-7,8,48,47,7,28367106,262,1,103,13499,
262.326,1722.81,51.4827,7.42891,131.054,0,67.5677,1,9,-92,-7,8,48,47,7,28367106,262,1,103,13499,
263.33,1723.11,51.4827,7.42891,131.007,0,158.813,1,10,-92,-7,6,48,47,7,28367106,262,1,103,13499,
264.303,1723.98,51.4827,7.42891,130.983,0,154.837,1,10,-92,-7,6,48,47,7,28367106,262,1,103,13499,
265.309,1727.63,51.4827,7.42893,130.99,1.04588,163.728,1,11,-87,-6,2,53,51,7,28367106,262,1,103,13499,
266.297,1732.8,51.4826,7.42894,130.972,2.13933,174.7,1,11,-87,-6,2,53,51,7,28367106,262,1,103,13499,
267.306,1738.41,51.4826,7.42895,130.954,2.92981,172.589,1,11,-90,-7,2,50,49,7,28367106,262,1,103,13499,
268.311,1743.21,51.4826,7.42896,130.999,3.33296,167.329,1,11,-90,-7,2,50,49,7,28367106,262,1,103,13499,
269.308,1747.44,51.4825,7.429,131.477,3.70614,139.312,1,8,-92,-8,2,48,48,7,28367106,262,1,103,13499,
270.326,1752.12,51.4825,7.42905,132.235,4.16532,115.94,1,8,-92,-8,2,48,48,7,28367106,262,1,103,13499,
271.307,1757.43,51.4825,7.42913,133.243,4.70189,100.468,1,1,-91,-7,2,49,48,7,28367106,262,1,103,13499,
272.302,1764.2,51.4825,7.42923,133.76,5.11772,93.2499,1,1,-91,-7,2,49,48,7,28367106,262,1,103,13499,
273.308,1773.36,51.4825,7.42936,134.076,10.3111,95.218,1,2,-98,-10,2,42,44,7,28368386,262,1,32,13499,
274.325,1783.74,51.4825,7.42951,134.374,11.939,95.0798,1,2,-98,-10,2,42,44,7,28368386,262,1,32,13499,
275.3,1796.82,51.4825,7.4297,134.515,12.7493,95.6475,1,3,-100,-10,2,40,42,7,28368386,262,1,32,13499,
276.309,1810.59,51.4825,7.42989,134.911,12.2253,95.5979,1,3,-100,-10,2,40,42,7,28368386,262,1,32,13499,
277.314,1822.55,51.4824,7.43007,134.992,11.7011,96.3908,1,9,-100,-9,2,40,40,7,29563904,262,1,350,13499,
278.311,1834.16,51.4824,7.43023,135.115,11.3732,96.4667,1,9,-100,-9,2,40,40,7,29563904,262,1,350,13499,
279.312,1844.02,51.4824,7.43037,135.854,10.8744,97.0193,1,9,-100,-9,2,40,40,7,29563904,262,1,350,13499,
280.322,1853.55,51.4824,7.43051,136.45,10.4395,96.9037,1,7,-101,-11,2,39,42,7,28367106,262,1,103,13499,
281.303,1863.79,51.4824,7.43066,137.307,9.44513,97.3137,1,7,-101,-11,2,39,42,7,28367106,262,1,103,13499,
282.314,1872.71,51.4824,7.43079,138.278,8.06396,96.7294,1,6,-99,-10,2,41,42,7,28367106,262,1,103,13499,
283.31,1881.48,51.4824,7.43091,139.325,6.56459,97.3466,1,6,-99,-10,2,41,42,7,28367106,262,1,103,13499,
284.311,1887.4,51.4824,7.431,140.208,5.15775,97.1649,1,13,-95,-8,2,45,44,7,28367106,262,1,103,13499,
285.313,1893.14,51.4824,7.43108,140.278,3.47547,98.5001,1,13,-95,-8,2,45,44,7,28367106,262,1,103,13499,
286.308,1896.55,51.4824,7.43113,140.397,1.73468,97.1127,1,8,-94,-8,2,46,45,7,28367106,262,1,103,13499,
287.308,1896.55,51.4824,7.43113,140.409,0,97.1127,1,8,-94,-8,2,46,45,7,28367106,262,1,103,13499,
288.314,1896.55,51.4824,7.43113,140.412,0,97.1127,1,11,-90,-6,2,50,45,7,28367106,262,1,103,13499,
289.314,1896.55,51.4824,7.43113,140.411,0,97.1127,1,11,-90,-6,2,50,45,7,28367106,262,1,103,13499,
290.303,1896.55,51.4824,7.43113,140.399,0,97.1127,1,15,-89,-6,2,51,45,7,28367106,262,1,103,13499,
291.327,1896.55,51.4824,7.43113,140.39,0,97.1127,1,15,-89,-6,2,51,45,7,28367106,262,1,103,13499,
292.309,1896.55,51.4824,7.43113,140.397,0,99.4636,1,13,-88,-6,2,52,46,7,28367106,262,1,103,13499,
293.322,1902.42,51.4824,7.43121,140.751,0,98.5756,1,13,-88,-6,2,52,46,7,28367106,262,1,103,13499,
294.315,1908.33,51.4823,7.4313,140.97,5.33742,97.9477,1,6,-90,-6,2,50,47,7,28367106,262,1,103,13499,
295.313,1914.61,51.4823,7.43139,141.321,6.03708,97.3768,1,6,-90,-6,2,50,47,7,28367106,262,1,103,13499,
296.302,1920.73,51.4823,7.43147,141.794,6.80968,97.3707,1,5,-92,-7,2,48,46,7,28367106,262,1,103,13499,
297.311,1928.3,51.4823,7.43158,142.332,6.84325,98.0098,1,5,-92,-7,2,48,46,7,28367106,262,1,103,13499,
298.33,1934.24,51.4823,7.43167,142.751,5.81165,97.5615,1,2,-92,-7,2,48,46,7,28367106,262,1,103,13499,
299.323,1938.75,51.4823,7.43173,142.78,3.57937,98.2535,1,2,-92,-7,2,48,46,7,28367106,262,1,103,13499,
300.305,1942.06,51.4823,7.43178,142.803,2.76226,96.9415,1,2,-92,-7,2,48,46,7,28367106,262,1,103,13499,
301.321,1944.88,51.4823,7.43182,142.819,2.30066,96.6072,1,5,-95,-10,2,45,46,7,28367106,262,1,103,13499,
302.306,1947.23,51.4823,7.43185,142.804,3.48101,95.889,1,5,-95,-10,2,45,46,7,28367106,262,1,103,13499,
303.31,1951.32,51.4823,7.43191,142.55,5.29149,96.4816,1,6,-95,-10,2,45,46,7,28367106,262,1,103,13499,
304.321,1957.79,51.4823,7.432,142.044,5.61071,96.6127,1,6,-95,-10,2,45,46,7,28367106,262,1,103,13499,
305.307,1964.61,51.4823,7.4321,141.861,6.13269,96.8268,1,5,-95,-9,2,45,45,7,28367106,262,1,103,13499,
306.305,1969.37,51.4823,7.43217,141.911,7.10796,96.4618,1,5,-95,-9,2,45,45,7,28367106,262,1,103,13499,
307.319,1975.87,51.4823,7.43226,141.981,6.90437,96.5759,1,7,-95,-9,2,45,45,7,28367106,262,1,103,13499,
308.309,1982.84,51.4823,7.43236,142.046,6.80986,95.9265,1,7,-95,-9,2,45,45,7,28367106,262,1,103,13499,
309.309,1990.48,51.4823,7.43247,142.289,7.47878,95.8733,1,13,-94,-9,2,46,46,7,28367106,262,1,103,13499,
310.296,1998.7,51.4823,7.43259,142.6,8.7305,95.1433,1,13,-94,-9,2,46,46,7,28367106,262,1,103,13499,
311.313,2007.45,51.4823,7.43272,142.878,8.63121,95.8564,1,9,-90,-8,2,50,49,7,28367106,262,1,103,13499,
312.322,2014.4,51.4822,7.43282,143.02,5.06457,96.3119,1,9,-90,-8,2,50,49,7,28367106,262,1,103,13499,
313.298,2018.6,51.4822,7.43288,143.008,3.44802,96.964,1,7,-87,-9,2,53,52,7,28368386,262,1,32,13499,
314.305,2021.83,51.4822,7.43292,142.976,3.33743,96.6293,1,7,-87,-9,2,53,52,7,28368386,262,1,32,13499,
315.328,2025.54,51.4822,7.43297,142.955,3.74611,96.5562,1,6,-88,-9,2,52,50,7,28368386,262,1,32,13499,
316.317,2029.75,51.4822,7.43303,142.736,4.78255,96.2599,1,6,-88,-9,2,52,50,7,28368386,262,1,32,13499,
317.308,2034.53,51.4822,7.4331,142.518,4.45264,96.5603,1,7,-89,-9,2,51,49,7,28368386,262,1,32,13499,
318.318,2038.45,51.4822,7.43316,142.505,4.24406,96.1827,1,7,-89,-9,2,51,49,7,28368386,262,1,32,13499,
319.311,2042.54,51.4822,7.43321,142.494,4.16519,97.1346,1,9,-89,-9,2,51,50,7,28368386,262,1,32,13499,
320.322,2047.1,51.4822,7.43328,142.362,4.62755,97.2161,1,9,-89,-9,2,51,50,7,28368386,262,1,32,13499,
321.293,2051.92,51.4822,7.43335,142.235,4.94902,97.2475,1,8,-91,-9,2,49,49,7,28368386,262,1,32,13499,
322.309,2056.37,51.4822,7.43341,142.364,4.75896,97.5195,1,8,-91,-9,2,49,49,7,28368386,262,1,32,13499,
323.325,2060.91,51.4822,7.43348,142.51,4.63655,96.7919,1,10,-92,-8,2,48,47,7,28367106,262,1,103,13499,
324.303,2065.86,51.4822,7.43355,142.665,5.47235,95.8821,1,10,-92,-8,2,48,47,7,28367106,262,1,103,13499,
325.316,2071.08,51.4822,7.43362,142.814,5.35922,96.5547,1,10,-92,-8,2,48,47,7,28367106,262,1,103,13499,
326.322,2076.38,51.4822,7.4337,142.931,5.31974,97.0797,1,7,-92,-8,2,48,47,7,28367106,262,1,103,13499,
327.31,2081.48,51.4822,7.43377,143.02,5.22384,97.2841,1,7,-92,-8,2,48,47,7,28367106,262,1,103,13499,
328.314,2086.69,51.4821,7.43385,143.026,5.56253,97.7064,1,8,-93,-8,2,47,46,7,28367106,262,1,103,13499,
329.312,2091.84,51.4821,7.43392,142.937,5.3496,98.1952,1,8,-93,-8,2,47,46,7,28367106,262,1,103,13499,
330.311,2097.72,51.4821,7.43401,143.052,5.31434,98.5168,1,4,-95,-10,2,45,46,7,28367106,262,1,103,13499,
331.295,2103.78,51.4821,7.43409,143.489,5.75839,98.0067,1,4,-95,-10,2,45,46,7,28367106,262,1,103,13499,
332.297,2109.8,51.4821,7.43418,143.883,6.57775,98.4663,1,7,-96,-11,2,44,46,7,28368386,262,1,32,13499,
333.329,2116.77,51.4821,7.43428,144.129,7.90978,97.4212,1,7,-96,-11,2,44,46,7,28368386,262,1,32,13499,
334.302,2124.71,51.4821,7.43439,144.355,8.53386,97.1107,1,2,-94,-10,2,46,46,7,28368386,262,1,32,13499,
335.312,2132.66,51.4821,7.43451,144.489,8.21614,97.7837,1,2,-94,-10,2,46,46,7,28368386,262,1,32,13499,
336.293,2140.65,51.4821,7.43462,144.608,7.81607,97.1475,1,1,-95,-10,2,45,46,7,28368386,262,1,32,13499,
337.292,2148.9,51.4821,7.43474,144.477,8.23082,97.2583,1,1,-95,-10,2,45,46,7,28368386,262,1,32,13499,
338.473,2158.54,51.4821,7.43488,144.786,9.34314,96.4534,1,-1,-95,-11,2,45,46,7,28368386,262,1,32,13499,
339.311,2167.79,51.4821,7.43501,144.794,9.64066,96.9258,1,-1,-95,-11,2,45,46,7,28368386,262,1,32,13499,
340.324,2177.18,51.4821,7.43515,144.462,9.10628,97.7894,1,5,-92,-10,10,48,48,4,28367106,262,1,103,13499,
341.309,2186.41,51.482,7.43528,144.272,8.5554,96.9122,1,5,-92,-10,10,48,48,4,28367106,262,1,103,13499,
342.311,2195.2,51.482,7.43541,144.166,9.40215,97.531,1,2,-90,-9,6,50,50,10,28368386,262,1,32,13499,
343.316,2204.55,51.482,7.43554,144.349,9.59442,97.1895,1,2,-90,-9,6,50,50,10,28368386,262,1,32,13499,
344.327,2214.59,51.482,7.43568,144.183,9.50251,97.5493,1,5,-93,-10,10,47,49,10,28368386,262,1,32,13499,
345.314,2225.51,51.482,7.43584,144.458,9.78815,97.0056,1,5,-93,-10,10,47,49,10,28368386,262,1,32,13499,
346.307,2234.55,51.482,7.43597,144.313,9.83147,96.502,1,5,-93,-10,10,47,49,10,28368386,262,1,32,13499,
347.305,2244.28,51.482,7.43611,144.217,10.5526,96.0235,1,6,-88,-9,6,52,51,4,28367105,262,1,102,13499,
348.325,2254.67,51.482,7.43626,144.578,10.6962,96.6387,1,6,-88,-9,6,52,51,4,28367105,262,1,102,13499,
349.323,2265.41,51.482,7.43641,144.711,10.3125,95.9619,1,5,-90,-9,9,50,50,4,28367105,262,1,102,13499,
350.309,2274.95,51.482,7.43655,144.783,10.1149,95.5399,1,5,-90,-9,9,50,50,4,28367105,262,1,102,13499,
351.294,2285.37,51.4819,7.4367,144.774,10.622,95.1538,1,4,-90,-10,10,50,51,4,28367105,262,1,102,13499,
352.305,2295.9,51.4819,7.43685,144.932,10.4095,94.3502,1,4,-90,-10,10,50,51,4,28367105,262,1,102,13499,
353.328,2306.86,51.4819,7.43701,144.802,9.50716,96.1581,1,3,-85,-6,6,55,51,4,28367105,262,1,102,13499,
354.294,2315.3,51.4819,7.43713,144.625,7.81286,95.6357,1,3,-85,-6,6,55,51,4,28367105,262,1,102,13499,
355.348,2322.46,51.4819,7.43723,144.638,6.62603,94.1438,1,13,-90,-9,13,50,50,4,28367105,262,1,102,13499,
356.323,2329.96,51.4819,7.43734,144.644,6.49911,98.1614,1,13,-90,-9,13,50,50,4,28367105,262,1,102,13499,
357.295,2336.34,51.4819,7.43743,144.13,6.54449,99.7452,1,11,-89,-8,9,51,50,4,28367105,262,1,102,13499,
358.312,2343.47,51.4819,7.43753,144.03,6.8325,99.2123,1,11,-89,-8,9,51,50,4,28367105,262,1,102,13499,
359.325,2351.92,51.4819,7.43765,143.981,7.28728,99.742,1,10,-84,-6,10,56,54,4,28367105,262,1,102,13499,
360.313,2358.67,51.4818,7.43774,144.582,7.03924,97.855,1,10,-84,-6,10,56,54,4,28367105,262,1,102,13499,
361.318,2365.05,51.4818,7.43783,145.521,6.48206,97.4613,1,18,-85,-6,10,55,52,4,28367105,262,1,102,13499,
362.302,2371.05,51.4818,7.43792,146.376,6.02277,96.3974,1,18,-85,-6,10,55,52,4,28367105,262,1,102,13499,
363.314,2377.25,51.4818,7.43801,146.935,5.83096,99.0127,1,21,-81,-6,12,59,57,4,28367105,262,1,102,13499,
364.3,2382.61,51.4818,7.43808,147.615,4.94723,101.665,1,21,-81,-6,12,59,57,4,28367105,262,1,102,13499,
365.31,2388.56,51.4818,7.43817,148.276,4.37132,103.137,1,17,-82,-5,12,58,55,4,28367105,262,1,102,13499,
366.311,2393.05,51.4818,7.43823,148.914,4.6536,84.8167,1,17,-82,-5,12,58,55,4,28367105,262,1,102,13499,
367.318,2398.2,51.4818,7.43831,149.421,4.2131,87.8918,1,17,-82,-5,12,58,55,4,28367105,262,1,102,13499,
368.316,2404.01,51.4818,7.43839,149.584,5.75984,88.413,1,17,-87,-7,14,53,49,4,28367105,262,1,102,13499,
369.31,2409.45,51.4818,7.43847,150.045,6.96316,91.3786,1,17,-87,-7,14,53,49,4,28367105,262,1,102,13499,
370.318,2416.77,51.4818,7.43858,150.698,6.625,93.0056,1,11,-89,-7,10,51,48,4,28367105,262,1,102,13499,
371.317,2423.45,51.4818,7.43867,151.324,6.8896,94.1988,1,11,-89,-7,10,51,48,4,28367105,262,1,102,13499,
372.296,2429.59,51.4818,7.43876,151.119,6.65487,93.8598,1,9,-95,-9,11,45,46,4,28367105,262,1,102,13499,
373.291,2436.53,51.4818,7.43886,151.218,6.97927,94.6333,1,9,-95,-9,11,45,46,4,28367105,262,1,102,13499,
374.306,2444.71,51.4818,7.43898,151.63,7.19396,95.0103,1,9,-90,-7,6,50,47,9,28368386,262,1,32,13499,
375.317,2452.72,51.4818,7.43909,151.896,7.11299,95.4989,1,9,-90,-7,6,50,47,9,28368386,262,1,32,13499,
376.316,2459.23,51.4818,7.43919,152.324,7.16434,95.2098,1,14,-87,-6,14,53,50,9,28368386,262,1,32,13499,
377.288,2466.46,51.4818,7.43929,152.741,7.62685,94.814,1,14,-87,-6,14,53,50,9,28368386,262,1,32,13499,
378.312,2474.44,51.4818,7.43941,153.287,8.77108,94.038,1,8,-90,-7,13,50,48,9,28368386,262,1,32,13499,
379.297,2483.82,51.4818,7.43954,153.954,9.56357,94.0099,1,8,-90,-7,13,50,48,9,28368386,262,1,32,13499,
380.309,2493.1,51.4818,7.43968,154.322,10.0011,94.6172,1,8,-90,-7,12,50,46,9,28368386,262,1,32,13499,
381.31,2503.41,51.4817,7.43982,154.438,10.8975,95.344,1,8,-90,-7,12,50,46,9,28368386,262,1,32,13499,
382.318,2514.53,51.4817,7.43998,154.757,10.8635,96.268,1,13,-94,-8,10,46,44,9,28368386,262,1,32,13499,
383.317,2525.04,51.4817,7.44014,155.028,10.3712,97.0101,1,13,-94,-8,10,46,44,9,28368386,262,1,32,13499,
384.309,2534.96,51.4817,7.44028,155.346,10.0486,97.7295,1,8,-96,-9,8,44,44,9,28368386,262,1,32,13499,
385.32,2545.09,51.4817,7.44042,155.538,10.4813,96.8983,1,8,-96,-9,8,44,44,9,28368386,262,1,32,13499,
386.325,2555.62,51.4817,7.44058,155.597,11.0702,96.5297,1,13,-94,-8,8,46,44,9,28368386,262,1,32,13499,
387.321,2566.35,51.4817,7.44073,155.593,10.6469,96.8749,1,13,-94,-8,8,46,44,9,28368386,262,1,32,13499,
388.291,2576.39,51.4817,7.44087,155.866,10.0638,96.8129,1,8,-92,-7,8,48,45,9,28368386,262,1,32,13499,
389.297,2585.72,51.4817,7.44101,156.043,9.74557,97.5818,1,8,-92,-7,8,48,45,9,28368386,262,1,32,13499,
390.315,2595.87,51.4817,7.44115,156.158,10.0323,99.0374,1,5,-99,-12,7,41,43,9,28368386,262,1,32,13499,
391.311,2605.52,51.4816,7.44129,156.211,9.81743,101.546,1,5,-99,-12,7,41,43,9,28368386,262,1,32,13499,
392.308,2615.87,51.4816,7.44142,155.658,9.97757,115.387,1,7,-97,-10,11,43,44,9,28368386,262,1,32,13499,
393.309,2627.24,51.4816,7.44157,155.706,10.1924,116.545,1,7,-97,-10,11,43,44,9,28368386,262,1,32,13499,
394.297,2638.91,51.4815,7.44171,155.959,11.4826,119.236,1,7,-97,-10,11,43,44,9,28368386,262,1,32,13499,
395.322,2652.81,51.4814,7.44187,155.91,12.7127,122.422,1,7,-93,-8,12,47,45,9,28368386,262,1,32,13499,
396.314,2664.46,51.4814,7.442,155.978,12.3853,126.196,1,7,-93,-8,12,47,45,9,28368386,262,1,32,13499,
397.31,2676.76,51.4813,7.44213,156.494,12.0532,129.442,1,2,-95,-11,7,45,50,9,28368386,262,1,32,13499,
398.303,2689.39,51.4812,7.44226,156.825,12.7457,131.996,1,2,-95,-11,7,45,50,9,28368386,262,1,32,13499,
399.319,2703.47,51.4811,7.44239,157.024,13.3977,133.338,1,8,-87,-6,11,53,51,7,28367105,262,1,102,13499,
400.302,2717.75,51.481,7.44254,157.233,13.7702,133.177,1,8,-87,-6,11,53,51,7,28367105,262,1,102,13499,
401.314,2731.19,51.4809,7.44267,157.306,14.1933,132.572,1,18,-85,-5,12,55,52,7,28367105,262,1,102,13499,
402.303,2746.54,51.4808,7.44283,157.447,14.3795,132.004,1,18,-85,-5,12,55,52,7,28367105,262,1,102,13499,
403.323,2761.03,51.4807,7.44298,157.51,13.5875,133.843,1,11,-87,-6,11,53,51,7,28367105,262,1,102,13499,
404.31,2774.27,51.4806,7.44308,157.62,12.058,147.564,1,11,-87,-6,11,53,51,7,28367105,262,1,102,13499,
405.318,2786.3,51.4805,7.44314,157.783,10.6987,163.796,1,7,-92,-7,12,48,45,7,28367105,262,1,102,13499,
406.308,2796.51,51.4804,7.44314,157.814,10.5263,178.359,1,7,-92,-7,12,48,45,7,28367105,262,1,102,13499,
407.302,2807.65,51.4803,7.44315,157.732,11.1613,177.053,1,2,-96,-9,6,44,44,7,28367105,262,1,102,13499,
408.305,2818.62,51.4802,7.44317,157.439,11.5801,173.861,1,2,-96,-9,6,44,44,7,28367105,262,1,102,13499,
409.311,2831.95,51.4801,7.44325,157.335,12.4711,154.636,1,5,-95,-9,7,45,45,7,28367105,262,1,102,13499,
410.298,2845.49,51.48,7.44333,157.314,13.4595,153.505,1,5,-95,-9,7,45,45,7,28367105,262,1,102,13499,
411.311,2860.17,51.4799,7.44342,157.471,14.0624,152.8,1,-1,-101,-12,6,39,41,7,28367105,262,1,102,13499,
412.295,2874.95,51.4798,7.44352,157.796,14.7956,152.192,1,-1,-101,-12,6,39,41,7,28367105,262,1,102,13499,
413.316,2889.52,51.4797,7.44362,158.476,15.1335,151.691,1,-1,-99,-10,6,41,42,7,28368386,262,1,32,13499,
414.33,2905.81,51.4795,7.44374,158.6,15.5289,151.107,1,-1,-99,-10,6,41,42,7,28368386,262,1,32,13499,
415.308,2921.19,51.4794,7.44385,158.538,15.8959,151.391,1,3,-100,-10,9,40,40,7,28368386,262,1,32,13499,
416.32,2936.54,51.4793,7.44396,158.405,15.5605,151.633,1,3,-100,-10,9,40,40,7,28368386,262,1,32,13499,
417.315,2952.57,51.4792,7.44407,158.354,15.0821,151.86,1,3,-100,-10,9,40,40,7,28368386,262,1,32,13499,
418.307,2968.12,51.4791,7.44417,158.429,14.7383,151.58,1,-3,-97,-10,7,43,42,7,28368386,262,1,32,13499,
419.316,2982.01,51.4789,7.44427,158.408,14.2094,151.474,1,-3,-97,-10,7,43,42,7,28368386,262,1,32,13499,
420.312,2995.84,51.4788,7.44437,158.521,13.8047,151.452,1,3,-101,-11,7,39,40,7,28368386,262,1,32,13499,
421.315,3009.42,51.4787,7.44446,158.598,13.4694,151.491,1,3,-101,-11,7,39,40,7,28368386,262,1,32,13499,
422.31,3022.27,51.4786,7.44455,158.725,12.9932,151.684,1,1,-106,-13,6,34,38,7,28368386,262,1,32,13499,
423.316,3035.41,51.4785,7.44464,158.873,12.5779,151.602,1,1,-106,-13,6,34,38,7,28368386,262,1,32,13499,
424.313,3048.22,51.4784,7.44473,159.002,12.2464,151.589,1,-4,-109,-15,6,31,37,7,28368386,262,1,32,13499,
425.311,3060.05,51.4783,7.44481,158.935,11.8691,151.775,1,-4,-109,-15,6,31,37,7,28368386,262,1,32,13499,
426.31,3072.02,51.4782,7.4449,159,11.5261,151.933,1,-4,-108,-13,4,32,37,13,29568768,262,1,415,13499,
427.315,3083.14,51.4781,7.44497,159.393,11.0621,151.467,1,-4,-108,-13,4,32,37,13,29568768,262,1,415,13499,
428.29,3094.14,51.4781,7.44505,159.591,10.5664,151.553,1,-3,-102,-10,6,38,38,7,28368384,262,1,31,13499,
429.302,3104.01,51.478,7.44512,159.588,10.2328,151.733,1,-3,-102,-10,6,38,38,7,28368384,262,1,31,13499,
430.318,3113.65,51.4779,7.44518,159.427,9.832,151.264,1,2,-102,-10,7,38,38,7,28368384,262,1,31,13499,
431.313,3123.16,51.4778,7.44525,159.281,9.01763,151.083,1,2,-102,-10,7,38,38,7,28368384,262,1,31,13499,
432.311,3131.55,51.4778,7.4453,159.199,8.22814,151.858,1,2,-101,-10,8,39,39,7,28368384,262,1,31,13499,
433.311,3138.42,51.4777,7.44535,159.045,6.59529,151.745,1,2,-101,-10,8,39,39,7,28368384,262,1,31,13499,
434.302,3144.25,51.4777,7.44539,158.997,5.02674,152.075,1,7,-99,-10,8,41,41,7,28368384,262,1,31,13499,
435.302,3147.35,51.4776,7.44541,158.996,2.36284,151.633,1,7,-99,-10,8,41,41,7,28368384,262,1,31,13499,
436.319,3147.35,51.4776,7.44541,158.997,0,151.633,1,19,-97,-8,10,43,41,7,28368384,262,1,31,13499,
437.322,3147.35,51.4776,7.44541,158.996,0,151.633,1,19,-97,-8,10,43,41,7,28368384,262,1,31,13499,
438.318,3147.35,51.4776,7.44541,158.994,0,151.633,1,19,-97,-8,10,43,41,7,28368384,262,1,31,13499,
439.316,3147.35,51.4776,7.44541,158.991,0,151.633,1,6,-98,-9,7,42,42,7,28368384,262,1,31,13499,
440.296,3147.35,51.4776,7.44541,158.989,0,151.633,1,6,-98,-9,7,42,42,7,28368384,262,1,31,13499,
441.302,3147.35,51.4776,7.44541,158.987,0,151.633,1,7,-98,-9,7,42,41,7,28368384,262,1,31,13499,
442.303,3147.35,51.4776,7.44541,158.981,0,140.486,1,7,-98,-9,7,42,41,7,28368384,262,1,31,13499,
443.327,3154.9,51.4776,7.44547,158.939,0,144.035,1,4,-94,-6,2,46,42,7,28368384,262,1,31,13499,
444.302,3161.79,51.4775,7.44553,158.936,8.16804,146.572,1,4,-94,-6,2,46,42,7,28368384,262,1,31,13499,
445.313,3170.35,51.4775,7.44559,158.946,9.87329,148.21,1,5,-97,-8,2,43,43,7,28368384,262,1,31,13499,
446.308,3181.43,51.4774,7.44566,159.022,11.3012,149.299,1,5,-97,-8,2,43,43,7,28368384,262,1,31,13499,
447.294,3192.6,51.4773,7.44574,159.092,12.083,149.729,1,4,-96,-8,2,44,42,7,28368384,262,1,31,13499,
448.319,3206.39,51.4772,7.44583,159.294,13.6059,150.26,1,4,-96,-8,2,44,42,7,28368384,262,1,31,13499,
449.298,3220.42,51.4771,7.44593,159.297,14.5798,150.674,1,9,-95,-7,2,45,42,7,28368384,262,1,31,13499,
450.302,3235.66,51.4769,7.44603,159.32,14.8515,151.449,1,9,-95,-7,2,45,42,7,28368384,262,1,31,13499,
451.296,3250.66,51.4768,7.44613,159.309,15.2616,151.766,1,-1,-95,-8,2,45,44,7,28368384,262,1,31,13499,
452.302,3264.95,51.4767,7.44622,159.007,15.037,151.686,1,-1,-95,-8,2,45,44,7,28368384,262,1,31,13499,
453.305,3279.52,51.4766,7.44632,158.689,14.7719,152.031,1,-2,-96,-9,2,44,44,7,28368384,262,1,31,13499,
454.332,3294.48,51.4765,7.44642,158.412,15.0101,152.158,1,-2,-96,-9,2,44,44,7,28368384,262,1,31,13499,
455.328,3310.09,51.4763,7.44652,158.331,15.1701,152.182,1,4,-94,-8,2,46,44,7,29568768,262,1,415,13499,
456.317,3325.26,51.4762,7.44662,158.457,14.968,152.027,1,4,-94,-8,2,46,44,7,29568768,262,1,415,13499,
457.304,3340.5,51.4761,7.44673,158.542,14.6838,151.765,1,14,-91,-7,2,49,46,7,29568768,262,1,415,13499,
458.299,3354.87,51.476,7.44683,158.434,14.8022,151.569,1,14,-91,-7,2,49,46,7,29568768,262,1,415,13499,
459.304,3369.58,51.4759,7.44693,158.42,15.0225,151.548,1,11,-88,-7,2,52,50,7,29568768,262,1,415,13499,
460.314,3384.39,51.4758,7.44703,158.581,15.1383,151.533,1,11,-88,-7,2,52,50,7,29568768,262,1,415,13499,
461.301,3398.84,51.4756,7.44713,158.486,14.6909,150.803,1,10,-87,-7,2,53,49,7,29568768,262,1,415,13499,
462.3,3413.08,51.4755,7.44723,158.382,14.6331,150.422,1,10,-87,-7,2,53,49,7,29568768,262,1,415,13499,
463.31,3427.09,51.4754,7.44733,158.11,14.1984,149.821,1,0,-89,-7,2,51,48,7,29568768,262,1,415,13499,
464.316,3441.99,51.4753,7.44744,158.102,14.6394,149.205,1,0,-89,-7,2,51,48,7,29568768,262,1,415,13499,
465.325,3455.38,51.4752,7.44754,158.174,14.3847,148.33,1,4,-92,-7,2,48,46,7,29568768,262,1,415,13499,
466.292,3468.56,51.4751,7.44765,158.346,14.091,147.472,1,4,-92,-7,2,48,46,7,29568768,262,1,415,13499,
467.32,3481.37,51.475,7.44775,158.868,13.5115,146.371,1,4,-92,-7,2,48,46,7,29568768,262,1,415,13499,
468.314,3494.95,51.4749,7.44786,159.082,13.2507,145.247,1,0,-94,-8,2,46,45,7,29568768,262,1,415,13499,
469.309,3508.54,51.4748,7.44798,159.2,12.5884,143.912,1,0,-94,-8,2,46,45,7,29568768,262,1,415,13499,
470.319,3520.95,51.4747,7.44809,158.962,11.6577,143.072,1,8,-96,-8,2,44,43,7,29568768,262,1,415,13499,
471.302,3532.34,51.4746,7.44819,158.361,10.7852,142.478,1,8,-96,-8,2,44,43,7,29568768,262,1,415,13499,
472.317,3542.5,51.4746,7.44828,158.028,9.65174,141.887,1,4,-96,-8,2,44,43,7,29568768,262,1,415,13499,
473.301,3550.55,51.4745,7.44836,158.373,8.50995,141.343,1,4,-96,-8,2,44,43,7,29568768,262,1,415,13499,
474.334,3557.26,51.4745,7.44842,159.339,7.04018,142.016,1,10,-95,-8,2,45,44,7,29568768,262,1,415,13499,
475.309,3562.98,51.4744,7.44848,160.312,5.48835,140.945,1,10,-95,-8,2,45,44,7,29568768,262,1,415,13499,
476.309,3568.05,51.4744,7.44853,160.386,3.66823,141.686,1,12,-95,-8,2,45,44,7,29568768,262,1,415,13499,
477.321,3570.6,51.4744,7.44855,160.464,1.26505,141.191,1,12,-95,-8,2,45,44,7,29568768,262,1,415,13499,
478.323,3570.6,51.4744,7.44855,160.468,0,141.191,1,4,-94,-8,2,46,45,7,29568768,262,1,415,13499,
479.299,3570.6,51.4744,7.44855,160.468,0,141.191,1,4,-94,-8,2,46,45,7,29568768,262,1,415,13499,
480.333,3570.6,51.4744,7.44855,160.462,0,141.191,1,2,-94,-8,2,46,45,7,29568768,262,1,415,13499,
481.321,3570.6,51.4744,7.44855,160.449,0,141.191,1,2,-94,-8,2,46,45,7,29568768,262,1,415,13499,
482.31,3570.6,51.4744,7.44855,160.43,0,141.191,1,3,-94,-8,2,46,45,7,29568768,262,1,415,13499,
483.306,3570.6,51.4744,7.44855,160.405,0,141.191,1,3,-94,-8,2,46,45,7,29568768,262,1,415,13499,
484.336,3570.6,51.4744,7.44855,160.376,0,141.191,1,3,-94,-7,2,46,45,7,29568768,262,1,415,13499,
485.321,3570.6,51.4744,7.44855,160.343,0,141.191,1,3,-94,-7,2,46,45,7,29568768,262,1,415,13499,
486.308,3570.6,51.4744,7.44855,160.306,0,141.191,1,2,-94,-7,2,46,45,7,29568768,262,1,415,13499,
487.32,3570.6,51.4744,7.44855,160.269,0,141.191,1,2,-94,-7,2,46,45,7,29568768,262,1,415,13499,
488.311,3570.6,51.4744,7.44855,160.231,0,141.191,1,2,-94,-7,2,46,45,7,29568768,262,1,415,13499,
489.31,3570.6,51.4744,7.44855,160.191,0,141.191,1,4,-94,-7,2,46,46,7,29568768,262,1,415,13499,
490.304,3570.6,51.4744,7.44855,160.153,0,141.191,1,4,-94,-7,2,46,46,7,29568768,262,1,415,13499,
491.308,3570.6,51.4744,7.44855,160.115,0,141.191,1,4,-94,-8,2,46,46,7,29568768,262,1,415,13499,
492.309,3570.6,51.4744,7.44855,160.078,0,141.191,1,4,-94,-8,2,46,46,7,29568768,262,1,415,13499,
493.312,3570.6,51.4744,7.44855,160.04,0,141.191,1,3,-94,-8,2,46,45,7,29568768,262,1,415,13499,
494.304,3570.6,51.4744,7.44855,160.004,0,141.191,1,3,-94,-8,2,46,45,7,29568768,262,1,415,13499,
495.32,3570.6,51.4744,7.44855,159.967,0,141.191,1,2,-94,-8,2,46,46,7,29568768,262,1,415,13499,
496.307,3570.6,51.4744,7.44855,159.93,0,141.191,1,2,-94,-8,2,46,46,7,29568768,262,1,415,13499,
497.318,3570.6,51.4744,7.44855,159.893,0,141.191,1,2,-93,-8,2,47,47,7,29568768,262,1,415,13499,
498.304,3570.6,51.4744,7.44855,159.856,0,141.191,1,2,-93,-8,2,47,47,7,29568768,262,1,415,13499,
499.302,3570.6,51.4744,7.44855,159.818,0,141.191,1,4,-94,-8,2,46,46,7,29568768,262,1,415,13499,
500.309,3570.6,51.4744,7.44855,159.781,0,141.191,1,4,-94,-8,2,46,46,7,29568768,262,1,415,13499,
501.292,3570.6,51.4744,7.44855,159.743,0,141.191,1,-3,-93,-8,2,47,46,7,29568768,262,1,415,13499,
502.309,3570.6,51.4744,7.44855,159.707,0,141.191,1,-3,-93,-8,2,47,46,7,29568768,262,1,415,13499,
503.327,3570.6,51.4744,7.44855,159.67,0,141.191,1,2,-94,-7,2,46,46,7,29568768,262,1,415,13499,
504.3,3570.6,51.4744,7.44855,159.635,0,141.191,1,2,-94,-7,2,46,46,7,29568768,262,1,415,13499,
505.326,3570.6,51.4744,7.44855,159.601,0,141.191,1,2,-94,-7,2,46,46,7,29568768,262,1,415,13499,
506.299,3570.6,51.4744,7.44855,159.568,0,141.191,1,0,-94,-7,2,46,45,7,29568768,262,1,415,13499,
507.322,3570.6,51.4744,7.44855,159.536,0,141.191,1,0,-94,-7,2,46,45,7,29568768,262,1,415,13499,
508.314,3570.6,51.4744,7.44855,159.505,0,141.191,1,4,-94,-7,2,46,45,7,29568768,262,1,415,13499,
509.301,3570.6,51.4744,7.44855,159.475,0,141.191,1,4,-94,-7,2,46,45,7,29568768,262,1,415,13499,
510.322,3570.6,51.4744,7.44855,159.445,0,141.191,1,-3,-94,-7,2,46,45,7,29568768,262,1,415,13499,
511.31,3570.6,51.4744,7.44855,159.415,0,141.191,1,-3,-94,-7,2,46,45,7,29568768,262,1,415,13499,
512.314,3578.02,51.4743,7.44861,159.161,0,145.757,1,-2,-95,-8,2,45,45,7,29568768,262,1,415,13499,
513.323,3578.02,51.4743,7.44861,156.885,0,141.57,1,-2,-95,-8,2,45,45,7,29568768,262,1,415,13499,
514.303,3590.37,51.4742,7.44872,155.072,7.9976,141.738,1,4,-95,-9,2,45,45,7,29568768,262,1,415,13499,
515.31,3598.94,51.4742,7.44879,153.548,9.85944,141.111,1,4,-95,-9,2,45,45,7,29568768,262,1,415,13499,
516.299,3608.36,51.4741,7.44888,152.176,10.8578,140.236,1,1,-94,-8,2,46,46,7,29568768,262,1,415,13499,
517.31,3619.16,51.474,7.44897,151.201,11.4744,139.737,1,1,-94,-8,2,46,46,7,29568768,262,1,415,13499,
518.329,3627.56,51.474,7.44906,151.937,11.6678,139.249,1,5,-93,-9,2,47,47,7,29568768,262,1,415,13499,
519.302,3639.68,51.4739,7.44918,152.722,11.5552,138.137,1,5,-93,-9,2,47,47,7,29568768,262,1,415,13499,
520.32,3651.31,51.4738,7.4493,153.768,11.8435,136.79,1,15,-89,-8,2,51,50,7,29568768,262,1,415,13499,
521.317,3662.65,51.4738,7.44942,155.344,12.3109,135.566,1,15,-89,-8,2,51,50,7,29568768,262,1,415,13499,
522.301,3674.96,51.4737,7.44955,156.556,12.2956,134.44,1,17,-86,-7,2,54,53,7,29568768,262,1,415,13499,
523.32,3686.45,51.4736,7.44969,157.474,12.0946,133.23,1,17,-86,-7,2,54,53,7,29568768,262,1,415,13499,
524.302,3699.59,51.4735,7.44983,158.035,12.4539,132.118,1,13,-84,-6,2,56,54,7,29568768,262,1,415,13499,
525.307,3712.83,51.4735,7.44998,158.497,13.0775,130.603,1,13,-84,-6,2,56,54,7,29568768,262,1,415,13499,
526.502,3726.55,51.4734,7.45014,158.895,12.7249,128.964,1,18,-84,-6,2,56,54,7,29568768,262,1,415,13499,
527.301,3740.32,51.4733,7.4503,158.921,13.0454,127.436,1,18,-84,-6,2,56,54,7,29568768,262,1,415,13499,
528.318,3754.05,51.4733,7.45046,158.586,13.9598,126.238,1,18,-84,-6,2,56,54,7,29568768,262,1,415,13499,
529.301,3768.55,51.4732,7.45063,158.47,14.8943,125.161,1,20,-82,-5,12,58,54,5,29568768,262,1,415,13499,
530.302,3784.29,51.4731,7.45082,158.638,15.6145,123.619,1,20,-82,-5,12,58,54,5,29568768,262,1,415,13499,
531.297,3799.47,51.473,7.45101,158.838,16.0752,121.778,1,18,-79,-6,12,61,57,5,29568768,262,1,415,13499,
532.308,3814.77,51.473,7.45121,159.491,15.7402,120.056,1,18,-79,-6,12,61,57,5,29568768,262,1,415,13499,
533.316,3830.1,51.4729,7.45141,159.959,15.3864,118.139,1,22,-80,-6,11,60,57,5,29568768,262,1,415,13499,
534.308,3845.91,51.4729,7.45162,160.49,15.5388,116.28,1,22,-80,-6,11,60,57,5,29568768,262,1,415,13499,
535.314,3862.14,51.4728,7.45184,160.962,15.8778,114.146,1,13,-83,-6,10,57,54,5,29568768,262,1,415,13499,
536.303,3878.38,51.4728,7.45206,161.085,16.2856,111.979,1,13,-83,-6,10,57,54,5,29568768,262,1,415,13499,
537.314,3894.81,51.4727,7.45228,161.162,16.1314,110.331,1,17,-77,-6,12,63,58,5,29568768,262,1,415,13499,
538.309,3910.96,51.4727,7.45251,161.145,16.117,108.777,1,17,-77,-6,12,63,58,5,29568768,262,1,415,13499,
539.328,3927.44,51.4726,7.45274,160.933,15.9492,107.257,1,24,-75,-6,15,65,61,5,29568768,262,1,415,13499,
540.299,3942.16,51.4726,7.45295,160.355,15.756,105.926,1,24,-75,-6,15,65,61,5,29568768,262,1,415,13499,
541.312,3957.53,51.4726,7.45316,159.589,15.5092,105.312,1,19,-80,-5,12,60,56,5,29568768,262,1,415,13499,
542.322,3972.61,51.4725,7.45338,158.86,15.2728,104.882,1,19,-80,-5,12,60,56,5,29568768,262,1,415,13499,
543.317,3987.39,51.4725,7.45359,158.32,14.99,104.785,1,22,-79,-5,12,61,57,5,29568768,262,1,415,13499,
544.301,4002.39,51.4725,7.4538,157.904,14.6759,104.788,1,22,-79,-5,12,61,57,5,29568768,262,1,415,13499,
545.322,4016.01,51.4725,7.45399,157.774,14.3219,105.079,1,17,-81,-5,12,59,55,5,29568768,262,1,415,13499,
546.31,4030.25,51.4724,7.45419,157.816,14.4323,105.575,1,17,-81,-5,12,59,55,5,29568768,262,1,415,13499,
547.315,4045.74,51.4724,7.45441,157.947,14.9743,106.008,1,21,-78,-5,11,62,57,5,29568768,262,1,415,13499,
548.318,4060.68,51.4724,7.45462,158.103,14.8211,106.498,1,21,-78,-5,11,62,57,5,29568768,262,1,415,13499,
549.318,4075.28,51.4723,7.45482,158.271,14.7874,107.122,1,21,-78,-5,11,62,57,5,29568768,262,1,415,13499,
550.319,4089.31,51.4723,7.45501,158.295,14.6257,107.549,1,21,-81,-6,12,59,55,5,29568768,262,1,415,13499,
551.31,4103.65,51.4722,7.45521,157.939,14.4819,108.18,1,21,-81,-6,12,59,55,5,29568768,262,1,415,13499,
552.315,4118.22,51.4722,7.4554,157.59,14.2495,108.834,1,19,-79,-5,15,61,57,5,29568768,262,1,415,13499,
553.3,4131.7,51.4722,7.45559,157.267,14.2907,109.898,1,19,-79,-5,15,61,57,5,29568768,262,1,415,13499,
554.321,4145.91,51.4721,7.45577,156.957,14.5509,111.555,1,14,-82,-5,14,58,53,5,29568768,262,1,415,13499,
555.316,4160.81,51.4721,7.45597,156.541,14.7267,112.167,1,14,-82,-5,14,58,53,5,29568768,262,1,415,13499,
556.325,4175.64,51.472,7.45617,156.097,14.5901,112.805,1,14,-88,-6,15,52,49,5,29568768,262,1,415,13499,
557.312,4190.04,51.4719,7.45636,156.007,14.3209,113.49,1,14,-88,-6,15,52,49,5,29568768,262,1,415,13499,
558.318,4204.06,51.4719,7.45654,155.979,13.8465,113.919,1,14,-84,-5,12,56,53,5,29568768,262,1,415,13499,
559.313,4218.1,51.4718,7.45672,156.072,13.1948,114.573,1,14,-84,-5,12,56,53,5,29568768,262,1,415,13499,
560.333,4231.1,51.4718,7.45689,156.065,13.0828,114.806,1,14,-81,-5,15,59,54,5,29568768,262,1,415,13499,
561.3,4244.11,51.4717,7.45706,156.009,12.8363,115.108,1,14,-81,-5,15,59,54,5,29568768,262,1,415,13499,
562.345,4256.18,51.4717,7.45722,155.927,12.5633,115.463,1,19,-85,-6,12,55,52,5,29568768,262,1,415,13499,
563.309,4269.12,51.4716,7.45738,155.742,12.3291,116.916,1,19,-85,-6,12,55,52,5,29568768,262,1,415,13499,
564.306,4281.3,51.4716,7.45754,155.696,12.1276,118.608,1,16,-89,-6,11,51,48,5,29568768,262,1,415,13499,
565.312,4292.62,51.4715,7.45768,155.745,11.9466,118.72,1,16,-89,-6,11,51,48,5,29568768,262,1,415,13499,
566.319,4303.98,51.4715,7.45782,155.564,11.6994,117.934,1,17,-87,-6,10,53,50,5,29568768,262,1,415,13499,
567.31,4314.82,51.4714,7.45796,155.395,10.3846,117.171,1,17,-87,-6,10,53,50,5,29568768,262,1,415,13499,
568.313,4324.35,51.4714,7.45809,155.326,9.33329,116.089,1,13,-87,-6,15,53,49,5,29568768,262,1,415,13499,
569.31,4333.7,51.4714,7.45821,155.015,8.89907,115.644,1,13,-87,-6,15,53,49,5,29568768,262,1,415,13499,
570.335,4342.07,51.4713,7.45832,154.744,8.61758,115.005,1,13,-87,-6,15,53,49,5,29568768,262,1,415,13499,
571.348,4350.41,51.4713,7.45843,154.23,8.12327,115.404,1,7,-89,-7,10,51,50,5,29568768,262,1,415,13499,
572.324,4358.45,51.4713,7.45854,153.859,6.94797,115.109,1,7,-89,-7,10,51,50,5,29568768,262,1,415,13499,
573.299,4365.3,51.4712,7.45862,153.705,6.24526,115.431,1,11,-92,-8,8,48,47,5,29568768,262,1,415,13499,
574.326,4371.06,51.4712,7.4587,153.62,5.56002,114.502,1,11,-92,-8,8,48,47,5,29568768,262,1,415,13499,
575.301,4375.86,51.4712,7.45876,153.603,4.79212,114.891,1,9,-91,-9,8,49,49,5,29568768,262,1,415,13499,
576.31,4380.11,51.4712,7.45882,153.598,3.73204,115.492,1,9,-91,-9,8,49,49,5,29568768,262,1,415,13499,
577.303,4382.94,51.4712,7.45886,153.599,2.84722,115.592,1,9,-94,-9,11,46,46,5,29568768,262,1,415,13499,
578.323,4385.42,51.4712,7.45889,153.593,2.27695,116.225,1,9,-94,-9,11,46,46,5,29568768,262,1,415,13499,
579.303,4387.91,51.4712,7.45892,153.62,1.86834,116.062,1,8,-93,-9,8,47,46,5,29568768,262,1,415,13499,
580.324,4387.91,51.4712,7.45892,153.627,0,116.062,1,8,-93,-9,8,47,46,5,29568768,262,1,415,13499,
581.335,4387.91,51.4712,7.45892,153.628,0,116.062,1,12,-90,-8,15,50,50,5,29568768,262,1,415,13499,
582.315,4387.91,51.4712,7.45892,153.631,0,116.062,1,12,-90,-8,15,50,50,5,29568768,262,1,415,13499,
583.302,4387.91,51.4712,7.45892,153.626,0,116.062,1,16,-90,-8,15,50,50,5,29568768,262,1,415,13499,
584.324,4387.91,51.4712,7.45892,153.618,0,116.062,1,16,-90,-8,15,50,50,5,29568768,262,1,415,13499,
585.3,4387.91,51.4712,7.45892,153.608,0,116.062,1,13,-90,-8,10,50,50,5,29568768,262,1,415,13499,
586.314,4387.91,51.4712,7.45892,153.599,0,116.062,1,13,-90,-8,10,50,50,5,29568768,262,1,415,13499,
587.308,4387.91,51.4712,7.45892,153.59,0,116.062,1,13,-90,-8,10,50,50,5,29568768,262,1,415,13499,
588.31,4387.91,51.4712,7.45892,153.496,0,116.062,1,14,-91,-8,12,49,49,5,29568768,262,1,415,13499,
589.327,4387.91,51.4712,7.45892,153.463,0,117.855,1,14,-91,-8,12,49,49,5,29568768,262,1,415,13499,
590.297,4387.91,51.4712,7.45892,153.451,0,117.201,1,13,-93,-9,14,47,46,5,29568768,262,1,415,13499,
591.303,4394.77,51.4711,7.45901,153.454,3.70291,116.809,1,13,-93,-9,14,47,46,5,29568768,262,1,415,13499,
592.335,4399.14,51.4711,7.45907,153.673,4.73308,116.471,1,13,-86,-8,10,54,54,5,29568768,262,1,415,13499,
593.303,4405.62,51.4711,7.45915,154.198,5.99934,116.864,1,13,-86,-8,10,54,54,5,29568768,262,1,415,13499,
594.315,4412.7,51.4711,7.45924,154.663,6.50404,116.526,1,9,-92,-9,10,48,48,5,29568768,262,1,415,13499,
595.298,4419.69,51.471,7.45933,154.852,6.60876,117.342,1,9,-92,-9,10,48,48,5,29568768,262,1,415,13499,
596.301,4427.69,51.471,7.45943,154.752,6.90027,117.617,1,7,-94,-11,10,46,47,5,29568768,262,1,415,13499,
597.301,4437.02,51.4709,7.45954,154.789,7.94757,118.281,1,7,-94,-11,10,46,47,5,29568768,262,1,415,13499,
598.297,4444.3,51.4709,7.45963,154.99,8.39695,118.195,1,3,-91,-10,2,49,50,5,29568768,262,1,415,13499,
599.302,4451.37,51.4709,7.45973,154.642,8.85754,115.75,1,3,-91,-10,2,49,50,5,29568768,262,1,415,13499,
600.304,4460.03,51.4709,7.45984,154.341,9.2862,114.795,1,-2,-94,-11,2,46,49,5,29568768,262,1,415,13499,
601.306,4468.58,51.4708,7.45995,154.349,10.0403,113.103,1,-2,-94,-11,2,46,49,5,29568768,262,1,415,13499,
602.319,4479.87,51.4708,7.4601,154.127,10.4697,112.043,1,-4,-97,-13,2,43,48,5,29568768,262,1,415,13499,
603.301,4489.73,51.4708,7.46024,153.546,10.6016,111.256,1,-4,-97,-13,2,43,48,5,29568768,262,1,415,13499,
604.324,4499.82,51.4707,7.46037,153.192,10.6031,110.433,1,4,-96,-12,2,44,47,5,29568769,262,1,416,13499,
605.31,4510.29,51.4707,7.46052,153.153,10.7704,111.408,1,4,-96,-12,2,44,47,5,29568769,262,1,416,13499,
606.301,4522.79,51.4706,7.46068,153.477,11.1719,112.361,1,2,-96,-12,2,44,46,5,29568769,262,1,416,13499,
607.312,4534.19,51.4706,7.46084,153.918,11.3028,112.742,1,2,-96,-12,2,44,46,5,29568769,262,1,416,13499,
608.303,4546.97,51.4706,7.461,154.51,12.0047,113.588,1,-3,-93,-10,2,47,48,5,29568769,262,1,416,13499,
609.309,4560.03,51.4705,7.46117,155.254,12.8437,114.456,1,-3,-93,-10,2,47,48,5,29568769,262,1,416,13499,
610.307,4572.36,51.4705,7.46133,155.767,12.8835,114.888,1,-3,-93,-10,2,47,48,5,29568769,262,1,416,13499,
611.319,4586.83,51.4704,7.46152,156.514,12.7818,115.484,1,-1,-94,-11,2,46,48,5,29568769,262,1,416,13499,
612.315,4600.29,51.4703,7.4617,157.68,11.8376,116.134,1,-1,-94,-11,2,46,48,5,29568769,262,1,416,13499,
613.299,4610.09,51.4703,7.46182,158.218,10.708,116.131,1,-2,-96,-12,2,44,47,5,29568769,262,1,416,13499,
614.32,4621.69,51.4703,7.46198,158.402,13.3713,115.46,1,-2,-96,-12,2,44,47,5,29568769,262,1,416,13499,
615.293,4633.76,51.4702,7.46213,158.718,12.711,115.448,1,2,-99,-13,2,41,45,5,26378498,262,1,495,13499,
616.297,4644.46,51.4702,7.46228,158.434,12.3099,114.751,1,2,-99,-13,2,41,45,5,26378498,262,1,495,13499,
617.303,4657.17,51.4701,7.46245,157.564,12.1919,114.791,1,2,-98,-10,2,42,44,5,26378498,262,1,495,13499,
618.328,4669.01,51.4701,7.4626,156.887,12.4817,114.408,1,2,-98,-10,2,42,44,5,26378498,262,1,495,13499,
619.304,4680.82,51.4701,7.46276,156.012,12.46,113.684,1,4,-98,-10,2,42,44,5,26378498,262,1,495,13499,
620.309,4693.12,51.47,7.46292,155.605,12.9152,115.656,1,4,-98,-10,2,42,44,5,26378498,262,1,495,13499,
621.322,4706.79,51.47,7.4631,154.971,12.7284,114.875,1,-3,-97,-10,2,43,45,5,26378498,262,1,495,13499,
622.315,4719.85,51.4699,7.46327,154.75,12.8742,115.067,1,-3,-97,-10,2,43,45,5,26378498,262,1,495,13499,
623.318,4733.02,51.4699,7.46344,154.528,12.6945,114.463,1,5,-99,-12,2,41,45,5,26378498,262,1,495,13499,
624.3,4745.79,51.4698,7.46361,154.555,12.536,113.437,1,5,-99,-12,2,41,45,5,26378498,262,1,495,13499,
625.31,4759.14,51.4698,7.46379,154.022,12.5422,112.408,1,6,-98,-11,2,42,45,5,26378498,262,1,495,13499,
626.317,4771.2,51.4697,7.46396,153.163,12.7863,111.087,1,6,-98,-11,2,42,45,5,26378498,262,1,495,13499,
627.316,4785.24,51.4697,7.46415,152.756,13.2792,110.037,1,0,-98,-10,2,42,43,5,26378498,262,1,495,13499,
628.297,4798.03,51.4697,7.46432,152.589,13.0622,110.563,1,0,-98,-10,2,42,43,5,26378498,262,1,495,13499,
629.319,4809.52,51.4696,7.46448,152.591,12.8152,109.859,1,4,-99,-11,2,41,44,5,26378498,262,1,495,13499,
630.311,4822.46,51.4696,7.46466,152.446,12.9779,108.522,1,4,-99,-11,2,41,44,5,26378498,262,1,495,13499,
631.301,4835.96,51.4696,7.46485,152.406,12.5676,106.9,1,-1,-98,-11,2,42,44,5,26378498,262,1,495,13499,
632.291,4848.97,51.4695,7.46503,152.089,12.5495,105.053,1,-1,-98,-11,2,42,44,5,26378498,262,1,495,13499,
633.292,4862.55,51.4695,7.46522,151.616,12.5101,103.618,1,-1,-99,-10,2,41,43,5,26378498,262,1,495,13499,
634.293,4875.93,51.4695,7.46541,151.512,12.8283,102.148,1,-1,-99,-10,2,41,43,5,26378498,262,1,495,13499,
635.315,4888.53,51.4695,7.46559,151.577,12.8709,100.63,1,-1,-99,-10,2,41,43,5,26378498,262,1,495,13499,
636.33,4901.11,51.4694,7.46577,151.906,12.5551,100.216,1,-1,-100,-11,2,40,42,5,26378498,262,1,495,13499,
637.314,4913.67,51.4694,7.46595,152.533,12.2394,99.7566,1,-1,-100,-11,2,40,42,5,26378498,262,1,495,13499,
638.294,4926.5,51.4694,7.46613,153.386,12.1612,98.849,1,6,-99,-11,2,41,44,5,29401601,262,1,430,13499,
639.297,4938.8,51.4694,7.46631,154.109,11.9901,97.6642,1,6,-99,-11,2,41,44,5,29401601,262,1,430,13499,
640.31,4951.47,51.4694,7.46649,155.025,12.3403,95.7397,1,5,-96,-9,2,44,45,5,29401601,262,1,430,13499,
641.309,4963.98,51.4694,7.46667,155.916,12.828,93.4187,1,5,-96,-9,2,44,45,5,29401601,262,1,430,13499,
642.321,4976.71,51.4694,7.46686,156.595,13.3815,91.4553,1,7,-96,-9,2,44,44,5,29401601,262,1,430,13499,
643.309,4989.74,51.4694,7.46704,156.969,13.2649,89.873,1,7,-96,-9,2,44,44,5,29401601,262,1,430,13499,
644.31,5002.95,51.4694,7.46723,157.361,13.1364,88.2585,1,6,-93,-7,2,47,45,5,29401601,262,1,430,13499,
645.304,5016.9,51.4694,7.46743,157.701,13.2782,87.129,1,6,-93,-7,2,47,45,5,29401601,262,1,430,13499,
646.321,5030.3,51.4694,7.46763,158.038,13.5735,86.004,1,4,-93,-8,2,47,45,5,29401601,262,1,430,13499,
647.312,5044.01,51.4694,7.46782,158.197,14.1822,85.0955,1,4,-93,-8,2,47,45,5,29401601,262,1,430,13499,
648.303,5057.92,51.4695,7.46802,158.236,14.7267,84.3231,1,6,-95,-9,2,45,44,5,29401601,262,1,430,13499,
649.301,5073.21,51.4695,7.46824,158.578,15.4888,83.8135,1,6,-95,-9,2,45,44,5,29401601,262,1,430,13499,
650.297,5089.16,51.4695,7.46847,159.011,15.7146,81.5354,1,4,-97,-9,2,43,43,5,29401601,262,1,430,13499,
651.296,5104.58,51.4695,7.46869,159.387,15.0862,80.641,1,4,-97,-9,2,43,43,5,29401601,262,1,430,13499,
652.309,5118.49,51.4696,7.46888,159.591,14.6105,81.0504,1,2,-98,-9,2,42,42,5,29401601,262,1,430,13499,
653.32,5133.58,51.4696,7.46909,159.804,14.9335,81.3765,1,2,-98,-9,2,42,42,5,29401601,262,1,430,13499,
654.322,5148.88,51.4696,7.46931,159.791,15.4231,80.9755,1,1,-102,-11,2,38,40,5,29401601,262,1,430,13499,
655.296,5165.27,51.4697,7.46954,159.84,15.9551,80.4578,1,1,-102,-11,2,38,40,5,29401601,262,1,430,13499,
656.301,5181.09,51.4697,7.46977,159.34,16.5678,80.5691,1,0,-102,-11,2,38,40,5,29401601,262,1,430,13499,
657.297,5197.37,51.4697,7.47,158.676,16.598,80.9649,1,0,-102,-11,2,38,40,5,29401601,262,1,430,13499,
658.31,5214.11,51.4697,7.47023,158.308,17.5349,81.7927,1,0,-102,-11,2,38,40,5,29401601,262,1,430,13499,
659.322,5230.87,51.4698,7.47047,157.898,16.6856,82.6691,1,4,-99,-10,2,41,42,5,29401601,262,1,430,13499,
660.301,5247.69,51.4698,7.47072,158.244,15.5737,84.3822,1,4,-99,-10,2,41,42,5,29401601,262,1,430,13499,
661.326,5263.2,51.4698,7.47094,158.581,14.5658,85.7494,1,2,-97,-9,2,43,43,5,29401601,262,1,430,13499,
662.305,5277.42,51.4698,7.47114,159.146,13.7824,86.1636,1,2,-97,-9,2,43,43,5,29401601,262,1,430,13499,
663.309,5292.13,51.4698,7.47136,159.642,13.6472,85.9286,1,4,-97,-9,2,43,44,5,29401601,262,1,430,13499,
664.31,5304.84,51.4698,7.47154,160.198,12.7778,87.2886,1,4,-97,-9,2,43,44,5,29401601,262,1,430,13499,
665.309,5317.87,51.4698,7.47173,160.995,12.9469,89.6275,1,4,-97,-9,2,43,44,5,29401601,262,1,430,13499,
666.316,5331.29,51.4698,7.47192,161.929,13.7425,91.6003,1,4,-97,-9,2,43,44,5,29401601,262,1,430,13499,
667.311,5345.17,51.4698,7.47212,162.665,14.6455,92.4616,1,2,-99,-10,2,41,43,5,29401601,262,1,430,13499,
668.307,5360.73,51.4698,7.47235,163.715,15.2475,94.2513,1,2,-99,-10,2,41,43,5,29401601,262,1,430,13499,
669.322,5375.83,51.4698,7.47256,164.509,15.2184,95.1534,1,7,-97,-8,2,43,42,5,31263232,262,1,162,13499,
670.291,5391.2,51.4698,7.47278,165.1,15.2251,96.2035,1,7,-97,-8,2,43,42,5,31263232,262,1,162,13499,
671.31,5407.05,51.4697,7.47301,165.402,15.5449,97.298,1,4,-97,-8,2,43,42,5,31263232,262,1,162,13499,
672.322,5422.37,51.4697,7.47323,165.785,15.9959,97.7945,1,4,-97,-8,2,43,42,5,31263232,262,1,162,13499,
673.318,5438.23,51.4697,7.47345,165.712,16.4169,98.551,1,-1,-98,-9,2,42,42,5,31263232,262,1,162,13499,
674.3,5454.85,51.4697,7.47369,165.413,17.0153,98.4727,1,-1,-98,-9,2,42,42,5,31263232,262,1,162,13499,
675.324,5471.23,51.4696,7.47392,164.987,16.5142,98.3925,1,0,-99,-10,2,41,43,5,31263232,262,1,162,13499,
676.305,5487.54,51.4696,7.47416,164.816,15.9313,98.0467,1,0,-99,-10,2,41,43,5,31263232,262,1,162,13499,
677.323,5503.51,51.4696,7.47438,165.226,15.4252,98.879,1,-3,-100,-11,2,40,43,5,31263232,262,1,162,13499,
678.296,5518.45,51.4696,7.4746,165.327,14.7363,98.3391,1,-3,-100,-11,2,40,43,5,31263232,262,1,162,13499,
679.342,5533.79,51.4695,7.47481,165.754,15.7999,98.1406,1,-3,-100,-11,2,40,43,5,31263232,262,1,162,13499,
680.31,5551.06,51.4695,7.47506,166.318,16.241,97.3791,1,-7,-101,-13,2,39,43,5,31263232,262,1,162,13499,
681.303,5567.18,51.4695,7.47529,167.021,16.2037,96.416,1,-7,-101,-13,2,39,43,5,31263232,262,1,162,13499,
682.303,5584.4,51.4695,7.47554,168.205,16.4333,96.9675,1,-4,-101,-13,2,39,42,5,29908736,262,1,196,13499,
683.324,5600.07,51.4695,7.47577,169.135,15.1105,95.3821,1,-4,-101,-13,2,39,42,5,29908736,262,1,196,13499,
684.296,5615.43,51.4695,7.47599,170.034,15.0684,94.3299,1,-5,-102,-15,2,38,44,5,26378497,262,1,496,13499,
685.304,5628.98,51.4695,7.47618,170.265,13.9347,92.853,1,-5,-102,-15,2,38,44,5,26378497,262,1,496,13499,
686.314,5641.99,51.4695,7.47637,170.704,13.7931,91.8191,1,-4,-101,-14,2,39,44,5,26378497,262,1,496,13499,
687.305,5655.96,51.4695,7.47657,171.207,13.8719,90.9139,1,-4,-101,-14,2,39,44,5,26378497,262,1,496,13499,
688.309,5671.03,51.4695,7.47679,172.53,14.4415,90.1973,1,-6,-101,-15,2,39,45,5,26378497,262,1,496,13499,
689.295,5686.25,51.4695,7.47701,173.561,14.3822,88.5393,1,-6,-101,-15,2,39,45,5,26378497,262,1,496,13499,
690.305,5701.8,51.4695,7.47723,174.916,14.8415,89.0312,1,-5,-101,-15,2,39,46,5,26378497,262,1,496,13499,
691.303,5717.17,51.4695,7.47746,175.998,14.326,88.1999,1,-5,-101,-15,2,39,46,5,26378497,262,1,496,13499,
692.296,5732.39,51.4695,7.47767,176.435,13.3183,87.0197,1,0,-98,-13,2,42,47,5,28368898,262,1,56,13499,
693.305,5744.62,51.4695,7.47785,176.831,11.8506,85.0741,1,0,-98,-13,2,42,47,5,28368898,262,1,56,13499,
694.318,5755.9,51.4695,7.47801,177.188,9.86685,83.1497,1,10,-101,-7,2,39,34,5,28903685,262,1,481,13499,
695.322,5765.99,51.4696,7.47815,177.189,8.89484,82.1112,1,10,-101,-7,2,39,34,5,28903685,262,1,481,13499,
696.313,5774.12,51.4696,7.47827,177.328,8.2019,80.7376,1,0,-94,-12,2,46,47,5,26378497,262,1,496,13499,
697.3,5782.58,51.4696,7.47839,177.711,8.96447,79.3625,1,0,-94,-12,2,46,47,5,26378497,262,1,496,13499,
698.305,5791.8,51.4696,7.47851,177.568,9.14109,78.8206,1,4,-94,-12,2,46,48,5,26378497,262,1,496,13499,
699.315,5800.48,51.4696,7.47863,177.391,8.74803,78.2281,1,4,-94,-12,2,46,48,5,26378497,262,1,496,13499,
700.314,5809.54,51.4697,7.47875,177.033,8.97089,79.0967,1,3,-93,-11,2,47,49,5,26378497,262,1,496,13499,
701.312,5818.8,51.4697,7.47888,176.511,9.6807,77.8403,1,3,-93,-11,2,47,49,5,26378497,262,1,496,13499,
702.495,5828.86,51.4697,7.47902,176.157,9.84663,77.0058,1,11,-90,-10,2,50,51,5,26378497,262,1,496,13499,
703.305,5837.19,51.4698,7.47913,175.399,10.2531,76.5277,1,11,-90,-10,2,50,51,5,26378497,262,1,496,13499,
704.3,5848.65,51.4698,7.47929,174.804,10.9092,75.5176,1,11,-90,-10,2,50,51,5,26378497,262,1,496,13499,
705.315,5859.62,51.4698,7.47944,174.08,11.4111,74.4673,1,11,-86,-7,12,54,50,7,26378497,262,1,496,13499,
706.314,5871.46,51.4699,7.4796,173.431,11.3876,73.4869,1,11,-86,-7,12,54,50,7,26378497,262,1,496,13499,
707.302,5884.12,51.4699,7.47977,172.941,11.8236,73.087,1,16,-78,-7,12,62,56,7,26378497,262,1,496,13499,
708.324,5895.86,51.4699,7.47993,172.33,12.4686,72.6973,1,16,-78,-7,12,62,56,7,26378497,262,1,496,13499,
709.314,5907.59,51.47,7.48009,171.84,12.5938,72.0832,1,10,-79,-7,15,61,56,7,26378497,262,1,496,13499,
710.314,5920.1,51.47,7.48026,171.431,12.344,71.3749,1,10,-79,-7,15,61,56,7,26378497,262,1,496,13499,
711.314,5934.09,51.47,7.48045,171.058,12.3146,71.2351,1,14,-85,-7,14,55,54,7,26378497,262,1,496,13499,
712.345,5946.3,51.4701,7.48062,170.64,12.1656,71.5126,1,14,-85,-7,14,55,54,7,26378497,262,1,496,13499,
713.31,5957.78,51.4701,7.48077,170.234,11.9214,70.5921,1,13,-88,-8,13,52,51,7,26378497,262,1,496,13499,
714.339,5968.47,51.4701,7.48092,169.914,11.5067,71.07,1,13,-88,-8,13,52,51,7,26378497,262,1,496,13499,
715.315,5980.31,51.4702,7.48108,169.666,11.0751,71.7362,1,12,-86,-6,15,54,51,7,26378497,262,1,496,13499,
716.309,5991.12,51.4702,7.48123,169.685,10.8464,70.911,1,12,-86,-6,15,54,51,7,26378497,262,1,496,13499,
717.303,6000.2,51.4702,7.48135,169.876,8.87727,72.1209,1,21,-86,-8,14,54,53,7,26378497,262,1,496,13499,
718.326,6009.31,51.4703,7.48148,169.942,7.69528,75.1789,1,21,-86,-8,14,54,53,7,26378497,262,1,496,13499,
719.312,6016.08,51.4702,7.48157,170.049,6.7194,116.63,1,21,-90,-8,7,50,48,7,26378497,262,1,496,13499,
720.311,6023.09,51.4702,7.48164,170.737,7.93342,144.143,1,21,-90,-8,7,50,48,7,26378497,262,1,496,13499,
721.322,6031.32,51.4701,7.48169,171.312,8.48906,161.766,1,7,-90,-7,15,50,48,7,26378497,262,1,496,13499,
722.316,6041.23,51.47,7.48174,171.789,8.01781,162.213,1,7,-90,-7,15,50,48,7,26378497,262,1,496,13499,
723.316,6049.92,51.47,7.48177,172.072,8.86702,162.937,1,6,-92,-9,7,48,49,7,26378497,262,1,496,13499,
724.301,6059.03,51.4699,7.4818,172.055,10.3831,163.808,1,6,-92,-9,7,48,49,7,26378497,262,1,496,13499,
725.318,6068.16,51.4698,7.48184,171.891,10.6307,164.219,1,4,-90,-8,6,50,49,7,26378497,262,1,496,13499,
726.309,6078.47,51.4697,7.48188,171.857,11.4542,164.874,1,4,-90,-8,6,50,49,7,26378497,262,1,496,13499,
727.329,6089.78,51.4696,7.48193,171.916,12.3419,164.102,1,6,-91,-7,11,49,48,7,26378497,262,1,496,13499,
728.309,6104.06,51.4695,7.48199,171.785,12.9764,164.588,1,6,-91,-7,11,49,48,7,26378497,262,1,496,13499,
729.308,6118.29,51.4694,7.48205,171.857,13.458,163.731,1,4,-91,-8,6,49,48,7,26378497,262,1,496,13499,
730.313,6131.72,51.4693,7.4821,171.722,12.692,164.714,1,4,-91,-8,6,49,48,7,26378497,262,1,496,13499,
731.336,6145.32,51.4691,7.48215,171.72,13.5021,165.49,1,5,-90,-10,7,50,51,7,26378497,262,1,496,13499,
732.303,6158.54,51.469,7.48219,171.794,13.5619,165.085,1,5,-90,-10,7,50,51,7,26378497,262,1,496,13499,
733.316,6171.58,51.4689,7.48223,171.935,13.5815,165.047,1,5,-90,-10,7,50,51,7,26378497,262,1,496,13499,
734.315,6185.46,51.4688,7.48228,172.031,12.5851,165.513,1,5,-93,-9,7,47,47,7,26378497,262,1,496,13499,
735.313,6200.02,51.4687,7.48233,172.138,13.1246,164.764,1,5,-93,-9,7,47,47,7,26378497,262,1,496,13499,
736.309,6213.77,51.4685,7.48237,171.995,14.0293,163.303,1,5,-94,-9,9,46,47,7,26378497,262,1,496,13499,
737.336,6227.68,51.4684,7.48243,171.65,14.1851,162.469,1,5,-94,-9,9,46,47,7,26378497,262,1,496,13499,
738.303,6242.52,51.4683,7.48248,171.75,14.279,163.102,1,6,-97,-12,4,43,47,7,26378497,262,1,496,13499,
739.307,6256.94,51.4682,7.48254,172.028,14.2233,164.185,1,6,-97,-12,4,43,47,7,26378497,262,1,496,13499,
740.307,6270.08,51.4681,7.48259,172.563,13.5595,164.579,1,2,-100,-10,8,40,42,7,26378497,262,1,496,13499,
741.317,6284.18,51.4679,7.48264,172.394,12.6702,164.165,1,2,-100,-10,8,40,42,7,26378497,262,1,496,13499,
742.301,6295.61,51.4678,7.48268,171.809,12.3108,165.52,1,1,-101,-11,8,39,40,7,26378497,262,1,496,13499,
743.312,6295.61,51.4708,7.48208,nan,12.3503,166.862,1,1,-101,-11,8,39,40,7,26378497,262,1,496,13499,
744.316,6295.61,51.4676,7.48274,171.198,12.1258,168.003,1,-1,-101,-13,6,39,43,20,28371200,262,1,68,13499,
745.321,6307.92,51.4675,7.48277,170.72,13.1205,169.477,1,-1,-101,-13,6,39,43,20,28371200,262,1,68,13499,
746.293,6322.89,51.4674,7.48279,170.551,14.0795,171.597,1,5,-101,-11,7,39,41,20,28371200,262,1,68,13499,
747.303,6336.59,51.4672,7.4828,170.236,13.6238,174.346,1,5,-101,-11,7,39,41,20,28371200,262,1,68,13499,
748.319,6350.67,51.4671,7.4828,170.041,13.9573,176.851,1,8,-99,-10,9,41,42,20,28371200,262,1,68,13499,
749.314,6365.11,51.467,7.4828,169.975,14.1267,178.88,1,8,-99,-10,9,41,42,20,28371200,262,1,68,13499,
750.33,6380.31,51.4669,7.48278,170.094,14.9244,181.472,1,4,-100,-9,9,40,40,20,28371200,262,1,68,13499,
751.293,6394.46,51.4667,7.48275,170.213,12.9849,185.575,1,4,-100,-9,9,40,40,20,28371200,262,1,68,13499,
752.31,6409.86,51.4666,7.4827,170.458,14.9857,187.703,1,1,-101,-10,5,39,41,20,28371200,262,1,68,13499,
753.311,6423.02,51.4665,7.48264,170.44,15.1467,190.145,1,1,-101,-10,5,39,41,20,28371200,262,1,68,13499,
754.315,6438.57,51.4663,7.48258,169.958,14.1127,192.293,1,5,-98,-11,6,42,44,20,28371200,262,1,68,13499,
755.302,6452.56,51.4662,7.48252,169.175,13.5252,193.114,1,5,-98,-11,6,42,44,20,28371200,262,1,68,13499,
756.295,6466.58,51.4661,7.48245,169.009,14.5906,195.317,1,-2,-100,-10,6,40,41,13,30492930,262,1,9,13499,
757.312,6480.39,51.466,7.48239,168.968,13.6577,196.983,1,-2,-100,-10,6,40,41,13,30492930,262,1,9,13499,
758.293,6494.8,51.4659,7.48231,168.918,15.2877,199.498,1,2,-108,-11,10,32,33,13,30492930,262,1,9,13499,
759.316,6510.42,51.4657,7.48221,168.603,15.7609,202.777,1,2,-108,-11,10,32,33,13,30492930,262,1,9,13499,
760.309,6524.82,51.4656,7.48213,168.178,14.2612,203.16,1,-1,-114,-14,5,26,31,13,30492930,262,1,9,13499,
761.288,6538.2,51.4655,7.48205,167.744,13.6685,203.492,1,-1,-114,-14,5,26,31,13,30492930,262,1,9,13499,
762.316,6552.29,51.4654,7.48196,166.317,13.2897,203.282,1,-1,-114,-14,5,26,31,13,30492930,262,1,9,13499,
763.325,6552.29,51.4681,7.49235,nan,14.4133,203.665,1,-4,-100,-13,6,40,44,13,30492930,262,1,9,13499,
764.303,6552.29,51.4652,7.48178,164.886,14.8242,203.191,1,-4,-100,-13,6,40,44,13,30492930,262,1,9,13499,
765.302,6565.31,51.4651,7.48169,164.388,14.9316,202.034,1,-2,-103,-13,6,37,40,13,30492930,262,1,9,13499,
766.296,6580.65,51.4649,7.4816,163.629,15.0917,200.765,1,-2,-103,-13,6,37,40,13,30492930,262,1,9,13499,
767.301,6595.77,51.4648,7.48151,163.503,15.0724,200.02,1,-2,-102,-10,6,38,40,15,26378497,262,1,496,13499,
768.301,6610.51,51.4647,7.48143,163.357,14.4568,199.299,1,-2,-102,-10,6,38,40,15,26378497,262,1,496,13499,
769.297,6625.22,51.4646,7.48136,163.565,13.7788,198.764,1,-1,-105,-12,6,35,38,15,26378497,262,1,496,13499,
770.312,6639.12,51.4644,7.48129,163.471,13.7299,198.171,1,-1,-105,-12,6,35,38,15,26378497,262,1,496,13499,
771.318,6653.24,51.4643,7.48123,163.437,13.542,197.363,1,-5,-109,-13,5,31,35,15,26378497,262,1,496,13499,
772.308,6665.16,51.4642,7.48118,163.104,12.9191,197.209,1,-5,-109,-13,5,31,35,15,26378497,262,1,496,13499,
773.312,6677.96,51.4641,7.48112,162.671,13.1571,196.494,1,-4,-106,-10,6,34,35,16,28371200,262,1,68,13499,
774.301,6690.53,51.464,7.48108,162.734,12.7386,196.46,1,-4,-106,-10,6,34,35,16,28371200,262,1,68,13499,
775.3,6703.11,51.4639,7.48103,162.514,12.5547,195.76,1,4,-106,-11,7,34,36,16,28371200,262,1,68,13499,
776.295,6716.85,51.4638,7.48097,162.401,13.097,195.995,1,4,-106,-11,7,34,36,16,28371200,262,1,68,13499,
777.303,6729.59,51.4637,7.48091,162.744,13.451,196.57,1,0,-111,-12,6,29,32,16,28371200,262,1,68,13499,
778.322,6744.16,51.4635,7.48085,163.078,13.463,197.364,1,0,-111,-12,6,29,32,16,28371200,262,1,68,13499,
779.293,6757.99,51.4634,7.4808,163.163,14.068,196.832,1,-4,-113,-14,4,27,34,16,28371200,262,1,68,13499,
780.313,6772.66,51.4633,7.48074,163.333,14.1184,196.448,1,-4,-113,-14,4,27,34,16,28371200,262,1,68,13499,
781.318,6787.29,51.4632,7.48067,163.493,13.8136,196.216,1,-3,-112,-14,5,28,33,15,28371206,262,1,68,13499,
782.311,6800.14,51.463,7.48062,163.336,13.1349,197.152,1,-3,-112,-14,5,28,33,15,28371206,262,1,68,13499,
783.336,6800.14,51.4661,7.48293,nan,12.6364,196.813,1,-3,-112,-14,5,28,33,15,28371206,262,1,68,13499,
784.297,6800.14,51.4628,7.48052,162.707,10.9689,195.871,1,4,-98,-11,8,42,36,15,28371206,262,1,129,13499,
785.297,6811.24,51.4628,7.48048,162.935,9.28577,196.592,1,4,-98,-11,8,42,36,15,28371206,262,1,129,13499,
786.294,6819.79,51.4627,7.48044,162.963,8.35002,196.149,1,4,-98,-11,8,42,36,15,28371206,262,1,129,13499,
787.292,6828.81,51.4626,7.48041,163.349,7.08706,196.674,1,4,-98,-11,8,42,36,15,28371206,262,1,129,13499,
788.302,6835.08,51.4625,7.48039,163.668,6.00115,196.238,1,0,-97,-11,8,43,37,15,28371206,262,1,129,13499,
789.354,6839.28,51.4625,7.48037,164.318,5.24328,196.132,1,0,-97,-11,8,43,37,15,28371206,262,1,129,13499,
790.313,6843.73,51.4625,7.48035,164.524,4.73113,195.786,1,1,-99,-10,8,41,35,15,28371206,262,1,129,13499,
791.311,6847.95,51.4624,7.48034,164.546,2.72889,196.692,1,1,-99,-10,8,41,35,15,28371206,262,1,129,13499,
792.295,6850.44,51.4624,7.48032,164.511,1.05684,193.578,1,1,-100,-10,7,40,34,15,28371206,262,1,129,13499,
793.302,6850.44,51.4624,7.48032,164.514,0,193.578,1,1,-100,-10,7,40,34,15,28371206,262,1,129,13499,
794.33,6850.44,51.4624,7.48032,164.517,0,193.578,1,0,-94,-7,6,46,37,25,29568778,262,1,353,13499,
795.303,6850.44,51.4624,7.48032,164.522,0,193.578,1,0,-94,-7,6,46,37,25,29568778,262,1,353,13499,
796.319,6850.44,51.4624,7.48032,164.529,0,193.578,1,5,-93,-7,10,47,37,25,29568778,262,1,353,13499,
797.304,6850.44,51.4624,7.48032,164.536,0,193.578,1,5,-93,-7,10,47,37,25,29568778,262,1,353,13499,
798.32,6850.44,51.4624,7.48032,164.546,0,193.578,1,7,-93,-7,6,47,38,25,29568778,262,1,353,13499,
799.303,6850.44,51.4624,7.48032,164.56,0,193.578,1,7,-93,-7,6,47,38,25,29568778,262,1,353,13499,
800.307,6850.44,51.4624,7.48032,164.574,0,193.578,1,5,-94,-7,7,46,38,25,29568778,262,1,353,13499,
801.31,6850.44,51.4624,7.48032,164.587,0,193.578,1,5,-94,-7,7,46,38,25,29568778,262,1,353,13499,
802.327,6850.44,51.4624,7.48032,164.599,0,193.578,1,8,-94,-7,10,46,37,25,29568778,262,1,353,13499,
803.298,6850.44,51.4622,7.48146,nan,0,193.578,1,8,-94,-7,10,46,37,25,29568778,262,1,353,13499,
804.328,6850.44,51.4624,7.48032,164.632,0,193.578,1,8,-94,-7,10,46,37,25,29568778,262,1,353,13499,
805.312,6850.44,51.4624,7.48032,164.656,0,193.578,1,8,-93,-7,7,47,37,25,29568778,262,1,353,13499,
806.306,6850.44,51.4624,7.48032,164.68,0,193.578,1,8,-93,-7,7,47,37,25,29568778,262,1,353,13499,
807.317,6850.44,51.4624,7.48032,164.704,0,193.578,1,8,-94,-7,7,46,37,25,29568778,262,1,353,13499,
808.3,6850.44,51.4624,7.48032,164.727,0,193.578,1,8,-94,-7,7,46,37,25,29568778,262,1,353,13499,
809.309,6850.44,51.4624,7.48032,164.748,0,193.578,1,9,-94,-8,2,46,39,25,29568778,262,1,353,13499,
810.296,6850.44,51.4624,7.48032,164.768,0,193.578,1,9,-94,-8,2,46,39,25,29568778,262,1,353,13499,
811.297,6850.44,51.4624,7.48032,164.786,0,193.578,1,1,-105,-11,2,35,34,25,28368390,262,1,211,13499,
812.309,6850.44,51.4624,7.48032,164.917,0,193.578,1,1,-105,-11,2,35,34,25,28368390,262,1,211,13499,
813.32,6850.44,51.4624,7.48032,165.009,0,193.578,1,2,-105,-10,2,35,34,25,28368390,262,1,211,13499,
814.304,6850.44,51.4624,7.48032,165.053,0,199.368,1,2,-105,-10,2,35,34,25,28368390,262,1,211,13499,
815.32,6850.44,51.4624,7.48032,165.091,0,198.419,1,-4,-104,-9,2,36,32,25,28368390,262,1,211,13499,
816.313,6858,51.4624,7.48027,165.139,2.4576,197.838,1,-4,-104,-9,2,36,32,25,28368390,262,1,211,13499,
817.314,6859.93,51.4623,7.48026,165.175,2.23591,196.565,1,-2,-106,-9,2,34,31,25,28368390,262,1,211,13499,
818.3,6862.38,51.4623,7.48024,165.175,1.96674,195.634,1,-2,-106,-9,2,34,31,25,28368390,262,1,211,13499,
819.302,6864.69,51.4623,7.48024,165.167,1.72975,195.638,1,-1,-108,-10,2,32,31,25,28368390,262,1,211,13499,
820.297,6865.67,51.4623,7.48024,165.159,0.641749,195.638,1,-1,-108,-10,2,32,31,25,28368390,262,1,211,13499,
821.296,6865.67,51.4623,7.48024,165.161,0,195.638,1,-4,-108,-10,2,32,31,25,28368390,262,1,211,13499,
822.298,6865.67,51.4623,7.48024,165.191,0,195.638,1,-4,-108,-10,2,32,31,25,28368390,262,1,211,13499,
823.302,6865.67,51.472,7.45324,nan,0,195.638,1,3,-109,-10,8,31,30,42,28368390,262,1,211,13499,
824.292,6865.67,51.4623,7.48024,165.192,0,195.638,1,3,-109,-10,8,31,30,42,28368390,262,1,211,13499,
825.314,6865.67,51.4623,7.48024,165.196,0,195.638,1,3,-109,-10,8,31,30,42,28368390,262,1,211,13499,
826.307,6865.67,51.4623,7.48024,165.201,0,195.638,1,2,-98,-8,10,42,36,26,29568778,262,1,353,13499,
827.303,6865.67,51.4623,7.48024,165.21,0,195.638,1,2,-98,-8,10,42,36,26,29568778,262,1,353,13499,
828.296,6865.67,51.4623,7.48024,165.22,0,195.638,1,7,-97,-8,9,43,36,26,29568778,262,1,353,13499,
829.307,6865.67,51.4623,7.48024,165.231,0,195.638,1,7,-97,-8,9,43,36,26,29568778,262,1,353,13499,
830.335,6865.67,51.4623,7.48024,165.243,0,195.638,1,8,-97,-8,10,43,35,26,29568778,262,1,353,13499,
831.378,6865.67,51.4623,7.48024,165.254,0,195.638,1,8,-97,-8,10,43,35,26,29568778,262,1,353,13499,
832.318,6865.67,51.4623,7.48024,165.265,0,195.638,1,7,-97,-9,10,43,36,26,29568778,262,1,353,13499,
833.309,6865.67,51.4623,7.48024,165.274,0,195.638,1,7,-97,-9,10,43,36,26,29568778,262,1,353,13499,
834.306,6865.67,51.4623,7.48024,165.282,0,195.638,1,7,-97,-9,6,43,36,26,29568778,262,1,353,13499,
835.312,6865.67,51.4623,7.48024,165.288,0,195.638,1,7,-97,-9,6,43,36,26,29568778,262,1,353,13499,
836.326,6865.67,51.4623,7.48024,165.297,0,195.638,1,7,-98,-9,10,42,35,26,29568778,262,1,353,13499,
837.329,6865.67,51.4623,7.48024,165.305,0,195.638,1,7,-98,-9,10,42,35,26,29568778,262,1,353,13499,
838.31,6865.67,51.4623,7.48024,165.366,0,195.638,1,5,-99,-10,9,41,32,26,29568778,262,1,353,13499,
839.31,6869.95,51.4623,7.48023,165.459,0,185.353,1,5,-99,-10,9,41,32,26,29568778,262,1,353,13499,
840.309,6869.95,51.4623,7.48023,166.65,0,188.892,1,-3,-100,-10,6,40,32,26,29568778,262,1,353,13499,
841.321,6879.72,51.4622,7.4802,167.286,5.06319,191.615,1,-3,-100,-10,6,40,32,26,29568778,262,1,353,13499,
842.312,6885.49,51.4621,7.48019,167.684,4.90322,190.862,1,5,-97,-9,6,43,35,26,29568778,262,1,353,13499,
843.313,6885.49,51.4633,7.4809,nan,5.02792,159.381,1,5,-97,-9,6,43,35,26,29568778,262,1,353,13499,
844.313,6885.49,51.462,7.48028,168.839,5.01233,120.503,1,4,-99,-11,7,41,35,26,29568778,262,1,353,13499,
845.319,6889.76,51.462,7.48034,169.381,6.49691,100.459,1,4,-99,-11,7,41,35,26,29568778,262,1,353,13499,
846.307,6894.55,51.462,7.48041,170.064,7.57933,98.2035,1,7,-100,-9,8,40,32,26,29568778,262,1,353,13499,
847.311,6902.93,51.462,7.48053,170.433,9.03923,94.8752,1,7,-100,-9,8,40,32,26,29568778,262,1,353,13499,
848.32,6912.07,51.462,7.48066,170.795,9.53737,92.5944,1,4,-102,-11,6,38,33,26,29568778,262,1,353,13499,
849.321,6923.81,51.462,7.48083,171.133,10.0539,92.0168,1,4,-102,-11,6,38,33,26,29568778,262,1,353,13499,
850.31,6936.01,51.462,7.481,171.862,10.2381,93.5042,1,4,-102,-11,6,38,33,26,29568778,262,1,353,13499,
851.301,6944.76,51.462,7.48113,172.845,10.0774,91.5692,1,6,-99,-9,5,41,34,26,29568778,262,1,353,13499,
852.307,6955.08,51.462,7.48128,173.825,10.8562,90.7952,1,6,-99,-9,5,41,34,26,29568778,262,1,353,13499,
853.301,6966.16,51.462,7.48144,174.591,11.8128,90.5757,1,-1,-103,-12,2,37,31,26,29568778,262,1,353,13499,
854.297,6977.75,51.462,7.48161,175.05,12.1681,89.6329,1,-1,-103,-12,2,37,31,26,29568778,262,1,353,13499,
855.302,6991.53,51.462,7.48181,175.395,12.9902,90.452,1,-3,-109,-14,2,31,31,26,29568778,262,1,353,13499,
856.306,7003.96,51.462,7.48199,175.566,12.6137,90.9907,1,-3,-109,-14,2,31,31,26,29568778,262,1,353,13499,
857.303,7016.04,51.462,7.48216,175.845,11.9616,91.395,1,-2,-107,-13,2,33,30,26,29568778,262,1,353,13499,
858.322,7027.86,51.462,7.48233,176.469,11.6512,91.7733,1,-2,-107,-13,2,33,30,26,29568778,262,1,353,13499,
859.3,7040.15,51.462,7.48251,176.815,12.1675,91.2915,1,-3,-106,-13,2,34,31,26,29568778,262,1,353,13499,
860.314,7051.72,51.462,7.48268,177.306,11.6794,90.7276,1,-3,-106,-13,2,34,31,26,29568778,262,1,353,13499,
861.307,7063.44,51.462,7.48284,177.828,11.6113,90.3922,1,5,-111,-13,2,29,32,26,26378497,262,1,496,13499,
862.31,7075.28,51.462,7.48302,178.172,11.7899,89.9806,1,5,-111,-13,2,29,32,26,26378497,262,1,496,13499,
863.303,7075.28,51.4708,7.48208,nan,11.9576,89.3845,1,10,-106,-10,2,34,35,26,26378497,262,1,496,13499,
864.302,7075.28,51.462,7.48335,179.651,9.06578,92.4222,1,10,-106,-10,2,34,35,26,26378497,262,1,496,13499,
865.332,7087.93,51.462,7.48353,180.108,12.3937,90.6972,1,4,-104,-10,2,36,37,26,26378497,262,1,496,13499,
866.32,7100.27,51.462,7.48371,180.342,11.8259,87.9537,1,4,-104,-10,2,36,37,26,26378497,262,1,496,13499,
867.316,7111.28,51.462,7.48387,180.669,10.4826,87.9554,1,-5,-105,-10,2,35,36,26,26378497,262,1,496,13499,
868.308,7120.52,51.462,7.48401,181.087,8.91247,91.8601,1,-5,-105,-10,2,35,36,26,26378497,262,1,496,13499,
869.302,7128.47,51.462,7.48411,180.985,7.72754,123.199,1,6,-107,-11,2,33,36,26,28371200,262,1,68,13499,
870.307,7137.45,51.4619,7.4842,180.773,8.34724,143.447,1,6,-107,-11,2,33,36,26,28371200,262,1,68,13499,
871.318,7146.2,51.4618,7.48424,181.47,8.77572,162.622,1,9,-104,-11,2,36,38,26,28371200,262,1,68,13499,
872.291,7156.72,51.4618,7.48429,182.267,10.3224,163.31,1,9,-104,-11,2,36,38,26,28371200,262,1,68,13499,
873.334,7169.03,51.4617,7.48433,182.856,10.0729,163.785,1,5,-97,-9,2,43,42,26,28371200,262,1,68,13499,
874.324,7180.16,51.4616,7.48438,183.592,10.4306,164.285,1,5,-97,-9,2,43,42,26,28371200,262,1,68,13499,
875.336,7192.3,51.4614,7.48441,183.957,12.5544,166.158,1,5,-97,-9,2,43,42,26,28371200,262,1,68,13499,
876.299,7205.18,51.4613,7.48446,183.803,13.0127,168.068,1,7,-96,-8,2,44,43,26,28371200,262,1,68,13499,
877.326,7220.09,51.4612,7.48449,183.714,14.4822,169.476,1,7,-96,-8,2,44,43,26,28371200,262,1,68,13499,
878.3,7236.38,51.4611,7.48453,184.077,14.7954,171.073,1,4,-96,-8,2,44,42,26,28371200,262,1,68,13499,
879.301,7252.59,51.4609,7.48455,184.919,15.7127,172.869,1,4,-96,-8,2,44,42,26,28371200,262,1,68,13499,
880.295,7268.49,51.4608,7.48457,185.279,15.51,175.052,1,4,-97,-9,2,43,43,26,28371200,262,1,68,13499,
881.311,7284.3,51.4606,7.48458,185.86,15.7213,176.809,1,4,-97,-9,2,43,43,26,28371200,262,1,68,13499,
882.302,7301.33,51.4605,7.48458,186.59,15.9446,178.367,1,0,-95,-9,2,45,45,26,28371200,262,1,68,13499,
883.307,7301.33,51.4631,7.48297,nan,16.1598,180.349,1,0,-95,-9,2,45,45,26,28371200,262,1,68,13499,
884.306,7301.33,51.4602,7.48456,187.937,15.9951,182.125,1,0,-98,-12,2,42,45,26,28371200,262,1,68,13499,
885.309,7318.07,51.46,7.48454,188.643,16.0245,183.619,1,0,-98,-12,2,42,45,26,28371200,262,1,68,13499,
886.321,7335.74,51.4599,7.4845,189.481,15.9655,185.105,1,-2,-102,-13,2,38,42,26,28371200,262,1,68,13499,
887.315,7350.97,51.4597,7.48447,190.252,15.5437,186.316,1,-2,-102,-13,2,38,42,26,28371200,262,1,68,13499,
888.309,7366.74,51.4596,7.48443,191.053,15.2006,187.681,1,-7,-104,-13,2,36,40,26,28371200,262,1,68,13499,
889.298,7381.34,51.4595,7.48437,191.463,15.2745,188.781,1,-7,-104,-13,2,36,40,26,28371200,262,1,68,13499,
890.291,7396.22,51.4593,7.48433,191.896,15.3987,189.667,1,2,-109,-15,2,31,37,26,28371200,262,1,68,13499,
891.306,7411.86,51.4592,7.48428,192.599,15.4909,190.258,1,2,-109,-15,2,31,37,26,28371200,262,1,68,13499,
892.315,7427.73,51.4591,7.48423,193.487,14.6244,190.852,1,-4,-107,-14,2,33,38,26,28371200,262,1,68,13499,
893.309,7443.42,51.4589,7.48419,194.068,14.4151,191.389,1,-4,-107,-14,2,33,38,26,28371200,262,1,68,13499,
894.317,7459.58,51.4588,7.48414,194.467,14.0497,192.152,1,-3,-107,-14,2,33,38,26,28371200,262,1,68,13499,
895.283,7473.02,51.4587,7.48409,194.949,12.5981,191.829,1,-3,-107,-14,2,33,38,26,28371200,262,1,68,13499,
896.302,7487.52,51.4585,7.48405,195.987,11.9842,192.823,1,-4,-104,-13,5,36,40,8,28371200,262,1,68,13499,
897.297,7500.89,51.4584,7.484,197.07,11.9675,192.456,1,-4,-104,-13,5,36,40,8,28371200,262,1,68,13499,
898.316,7512.08,51.4583,7.48396,197.986,12.3174,192.01,1,1,-102,-12,4,38,41,8,28371200,262,1,68,13499,
899.315,7523.45,51.4582,7.48393,198.817,11.2438,192.769,1,1,-102,-12,4,38,41,8,28371200,262,1,68,13499,
900.339,7535.55,51.4581,7.48389,199.55,11.8819,191.872,1,5,-97,-11,8,43,46,8,28371200,262,1,68,13499,
901.292,7549.04,51.458,7.48385,200.071,13.131,190.972,1,5,-97,-11,8,43,46,8,28371200,262,1,68,13499,
902.301,7561.64,51.4579,7.48382,201.166,13.7738,191.441,1,5,-97,-11,8,43,46,8,28371200,262,1,68,13499,
903.297,7561.64,51.4631,7.48297,nan,14.6423,191.053,1,2,-95,-8,7,45,45,8,28371200,262,1,68,13499,
904.303,7561.64,51.4576,7.48373,203.347,14.8102,191.415,1,2,-95,-8,7,45,45,8,28371200,262,1,68,13499,
905.332,7577.08,51.4575,7.48369,204.255,14.561,191.753,1,4,-94,-10,8,46,47,8,28371200,262,1,68,13499,
906.327,7593.66,51.4573,7.48364,205.172,15.2769,191.126,1,4,-94,-10,8,46,47,8,28371200,262,1,68,13499,
907.319,7610.1,51.4572,7.48359,205.99,16.0765,191.638,1,5,-94,-9,8,46,47,8,28371200,262,1,68,13499,
908.316,7627.76,51.457,7.48354,206.624,16.5341,190.736,1,5,-94,-9,8,46,47,8,28371200,262,1,68,13499,
909.328,7643.7,51.4569,7.48349,207.374,16.3856,190.609,1,1,-97,-12,7,43,47,8,28371200,262,1,68,13499,
910.314,7660.27,51.4567,7.48344,207.916,16.1986,191.004,1,1,-97,-12,7,43,47,8,28371200,262,1,68,13499,
911.312,7676.79,51.4566,7.48339,208.438,16.1342,190.674,1,1,-88,-9,2,52,52,8,28371200,262,1,68,13499,
912.305,7693.54,51.4565,7.48335,209.18,16.1584,189.868,1,1,-88,-9,2,52,52,8,28371200,262,1,68,13499,
913.318,7708.53,51.4563,7.48332,209.987,15.9029,189.375,1,-2,-90,-11,2,50,53,8,28371200,262,1,68,13499,
914.31,7723.69,51.4562,7.48329,210.704,15.8816,188.644,1,-2,-90,-11,2,50,53,8,28371200,262,1,68,13499,
915.308,7739.16,51.456,7.48326,211.522,15.8733,187.62,1,7,-93,-11,2,47,49,8,28371202,262,1,67,13499,
916.311,7754.66,51.4559,7.48324,212.335,15.9291,186.177,1,7,-93,-11,2,47,49,8,28371202,262,1,67,13499,
917.304,7770.41,51.4558,7.48323,213.024,16.3881,184.405,1,14,-92,-10,2,48,49,8,28371202,262,1,67,13499,
918.323,7786.43,51.4556,7.48323,213.387,16.2758,182.572,1,14,-92,-10,2,48,49,8,28371202,262,1,67,13499,
919.291,7801.98,51.4555,7.48324,214.076,15.8866,179.974,1,14,-92,-10,2,48,49,8,28371202,262,1,67,13499,
920.331,7818.49,51.4553,7.48327,214.704,16.6624,178.047,1,13,-92,-10,2,48,49,8,28371202,262,1,67,13499,
921.324,7834.93,51.4552,7.4833,214.94,17.1426,176.391,1,13,-92,-10,2,48,49,8,28371202,262,1,67,13499,
922.315,7849.81,51.4551,7.48334,215.423,16.4212,174.092,1,14,-91,-9,2,49,49,8,28371202,262,1,67,13499,
923.311,7849.81,51.4535,7.48459,nan,16.1592,171.303,1,14,-91,-9,2,49,49,8,28371202,262,1,67,13499,
924.297,7849.81,51.4548,7.48344,217.63,16.2825,168.342,1,18,-89,-8,2,51,51,8,28371202,262,1,67,13499,
925.306,7865.76,51.4546,7.48352,218.631,15.9121,165.656,1,18,-89,-8,2,51,51,8,28371202,262,1,67,13499,
926.319,7883.2,51.4545,7.48361,219.553,16.1388,162.63,1,17,-88,-8,2,52,52,8,28371202,262,1,67,13499,
927.294,7900.13,51.4543,7.48371,220.39,15.2475,159.601,1,17,-88,-8,2,52,52,8,28371202,262,1,67,13499,
928.297,7915.19,51.4542,7.48381,221.477,14.1797,156.351,1,13,-89,-9,2,51,52,8,28371202,262,1,67,13499,
929.311,7929.18,51.4541,7.48392,222.85,13.8563,153.005,1,13,-89,-9,2,51,52,8,28371202,262,1,67,13499,
930.298,7942.53,51.454,7.48403,223.919,12.6998,150.084,1,10,-92,-9,2,48,49,8,28371202,262,1,67,13499,
931.302,7954.86,51.4539,7.48414,224.834,12.0071,147.836,1,10,-92,-9,2,48,49,8,28371202,262,1,67,13499,
932.316,7967.69,51.4538,7.48426,225.688,11.9099,144.701,1,12,-92,-9,2,48,49,8,28371202,262,1,67,13499,
933.319,7981.82,51.4538,7.48439,227.014,13.0868,142.591,1,12,-92,-9,2,48,49,8,28371202,262,1,67,13499,
934.309,7996.95,51.4536,7.48454,228.351,14.5092,141.247,1,9,-92,-9,2,48,49,8,28371202,262,1,67,13499,
935.319,8012.1,51.4535,7.48468,229.317,14.6628,140.241,1,9,-92,-9,2,48,49,8,28371202,262,1,67,13499,
936.316,8028.76,51.4534,7.48485,230.138,16.0855,138.847,1,19,-91,-10,2,49,51,8,28371202,262,1,67,13499,
937.314,8045.06,51.4533,7.48501,230.601,16.2804,137.176,1,19,-91,-10,2,49,51,8,28371202,262,1,67,13499,
938.298,8061.72,51.4532,7.48518,230.807,16.8409,135.856,1,22,-87,-9,2,53,54,8,28371202,262,1,67,13499,
939.296,8078.32,51.4531,7.48536,231.094,17.0687,135.026,1,22,-87,-9,2,53,54,8,28371202,262,1,67,13499,
940.298,8094.19,51.453,7.48553,231.088,16.4836,134.448,1,17,-85,-9,2,55,55,8,28371202,262,1,67,13499,
941.306,8110.05,51.4529,7.48571,231.033,15.7817,133.678,1,17,-85,-9,2,55,55,8,28371202,262,1,67,13499,
942.312,8124.67,51.4529,7.48587,230.791,15.6281,133.244,1,21,-84,-10,2,56,57,8,28371202,262,1,67,13499,
943.315,8124.67,51.4535,7.48459,nan,15.5093,133.856,1,21,-84,-10,2,56,57,8,28371202,262,1,67,13499,
944.305,8124.67,51.4527,7.4862,230.24,15.5925,135.353,1,21,-84,-10,2,56,57,8,28371202,262,1,67,13499,
945.313,8139.49,51.4526,7.48635,230.24,15.2158,137.387,1,14,-84,-9,2,56,56,8,28371202,262,1,67,13499,
946.311,8154.21,51.4525,7.48649,230.483,15.2672,139.172,1,14,-84,-9,2,56,56,8,28371202,262,1,67,13499,
947.315,8168.36,51.4524,7.48662,230.856,14.989,140.8,1,24,-84,-8,2,56,57,8,28371202,262,1,67,13499,
948.31,8183.31,51.4523,7.48675,231.652,15.0713,143.357,1,24,-84,-8,2,56,57,8,28371202,262,1,67,13499,
949.311,8197.98,51.4522,7.48688,232.911,15.2616,145.213,1,23,-84,-9,2,56,57,8,28371202,262,1,67,13499,
950.324,8213.09,51.452,7.487,233.931,15.2705,147.407,1,23,-84,-9,2,56,57,8,28371202,262,1,67,13499,
951.307,8228.26,51.4519,7.48711,234.642,15.4316,148.772,1,22,-85,-9,2,55,56,8,28371202,262,1,67,13499,
952.498,8243.29,51.4518,7.48721,235.54,14.9902,151.003,1,22,-85,-9,2,55,56,8,28371202,262,1,67,13499,
953.31,8259.23,51.4517,7.48731,236.647,15.4235,153.18,1,20,-87,-9,10,53,54,4,28371202,262,1,67,13499,
954.314,8274.37,51.4516,7.48741,237.683,15.0197,154.571,1,20,-87,-9,10,53,54,4,28371202,262,1,67,13499,
955.31,8288.33,51.4514,7.48749,239.059,13.787,156.433,1,16,-87,-8,11,53,53,4,28371202,262,1,67,13499,
956.299,8302.73,51.4513,7.48757,240.565,14.6569,157.193,1,16,-87,-8,11,53,53,4,28371202,262,1,67,13499,
957.302,8318.04,51.4512,7.48765,241.949,15.3868,157.694,1,8,-91,-10,9,49,52,4,28371202,262,1,67,13499,
958.328,8331.99,51.4511,7.48772,242.428,14.7539,158.354,1,8,-91,-10,9,49,52,4,28371202,262,1,67,13499,
959.331,8345.57,51.451,7.48779,242.461,14.4804,158.969,1,17,-91,-10,9,49,50,4,28371202,262,1,67,13499,
