0.243,0,51.45,7.48823,254.966,10.1321,172.488,1,9,-95,-8,2,45,45,7,28371202,262,1,67,13499,
1.391,10.0636,51.4499,7.48826,254.678,11.2643,172.092,1,3,-98,-10,11,42,44,7,28371202,262,1,67,13499,
2.445,22.9169,51.4498,7.4883,254.121,11.6194,171.618,1,3,-98,-10,11,42,44,7,28371202,262,1,67,13499,
3.494,36.3239,51.4497,7.48833,253.275,12.8983,172.518,1,6,-97,-8,8,43,43,7,28371202,262,1,67,13499,
4.501,49.2588,51.4496,7.48836,252.68,13.4879,173.689,1,6,-97,-8,8,43,43,7,28371202,262,1,67,13499,
5.522,63.1229,51.4494,7.48838,251.935,14.6528,175.056,1,11,-99,-10,6,41,43,7,28371202,262,1,67,13499,
6.526,77.8344,51.4493,7.4884,251.385,14.7471,176.484,1,11,-99,-10,6,41,43,7,28371202,262,1,67,13499,
7.521,92.8565,51.4492,7.48842,251.03,15.0611,177.448,1,8,-100,-10,6,40,41,7,28371202,262,1,67,13499,
8.511,107.592,51.449,7.48841,250.711,15.3762,180.732,1,8,-100,-10,6,40,41,7,28371202,262,1,67,13499,
9.512,123.791,51.4489,7.48839,251.149,16.9291,183.855,1,4,-101,-12,8,39,42,7,28371202,262,1,67,13499,
10.52,139.809,51.4488,7.48836,251.128,16.4698,186.625,1,4,-101,-12,8,39,42,7,28371202,262,1,67,13499,
11.503,155.813,51.4486,7.48832,250.681,15.8539,189.125,1,4,-104,-12,6,36,40,7,28371202,262,1,67,13499,
12.502,172.173,51.4485,7.48827,250.762,16.2986,190.97,1,4,-104,-12,6,36,40,7,28371202,262,1,67,13499,
13.513,189.223,51.4483,7.48821,250.978,16.0509,192.021,1,-1,-106,-12,7,34,36,7,28371202,262,1,67,13499,
14.512,205.48,51.4482,7.48814,251.489,16.8046,192.909,1,-1,-106,-12,7,34,36,7,28371202,262,1,67,13499,
15.494,221.465,51.448,7.48806,251.934,16.4218,193.391,1,-3,-106,-10,6,34,35,9,27771909,262,1,151,13499,
16.518,237.247,51.4479,7.488,252.358,15.7708,192.912,1,-3,-106,-10,6,34,35,9,27771909,262,1,151,13499,
17.514,252.091,51.4478,7.48796,252.958,14.8095,191.977,1,1,-105,-10,8,35,36,9,27771909,262,1,151,13499,
18.523,269.196,51.4476,7.48791,253.243,14.3724,190.119,1,1,-105,-10,8,35,36,9,27771909,262,1,151,13499,
19.493,285.885,51.4475,7.48788,253.587,15.4589,186.747,1,3,-105,-10,7,35,37,9,27771909,262,1,151,13499,
20.517,301.132,51.4473,7.48787,253.493,15.398,183.679,1,3,-105,-10,7,35,37,9,27771909,262,1,151,13499,
21.528,317.228,51.4472,7.48788,253.533,16.4499,179.784,1,7,-102,-8,8,38,37,9,27771909,262,1,151,13499,
22.512,333.352,51.4471,7.4879,254.096,16.3392,175.965,1,7,-102,-8,8,38,37,9,27771909,262,1,151,13499,
23.491,349.247,51.4469,7.48795,254.893,15.6984,172.118,1,3,-106,-11,7,34,36,9,27771909,262,1,151,13499,
24.516,366.121,51.4468,7.488,255.829,16.0471,168.971,1,3,-106,-11,7,34,36,9,27771909,262,1,151,13499,
25.526,381.225,51.4466,7.48807,256.33,15.3273,165.827,1,2,-106,-10,7,34,34,9,27771909,262,1,151,13499,
26.51,396.054,51.4465,7.48814,257.012,16.0652,163.808,1,2,-106,-10,7,34,34,9,27771909,262,1,151,13499,
27.505,411.301,51.4464,7.48822,257.639,15.6399,160.82,1,2,-106,-10,7,34,34,9,27771909,262,1,151,13499,
28.494,425.81,51.4463,7.48832,258.774,14.622,157.026,1,4,-102,-10,8,38,39,9,27771909,262,1,151,13499,
29.493,439.39,51.4462,7.48845,259.947,13.6935,144.119,1,4,-102,-10,8,38,39,9,27771909,262,1,151,13499,
30.499,453.683,51.4461,7.48858,261.235,13.0068,143.474,1,1,-104,-12,2,36,38,9,27771909,262,1,151,13499,
31.494,468.468,51.446,7.48872,262.647,12.9414,141.574,1,1,-104,-12,2,36,38,9,27771909,262,1,151,13499,
32.507,483.487,51.4459,7.48887,264.22,12.9891,139.159,1,-3,-102,-10,2,38,40,9,28371201,262,1,66,13499,
33.527,497.85,51.4458,7.48902,265.856,13.0398,136.978,1,-3,-102,-10,2,38,40,9,28371201,262,1,66,13499,
34.522,512.061,51.4457,7.48917,267.019,13.2023,135.655,1,4,-102,-11,2,38,39,9,28371201,262,1,66,13499,
35.499,525.348,51.4456,7.48932,267.977,12.5088,133.805,1,4,-102,-11,2,38,39,9,28371201,262,1,66,13499,
36.511,538.244,51.4456,7.48947,268.87,11.8469,131.68,1,5,-105,-11,2,35,37,9,28371201,262,1,66,13499,
37.517,549.587,51.4455,7.4896,269.294,10.7657,130.155,1,5,-105,-11,2,35,37,9,28371201,262,1,66,13499,
38.505,559.929,51.4454,7.48972,269.572,10.5739,128.936,1,5,-103,-10,2,37,37,9,28371201,262,1,66,13499,
39.51,572.008,51.4454,7.48986,270.197,10.2573,128.088,1,5,-103,-10,2,37,37,9,28371201,262,1,66,13499,
40.519,581.241,51.4453,7.48997,270.783,9.5636,127.645,1,7,-103,-10,2,37,38,9,28371201,262,1,66,13499,
41.504,590.193,51.4453,7.49008,271.047,8.81852,127.228,1,7,-103,-10,2,37,38,9,28371201,262,1,66,13499,
42.504,599.989,51.4452,7.4902,271.499,8.07926,126.61,1,5,-104,-11,2,36,38,9,28371201,262,1,66,13499,
43.512,608.125,51.4452,7.4903,271.737,8.25403,127.301,1,5,-104,-11,2,36,38,9,28371201,262,1,66,13499,
44.494,615.75,51.4452,7.49039,272.099,7.85023,125.874,1,-3,-105,-11,2,35,38,9,28371201,262,1,66,13499,
45.518,622.807,51.4451,7.49048,272.984,6.69143,124.29,1,-3,-105,-11,2,35,38,9,28371201,262,1,66,13499,
46.498,628.298,51.4451,7.49055,274.022,5.84694,127.922,1,1,-105,-11,2,35,37,9,28371201,262,1,66,13499,
47.507,634.569,51.4451,7.49062,275.044,5.70979,127.956,1,1,-105,-11,2,35,37,9,28371201,262,1,66,13499,
48.514,641.704,51.445,7.4907,275.492,4.93956,128.673,1,5,-106,-11,2,34,35,9,28371201,262,1,66,13499,
49.515,644.613,51.445,7.49074,275.53,4.16606,128.846,1,5,-106,-11,2,34,35,9,28371201,262,1,66,13499,
50.521,649.908,51.445,7.4908,275.558,3.76001,126.971,1,5,-106,-11,2,34,35,9,28371201,262,1,66,13499,
51.508,654.515,51.445,7.49085,275.565,3.66707,127.575,1,-2,-106,-11,2,34,36,9,28371201,262,1,66,13499,
52.526,659.023,51.4449,7.4909,275.555,2.98365,129.269,1,-2,-106,-11,2,34,36,9,28371201,262,1,66,13499,
53.507,660.896,51.4449,7.49092,275.575,1.86599,128.568,1,1,-106,-10,2,34,36,9,28371201,262,1,66,13499,
54.511,663.821,51.4449,7.49095,275.588,1.56056,128.451,1,1,-106,-10,2,34,36,9,28371201,262,1,66,13499,
55.509,664.944,51.4449,7.49096,275.588,1.26588,127.177,1,1,-106,-10,2,34,36,9,28371201,262,1,66,13499,
56.517,665.418,51.4449,7.49097,275.588,0.50978,127.177,1,1,-106,-10,2,34,36,9,28371201,262,1,66,13499,
57.509,665.418,51.4449,7.49097,275.581,0,127.177,1,1,-107,-11,2,33,35,9,28371201,262,1,66,13499,
58.515,665.418,51.4449,7.49097,275.571,0,127.177,1,1,-107,-11,2,33,35,9,28371201,262,1,66,13499,
59.519,665.418,51.4449,7.49097,275.561,0,127.177,1,3,-107,-10,2,33,34,9,27771907,262,1,150,13499,
60.502,665.418,51.4449,7.49097,275.551,0,127.177,1,3,-107,-10,2,33,34,9,27771907,262,1,150,13499,
61.505,665.418,51.4449,7.49097,275.54,0,127.177,1,3,-106,-8,2,34,33,9,27771907,262,1,150,13499,
62.494,665.418,51.4449,7.49097,275.529,0,127.177,1,3,-106,-8,2,34,33,9,27771907,262,1,150,13499,
63.496,665.418,51.4449,7.49097,275.518,0,127.177,1,1,-106,-9,2,34,33,9,27771907,262,1,150,13499,
64.503,665.418,51.4449,7.49097,275.505,0,127.177,1,1,-106,-9,2,34,33,9,27771907,262,1,150,13499,
65.518,665.418,51.4449,7.49097,275.393,0,127.177,1,2,-106,-9,2,34,33,9,27771907,262,1,150,13499,
66.545,665.418,51.4449,7.49097,275.323,0,127.177,1,2,-106,-9,2,34,33,9,27771907,262,1,150,13499,
67.509,665.418,51.4449,7.49097,275.254,0,127.857,1,1,-107,-9,2,33,34,9,27771907,262,1,150,13499,
68.539,672.397,51.4449,7.49105,274.556,0,127.489,1,1,-107,-9,2,33,34,9,27771907,262,1,150,13499,
69.517,678.098,51.4448,7.49111,274.196,5.83653,128.015,1,1,-107,-9,2,33,34,9,27771907,262,1,150,13499,
70.532,684.852,51.4448,7.49119,273.943,7.32394,127.39,1,3,-108,-10,2,32,33,9,27771907,262,1,150,13499,
71.514,690.906,51.4448,7.49126,273.951,7.49487,128.003,1,3,-108,-10,2,32,33,9,27771907,262,1,150,13499,
72.521,698.946,51.4447,7.49136,274.005,7.26207,127.442,1,2,-108,-10,2,32,33,9,27771907,262,1,150,13499,
73.509,705.983,51.4447,7.49144,274.214,7.07946,126.845,1,2,-108,-10,2,32,33,9,27771907,262,1,150,13499,
74.535,713.415,51.4447,7.49153,274.323,6.96902,127.427,1,4,-108,-10,2,32,32,9,27771907,262,1,150,13499,
75.51,720.514,51.4446,7.49162,274.615,6.79294,127.788,1,4,-108,-10,2,32,32,9,27771907,262,1,150,13499,
76.521,726.835,51.4446,7.49167,274.678,6.03371,148.484,1,5,-108,-9,2,32,31,9,27771907,262,1,150,13499,
77.512,733.584,51.4445,7.4917,274.342,6.17204,171.16,1,5,-108,-9,2,32,31,9,27771907,262,1,150,13499,
78.514,739.041,51.4445,7.49168,274.672,6.05429,195.538,1,16,-106,-9,2,34,34,9,27771907,262,1,150,13499,
79.511,745.3,51.4444,7.49164,274.874,7.61949,209.54,1,16,-106,-9,2,34,34,9,27771907,262,1,150,13499,
80.518,753.912,51.4443,7.49158,274.727,9.09159,211.412,1,20,-103,-8,2,37,37,9,27771907,262,1,150,13499,
81.507,762.689,51.4443,7.49151,274.664,10.0883,213.328,1,20,-103,-8,2,37,37,9,27771907,262,1,150,13499,
82.504,773.867,51.4442,7.49142,274.978,10.8787,214.248,1,15,-96,-7,2,44,43,9,27771907,262,1,150,13499,
83.52,785.226,51.4441,7.49132,275.337,11.8689,214.945,1,15,-96,-7,2,44,43,9,27771907,262,1,150,13499,
84.524,797.003,51.444,7.49122,275.497,12.4048,214.167,1,22,-88,-6,14,52,50,5,27771907,262,1,150,13499,
85.64,809.688,51.4439,7.49112,275.203,11.8782,214.718,1,22,-88,-6,14,52,50,5,27771907,262,1,150,13499,
86.486,821.014,51.4438,7.49103,274.823,11.5679,215.251,1,22,-88,-6,14,52,50,5,27771907,262,1,150,13499,
87.498,832.657,51.4438,7.49093,274.627,11.27,215.797,1,24,-79,-5,15,61,58,5,27771907,262,1,150,13499,
88.498,843.878,51.4437,7.49084,274.556,10.8623,215.797,1,24,-79,-5,15,61,58,5,27771907,262,1,150,13499,
89.51,855.517,51.4436,7.49075,274.634,10.606,215.556,1,28,-74,-4,15,66,61,5,27771907,262,1,150,13499,
90.517,866.737,51.4435,7.49065,274.847,10.8187,216.347,1,28,-74,-4,15,66,61,5,27771907,262,1,150,13499,
91.531,878.55,51.4434,7.49055,275.264,11.405,216.933,1,28,-73,-4,15,67,61,5,27771907,262,1,150,13499,
92.52,890.827,51.4433,7.49044,275.632,11.9286,217.893,1,28,-73,-4,15,67,61,5,27771907,262,1,150,13499,
93.511,902.442,51.4433,7.49033,276.192,12.0988,217.059,1,24,-89,-7,12,51,50,5,27771907,262,1,150,13499,
94.492,914.269,51.4432,7.49023,276.744,12.193,217.091,1,24,-89,-7,12,51,50,5,27771907,262,1,150,13499,
95.524,925.317,51.4431,7.49013,277.295,12.1556,216.679,1,20,-89,-6,12,51,49,5,27771907,262,1,150,13499,
96.511,935.12,51.443,7.49005,278.172,11.8415,216.828,1,20,-89,-6,12,51,49,5,27771907,262,1,150,13499,
97.52,947.59,51.4429,7.48994,278.908,11.8026,216.639,1,24,-86,-6,12,54,51,5,27771907,262,1,150,13499,
98.508,959.101,51.4429,7.48983,279.373,11.908,217.112,1,24,-86,-6,12,54,51,5,27771907,262,1,150,13499,
99.515,971.661,51.4428,7.48973,279.586,11.9341,217.562,1,28,-79,-5,12,61,58,5,27771907,262,1,150,13499,
100.512,983.224,51.4427,7.48962,280.003,11.6312,216.626,1,28,-79,-5,12,61,58,5,27771907,262,1,150,13499,
101.534,995.351,51.4426,7.48952,280.417,11.3503,216.217,1,28,-74,-5,15,66,62,5,27771907,262,1,150,13499,
102.514,1007.31,51.4425,7.48942,280.78,11.3478,216.75,1,28,-74,-5,15,66,62,5,27771907,262,1,150,13499,
103.497,1018.73,51.4424,7.48932,280.74,11.4082,217.391,1,27,-70,-5,15,70,63,5,27771907,262,1,150,13499,
104.505,1028.55,51.4423,7.48924,281.116,10.6414,216.781,1,27,-70,-5,15,70,63,5,27771907,262,1,150,13499,
105.525,1040.27,51.4423,7.48915,281.293,10.3844,217.07,1,32,-71,-7,15,69,63,5,27771907,262,1,150,13499,
106.504,1052.31,51.4422,7.48904,281.385,10.9004,217.733,1,32,-71,-7,15,69,63,5,27771907,262,1,150,13499,
107.519,1063.75,51.4421,7.48893,281.649,11.5142,218.696,1,33,-70,-5,15,70,63,5,27771907,262,1,150,13499,
108.512,1076.44,51.442,7.48881,282.038,12.1974,219.879,1,33,-70,-5,15,70,63,5,27771907,262,1,150,13499,
109.506,1090.13,51.4419,7.48868,282.53,12.9688,221.143,1,27,-59,-4,13,81,63,5,27771907,262,1,150,13499,
110.499,1104.21,51.4418,7.48854,283.478,12.7534,223.377,1,27,-59,-4,13,81,63,5,27771907,262,1,150,13499,
111.504,1118.44,51.4417,7.4884,284.537,13.3333,224.836,1,27,-59,-4,13,81,63,5,27771907,262,1,150,13499,
112.52,1131.62,51.4417,7.48826,285.465,13.4348,226.668,1,30,-66,-5,15,74,63,5,27771907,262,1,150,13499,
113.495,1144.38,51.4416,7.48812,285.875,13.0792,228.222,1,30,-66,-5,15,74,63,5,27771907,262,1,150,13499,
114.5,1156.91,51.4415,7.48798,286.025,12.8438,228.973,1,27,-66,-4,15,74,63,5,27771907,262,1,150,13499,
115.506,1168.32,51.4414,7.48785,285.961,12.0451,229.948,1,27,-66,-4,15,74,63,5,27771907,262,1,150,13499,
116.544,1181.19,51.4414,7.4877,285.754,11.9854,230.917,1,31,-73,-6,15,67,63,5,27771907,262,1,150,13499,
117.548,1194.25,51.4413,7.48755,285.803,12.6898,231.553,1,31,-73,-6,15,67,63,5,27771907,262,1,150,13499,
118.52,1206.83,51.4412,7.48741,285.988,12.608,232.033,1,28,-77,-5,15,63,59,5,27771907,262,1,150,13499,
119.511,1219.02,51.4412,7.48727,286.261,12.1702,231.774,1,28,-77,-5,15,63,59,5,27771907,262,1,150,13499,
120.517,1231.58,51.4411,7.48712,286.627,12.4473,232.184,1,22,-80,-6,14,60,56,5,27771907,262,1,150,13499,
121.51,1243.87,51.441,7.48698,287.038,13.069,232.907,1,22,-80,-6,14,60,56,5,27771907,262,1,150,13499,
122.506,1257.22,51.441,7.48682,287.712,13.4867,233.136,1,16,-86,-8,12,54,53,5,27771907,262,1,150,13499,
123.501,1270.66,51.4409,7.48666,288.374,13.7207,233.318,1,16,-86,-8,12,54,53,5,27771907,262,1,150,13499,
124.514,1284.26,51.4408,7.4865,288.721,13.6124,232.456,1,11,-83,-7,6,57,55,1,27771908,262,1,152,13499,
125.509,1297.99,51.4408,7.48634,288.725,12.4854,232.968,1,11,-83,-7,6,57,55,1,27771908,262,1,152,13499,
126.527,1310.94,51.4407,7.48619,288.423,12.6573,232.773,1,18,-80,-6,15,60,58,1,27771908,262,1,152,13499,
127.494,1324.3,51.4406,7.48604,288.296,12.681,233.236,1,18,-80,-6,15,60,58,1,27771908,262,1,152,13499,
128.511,1337.55,51.4405,7.48589,287.753,12.9628,232.564,1,23,-77,-6,13,63,61,1,27771908,262,1,152,13499,
129.512,1350.33,51.4405,7.48574,287.451,13.3668,232.989,1,23,-77,-6,13,63,61,1,27771908,262,1,152,13499,
130.509,1363.79,51.4404,7.48559,287.064,13.9085,233.474,1,27,-78,-6,13,62,59,1,27771908,262,1,152,13499,
131.553,1377.21,51.4403,7.48543,286.801,14.2936,233.409,1,27,-78,-6,13,62,59,1,27771908,262,1,152,13499,
132.511,1390.95,51.4403,7.48527,287.185,14.5185,232.493,1,31,-76,-5,14,64,61,1,27771908,262,1,152,13499,
133.519,1405.16,51.4402,7.48511,287.993,13.9281,233.251,1,31,-76,-5,14,64,61,1,27771908,262,1,152,13499,
134.521,1420.27,51.4401,7.48493,288.436,14.466,232.667,1,28,-74,-6,15,66,62,1,27771908,262,1,152,13499,
135.523,1434.62,51.44,7.48476,289.005,14.52,232.021,1,28,-74,-6,15,66,62,1,27771908,262,1,152,13499,
136.524,1448.64,51.4399,7.4846,289.638,14.1477,232.793,1,28,-74,-6,15,66,62,1,27771908,262,1,152,13499,
137.501,1461.88,51.4399,7.48444,290.502,13.6178,233.68,1,31,-70,-5,15,70,63,1,27771908,262,1,152,13499,
138.508,1474.96,51.4398,7.48429,291.52,12.335,233.629,1,31,-70,-5,15,70,63,1,27771908,262,1,152,13499,
139.516,1488.23,51.4397,7.48414,292.534,12.141,234.173,1,32,-67,-6,15,73,63,1,27771908,262,1,152,13499,
140.512,1500.95,51.4397,7.48399,293.714,12.0883,233.456,1,32,-67,-6,15,73,63,1,27771908,262,1,152,13499,
141.515,1513.52,51.4396,7.48384,294.813,12.4015,234.25,1,31,-71,-5,15,69,63,1,27771908,262,1,152,13499,
142.5,1524.9,51.4395,7.4837,295.425,13.3308,235.19,1,31,-71,-5,15,69,63,1,27771908,262,1,152,13499,
143.499,1538.75,51.4395,7.48354,296.016,13.9384,236.219,1,29,-71,-5,15,69,63,1,27771908,262,1,152,13499,
144.511,1552.62,51.4394,7.48337,296.36,14.2027,237.511,1,29,-71,-5,15,69,63,1,27771908,262,1,152,13499,
145.515,1567.29,51.4393,7.48318,296.253,13.8685,238.609,1,32,-70,-5,15,70,63,1,27771908,262,1,152,13499,
146.54,1580.93,51.4393,7.48301,295.972,13.7251,239.412,1,32,-70,-5,15,70,63,1,27771908,262,1,152,13499,
147.503,1595.49,51.4392,7.48283,296.029,14.0581,239.946,1,31,-76,-5,15,64,59,1,27771908,262,1,152,13499,
148.498,1610.6,51.4392,7.48264,296.109,13.972,240.95,1,31,-76,-5,15,64,59,1,27771908,262,1,152,13499,
149.494,1624.33,51.4391,7.48246,295.819,13.6379,241.291,1,30,-79,-5,14,61,57,1,27771908,262,1,152,13499,
150.511,1637.52,51.439,7.48229,296.142,13.9342,241.712,1,30,-79,-5,14,61,57,1,27771908,262,1,152,13499,
151.521,1651.47,51.439,7.48212,296.722,13.8393,242.266,1,27,-84,-5,15,56,52,1,27771908,262,1,152,13499,
152.513,1665.54,51.4389,7.48194,296.997,13.9453,241.906,1,27,-84,-5,15,56,52,1,27771908,262,1,152,13499,
153.515,1679.67,51.4389,7.48177,296.981,13.4775,240.413,1,22,-91,-6,12,49,47,1,27771908,262,1,152,13499,
154.526,1694.74,51.4388,7.48158,297.049,14.5416,239.91,1,22,-91,-6,12,49,47,1,27771908,262,1,152,13499,
155.513,1709.05,51.4387,7.4814,296.782,14.9536,240.438,1,24,-92,-6,12,48,45,1,27771908,262,1,152,13499,
156.546,1723.98,51.4386,7.48121,296.534,15.5519,239.64,1,24,-92,-6,12,48,45,1,27771908,262,1,152,13499,
157.506,1739.15,51.4386,7.48102,296.258,15.7177,239.978,1,25,-91,-5,12,49,46,1,27771908,262,1,152,13499,
158.536,1755.04,51.4385,7.48082,296.064,15.3674,240.614,1,25,-91,-5,12,49,46,1,27771908,262,1,152,13499,
159.521,1770.36,51.4384,7.48063,296.044,14.8971,240.843,1,19,-97,-6,12,43,40,1,27771908,262,1,152,13499,
160.526,1784.64,51.4384,7.48045,296.004,14.7486,240.206,1,19,-97,-6,12,43,40,1,27771908,262,1,152,13499,
161.527,1798.82,51.4383,7.48027,295.521,14.6922,241.256,1,22,-97,-5,11,43,40,1,27771908,262,1,152,13499,
162.524,1812.86,51.4383,7.48009,295.656,14.0741,241.129,1,22,-97,-5,11,43,40,1,27771908,262,1,152,13499,
163.503,1826.47,51.4382,7.47992,295.811,13.7116,240.337,1,22,-97,-5,11,43,40,1,27771908,262,1,152,13499,
164.529,1840.02,51.4381,7.47975,296.017,13.4727,241.036,1,11,-102,-6,9,38,36,1,27771908,262,1,152,13499,
165.509,1853.2,51.4381,7.47958,296.248,13.2276,240.76,1,11,-102,-6,9,38,36,1,27771908,262,1,152,13499,
166.511,1866.8,51.438,7.47941,296.143,13.2584,240.227,1,10,-101,-6,8,39,36,1,27771908,262,1,152,13499,
167.505,1880.01,51.438,7.47924,295.948,13.4861,240.894,1,10,-101,-6,8,39,36,1,27771908,262,1,152,13499,
168.506,1894.3,51.4379,7.47905,296.078,12.6396,241.932,1,10,-103,-7,8,37,35,1,27771908,262,1,152,13499,
169.507,1908.83,51.4379,7.47886,295.948,13.124,242.288,1,10,-103,-7,8,37,35,1,27771908,262,1,152,13499,
170.51,1922.61,51.4378,7.47868,295.584,13.4448,242.642,1,8,-104,-7,7,36,35,1,27771908,262,1,152,13499,
171.512,1936.47,51.4378,7.47851,295.219,13.7701,241.631,1,8,-104,-7,7,36,35,1,27771908,262,1,152,13499,
172.511,1949.42,51.4377,7.47834,295.253,12.5813,241.772,1,11,-103,-7,7,37,35,1,27771908,262,1,152,13499,
173.516,1962.99,51.4376,7.47817,295.172,12.9895,241.325,1,11,-103,-7,7,37,35,1,27771908,262,1,152,13499,
174.523,1977.06,51.4376,7.47799,295.321,12.7332,242.262,1,4,-109,-11,2,31,34,1,27771908,262,1,152,13499,
175.521,1987.96,51.4375,7.47785,295.358,12.5274,241.833,1,4,-109,-11,2,31,34,1,27771908,262,1,152,13499,
176.527,2001.76,51.4375,7.47767,295.246,12.1081,240.986,1,5,-107,-8,2,33,32,82,28391424,262,1,205,13497,
177.51,2015.77,51.4374,7.47749,295.271,12.4401,239.987,1,5,-107,-8,2,33,32,82,28391424,262,1,205,13497,
178.518,2028.79,51.4374,7.47733,295.011,12.7345,240.459,1,3,-109,-9,2,31,32,82,28391424,262,1,205,13497,
179.515,2041.61,51.4373,7.47717,294.567,13.1213,241.631,1,3,-109,-9,2,31,32,82,28391424,262,1,205,13497,
180.506,2054.03,51.4373,7.47701,294.217,12.8493,244.726,1,6,-108,-9,8,32,32,82,28391424,262,1,205,13497,
181.512,2065.96,51.4372,7.47685,294.037,12.3032,247.323,1,6,-108,-9,8,32,32,82,28391424,262,1,205,13497,
182.497,2077.63,51.4372,7.47669,293.866,11.1751,249.795,1,2,-105,-7,6,35,33,11,27771908,262,1,152,13499,
183.504,2087.69,51.4372,7.47654,293.352,10.226,269.875,1,2,-105,-7,6,35,33,11,27771908,262,1,152,13499,
184.548,2098.6,51.4372,7.47639,293.116,9.19414,283.292,1,15,-103,-6,14,37,35,11,27771908,262,1,152,13499,
185.499,2107.96,51.4372,7.47626,292.735,8.17247,287.037,1,15,-103,-6,14,37,35,11,27771908,262,1,152,13499,
186.505,2117.11,51.4373,7.47618,292.864,8.54738,323.368,1,15,-103,-6,14,37,35,11,27771908,262,1,152,13499,
187.504,2126.78,51.4374,7.47614,292.994,9.26568,347.478,1,16,-96,-5,11,44,40,11,27771908,262,1,152,13499,
188.497,2135.74,51.4375,7.47615,292.952,9.37233,14.8704,1,16,-96,-5,11,44,40,11,27771908,262,1,152,13499,
189.509,2144.57,51.4375,7.47621,293.189,10.3901,33.6926,1,28,-88,-5,15,52,46,11,27771908,262,1,152,13499,
190.528,2154.38,51.4376,7.47632,293.635,11.1524,51.8281,1,28,-88,-5,15,52,46,11,27771908,262,1,152,13499,
191.511,2165.78,51.4376,7.47645,293.481,11.7306,52.4503,1,27,-80,-5,15,60,55,11,27771908,262,1,152,13499,
192.497,2178.69,51.4377,7.47659,292.75,13.1918,51.7428,1,27,-80,-5,15,60,55,11,27771908,262,1,152,13499,
193.528,2192.82,51.4378,7.47675,292.26,14.2359,52.2781,1,25,-82,-5,15,58,52,11,27771908,262,1,152,13499,
194.555,2207.95,51.4379,7.47693,291.766,15.006,52.8849,1,25,-82,-5,15,58,52,11,27771908,262,1,152,13499,
195.518,2223.25,51.438,7.47711,291.486,15.6369,53.2858,1,22,-86,-4,15,54,49,11,27771908,262,1,152,13499,
196.499,2239.56,51.438,7.4773,291.351,16.3743,53.9466,1,22,-86,-4,15,54,49,11,27771908,262,1,152,13499,
197.5,2256.93,51.4381,7.4775,291.124,17.2344,54.2811,1,29,-81,-5,15,59,54,11,27771908,262,1,152,13499,
198.522,2274.75,51.4382,7.47771,290.985,17.9448,54.6742,1,29,-81,-5,15,59,54,11,27771908,262,1,152,13499,
199.503,2292.55,51.4383,7.47792,290.7,18.2248,55.1371,1,31,-78,-4,15,62,57,11,27771908,262,1,152,13499,
200.503,2310.56,51.4384,7.47814,290.61,18.2327,55.6246,1,31,-78,-4,15,62,57,11,27771908,262,1,152,13499,
201.511,2328.96,51.4385,7.47836,290.192,18.2256,56.3984,1,30,-78,-4,15,62,58,11,27771908,262,1,152,13499,
202.511,2347.58,51.4386,7.47858,289.674,18.6309,57.2342,1,30,-78,-4,15,62,58,11,27771908,262,1,152,13499,
203.512,2366.28,51.4387,7.4788,289.013,19.2883,56.6017,1,32,-81,-5,15,59,56,11,27771908,262,1,152,13499,
204.512,2385.78,51.4388,7.47904,288.653,19.8943,56.4521,1,32,-81,-5,15,59,56,11,27771908,262,1,152,13499,
205.532,2406.26,51.4389,7.47929,288.36,20.5924,56.3434,1,29,-85,-5,15,55,52,11,27771908,262,1,152,13499,
206.493,2427.58,51.439,7.47954,288.192,21.4886,55.7203,1,29,-85,-5,15,55,52,11,27771908,262,1,152,13499,
207.506,2449.15,51.4391,7.4798,287.907,21.5848,55.9938,1,29,-86,-5,15,54,51,11,27771908,262,1,152,13499,
208.517,2470.37,51.4392,7.48006,287.758,21.4305,56.1718,1,29,-86,-5,15,54,51,11,27771908,262,1,152,13499,
209.521,2492.05,51.4393,7.48032,287.497,21.5073,56.0744,1,22,-88,-6,15,52,49,11,27771908,262,1,152,13499,
210.499,2512.72,51.4394,7.48057,287.286,21.7057,55.3827,1,22,-88,-6,15,52,49,11,27771908,262,1,152,13499,
211.498,2535.1,51.4395,7.48083,286.935,21.4089,54.2911,1,19,-87,-5,14,53,50,11,27771908,262,1,152,13499,
212.517,2555.16,51.4396,7.48106,286.852,21.4929,53.8247,1,19,-87,-5,14,53,50,11,27771908,262,1,152,13499,
213.535,2577.06,51.4398,7.48131,286.792,21.0464,53.2209,1,24,-86,-5,13,54,51,11,27771908,262,1,152,13499,
214.52,2598.32,51.4399,7.48155,286.856,20.9306,50.0119,1,24,-86,-5,13,54,51,11,27771908,262,1,152,13499,
215.499,2619.14,51.44,7.48177,286.848,20.6869,48.5898,1,24,-86,-5,13,54,51,11,27771908,262,1,152,13499,
216.539,2640.39,51.4401,7.48199,286.818,20.3553,47.1816,1,25,-84,-5,15,56,53,11,27771908,262,1,152,13499,
217.499,2661.98,51.4403,7.4822,287.318,20.6862,44.4189,1,25,-84,-5,15,56,53,11,27771908,262,1,152,13499,
218.509,2682.98,51.4404,7.4824,287.534,20.8322,42.8047,1,13,-85,-6,15,55,52,11,27771908,262,1,152,13499,
219.527,2703.7,51.4406,7.4826,287.783,20.3683,43.2315,1,13,-85,-6,15,55,52,11,27771908,262,1,152,13499,
220.523,2725.2,51.4407,7.48281,287.953,21.1734,42.081,1,22,-83,-6,13,57,53,11,27771908,262,1,152,13499,
221.517,2746.97,51.4409,7.48301,288.193,21.4808,41.0578,1,22,-83,-6,13,57,53,11,27771908,262,1,152,13499,
222.493,2769.18,51.441,7.48321,288.421,21.796,38.6532,1,17,-82,-5,14,58,54,11,27771908,262,1,152,13499,
223.493,2791.48,51.4412,7.4834,288.541,21.6103,37.6713,1,17,-82,-5,14,58,54,11,27771908,262,1,152,13499,
224.5,2813.81,51.4413,7.48359,288.402,21.5733,36.9305,1,20,-82,-5,13,58,54,11,27771908,262,1,152,13499,
225.495,2835.95,51.4415,7.48378,287.712,21.4551,35.5652,1,20,-82,-5,13,58,54,11,27771908,262,1,152,13499,
226.512,2858.11,51.4417,7.48395,287.285,21.8198,32.6254,1,11,-86,-6,11,54,51,11,27771908,262,1,152,13499,
227.501,2880.55,51.4418,7.48412,286.313,22.1653,31.1264,1,11,-86,-6,11,54,51,11,27771908,262,1,152,13499,
228.513,2903.04,51.442,7.48426,285.318,22.5509,27.3044,1,13,-89,-8,14,51,49,11,27771908,262,1,152,13499,
229.532,2925.63,51.4422,7.48442,284.205,22.8268,26.5012,1,13,-89,-8,14,51,49,11,27771908,262,1,152,13499,
230.506,2948.75,51.4424,7.48457,283.089,23.0539,26.55,1,12,-85,-7,6,55,52,1,27771909,262,1,151,13499,
231.503,2971.16,51.4426,7.48471,282.215,22.9777,25.487,1,12,-85,-7,6,55,52,1,27771909,262,1,151,13499,
232.51,2993.46,51.4428,7.48485,281.587,22.4571,25.1424,1,16,-82,-6,15,58,56,1,27771909,262,1,151,13499,
233.514,3015.55,51.4429,7.48499,280.846,22.3717,24.7182,1,16,-82,-6,15,58,56,1,27771909,262,1,151,13499,
234.529,3036.92,51.4431,7.48512,280.061,21.8359,23.403,1,28,-73,-5,15,67,63,1,27771909,262,1,151,13499,
235.52,3056.94,51.4433,7.48523,279.17,21.8332,23.183,1,28,-73,-5,15,67,63,1,27771909,262,1,151,13499,
236.506,3076.47,51.4434,7.48534,278.127,21.7369,22.9164,1,11,-84,-6,14,56,54,1,27771909,262,1,151,13499,
237.517,3096.37,51.4436,7.48546,277.104,21.2544,22.8224,1,11,-84,-6,14,56,54,1,27771909,262,1,151,13499,
238.513,3116.04,51.4438,7.48556,276.101,19.9479,21.5842,1,31,-67,-5,15,73,63,1,27771909,262,1,151,13499,
239.504,3135.34,51.4439,7.48566,275.344,18.9326,21.2237,1,31,-67,-5,15,73,63,1,27771909,262,1,151,13499,
240.542,3154.23,51.4441,7.48576,274.806,17.4708,21.2322,1,31,-66,-5,15,74,63,1,27771909,262,1,151,13499,
241.506,3171.75,51.4442,7.48585,274.22,15.9315,21.9936,1,31,-66,-5,15,74,63,1,27771909,262,1,151,13499,
242.521,3187.11,51.4444,7.48594,273.899,13.5015,24.3091,1,28,-69,-6,15,71,63,1,27771909,262,1,151,13499,
243.527,3200.78,51.4445,7.48603,273.526,12.12,27.8627,1,28,-69,-6,15,71,63,1,27771909,262,1,151,13499,
244.511,3213.68,51.4446,7.48615,273.676,11.9896,42.2045,1,29,-75,-5,15,65,59,1,27771909,262,1,151,13499,
245.516,3225.36,51.4446,7.48628,273.459,12.1703,45.4657,1,29,-75,-5,15,65,59,1,27771909,262,1,151,13499,
246.522,3238.92,51.4447,7.48645,273.517,12.6869,64.4868,1,24,-75,-4,15,65,61,1,27771909,262,1,151,13499,
247.506,3252.04,51.4447,7.48664,273.298,13.0778,80.1162,1,24,-75,-4,15,65,61,1,27771909,262,1,151,13499,
248.518,3265.24,51.4447,7.48683,272.292,13.5932,95.1891,1,24,-75,-4,15,65,61,1,27771909,262,1,151,13499,
249.53,3278.46,51.4447,7.48701,271.195,13.8561,108.361,1,26,-83,-6,15,57,53,1,27771909,262,1,151,13499,
250.503,3291.44,51.4446,7.48717,270.318,13.3796,123.676,1,26,-83,-6,15,57,53,1,27771909,262,1,151,13499,
251.534,3304.18,51.4445,7.48732,268.94,12.9858,127.66,1,16,-80,-6,15,60,56,1,27771909,262,1,151,13499,
252.509,3318.62,51.4444,7.48742,267.852,13.1542,154.283,1,16,-80,-6,15,60,56,1,27771909,262,1,151,13499,
253.512,3331.64,51.4443,7.48747,267.289,13.6017,168.842,1,24,-64,-5,15,76,63,1,27771909,262,1,151,13499,
254.507,3343.98,51.4442,7.48748,266.456,13.625,181.87,1,24,-64,-5,15,76,63,1,27771909,262,1,151,13499,
255.505,3356.77,51.4441,7.48744,265.6,13.111,196.508,1,25,-70,-6,15,70,63,1,27771909,262,1,151,13499,
256.505,3369.26,51.444,7.48739,264.781,13.8122,199.797,1,25,-70,-6,15,70,63,1,27771909,262,1,151,13499,
257.503,3383.4,51.4439,7.48725,264.043,13.5941,224.118,1,27,-71,-6,15,69,63,1,27771909,262,1,151,13499,
258.512,3396.53,51.4438,7.48709,263.857,13.6279,240.372,1,27,-71,-6,15,69,63,1,27771909,262,1,151,13499,
259.511,3409.06,51.4438,7.48691,263.951,13.7876,256.828,1,30,-78,-5,15,62,59,1,27771909,262,1,151,13499,
260.537,3422.05,51.4438,7.48673,264.409,14.2687,260.212,1,30,-78,-5,15,62,59,1,27771909,262,1,151,13499,
261.511,3436.73,51.4438,7.48652,264.761,15.0249,263.21,1,24,-82,-6,15,58,53,1,27771909,262,1,151,13499,
262.527,3453.25,51.4437,7.48628,264.771,15.9878,264.732,1,24,-82,-6,15,58,53,1,27771909,262,1,151,13499,
263.501,3469.58,51.4437,7.48605,265.031,16.8855,265.246,1,27,-80,-5,15,60,57,1,27771909,262,1,151,13499,
264.501,3487.87,51.4437,7.48578,265.376,17.8264,265.876,1,27,-80,-5,15,60,57,1,27771909,262,1,151,13499,
265.527,3505.52,51.4437,7.48553,265.86,18.3397,265.063,1,28,-81,-5,15,59,54,1,27771909,262,1,151,13499,
266.494,3524.01,51.4437,7.48526,266.174,18.5355,267.572,1,28,-81,-5,15,59,54,1,27771909,262,1,151,13499,
267.504,3542.81,51.4437,7.48499,266.335,19.6259,268.626,1,18,-90,-6,15,50,48,1,27771909,262,1,151,13499,
268.504,3564.97,51.4437,7.48467,266.434,21.5759,269.365,1,18,-90,-6,15,50,48,1,27771909,262,1,151,13499,
269.518,3586.17,51.4437,7.48436,266.223,21.8142,269.369,1,30,-77,-6,15,63,59,1,27771909,262,1,151,13499,
270.509,3608.66,51.4437,7.48404,266.465,22.8963,268.591,1,30,-77,-6,15,63,59,1,27771909,262,1,151,13499,
271.501,3631.89,51.4437,7.4837,266.822,23.6052,267.844,1,32,-68,-5,15,72,63,1,27771909,262,1,151,13499,
272.535,3655.55,51.4437,7.48336,266.94,24.1959,266.596,1,32,-68,-5,15,72,63,1,27771909,262,1,151,13499,
273.53,3679.77,51.4437,7.48301,267.071,24.9857,267.591,1,32,-68,-5,15,72,63,1,27771909,262,1,151,13499,
274.501,3705.35,51.4437,7.48264,267.057,25.598,266.965,1,22,-74,-5,15,66,61,1,27771909,262,1,151,13499,
275.52,3731.46,51.4437,7.48227,266.853,26.2231,267.037,1,22,-74,-5,15,66,61,1,27771909,262,1,151,13499,
276.511,3757.77,51.4436,7.48189,266.588,26.7149,267.092,1,21,-81,-5,13,59,54,1,27771909,262,1,151,13499,
277.537,3784.85,51.4436,7.4815,266.338,27.4105,266.222,1,21,-81,-5,13,59,54,1,27771909,262,1,151,13499,
278.515,3812.44,51.4436,7.4811,265.99,27.9698,265.781,1,13,-88,-5,11,52,48,1,27771909,262,1,151,13499,
279.51,3840.32,51.4436,7.4807,265.571,28.6388,265.248,1,13,-88,-5,11,52,48,1,27771909,262,1,151,13499,
280.508,3869.01,51.4436,7.48028,265.109,29.2174,264.271,1,7,-88,-5,11,52,46,1,27771909,262,1,151,13499,
281.517,3898.4,51.4436,7.47986,264.659,29.6553,263.043,1,7,-88,-5,11,52,46,1,27771909,262,1,151,13499,
282.516,3927.73,51.4435,7.47944,264.252,29.4459,262.174,1,10,-89,-6,10,51,47,1,27771909,262,1,151,13499,
283.518,3956.76,51.4435,7.47903,264.123,29.7116,261.971,1,10,-89,-6,10,51,47,1,27771909,262,1,151,13499,
284.524,3986.86,51.4435,7.4786,263.985,29.9485,261.998,1,10,-88,-6,10,52,50,1,27771909,262,1,151,13499,
285.53,4016.91,51.4434,7.47817,263.76,30.1729,261.873,1,10,-88,-6,10,52,50,1,27771909,262,1,151,13499,
286.494,4046.88,51.4434,7.47774,263.366,30.3843,261.919,1,13,-90,-6,9,50,47,1,27771909,262,1,151,13499,
287.515,4077.22,51.4433,7.4773,262.883,30.3496,261.969,1,13,-90,-6,9,50,47,1,27771909,262,1,151,13499,
288.502,4107.1,51.4433,7.47687,262.384,29.9855,262.185,1,8,-95,-8,11,45,42,1,27771909,262,1,151,13499,
289.498,4136.31,51.4433,7.47646,261.71,29.642,262.018,1,8,-95,-8,11,45,42,1,27771909,262,1,151,13499,
290.518,4165.8,51.4432,7.47603,261.113,29.558,261.236,1,8,-90,-6,2,50,46,1,27771909,262,1,151,13499,
291.508,4195.11,51.4432,7.47562,260.512,29.512,260.574,1,8,-90,-6,2,50,46,1,27771909,262,1,151,13499,
292.52,4224.4,51.4432,7.4752,259.87,29.4741,259.81,1,10,-88,-6,2,52,48,1,27771909,262,1,151,13499,
293.5,4254.08,51.4431,7.47478,259.144,29.6436,259.251,1,10,-88,-6,2,52,48,1,27771909,262,1,151,13499,
294.504,4283.91,51.4431,7.47436,258.34,30.1195,258.931,1,6,-91,-7,2,49,46,1,27771909,262,1,151,13499,
295.512,4314.08,51.443,7.47393,257.502,30.293,258.631,1,6,-91,-7,2,49,46,1,27771909,262,1,151,13499,
296.51,4343.88,51.4429,7.47351,256.563,29.8846,258.719,1,-2,-99,-8,2,41,41,1,27771909,262,1,151,13499,
297.51,4373.42,51.4429,7.47309,255.613,29.53,258.958,1,-2,-99,-8,2,41,41,1,27771909,262,1,151,13499,
298.515,4402.62,51.4428,7.47268,254.675,29.1698,258.892,1,1,-108,-11,2,32,34,1,27771909,262,1,151,13499,
299.511,4431.21,51.4428,7.47227,253.803,28.8601,259.021,1,1,-108,-11,2,32,34,1,27771909,262,1,151,13499,
300.522,4460.04,51.4427,7.47186,252.889,28.9971,258.637,1,1,-108,-11,2,32,34,1,27771909,262,1,151,13499,
301.518,4489,51.4427,7.47145,251.932,29.2888,258.352,1,0,-113,-12,5,27,30,12,27771909,262,1,151,13499,
302.522,4518.33,51.4426,7.47104,251.006,29.4102,258.162,1,0,-113,-12,5,27,30,12,27771909,262,1,151,13499,
303.507,4547.57,51.4426,7.47063,250.079,29.2744,257.915,1,-2,-113,-13,4,27,31,12,27771909,262,1,151,13499,
304.515,4576.63,51.4425,7.47021,249.093,29.0976,257.571,1,-2,-113,-13,4,27,31,12,27771909,262,1,151,13499,
305.515,4605.25,51.4425,7.46981,248.125,28.7941,257.998,1,-4,-111,-12,6,29,32,28,31281409,262,1,232,13499,
306.513,4634.09,51.4424,7.4694,247.125,28.9514,257.627,1,-4,-111,-12,6,29,32,28,31281409,262,1,232,13499,
307.505,4662.66,51.4424,7.469,246.195,29.0684,257.349,1,3,-108,-10,7,32,32,28,31281409,262,1,232,13499,
308.516,4691.78,51.4423,7.46859,245.354,29.1716,257.637,1,3,-108,-10,7,32,32,28,31281409,262,1,232,13499,
309.523,4721.05,51.4423,7.46817,244.511,29.4649,258.095,1,1,-108,-10,7,32,32,28,31281409,262,1,232,13499,
310.512,4750.49,51.4422,7.46775,243.617,29.7369,257.61,1,1,-108,-10,7,32,32,28,31281409,262,1,232,13499,
311.512,4780.09,51.4422,7.46733,242.758,29.845,258.704,1,5,-106,-11,9,34,36,28,31281409,262,1,232,13499,
312.52,4809.87,51.4421,7.46691,241.92,30.0545,259.065,1,5,-106,-11,9,34,36,28,31281409,262,1,232,13499,
313.499,4839.77,51.4421,7.46649,241.091,30.1952,259.047,1,21,-102,-8,7,38,37,28,31281409,262,1,232,13499,
314.504,4869.29,51.442,7.46607,240.383,29.7437,259.559,1,21,-102,-8,7,38,37,28,31281409,262,1,232,13499,
315.512,4898.78,51.442,7.46565,239.822,29.3804,260.192,1,21,-98,-7,11,42,40,28,31281409,262,1,232,13499,
316.519,4927.87,51.4419,7.46523,239.245,29.2306,260.723,1,21,-98,-7,11,42,40,28,31281409,262,1,232,13499,
317.529,4956.69,51.4419,7.46482,238.694,29.3783,260.81,1,22,-100,-8,8,40,40,28,31281409,262,1,232,13499,
318.505,4986.24,51.4419,7.4644,238.154,29.7069,261.173,1,22,-100,-8,8,40,40,28,31281409,262,1,232,13499,
319.529,5015.93,51.4418,7.46397,237.615,29.9073,262.424,1,22,-100,-8,8,40,40,28,31281409,262,1,232,13499,
320.493,5045.82,51.4418,7.46354,237.092,30.1907,263.321,1,16,-95,-4,2,45,40,28,31281409,262,1,232,13499,
321.516,5075.65,51.4418,7.46312,236.582,29.8687,263.97,1,16,-95,-4,2,45,40,28,31281409,262,1,232,13499,
322.507,5105.05,51.4417,7.46269,236.255,29.8114,263.931,1,8,-101,-8,2,39,36,28,31281409,262,1,232,13499,
323.521,5134.78,51.4417,7.46227,235.959,29.7577,264.465,1,8,-101,-8,2,39,36,28,31281409,262,1,232,13499,
324.499,5164.24,51.4417,7.46184,235.413,29.3827,265.204,1,10,-103,-8,2,37,36,28,31281409,262,1,232,13499,
325.522,5193.06,51.4417,7.46143,234.855,28.7971,265.917,1,10,-103,-8,2,37,36,28,31281409,262,1,232,13499,
326.515,5221.49,51.4417,7.46102,234.338,28.5648,266.275,1,10,-103,-8,2,37,35,28,31281409,262,1,232,13499,
327.507,5249.88,51.4417,7.46061,234.013,28.5021,266.192,1,10,-103,-8,2,37,35,28,31281409,262,1,232,13499,
328.505,5278.23,51.4416,7.4602,233.719,28.0372,267.341,1,5,-103,-8,2,37,36,28,31281409,262,1,232,13499,
329.5,5306.11,51.4416,7.4598,233.531,27.5764,267.607,1,5,-103,-8,2,37,36,28,31281409,262,1,232,13499,
330.509,5333.06,51.4416,7.45941,233.471,27.2469,268.358,1,3,-104,-9,2,36,37,28,31281409,262,1,232,13499,
331.517,5360.34,51.4416,7.45901,233.228,27.2142,268.438,1,3,-104,-9,2,36,37,28,31281409,262,1,232,13499,
332.505,5387.18,51.4416,7.45863,233.168,27.41,268.685,1,5,-104,-9,2,36,37,28,31281409,262,1,232,13499,
333.537,5414.26,51.4416,7.45823,233.374,27.5869,269.067,1,5,-104,-9,2,36,37,28,31281409,262,1,232,13499,
334.504,5441.26,51.4416,7.45784,233.662,27.5048,269.317,1,8,-102,-9,2,38,39,28,27771908,262,1,152,13499,
335.533,5468.29,51.4416,7.45745,233.821,26.963,271.111,1,8,-102,-9,2,38,39,28,27771908,262,1,152,13499,
336.502,5495.09,51.4416,7.45707,233.833,26.5625,270.776,1,9,-99,-7,2,41,39,28,27771908,262,1,152,13499,
337.505,5521.63,51.4416,7.45668,233.682,26.5383,270.547,1,9,-99,-7,2,41,39,28,27771908,262,1,152,13499,
338.511,5548.48,51.4416,7.4563,233.505,26.2796,270.222,1,11,-99,-7,2,41,39,28,27771908,262,1,152,13499,
339.534,5575.11,51.4416,7.45591,233.433,26.1666,269.874,1,11,-99,-7,2,41,39,28,27771908,262,1,152,13499,
340.508,5600.83,51.4416,7.45554,233.242,25.8862,270.82,1,11,-99,-7,2,41,39,28,27771908,262,1,152,13499,
341.512,5626.04,51.4416,7.45518,232.83,25.8791,271.183,1,7,-95,-6,2,45,42,28,27771908,262,1,152,13499,
342.511,5651.61,51.4416,7.45481,232.343,25.8736,273.218,1,7,-95,-6,2,45,42,28,27771908,262,1,152,13499,
343.517,5677.78,51.4417,7.45443,232.118,25.7553,272.906,1,8,-94,-9,2,46,46,28,33527552,262,1,433,13499,
344.511,5703.74,51.4417,7.45406,232.334,25.3805,272.359,1,8,-94,-9,2,46,46,28,33527552,262,1,433,13499,
345.516,5729.37,51.4417,7.45369,232.708,25.2409,274.33,1,21,-86,-5,2,54,50,28,33527552,262,1,433,13499,
346.516,5754.62,51.4417,7.45333,232.72,25.1291,275.497,1,21,-86,-5,2,54,50,28,33527552,262,1,433,13499,
347.512,5779.59,51.4417,7.45297,232.832,25.1209,274.79,1,15,-85,-5,2,55,52,28,33527552,262,1,433,13499,
348.516,5803.48,51.4417,7.45262,232.918,24.8676,274.826,1,15,-85,-5,2,55,52,28,33527552,262,1,433,13499,
349.504,5827.72,51.4418,7.45227,232.859,24.7119,275.221,1,25,-81,-5,2,59,55,28,33527552,262,1,433,13499,
350.525,5852.44,51.4418,7.45192,232.738,24.8555,276.145,1,25,-81,-5,2,59,55,28,33527552,262,1,433,13499,
351.512,5878.27,51.4418,7.45155,232.378,25.083,276.497,1,23,-81,-5,2,59,56,28,33527552,262,1,433,13499,
352.508,5903.22,51.4418,7.45119,231.925,25.0249,276.777,1,23,-81,-5,2,59,56,28,33527552,262,1,433,13499,
353.534,5927.96,51.4419,7.45083,231.541,24.7748,276.694,1,17,-81,-5,2,59,56,28,33527552,262,1,433,13499,
354.507,5952.36,51.4419,7.45048,231.226,24.685,277.081,1,17,-81,-5,2,59,56,28,33527552,262,1,433,13499,
355.515,5977.3,51.4419,7.45013,231.047,24.8646,277.925,1,24,-84,-5,2,56,53,28,33527552,262,1,433,13499,
356.519,6002.33,51.4419,7.44977,230.9,25.108,278.221,1,24,-84,-5,2,56,53,28,33527552,262,1,433,13499,
357.521,6027.34,51.442,7.44941,230.69,25.3271,278.054,1,19,-84,-4,2,56,53,28,33527552,262,1,433,13499,
358.505,6052.18,51.442,7.44906,230.436,25.0187,277.993,1,19,-84,-4,2,56,53,28,33527552,262,1,433,13499,
359.503,6076.99,51.442,7.4487,230.395,24.6688,279.231,1,31,-83,-5,2,57,54,28,33527552,262,1,433,13499,
360.502,6101.48,51.4421,7.44835,230.183,24.8511,279.488,1,31,-83,-5,2,57,54,28,33527552,262,1,433,13499,
361.52,6126.45,51.4421,7.448,229.983,24.9312,279.809,1,30,-81,-4,2,59,55,28,33527552,262,1,433,13499,
362.505,6151.2,51.4422,7.44765,229.902,24.744,280.659,1,30,-81,-4,2,59,55,28,33527552,262,1,433,13499,
363.505,6175.98,51.4422,7.4473,229.8,24.7286,280.541,1,30,-81,-4,2,59,55,28,33527552,262,1,433,13499,
364.553,6200.65,51.4422,7.44695,229.724,24.9141,280.788,1,32,-78,-4,2,62,58,28,33527552,262,1,433,13499,
365.502,6225.49,51.4423,7.44659,229.645,24.9551,281.649,1,32,-78,-4,2,62,58,28,33527552,262,1,433,13499,
366.509,6250.25,51.4423,7.44624,229.61,24.754,281.992,1,31,-75,-5,2,65,61,28,33527552,262,1,433,13499,
367.529,6274.52,51.4424,7.4459,229.437,24.4643,282.459,1,31,-75,-5,2,65,61,28,33527552,262,1,433,13499,
368.523,6298.83,51.4424,7.44556,229.163,24.0429,283.176,1,30,-72,-5,2,68,63,28,33527552,262,1,433,13499,
369.506,6322.42,51.4425,7.44523,229.051,24.1112,282.797,1,30,-72,-5,2,68,63,28,33527552,262,1,433,13499,
370.526,6346.3,51.4425,7.44489,229.159,24.3123,282.811,1,33,-72,-5,2,68,63,28,33527552,262,1,433,13499,
371.521,6370.58,51.4426,7.44455,229.255,24.5034,283.577,1,33,-72,-5,2,68,63,28,33527552,262,1,433,13499,
372.505,6395.14,51.4426,7.4442,229.334,24.7939,283.357,1,31,-69,-4,2,71,63,28,33527552,262,1,433,13499,
373.536,6420.17,51.4427,7.44385,229.088,24.5868,284.427,1,31,-69,-4,2,71,63,28,33527552,262,1,433,13499,
374.512,6444.65,51.4427,7.44351,228.735,24.2293,284.3,1,33,-69,-4,2,71,63,28,33527552,262,1,433,13499,
375.502,6467.92,51.4428,7.44318,228.588,24.0556,284.812,1,33,-69,-4,2,71,63,28,33527552,262,1,433,13499,
376.501,6491.66,51.4428,7.44285,228.585,24.0549,284.627,1,29,-69,-5,2,71,63,28,33527552,262,1,433,13499,
377.523,6515.71,51.4429,7.44251,228.401,24.1008,284.889,1,29,-69,-5,2,71,63,28,33527552,262,1,433,13499,
378.511,6539.85,51.4429,7.44218,228.116,23.9472,285.73,1,29,-70,-5,2,70,63,28,33527552,262,1,433,13499,
379.523,6564,51.443,7.44185,227.621,23.9338,285.935,1,29,-70,-5,2,70,63,28,33527552,262,1,433,13499,
380.501,6587.66,51.4431,7.44152,227.183,24.1271,286.29,1,32,-70,-6,2,70,63,28,33527552,262,1,433,13499,
381.514,6611.84,51.4431,7.44118,226.725,24.1946,286.371,1,32,-70,-6,2,70,63,28,33527552,262,1,433,13499,
382.521,6635.84,51.4432,7.44085,226.279,24.0556,286.786,1,25,-69,-6,2,71,63,28,33527552,262,1,433,13499,
383.508,6659.93,51.4432,7.44052,225.708,23.699,287.355,1,25,-69,-6,2,71,63,28,33527552,262,1,433,13499,
384.51,6683.43,51.4433,7.4402,225.084,23.3213,287.049,1,22,-71,-6,2,69,63,28,33527552,262,1,433,13499,
385.537,6706.51,51.4434,7.43988,224.405,22.6121,289.306,1,22,-71,-6,2,69,63,28,33527552,262,1,433,13499,
386.494,6729,51.4435,7.43958,223.849,22.3307,288.534,1,28,-77,-5,2,63,60,28,33527552,262,1,433,13499,
387.523,6751.17,51.4435,7.43928,223.174,22.2186,288.953,1,28,-77,-5,2,63,60,28,33527552,262,1,433,13499,
388.51,6773.43,51.4436,7.43898,222.484,22.016,289.337,1,28,-77,-5,2,63,60,28,33527552,262,1,433,13499,
389.508,6795.3,51.4437,7.43868,221.763,21.8216,290.413,1,22,-76,-4,2,64,59,28,33527552,262,1,433,13499,
390.516,6817.25,51.4437,7.43839,221.053,21.9735,289.627,1,22,-76,-4,2,64,59,28,33527552,262,1,433,13499,
391.512,6839.71,51.4438,7.43809,220.336,22.4246,290.751,1,29,-74,-4,2,66,62,28,33527552,262,1,433,13499,
392.508,6862.87,51.4439,7.43777,219.81,22.9364,290.672,1,29,-74,-4,2,66,62,28,33527552,262,1,433,13499,
393.708,6886.13,51.444,7.43746,219.314,23.0837,290.747,1,22,-74,-5,2,66,62,28,33527552,262,1,433,13499,
394.509,6909.78,51.444,7.43714,219.005,23.1568,290.947,1,22,-74,-5,2,66,62,28,33527552,262,1,433,13499,
395.506,6933.33,51.4441,7.43683,218.457,23.274,291.489,1,8,-93,-19,8,47,57,1,33527552,262,1,433,13499,
396.498,6956.53,51.4442,7.43652,217.958,23.6345,292.259,1,8,-93,-19,8,47,57,1,33527552,262,1,433,13499,
397.499,6980.17,51.4443,7.4362,217.43,23.4987,292.762,1,12,-80,-6,15,60,58,1,33527554,262,1,434,13499,
398.513,7004.42,51.4444,7.43588,216.698,23.2902,292.47,1,12,-80,-6,15,60,58,1,33527554,262,1,434,13499,
399.514,7027.69,51.4444,7.43557,215.967,23.3058,293.583,1,17,-82,-5,11,58,55,1,33527554,262,1,434,13499,
400.509,7051.08,51.4445,7.43526,215.156,23.2871,293.627,1,17,-82,-5,11,58,55,1,33527554,262,1,434,13499,
401.511,7073.67,51.4446,7.43496,214.408,22.9938,293.568,1,25,-77,-5,15,63,62,1,33527554,262,1,434,13499,
402.505,7096.09,51.4447,7.43468,213.677,22.5731,298.22,1,25,-77,-5,15,63,62,1,33527554,262,1,434,13499,
403.514,7117.55,51.4448,7.4344,212.81,22.1995,297.309,1,22,-88,-7,12,52,51,1,33527554,262,1,434,13499,
404.503,7140.02,51.4449,7.43411,211.842,22.5212,296.594,1,22,-88,-7,12,52,51,1,33527554,262,1,434,13499,
405.504,7164.26,51.445,7.43379,210.909,23.7506,293.391,1,34,-82,-5,11,58,57,1,33527554,262,1,434,13499,
406.513,7189.41,51.4451,7.43346,209.849,25.074,295.155,1,34,-82,-5,11,58,57,1,33527554,262,1,434,13499,
407.523,7215.62,51.4452,7.43311,208.576,26.1626,295.127,1,22,-84,-7,10,56,52,1,33527554,262,1,434,13499,
408.515,7243.13,51.4453,7.43276,207.31,27.4757,298.715,1,22,-84,-7,10,56,52,1,33527554,262,1,434,13499,
409.513,7271.7,51.4454,7.43241,205.842,29.176,301.69,1,22,-84,-7,10,56,52,1,33527554,262,1,434,13499,
410.504,7301.78,51.4456,7.43205,204.383,30.2721,302.829,1,27,-82,-6,8,58,52,1,33527554,262,1,434,13499,
411.517,7332.35,51.4457,7.43168,202.72,30.7634,304.351,1,27,-82,-6,8,58,52,1,33527554,262,1,434,13499,
412.516,7364.29,51.4459,7.43129,201.568,31.0522,304.192,1,35,-83,-7,11,57,55,1,33527554,262,1,434,13499,
413.508,7395.71,51.446,7.43093,200.469,31.5918,306.34,1,35,-83,-7,11,57,55,1,33527554,262,1,434,13499,
414.53,7427.3,51.4462,7.43056,199.694,31.1198,307.379,1,27,-79,-5,2,61,58,1,33527554,262,1,434,13499,
415.514,7458.63,51.4464,7.43021,199.026,31.2627,308.822,1,27,-79,-5,2,61,58,1,33527554,262,1,434,13499,
416.522,7489.65,51.4466,7.42986,198.301,31.4609,310.037,1,25,-78,-5,2,62,58,1,33527554,262,1,434,13499,
417.508,7521.59,51.4468,7.42952,197.785,31.7129,312.178,1,25,-78,-5,2,62,58,1,33527554,262,1,434,13499,
418.511,7553.5,51.4469,7.42918,197.33,31.863,312.907,1,28,-78,-5,2,62,59,1,33527554,262,1,434,13499,
419.522,7584.78,51.4471,7.42885,196.799,31.7985,313.843,1,28,-78,-5,2,62,59,1,33527554,262,1,434,13499,
420.511,7616.92,51.4473,7.42852,196.332,32.1636,315.072,1,25,-77,-6,2,63,59,1,33527554,262,1,434,13499,
421.521,7649.18,51.4476,7.4282,195.603,32.8634,317.184,1,25,-77,-6,2,63,59,1,33527554,262,1,434,13499,
422.5,7682.53,51.4478,7.42788,194.902,32.9023,317.999,1,16,-79,-6,2,61,58,1,33527554,262,1,434,13499,
423.498,7716.25,51.448,7.42757,194,33.8683,319.84,1,16,-79,-6,2,61,58,1,33527554,262,1,434,13499,
424.498,7750.12,51.4482,7.42726,193.112,33.9034,321.255,1,17,-82,-6,2,58,53,1,33527554,262,1,434,13499,
425.513,7783.18,51.4485,7.42697,192.059,33.9159,322.237,1,17,-82,-6,2,58,53,1,33527554,262,1,434,13499,
426.508,7816.76,51.4487,7.42669,191.038,34.1911,323.722,1,5,-85,-7,2,55,50,1,33527554,262,1,434,13499,
427.512,7850.7,51.449,7.42641,189.736,34.3543,325.072,1,5,-85,-7,2,55,50,1,33527554,262,1,434,13499,
428.519,7885.14,51.4492,7.42614,188.261,34.47,326.807,1,19,-90,-7,2,50,46,1,33527554,262,1,434,13499,
429.499,7918.4,51.4495,7.42588,186.281,34.7292,328.106,1,19,-90,-7,2,50,46,1,33527554,262,1,434,13499,
430.492,7952.7,51.4498,7.42563,184.128,34.7992,329.996,1,11,-93,-7,2,47,44,1,33527554,262,1,434,13499,
431.499,7987.22,51.45,7.42539,182.055,34.7636,331.236,1,11,-93,-7,2,47,44,1,33527554,262,1,434,13499,
432.489,8022.32,51.4503,7.42515,179.941,34.9244,332.296,1,11,-93,-7,2,47,44,1,33527554,262,1,434,13499,
433.511,8057.19,51.4506,7.42494,178.671,35.4502,334.481,1,14,-93,-7,2,47,44,1,33527554,262,1,434,13499,
434.511,8092.22,51.4509,7.42473,177.509,35.3817,335.645,1,14,-93,-7,2,47,44,1,33527554,262,1,434,13499,
435.517,8127.03,51.4512,7.42453,177.051,35.52,337.725,1,4,-95,-7,2,45,43,1,33527554,262,1,434,13499,
436.516,8161.65,51.4515,7.42434,176.959,34.7133,338.524,1,4,-95,-7,2,45,43,1,33527554,262,1,434,13499,
437.498,8195.53,51.4517,7.42417,177.011,34.5017,340.477,1,-1,-98,-8,2,42,42,1,27771140,262,1,289,13499,
438.527,8230.26,51.452,7.42399,176.619,34.8611,341.187,1,-1,-98,-8,2,42,42,1,27771140,262,1,289,13499,
439.505,8265.51,51.4523,7.42383,175.919,34.9198,341.57,1,-5,-99,-9,2,41,41,1,27771140,262,1,289,13499,
440.518,8300.92,51.4526,7.42367,174.943,35.2234,342.394,1,-5,-99,-9,2,41,41,1,27771140,262,1,289,13499,
441.503,8336.06,51.4529,7.42352,174.007,35.9662,343.051,1,8,-99,-11,2,41,42,1,27770883,262,1,289,13499,
442.502,8370.93,51.4532,7.42338,173.181,35.8176,343.098,1,8,-99,-11,2,41,42,1,27770883,262,1,289,13499,
443.505,8406.65,51.4535,7.42323,172.332,36.0234,343.621,1,4,-96,-8,2,44,44,1,27770883,262,1,125,13499,
444.508,8442.3,51.4539,7.42308,171.422,35.9919,343.869,1,4,-96,-8,2,44,44,1,27770883,262,1,125,13499,
445.53,8478.2,51.4542,7.42294,170.388,35.8529,343.876,1,5,-95,-8,2,45,45,1,27770883,262,1,125,13499,
446.499,8514.16,51.4545,7.42279,169.31,35.9021,343.607,1,5,-95,-8,2,45,45,1,27770883,262,1,125,13499,
447.507,8550.92,51.4548,7.42264,168.162,36.1102,343.676,1,-3,-94,-8,2,46,45,1,27770883,262,1,125,13499,
448.54,8586.61,51.4551,7.42249,167.042,36.1135,343.508,1,-3,-94,-8,2,46,45,1,27770883,262,1,125,13499,
449.493,8622.07,51.4554,7.42234,166.054,35.9633,342.718,1,1,-93,-9,2,47,47,1,27770883,262,1,125,13499,
450.513,8658.73,51.4557,7.42218,165.019,35.8795,341.807,1,1,-93,-9,2,47,47,1,27770883,262,1,125,13499,
451.519,8695.45,51.456,7.42202,164.128,35.916,340.823,1,7,-94,-10,2,46,47,1,27770883,262,1,125,13499,
452.502,8732.14,51.4563,7.42185,163.326,35.9096,339.787,1,7,-94,-10,2,46,47,1,27770883,262,1,125,13499,
453.518,8768.33,51.4567,7.42166,162.761,35.8753,338.631,1,-12,-94,-14,2,46,52,1,29568770,262,1,414,13499,
454.506,8804.67,51.457,7.42147,162.393,36.0054,337.826,1,-12,-94,-14,2,46,52,1,29568770,262,1,414,13499,
455.498,8840.84,51.4573,7.42126,162.05,36.2302,336.584,1,11,-86,-7,2,54,53,1,27770883,262,1,125,13499,
456.505,8876.83,51.4576,7.42105,161.575,36.4578,335.444,1,11,-86,-7,2,54,53,1,27770883,262,1,125,13499,
457.499,8912.83,51.4578,7.42083,161.001,36.6322,334.365,1,10,-87,-7,2,53,51,1,27770883,262,1,125,13499,
458.509,8949.46,51.4581,7.4206,160.281,36.8615,333.423,1,10,-87,-7,2,53,51,1,27770883,262,1,125,13499,
459.5,8986.15,51.4584,7.42036,159.623,36.9882,332.639,1,10,-87,-7,2,53,51,1,27770883,262,1,125,13499,
460.503,9023.56,51.4587,7.42011,159.018,37.019,332.139,1,8,-86,-7,2,54,52,1,27770883,262,1,125,13499,
461.505,9060.34,51.459,7.41985,158.546,37.4637,330.482,1,8,-86,-7,2,54,52,1,27770883,262,1,125,13499,
462.504,9098.23,51.4593,7.41958,158.19,37.4973,329.551,1,16,-86,-7,2,54,53,1,27770883,262,1,125,13499,
463.504,9135.31,51.4596,7.4193,157.299,37.698,328.123,1,16,-86,-7,2,54,53,1,27770883,262,1,125,13499,
464.503,9173.59,51.4599,7.41901,156.662,37.8414,327.062,1,18,-81,-6,2,59,57,1,27770883,262,1,125,13499,
465.498,9211.18,51.4602,7.41871,155.935,37.6953,326.035,1,18,-81,-6,2,59,57,1,27770883,262,1,125,13499,
466.503,9248.42,51.4605,7.41841,155.254,36.7242,324.886,1,18,-80,-6,2,60,58,1,27770883,262,1,125,13499,
467.514,9285.31,51.4607,7.4181,154.675,36.1904,323.86,1,18,-80,-6,2,60,58,1,27770883,262,1,125,13499,
468.516,9321.63,51.461,7.41779,154.127,36.3255,323.524,1,10,-79,-6,2,61,58,1,27770883,262,1,125,13499,
469.504,9357.76,51.4613,7.41747,153.714,36.3013,321.734,1,10,-79,-6,2,61,58,1,27770883,262,1,125,13499,
470.504,9394.01,51.4615,7.41714,153.441,36.5293,320.623,1,15,-79,-6,2,61,59,1,27770883,262,1,125,13499,
471.502,9430.82,51.4618,7.41681,153.298,36.5501,319.676,1,15,-79,-6,2,61,59,1,27770883,262,1,125,13499,
472.503,9466.37,51.462,7.41647,153.149,36.5342,319.179,1,19,-76,-6,2,64,61,1,27770883,262,1,125,13499,
473.491,9502.89,51.4623,7.41613,152.937,36.8966,318.18,1,19,-76,-6,2,64,61,1,27770883,262,1,125,13499,
474.503,9539.28,51.4625,7.41577,152.512,37.0305,316.503,1,16,-75,-6,2,65,63,1,27770883,262,1,125,13499,
475.516,9576.19,51.4627,7.41539,152.059,37.1956,315.409,1,16,-75,-6,2,65,63,1,27770883,262,1,125,13499,
476.494,9613.06,51.463,7.41501,151.67,37.3273,314.321,1,19,-78,-6,2,62,59,1,27770883,262,1,125,13499,
477.5,9650.53,51.4632,7.41463,151.412,37.5568,313.612,1,19,-78,-6,2,62,59,1,27770883,262,1,125,13499,
478.507,9688.29,51.4634,7.41423,151.37,37.7283,312.497,1,19,-79,-6,2,61,58,1,27770883,262,1,125,13499,
479.503,9726.48,51.4637,7.41382,151.538,37.8901,311.764,1,19,-79,-6,2,61,58,1,27770883,262,1,125,13499,
480.503,9764.46,51.4639,7.41341,151.764,38.0174,311.068,1,19,-79,-6,2,61,58,1,27770883,262,1,125,13499,
481.526,9802.64,51.4641,7.41299,152.051,38.2603,309.913,1,15,-80,-6,2,60,57,1,27770883,262,1,125,13499,
482.518,9840.81,51.4643,7.41257,152.376,38.3438,309.486,1,15,-80,-6,2,60,57,1,27770883,262,1,125,13499,
483.516,9878.68,51.4646,7.41215,152.728,37.7133,308.75,1,21,-82,-6,2,58,56,1,27770883,262,1,125,13499,
484.517,9916.04,51.4648,7.41173,153.16,36.9783,308.479,1,21,-82,-6,2,58,56,1,27770883,262,1,125,13499,
485.509,9952.63,51.465,7.41132,153.585,36.3892,308.298,1,10,-81,-6,2,59,55,1,27770883,262,1,125,13499,
486.538,9988.99,51.4652,7.41091,153.981,36.3378,308.226,1,10,-81,-6,2,59,55,1,27770883,262,1,125,13499,
487.502,10025.2,51.4654,7.41051,154.365,36.3606,308.049,1,-1,-85,-9,2,55,53,1,27770883,262,1,125,13499,
488.518,10061.4,51.4656,7.41009,154.507,36.4179,307.751,1,-1,-85,-9,2,55,53,1,27770883,262,1,125,13499,
489.519,10098,51.4658,7.40968,154.745,36.5703,308.058,1,17,-85,-6,2,55,51,1,27770885,262,1,124,13499,
490.523,10135,51.466,7.40926,155.081,36.7167,308.267,1,17,-85,-6,2,55,51,1,27770885,262,1,124,13499,
491.512,10171,51.4662,7.40885,155.269,36.8937,308.309,1,10,-85,-6,2,55,51,1,27770885,262,1,124,13499,
492.532,10207,51.4664,7.40844,155.335,36.2449,308.592,1,10,-85,-6,2,55,51,1,27770885,262,1,124,13499,
493.517,10243.5,51.4666,7.40803,155.519,35.1351,308.481,1,2,-81,-6,2,59,54,1,27770885,262,1,124,13499,
494.513,10278.8,51.4668,7.40763,155.628,35.0968,308.608,1,2,-81,-6,2,59,54,1,27770885,262,1,124,13499,
495.511,10313.4,51.467,7.40723,155.817,34.4308,309.23,1,9,-85,-7,2,55,51,1,27770885,262,1,124,13499,
496.504,10347.4,51.4672,7.40685,156.075,33.798,309.631,1,9,-85,-7,2,55,51,1,27770885,262,1,124,13499,
497.508,10380.9,51.4674,7.40647,156.506,32.9964,309.966,1,18,-87,-7,2,53,50,1,27770885,262,1,124,13499,
498.508,10414.5,51.4676,7.4061,157.386,32.4013,310.315,1,18,-87,-7,2,53,50,1,27770885,262,1,124,13499,
499.501,10446.9,51.4677,7.40574,158.385,32.1969,310.441,1,16,-84,-7,2,56,52,1,27770885,262,1,124,13499,
500.518,10479.2,51.4679,7.40539,159.373,32.1966,310.937,1,16,-84,-7,2,56,52,1,27770885,262,1,124,13499,
501.513,10511.4,51.4681,7.40504,160.331,32.1714,311.206,1,8,-80,-6,2,60,56,1,27770885,262,1,124,13499,
502.518,10542.7,51.4683,7.4047,161.094,31.9631,311.651,1,8,-80,-6,2,60,56,1,27770885,262,1,124,13499,
503.515,10574.8,51.4685,7.40435,161.648,32.4599,311.934,1,4,-81,-6,2,59,55,1,27770885,262,1,124,13499,
504.512,10608,51.4687,7.404,162.328,32.8423,312.581,1,4,-81,-6,2,59,55,1,27770885,262,1,124,13499,
505.526,10640.3,51.4689,7.40367,163.063,32.0339,314.499,1,16,-82,-7,2,58,57,1,27771140,262,1,289,13499,
506.515,10672.3,51.4691,7.40335,163.621,32.2691,315.503,1,16,-82,-7,2,58,57,1,27771140,262,1,289,13499,
507.506,10704.4,51.4693,7.40302,164.375,31.583,313.928,1,16,-82,-7,2,58,57,1,27771140,262,1,289,13499,
508.497,10735.8,51.4695,7.40269,164.944,31.7677,313.613,1,13,-82,-5,12,58,54,18,27771140,262,1,289,13499,
509.516,10767.9,51.4697,7.40237,165.614,31.901,315.008,1,13,-82,-5,12,58,54,18,27771140,262,1,289,13499,
510.511,10798.9,51.4699,7.40205,166.07,31.5335,315.424,1,12,-82,-5,11,58,53,18,27771140,262,1,289,13499,
511.511,10829.8,51.4701,7.40174,166.657,30.6606,315.098,1,12,-82,-5,11,58,53,18,27771140,262,1,289,13499,
512.514,10860.4,51.4703,7.40143,167.108,30.7356,315.045,1,24,-79,-5,14,61,57,18,27771140,262,1,289,13499,
513.692,10891.1,51.4705,7.40112,167.537,30.6198,314.822,1,24,-79,-5,14,61,57,18,27771140,262,1,289,13499,
514.495,10921.9,51.4707,7.40081,168.195,30.4085,316.351,1,17,-79,-4,14,61,57,18,27771140,262,1,289,13499,
515.508,10952.2,51.4709,7.40051,168.907,29.7715,317.104,1,17,-79,-4,14,61,57,18,27771140,262,1,289,13499,
516.52,10981.2,51.4711,7.40023,169.286,29.0371,317.129,1,23,-80,-5,15,60,56,18,27771140,262,1,289,13499,
517.502,11009.2,51.4713,7.39995,169.563,28.5252,317.021,1,23,-80,-5,15,60,56,18,27771140,262,1,289,13499,
518.507,11037.4,51.4715,7.39968,169.723,28.0619,317.43,1,20,-81,-5,15,59,56,18,27771140,262,1,289,13499,
519.51,11064.1,51.4717,7.39942,169.476,27.4642,317.916,1,20,-81,-5,15,59,56,18,27771140,262,1,289,13499,
520.518,11091.6,51.4718,7.39915,169.478,26.8863,318.258,1,11,-82,-5,12,58,55,18,27771140,262,1,289,13499,
521.5,11118.7,51.472,7.39889,169.608,26.9539,318.255,1,11,-82,-5,12,58,55,18,27771140,262,1,289,13499,
522.501,11146.7,51.4722,7.39863,169.808,27.3864,318.587,1,25,-82,-4,15,58,54,18,27771140,262,1,289,13499,
523.53,11174.7,51.4724,7.39837,170.178,27.6279,318.681,1,25,-82,-4,15,58,54,18,27771140,262,1,289,13499,
524.512,11202.8,51.4726,7.3981,170.747,27.5306,319.118,1,18,-82,-5,15,58,54,18,27771140,262,1,289,13499,
525.499,11230,51.4728,7.39785,171.253,27.1275,320.001,1,18,-82,-5,15,58,54,18,27771140,262,1,289,13499,
526.507,11257.1,51.473,7.3976,171.83,26.8967,320.362,1,18,-86,-4,14,54,49,18,27771140,262,1,289,13499,
527.511,11283.6,51.4732,7.39736,172.297,26.4109,320.68,1,18,-86,-4,14,54,49,18,27771140,262,1,289,13499,
528.512,11309.7,51.4733,7.39712,172.652,26.3442,320.783,1,13,-90,-6,9,50,46,10,27771140,262,1,289,13499,
529.511,11335.8,51.4735,7.39688,172.952,26.3941,320.963,1,13,-90,-6,9,50,46,10,27771140,262,1,289,13499,
530.511,11362.6,51.4737,7.39664,173.427,26.2638,321.441,1,12,-86,-6,9,54,51,10,27771140,262,1,289,13499,
531.525,11387.9,51.4739,7.39641,173.735,25.9792,322.112,1,12,-86,-6,9,54,51,10,27771140,262,1,289,13499,
532.508,11413.1,51.4741,7.39619,173.531,26.1009,322.3,1,7,-88,-6,10,52,50,10,27771140,262,1,289,13499,
533.538,11438.6,51.4743,7.39596,173.387,25.8438,323.15,1,7,-88,-6,10,52,50,10,27771140,262,1,289,13499,
534.505,11464.2,51.4744,7.39575,173.314,25.3556,324.23,1,7,-88,-6,10,52,50,10,27771140,262,1,289,13499,
535.497,11489.3,51.4746,7.39554,173.292,25.1356,325.122,1,13,-83,-5,14,57,53,10,27771140,262,1,289,13499,
536.511,11514.6,51.4748,7.39534,173.341,25.3869,326.018,1,13,-83,-5,14,57,53,10,27771140,262,1,289,13499,
537.505,11540.4,51.475,7.39513,173.509,25.4197,326.853,1,13,-84,-6,11,56,53,10,27771140,262,1,289,13499,
538.506,11566.4,51.4752,7.39494,173.781,25.86,328.445,1,13,-84,-6,11,56,53,10,27771140,262,1,289,13499,
539.472,11592.1,51.4754,7.39475,174.094,25.8376,329.096,1,19,-80,-5,12,60,56,10,27771140,262,1,289,13499,
540.502,11617.2,51.4756,7.39456,174.264,25.7567,329.495,1,19,-80,-5,12,60,56,10,27771140,262,1,289,13499,
541.529,11643.1,51.4758,7.39437,174.585,25.6181,329.636,1,19,-79,-6,15,61,58,10,27771140,262,1,289,13499,
542.509,11669,51.476,7.39418,175.095,25.5502,330.452,1,19,-79,-6,15,61,58,10,27771140,262,1,289,13499,
543.517,11694.2,51.4762,7.394,175.612,25.6156,331.933,1,18,-75,-5,15,65,61,10,27771140,262,1,289,13499,
544.54,11719.7,51.4764,7.39384,176.19,25.4423,333.051,1,18,-75,-5,15,65,61,10,27771140,262,1,289,13499,
545.503,11744.6,51.4766,7.39367,176.658,24.9652,333.799,1,20,-71,-6,15,69,63,10,27771140,262,1,289,13499,
546.535,11769.8,51.4768,7.39352,176.968,24.2282,335.229,1,20,-71,-6,15,69,63,10,27771140,262,1,289,13499,
547.507,11793.3,51.477,7.39338,177.313,23.5498,336.59,1,15,-82,-7,14,58,57,10,27771140,262,1,289,13499,
548.516,11815.8,51.4772,7.39326,177.671,22.6611,339.145,1,15,-82,-7,14,58,57,10,27771140,262,1,289,13499,
549.515,11837.2,51.4774,7.39316,178.138,21.586,341.886,1,7,-83,-8,14,57,57,10,27771140,262,1,289,13499,
550.52,11858.2,51.4776,7.39308,178.635,20.3979,345.056,1,7,-83,-8,14,57,57,10,27771140,262,1,289,13499,
551.512,11877.1,51.4777,7.39304,179.203,19.3125,352.182,1,12,-84,-10,10,56,57,10,27771140,262,1,289,13499,
552.517,11897.9,51.4779,7.393,179.837,18.9751,354.7,1,12,-84,-10,10,56,57,10,27771140,262,1,289,13499,
553.499,11917.3,51.4781,7.39299,180.546,18.6426,358.107,1,18,-83,-7,15,57,56,4,27771139,262,1,288,13499,
554.519,11937.2,51.4783,7.39306,181.399,18.736,12.9618,1,18,-83,-7,15,57,56,4,27771139,262,1,288,13499,
555.546,11956.1,51.4784,7.39312,181.696,18.8981,14.5815,1,25,-82,-6,15,58,56,4,27771139,262,1,288,13499,
556.515,11975.1,51.4786,7.39321,182.291,18.6554,18.3967,1,25,-82,-6,15,58,56,4,27771139,262,1,288,13499,
557.493,11994.4,51.4787,7.39337,182.382,19.0281,34.1335,1,25,-82,-6,15,58,56,4,27771139,262,1,288,13499,
558.502,12013,51.4789,7.39352,182.338,17.4565,34.9196,1,38,-77,-5,15,63,60,4,27771139,262,1,288,13499,
559.51,12029.9,51.479,7.39366,182.486,15.9542,33.0358,1,38,-77,-5,15,63,60,4,27771139,262,1,288,13499,
560.519,12044.7,51.4791,7.39377,182.729,14.1754,29.8194,1,30,-83,-5,11,57,55,4,27771139,262,1,288,13499,
561.516,12059.7,51.4792,7.39381,182.833,14.2221,6.07167,1,30,-83,-5,11,57,55,4,27771139,262,1,288,13499,
562.512,12073.8,51.4794,7.39379,183.453,14.7083,352.362,1,24,-87,-6,11,53,50,4,27771139,262,1,288,13499,
563.502,12086.4,51.4795,7.39375,184.238,14.7891,348.673,1,24,-87,-6,11,53,50,4,27771139,262,1,288,13499,
564.514,12101.6,51.4796,7.39366,185.061,15.9106,334.182,1,24,-91,-8,8,49,47,4,27771139,262,1,288,13499,
565.511,12117,51.4797,7.39357,185.725,16.0675,334.173,1,24,-91,-8,8,49,47,4,27771139,262,1,288,13499,
566.514,12131,51.4798,7.39348,186.122,14.3979,334.868,1,10,-86,-6,6,54,51,16,28365058,262,1,223,13499,
567.51,12144.9,51.48,7.3934,186.727,12.4335,336.545,1,10,-86,-6,6,54,51,16,28365058,262,1,223,13499,
568.522,12156.1,51.4801,7.39338,187.382,10.1802,355.118,1,5,-85,-6,13,55,51,16,28365058,262,1,223,13499,
569.521,12167.1,51.4802,7.3934,187.772,9.82688,12.153,1,5,-85,-6,13,55,51,16,28365058,262,1,223,13499,
570.525,12176.6,51.4802,7.39347,187.695,10.4996,32.3583,1,5,-84,-5,6,56,52,4,27771139,262,1,288,13499,
571.522,12186.3,51.4803,7.39358,187.462,11.2762,55.2362,1,5,-84,-5,6,56,52,4,27771139,262,1,288,13499,
572.536,12198.3,51.4803,7.39372,187.484,12.4139,57.0033,1,22,-82,-5,15,58,55,4,27771139,262,1,288,13499,
573.499,12211.3,51.4804,7.39388,187.527,13.7687,57.7565,1,22,-82,-5,15,58,55,4,27771139,262,1,288,13499,
574.503,12225.6,51.4805,7.39405,187.564,15.252,57.0311,1,21,-84,-5,11,56,53,4,27771139,262,1,288,13499,
575.519,12241.7,51.4806,7.39424,187.281,16.6323,56.6618,1,21,-84,-5,11,56,53,4,27771139,262,1,288,13499,
576.512,12260.2,51.4807,7.39447,186.712,17.9752,57.0965,1,15,-81,-6,14,59,56,4,27771139,262,1,288,13499,
577.507,12278.2,51.4807,7.39468,186.456,18.0817,57.5733,1,15,-81,-6,14,59,56,4,27771139,262,1,288,13499,
578.522,12296.1,51.4808,7.3949,186.546,17.9172,57.932,1,15,-83,-6,14,57,55,4,27771139,262,1,288,13499,
579.502,12314,51.4809,7.39512,186.442,17.6186,58.5694,1,15,-83,-6,14,57,55,4,27771139,262,1,288,13499,
580.507,12330.9,51.481,7.39533,186.122,17.3191,59.5004,1,17,-82,-5,11,58,53,4,27771139,262,1,288,13499,
581.497,12348.5,51.4811,7.39556,185.987,17.0922,59.8829,1,17,-82,-5,11,58,53,4,27771139,262,1,288,13499,
582.501,12365.4,51.4811,7.39577,186.324,16.953,59.518,1,10,-81,-5,11,59,56,4,27771139,262,1,288,13499,
583.498,12382.4,51.4812,7.39598,186.66,16.5674,60.2925,1,10,-81,-5,11,59,56,4,27771139,262,1,288,13499,
584.509,12399.5,51.4813,7.39619,187.325,16.1779,60.0353,1,10,-83,-6,11,57,55,4,27771139,262,1,288,13499,
585.518,12416.5,51.4814,7.3964,188.133,15.8234,59.6002,1,10,-83,-6,11,57,55,4,27771139,262,1,288,13499,
586.497,12432.1,51.4815,7.39659,188.857,15.3166,59.4306,1,15,-84,-6,10,56,54,4,27771139,262,1,288,13499,
587.5,12447.2,51.4815,7.39678,189.113,14.8629,58.5074,1,15,-84,-6,10,56,54,4,27771139,262,1,288,13499,
588.516,12461.8,51.4816,7.39696,189.025,14.614,57.7296,1,15,-84,-6,10,56,54,4,27771139,262,1,288,13499,
589.504,12475.3,51.4817,7.39713,188.993,14.0164,57.1238,1,10,-83,-7,9,57,55,4,27771139,262,1,288,13499,
590.506,12487.9,51.4817,7.39728,188.746,12.9784,56.6441,1,10,-83,-7,9,57,55,4,27771139,262,1,288,13499,
591.509,12501,51.4818,7.39744,188.576,11.8531,55.7496,1,22,-79,-6,2,61,59,4,27771139,262,1,288,13499,
592.523,12511.7,51.4818,7.39756,188.705,10.6581,55.1633,1,22,-79,-6,2,61,59,4,27771139,262,1,288,13499,
593.519,12521.4,51.4819,7.39768,188.769,9.35686,54.5131,1,23,-82,-6,2,58,56,4,27771139,262,1,288,13499,
594.509,12529.4,51.4819,7.39777,188.559,8.0258,53.7242,1,23,-82,-6,2,58,56,4,27771139,262,1,288,13499,
595.525,12538.6,51.482,7.39788,188.404,7.1991,52.8789,1,24,-80,-5,2,60,57,4,27771139,262,1,288,13499,
596.523,12545.4,51.482,7.39796,188.332,6.0232,52.0278,1,24,-80,-5,2,60,57,4,27771139,262,1,288,13499,
597.5,12551,51.482,7.39802,188.357,5.76921,51.5426,1,28,-77,-5,2,63,59,4,27771139,262,1,288,13499,
598.503,12557.1,51.4821,7.39809,188.434,5.74445,50.734,1,28,-77,-5,2,63,59,4,27771139,262,1,288,13499,
599.494,12561.8,51.4821,7.39814,188.375,5.5925,49.5649,1,22,-76,-5,2,64,60,4,27771139,262,1,288,13499,
600.503,12567.3,51.4821,7.3982,188.384,6.12165,48.5038,1,22,-76,-5,2,64,60,4,27771139,262,1,288,13499,
601.563,12574,51.4822,7.39827,188.416,7.10559,47.5268,1,22,-77,-4,14,63,58,10,27771139,262,1,288,13499,
602.514,12581.6,51.4822,7.39834,188.312,8.02982,46.833,1,22,-77,-4,14,63,58,10,27771139,262,1,288,13499,
603.495,12590.6,51.4823,7.39844,188.175,8.8676,45.367,1,16,-79,-5,14,61,55,10,27771139,262,1,288,13499,
604.51,12599.9,51.4824,7.39852,188.164,8.82363,43.093,1,16,-79,-5,14,61,55,10,27771139,262,1,288,13499,
605.517,12608.2,51.4824,7.3986,188.242,8.42712,41.7457,1,16,-86,-6,11,54,50,10,27771139,262,1,288,13499,
606.498,12616.8,51.4825,7.39867,188.224,8.77084,40.6653,1,16,-86,-6,11,54,50,10,27771139,262,1,288,13499,
607.517,12625.3,51.4825,7.39874,188.352,9.60003,39.8782,1,11,-88,-5,10,52,48,10,27771139,262,1,288,13499,
608.494,12635,51.4826,7.39882,188.686,9.85692,38.6291,1,11,-88,-5,10,52,48,10,27771139,262,1,288,13499,
609.518,12644.9,51.4827,7.3989,189.045,10.0203,37.486,1,13,-88,-7,10,52,50,10,27771139,262,1,288,13499,
610.513,12655,51.4828,7.39898,189.164,9.87189,36.5816,1,13,-88,-7,10,52,50,10,27771139,262,1,288,13499,
611.525,12666.3,51.4828,7.39907,189.117,9.79712,35.0308,1,13,-82,-5,12,58,52,10,27771139,262,1,288,13499,
612.53,12677.3,51.4829,7.39916,188.939,10.238,35.6328,1,13,-82,-5,12,58,52,10,27771139,262,1,288,13499,
613.499,12689.7,51.483,7.39926,188.78,12.2874,35.0449,1,13,-82,-5,12,58,52,10,27771139,262,1,288,13499,
614.526,12703.2,51.4831,7.39937,188.487,12.4327,34.4644,1,15,-88,-6,9,52,49,10,27771139,262,1,288,13499,
615.503,12715.8,51.4832,7.39947,188.168,12.6213,34.0686,1,15,-88,-6,9,52,49,10,27771139,262,1,288,13499,
616.518,12729.2,51.4833,7.39957,187.865,13.323,33.9089,1,11,-90,-6,11,50,47,10,27771139,262,1,288,13499,
617.506,12742.6,51.4834,7.39967,187.349,13.9866,34.0565,1,11,-90,-6,11,50,47,10,27771139,262,1,288,13499,
618.498,12755.3,51.4835,7.39977,186.947,14.1167,33.9655,1,6,-93,-7,12,47,44,10,27771139,262,1,288,13499,
619.501,12768.4,51.4836,7.39988,186.408,14.0932,33.779,1,6,-93,-7,12,47,44,10,27771139,262,1,288,13499,
620.506,12781.3,51.4837,7.39998,186.298,13.76,34.4689,1,5,-93,-7,7,47,46,10,27771139,262,1,288,13499,
621.508,12795.9,51.4838,7.40011,186.384,13.8135,35.1967,1,5,-93,-7,7,47,46,10,27771139,262,1,288,13499,
622.504,12810.8,51.4839,7.40023,186.46,13.8371,35.859,1,5,-86,-5,6,54,50,9,28365058,262,1,223,13499,
623.503,12823.5,51.484,7.40035,186.642,14.0108,36.7162,1,5,-86,-5,6,54,50,9,28365058,262,1,223,13499,
624.549,12836.5,51.4841,7.40047,186.82,13.4502,37.7264,1,8,-93,-7,11,47,45,9,28365058,262,1,223,13499,
625.528,12850.5,51.4842,7.4006,186.968,13.1666,38.8743,1,8,-93,-7,11,47,45,9,28365058,262,1,223,13499,
626.5,12864.8,51.4843,7.40073,187.229,12.7182,39.7282,1,13,-92,-6,14,48,45,9,28365058,262,1,223,13499,
627.507,12878.5,51.4844,7.40085,187.334,12.7997,39.9812,1,13,-92,-6,14,48,45,9,28365058,262,1,223,13499,
628.524,12892,51.4845,7.40098,186.903,12.7209,40.4142,1,9,-93,-7,11,47,43,9,28365058,262,1,223,13499,
629.507,12905,51.4846,7.40111,186.446,12.1198,41.5948,1,9,-93,-7,11,47,43,9,28365058,262,1,223,13499,
630.516,12917.4,51.4847,7.40123,186.177,11.9383,42.4234,1,9,-96,-7,11,44,42,9,28365058,262,1,223,13499,
631.501,12929.8,51.4847,7.40136,186.093,11.9037,42.7828,1,9,-96,-7,11,44,42,9,28365058,262,1,223,13499,
632.528,12941.4,51.4848,7.40148,186.077,11.6076,42.3245,1,8,-95,-8,7,45,43,9,28365058,262,1,223,13499,
633.499,12953.2,51.4849,7.40159,186.152,11.6485,41.4601,1,8,-95,-8,7,45,43,9,28365058,262,1,223,13499,
634.498,12965,51.485,7.40171,186.292,11.8239,41.3045,1,12,-95,-7,8,45,42,9,28365058,262,1,223,13499,
635.519,12976.3,51.485,7.40181,186.381,11.524,41.6623,1,12,-95,-7,8,45,42,9,28365058,262,1,223,13499,
636.509,12988,51.4851,7.40193,186.521,11.4796,42.9093,1,11,-98,-8,11,42,40,9,28365058,262,1,223,13499,
637.513,12999.4,51.4852,7.40205,186.703,11.4842,44.1785,1,11,-98,-8,11,42,40,9,28365058,262,1,223,13499,
638.512,13010.6,51.4853,7.40216,186.838,11.1515,45.54,1,11,-93,-7,8,47,44,9,28365058,262,1,223,13499,
639.503,13021.2,51.4853,7.40227,186.792,10.6615,46.1022,1,11,-93,-7,8,47,44,9,28365058,262,1,223,13499,
640.516,13031.6,51.4854,7.40239,186.71,9.41725,47.4075,1,11,-93,-7,8,47,44,9,28365058,262,1,223,13499,
641.522,13040.1,51.4854,7.40248,186.615,9.0955,48.4441,1,6,-96,-8,9,44,42,9,28365058,262,1,223,13499,
642.521,13047.8,51.4855,7.40257,186.418,8.25483,49.639,1,6,-96,-8,9,44,42,9,28365058,262,1,223,13499,
643.514,13055.2,51.4855,7.40265,186.107,7.84324,50.0733,1,7,-96,-7,2,44,42,9,28365058,262,1,223,13499,
644.515,13062.6,51.4856,7.40272,185.841,6.91918,46.3853,1,7,-96,-7,2,44,42,9,28365058,262,1,223,13499,
645.524,13069.6,51.4856,7.40275,185.482,7.10451,11.3338,1,8,-97,-8,2,43,41,9,28365058,262,1,223,13499,
646.509,13077.5,51.4857,7.40274,185.238,7.6825,350.926,1,8,-97,-8,2,43,41,9,28365058,262,1,223,13499,
647.512,13085.1,51.4858,7.4027,185.067,8.11399,331.994,1,14,-96,-8,2,44,42,9,29391105,262,1,351,13499,
648.519,13092.7,51.4858,7.40265,184.912,8.82243,328.386,1,14,-96,-8,2,44,42,9,29391105,262,1,351,13499,
649.519,13102.1,51.4859,7.40257,185.147,9.96818,326.256,1,1,-99,-9,2,41,39,9,26385409,262,1,93,13499,
650.525,13112.2,51.486,7.40249,185.634,10.973,325.262,1,1,-99,-9,2,41,39,9,26385409,262,1,93,13499,
651.519,13123.2,51.4861,7.4024,185.993,11.6065,325.887,1,9,-99,-9,2,41,40,9,26385409,262,1,93,13499,
652.509,13135.2,51.4861,7.4023,186.371,11.559,326.695,1,9,-99,-9,2,41,40,9,26385409,262,1,93,13499,
653.511,13146.4,51.4862,7.40221,186.531,11.3435,328.364,1,7,-97,-8,2,43,41,9,26385409,262,1,93,13499,
654.512,13157.2,51.4863,7.40213,186.364,10.8963,329.607,1,7,-97,-8,2,43,41,9,26385409,262,1,93,13499,
655.518,13168.2,51.4864,7.40205,186.236,10.7939,331.809,1,7,-96,-8,2,44,44,9,26385409,262,1,93,13499,
656.513,13178.7,51.4865,7.40198,186.195,10.8625,333.604,1,7,-96,-8,2,44,44,9,26385409,262,1,93,13499,
657.518,13189.6,51.4866,7.40192,186.495,11.2646,335.819,1,10,-94,-8,2,46,46,9,26385409,262,1,93,13499,
658.517,13200.5,51.4867,7.40187,186.585,11.6427,338.427,1,10,-94,-8,2,46,46,9,26385409,262,1,93,13499,
659.519,13211.7,51.4868,7.40181,186.707,11.7178,340.796,1,10,-94,-8,2,46,46,9,26385409,262,1,93,13499,
660.504,13222.3,51.4868,7.40177,186.775,11.611,342.731,1,10,-94,-8,2,46,46,9,26385409,262,1,93,13499,
661.498,13233.6,51.4869,7.40173,187.086,11.7287,344.784,1,10,-94,-8,2,46,46,9,26385409,262,1,93,13499,
662.498,13245.8,51.4871,7.40169,187.278,11.7178,347.046,1,13,-95,-8,2,45,44,9,27771139,262,1,288,13499,
663.519,13258.4,51.4872,7.40167,187.604,12.1838,349.593,1,13,-95,-8,2,45,44,9,27771139,262,1,288,13499,
664.515,13270.9,51.4873,7.40165,187.826,12.221,352.5,1,9,-91,-7,2,49,47,9,27771139,262,1,288,13499,
665.521,13283.8,51.4874,7.40164,187.793,12.3784,354.46,1,9,-91,-7,2,49,47,9,27771139,262,1,288,13499,
666.507,13297.9,51.4875,7.40164,187.125,12.6392,355.908,1,25,-87,-6,2,53,50,9,26385409,262,1,93,13499,
667.5,13311,51.4876,7.40165,185.991,12.5913,357.784,1,25,-87,-6,2,53,50,9,26385409,262,1,93,13499,
668.501,13323.7,51.4878,7.40166,184.715,12.8426,358.499,1,16,-84,-6,2,56,53,9,26385409,262,1,93,13499,
669.498,13336.2,51.4879,7.40167,183.789,12.9577,358.863,1,16,-84,-6,2,56,53,9,26385409,262,1,93,13499,
670.508,13348.6,51.488,7.40168,183.039,12.7612,359.57,1,18,-83,-5,2,57,53,9,26385409,262,1,93,13499,
671.519,13360.9,51.4881,7.40169,182.19,12.4941,359.942,1,18,-83,-5,2,57,53,9,26385409,262,1,93,13499,
672.512,13373.8,51.4882,7.4017,182.064,11.8414,0.37451,1,22,-84,-5,2,56,53,9,26385409,262,1,93,13499,
673.511,13387,51.4883,7.40171,182.459,10.8072,0.9992,1,22,-84,-5,2,56,53,9,26385409,262,1,93,13499,
674.503,13399.6,51.4884,7.40172,182.844,9.88937,0.583471,1,21,-82,-6,2,58,55,9,26385409,262,1,93,13499,
675.525,13409.6,51.4885,7.40173,183.031,9.31162,0.0241803,1,21,-82,-6,2,58,55,9,26385409,262,1,93,13499,
676.511,13416.3,51.4886,7.40173,182.531,8.42051,0.780648,1,22,-81,-6,2,59,56,9,26385409,262,1,93,13499,
677.504,13423.4,51.4886,7.40174,182.425,6.63486,1.05998,1,22,-81,-6,2,59,56,9,26385409,262,1,93,13499,
678.5,13430.3,51.4887,7.40174,182.646,5.76992,0.493173,1,19,-82,-7,2,58,55,9,26385409,262,1,93,13499,
679.511,13434.8,51.4888,7.40175,182.99,4.91656,359.545,1,19,-82,-7,2,58,55,9,26385409,262,1,93,13499,
680.507,13437.5,51.4888,7.40175,182.56,4.42905,359.083,1,18,-82,-7,2,58,55,9,26385409,262,1,93,13499,
681.51,13440.3,51.4888,7.40175,181.724,4.14499,0.181334,1,18,-82,-7,2,58,55,9,26385409,262,1,93,13499,
682.52,13444.2,51.4888,7.40176,181.647,3.96688,0.612393,1,17,-82,-7,2,58,56,9,26385409,262,1,93,13499,
683.513,13449,51.4889,7.40176,181.607,3.23051,359.866,1,17,-82,-7,2,58,56,9,26385409,262,1,93,13499,
684.505,13451.6,51.4889,7.40176,181.552,2.09441,0.24242,1,8,-84,-8,2,56,56,9,26385409,262,1,93,13499,
685.504,13452.8,51.4889,7.40176,181.495,0.602056,0.24242,1,8,-84,-8,2,56,56,9,26385409,262,1,93,13499,
686.493,13452.8,51.4889,7.40176,181.496,0,0.24242,1,22,-82,-8,2,58,58,9,26385410,262,1,94,13499,
687.505,13452.8,51.4889,7.40176,181.498,0,0.24242,1,22,-82,-8,2,58,58,9,26385410,262,1,94,13499,
688.509,13452.8,51.4889,7.40176,181.503,0,0.24242,1,23,-79,-8,2,61,60,9,26385410,262,1,94,13499,
689.536,13452.8,51.4889,7.40176,181.508,0,0.24242,1,23,-79,-8,2,61,60,9,26385410,262,1,94,13499,
690.519,13452.8,51.4889,7.40176,181.515,0,0.24242,1,23,-79,-8,2,61,60,9,26385410,262,1,94,13499,
691.512,13452.8,51.4889,7.40176,181.523,0,0.24242,1,18,-79,-7,2,61,60,9,26385410,262,1,94,13499,
692.5,13452.8,51.4889,7.40176,181.637,0,0.24242,1,18,-79,-7,2,61,60,9,26385410,262,1,94,13499,
693.501,13452.8,51.4889,7.40176,181.743,0,0.24242,1,22,-79,-7,2,61,60,9,26385410,262,1,94,13499,
694.522,13459.6,51.489,7.40175,181.798,0,353.089,1,22,-79,-7,2,61,60,9,26385410,262,1,94,13499,
695.52,13459.6,51.489,7.40175,182.358,0,355.319,1,25,-80,-8,2,60,60,9,26385410,262,1,94,13499,
696.52,13469.9,51.4891,7.40174,182.386,5.33074,356.836,1,25,-80,-8,2,60,60,9,26385410,262,1,94,13499,
697.503,13474.6,51.4891,7.40174,182.226,6.36668,357.537,1,25,-80,-8,2,60,59,9,26385410,262,1,94,13499,
698.522,13479.7,51.4892,7.40174,181.937,6.31214,358.683,1,25,-80,-8,2,60,59,9,26385410,262,1,94,13499,
699.516,13485.6,51.4892,7.40174,180.917,6.69149,359.932,1,29,-80,-8,2,60,59,9,26385410,262,1,94,13499,
700.521,13492.4,51.4893,7.40174,179.156,6.97952,0.479117,1,29,-80,-8,2,60,59,9,26385410,262,1,94,13499,
701.502,13499.9,51.4893,7.40177,178.422,5.60675,18.2014,1,29,-79,-7,2,61,59,9,26385410,262,1,94,13499,
702.498,13505,51.4894,7.40183,178.016,6.59626,52.4274,1,29,-79,-7,2,61,59,9,26385410,262,1,94,13499,
703.499,13512.1,51.4894,7.40192,177.454,8.32628,65.006,1,30,-78,-6,2,62,59,9,26385410,262,1,94,13499,
704.521,13523.2,51.4894,7.40208,176.829,9.73958,86.6421,1,30,-78,-6,2,62,59,9,26385410,262,1,94,13499,
705.523,13533.5,51.4894,7.40223,176.787,11.2744,88.0762,1,31,-74,-6,2,66,63,9,26385410,262,1,94,13499,
706.508,13545.7,51.4894,7.4024,177.085,12.2868,88.5646,1,31,-74,-6,2,66,63,9,26385410,262,1,94,13499,
707.518,13558.3,51.4894,7.40258,177.657,13.1936,89.5368,1,26,-72,-6,2,68,63,9,26385410,262,1,94,13499,
708.516,13572.8,51.4894,7.40279,178.065,13.9758,89.8669,1,26,-72,-6,2,68,63,9,26385410,262,1,94,13499,
709.519,13587.1,51.4894,7.403,178.304,14.4555,88.9132,1,27,-75,-7,2,65,63,9,26385410,262,1,94,13499,
710.51,13601,51.4894,7.4032,178.441,14.147,89.8607,1,27,-75,-7,2,65,63,9,26385410,262,1,94,13499,
711.52,13614.7,51.4894,7.4034,178.606,14.4836,90.6467,1,27,-75,-7,2,65,63,9,26385410,262,1,94,13499,
712.505,13629.4,51.4894,7.40361,178.687,14.7726,90.7131,1,28,-74,-6,2,66,63,9,26385410,262,1,94,13499,
713.525,13644.4,51.4894,7.40383,178.726,15.0368,90.7921,1,28,-74,-6,2,66,63,9,26385410,262,1,94,13499,
714.517,13659.5,51.4894,7.40405,178.698,15.1368,91.2533,1,22,-73,-7,2,67,63,9,26385410,262,1,94,13499,
715.511,13674.3,51.4894,7.40426,178.768,15.0616,91.4785,1,22,-73,-7,2,67,63,9,26385410,262,1,94,13499,
716.525,13688.6,51.4894,7.40447,178.956,14.9023,90.9135,1,19,-72,-7,2,68,63,9,26385410,262,1,94,13499,
717.497,13702.7,51.4894,7.40467,179.334,14.5929,89.9683,1,19,-72,-7,2,68,63,9,26385410,262,1,94,13499,
718.519,13717.5,51.4894,7.40489,179.532,14.4465,90.7267,1,7,-77,-10,2,63,63,9,26385410,262,1,94,13499,
719.495,13732,51.4894,7.4051,179.805,14.2772,90.2908,1,7,-77,-10,2,63,63,9,26385410,262,1,94,13499,
720.512,13746.4,51.4894,7.4053,180.012,14.458,89.4379,1,21,-73,-6,2,67,63,9,26385408,262,1,95,13499,
721.513,13760.2,51.4894,7.4055,180.45,14.7319,87.4037,1,21,-73,-6,2,67,63,9,26385408,262,1,95,13499,
722.511,13773.7,51.4894,7.4057,181.126,14.8614,85.211,1,22,-72,-6,2,68,63,9,26385408,262,1,95,13499,
723.52,13789.4,51.4894,7.40592,181.719,14.9898,83.0872,1,22,-72,-6,2,68,63,9,26385408,262,1,95,13499,
724.492,13804.7,51.4895,7.40614,182.332,15.0767,81.5356,1,17,-72,-6,2,68,63,9,26385408,262,1,95,13499,
725.516,13820,51.4895,7.40635,182.897,15.3927,79.9199,1,17,-72,-6,2,68,63,9,26385408,262,1,95,13499,
726.511,13836.1,51.4895,7.40657,183.592,15.239,79.5379,1,13,-73,-6,2,67,63,9,26385408,262,1,95,13499,
727.508,13851.1,51.4896,7.40678,184.249,15.1049,78.8605,1,13,-73,-6,2,67,63,9,26385408,262,1,95,13499,
728.508,13865.7,51.4896,7.40699,184.922,14.951,78.2612,1,18,-75,-6,2,65,63,9,26385408,262,1,95,13499,
729.494,13881.1,51.4896,7.40721,184.923,14.8236,78.2269,1,18,-75,-6,2,65,63,9,26385408,262,1,95,13499,
730.512,13896.5,51.4897,7.40742,184.667,14.8338,78.0071,1,18,-75,-6,2,65,63,9,26385408,262,1,95,13499,
731.514,13911,51.4897,7.40763,184.149,14.379,78.495,1,14,-73,-6,2,67,63,9,26385408,262,1,95,13499,
732.515,13925.2,51.4897,7.40782,183.579,13.9817,79.1693,1,14,-73,-6,2,67,63,9,26385408,262,1,95,13499,
733.516,13938.9,51.4897,7.40802,182.972,13.6387,78.776,1,16,-71,-6,2,69,63,9,26385408,262,1,95,13499,
734.511,13951.5,51.4898,7.40819,182.464,11.7311,78.1161,1,16,-71,-6,2,69,63,9,26385408,262,1,95,13499,
735.505,13963.3,51.4898,7.40836,181.987,10.4465,76.5231,1,15,-75,-6,2,65,59,9,26385408,262,1,95,13499,
736.497,13973.6,51.4898,7.4085,181.432,10.221,75.7279,1,15,-75,-6,2,65,59,9,26385408,262,1,95,13499,
737.505,13984,51.4898,7.40865,180.745,10.9377,76.4569,1,15,-77,-6,2,63,59,9,26385408,262,1,95,13499,
738.529,13996.1,51.4899,7.40882,180.189,12.0263,76.9918,1,15,-77,-6,2,63,59,9,26385408,262,1,95,13499,
739.494,14008.1,51.4899,7.40899,179.608,12.9045,77.7134,1,15,-78,-6,2,62,58,9,26385408,262,1,95,13499,
740.504,14021.2,51.4899,7.40917,179.003,13.4635,78.2079,1,15,-78,-6,2,62,58,9,26385408,262,1,95,13499,
741.524,14034.8,51.4899,7.40937,178.374,13.9246,77.2629,1,19,-76,-6,2,64,60,9,26385408,262,1,95,13499,
742.503,14048.9,51.49,7.40957,177.698,14.3901,78.2088,1,19,-76,-6,2,64,60,9,26385408,262,1,95,13499,
743.514,14063.4,51.49,7.40977,177.035,14.4119,78.4376,1,20,-76,-6,2,64,60,9,26385408,262,1,95,13499,
744.518,14078.2,51.49,7.40998,176.127,14.3976,78.3945,1,20,-76,-6,2,64,60,9,26385408,262,1,95,13499,
745.703,14092.1,51.49,7.41018,175.357,14.2683,78.8055,1,20,-76,-5,2,64,60,9,26385408,262,1,95,13499,
746.503,14106.2,51.4901,7.41038,174.33,14.2578,78.1713,1,20,-76,-5,2,64,60,9,26385408,262,1,95,13499,
747.498,14119.3,51.4901,7.41057,173.162,14.1713,78.242,1,19,-76,-5,12,64,61,5,26385408,262,1,95,13499,
748.516,14132.6,51.4901,7.41076,171.809,13.7757,78.5825,1,19,-76,-5,12,64,61,5,26385408,262,1,95,13499,
749.501,14146.6,51.4901,7.41096,171.084,13.2744,78.414,1,13,-86,-6,10,54,51,5,26385408,262,1,95,13499,
750.511,14159.6,51.4901,7.41114,170.842,12.9844,77.5927,1,13,-86,-6,10,54,51,5,26385408,262,1,95,13499,
