0.222,0,51.4904,7.41236,174.344,8.70692,64.7946,1,5,-90,-8,2,50,47,6,26385408,262,1,95,13499,
1.395,21.7561,51.4904,7.41266,173.707,10.6439,78.5564,1,5,-90,-8,2,50,47,6,26385408,262,1,95,13499,
2.442,21.7561,51.4904,7.41266,173.707,10.6439,78.5564,1,12,-91,-8,8,49,47,8,26385408,262,1,95,13499,
3.435,33.359,51.4905,7.41283,172.379,12.1723,78.0291,1,12,-91,-8,8,49,47,8,26385408,262,1,95,13499,
4.441,47.2422,51.4905,7.41302,170.972,13.4111,77.1622,1,11,-87,-6,14,53,52,8,26385408,262,1,95,13499,
5.419,62.3949,51.4905,7.41324,170.359,13.635,77.5208,1,11,-87,-6,14,53,52,8,26385408,262,1,95,13499,
6.431,62.3949,51.4897,7.40731,nan,14.0309,77.2831,1,10,-88,-6,10,52,50,8,26385408,262,1,95,13499,
7.418,62.3949,51.4906,7.41363,170.474,14.3143,77.7634,1,10,-88,-6,10,52,50,8,26385408,262,1,95,13499,
8.403,76.6206,51.4906,7.41383,170,14.4464,78.3999,1,23,-86,-7,11,54,53,8,26385408,262,1,95,13499,
9.411,91.2145,51.4906,7.41404,169.57,14.5439,78.0808,1,23,-86,-7,11,54,53,8,26385408,262,1,95,13499,
10.437,104.437,51.4906,7.41423,168.971,14.5161,77.9708,1,15,-82,-6,11,58,56,8,26385408,262,1,95,13499,
11.405,119.512,51.4906,7.41445,168.569,14.4311,77.691,1,15,-82,-6,11,58,56,8,26385408,262,1,95,13499,
12.445,133.514,51.4907,7.41465,167.661,14.2431,78.2727,1,14,-82,-7,12,58,57,8,26385408,262,1,95,13499,
13.424,146.25,51.4907,7.41483,166.178,13.9045,78.9542,1,14,-82,-7,12,58,57,8,26385408,262,1,95,13499,
14.429,160.413,51.4907,7.41503,164.803,13.8082,80.1978,1,15,-85,-6,10,55,53,8,26385408,262,1,95,13499,
15.435,173.396,51.4907,7.41522,163.449,13.4846,81.7084,1,15,-85,-6,10,55,53,8,26385408,262,1,95,13499,
16.414,186.537,51.4907,7.41541,162.15,13.2041,83.4723,1,3,-82,-6,6,58,55,3,29391105,262,1,351,13499,
17.412,197.953,51.4907,7.41557,160.779,11.5141,85.4139,1,3,-82,-6,6,58,55,3,29391105,262,1,351,13499,
18.434,209.343,51.4907,7.41574,159.625,11.2064,87.4139,1,24,-81,-7,15,59,57,3,29391105,262,1,351,13499,
19.415,220.605,51.4907,7.4159,158.731,10.7853,89.6478,1,24,-81,-7,15,59,57,3,29391105,262,1,351,13499,
20.398,231.514,51.4907,7.41606,158.029,9.68478,91.9504,1,20,-77,-5,10,63,60,3,29391105,262,1,351,13499,
21.404,240.35,51.4907,7.41618,157.354,8.55598,94.0664,1,20,-77,-5,10,63,60,3,29391105,262,1,351,13499,
22.386,250.319,51.4907,7.41633,157.739,8.0005,96.2492,1,17,-80,-6,12,60,57,3,29391105,262,1,351,13499,
23.414,257.648,51.4907,7.41643,158.044,7.12276,97.7218,1,17,-80,-6,12,60,57,3,29391105,262,1,351,13499,
24.426,265.466,51.4907,7.41654,158.548,6.25538,100.033,1,22,-80,-6,14,60,56,3,29391105,262,1,351,13499,
25.433,271.998,51.4906,7.41663,159.124,5.80077,101.148,1,22,-80,-6,14,60,56,3,29391105,262,1,351,13499,
26.465,271.998,51.4918,7.42097,nan,5.3334,102.299,1,22,-80,-6,14,60,56,3,29391105,262,1,351,13499,
27.397,271.998,51.4906,7.41678,159.633,4.06375,103.394,1,19,-82,-6,10,58,55,3,29391105,262,1,351,13499,
28.438,274.748,51.4906,7.41681,159.605,1.9758,103.848,1,19,-82,-6,10,58,55,3,29391105,262,1,351,13499,
29.432,275.37,51.4906,7.41682,159.623,0.724558,103.848,1,18,-79,-6,11,61,57,3,29391105,262,1,351,13499,
30.397,275.37,51.4906,7.41682,159.629,0,103.848,1,18,-79,-6,11,61,57,3,29391105,262,1,351,13499,
31.418,275.37,51.4906,7.41682,159.64,0,103.848,1,20,-82,-6,11,58,55,3,29391105,262,1,351,13499,
32.428,275.37,51.4906,7.41682,159.654,0,103.848,1,20,-82,-6,11,58,55,3,29391105,262,1,351,13499,
33.452,275.37,51.4906,7.41682,159.669,0,103.848,1,19,-80,-6,12,60,57,3,29391105,262,1,351,13499,
34.405,275.37,51.4906,7.41682,159.683,0,103.848,1,19,-80,-6,12,60,57,3,29391105,262,1,351,13499,
35.443,275.37,51.4906,7.41682,159.696,0,103.848,1,22,-81,-6,14,59,56,3,29391105,262,1,351,13499,
36.413,275.37,51.4906,7.41682,159.71,0,103.848,1,22,-81,-6,14,59,56,3,29391105,262,1,351,13499,
37.421,275.37,51.4906,7.41682,159.723,0,103.848,1,17,-82,-6,12,58,54,3,29391105,262,1,351,13499,
38.416,275.37,51.4906,7.41682,159.737,0,103.848,1,17,-82,-6,12,58,54,3,29391105,262,1,351,13499,
39.407,275.37,51.4906,7.41682,159.754,0,103.848,1,20,-82,-5,12,58,55,3,29391105,262,1,351,13499,
40.4,275.37,51.4906,7.41682,159.771,0,103.848,1,20,-82,-5,12,58,55,3,29391105,262,1,351,13499,
41.435,275.37,51.4906,7.41682,159.787,0,103.848,1,17,-82,-6,11,58,54,3,29391105,262,1,351,13499,
42.413,275.37,51.4906,7.41682,159.802,0,103.848,1,17,-82,-6,11,58,54,3,29391105,262,1,351,13499,
43.418,275.37,51.4906,7.41682,159.816,0,103.848,1,19,-81,-6,12,59,56,3,29391105,262,1,351,13499,
44.433,275.37,51.4906,7.41682,159.83,0,103.848,1,19,-81,-6,12,59,56,3,29391105,262,1,351,13499,
45.411,275.37,51.4906,7.41682,159.843,0,103.848,1,23,-82,-5,14,58,55,3,29391105,262,1,351,13499,
46.417,275.37,51.4918,7.42097,nan,0,103.848,1,23,-82,-5,14,58,55,3,29391105,262,1,351,13499,
47.411,275.37,51.4906,7.41682,159.871,0,103.848,1,33,-81,-5,13,59,55,3,29391105,262,1,351,13499,
48.432,275.37,51.4906,7.41682,159.884,0,103.848,1,33,-81,-5,13,59,55,3,29391105,262,1,351,13499,
49.419,275.37,51.4906,7.41682,159.899,0,103.848,1,33,-81,-5,13,59,55,3,29391105,262,1,351,13499,
50.41,275.37,51.4906,7.41682,159.916,0,103.848,1,18,-81,-5,2,59,56,3,29391105,262,1,351,13499,
51.427,275.37,51.4906,7.41682,159.935,0,103.848,1,18,-81,-5,2,59,56,3,29391105,262,1,351,13499,
52.426,275.37,51.4906,7.41682,159.956,0,103.848,1,19,-81,-5,2,59,55,3,29391105,262,1,351,13499,
53.436,275.37,51.4906,7.41682,159.978,0,103.848,1,19,-81,-5,2,59,55,3,29391105,262,1,351,13499,
54.412,275.37,51.4906,7.41682,160.003,0,103.848,1,18,-82,-6,2,58,54,3,29391105,262,1,351,13499,
55.417,275.815,51.4906,7.41682,160.029,0,103.848,1,18,-82,-6,2,58,54,3,29391105,262,1,351,13499,
56.423,276.608,51.4906,7.41683,160.052,0,103.848,1,24,-82,-6,2,58,55,3,29391105,262,1,351,13499,
57.412,277.043,51.4906,7.41684,160.079,0,103.848,1,24,-82,-6,2,58,55,3,29391105,262,1,351,13499,
58.422,277.177,51.4906,7.41684,160.102,0,103.848,1,19,-81,-6,11,59,56,4,29391105,262,1,351,13499,
59.417,277.462,51.4906,7.41684,160.122,0,103.848,1,19,-81,-6,11,59,56,4,29391105,262,1,351,13499,
60.418,277.762,51.4906,7.41684,160.141,0,103.848,1,19,-81,-5,14,59,55,4,29391105,262,1,351,13499,
61.423,277.952,51.4906,7.41684,160.159,0,103.848,1,19,-81,-5,14,59,55,4,29391105,262,1,351,13499,
62.422,278.386,51.4906,7.41685,160.174,0,103.848,1,20,-82,-7,11,58,56,4,29391105,262,1,351,13499,
63.396,279.037,51.4906,7.41686,160.297,0,135.491,1,20,-82,-7,11,58,56,4,29391105,262,1,351,13499,
64.411,279.753,51.4906,7.41686,160.39,0,357.253,1,19,-82,-6,12,58,56,4,29391105,262,1,351,13499,
65.404,280.314,51.4906,7.41686,160.404,0,357.253,1,19,-82,-6,12,58,56,4,29391105,262,1,351,13499,
66.406,280.314,51.4918,7.42097,nan,0,357.253,1,19,-81,-6,11,59,56,4,29391105,262,1,351,13499,
67.398,280.314,51.4906,7.41688,160.442,0,357.253,1,19,-81,-6,11,59,56,4,29391105,262,1,351,13499,
68.402,281.826,51.4906,7.41686,160.698,0,102.655,1,21,-77,-5,12,63,59,4,29391105,262,1,351,13499,
69.41,284.637,51.4906,7.41689,160.792,0,103.71,1,21,-77,-5,12,63,59,4,29391105,262,1,351,13499,
70.453,289.821,51.4906,7.41697,161.568,2.24998,98.9607,1,25,-75,-5,15,65,61,4,29391105,262,1,351,13499,
71.421,295.088,51.4906,7.41704,162.015,3.83536,83.1948,1,25,-75,-5,15,65,61,4,29391105,262,1,351,13499,
72.404,302.702,51.4906,7.41714,162.014,4.96031,55.8052,1,25,-75,-5,15,65,61,4,29391105,262,1,351,13499,
73.432,308.552,51.4906,7.41717,161.971,5.80584,21.5284,1,19,-84,-6,11,56,52,4,29391105,262,1,351,13499,
74.413,316.734,51.4907,7.41717,161.68,6.57139,359.126,1,19,-84,-6,11,56,52,4,29391105,262,1,351,13499,
75.423,326.14,51.4908,7.41715,161.875,8.27647,347.997,1,11,-90,-7,12,50,48,4,29391105,262,1,351,13499,
76.423,334.82,51.4909,7.41715,161.919,6.4509,3.47746,1,11,-90,-7,12,50,48,4,29391105,262,1,351,13499,
77.415,341.088,51.4909,7.41721,161.764,6.65401,48.2691,1,10,-89,-6,9,51,47,4,29391105,262,1,351,13499,
78.425,347.101,51.4909,7.41729,161.565,6.4674,84.016,1,10,-89,-6,9,51,47,4,29391105,262,1,351,13499,
79.414,355.484,51.4909,7.41741,161.645,7.44956,96.6982,1,5,-92,-9,10,48,47,4,29391105,262,1,351,13499,
80.428,364.866,51.4909,7.41755,161.999,8.56727,94.8619,1,5,-92,-9,10,48,47,4,29391105,262,1,351,13499,
81.429,373.232,51.4909,7.41767,161.958,9.16991,94.1349,1,6,-97,-9,9,43,43,4,29391105,262,1,351,13499,
82.421,384.185,51.4909,7.41782,162.033,9.37738,94.4018,1,6,-97,-9,9,43,43,4,29391105,262,1,351,13499,
83.43,393.94,51.4909,7.41797,161.76,9.7104,95.2799,1,13,-93,-9,11,47,47,4,29391105,262,1,351,13499,
84.393,404.908,51.4909,7.41812,161.752,9.96385,96.0845,1,13,-93,-9,11,47,47,4,29391105,262,1,351,13499,
85.434,414.363,51.4909,7.41826,161.605,10.2878,97.7357,1,9,-92,-8,12,48,48,4,29391105,262,1,351,13499,
86.439,414.363,51.4918,7.42097,nan,10.5814,100.39,1,9,-92,-8,12,48,48,4,29391105,262,1,351,13499,
87.415,414.363,51.4908,7.41853,161.738,10.8156,115.046,1,2,-96,-9,12,44,44,4,29391105,262,1,351,13499,
88.428,424.953,51.4908,7.41866,161.503,11.0226,118.022,1,2,-96,-9,12,44,44,4,29391105,262,1,351,13499,
89.421,435.711,51.4907,7.41878,161.197,10.9792,133.979,1,7,-100,-10,13,40,41,4,29391105,262,1,351,13499,
90.426,446.066,51.4906,7.41888,160.473,11.2915,134.628,1,7,-100,-10,13,40,41,4,29391105,262,1,351,13499,
91.423,456.954,51.4906,7.41899,159.256,11.2815,135.366,1,-3,-97,-10,6,43,43,13,28365056,262,1,222,13499,
92.425,468.688,51.4905,7.4191,157.915,11.2118,136.064,1,-3,-97,-10,6,43,43,13,28365056,262,1,222,13499,
93.413,480.045,51.4904,7.41921,156.791,11.3988,136.52,1,-3,-97,-10,6,43,43,13,28365056,262,1,222,13499,
94.429,491.318,51.4903,7.41932,155.683,11.4307,137.332,1,4,-101,-10,9,39,41,13,28365056,262,1,222,13499,
95.401,503.363,51.4903,7.41944,154.788,11.467,137.374,1,4,-101,-10,9,39,41,13,28365056,262,1,222,13499,
96.402,514.894,51.4902,7.41955,154.107,11.3366,137.896,1,6,-101,-10,9,39,41,13,28365056,262,1,222,13499,
97.425,527.203,51.4901,7.41966,153.666,11.2962,138.504,1,6,-101,-10,9,39,41,13,28365056,262,1,222,13499,
98.427,537.921,51.49,7.41976,153.293,11.3041,138.964,1,2,-99,-11,11,41,42,13,28365056,262,1,222,13499,
99.414,549.19,51.4899,7.41986,153.236,11.1138,139.931,1,2,-99,-11,11,41,42,13,28365056,262,1,222,13499,
100.43,560.71,51.4899,7.41997,153.18,11.0961,140.136,1,7,-98,-11,7,42,44,13,28365056,262,1,222,13499,
101.47,571.787,51.4898,7.42006,153.033,10.7263,141.26,1,7,-98,-11,7,42,44,13,28365056,262,1,222,13499,
102.433,582.225,51.4897,7.42015,152.971,10.8114,142.724,1,12,-99,-11,9,41,43,13,28365056,262,1,222,13499,
103.414,592.968,51.4896,7.42024,152.868,10.646,143.982,1,12,-99,-11,9,41,43,13,28365056,262,1,222,13499,
104.426,603.423,51.4895,7.42032,152.58,10.5795,144.627,1,10,-101,-9,7,39,40,13,28365056,262,1,222,13499,
105.427,613.852,51.4895,7.42041,152.647,10.0538,143.903,1,10,-101,-9,7,39,40,13,28365056,262,1,222,13499,
106.412,613.852,51.4896,7.41953,nan,9.80576,129.77,1,8,-102,-10,11,38,38,13,28365056,262,1,222,13499,
107.42,613.852,51.4894,7.42063,153.722,9.5642,116.406,1,8,-102,-10,11,38,38,13,28365056,262,1,222,13499,
108.421,622.593,51.4893,7.42075,154.45,8.81711,113.054,1,4,-103,-11,9,37,38,13,28365056,262,1,222,13499,
109.438,629.921,51.4893,7.42085,155.069,6.8377,109.045,1,4,-103,-11,9,37,38,13,28365056,262,1,222,13499,
110.399,635.069,51.4893,7.42092,155.08,3.59313,107.786,1,6,-104,-10,7,36,37,13,28365056,262,1,222,13499,
111.405,638.453,51.4893,7.42096,155.073,3.31676,127.37,1,6,-104,-10,7,36,37,13,28365056,262,1,222,13499,
112.414,642.414,51.4893,7.42098,154.884,4.91939,162.081,1,7,-104,-12,7,36,39,13,28365056,262,1,222,13499,
113.435,646.875,51.4892,7.42096,154.337,5.99485,192.073,1,7,-104,-12,7,36,39,13,28365056,262,1,222,13499,
114.394,653.693,51.4892,7.42094,153.619,6.85031,191.473,1,5,-100,-10,7,40,41,13,28365056,262,1,222,13499,
115.409,661.554,51.4891,7.42091,153.569,7.92732,192.995,1,5,-100,-10,7,40,41,13,28365056,262,1,222,13499,
116.426,670.404,51.489,7.42088,153.908,9.31963,193.572,1,6,-99,-10,6,41,43,13,28365056,262,1,222,13499,
117.405,680.126,51.4889,7.42085,154.383,10.3297,194.069,1,6,-99,-10,6,41,43,13,28365056,262,1,222,13499,
118.408,690.495,51.4888,7.42082,154.65,9.13628,194.036,1,4,-90,-9,6,50,50,9,29391105,262,1,351,13499,
119.445,702.752,51.4887,7.42079,155.5,10.0925,192.034,1,4,-90,-9,6,50,50,9,29391105,262,1,351,13499,
120.416,711.169,51.4886,7.42077,156.355,6.52267,193.921,1,4,-90,-9,6,50,50,9,29391105,262,1,351,13499,
121.413,717.9,51.4886,7.42075,156.591,4.32658,192.879,1,5,-89,-9,12,51,52,9,29391105,262,1,351,13499,
122.435,722.445,51.4885,7.42077,156.665,3.43608,153.229,1,5,-89,-9,12,51,52,9,29391105,262,1,351,13499,
123.459,726.352,51.4885,7.42081,156.772,3.68625,118.222,1,4,-92,-9,10,48,48,9,29391105,262,1,351,13499,
124.42,729.631,51.4885,7.42085,156.883,3.66931,102.892,1,4,-92,-9,10,48,48,9,29391105,262,1,351,13499,
125.414,734.901,51.4885,7.42093,157.675,6.58679,100.11,1,7,-91,-7,8,49,48,9,29391105,262,1,351,13499,
126.413,734.901,51.4911,7.4178,nan,7.6753,98.3348,1,7,-91,-7,8,49,48,9,29391105,262,1,351,13499,
127.414,734.901,51.4885,7.42114,157.911,7.91801,97.0179,1,3,-92,-9,8,48,49,9,29391105,262,1,351,13499,
128.42,743.549,51.4885,7.42127,157.909,7.91529,100.985,1,3,-92,-9,8,48,49,9,29391105,262,1,351,13499,
129.404,751.656,51.4885,7.42137,158.218,8.30331,127.665,1,2,-92,-10,9,48,50,9,29391105,262,1,351,13499,
130.431,760.07,51.4884,7.42147,158.602,9.15355,128.226,1,2,-92,-10,9,48,50,9,29391105,262,1,351,13499,
131.41,769.184,51.4884,7.42157,158.811,9.44027,128.84,1,5,-93,-7,8,47,45,9,29391105,262,1,351,13499,
132.418,778.576,51.4883,7.42167,158.825,9.51577,129.552,1,5,-93,-7,8,47,45,9,29391105,262,1,351,13499,
133.394,788.606,51.4882,7.42179,159.027,10.0343,130.216,1,4,-96,-12,8,44,48,9,29391105,262,1,351,13499,
134.408,799.035,51.4882,7.42191,159.108,10.069,128.937,1,4,-96,-12,8,44,48,9,29391105,262,1,351,13499,
135.413,809.168,51.4881,7.42202,158.791,9.96144,125.587,1,4,-94,-10,11,46,48,9,29391105,262,1,351,13499,
136.454,818.746,51.4881,7.42215,158.395,10.2076,110.363,1,4,-94,-10,11,46,48,9,29391105,262,1,351,13499,
137.404,828.321,51.4881,7.42228,157.642,10.1941,109.103,1,1,-97,-10,9,43,44,9,29391105,262,1,351,13499,
138.422,838.245,51.4881,7.42242,156.611,10.4791,107.787,1,1,-97,-10,9,43,44,9,29391105,262,1,351,13499,
139.429,849.399,51.488,7.42258,155.876,10.5855,106.633,1,-4,-100,-8,4,40,40,9,29391105,262,1,351,13499,
140.41,859.9,51.488,7.42273,155.301,10.5662,105.548,1,-4,-100,-8,4,40,40,9,29391105,262,1,351,13499,
141.422,870.217,51.488,7.42287,154.856,10.4591,105.128,1,-5,-96,-10,6,44,45,13,28365056,262,1,222,13499,
142.404,880.76,51.488,7.42302,154.784,10.3027,104.668,1,-5,-96,-10,6,44,45,13,28365056,262,1,222,13499,
143.412,890.937,51.488,7.42316,154.765,10.393,105,1,2,-95,-10,10,45,46,13,28365056,262,1,222,13499,
144.438,901.428,51.4879,7.42331,154.496,10.9638,106.072,1,2,-95,-10,10,45,46,13,28365056,262,1,222,13499,
145.427,911.89,51.4879,7.42346,154.137,10.8722,108.084,1,2,-95,-10,10,45,46,13,28365056,262,1,222,13499,
146.414,911.89,51.4904,7.42735,nan,11.0636,121.948,1,6,-95,-11,11,45,48,13,28365056,262,1,222,13499,
147.403,911.89,51.4878,7.42373,154.05,10.8595,124.342,1,6,-95,-11,11,45,48,13,28365056,262,1,222,13499,
148.414,922.643,51.4877,7.42385,154.348,10.9242,127.809,1,8,-93,-12,7,47,50,13,28365056,262,1,222,13499,
149.426,933.446,51.4877,7.42397,154.525,10.6421,131.367,1,8,-93,-12,7,47,50,13,28365056,262,1,222,13499,
150.43,945.365,51.4876,7.42408,154.434,10.8486,134.815,1,7,-92,-9,8,48,48,13,28365056,262,1,222,13499,
151.405,955.399,51.4875,7.42417,154.205,10.488,138.205,1,7,-92,-9,8,48,48,13,28365056,262,1,222,13499,
152.429,966.883,51.4874,7.42427,153.448,10.4797,141.366,1,4,-93,-11,7,47,49,13,28365056,262,1,222,13499,
153.416,977.527,51.4874,7.42435,152.66,10.9848,143.061,1,4,-93,-11,7,47,49,13,28365056,262,1,222,13499,
154.427,988.541,51.4873,7.42444,151.851,11.1268,142.808,1,-1,-95,-9,7,45,46,13,28365056,262,1,222,13499,
155.418,999.358,51.4872,7.42453,150.876,10.9593,141.683,1,-1,-95,-9,7,45,46,13,28365056,262,1,222,13499,
156.438,1011.09,51.4871,7.42464,150.112,11.2789,139.582,1,0,-91,-9,6,49,49,10,28367106,262,1,103,13499,
157.439,1022.48,51.487,7.42475,149.492,11.494,137.508,1,0,-91,-9,6,49,49,10,28367106,262,1,103,13499,
158.413,1034.71,51.487,7.42487,148.697,11.729,135.815,1,4,-90,-10,10,50,51,10,28367106,262,1,103,13499,
159.437,1046.37,51.4869,7.42499,148.114,12.2389,134.489,1,4,-90,-10,10,50,51,10,28367106,262,1,103,13499,
160.413,1059.03,51.4868,7.42513,147.84,12.4573,133.312,1,7,-91,-9,7,49,49,10,28367106,262,1,103,13499,
161.413,1072.03,51.4867,7.42527,147.644,12.797,131.937,1,7,-91,-9,7,49,49,10,28367106,262,1,103,13499,
162.438,1085.56,51.4867,7.42542,147.119,13.1729,131.156,1,5,-85,-8,11,55,54,10,28367106,262,1,103,13499,
163.429,1098.69,51.4866,7.42556,146.46,13.3207,131.05,1,5,-85,-8,11,55,54,10,28367106,262,1,103,13499,
164.428,1112.34,51.4865,7.42571,146.226,13.3066,132.021,1,18,-86,-7,11,54,53,10,28367106,262,1,103,13499,
165.414,1125.15,51.4864,7.42584,145.7,12.9599,134.665,1,18,-86,-7,11,54,53,10,28367106,262,1,103,13499,
166.395,1125.15,51.4829,7.43126,nan,12.4373,136.655,1,18,-82,-5,11,58,56,10,28367106,262,1,103,13499,
167.367,1125.15,51.4863,7.42608,143.81,11.9269,137.901,1,18,-82,-5,11,58,56,10,28367106,262,1,103,13499,
168.465,1135.96,51.4862,7.42619,142.466,11.7686,138.083,1,18,-83,-6,11,57,55,10,28367106,262,1,103,13499,
169.412,1147.54,51.4861,7.4263,141.149,12.0677,136.789,1,18,-83,-6,11,57,55,10,28367106,262,1,103,13499,
170.425,1159.31,51.486,7.42642,139.81,12.1912,134.091,1,18,-84,-6,15,56,51,10,28367106,262,1,103,13499,
171.426,1171.16,51.486,7.42655,138.808,12.381,131.083,1,18,-84,-6,15,56,51,10,28367106,262,1,103,13499,
172.422,1183.32,51.4859,7.42669,137.982,12.455,128.539,1,18,-84,-6,15,56,51,10,28367106,262,1,103,13499,
173.4,1196.15,51.4858,7.42685,137.059,12.5893,124.772,1,16,-81,-6,13,59,56,10,28367106,262,1,103,13499,
174.409,1208.72,51.4858,7.42701,136.38,12.6929,123.665,1,16,-81,-6,13,59,56,10,28367106,262,1,103,13499,
175.435,1221.2,51.4857,7.42716,135.696,12.9476,124.889,1,18,-90,-6,15,50,48,10,28367106,262,1,103,13499,
176.423,1234.26,51.4857,7.42731,135.404,12.7483,128.437,1,18,-90,-6,15,50,48,10,28367106,262,1,103,13499,
177.416,1247.06,51.4856,7.42743,135.48,12.5077,144.55,1,15,-91,-6,12,49,47,10,28367106,262,1,103,13499,
178.411,1259.02,51.4855,7.42753,134.885,12.2611,144.9,1,15,-91,-6,12,49,47,10,28367106,262,1,103,13499,
179.461,1269.99,51.4854,7.42762,134.227,11.2014,144.28,1,10,-92,-6,10,48,46,10,28367106,262,1,103,13499,
180.41,1280.18,51.4853,7.42771,134.251,9.55837,146.988,1,10,-92,-6,10,48,46,10,28367106,262,1,103,13499,
181.431,1291.22,51.4852,7.42774,134.355,9.45685,172.033,1,18,-91,-6,9,49,46,10,28367106,262,1,103,13499,
182.423,1303.21,51.4851,7.42778,134.337,10.3655,171.34,1,18,-91,-6,9,49,46,10,28367106,262,1,103,13499,
183.404,1313.74,51.485,7.42781,134.299,10.9695,169.792,1,10,-92,-7,8,48,46,10,28367106,262,1,103,13499,
184.43,1325.59,51.4849,7.42785,134.661,12.0136,167.619,1,10,-92,-7,8,48,46,10,28367106,262,1,103,13499,
185.41,1338.14,51.4848,7.4279,134.652,11.7314,166.21,1,16,-88,-6,13,52,49,10,28367106,262,1,103,13499,
186.433,1338.14,51.4829,7.43126,nan,11.1556,164.593,1,16,-88,-6,13,52,49,10,28367106,262,1,103,13499,
187.402,1338.14,51.4846,7.428,135.342,11.176,163.444,1,13,-86,-6,15,54,51,10,28367106,262,1,103,13499,
188.411,1350.02,51.4845,7.42805,135.151,11.3712,162.975,1,13,-86,-6,15,54,51,10,28367106,262,1,103,13499,
189.414,1361.68,51.4844,7.4281,135.393,11.569,162.662,1,16,-87,-6,11,53,50,10,28367106,262,1,103,13499,
190.431,1371.55,51.4843,7.42814,136.197,10.7505,162.145,1,16,-87,-6,11,53,50,10,28367106,262,1,103,13499,
191.395,1381.97,51.4842,7.42819,136.727,9.82784,163.08,1,10,-87,-6,7,53,51,10,28367106,262,1,103,13499,
192.437,1392.34,51.4842,7.42824,137.528,10.5297,162.613,1,10,-87,-6,7,53,51,10,28367106,262,1,103,13499,
193.417,1403.21,51.4841,7.42829,138.036,10.8579,162.77,1,10,-87,-6,7,53,51,10,28367106,262,1,103,13499,
194.427,1414.7,51.484,7.42834,138.427,10.7899,162.913,1,11,-88,-7,8,52,51,10,28367106,262,1,103,13499,
195.419,1426.24,51.4839,7.42839,138.895,10.5732,163.701,1,11,-88,-7,8,52,51,10,28367106,262,1,103,13499,
196.417,1437.45,51.4838,7.42844,139.592,10.6765,163.355,1,11,-87,-7,8,53,51,10,28367106,262,1,103,13499,
197.411,1448.74,51.4837,7.42849,140.315,10.8978,163.525,1,11,-87,-7,8,53,51,10,28367106,262,1,103,13499,
198.42,1459.44,51.4836,7.42854,141.302,10.6216,162.985,1,8,-91,-8,7,49,48,10,28367106,262,1,103,13499,
199.408,1469.8,51.4835,7.42859,142.202,10.5616,163.343,1,8,-91,-8,7,49,48,10,28367106,262,1,103,13499,
200.407,1481.93,51.4834,7.42864,142.913,10.4895,162.651,1,14,-92,-7,7,48,47,10,28367106,262,1,103,13499,
201.408,1492.23,51.4833,7.42869,144.158,10.0175,162.133,1,14,-92,-7,7,48,47,10,28367106,262,1,103,13499,
202.449,1501.82,51.4832,7.42873,145.116,10.0616,162.711,1,12,-87,-5,15,53,50,10,28367106,262,1,103,13499,
203.448,1511.48,51.4831,7.42877,145.877,10.0662,163.596,1,12,-87,-5,15,53,50,10,28367106,262,1,103,13499,
204.419,1521.63,51.4831,7.42881,146.518,9.10704,164.976,1,10,-91,-7,8,49,48,10,28367106,262,1,103,13499,
205.418,1530.51,51.483,7.42883,146.535,7.24007,167.326,1,10,-91,-7,8,49,48,10,28367106,262,1,103,13499,
206.413,1530.51,51.4829,7.43126,nan,6.31525,169.812,1,10,-91,-8,8,49,48,10,28367106,262,1,103,13499,
207.417,1530.51,51.4828,7.42887,146.649,4.34719,171.127,1,10,-91,-8,8,49,48,10,28367106,262,1,103,13499,
208.431,1535.06,51.4828,7.42887,146.646,3.66208,172.038,1,11,-91,-7,7,49,48,10,28367106,262,1,103,13499,
209.411,1538.17,51.4828,7.42887,146.566,1.88119,170.898,1,11,-91,-7,7,49,48,10,28367106,262,1,103,13499,
210.419,1539.51,51.4828,7.42886,146.543,0.503338,170.898,1,6,-92,-7,7,48,47,10,28367106,262,1,103,13499,
211.397,1539.51,51.4828,7.42886,146.541,0,170.898,1,6,-92,-7,7,48,47,10,28367106,262,1,103,13499,
212.406,1539.51,51.4828,7.42886,146.546,0,170.898,1,4,-93,-8,9,47,46,10,28367106,262,1,103,13499,
213.43,1539.51,51.4828,7.42886,146.556,0,170.898,1,4,-93,-8,9,47,46,10,28367106,262,1,103,13499,
214.407,1539.51,51.4828,7.42886,146.568,0,170.898,1,2,-95,-8,8,45,45,10,28367106,262,1,103,13499,
215.42,1539.51,51.4828,7.42886,146.58,0,170.898,1,2,-95,-8,8,45,45,10,28367106,262,1,103,13499,
216.405,1539.51,51.4828,7.42886,146.591,0,170.898,1,5,-94,-8,9,46,45,10,28367106,262,1,103,13499,
217.398,1539.51,51.4828,7.42886,146.608,0,170.898,1,5,-94,-8,9,46,45,10,28367106,262,1,103,13499,
218.415,1539.51,51.4828,7.42886,146.633,0,170.898,1,5,-95,-9,9,45,46,10,28367106,262,1,103,13499,
219.427,1539.51,51.4828,7.42886,146.662,0,170.898,1,5,-95,-9,9,45,46,10,28367106,262,1,103,13499,
220.425,1539.51,51.4828,7.42886,146.694,0,170.898,1,5,-95,-9,9,45,46,10,28367106,262,1,103,13499,
221.412,1539.51,51.4828,7.42886,146.727,0,170.898,1,7,-93,-7,2,47,46,10,28367106,262,1,103,13499,
222.431,1539.51,51.4828,7.42886,146.761,0,170.898,1,7,-93,-7,2,47,46,10,28367106,262,1,103,13499,
223.402,1539.51,51.4828,7.42886,146.797,0,170.898,1,9,-94,-9,2,46,46,10,28367106,262,1,103,13499,
224.426,1539.51,51.4828,7.42886,146.834,0,170.898,1,9,-94,-9,2,46,46,10,28367106,262,1,103,13499,
225.421,1539.51,51.4828,7.42886,146.872,0,170.898,1,5,-94,-8,2,46,46,10,28367106,262,1,103,13499,
226.412,1539.51,51.4823,7.43108,nan,0,170.898,1,5,-94,-8,2,46,46,10,28367106,262,1,103,13499,
227.42,1539.51,51.4828,7.42886,146.951,0,170.898,1,9,-93,-8,2,47,46,10,28367106,262,1,103,13499,
228.422,1539.51,51.4828,7.42886,146.992,0,170.898,1,9,-93,-8,2,47,46,10,28367106,262,1,103,13499,
229.411,1539.51,51.4828,7.42886,147.033,0,170.898,1,8,-93,-8,2,47,46,10,28367106,262,1,103,13499,
230.431,1539.51,51.4828,7.42886,147.074,0,170.898,1,8,-93,-8,2,47,46,10,28367106,262,1,103,13499,
231.427,1539.51,51.4828,7.42886,147.115,0,170.898,1,2,-93,-8,2,47,46,10,28367106,262,1,103,13499,
232.399,1539.51,51.4828,7.42886,147.155,0,170.898,1,2,-93,-8,2,47,46,10,28367106,262,1,103,13499,
233.405,1539.51,51.4828,7.42886,147.196,0,170.898,1,8,-93,-8,2,47,47,10,28367106,262,1,103,13499,
234.399,1539.51,51.4828,7.42886,147.238,0,170.898,1,8,-93,-8,2,47,47,10,28367106,262,1,103,13499,
235.409,1539.51,51.4828,7.42886,147.279,0,170.898,1,7,-93,-8,2,47,47,10,28367106,262,1,103,13499,
236.419,1539.51,51.4828,7.42886,147.321,0,170.898,1,7,-93,-8,2,47,47,10,28367106,262,1,103,13499,
237.405,1539.92,51.4828,7.42886,147.363,0,170.898,1,10,-93,-8,2,47,46,10,28367106,262,1,103,13499,
238.402,1540.15,51.4828,7.42886,147.756,0,170.898,1,10,-93,-8,2,47,46,10,28367106,262,1,103,13499,
239.406,1540.32,51.4828,7.42886,147.97,0,173.796,1,12,-93,-8,2,47,47,10,28367106,262,1,103,13499,
240.413,1544.15,51.4827,7.42886,148.129,0,177.02,1,12,-93,-8,2,47,47,10,28367106,262,1,103,13499,
241.418,1549.19,51.4827,7.42886,148.272,1.41976,179.334,1,13,-92,-8,2,48,47,10,28367106,262,1,103,13499,
242.415,1553.79,51.4826,7.42886,148.391,1.83824,179.023,1,13,-92,-8,2,48,47,10,28367106,262,1,103,13499,
243.417,1558.74,51.4826,7.42887,148.504,2.2938,169.418,1,9,-91,-7,2,49,48,10,28367106,262,1,103,13499,
244.424,1563.94,51.4826,7.4289,149.776,2.87114,156.648,1,9,-91,-7,2,49,48,10,28367106,262,1,103,13499,
245.408,1570.79,51.4825,7.42897,150.582,3.4873,134.465,1,9,-91,-7,2,49,48,10,28367106,262,1,103,13499,
246.429,1570.79,51.4829,7.43126,nan,4.11511,106.682,1,7,-91,-7,2,49,48,10,28367106,262,1,103,13499,
247.428,1570.79,51.4825,7.42918,150.815,4.60233,97.4859,1,7,-91,-7,2,49,48,10,28367106,262,1,103,13499,
248.434,1580.46,51.4825,7.42932,150.679,10.2194,98.7575,1,-3,-94,-9,2,46,46,10,28367106,262,1,103,13499,
249.417,1590.85,51.4825,7.42947,150.256,11.597,97.4775,1,-3,-94,-9,2,46,46,10,28367106,262,1,103,13499,
250.396,1601.42,51.4825,7.42962,149.375,11.4935,96.853,1,-3,-98,-10,2,42,43,10,29563904,262,1,350,13499,
251.412,1613.4,51.4824,7.42979,148.907,11.1098,95.8884,1,-3,-98,-10,2,42,43,10,29563904,262,1,350,13499,
252.42,1624.41,51.4824,7.42995,148.574,10.7964,95.4981,1,-2,-100,-10,2,40,41,10,29563904,262,1,350,13499,
253.406,1635.04,51.4824,7.4301,148.391,10.3986,96.0153,1,-2,-100,-10,2,40,41,10,29563904,262,1,350,13499,
254.403,1645.67,51.4824,7.43026,148.569,10.0174,96.7126,1,-3,-101,-10,2,39,41,10,29563904,262,1,350,13499,
255.413,1655.91,51.4824,7.4304,149.079,9.5625,97.0438,1,-3,-101,-10,2,39,41,10,29563904,262,1,350,13499,
256.425,1665.6,51.4824,7.43054,149.803,8.97826,97.806,1,3,-100,-12,2,40,43,10,28367106,262,1,103,13499,
257.402,1674.18,51.4824,7.43066,150.508,8.63524,98.0572,1,3,-100,-12,2,40,43,10,28367106,262,1,103,13499,
258.418,1682.57,51.4824,7.43078,151.186,7.99531,97.834,1,0,-97,-11,2,43,45,10,28367106,262,1,103,13499,
259.428,1691.5,51.4824,7.43091,152.022,6.98546,97.3974,1,0,-97,-11,2,43,45,10,28367106,262,1,103,13499,
260.413,1698.07,51.4824,7.43101,152.881,6.11263,97.2812,1,9,-93,-8,2,47,47,10,28367106,262,1,103,13499,
261.43,1703.65,51.4824,7.43109,153.433,5.09348,97.5846,1,9,-93,-8,2,47,47,10,28367106,262,1,103,13499,
262.435,1708.45,51.4823,7.43115,153.491,3.69248,98.3391,1,13,-90,-7,2,50,47,10,28367106,262,1,103,13499,
263.411,1710.17,51.4823,7.43118,153.506,1.41266,98.6374,1,13,-90,-7,2,50,47,10,28367106,262,1,103,13499,
264.405,1710.17,51.4823,7.43118,153.504,0,98.6374,1,10,-87,-6,2,53,48,10,28367106,262,1,103,13499,
265.401,1710.17,51.4823,7.43118,153.503,0,98.6374,1,10,-87,-6,2,53,48,10,28367106,262,1,103,13499,
266.403,1710.17,51.4829,7.43126,nan,0,98.6374,1,10,-88,-7,2,52,47,10,28367106,262,1,103,13499,
267.422,1710.17,51.4823,7.43118,153.52,0,97.1451,1,10,-88,-7,2,52,47,10,28367106,262,1,103,13499,
268.423,1719.48,51.4823,7.43131,153.779,0,96.3637,1,10,-92,-7,2,48,46,10,28367106,262,1,103,13499,
269.44,1725.85,51.4823,7.4314,154.072,6.66485,96.9435,1,10,-92,-7,2,48,46,10,28367106,262,1,103,13499,
270.4,1732.24,51.4823,7.4315,154.394,6.33987,97.8501,1,10,-92,-7,2,48,46,10,28367106,262,1,103,13499,
271.439,1737.78,51.4823,7.43158,154.136,6.0443,97.3708,1,1,-90,-7,2,50,48,10,28367106,262,1,103,13499,
272.402,1744.6,51.4823,7.43167,153.806,6.2921,97.0292,1,1,-90,-7,2,50,48,10,28367106,262,1,103,13499,
273.416,1750.53,51.4823,7.43176,153.503,6.81886,96.95,1,-1,-91,-8,2,49,47,10,28367106,262,1,103,13499,
274.398,1758.31,51.4823,7.43187,153.121,7.65817,97.1619,1,-1,-91,-8,2,49,47,10,28367106,262,1,103,13499,
275.398,1765.24,51.4823,7.43197,152.763,7.76202,96.6571,1,1,-94,-9,2,46,46,10,28367106,262,1,103,13499,
276.446,1772.76,51.4823,7.43208,152.441,7.98715,96.7656,1,1,-94,-9,2,46,46,10,28367106,262,1,103,13499,
277.408,1780.72,51.4823,7.43219,152.132,8.23567,96.7172,1,2,-94,-10,2,46,48,10,28367106,262,1,103,13499,
278.428,1788.92,51.4823,7.43231,151.919,8.32486,96.9676,1,2,-94,-10,2,46,48,10,28367106,262,1,103,13499,
279.412,1797.22,51.4823,7.43243,151.967,8.61295,96.8136,1,14,-92,-10,2,48,49,10,28367106,262,1,103,13499,
280.407,1806.16,51.4822,7.43256,151.939,8.91912,96.7811,1,14,-92,-10,2,48,49,10,28367106,262,1,103,13499,
281.419,1814.84,51.4822,7.43268,151.827,9.73884,96.3196,1,4,-89,-9,2,51,51,10,28367106,262,1,103,13499,
282.409,1824.56,51.4822,7.43282,151.598,9.73249,97.0583,1,4,-89,-9,2,51,51,10,28367106,262,1,103,13499,
283.412,1834.82,51.4822,7.43297,151.173,10.1863,97.893,1,4,-85,-9,2,55,55,10,28368386,262,1,32,13499,
284.423,1845.12,51.4822,7.43312,150.69,10.0466,97.0324,1,4,-85,-9,2,55,55,10,28368386,262,1,32,13499,
285.414,1854.23,51.4822,7.43325,150.263,9.75127,97.0715,1,3,-87,-10,2,53,54,10,28368386,262,1,32,13499,
286.412,1854.23,51.4822,7.43274,nan,9.48593,96.6817,1,3,-87,-10,2,53,54,10,28368386,262,1,32,13499,
287.424,1854.23,51.4822,7.43352,149.8,9.83592,96.1657,1,8,-88,-8,2,52,52,10,28367106,262,1,103,13499,
288.422,1864.44,51.4822,7.43367,149.649,10.8534,96.4006,1,8,-88,-8,2,52,52,10,28367106,262,1,103,13499,
289.405,1875.23,51.4821,7.43382,149.456,11.1066,96.3179,1,2,-91,-8,2,49,49,10,28367106,262,1,103,13499,
290.43,1885.96,51.4821,7.43397,149.573,10.8238,96.461,1,2,-91,-8,2,49,49,10,28367106,262,1,103,13499,
291.413,1897.18,51.4821,7.43414,149.89,11.4069,96.9625,1,4,-94,-10,2,46,47,10,28367106,262,1,103,13499,
292.433,1908.98,51.4821,7.4343,150.223,11.9982,97.7648,1,4,-94,-10,2,46,47,10,28367106,262,1,103,13499,
293.382,1921.57,51.4821,7.43449,150.67,12.4176,97.0901,1,5,-94,-10,2,46,47,10,28367106,262,1,103,13499,
294.408,1934.46,51.4821,7.43467,150.827,11.8056,97.9655,1,5,-94,-10,2,46,47,10,28367106,262,1,103,13499,
295.434,1946.04,51.4821,7.43484,150.951,11.6163,97.365,1,7,-93,-11,2,47,48,10,28367106,262,1,103,13499,
296.434,1958.59,51.4821,7.43502,151.123,12.5127,97.7964,1,7,-93,-11,2,47,48,10,28367106,262,1,103,13499,
297.425,1970.64,51.4821,7.43519,151.355,12.2744,97.2133,1,1,-93,-11,2,47,49,10,28367106,262,1,103,13499,
298.414,1983.35,51.482,7.43537,151.387,11.3271,97.2635,1,1,-93,-11,2,47,49,10,28367106,262,1,103,13499,
299.445,1994.53,51.482,7.43553,151.534,11.2386,96.6654,1,4,-94,-11,2,46,49,10,28368386,262,1,32,13499,
300.406,2004.98,51.482,7.43568,151.597,11.2285,96.0668,1,4,-94,-11,2,46,49,10,28368386,262,1,32,13499,
301.442,2016.75,51.482,7.43585,151.713,11.9785,97.2672,1,4,-94,-11,2,46,49,10,28368386,262,1,32,13499,
302.402,2029.47,51.482,7.43604,152.641,11.6813,97.2274,1,2,-94,-14,6,46,51,4,28367105,262,1,32,13499,
303.419,2041.94,51.482,7.43621,153.229,12.2381,96.6691,1,2,-94,-14,6,46,51,4,28367105,262,1,32,13499,
304.41,2052.83,51.482,7.43637,153.278,12.6603,96.4794,1,4,-87,-9,12,53,54,4,28367105,262,1,102,13499,
305.418,2066.01,51.482,7.43656,153.664,12.7028,97.3158,1,4,-87,-9,12,53,54,4,28367105,262,1,102,13499,
306.401,2066.01,51.4834,7.43899,nan,12.4071,97.0699,1,-4,-88,-10,8,52,54,4,28367105,262,1,102,13499,
307.421,2066.01,51.4819,7.4369,154.368,12.061,96.3183,1,-4,-88,-10,8,52,54,4,28367105,262,1,102,13499,
308.415,2077.96,51.4819,7.43707,154.496,11.7671,96.5922,1,3,-91,-8,11,49,50,4,28367105,262,1,102,13499,
309.429,2089.27,51.4819,7.43724,154.628,10.6461,95.7808,1,3,-91,-8,11,49,50,4,28367105,262,1,102,13499,
310.396,2100.07,51.4819,7.43739,154.634,10.5012,96.8086,1,10,-89,-8,9,51,49,4,28367105,262,1,102,13499,
311.404,2110.65,51.4819,7.43755,154.6,10.166,95.7961,1,10,-89,-8,9,51,49,4,28367105,262,1,102,13499,
312.4,2123.7,51.4819,7.43773,154.604,10.5477,94.7987,1,7,-86,-7,11,54,52,4,28367105,262,1,102,13499,
313.406,2133.6,51.4819,7.43788,154.191,9.21502,93.9595,1,7,-86,-7,11,54,52,4,28367105,262,1,102,13499,
314.57,2142.61,51.4819,7.438,153.992,8.69318,96.8088,1,19,-77,-6,12,63,60,4,28367105,262,1,102,13499,
315.411,2149.3,51.4819,7.4381,153.577,7.21966,98.3568,1,19,-77,-6,12,63,60,4,28367105,262,1,102,13499,
316.399,2156.28,51.4818,7.4382,153.436,5.82074,98.8175,1,17,-84,-6,10,56,54,4,28367105,262,1,102,13499,
317.425,2164.11,51.4818,7.43831,153.813,6.63498,100.264,1,17,-84,-6,10,56,54,4,28367105,262,1,102,13499,
318.409,2171.77,51.4818,7.43842,154.079,7.91441,98.2965,1,14,-87,-6,15,53,50,4,28367105,262,1,102,13499,
319.415,2179.91,51.4818,7.43854,154.354,7.59689,96.0556,1,14,-87,-6,15,53,50,4,28367105,262,1,102,13499,
320.435,2186.96,51.4818,7.43864,154.779,7.18033,96.4792,1,8,-93,-8,9,47,46,4,28367105,262,1,102,13499,
321.4,2193.87,51.4818,7.43874,155.039,7.82041,96.0811,1,8,-93,-8,9,47,46,4,28367105,262,1,102,13499,
322.429,2201.78,51.4818,7.43885,155.68,8.98316,95.4384,1,8,-93,-8,9,47,46,4,28367105,262,1,102,13499,
323.429,2210.63,51.4818,7.43898,155.701,9.08882,95.0601,1,13,-82,-5,15,58,54,9,28368386,262,1,32,13499,
324.436,2219.96,51.4818,7.43911,155.863,10.1021,94.6777,1,13,-82,-5,15,58,54,9,28368386,262,1,32,13499,
325.418,2229.92,51.4818,7.43926,156.17,11.1163,94.2518,1,6,-89,-8,12,51,50,9,28368386,262,1,32,13499,
326.412,2229.92,51.4824,7.43915,nan,11.4602,94.3316,1,6,-89,-8,12,51,50,9,28368386,262,1,32,13499,
327.433,2229.92,51.4818,7.43958,157.202,10.8028,94.7477,1,10,-92,-8,8,48,47,9,28368386,262,1,32,13499,
328.42,2240.92,51.4818,7.43974,158.007,10.5787,95.4448,1,10,-92,-8,8,48,47,9,28368386,262,1,32,13499,
329.44,2251.92,51.4817,7.4399,158.914,10.4692,94.9401,1,8,-92,-8,8,48,46,9,28368386,262,1,32,13499,
330.408,2262.96,51.4817,7.44005,159.997,10.8012,95.0298,1,8,-92,-8,8,48,46,9,28368386,262,1,32,13499,
331.417,2273.87,51.4817,7.44021,160.658,11.5752,96.0202,1,0,-96,-11,9,44,47,9,28368386,262,1,32,13499,
332.411,2286.02,51.4817,7.44038,161.561,11.1186,95.9481,1,0,-96,-11,9,44,47,9,28368386,262,1,32,13499,
333.418,2296.74,51.4817,7.44054,162.78,9.21887,96.468,1,22,-94,-9,8,46,46,9,28368386,262,1,32,13499,
334.423,2303.18,51.4817,7.44063,162.718,7.82647,96.5446,1,22,-94,-9,8,46,46,9,28368386,262,1,32,13499,
335.43,2309.9,51.4817,7.44073,162.21,6.37405,96.3965,1,5,-95,-10,7,45,45,9,28368386,262,1,32,13499,
336.42,2315.28,51.4817,7.44081,161.82,5.00275,97.4176,1,5,-95,-10,7,45,45,9,28368386,262,1,32,13499,
337.407,2319.9,51.4817,7.44087,161.793,3.82361,97.9607,1,4,-95,-9,9,45,45,9,28368386,262,1,32,13499,
338.44,2324.06,51.4817,7.44093,161.782,3.32324,98.3436,1,4,-95,-9,9,45,45,9,28368386,262,1,32,13499,
339.418,2327.57,51.4817,7.44098,161.758,2.99088,98.8655,1,1,-97,-10,9,43,44,9,28368386,262,1,32,13499,
340.428,2330.15,51.4817,7.44102,161.743,2.13792,102.916,1,1,-97,-10,9,43,44,9,28368386,262,1,32,13499,
341.426,2332.64,51.4817,7.44105,161.734,2.41153,102.492,1,1,-93,-7,6,47,46,7,28367105,262,1,102,13499,
342.419,2336.6,51.4817,7.44111,161.944,4.57434,101.855,1,1,-93,-7,6,47,46,7,28367105,262,1,102,13499,
343.405,2342.01,51.4816,7.44119,162.358,6.37864,100.803,1,1,-95,-8,8,45,44,7,28367105,262,1,102,13499,
344.416,2348.85,51.4816,7.44128,162.602,7.87593,102.425,1,1,-95,-8,8,45,44,7,28367105,262,1,102,13499,
345.422,2357.47,51.4816,7.44141,163.105,9.33966,106.355,1,1,-98,-11,8,42,44,7,28367105,262,1,102,13499,
346.413,2357.47,51.4834,7.43899,nan,10.4115,123.065,1,1,-98,-11,8,42,44,7,28367105,262,1,102,13499,
347.414,2357.47,51.4815,7.44165,163.526,11.7046,124.34,1,1,-98,-11,8,42,44,7,28367105,262,1,102,13499,
348.419,2369.93,51.4815,7.44179,163.7,12.7628,126.166,1,2,-95,-11,8,45,47,7,28367105,262,1,32,13499,
349.402,2382.62,51.4814,7.44193,163.435,13.6128,128.306,1,2,-95,-11,8,45,47,7,28367105,262,1,32,13499,
350.427,2397.36,51.4813,7.44209,163.208,14.0727,130.828,1,10,-91,-7,10,49,48,7,28367105,262,1,102,13499,
351.468,2412.41,51.4812,7.44224,162.817,14.2049,133.413,1,10,-91,-7,10,49,48,7,28367105,262,1,102,13499,
352.435,2426.7,51.4811,7.44238,162.565,14.4385,134.7,1,7,-88,-6,9,52,49,7,28367105,262,1,102,13499,
353.424,2441.38,51.481,7.44252,162.759,14.6366,134.346,1,7,-88,-6,9,52,49,7,28367105,262,1,102,13499,
354.423,2455.55,51.4809,7.44266,163.394,14.0633,133.452,1,29,-84,-5,13,56,53,7,28367105,262,1,102,13499,
355.422,2468.87,51.4808,7.4428,163.862,12.7541,132.465,1,29,-84,-5,13,56,53,7,28367105,262,1,102,13499,
356.418,2480.32,51.4807,7.44291,163.736,11.2317,134.38,1,26,-88,-6,9,52,50,7,28367105,262,1,102,13499,
357.4,2491.27,51.4807,7.44302,163.225,10.5301,138.261,1,26,-88,-6,9,52,50,7,28367105,262,1,102,13499,
358.413,2502.49,51.4806,7.44307,163.531,10.8112,160.405,1,19,-94,-8,9,46,44,7,28367105,262,1,102,13499,
359.427,2514.8,51.4805,7.44309,164.251,11.4228,176.235,1,19,-94,-8,9,46,44,7,28367105,262,1,102,13499,
360.418,2526.07,51.4804,7.4431,164.933,12.2122,175.581,1,7,-96,-9,6,44,44,7,28367105,262,1,102,13499,
361.422,2538.54,51.4803,7.44312,165.184,12.8798,172.356,1,7,-96,-9,6,44,44,7,28367105,262,1,102,13499,
362.419,2552.04,51.4801,7.4432,164.961,13.7741,154.792,1,2,-97,-10,5,43,44,7,28367105,262,1,102,13499,
363.418,2566.65,51.48,7.4433,165.24,14.6921,153.682,1,2,-97,-10,5,43,44,7,28367105,262,1,102,13499,
364.399,2583.04,51.4799,7.44341,165.98,15.6933,152.878,1,4,-100,-11,5,40,42,7,28367105,262,1,102,13499,
365.41,2599,51.4798,7.44352,166.629,16.6016,152.253,1,4,-100,-11,5,40,42,7,28367105,262,1,102,13499,
366.429,2599,51.4834,7.43899,nan,17.3665,151.387,1,-1,-99,-10,6,41,42,7,28368386,262,1,32,13499,
367.427,2599,51.4795,7.44376,167.301,16.7775,151.467,1,-1,-99,-10,6,41,42,7,28368386,262,1,32,13499,
368.413,2615.95,51.4794,7.44389,167.783,16.6246,151.405,1,-1,-99,-10,6,41,42,7,28368386,262,1,32,13499,
369.43,2632.54,51.4792,7.444,168.283,16.5329,151.468,1,1,-99,-10,8,41,43,7,28368386,262,1,32,13499,
370.409,2649.42,51.4791,7.44412,168.903,16.0896,151.282,1,1,-99,-10,8,41,43,7,28368386,262,1,32,13499,
371.43,2665.36,51.479,7.44424,169.366,15.6056,151.417,1,5,-101,-11,9,39,41,7,28368386,262,1,32,13499,
372.416,2681.02,51.4789,7.44434,170.113,15.2227,151.613,1,5,-101,-11,9,39,41,7,28368386,262,1,32,13499,
373.403,2696.65,51.4787,7.44445,171.037,15.2934,151.572,1,-3,-105,-13,5,35,39,7,28368386,262,1,32,13499,
374.405,2712.31,51.4786,7.44456,172.124,15.1991,151.66,1,-3,-105,-13,5,35,39,7,28368386,262,1,32,13499,
375.406,2727.36,51.4785,7.44466,173.044,14.8789,151.582,1,-2,-103,-10,6,37,39,11,28367105,262,1,102,13499,
376.421,2742.34,51.4784,7.44477,174.036,14.7372,151.532,1,-2,-103,-10,6,37,39,11,28367105,262,1,102,13499,
377.416,2756.73,51.4783,7.44487,174.697,14.632,151.559,1,-1,-106,-13,6,34,38,11,28367105,262,1,102,13499,
378.408,2771.23,51.4781,7.44497,175.278,14.649,151.492,1,-1,-106,-13,6,34,38,11,28367105,262,1,102,13499,
379.414,2784.96,51.478,7.44506,175.444,14.6994,151.103,1,-2,-101,-9,6,39,38,7,28368384,262,1,31,13499,
380.429,2800.1,51.4779,7.44517,175.526,14.8458,151.187,1,-2,-101,-9,6,39,38,7,28368384,262,1,31,13499,
381.432,2814.94,51.4778,7.44527,175.32,14.9121,151.175,1,2,-101,-10,8,39,40,7,28368384,262,1,31,13499,
382.414,2830.02,51.4777,7.44538,175.223,14.9153,151.159,1,2,-101,-10,8,39,40,7,28368384,262,1,31,13499,
383.416,2845.05,51.4776,7.44549,175.276,14.8449,151.582,1,4,-98,-8,9,42,41,7,28368384,262,1,31,13499,
384.427,2859.32,51.4774,7.44559,174.961,14.8113,151.612,1,4,-98,-8,9,42,41,7,28368384,262,1,31,13499,
385.425,2874.63,51.4773,7.44569,175.063,14.9884,151.427,1,4,-98,-8,8,42,41,7,28368384,262,1,31,13499,
386.401,2874.63,51.4751,7.44987,nan,14.9753,151.579,1,4,-98,-8,8,42,41,7,28368384,262,1,31,13499,
387.407,2874.63,51.4771,7.4459,175.54,14.5943,151.949,1,1,-93,-8,10,47,46,7,28368384,262,1,31,13499,
388.457,2889.15,51.477,7.446,175.613,14.3575,151.702,1,1,-93,-8,10,47,46,7,28368384,262,1,31,13499,
389.428,2902.2,51.4769,7.44609,175.644,14.1623,151.57,1,1,-96,-9,8,44,41,11,28368384,262,1,31,13499,
390.402,2917,51.4768,7.44619,175.713,13.9091,151.255,1,1,-96,-9,8,44,41,11,28368384,262,1,31,13499,
391.401,2930.85,51.4767,7.44629,175.548,13.7195,151.435,1,0,-92,-7,6,48,45,11,29568768,262,1,415,13499,
392.402,2944.28,51.4765,7.44639,175.339,13.3299,151.599,1,0,-92,-7,6,48,45,11,29568768,262,1,415,13499,
393.404,2957.25,51.4764,7.44648,175.11,12.8394,151.657,1,0,-92,-7,6,48,45,11,29568768,262,1,415,13499,
394.409,2969.81,51.4763,7.44656,175.034,12.0362,152.055,1,13,-88,-7,11,52,49,11,29568768,262,1,415,13499,
395.434,2981.3,51.4763,7.44664,175.03,11.0195,151.787,1,13,-88,-7,11,52,49,11,29568768,262,1,415,13499,
396.432,2990.03,51.4762,7.4467,174.984,9.44666,151.736,1,13,-85,-6,10,55,52,11,29568768,262,1,415,13499,
397.428,2999.99,51.4761,7.44677,174.703,7.86866,151.451,1,13,-85,-6,10,55,52,11,29568768,262,1,415,13499,
398.415,3005.6,51.4761,7.4468,174.543,5.91945,151.433,1,15,-84,-6,1,56,52,11,29568768,262,1,415,13499,
399.4,3009.53,51.476,7.44682,174.524,3.69535,151.226,1,15,-84,-6,1,56,52,11,29568768,262,1,415,13499,
400.444,3012.45,51.476,7.44684,174.528,2.40332,151.181,1,14,-84,-6,12,56,53,11,29568768,262,1,415,13499,
401.412,3016.2,51.476,7.44687,174.541,3.30752,150.512,1,14,-84,-6,12,56,53,11,29568768,262,1,415,13499,
402.412,3021.78,51.4759,7.44691,174.206,5.40482,150.957,1,11,-86,-6,11,54,52,11,29568768,262,1,415,13499,
403.429,3026.38,51.4759,7.44694,173.812,5.28261,151.468,1,11,-86,-6,11,54,52,11,29568768,262,1,415,13499,
404.408,3031.68,51.4758,7.44697,173.247,5.17646,151.297,1,30,-85,-6,8,55,53,11,29568768,262,1,415,13499,
405.422,3037.64,51.4758,7.44701,172.528,6.19332,150.843,1,30,-85,-6,8,55,53,11,29568768,262,1,415,13499,
406.411,3037.64,51.4729,7.45475,nan,7.45052,151.517,1,11,-85,-6,10,55,52,11,29568768,262,1,415,13499,
407.439,3037.64,51.4757,7.44711,171.702,8.66154,152.489,1,11,-85,-6,10,55,52,11,29568768,262,1,415,13499,
408.413,3047.6,51.4756,7.44718,171.627,9.07071,151.764,1,0,-93,-8,6,47,47,11,29568768,262,1,415,13499,
409.413,3058.02,51.4755,7.44725,172.132,9.35802,150.725,1,0,-93,-8,6,47,47,11,29568768,262,1,415,13499,
410.433,3068.45,51.4754,7.44733,173.027,9.87026,149.887,1,1,-93,-8,6,47,46,11,29568768,262,1,415,13499,
411.414,3078.28,51.4754,7.44741,173.997,9.98655,149.221,1,1,-93,-8,6,47,46,11,29568768,262,1,415,13499,
412.403,3088.25,51.4753,7.44748,174.819,9.6357,148.364,1,6,-94,-8,7,46,46,11,29568768,262,1,415,13499,
413.419,3097.61,51.4752,7.44755,175.712,9.2452,147.512,1,6,-94,-8,7,46,46,11,29568768,262,1,415,13499,
414.412,3106.84,51.4751,7.44763,176.12,9.25101,147.01,1,4,-95,-8,6,45,44,11,29568768,262,1,415,13499,
415.418,3115.79,51.4751,7.4477,176.415,9.30117,146.425,1,4,-95,-8,6,45,44,11,29568768,262,1,415,13499,
416.397,3123.62,51.475,7.44776,176.387,8.75546,145.896,1,2,-95,-7,6,45,43,9,28368384,262,1,31,13499,
417.423,3132.3,51.475,7.44783,176.174,8.11247,144.894,1,2,-95,-7,6,45,43,9,28368384,262,1,31,13499,
418.391,3140.27,51.4749,7.4479,176.075,7.58382,144.181,1,2,-99,-9,9,41,41,9,28368384,262,1,31,13499,
419.421,3147.24,51.4748,7.44796,175.917,6.85063,143.765,1,2,-99,-9,9,41,41,9,28368384,262,1,31,13499,
420.391,3153.41,51.4748,7.44802,175.571,6.07667,143.431,1,2,-99,-9,9,41,41,9,28368384,262,1,31,13499,
421.407,3158.26,51.4748,7.44806,174.822,5.24678,143.076,1,2,-98,-9,8,42,43,9,28368384,262,1,31,13499,
422.42,3163.05,51.4747,7.4481,174.087,4.77221,142.686,1,2,-98,-9,8,42,43,9,28368384,262,1,31,13499,
423.418,3168.63,51.4747,7.44815,173.427,5.58383,142.181,1,1,-99,-9,7,41,42,9,28368384,262,1,31,13499,
424.398,3174.45,51.4746,7.4482,173.069,5.3058,141.614,1,1,-99,-9,7,41,42,9,28368384,262,1,31,13499,
425.415,3179.79,51.4746,7.44824,172.803,5.28162,141.637,1,4,-98,-9,9,42,42,9,28368384,262,1,31,13499,
426.408,3179.79,51.4751,7.44987,nan,6.97185,140.961,1,4,-98,-9,9,42,42,9,28368384,262,1,31,13499,
427.439,3179.79,51.4745,7.44836,171.96,7.19216,141.026,1,2,-98,-9,9,42,43,9,28368384,262,1,31,13499,
428.432,3187.08,51.4745,7.44843,172.003,7.27676,141.011,1,2,-98,-9,9,42,43,9,28368384,262,1,31,13499,
429.423,3195.06,51.4744,7.4485,172.443,8.57602,140.539,1,1,-92,-6,6,48,46,7,29568768,262,1,415,13499,
430.407,3204.33,51.4743,7.44859,173.003,9.98543,140.921,1,1,-92,-6,6,48,46,7,29568768,262,1,415,13499,
431.418,3215.08,51.4743,7.44869,173.252,11.0099,140.525,1,2,-94,-11,8,46,48,7,29568768,262,1,415,13499,
432.4,3225.49,51.4742,7.44878,173.005,11.0234,140.644,1,2,-94,-11,8,46,48,7,29568768,262,1,415,13499,
433.425,3237.27,51.4741,7.44889,172.353,10.4557,140.296,1,2,-91,-8,8,49,48,7,29568768,262,1,415,13499,
434.44,3246.98,51.474,7.44898,171.585,10.096,139.757,1,2,-91,-8,8,49,48,7,29568768,262,1,415,13499,
435.459,3256.9,51.474,7.44907,171.178,9.91748,138.924,1,12,-83,-6,12,57,54,7,29568768,262,1,415,13499,
436.42,3266.72,51.4739,7.44916,170.647,9.95237,138.199,1,12,-83,-6,12,57,54,7,29568768,262,1,415,13499,
437.401,3276.73,51.4738,7.44926,170.744,9.57932,137.393,1,10,-82,-6,13,58,55,7,29568768,262,1,415,13499,
438.425,3286.14,51.4738,7.44936,171.24,9.67291,136.497,1,10,-82,-6,13,58,55,7,29568768,262,1,415,13499,
439.407,3296.02,51.4737,7.44947,172.215,10.1394,135.237,1,21,-78,-6,15,62,60,7,29568768,262,1,415,13499,
440.431,3306.32,51.4737,7.44958,173.317,11.0374,133.846,1,21,-78,-6,15,62,60,7,29568768,262,1,415,13499,
441.424,3316.68,51.4736,7.4497,174.039,10.7706,132.687,1,12,-84,-6,10,56,54,7,29568768,262,1,415,13499,
442.419,3327.18,51.4736,7.44982,174.42,10.9771,131.642,1,12,-84,-6,10,56,54,7,29568768,262,1,415,13499,
443.402,3338.6,51.4735,7.44995,174.891,11.3663,130.472,1,12,-84,-6,10,56,54,7,29568768,262,1,415,13499,
444.413,3349.35,51.4734,7.45007,175.196,10.9608,129.401,1,13,-83,-6,14,57,55,7,29568768,262,1,415,13499,
445.449,3360.09,51.4734,7.4502,175.588,10.5236,128.035,1,13,-83,-6,14,57,55,7,29568768,262,1,415,13499,
446.423,3360.09,51.4729,7.45475,nan,10.0853,126.784,1,15,-83,-6,9,57,54,7,29568768,262,1,415,13499,
447.405,3360.09,51.4733,7.45044,176.296,9.63306,125.704,1,15,-83,-6,9,57,54,7,29568768,262,1,415,13499,
448.413,3370.07,51.4732,7.45056,176.625,10.2184,124.844,1,13,-83,-6,15,57,54,7,29568768,262,1,415,13499,
449.43,3381.2,51.4732,7.4507,176.983,11.6756,123.815,1,13,-83,-6,15,57,54,7,29568768,262,1,415,13499,
450.407,3394.03,51.4731,7.45086,177.466,13.3659,122.591,1,13,-79,-6,15,61,58,7,29568768,262,1,415,13499,
451.423,3408.55,51.4731,7.45104,177.64,14.7771,120.863,1,13,-79,-6,15,61,58,7,29568768,262,1,415,13499,
452.423,3423.39,51.473,7.45123,177.642,15.9477,119.059,1,22,-76,-5,12,64,58,7,29568768,262,1,415,13499,
453.395,3438.94,51.4729,7.45143,177.439,16.2797,117.206,1,22,-76,-5,12,64,58,7,29568768,262,1,415,13499,
454.411,3454.86,51.4729,7.45164,177.255,15.8079,115.582,1,13,-83,-6,10,57,54,7,29568768,262,1,415,13499,
455.399,3470.45,51.4728,7.45185,176.591,15.8003,113.68,1,13,-83,-6,10,57,54,7,29568768,262,1,415,13499,
456.405,3486.45,51.4728,7.45207,176.09,15.9376,112.04,1,21,-76,-6,14,64,59,7,29568768,262,1,415,13499,
457.454,3502.58,51.4727,7.45229,175.417,16.209,110.301,1,21,-76,-6,14,64,59,7,29568768,262,1,415,13499,
458.408,3519.93,51.4727,7.45253,174.938,16.4152,108.698,1,20,-77,-5,11,63,58,7,29568768,262,1,415,13499,
459.432,3535.5,51.4726,7.45275,174.704,16.4174,107.255,1,20,-77,-5,11,63,58,7,29568768,262,1,415,13499,
460.404,3551.35,51.4726,7.45297,174.768,16.0343,106.212,1,11,-81,-6,11,59,56,7,29568768,262,1,415,13499,
461.408,3567.28,51.4726,7.4532,174.654,15.7701,105.695,1,11,-81,-6,11,59,56,7,29568768,262,1,415,13499,
462.436,3583.08,51.4725,7.45342,174.682,15.8241,105.278,1,13,-79,-5,10,61,57,7,29568768,262,1,415,13499,
463.422,3599.15,51.4725,7.45364,174.619,16.004,104.753,1,13,-79,-5,10,61,57,7,29568768,262,1,415,13499,
464.418,3615.69,51.4725,7.45388,174.255,15.8719,104.301,1,18,-82,-5,10,58,54,7,29568768,262,1,415,13499,
465.411,3630.66,51.4724,7.45409,173.754,15.5846,104.631,1,18,-82,-5,10,58,54,7,29568768,262,1,415,13499,
466.425,3630.66,51.4729,7.45475,nan,15.5739,105.193,1,16,-81,-6,11,59,56,7,29568768,262,1,415,13499,
467.432,3630.66,51.4724,7.45453,173.204,15.4467,105.845,1,16,-81,-6,11,59,56,7,29568768,262,1,415,13499,
468.409,3645.75,51.4723,7.45474,173.038,15.0343,106.758,1,16,-81,-6,11,59,56,7,29568768,262,1,415,13499,
469.431,3660.64,51.4723,7.45494,172.974,14.8113,107.503,1,19,-80,-5,13,60,57,7,29568768,262,1,415,13499,
470.421,3674.65,51.4723,7.45513,172.93,14.4143,108.177,1,19,-80,-5,13,60,57,7,29568768,262,1,415,13499,
471.404,3686.93,51.4722,7.4553,171.897,14.2661,108.867,1,13,-80,-6,10,60,56,7,29568768,262,1,415,13499,
472.436,3700.95,51.4722,7.45549,170.709,14.8913,109.895,1,13,-80,-6,10,60,56,7,29568768,262,1,415,13499,
473.397,3716.72,51.4721,7.4557,169.786,15.7041,110.771,1,7,-85,-6,14,55,53,7,29568768,262,1,415,13499,
474.417,3732.79,51.4721,7.45592,169.526,15.3582,111.726,1,7,-85,-6,14,55,53,7,29568768,262,1,415,13499,
475.425,3747.96,51.472,7.45612,169.243,15.1381,112.572,1,10,-87,-6,10,53,50,7,29568768,262,1,415,13499,
476.424,3762.99,51.472,7.45632,169.284,14.8273,113.359,1,10,-87,-6,10,53,50,7,29568768,262,1,415,13499,
477.418,3777.85,51.4719,7.45651,169.25,14.6218,114.175,1,13,-86,-6,10,54,51,7,29568768,262,1,415,13499,
478.417,3792.1,51.4719,7.4567,169.139,14.3134,114.621,1,13,-86,-6,10,54,51,7,29568768,262,1,415,13499,
479.42,3806.26,51.4718,7.45688,169.256,14.0856,114.477,1,10,-87,-6,10,53,50,7,29568768,262,1,415,13499,
480.421,3820.35,51.4717,7.45707,169.429,13.9003,115.432,1,10,-87,-6,10,53,50,7,29568768,262,1,415,13499,
481.426,3833.77,51.4717,7.45724,169.59,13.6285,115.892,1,14,-89,-7,9,51,49,7,29568768,262,1,415,13499,
482.398,3847.37,51.4716,7.45742,169.694,13.6438,116.631,1,14,-89,-7,9,51,49,7,29568768,262,1,415,13499,
483.443,3859.65,51.4716,7.45757,169.104,13.6113,117.397,1,9,-90,-7,9,50,47,7,29568768,262,1,415,13499,
484.404,3874.02,51.4715,7.45775,168.577,13.7152,117.74,1,9,-90,-7,9,50,47,7,29568768,262,1,415,13499,
485.426,3888.02,51.4715,7.45793,168.108,13.5227,117.25,1,16,-86,-7,11,54,50,7,29568768,262,1,415,13499,
486.434,3888.02,51.4729,7.45475,nan,13.1778,116.788,1,16,-86,-7,11,54,50,7,29568768,262,1,415,13499,
487.413,3888.02,51.4713,7.45827,167.409,12.8766,116.305,1,11,-84,-6,14,56,54,7,29568768,262,1,415,13499,
488.419,3901.06,51.4713,7.45843,167.032,12.5544,115.395,1,11,-84,-6,14,56,54,7,29568768,262,1,415,13499,
489.44,3913.16,51.4713,7.45859,166.803,12.7836,115.206,1,10,-90,-7,9,50,48,7,29568768,262,1,415,13499,
490.416,3926.35,51.4712,7.45877,166.654,13.4097,115.393,1,10,-90,-7,9,50,48,7,29568768,262,1,415,13499,
491.414,3939.98,51.4711,7.45894,166.407,13.382,115.725,1,10,-93,-9,9,47,46,7,29568768,262,1,415,13499,
492.405,3952.85,51.4711,7.45911,166.398,13.2764,115.808,1,10,-93,-9,9,47,46,7,29568768,262,1,415,13499,
493.415,3965.61,51.471,7.45928,166.415,13.3093,116.489,1,5,-94,-10,7,46,47,7,29568768,262,1,415,13499,
494.396,3978.8,51.471,7.45945,166.524,13.7676,116.85,1,5,-94,-10,7,46,47,7,29568768,262,1,415,13499,
495.399,3992.91,51.4709,7.45963,166.65,13.423,116.237,1,5,-94,-10,7,46,47,7,29568768,262,1,415,13499,
496.433,4006.2,51.4709,7.4598,166.466,13.0647,114.832,1,2,-94,-12,6,46,49,7,29568768,262,1,415,13499,
497.405,4018.1,51.4708,7.45996,165.723,12.5363,113.733,1,2,-94,-12,6,46,49,7,29568768,262,1,415,13499,
498.388,4029.78,51.4708,7.46012,164.923,12.5008,112.801,1,-2,-99,-14,5,41,47,7,29568768,262,1,415,13499,
499.41,4041.83,51.4708,7.46028,164.098,12.2911,112.315,1,-2,-99,-14,5,41,47,7,29568768,262,1,415,13499,
500.409,4054.67,51.4707,7.46045,163.608,12.0631,111.967,1,-3,-100,-16,6,40,47,7,29568768,262,1,415,13499,
501.42,4066.76,51.4707,7.46061,163.313,12.0077,112.585,1,-3,-100,-16,6,40,47,7,29568768,262,1,415,13499,
502.402,4079.46,51.4706,7.46078,163.587,12.332,113.237,1,8,-91,-9,2,49,49,7,29568769,262,1,416,13499,
503.449,4092.27,51.4706,7.46095,163.962,12.7003,113.693,1,8,-91,-9,2,49,49,7,29568769,262,1,416,13499,
504.421,4104.78,51.4705,7.46112,164.376,12.7446,114.212,1,-3,-91,-9,2,49,49,7,29568769,262,1,416,13499,
505.423,4117.19,51.4705,7.46128,164.837,12.2064,115.142,1,-3,-91,-9,2,49,49,7,29568769,262,1,416,13499,
506.431,4117.19,51.4679,7.45934,nan,12.433,115.264,1,-2,-94,-11,2,46,48,7,29568769,262,1,416,13499,
507.404,4117.19,51.4704,7.46158,165.603,11.7225,115.92,1,-2,-94,-11,2,46,48,7,29568769,262,1,416,13499,
508.439,4131.27,51.4704,7.46177,166.043,12.1423,115.904,1,-3,-96,-12,2,44,47,7,29568769,262,1,416,13499,
509.424,4144.03,51.4703,7.46194,166.328,12.5631,114.998,1,-3,-96,-12,2,44,47,7,29568769,262,1,416,13499,
510.421,4157.36,51.4703,7.46211,166.74,12.6298,114.771,1,-5,-101,-14,2,39,45,7,29568769,262,1,416,13499,
511.405,4169.9,51.4702,7.46228,166.949,13.4912,114.543,1,-5,-101,-14,2,39,45,7,29568769,262,1,416,13499,
512.452,4182.93,51.4702,7.46245,167.328,13.5612,115.096,1,3,-98,-10,2,42,44,7,26378498,262,1,495,13499,
513.426,4195.94,51.4701,7.46262,167.654,13.1479,114.628,1,3,-98,-10,2,42,44,7,26378498,262,1,495,13499,
514.415,4209.55,51.4701,7.4628,167.775,13.1582,114.309,1,5,-98,-11,2,42,44,7,26378498,262,1,495,13499,
515.42,4222.82,51.47,7.46297,168.091,13.6275,114.712,1,5,-98,-11,2,42,44,7,26378498,262,1,495,13499,
516.416,4237.15,51.47,7.46316,168.273,13.9221,115.573,1,0,-98,-11,2,42,45,7,26378498,262,1,495,13499,
517.414,4251.46,51.4699,7.46334,168.374,13.7364,115.07,1,0,-98,-11,2,42,45,7,26378498,262,1,495,13499,
518.422,4265.3,51.4699,7.46353,168.101,13.3832,114.562,1,3,-96,-10,2,44,46,7,26378498,262,1,495,13499,
519.417,4279.6,51.4698,7.46371,167.911,13.7137,114.148,1,3,-96,-10,2,44,46,7,26378498,262,1,495,13499,
520.406,4292.42,51.4698,7.46388,167.746,13.6251,112.583,1,3,-98,-10,2,42,45,7,26378498,262,1,495,13499,
521.4,4305.76,51.4697,7.46406,167.293,13.6265,111.124,1,3,-98,-10,2,42,45,7,26378498,262,1,495,13499,
522.401,4318.99,51.4697,7.46424,166.875,14.2395,110.743,1,1,-97,-10,2,43,44,7,26378498,262,1,495,13499,
523.404,4333.37,51.4696,7.46444,166.501,14.2649,109.983,1,1,-97,-10,2,43,44,7,26378498,262,1,495,13499,
524.405,4347.15,51.4696,7.46463,166.374,14.0297,108.84,1,1,-97,-10,2,43,44,7,26378498,262,1,495,13499,
525.426,4361.09,51.4696,7.46482,166.265,13.4641,107.5,1,1,-99,-11,2,41,44,7,26378498,262,1,495,13499,
526.424,4361.09,51.4743,7.46782,nan,13.6353,106.232,1,1,-99,-11,2,41,44,7,26378498,262,1,495,13499,
527.414,4361.09,51.4695,7.46522,165.792,13.948,105.19,1,-4,-100,-12,2,40,43,7,26378498,262,1,495,13499,
528.406,4375.36,51.4695,7.46542,166.151,14.1048,104.167,1,-4,-100,-12,2,40,43,7,26378498,262,1,495,13499,
529.424,4389.62,51.4694,7.46563,166.328,13.9251,102.067,1,7,-100,-12,2,40,43,7,29401601,262,1,430,13499,
530.42,4403.15,51.4694,7.46582,166.369,14.3285,100.545,1,7,-100,-12,2,40,43,7,29401601,262,1,430,13499,
531.402,4417.51,51.4694,7.46603,166.194,13.9973,98.4197,1,4,-96,-9,2,44,44,7,29401601,262,1,430,13499,
532.414,4432.06,51.4694,7.46624,165.275,14.1354,96.2784,1,4,-96,-9,2,44,44,7,29401601,262,1,430,13499,
533.413,4446.26,51.4694,7.46644,164.239,13.8745,94.327,1,4,-96,-9,2,44,44,7,29401601,262,1,430,13499,
534.433,4458.52,51.4694,7.46662,163.284,13.8324,92.5201,1,4,-96,-9,2,44,44,7,29401601,262,1,430,13499,
535.44,4473.07,51.4694,7.46683,162.539,13.8837,91.0806,1,9,-95,-8,2,45,44,7,29401601,262,1,430,13499,
536.419,4486.93,51.4694,7.46703,161.821,14.3391,89.6215,1,9,-95,-8,2,45,44,7,29401601,262,1,430,13499,
537.439,4501.39,51.4695,7.46724,161.273,15.0468,88.2707,1,-2,-93,-7,2,47,45,7,29401601,262,1,430,13499,
538.429,4516.61,51.4695,7.46746,160.998,15.6767,86.8526,1,-2,-93,-7,2,47,45,7,29401601,262,1,430,13499,
539.429,4532.64,51.4695,7.46769,161.064,16.4701,85.4432,1,0,-93,-7,2,47,45,7,29401601,262,1,430,13499,
540.439,4549.58,51.4695,7.46793,161.317,16.6018,84.4178,1,0,-93,-7,2,47,45,7,29401601,262,1,430,13499,
541.429,4565.83,51.4695,7.46816,161.442,16.5876,83.1681,1,5,-95,-9,2,45,45,7,29401601,262,1,430,13499,
542.422,4582.56,51.4696,7.4684,161.938,16.8011,82.549,1,5,-95,-9,2,45,45,7,29401601,262,1,430,13499,
543.411,4600.36,51.4696,7.46865,162.29,17.283,81.9311,1,2,-98,-10,2,42,43,7,29401601,262,1,430,13499,
544.425,4618.92,51.4696,7.46892,162.661,17.7846,81.3822,1,2,-98,-10,2,42,43,7,29401601,262,1,430,13499,
545.435,4636.06,51.4696,7.46916,162.794,18.2615,80.8524,1,2,-98,-10,2,42,43,7,29401601,262,1,430,13499,
546.414,4636.06,51.4715,7.47003,nan,18.9392,80.1628,1,1,-101,-10,2,39,40,7,29401601,262,1,430,13499,
547.433,4636.06,51.4697,7.46968,163.046,19.3666,80.1895,1,1,-101,-10,2,39,40,7,29401601,262,1,430,13499,
548.396,4656.14,51.4697,7.46997,163.003,19.0516,81.0339,1,4,-102,-10,2,38,40,7,29401601,262,1,430,13499,
549.416,4675.92,51.4698,7.47025,163.115,19.4157,81.5728,1,4,-102,-10,2,38,40,7,29401601,262,1,430,13499,
550.421,4695.61,51.4698,7.47053,163.601,19.5046,82.2309,1,-1,-100,-10,2,40,41,7,29401601,262,1,430,13499,
551.42,4714.28,51.4698,7.4708,164.477,19.1942,83.1892,1,-1,-100,-10,2,40,41,7,29401601,262,1,430,13499,
552.418,4733.02,51.4698,7.47106,165.021,18.932,84.4057,1,5,-98,-10,2,42,43,7,29401601,262,1,430,13499,
553.405,4752.18,51.4699,7.47134,165.423,18.1321,86.13,1,5,-98,-10,2,42,43,7,29401601,262,1,430,13499,
554.409,4769.53,51.4699,7.47159,165.94,17.7428,87.7892,1,6,-98,-10,2,42,43,7,29401601,262,1,430,13499,
555.44,4786.7,51.4699,7.47184,166.497,17.2807,89.1971,1,6,-98,-10,2,42,43,7,29401601,262,1,430,13499,
556.406,4804.52,51.4699,7.4721,167.485,17.5945,90.3002,1,5,-98,-9,2,42,43,7,29401601,262,1,430,13499,
557.424,4822.4,51.4698,7.47235,168.178,17.6602,92.39,1,5,-98,-9,2,42,43,7,29401601,262,1,430,13499,
558.43,4839.86,51.4698,7.47261,168.986,17.0595,93.9753,1,1,-99,-10,2,41,43,7,29401601,262,1,430,13499,
559.422,4857.78,51.4698,7.47286,169.981,16.2259,95.234,1,1,-99,-10,2,41,43,7,29401601,262,1,430,13499,
560.404,4873.6,51.4698,7.47309,170.575,16.201,96.3875,1,0,-100,-11,2,40,42,7,29401601,262,1,430,13499,
561.437,4890.87,51.4698,7.47334,171.364,16.1253,96.9021,1,0,-100,-11,2,40,42,7,29401601,262,1,430,13499,
562.411,4907.13,51.4697,7.47357,172.031,16.4918,97.5472,1,0,-100,-11,2,40,42,7,29401601,262,1,430,13499,
563.428,4924.05,51.4697,7.47381,173.254,16.9551,98.2863,1,-3,-101,-12,2,39,42,7,29401601,262,1,430,13499,
564.429,4942.63,51.4697,7.47407,174.848,16.9993,98.3225,1,-3,-101,-12,2,39,42,7,29401601,262,1,430,13499,
565.419,4959.15,51.4697,7.47431,176.675,17.2384,97.9203,1,-4,-102,-14,2,38,43,7,29401601,262,1,430,13499,
566.407,4959.15,51.4715,7.47003,nan,16.5726,97.019,1,-4,-102,-14,2,38,43,7,29401601,262,1,430,13499,
567.407,4959.15,51.4696,7.4748,178.62,17.0327,96.8506,1,-9,-103,-15,2,37,43,7,29401601,262,1,430,13499,
568.392,4977.11,51.4696,7.47505,179.576,17.0003,96.073,1,-9,-103,-15,2,37,43,7,29401601,262,1,430,13499,
569.418,4993.36,51.4696,7.47529,180.134,16.565,95.5357,1,-6,-101,-13,2,39,43,7,29908736,262,1,196,13499,
570.415,5010.73,51.4696,7.47554,180.533,16.318,95.0716,1,-6,-101,-13,2,39,43,7,29908736,262,1,196,13499,
571.416,5027.06,51.4695,7.47577,181.186,15.7421,94.385,1,-4,-102,-14,2,38,44,7,26378497,262,1,496,13499,
572.405,5042.84,51.4695,7.476,181.731,15.6133,93.8685,1,-4,-102,-14,2,38,44,7,26378497,262,1,496,13499,
573.41,5057.55,51.4695,7.47621,181.986,14.5126,92.5649,1,-5,-101,-13,2,39,44,7,26378497,262,1,496,13499,
574.413,5070.27,51.4695,7.47639,182.086,14.0003,91.7563,1,-5,-101,-13,2,39,44,7,26378497,262,1,496,13499,
575.437,5084.67,51.4695,7.4766,182.552,13.2343,90.2846,1,-4,-101,-14,2,39,45,7,26378497,262,1,496,13499,
576.396,5098.56,51.4695,7.4768,183.178,13.5804,89.2097,1,-4,-101,-14,2,39,45,7,26378497,262,1,496,13499,
577.413,5112.48,51.4695,7.477,183.725,13.6058,88.0347,1,-3,-100,-15,2,40,46,7,26378497,262,1,496,13499,
578.388,5125.84,51.4695,7.4772,183.3,14.2903,88.3788,1,-3,-100,-15,2,40,46,7,26378497,262,1,496,13499,
579.408,5140.07,51.4695,7.4774,183.476,14.1342,87.8489,1,-4,-100,-15,2,40,46,7,26378497,262,1,496,13499,
580.419,5154.93,51.4696,7.47761,183.656,13.0523,84.8943,1,-4,-100,-15,2,40,46,7,26378497,262,1,496,13499,
581.412,5167.24,51.4696,7.47779,183.479,12.4555,83.4571,1,-5,-99,-15,2,41,48,7,26378497,262,1,496,13499,
582.409,5180.66,51.4696,7.47798,183.024,12.2644,81.3521,1,-5,-99,-15,2,41,48,7,26378497,262,1,496,13499,
583.413,5193.27,51.4697,7.47815,182.637,12.2218,79.4667,1,0,-97,-13,2,43,48,7,26378497,262,1,496,13499,
584.409,5204.72,51.4697,7.47831,181.995,11.2528,78.8506,1,0,-97,-13,2,43,48,7,26378497,262,1,496,13499,
585.434,5215.14,51.4697,7.47846,181.604,9.32518,77.6174,1,7,-93,-11,2,47,49,7,26378497,262,1,496,13499,
586.418,5215.14,51.4708,7.48208,nan,7.59568,75.5753,1,7,-93,-11,2,47,49,7,26378497,262,1,496,13499,
587.445,5215.14,51.4697,7.47869,181.709,6.396,74.8631,1,13,-93,-11,2,47,49,7,26378497,262,1,496,13499,
588.425,5220.77,51.4698,7.47877,181.531,5.89937,73.5116,1,13,-93,-11,2,47,49,7,26378497,262,1,496,13499,
589.406,5226.39,51.4698,7.47884,181.453,5.13539,72.8966,1,13,-93,-11,2,47,49,7,26378497,262,1,496,13499,
590.427,5230.24,51.4698,7.47889,181.458,4.013,73.874,1,14,-89,-8,2,51,51,7,26378497,262,1,496,13499,
591.414,5232.86,51.4698,7.47893,181.442,2.97972,74.6112,1,14,-89,-8,2,51,51,7,26378497,262,1,496,13499,
592.433,5234.43,51.4698,7.47895,181.398,2.28528,75.9984,1,13,-87,-7,2,53,52,7,26378497,262,1,496,13499,
593.439,5237.11,51.4698,7.47899,181.352,1.99725,74.9296,1,13,-87,-7,2,53,52,7,26378497,262,1,496,13499,
594.438,5238.99,51.4698,7.47901,181.319,1.68652,75.7336,1,14,-85,-7,2,55,53,7,26378497,262,1,496,13499,
595.422,5240.47,51.4698,7.47903,181.291,1.46813,76.2068,1,14,-85,-7,2,55,53,7,26378497,262,1,496,13499,
596.429,5241.93,51.4698,7.47905,181.285,0.550097,76.2068,1,19,-85,-7,2,55,53,7,26378497,262,1,496,13499,
597.406,5241.93,51.4698,7.47905,181.282,0,76.2068,1,19,-85,-7,2,55,53,7,26378497,262,1,496,13499,
598.437,5241.93,51.4698,7.47905,181.277,0,76.2068,1,16,-84,-6,2,56,53,7,26378497,262,1,496,13499,
599.409,5241.93,51.4698,7.47905,181.279,0,76.2068,1,16,-84,-6,2,56,53,7,26378497,262,1,496,13499,
600.409,5241.93,51.4698,7.47905,181.283,0,76.2068,1,17,-82,-5,2,58,53,7,26378497,262,1,496,13499,
601.367,5241.93,51.4698,7.47905,181.283,0,76.2068,1,17,-82,-5,2,58,53,7,26378497,262,1,496,13499,
602.429,5241.93,51.4698,7.47905,181.303,0,76.2068,1,18,-83,-6,2,57,52,7,26378497,262,1,496,13499,
603.42,5241.93,51.4698,7.47905,181.311,0,76.2068,1,18,-83,-6,2,57,52,7,26378497,262,1,496,13499,
604.62,5241.93,51.4698,7.47905,181.32,0,76.2068,1,18,-83,-6,2,57,52,7,26378497,262,1,496,13499,
605.372,5241.93,51.4698,7.47905,181.332,0,76.2068,1,18,-83,-6,2,57,52,7,26378497,262,1,496,13499,
606.405,5241.93,51.4708,7.48208,nan,0,76.2068,1,18,-83,-6,12,57,52,9,26378497,262,1,496,13499,
607.407,5241.93,51.4698,7.47905,181.361,0,76.2068,1,18,-83,-6,12,57,52,9,26378497,262,1,496,13499,
608.421,5241.93,51.4698,7.47905,181.375,0,76.2068,1,13,-83,-5,11,57,53,9,26378497,262,1,496,13499,
609.425,5241.93,51.4698,7.47905,181.383,0,76.2068,1,13,-83,-5,11,57,53,9,26378497,262,1,496,13499,
610.43,5241.93,51.4698,7.47905,181.394,0,76.2068,1,14,-83,-7,12,57,55,9,26378497,262,1,496,13499,
611.421,5241.93,51.4698,7.47905,181.402,0,76.2068,1,14,-83,-7,12,57,55,9,26378497,262,1,496,13499,
612.403,5241.93,51.4698,7.47905,181.409,0,76.2068,1,13,-83,-6,11,57,54,9,26378497,262,1,496,13499,
613.411,5241.93,51.4698,7.47905,181.414,0,76.2068,1,13,-83,-6,11,57,54,9,26378497,262,1,496,13499,
614.434,5241.93,51.4698,7.47905,181.417,0,76.2068,1,16,-83,-7,12,57,55,9,26378497,262,1,496,13499,
615.413,5241.93,51.4698,7.47905,181.418,0,76.2068,1,16,-83,-7,12,57,55,9,26378497,262,1,496,13499,
616.421,5241.93,51.4698,7.47905,181.417,0,76.2068,1,16,-83,-7,12,57,55,9,26378497,262,1,496,13499,
617.42,5241.93,51.4698,7.47905,181.395,0,73.7726,1,14,-84,-5,12,56,52,9,26378497,262,1,496,13499,
618.437,5241.93,51.4698,7.47905,181.375,0,74.3028,1,14,-84,-5,12,56,52,9,26378497,262,1,496,13499,
619.426,5247.99,51.4699,7.47913,181.352,3.79353,74.0046,1,16,-82,-6,12,58,53,9,26378497,262,1,496,13499,
620.405,5252.26,51.4699,7.47919,181.069,4.77196,73.3531,1,16,-82,-6,12,58,53,9,26378497,262,1,496,13499,
621.43,5257.08,51.4699,7.47925,180.939,4.34594,74.276,1,15,-83,-6,11,57,53,9,26378497,262,1,496,13499,
622.41,5262.26,51.4699,7.47932,180.835,5.42074,74.7156,1,15,-83,-6,11,57,53,9,26378497,262,1,496,13499,
623.421,5269.2,51.4699,7.47942,180.79,7.39853,74.1649,1,19,-81,-6,12,59,55,9,26378497,262,1,496,13499,
624.394,5276.91,51.4699,7.47953,180.77,8.47575,73.3356,1,19,-81,-6,12,59,55,9,26378497,262,1,496,13499,
625.43,5285.4,51.47,7.47964,180.82,8.54887,72.4456,1,16,-81,-8,2,59,58,9,26378497,262,1,496,13499,
626.414,5294.65,51.47,7.47976,181.053,8.80179,71.957,1,16,-81,-8,2,59,58,9,26378497,262,1,496,13499,
627.417,5303.14,51.47,7.47988,181.182,9.0464,73.5151,1,16,-80,-8,2,60,57,9,26378497,262,1,496,13499,
628.426,5312.59,51.47,7.48001,181.22,9.99127,73.9018,1,16,-80,-8,2,60,57,9,26378497,262,1,496,13499,
629.407,5323.24,51.4701,7.48016,181.285,11.4666,72.8616,1,8,-79,-6,2,61,56,9,26378497,262,1,496,13499,
630.423,5335.55,51.4701,7.48033,181.353,12.7016,72.1911,1,8,-79,-6,2,61,56,9,26378497,262,1,496,13499,
631.439,5348.85,51.4701,7.48051,181.471,12.8488,71.7548,1,13,-81,-6,2,59,56,9,26378497,262,1,496,13499,
632.4,5363.09,51.4702,7.48071,181.594,14.0965,71.3333,1,13,-81,-6,2,59,56,9,26378497,262,1,496,13499,
633.426,5378.6,51.4702,7.48092,181.908,13.9756,71.5297,1,15,-84,-7,2,56,53,9,26378497,262,1,496,13499,
634.417,5392.05,51.4703,7.4811,181.97,12.9685,72.2159,1,15,-84,-7,2,56,53,9,26378497,262,1,496,13499,
635.429,5404.26,51.4703,7.48127,182.023,11.5421,72.8215,1,14,-86,-7,2,54,50,9,26378497,262,1,496,13499,
636.424,5414.97,51.4703,7.48142,182.209,9.42125,73.6413,1,14,-86,-7,2,54,50,9,26378497,262,1,496,13499,
637.439,5420.36,51.4703,7.4815,182.492,6.42023,87.5423,1,14,-86,-7,2,54,50,9,26378497,262,1,496,13499,
638.417,5427.11,51.4703,7.48158,182.491,7.559,128.573,1,15,-88,-7,2,52,50,9,26378497,262,1,496,13499,
639.425,5435.77,51.4702,7.48164,182.622,9.01237,154.836,1,15,-88,-7,2,52,50,9,26378497,262,1,496,13499,
640.418,5446.64,51.4701,7.4817,183.113,11.0167,157.611,1,3,-89,-7,2,51,49,9,26378497,262,1,496,13499,
641.414,5457.91,51.47,7.48175,183.49,11.7264,160.285,1,3,-89,-7,2,51,49,9,26378497,262,1,496,13499,
642.414,5470.83,51.4699,7.48181,183.639,12.404,161.377,1,7,-89,-7,2,51,49,9,26378497,262,1,496,13499,
643.435,5483.45,51.4698,7.48186,183.568,13.0608,162.338,1,7,-89,-7,2,51,49,9,26378497,262,1,496,13499,
644.415,5497.37,51.4697,7.48191,184.06,12.6798,161.57,1,11,-90,-8,2,50,49,9,26378497,262,1,496,13499,
645.455,5509.34,51.4696,7.48197,184.423,12.7513,162.229,1,11,-90,-8,2,50,49,9,26378497,262,1,496,13499,
646.383,5522.5,51.4695,7.48201,184.707,13.2827,163.457,1,11,-91,-8,2,49,48,9,26378497,262,1,496,13499,
647.428,5522.5,51.4688,7.48238,nan,12.0878,163.938,1,11,-91,-8,2,49,48,9,26378497,262,1,496,13499,
648.396,5522.5,51.4692,7.48212,185.551,12.0901,164.67,1,1,-91,-7,2,49,48,9,26378497,262,1,496,13499,
649.425,5537.31,51.4691,7.48217,185.561,12.2964,165.118,1,1,-91,-7,2,49,48,9,26378497,262,1,496,13499,
650.418,5550.43,51.469,7.4822,185.73,12.1242,165.761,1,7,-93,-8,2,47,48,9,26378497,262,1,496,13499,
651.423,5561.98,51.4689,7.48224,185.893,11.8195,165.718,1,7,-93,-8,2,47,48,9,26378497,262,1,496,13499,
652.423,5574.24,51.4688,7.48227,186.052,11.6651,165.418,1,0,-93,-10,2,47,48,9,26378497,262,1,496,13499,
653.419,5586.19,51.4687,7.48231,186.004,12.5472,164.919,1,0,-93,-10,2,47,48,9,26378497,262,1,496,13499,
654.42,5599.38,51.4685,7.48236,185.813,13.2767,164.291,1,7,-94,-10,2,46,48,9,26378497,262,1,496,13499,
655.416,5612.04,51.4684,7.48241,185.614,13.3985,163.78,1,7,-94,-10,2,46,48,9,26378497,262,1,496,13499,
656.419,5625.33,51.4683,7.48246,185.505,13.568,163.995,1,2,-96,-11,2,44,47,9,26378497,262,1,496,13499,
657.409,5638.36,51.4682,7.48251,185.528,13.6398,164.527,1,2,-96,-11,2,44,47,9,26378497,262,1,496,13499,
658.442,5652,51.4681,7.48255,185.324,13.2316,165.698,1,2,-96,-11,2,44,47,9,26378497,262,1,496,13499,
659.44,5665.78,51.468,7.48259,185.187,12.9418,166.911,1,1,-98,-11,2,42,45,9,26378497,262,1,496,13499,
660.427,5679.4,51.4678,7.48263,185.149,13.0098,167.564,1,1,-98,-11,2,42,45,9,26378497,262,1,496,13499,
661.418,5692.44,51.4677,7.48266,185.352,12.7074,168.33,1,0,-98,-11,2,42,43,9,26378497,262,1,496,13499,
662.418,5705.3,51.4676,7.48269,185.56,12.437,169.226,1,0,-98,-11,2,42,43,9,26378497,262,1,496,13499,
663.409,5717.93,51.4675,7.48272,185.759,12.5636,170.895,1,2,-100,-10,2,40,41,9,28371200,262,1,68,13499,
664.411,5731.88,51.4674,7.48273,186.068,13.4065,172.694,1,2,-100,-10,2,40,41,9,28371200,262,1,68,13499,
665.416,5745.65,51.4673,7.48275,186.504,14.1005,174.406,1,6,-100,-10,2,40,41,9,28371200,262,1,68,13499,
666.428,5745.65,51.4631,7.48297,nan,14.4429,176.618,1,6,-100,-10,2,40,41,9,28371200,262,1,68,13499,
667.42,5745.65,51.467,7.48274,185.509,14.3715,178.926,1,10,-100,-11,2,40,42,9,28371200,262,1,68,13499,
668.426,5759.48,51.4669,7.48274,185.412,14.3134,181.259,1,10,-100,-11,2,40,42,9,28371200,262,1,68,13499,
669.417,5773.5,51.4668,7.48272,185.561,13.4516,183.767,1,6,-100,-11,2,40,41,9,28371200,262,1,68,13499,
670.417,5788.25,51.4666,7.48268,185.699,13.7736,187.04,1,6,-100,-11,2,40,41,9,28371200,262,1,68,13499,
671.424,5801.57,51.4665,7.48264,186.037,13.7018,189.693,1,2,-101,-12,2,39,42,9,28371200,262,1,68,13499,
672.395,5815.86,51.4664,7.48258,186.13,13.2585,191.258,1,2,-101,-12,2,39,42,9,28371200,262,1,68,13499,
673.421,5830.53,51.4663,7.48253,186.019,13.3265,192.169,1,1,-100,-12,2,40,43,9,28371200,262,1,68,13499,
674.406,5845.37,51.4661,7.48246,185.994,12.7944,192.987,1,1,-100,-12,2,40,43,9,28371200,262,1,68,13499,
675.409,5859.18,51.466,7.48241,185.804,13.9748,193.549,1,-4,-98,-11,2,42,45,9,28371200,262,1,68,13499,
676.416,5876.7,51.4659,7.48235,185.938,17.6881,192.293,1,-4,-98,-11,2,42,45,9,28371200,262,1,68,13499,
677.427,5897.68,51.4657,7.4823,186.027,21.9556,188.876,1,-3,-104,-12,2,36,39,9,30492930,262,1,9,13499,
678.412,5917.01,51.4655,7.48216,186.208,21.9556,190.458,1,-3,-104,-12,2,36,39,9,30492930,262,1,9,13499,
679.406,5931.06,51.4654,7.48199,186.41,14.6038,201.1,1,-3,-104,-12,2,36,39,9,30492930,262,1,9,13499,
680.429,5943.12,51.4654,7.4819,186.493,15.0094,201.616,1,1,-105,-12,2,35,38,9,30492930,262,1,9,13499,
681.405,5956.81,51.4653,7.48178,185.106,15.5085,201.209,1,1,-105,-12,2,35,38,9,30492930,262,1,9,13499,
682.45,5973.27,51.4651,7.48166,183.684,16.7864,202.359,1,1,-104,-12,2,36,40,9,30492930,262,1,9,13499,
683.425,5989.07,51.465,7.48156,182.159,16.5757,201.275,1,1,-104,-12,2,36,40,9,30492930,262,1,9,13499,
684.418,6003.84,51.4649,7.48147,181.026,15.9691,200.379,1,-10,-101,-13,2,39,42,9,30492930,262,1,9,13499,
685.443,6020.2,51.4647,7.4814,180.437,15.3353,199.541,1,-10,-101,-13,2,39,42,9,30492930,262,1,9,13499,
686.415,6020.2,51.4708,7.48208,nan,15.0037,199.031,1,-2,-104,-13,2,36,39,9,26378497,262,1,496,13499,
687.416,6020.2,51.4645,7.48126,179.001,14.8967,198.401,1,-2,-104,-13,2,36,39,9,26378497,262,1,496,13499,
688.412,6035.16,51.4644,7.48119,177.869,14.7287,197.847,1,-6,-108,-12,6,32,35,16,28371200,262,1,496,13499,
689.442,6050.74,51.4642,7.48113,177.154,14.6474,197.434,1,-6,-108,-12,6,32,35,16,28371200,262,1,496,13499,
690.419,6064.68,51.4641,7.48107,176.707,14.0186,196.522,1,3,-106,-10,8,34,34,16,28371200,262,1,68,13499,
691.418,6078.82,51.464,7.48102,176.512,13.6504,196.052,1,3,-106,-10,8,34,34,16,28371200,262,1,68,13499,
692.418,6093.16,51.4639,7.48096,176.357,14.2172,196.807,1,3,-107,-11,8,33,36,16,28371200,262,1,68,13499,
693.424,6107.63,51.4637,7.4809,176.461,14.9959,196.401,1,3,-107,-11,8,33,36,16,28371200,262,1,68,13499,
694.427,6122.53,51.4636,7.48084,176.783,15.2172,195.752,1,-3,-110,-11,6,30,33,16,28371200,262,1,68,13499,
695.424,6137.09,51.4635,7.48078,177.169,14.3304,195.297,1,-3,-110,-11,6,30,33,16,28371200,262,1,68,13499,
696.429,6151.63,51.4634,7.48073,178.039,14.0512,195.854,1,1,-112,-13,6,28,33,15,28371206,262,1,129,13499,
697.411,6164.88,51.4632,7.48068,178.517,14.004,195.993,1,1,-112,-13,6,28,33,15,28371206,262,1,129,13499,
698.422,6179.89,51.4631,7.48062,179.249,14.1654,196.521,1,1,-101,-11,8,39,34,15,28371206,262,1,129,13499,
699.421,6194.23,51.463,7.48056,179.855,13.7568,195.912,1,1,-101,-11,8,39,34,15,28371206,262,1,129,13499,
700.4,6206.73,51.4629,7.48051,180.273,12.0438,196.413,1,1,-98,-10,8,42,37,15,28371206,262,1,129,13499,
701.398,6217.48,51.4628,7.48047,180.305,10.5614,195.402,1,1,-98,-10,8,42,37,15,28371206,262,1,129,13499,
702.415,6227.58,51.4627,7.48043,180.529,9.45197,195.325,1,5,-96,-9,9,44,36,15,28371206,262,1,129,13499,
703.426,6237.71,51.4626,7.48039,181.021,8.68247,195.461,1,5,-96,-9,9,44,36,15,28371206,262,1,129,13499,
704.401,6245.29,51.4625,7.48036,181.394,7.48476,195.774,1,5,-96,-9,9,44,36,15,28371206,262,1,129,13499,
705.577,6252.55,51.4625,7.48034,182.154,6.81718,195.82,1,4,-97,-9,9,43,36,15,28371206,262,1,129,13499,
706.413,6252.55,51.4642,7.48116,nan,5.62744,195.089,1,4,-97,-9,9,43,36,15,28371206,262,1,129,13499,
707.43,6252.55,51.4624,7.4803,183.156,3.52265,196.341,1,2,-96,-9,6,44,36,25,29568778,262,1,353,13499,
708.408,6256.03,51.4624,7.48029,183.301,1.96325,196.363,1,2,-96,-9,6,44,36,25,29568778,262,1,353,13499,
709.421,6256.03,51.4624,7.48029,183.315,0,196.363,1,2,-95,-9,9,45,37,25,29568778,262,1,353,13499,
710.413,6256.03,51.4624,7.48029,183.329,0,196.363,1,2,-95,-9,9,45,37,25,29568778,262,1,353,13499,
711.428,6256.03,51.4624,7.48029,183.342,0,196.363,1,4,-95,-8,10,45,35,25,29568778,262,1,353,13499,
712.446,6256.03,51.4624,7.48029,183.354,0,196.363,1,4,-95,-8,10,45,35,25,29568778,262,1,353,13499,
713.404,6256.03,51.4624,7.48029,183.367,0,196.363,1,4,-97,-8,6,43,35,25,29568778,262,1,353,13499,
714.407,6256.03,51.4624,7.48029,183.378,0,196.363,1,4,-97,-8,6,43,35,25,29568778,262,1,353,13499,
715.401,6256.03,51.4624,7.48029,183.387,0,196.363,1,3,-95,-8,9,45,34,25,29568778,262,1,353,13499,
716.431,6256.03,51.4624,7.48029,183.396,0,196.363,1,3,-95,-8,9,45,34,25,29568778,262,1,353,13499,
717.41,6256.03,51.4624,7.48029,183.408,0,196.363,1,18,-95,-9,9,45,35,25,29568778,262,1,353,13499,
718.42,6256.03,51.4624,7.48029,183.418,0,196.363,1,18,-95,-9,9,45,35,25,29568778,262,1,353,13499,
719.426,6256.03,51.4624,7.48029,183.43,0,196.363,1,4,-97,-8,9,43,33,25,29568778,262,1,353,13499,
720.413,6256.03,51.4624,7.48029,183.443,0,196.363,1,4,-97,-8,9,43,33,25,29568778,262,1,353,13499,
721.442,6256.03,51.4624,7.48029,183.558,0,196.439,1,0,-97,-10,9,43,33,25,29568778,262,1,353,13499,
722.403,6256.03,51.4624,7.48029,183.666,0,196.177,1,0,-97,-10,9,43,33,25,29568778,262,1,353,13499,
723.419,6262.56,51.4623,7.48027,183.739,2.77732,196.067,1,0,-96,-9,10,44,34,25,29568778,262,1,353,13499,
724.442,6264.48,51.4623,7.48026,183.829,2.78986,195.873,1,0,-96,-9,10,44,34,25,29568778,262,1,353,13499,
725.41,6266.74,51.4623,7.48025,183.94,2.59505,196.217,1,1,-100,-10,7,40,34,25,29568778,262,1,353,13499,
726.428,6266.74,51.4629,7.48164,nan,2.40626,196.08,1,1,-100,-10,7,40,34,25,29568778,262,1,353,13499,
727.42,6266.74,51.4622,7.48023,184.148,1.65834,196.04,1,1,-100,-10,7,40,34,25,29568778,262,1,353,13499,
728.438,6267.61,51.4622,7.48023,184.255,0.519656,196.04,1,1,-100,-10,5,40,33,25,29568778,262,1,353,13499,
729.414,6267.61,51.4622,7.48023,184.397,0.259283,196.04,1,1,-100,-10,5,40,33,25,29568778,262,1,353,13499,
730.427,6267.61,51.4622,7.48023,184.41,0,196.04,1,8,-95,-7,10,45,34,25,29568778,262,1,353,13499,
731.418,6267.61,51.4622,7.48023,184.421,0,196.04,1,8,-95,-7,10,45,34,25,29568778,262,1,353,13499,
732.438,6267.61,51.4622,7.48023,184.538,0,196.04,1,8,-96,-7,11,44,34,25,29568778,262,1,353,13499,
733.43,6267.61,51.4622,7.48023,184.639,0,196.04,1,8,-96,-7,11,44,34,25,29568778,262,1,353,13499,
734.396,6267.61,51.4622,7.48023,184.736,0,196.04,1,6,-96,-8,11,44,36,25,29568778,262,1,353,13499,
735.394,6267.61,51.4622,7.48023,184.846,0,196.04,1,6,-96,-8,11,44,36,25,29568778,262,1,353,13499,
736.409,6267.61,51.4622,7.48023,184.974,0,196.04,1,2,-100,-10,7,40,34,25,29568778,262,1,353,13499,
737.406,6267.61,51.4622,7.48023,184.988,0,196.04,1,2,-100,-10,7,40,34,25,29568778,262,1,353,13499,
738.4,6267.61,51.4622,7.48023,185.002,0,196.04,1,3,-97,-8,7,43,32,25,29568778,262,1,353,13499,
739.406,6267.61,51.4622,7.48023,185.016,0,196.04,1,3,-97,-8,7,43,32,25,29568778,262,1,353,13499,
740.424,6267.61,51.4622,7.48023,185.029,0,196.04,1,5,-97,-9,9,43,32,25,29568778,262,1,353,13499,
741.42,6267.61,51.4622,7.48023,185.044,0,196.04,1,5,-97,-9,9,43,32,25,29568778,262,1,353,13499,
742.43,6267.61,51.4622,7.48023,185.058,0,196.04,1,3,-97,-10,2,43,33,25,29568778,262,1,353,13499,
743.407,6267.61,51.4622,7.48023,185.074,0,196.04,1,3,-97,-10,2,43,33,25,29568778,262,1,353,13499,
744.434,6267.61,51.4622,7.48023,185.092,0,196.04,1,5,-104,-11,2,36,36,25,27771906,262,1,486,13499,
745.405,6267.61,51.4622,7.48023,185.109,0,196.04,1,5,-104,-11,2,36,36,25,27771906,262,1,486,13499,
746.4,6267.61,51.4515,7.47393,nan,0,196.04,1,8,-105,-10,2,35,35,25,27771906,262,1,486,13499,
747.405,6267.61,51.4622,7.48023,185.143,0,196.04,1,8,-105,-10,2,35,35,25,27771906,262,1,486,13499,
748.425,6267.61,51.4622,7.48023,185.159,0,196.04,1,8,-105,-10,2,35,35,25,27771906,262,1,486,13499,
749.428,6267.61,51.4622,7.48023,185.322,0,196.04,1,7,-105,-10,2,35,35,25,27771906,262,1,486,13499,
750.398,6275.97,51.4621,7.48021,185.482,0,194.232,1,7,-105,-10,2,35,35,25,27771906,262,1,486,13499,
751.412,6280.3,51.4621,7.4802,185.641,0,193.83,1,3,-106,-11,2,34,35,25,27771906,262,1,486,13499,
752.417,6285.74,51.4621,7.48022,187.574,4.83472,161.192,1,3,-106,-11,2,34,35,25,27771906,262,1,486,13499,
753.423,6291.53,51.462,7.48029,188.748,6.89045,126.173,1,1,-106,-11,2,34,35,25,27771906,262,1,486,13499,
754.438,6298.67,51.462,7.48039,189.602,7.9447,99.0897,1,1,-106,-11,2,34,35,25,27771906,262,1,486,13499,
755.404,6305.09,51.462,7.48048,189.76,7.62046,97.138,1,4,-107,-13,2,33,34,25,27771906,262,1,486,13499,
756.439,6311.95,51.462,7.48058,189.213,8.17594,95.6,1,4,-107,-13,2,33,34,25,27771906,262,1,486,13499,
757.414,6320.29,51.462,7.4807,188.387,9.83611,94.1,1,1,-107,-12,2,33,33,25,27771906,262,1,486,13499,
758.403,6331.35,51.462,7.48086,187.898,10.7267,92.9015,1,1,-107,-12,2,33,33,25,27771906,262,1,486,13499,
759.415,6341.62,51.462,7.48101,187.226,10.3994,92.3518,1,5,-107,-10,2,33,33,25,27771906,262,1,486,13499,
760.421,6352.99,51.462,7.48117,186.759,10.6273,91.3734,1,5,-107,-10,2,33,33,25,27771906,262,1,486,13499,
761.42,6364.4,51.462,7.48134,186.391,11.6443,90.8785,1,2,-107,-9,2,33,32,25,27771906,262,1,486,13499,
762.421,6375.56,51.462,7.4815,186.108,12.8704,91.2092,1,2,-107,-9,2,33,32,25,27771906,262,1,486,13499,
763.407,6388.11,51.462,7.48168,185.856,13.9905,91.7439,1,4,-108,-10,2,32,30,25,27771906,262,1,486,13499,
764.407,6402.27,51.462,7.48189,185.713,13.7315,91.3963,1,4,-108,-10,2,32,30,25,27771906,262,1,486,13499,
765.399,6415.18,51.462,7.48207,185.432,13.2145,90.5907,1,8,-110,-11,2,30,30,25,27771906,262,1,486,13499,
766.395,6415.18,51.4653,7.46496,nan,13.5059,90.4422,1,8,-110,-11,2,30,30,25,27771906,262,1,486,13499,
767.413,6415.18,51.462,7.48247,184.666,13.1431,89.8529,1,6,-110,-11,2,30,30,25,27771906,262,1,486,13499,
768.42,6428.56,51.462,7.48266,184.316,13.5099,90.2143,1,6,-110,-11,2,30,30,25,27771906,262,1,486,13499,
769.422,6441.22,51.462,7.48285,183.958,13.0549,90.751,1,5,-108,-11,2,32,31,25,27771906,262,1,486,13499,
770.418,6453.13,51.462,7.48302,183.877,12.1088,89.8462,1,5,-108,-11,2,32,31,25,27771906,262,1,486,13499,
771.401,6464.28,51.462,7.48318,184.095,11.5608,90.3353,1,-2,-105,-9,2,35,33,25,27771906,262,1,486,13499,
772.415,6473.78,51.462,7.48332,184.386,10.7974,91.0015,1,-2,-105,-9,2,35,33,25,27771906,262,1,486,13499,
773.427,6480.07,51.462,7.48341,184.716,5.3899,91.4776,1,-5,-108,-11,2,32,32,25,27771906,262,1,486,13499,
774.413,6487.69,51.462,7.48352,185.063,5.3899,90.6076,1,-5,-108,-11,2,32,32,25,27771906,262,1,486,13499,
775.427,6498.59,51.462,7.48368,185.044,7.86102,91.3587,1,-5,-108,-11,2,32,32,25,27771906,262,1,486,13499,
776.401,6508.99,51.462,7.48383,185.175,8.10666,91.9691,1,-1,-112,-13,2,28,30,25,27771906,262,1,486,13499,
777.401,6519.32,51.462,7.48397,185.039,8.15908,105.032,1,-1,-112,-13,2,28,30,25,27771906,262,1,486,13499,
778.433,6529.68,51.462,7.48411,185.132,7.71028,126.617,1,5,-112,-12,2,28,29,25,27771906,262,1,486,13499,
779.421,6537.63,51.4619,7.48417,185.054,8.3174,152.855,1,5,-112,-12,2,28,29,25,27771906,262,1,486,13499,
780.428,6545.88,51.4618,7.48422,185.614,8.35908,156.714,1,7,-102,-9,2,38,35,25,27771906,262,1,486,13499,
781.402,6555.92,51.4618,7.48428,186.691,9.68978,159.081,1,7,-102,-9,2,38,35,25,27771906,262,1,486,13499,
782.404,6566.37,51.4617,7.48432,187.49,10.4403,161.284,1,10,-99,-8,2,41,38,25,27771906,262,1,486,13499,
783.41,6578.14,51.4616,7.48436,188.253,11.4684,163.612,1,10,-99,-8,2,41,38,25,27771906,262,1,486,13499,
784.408,6589.49,51.4615,7.4844,188.619,11.25,165.748,1,11,-99,-8,2,41,38,25,27771906,262,1,486,13499,
785.427,6601.35,51.4614,7.48442,189.023,12.0686,166.992,1,11,-99,-8,2,41,38,25,27771906,262,1,486,13499,
786.427,6601.35,51.4515,7.47393,nan,12.3933,168.567,1,7,-96,-8,2,44,41,25,27771906,262,1,486,13499,
787.435,6601.35,51.4611,7.48446,189.949,11.9894,170.214,1,7,-96,-8,2,44,41,25,27771906,262,1,486,13499,
788.417,6614.2,51.461,7.48448,190.676,12.1849,171.42,1,10,-97,-8,2,43,40,25,27771906,262,1,486,13499,
789.418,6628.06,51.4609,7.4845,191.55,12.3796,173.347,1,10,-97,-8,2,43,40,25,27771906,262,1,486,13499,
790.431,6640.89,51.4608,7.48451,192.155,12.5288,175.078,1,4,-99,-8,2,41,38,25,27771906,262,1,486,13499,
791.436,6654.91,51.4607,7.4845,192.557,12.6677,177.483,1,4,-99,-8,2,41,38,25,27771906,262,1,486,13499,
792.428,6668.05,51.4605,7.4845,192.612,12.709,178.616,1,10,-99,-9,2,41,38,25,27771906,262,1,486,13499,
793.408,6681.11,51.4604,7.48448,192.375,13.1895,179.887,1,10,-99,-9,2,41,38,25,27771906,262,1,486,13499,
794.419,6694.14,51.4603,7.48447,192.183,13.6305,180.838,1,4,-99,-9,2,41,39,25,27771906,262,1,486,13499,
795.42,6707.18,51.4602,7.48445,191.648,13.2294,182.324,1,4,-99,-9,2,41,39,25,27771906,262,1,486,13499,
796.409,6720.1,51.4601,7.48442,191.054,12.6822,183.606,1,4,-101,-9,2,39,38,25,27771906,262,1,486,13499,
797.441,6733.6,51.46,7.4844,190.729,13.0183,183.266,1,4,-101,-9,2,39,38,25,27771906,262,1,486,13499,
798.418,6747.08,51.4598,7.48437,190.996,12.7485,184.765,1,7,-102,-10,2,38,37,25,27771906,262,1,486,13499,
799.441,6759.15,51.4597,7.48434,192.406,12.0735,186.607,1,7,-102,-10,2,38,37,25,27771906,262,1,486,13499,
800.401,6771.28,51.4596,7.48431,193.551,12.0379,187.747,1,3,-102,-9,2,38,36,25,27771906,262,1,486,13499,
801.421,6783.42,51.4595,7.48428,194.372,11.93,188.394,1,3,-102,-9,2,38,36,25,27771906,262,1,486,13499,
802.425,6795.31,51.4594,7.48424,194.896,11.8021,189.042,1,6,-103,-9,2,37,34,25,27771906,262,1,486,13499,
803.42,6807.8,51.4593,7.4842,195.535,12.1389,189.469,1,6,-103,-9,2,37,34,25,27771906,262,1,486,13499,
804.399,6819.32,51.4592,7.48417,197.071,11.7194,190.348,1,6,-103,-9,2,37,34,25,27771906,262,1,486,13499,
805.431,6831.01,51.4591,7.48414,198.406,11.3563,189.446,1,1,-104,-10,2,36,34,25,27771906,262,1,486,13499,
806.429,6831.01,51.4515,7.47393,nan,10.2529,190.061,1,1,-104,-10,2,36,34,25,27771906,262,1,486,13499,
807.4,6831.01,51.4589,7.48409,200.969,9.37284,188.713,1,1,-105,-13,2,35,38,25,28371200,262,1,68,13499,
808.399,6840.2,51.4588,7.48407,201.618,8.83652,189.974,1,1,-105,-13,2,35,38,25,28371200,262,1,68,13499,
809.422,6848.42,51.4588,7.48405,202.313,7.62901,189.483,1,1,-104,-12,2,36,39,25,28371200,262,1,68,13499,
810.398,6855.23,51.4587,7.48403,202.953,4.89739,189.918,1,1,-104,-12,2,36,39,25,28371200,262,1,68,13499,
811.397,6860.78,51.4586,7.484,203.338,4.05849,189.316,1,1,-103,-12,2,37,40,25,28371200,262,1,68,13499,
812.42,6867.68,51.4586,7.48398,203.582,5.70886,187.506,1,1,-103,-12,2,37,40,25,28371200,262,1,68,13499,
813.402,6874.65,51.4585,7.48397,204.698,8.02238,187.573,1,-1,-103,-12,2,37,40,25,28371200,262,1,68,13499,
814.424,6882.89,51.4585,7.48394,205.647,9.98878,189.763,1,-1,-103,-12,2,37,40,25,28371200,262,1,68,13499,
815.4,6894.71,51.4583,7.48391,206.822,11.1072,191.226,1,2,-103,-12,2,37,40,25,28371200,262,1,68,13499,
816.414,6907.03,51.4582,7.48387,207.839,12.7287,191.78,1,2,-103,-12,2,37,40,25,28371200,262,1,68,13499,
817.414,6920.67,51.4581,7.48384,208.557,13.2965,189.622,1,5,-101,-12,2,39,42,25,28371200,262,1,68,13499,
818.407,6934.02,51.458,7.48381,209.749,14.5188,189.279,1,5,-101,-12,2,39,42,25,28371200,262,1,68,13499,
819.421,6949.9,51.4579,7.48377,210.515,15.1077,188.44,1,8,-99,-11,2,41,43,25,28371200,262,1,68,13499,
820.423,6964.84,51.4577,7.48374,211.807,15.7074,189.226,1,8,-99,-11,2,41,43,25,28371200,262,1,68,13499,
821.431,6981.02,51.4576,7.4837,212.707,15.5726,189.403,1,11,-97,-10,2,43,44,25,28371200,262,1,68,13499,
822.407,6996.98,51.4574,7.48365,213.908,15.798,189.92,1,11,-97,-10,2,43,44,25,28371200,262,1,68,13499,
823.438,7012.4,51.4573,7.48361,215.189,15.5264,189.565,1,8,-94,-10,2,46,47,25,28371200,262,1,68,13499,
824.422,7028.75,51.4572,7.48357,215.934,16.0558,189.807,1,8,-94,-10,2,46,47,25,28371200,262,1,68,13499,
825.408,7044.91,51.457,7.48354,216.605,16.0511,190.187,1,9,-94,-10,2,46,47,25,28371200,262,1,68,13499,
826.428,7044.91,51.4567,7.48505,nan,15.6603,189.641,1,9,-94,-10,2,46,47,25,28371200,262,1,68,13499,
827.426,7044.91,51.4567,7.48344,218.292,15.4362,189.26,1,9,-94,-10,2,46,47,25,28371200,262,1,68,13499,
828.415,7060.14,51.4566,7.48341,219.073,15.1356,188.289,1,14,-93,-10,2,47,48,25,28371200,262,1,68,13499,
829.394,7075.14,51.4565,7.48337,219.816,14.9112,187.918,1,14,-93,-10,2,47,48,25,28371200,262,1,68,13499,
830.419,7090.01,51.4563,7.48333,220.56,14.9359,187.484,1,8,-93,-10,2,47,49,25,28371200,262,1,68,13499,
831.428,7105.37,51.4562,7.4833,221.4,14.4991,186.978,1,8,-93,-10,2,47,49,25,28371200,262,1,68,13499,
832.43,7120.12,51.4561,7.48327,222.38,14.7516,185.673,1,4,-91,-9,2,49,49,25,28371202,262,1,67,13499,
833.409,7135.02,51.4559,7.48326,223.622,15.0111,184.094,1,4,-91,-9,2,49,49,25,28371202,262,1,67,13499,
834.399,7148.75,51.4558,7.48325,224.276,14.4845,183.182,1,5,-90,-8,2,50,49,25,28371202,262,1,67,13499,
835.411,7163.67,51.4557,7.48325,224.657,14.6401,181.913,1,5,-90,-8,2,50,49,25,28371202,262,1,67,13499,
836.413,7177.41,51.4555,7.48326,224.695,14.7772,180.323,1,15,-89,-8,2,51,49,25,28371202,262,1,67,13499,
837.412,7191.4,51.4554,7.48327,224.81,14.8327,178.693,1,15,-89,-8,2,51,49,25,28371202,262,1,67,13499,
838.422,7206.11,51.4553,7.48329,224.874,14.9323,176.662,1,12,-90,-7,2,50,48,25,28371202,262,1,67,13499,
839.404,7220.53,51.4552,7.48331,224.765,14.866,174.692,1,12,-90,-7,2,50,48,25,28371202,262,1,67,13499,
840.419,7235.7,51.455,7.48334,224.932,14.8159,172.638,1,22,-90,-6,2,50,47,25,28371202,262,1,67,13499,
841.422,7250.69,51.4549,7.48338,225.129,14.7635,170.101,1,22,-90,-6,2,50,47,25,28371202,262,1,67,13499,
842.422,7266.28,51.4548,7.48344,225.347,14.9137,167.471,1,18,-89,-6,2,51,48,25,28371202,262,1,67,13499,
843.397,7281.17,51.4546,7.4835,225.48,14.9334,165.216,1,18,-89,-6,2,51,48,25,28371202,262,1,67,13499,
844.404,7296.32,51.4545,7.48358,225.865,15.159,162.598,1,14,-87,-6,2,53,50,25,28371202,262,1,67,13499,
845.579,7311.28,51.4544,7.48367,225.981,15.5548,159.569,1,14,-87,-6,2,53,50,25,28371202,262,1,67,13499,
846.418,7311.28,51.4535,7.48459,nan,16.1397,157.159,1,10,-91,-6,11,49,47,4,28371202,262,1,67,13499,
847.43,7311.28,51.4541,7.48389,226.856,15.0381,154.249,1,10,-91,-6,11,49,47,4,28371202,262,1,67,13499,
848.402,7328.27,51.454,7.48402,227.93,15.6251,150.891,1,10,-91,-6,11,49,47,4,28371202,262,1,67,13499,
849.425,7344.86,51.4539,7.48417,229.073,16.2434,148.077,1,9,-90,-6,11,50,48,4,28371202,262,1,67,13499,
850.405,7360.32,51.4538,7.48431,230.313,15.9577,145.399,1,9,-90,-6,11,50,48,4,28371202,262,1,67,13499,
851.42,7375,51.4537,7.48445,231.738,14.248,142.594,1,11,-88,-5,9,52,49,4,28371202,262,1,67,13499,
852.424,7390.97,51.4536,7.48461,232.907,15.6765,139.556,1,11,-88,-5,9,52,49,4,28371202,262,1,67,13499,
853.415,7406.94,51.4535,7.48478,234.445,14.6622,137.053,1,16,-86,-5,10,54,52,4,28371202,262,1,67,13499,
854.43,7423.04,51.4534,7.48496,235.756,16.2185,136.633,1,16,-86,-5,10,54,52,4,28371202,262,1,67,13499,
855.406,7439.03,51.4533,7.48513,236.804,15.9361,135.552,1,20,-82,-5,11,58,55,4,28371202,262,1,67,13499,
856.428,7454.21,51.4532,7.4853,237.461,15.8926,134.21,1,20,-82,-5,11,58,55,4,28371202,262,1,67,13499,
857.414,7470.44,51.4531,7.48548,238.319,15.5509,133.218,1,22,-84,-6,12,56,54,4,28371202,262,1,67,13499,
858.456,7485.75,51.453,7.48565,239.105,15.2816,132.704,1,22,-84,-6,12,56,54,4,28371202,262,1,67,13499,
859.415,7500.82,51.4529,7.48582,239.886,15.792,133.756,1,13,-83,-6,12,57,54,4,28371202,262,1,67,13499,
860.422,7516,51.4528,7.48598,240.866,15.5408,134.304,1,13,-83,-6,12,57,54,4,28371202,262,1,67,13499,
861.409,7530.77,51.4527,7.48613,241.686,14.7955,136.564,1,23,-83,-5,12,57,54,4,28371202,262,1,67,13499,
862.428,7546.09,51.4526,7.48628,242.22,15.8329,137.786,1,23,-83,-5,12,57,54,4,28371202,262,1,67,13499,
863.405,7562.69,51.4525,7.48644,242.933,15.8087,139.335,1,15,-84,-6,10,56,53,4,28371202,262,1,67,13499,
864.449,7579.42,51.4524,7.48659,243.638,15.7336,141.166,1,15,-84,-6,10,56,53,4,28371202,262,1,67,13499,
865.426,7595.15,51.4523,7.48673,244.593,15.4399,143.333,1,24,-87,-6,15,53,51,4,28371202,262,1,67,13499,
866.414,7595.15,51.4535,7.48459,nan,15.3236,145.561,1,24,-87,-6,15,53,51,4,28371202,262,1,67,13499,
867.417,7595.15,51.4521,7.48697,247.363,15.2525,147.403,1,16,-86,-6,12,54,52,4,28371202,262,1,67,13499,
868.44,7611.81,51.4519,7.4871,248.71,15.7231,149.353,1,16,-86,-6,12,54,52,4,28371202,262,1,67,13499,
869.44,7628.37,51.4518,7.48721,249.893,15.7959,151.786,1,8,-88,-6,11,52,50,4,28371202,262,1,67,13499,
870.401,7644.31,51.4517,7.4873,251.111,14.9649,154.295,1,8,-88,-6,11,52,50,4,28371202,262,1,67,13499,
871.419,7658.48,51.4515,7.48738,251.551,14.7081,156.021,1,12,-88,-7,11,52,51,4,28371202,262,1,67,13499,
872.422,7673.4,51.4514,7.48745,251.622,15.0298,157.369,1,12,-88,-7,11,52,51,4,28371202,262,1,67,13499,
873.433,7688.91,51.4513,7.48753,251.938,14.8206,156.567,1,12,-90,-7,12,50,48,4,28371202,262,1,67,13499,
874.415,7704.8,51.4512,7.48761,252.4,15.0344,157.444,1,12,-90,-7,12,50,48,4,28371202,262,1,67,13499,
875.414,7720.16,51.451,7.48769,252.186,14.9544,158.169,1,4,-94,-8,10,46,46,4,28371202,262,1,67,13499,
876.414,7735.49,51.4509,7.48777,252.733,13.7861,158.773,1,4,-94,-8,10,46,46,4,28371202,262,1,67,13499,
877.411,7749.29,51.4508,7.48784,253.421,13.7237,158.322,1,3,-93,-8,12,47,47,4,28371202,262,1,67,13499,
878.414,7762.42,51.4507,7.48791,254.406,11.6791,158.443,1,3,-93,-8,12,47,47,4,28371202,262,1,67,13499,
