0.24,0,51.4502,7.48819,251.331,6.01169,178.129,1,8,-98,-12,2,42,45,6,28371201,262,1,66,13499,
1.318,6.44236,51.4501,7.4882,251.269,6.4382,175.274,1,12,-97,-9,9,43,43,7,28371201,262,1,66,13499,
2.34,13.1636,51.4501,7.48822,251.397,6.95983,174.025,1,12,-97,-9,9,43,43,7,28371201,262,1,66,13499,
3.39,21.3977,51.45,7.48824,251.364,7.6755,172.723,1,10,-98,-11,11,42,45,7,28371201,262,1,66,13499,
4.443,29.4527,51.4499,7.48827,251.2,7.78666,171.232,1,10,-98,-10,8,42,43,7,28371201,262,1,66,13499,
5.468,38.6486,51.4498,7.4883,251.231,8.66122,171.016,1,10,-98,-10,8,42,43,7,28371201,262,1,66,13499,
6.476,46.8783,51.4498,7.48832,251.453,9.05765,171.417,1,7,-99,-9,9,41,41,7,28371201,262,1,66,13499,
7.478,56.1298,51.4497,7.48834,251.604,8.90661,172.194,1,7,-99,-9,9,41,41,7,28371201,262,1,66,13499,
8.468,65.2199,51.4496,7.48836,251.962,8.99859,173.148,1,7,-99,-9,9,41,41,7,28371201,262,1,66,13499,
9.468,75.3362,51.4495,7.48838,252.263,9.47253,173.772,1,9,-98,-10,11,42,43,7,28371201,262,1,66,13499,
10.468,85.8108,51.4494,7.4884,252.834,9.58184,175.367,1,9,-98,-10,11,42,43,7,28371201,262,1,66,13499,
11.48,95.1663,51.4493,7.4884,253.302,9.75602,176.69,1,8,-100,-9,11,40,40,7,28371201,262,1,66,13499,
12.468,104.744,51.4492,7.4884,253.432,10.0906,177.989,1,8,-100,-9,11,40,40,7,28371201,262,1,66,13499,
13.468,114.555,51.4492,7.4884,253.552,9.59232,179.109,1,7,-100,-9,8,40,40,7,28371201,262,1,66,13499,
14.468,124.426,51.4491,7.48839,253.703,9.77671,181.279,1,7,-100,-9,8,40,40,7,28371201,262,1,66,13499,
15.485,135.087,51.449,7.48837,253.663,9.94753,184.399,1,7,-100,-9,8,40,41,7,28371201,262,1,66,13499,
16.468,145.71,51.4489,7.48835,253.394,10.3888,186.652,1,7,-100,-9,8,40,41,7,28371201,262,1,66,13499,
17.467,155.897,51.4488,7.48832,252.977,10.3201,188.933,1,7,-102,-9,2,38,38,7,28371201,262,1,66,13499,
18.468,166.401,51.4487,7.48829,252.959,10.517,189.54,1,7,-102,-9,2,38,38,7,28371201,262,1,66,13499,
19.474,166.401,51.4484,7.48855,nan,10.5943,190.744,1,5,-103,-11,2,37,39,7,28371201,262,1,66,13499,
20.468,166.401,51.4485,7.48821,253.01,11.3072,191.837,1,5,-103,-11,2,37,39,7,28371201,262,1,66,13499,
21.468,178.129,51.4484,7.48816,253.18,11.6826,192.678,1,-1,-104,-11,2,36,38,7,28371201,262,1,66,13499,
22.468,190.355,51.4483,7.48813,253.642,11.5556,191.932,1,-1,-104,-11,2,36,38,7,28371201,262,1,66,13499,
23.468,202.509,51.4482,7.48808,253.989,11.9079,192.305,1,3,-104,-10,2,36,37,7,27771909,262,1,151,13499,
24.468,214.423,51.4481,7.48804,254.429,11.7303,192.199,1,3,-104,-10,2,36,37,7,27771909,262,1,151,13499,
25.468,226.164,51.448,7.488,254.947,11.576,192.744,1,2,-104,-10,2,36,37,7,27771909,262,1,151,13499,
26.468,238.387,51.4479,7.48796,254.949,11.4385,191.503,1,2,-104,-10,2,36,37,7,27771909,262,1,151,13499,
27.468,250.037,51.4478,7.48792,254.888,11.4384,191.156,1,2,-103,-9,2,37,37,7,27771909,262,1,151,13499,
28.468,261.267,51.4477,7.48789,255.002,11.5964,188.849,1,2,-103,-9,2,37,37,7,27771909,262,1,151,13499,
29.468,272.364,51.4476,7.48787,255.578,11.496,187.048,1,7,-103,-10,2,37,39,7,27771909,262,1,151,13499,
30.468,283.991,51.4475,7.48786,256.159,11.7044,184.888,1,7,-103,-10,2,37,39,7,27771909,262,1,151,13499,
31.468,296.025,51.4474,7.48785,256.548,12.0401,182.662,1,5,-103,-10,2,37,38,7,27771909,262,1,151,13499,
32.468,307.712,51.4473,7.48785,257.006,11.896,180.92,1,5,-103,-10,2,37,38,7,27771909,262,1,151,13499,
33.468,319.476,51.4472,7.48787,257.355,11.8394,178.493,1,10,-103,-9,2,37,38,7,27771909,262,1,151,13499,
34.468,332.215,51.447,7.48789,257.854,12.1721,175.771,1,10,-103,-9,2,37,38,7,27771909,262,1,151,13499,
35.468,344.485,51.4469,7.48793,258.373,12.3419,172.418,1,10,-103,-9,2,37,38,7,27771909,262,1,151,13499,
36.467,356.309,51.4468,7.48798,258.583,12.1049,169.065,1,6,-102,-9,2,38,37,7,27771909,262,1,151,13499,
37.468,369.292,51.4467,7.48803,259.298,12.1292,166.505,1,6,-102,-9,2,38,37,7,27771909,262,1,151,13499,
38.468,381.083,51.4466,7.48809,259.893,11.8969,164.286,1,3,-102,-9,2,38,37,7,27771909,262,1,151,13499,
39.468,381.083,51.4466,7.4889,nan,12.325,161.461,1,3,-102,-9,2,38,37,7,27771909,262,1,151,13499,
40.468,381.083,51.4464,7.48824,261.055,12.7316,158.66,1,7,-102,-9,2,38,37,7,27771909,262,1,151,13499,
41.468,394.195,51.4463,7.48833,261.789,12.5632,155.787,1,7,-102,-9,2,38,37,7,27771909,262,1,151,13499,
42.468,407.322,51.4462,7.48842,262.382,12.6102,153.033,1,11,-101,-9,2,39,38,7,27771909,262,1,151,13499,
43.468,421.711,51.4461,7.48854,263.145,12.8943,149.442,1,11,-101,-9,2,39,38,7,27771909,262,1,151,13499,
44.468,436.229,51.446,7.48867,263.915,13.3158,146.281,1,12,-101,-9,2,39,40,7,27771909,262,1,151,13499,
45.468,450.289,51.4459,7.4888,264.75,13.3014,143.146,1,12,-101,-9,2,39,40,7,27771909,262,1,151,13499,
46.487,465.506,51.4458,7.48896,265.224,13.6297,140.288,1,-2,-101,-10,2,39,40,7,27771909,262,1,151,13499,
47.468,480.36,51.4457,7.48911,265.776,13.6808,137.118,1,-2,-101,-10,2,39,40,7,27771909,262,1,151,13499,
48.468,494.486,51.4456,7.48927,266.164,13.7973,134.267,1,4,-104,-11,2,36,39,7,28371201,262,1,66,13499,
49.468,506.97,51.4456,7.48942,266.466,14.0456,131.979,1,4,-104,-11,2,36,39,7,28371201,262,1,66,13499,
50.469,520.304,51.4455,7.48958,266.833,13.4823,130.709,1,10,-103,-11,2,37,40,7,28371201,262,1,66,13499,
51.481,533.503,51.4454,7.48973,267.412,12.8262,129.325,1,10,-103,-11,2,37,40,7,28371201,262,1,66,13499,
52.468,546.836,51.4454,7.48989,267.844,12.4947,128.596,1,4,-103,-10,2,37,40,7,28371201,262,1,66,13499,
53.467,559.901,51.4453,7.49004,268.882,12.1727,127.912,1,4,-103,-10,2,37,40,7,28371201,262,1,66,13499,
54.478,572.85,51.4452,7.49019,269.849,11.8794,128.043,1,7,-104,-9,2,36,36,7,28371201,262,1,66,13499,
55.468,583.342,51.4452,7.49032,270.714,10.9878,127.744,1,7,-104,-9,2,36,36,7,28371201,262,1,66,13499,
56.468,593.448,51.4451,7.49044,271.441,10.5686,127.395,1,7,-104,-9,2,36,36,7,28371201,262,1,66,13499,
57.468,603.898,51.4451,7.49056,272.217,9.93298,127.018,1,4,-104,-9,2,36,36,7,27771907,262,1,150,13499,
58.468,613.651,51.445,7.49068,272.962,9.57948,126.658,1,4,-104,-9,2,36,36,7,27771907,262,1,150,13499,
59.476,623.397,51.445,7.4908,273.674,9.33308,127.77,1,7,-103,-9,2,37,37,7,27771907,262,1,150,13499,
60.467,636.44,51.4451,7.4908,272.8,8.79248,127.919,1,7,-103,-9,2,37,37,7,27771907,262,1,150,13499,
61.468,662.905,51.4449,7.491,274.622,8.41737,127.891,1,6,-104,-8,7,36,35,6,27771907,262,1,150,13499,
62.468,671.002,51.4448,7.4911,274.47,7.69361,127.294,1,6,-104,-8,7,36,35,6,27771907,262,1,150,13499,
63.468,678.651,51.4448,7.49119,274.153,7.11601,127.413,1,2,-106,-11,4,34,36,6,27771907,262,1,150,13499,
64.484,685.281,51.4448,7.49126,273.793,6.42048,126.997,1,2,-106,-11,4,34,36,6,27771907,262,1,150,13499,
65.467,691.17,51.4447,7.49133,273.661,5.79025,126.253,1,5,-105,-8,9,35,33,6,27771907,262,1,150,13499,
66.468,694.499,51.4447,7.49137,272.996,5.0183,126.118,1,5,-105,-8,9,35,33,6,27771907,262,1,150,13499,
67.468,698.593,51.4447,7.49142,272.907,3.82138,125.265,1,3,-109,-11,7,31,33,6,27771907,262,1,150,13499,
68.468,701.557,51.4447,7.49146,272.804,2.64066,125.663,1,3,-109,-11,7,31,33,6,27771907,262,1,150,13499,
69.468,703.837,51.4447,7.49148,272.708,1.56935,125.555,1,2,-109,-10,5,31,32,6,27771907,262,1,150,13499,
70.483,704.631,51.4447,7.49149,272.623,0.543102,125.555,1,2,-109,-10,5,31,32,6,27771907,262,1,150,13499,
71.468,704.631,51.4447,7.49149,272.615,0,125.555,1,9,-106,-9,9,34,34,6,27771907,262,1,150,13499,
72.468,704.631,51.4447,7.49149,272.606,0,125.555,1,9,-106,-9,9,34,34,6,27771907,262,1,150,13499,
73.471,704.631,51.4447,7.49149,272.599,0,125.555,1,8,-107,-9,10,33,34,6,27771907,262,1,150,13499,
74.478,704.631,51.4447,7.49149,272.51,0,126.426,1,8,-107,-9,10,33,34,6,27771907,262,1,150,13499,
75.468,704.631,51.4447,7.49149,272.414,0,125.942,1,9,-107,-9,9,33,33,6,27771907,262,1,150,13499,
76.468,712.166,51.4446,7.49158,271.488,4.24658,125.61,1,9,-107,-9,9,33,33,6,27771907,262,1,150,13499,
77.468,715.55,51.4446,7.49162,271.441,4.14868,125.379,1,7,-104,-8,13,36,34,6,27771907,262,1,150,13499,
78.467,720.495,51.4446,7.49167,271.403,4.00505,138.435,1,7,-104,-8,13,36,34,6,27771907,262,1,150,13499,
79.468,720.495,51.4445,7.49162,nan,3.86006,159.188,1,10,-100,-7,2,40,38,6,27771907,262,1,150,13499,
80.468,720.495,51.4445,7.49171,271.631,4.3425,183.729,1,10,-100,-7,2,40,38,6,27771907,262,1,150,13499,
81.468,725.423,51.4444,7.49169,272.157,5.01287,199.338,1,10,-100,-7,2,40,38,6,27771907,262,1,150,13499,
82.468,730.876,51.4444,7.49166,272.983,6.0877,202.954,1,16,-100,-7,2,40,38,6,27771907,262,1,150,13499,
83.468,736.682,51.4444,7.49161,273.692,7.07488,216.444,1,16,-100,-7,2,40,38,6,27771907,262,1,150,13499,
84.476,744.263,51.4443,7.49154,274.144,7.80074,217.094,1,12,-97,-7,2,43,42,6,27771907,262,1,150,13499,
85.468,752.477,51.4442,7.49147,274.269,8.74448,216.832,1,12,-97,-7,2,43,42,6,27771907,262,1,150,13499,
86.469,761.832,51.4442,7.49139,274.189,9.72235,216.034,1,22,-93,-6,2,47,46,6,27771907,262,1,150,13499,
87.468,772.466,51.4441,7.4913,274.186,10.1741,216.51,1,22,-93,-6,2,47,46,6,27771907,262,1,150,13499,
88.473,782.097,51.444,7.49121,274.105,10.3033,217.002,1,18,-92,-6,2,48,47,6,27771907,262,1,150,13499,
89.468,793.959,51.4439,7.49112,274.055,11.2135,216.585,1,18,-92,-6,2,48,47,6,27771907,262,1,150,13499,
90.468,804.791,51.4439,7.49103,274.219,10.8766,216.39,1,30,-88,-6,2,52,49,6,27771907,262,1,150,13499,
91.472,815.428,51.4438,7.49093,274.116,11.0466,215.846,1,30,-88,-6,2,52,49,6,27771907,262,1,150,13499,
92.468,826.908,51.4437,7.49084,273.758,11.429,216.045,1,28,-80,-5,2,60,57,6,27771907,262,1,150,13499,
93.468,838.72,51.4436,7.49074,273.422,11.9865,216.12,1,28,-80,-5,2,60,57,6,27771907,262,1,150,13499,
94.48,851.03,51.4435,7.49064,273.451,12.019,216.21,1,30,-72,-5,2,68,63,6,27771907,262,1,150,13499,
95.468,863.286,51.4434,7.49054,273.516,11.7466,216.495,1,30,-72,-5,2,68,63,6,27771907,262,1,150,13499,
96.468,875.481,51.4433,7.49044,273.619,11.9905,216.175,1,25,-76,-5,2,64,61,6,27771907,262,1,150,13499,
97.468,888.087,51.4433,7.49033,273.78,12.5907,215.792,1,25,-76,-5,2,64,61,6,27771907,262,1,150,13499,
98.48,901.24,51.4432,7.49022,273.977,12.9377,216.621,1,27,-76,-5,2,64,61,6,27771907,262,1,150,13499,
99.468,914.769,51.4431,7.49011,274.396,13.2954,216.891,1,27,-76,-5,2,64,61,6,27771907,262,1,150,13499,
100.468,928.096,51.443,7.48999,274.748,13.5745,216.726,1,25,-85,-6,13,55,52,4,27771907,262,1,150,13499,
101.468,941.228,51.4429,7.48988,275.167,13.2845,216.174,1,25,-85,-6,13,55,52,4,27771907,262,1,150,13499,
102.468,954.854,51.4428,7.48976,275.764,13.3267,216.723,1,22,-77,-5,12,63,61,4,27771907,262,1,150,13499,
103.468,967.851,51.4427,7.48965,276.468,13.6692,217.065,1,22,-77,-5,12,63,61,4,27771907,262,1,150,13499,
104.468,980.308,51.4426,7.48954,277.299,13.9458,217.894,1,40,-70,-4,14,70,63,4,27771907,262,1,150,13499,
105.468,993.805,51.4425,7.48941,278.291,14.1257,217.292,1,40,-70,-4,14,70,63,4,27771907,262,1,150,13499,
106.468,1008.07,51.4424,7.48929,278.995,13.7364,217.968,1,40,-70,-4,14,70,63,4,27771907,262,1,150,13499,
107.468,1024.03,51.4423,7.48915,279.238,13.8823,217.512,1,40,-69,-4,15,71,63,4,27771907,262,1,150,13499,
108.468,1038.3,51.4422,7.48903,279.566,14.1972,217.174,1,40,-69,-4,15,71,63,4,27771907,262,1,150,13499,
109.472,1053.2,51.4421,7.4889,279.936,14.3062,218.673,1,17,-73,-5,14,67,63,4,27771907,262,1,150,13499,
110.468,1066.81,51.442,7.48878,280.434,14.4109,220.273,1,17,-73,-5,14,67,63,4,27771907,262,1,150,13499,
111.468,1079.66,51.4419,7.48865,280.429,14.2738,222.077,1,14,-59,-4,15,81,63,4,27771907,262,1,150,13499,
112.479,1094.51,51.4418,7.48851,280.885,14.1821,223.814,1,14,-59,-4,15,81,63,4,27771907,262,1,150,13499,
113.468,1109.05,51.4417,7.48835,281.454,13.8842,225.564,1,9,-66,-5,15,74,63,4,27771907,262,1,150,13499,
114.468,1122.79,51.4416,7.4882,281.744,13.5827,227.551,1,9,-66,-5,15,74,63,4,27771907,262,1,150,13499,
115.468,1135.82,51.4415,7.48806,281.675,13.6653,228.749,1,27,-71,-5,13,69,63,4,27771907,262,1,150,13499,
116.468,1150.63,51.4415,7.48789,281.665,13.883,229.54,1,27,-71,-5,13,69,63,4,27771907,262,1,150,13499,
117.468,1164.66,51.4414,7.48773,281.407,14.2569,230.374,1,30,-74,-5,2,66,62,4,27771907,262,1,150,13499,
118.468,1178.14,51.4413,7.48758,280.968,14.4763,231.102,1,30,-74,-5,2,66,62,4,27771907,262,1,150,13499,
119.468,1192.27,51.4412,7.48741,280.638,14.8277,232.07,1,27,-74,-5,2,66,63,4,27771907,262,1,150,13499,
120.468,1192.27,51.4414,7.48738,nan,14.6156,231.765,1,27,-74,-5,2,66,63,4,27771907,262,1,150,13499,
121.468,1192.27,51.4411,7.48706,280.946,14.3135,232.403,1,15,-84,-7,14,56,54,1,27771907,262,1,150,13499,
122.47,1206.37,51.441,7.4869,280.934,14.3801,232.176,1,15,-84,-7,14,56,54,1,27771907,262,1,150,13499,
123.468,1220.82,51.4409,7.48673,280.834,14.5392,231.513,1,13,-82,-6,6,58,55,3,27771908,262,1,152,13499,
124.468,1235.63,51.4408,7.48656,281.099,14.7428,232.07,1,13,-82,-6,6,58,55,3,27771908,262,1,152,13499,
125.468,1250.05,51.4408,7.48639,281.546,14.6411,232.475,1,15,-82,-7,15,58,57,3,27771908,262,1,152,13499,
126.467,1264.53,51.4407,7.48623,281.878,14.1991,232.95,1,15,-82,-7,15,58,57,3,27771908,262,1,152,13499,
127.468,1278.38,51.4406,7.48607,281.684,14.005,233.428,1,18,-83,-7,14,57,55,3,27771908,262,1,152,13499,
128.468,1291.49,51.4405,7.48591,281.658,14.0591,233.854,1,18,-83,-7,14,57,55,3,27771908,262,1,152,13499,
129.468,1305.28,51.4405,7.48575,281.497,14.3966,233.49,1,18,-83,-7,14,57,55,3,27771908,262,1,152,13499,
130.467,1320.28,51.4404,7.48557,281.525,14.601,233.276,1,29,-78,-6,14,62,59,3,27771908,262,1,152,13499,
131.481,1335.05,51.4403,7.4854,281.449,14.278,233.767,1,29,-78,-6,14,62,59,3,27771908,262,1,152,13499,
132.468,1350.18,51.4402,7.48522,281.579,14.2534,232.898,1,32,-76,-5,14,64,61,3,27771908,262,1,152,13499,
133.468,1363.23,51.4402,7.48507,281.542,14.3402,232.453,1,32,-76,-5,14,64,61,3,27771908,262,1,152,13499,
134.468,1377.68,51.4401,7.4849,281.545,14.4386,233.021,1,32,-74,-6,14,66,63,3,27771908,262,1,152,13499,
135.468,1393.93,51.44,7.48471,281.911,14.5516,232.63,1,32,-74,-6,14,66,63,3,27771908,262,1,152,13499,
136.467,1408.67,51.4399,7.48454,282.046,14.2668,232.95,1,28,-68,-6,15,72,63,3,27771908,262,1,152,13499,
137.468,1423.13,51.4398,7.48437,281.826,14.5803,232.719,1,28,-68,-6,15,72,63,3,27771908,262,1,152,13499,
138.478,1438.06,51.4398,7.48419,281.565,14.3678,233.246,1,31,-66,-6,14,74,63,3,27771908,262,1,152,13499,
139.471,1452.19,51.4397,7.48403,281.262,14.2406,233.476,1,31,-66,-6,14,74,63,3,27771908,262,1,152,13499,
140.468,1466.55,51.4396,7.48386,281.327,14.7619,232.533,1,30,-66,-6,2,74,63,3,27771908,262,1,152,13499,
141.468,1480.55,51.4395,7.4837,281.584,14.5051,233.489,1,30,-66,-6,2,74,63,3,27771908,262,1,152,13499,
142.476,1494.82,51.4395,7.48353,282.014,13.9994,235.595,1,29,-71,-5,2,69,63,3,27771908,262,1,152,13499,
143.468,1508.73,51.4394,7.48336,282.459,13.9554,237.15,1,29,-71,-5,2,69,63,3,27771908,262,1,152,13499,
144.468,1522.8,51.4393,7.48319,282.969,14.0674,237.984,1,29,-72,-5,2,68,63,3,27771908,262,1,152,13499,
145.472,1537.38,51.4393,7.483,283.555,13.8395,238.468,1,29,-72,-5,2,68,63,3,27771908,262,1,152,13499,
146.468,1552.67,51.4392,7.48281,284.067,14.0232,238.834,1,28,-75,-6,2,65,62,3,27771908,262,1,152,13499,
147.468,1567.07,51.4391,7.48263,284.561,13.4827,239.516,1,28,-75,-6,2,65,62,3,27771908,262,1,152,13499,
148.468,1579.8,51.4391,7.48247,284.786,13.2533,240.308,1,31,-76,-5,2,64,61,3,27771908,262,1,152,13499,
149.468,1593.76,51.439,7.48229,285.066,14.0536,241.052,1,31,-76,-5,2,64,61,3,27771908,262,1,152,13499,
150.468,1607.97,51.439,7.48211,285.487,14.1846,240.09,1,28,-79,-5,2,61,57,3,27771908,262,1,152,13499,
151.468,1622.38,51.4389,7.48193,285.572,14.0927,240.659,1,28,-79,-5,2,61,57,3,27771908,262,1,152,13499,
152.471,1636.64,51.4388,7.48175,286.226,13.9797,239.987,1,20,-91,-5,13,49,46,5,27771908,262,1,152,13499,
153.468,1650.49,51.4388,7.48158,286.714,14.2625,240.545,1,20,-91,-5,13,49,46,5,27771908,262,1,152,13499,
154.469,1664.35,51.4387,7.4814,287.209,14.4329,239.686,1,23,-91,-6,1,49,46,5,27771908,262,1,152,13499,
155.468,1678.73,51.4386,7.48122,287.503,14.466,240.271,1,23,-91,-6,1,49,46,5,27771908,262,1,152,13499,
156.47,1693.53,51.4386,7.48103,287.388,14.8818,240.812,1,23,-91,-6,1,49,46,5,27771908,262,1,152,13499,
157.468,1709.03,51.4385,7.48084,287.344,14.7302,240.451,1,20,-93,-5,10,47,43,5,27771908,262,1,152,13499,
158.468,1723.68,51.4385,7.48065,287.113,15.1083,239.937,1,20,-93,-5,10,47,43,5,27771908,262,1,152,13499,
159.472,1739.02,51.4384,7.48046,287.006,15.1878,240.185,1,20,-94,-5,12,46,43,5,27771908,262,1,152,13499,
160.468,1754.44,51.4383,7.48027,286.874,15.1178,240.706,1,20,-94,-5,12,46,43,5,27771908,262,1,152,13499,
161.468,1769.89,51.4383,7.48007,287.085,15.2519,240.329,1,13,-96,-5,10,44,41,5,27771908,262,1,152,13499,
162.468,1785.01,51.4382,7.47988,287.57,15.0502,240.835,1,13,-96,-5,10,44,41,5,27771908,262,1,152,13499,
163.468,1801.06,51.4381,7.47968,287.892,15.144,240.297,1,10,-98,-6,11,42,39,5,27771908,262,1,152,13499,
164.468,1815.85,51.438,7.47949,288.403,15.2996,241.167,1,10,-98,-6,11,42,39,5,27771908,262,1,152,13499,
165.468,1831.6,51.438,7.47929,288.853,15.6584,241.032,1,13,-99,-6,9,41,37,5,27771908,262,1,152,13499,
166.468,1847.51,51.4379,7.47909,288.26,15.6648,241.369,1,13,-99,-6,9,41,37,5,27771908,262,1,152,13499,
167.468,1863.04,51.4378,7.47889,287.897,15.4379,241.185,1,11,-100,-6,8,40,37,5,27771908,262,1,152,13499,
168.468,1877.79,51.4378,7.4787,287.254,15.1683,242.148,1,11,-100,-6,8,40,37,5,27771908,262,1,152,13499,
169.468,1893.09,51.4377,7.47851,287.35,14.8392,242.494,1,10,-101,-7,2,39,37,5,27771908,262,1,152,13499,
170.468,1909.24,51.4377,7.4783,287.477,15.138,242.132,1,10,-101,-7,2,39,37,5,27771908,262,1,152,13499,
171.468,1924.57,51.4376,7.4781,287.72,15.0706,242.344,1,10,-102,-7,2,38,35,5,27771908,262,1,152,13499,
172.467,1940.03,51.4375,7.4779,287.884,15.1095,241.584,1,10,-102,-7,2,38,35,5,27771908,262,1,152,13499,
173.468,1955.58,51.4375,7.4777,288.275,15.054,242.529,1,5,-103,-8,2,37,35,5,27771908,262,1,152,13499,
174.468,1969.47,51.4374,7.47752,288.166,14.9938,242.476,1,5,-103,-8,2,37,35,5,27771908,262,1,152,13499,
175.468,1984.73,51.4373,7.47733,287.878,14.0358,242.079,1,10,-105,-8,2,35,34,5,27771908,262,1,152,13499,
176.468,1997.11,51.4373,7.47717,287.594,12.6605,242.435,1,10,-105,-8,2,35,34,5,27771908,262,1,152,13499,
177.468,2009.05,51.4373,7.47701,287.222,11.6266,244.297,1,13,-106,-9,2,34,34,5,27771908,262,1,152,13499,
178.468,2021.79,51.4372,7.47684,287.309,10.7249,247.801,1,13,-106,-9,2,34,34,5,27771908,262,1,152,13499,
179.468,2031.61,51.4372,7.47671,287.301,9.67327,250.961,1,13,-106,-9,2,34,34,5,27771908,262,1,152,13499,
180.468,2031.61,51.4372,7.48105,nan,8.88603,265.971,1,14,-105,-8,2,35,34,5,27771908,262,1,152,13499,
181.467,2031.61,51.4372,7.47642,287.601,8.38303,269.611,1,14,-105,-8,2,35,34,5,27771908,262,1,152,13499,
182.468,2040.28,51.4372,7.4763,288.003,7.63431,293.263,1,15,-100,-6,8,40,37,11,27771908,262,1,152,13499,
183.468,2047.91,51.4372,7.47621,288.615,6.87801,306.887,1,15,-100,-6,8,40,37,11,27771908,262,1,152,13499,
184.468,2056.16,51.4373,7.47615,289.29,6.69959,331.338,1,25,-98,-5,14,42,39,11,27771908,262,1,152,13499,
185.468,2062.35,51.4374,7.47613,289.552,6.50913,349.074,1,25,-98,-5,14,42,39,11,27771908,262,1,152,13499,
186.468,2071.17,51.4374,7.47615,289.275,7.53313,13.1556,1,31,-93,-5,14,47,43,11,27771908,262,1,152,13499,
187.468,2080.62,51.4375,7.47621,289.543,8.06862,29.28,1,31,-93,-5,14,47,43,11,27771908,262,1,152,13499,
188.468,2089.79,51.4376,7.4763,289.701,8.86562,48.2211,1,35,-79,-5,15,61,58,11,27771908,262,1,152,13499,
189.468,2098.93,51.4376,7.4764,289.838,9.75583,49.8521,1,35,-79,-5,15,61,58,11,27771908,262,1,152,13499,
190.467,2109.49,51.4377,7.47652,290.067,10.7746,51.4188,1,27,-84,-4,14,56,52,11,27771908,262,1,152,13499,
191.468,2122.61,51.4378,7.47666,290.189,11.8394,52.3595,1,27,-84,-4,14,56,52,11,27771908,262,1,152,13499,
192.468,2134.5,51.4378,7.4768,290.479,12.3543,52.9297,1,22,-88,-5,14,52,47,11,27771908,262,1,152,13499,
193.468,2146.94,51.4379,7.47694,290.596,12.4325,53.9482,1,22,-88,-5,14,52,47,11,27771908,262,1,152,13499,
194.468,2160.76,51.438,7.47711,290.753,13.9992,54.3778,1,29,-85,-5,15,55,52,11,27771908,262,1,152,13499,
195.467,2176.85,51.4381,7.47729,290.713,14.3756,54.7573,1,29,-85,-5,15,55,52,11,27771908,262,1,152,13499,
196.468,2190.79,51.4381,7.47746,290.713,14.6421,55.1557,1,37,-78,-5,15,62,59,11,27771908,262,1,152,13499,
197.468,2205.23,51.4382,7.47764,290.937,14.6993,55.765,1,37,-78,-5,15,62,59,11,27771908,262,1,152,13499,
198.468,2221.19,51.4383,7.47783,290.996,14.7549,56.1538,1,37,-78,-5,15,62,59,11,27771908,262,1,152,13499,
199.475,2235.2,51.4383,7.478,291.028,15.0344,56.5027,1,33,-79,-5,15,61,59,11,27771908,262,1,152,13499,
200.468,2235.2,51.4372,7.48105,nan,14.9691,57.2333,1,33,-79,-5,15,61,59,11,27771908,262,1,152,13499,
201.468,2235.2,51.4385,7.47836,291.69,15.0496,57.0247,1,32,-78,-5,15,62,59,11,27771908,262,1,152,13499,
202.468,2249.86,51.4386,7.47854,292.081,14.8647,56.1352,1,32,-78,-5,15,62,59,11,27771908,262,1,152,13499,
203.468,2264.59,51.4386,7.47872,292.421,14.6785,56.4031,1,31,-80,-5,15,60,57,11,27771908,262,1,152,13499,
204.468,2279.36,51.4387,7.4789,292.803,14.6951,56.7432,1,31,-80,-5,15,60,57,11,27771908,262,1,152,13499,
205.468,2294.49,51.4388,7.47908,293.306,15.0039,56.7548,1,35,-80,-5,15,60,57,11,27771908,262,1,152,13499,
206.468,2309.61,51.4388,7.47926,293.364,15.5285,55.8769,1,35,-80,-5,15,60,57,11,27771908,262,1,152,13499,
207.469,2325.08,51.4389,7.47945,293.338,15.8975,56.5789,1,38,-83,-5,14,57,55,11,27771908,262,1,152,13499,
208.491,2341.04,51.439,7.47964,293.225,16.5459,56.1257,1,38,-83,-5,14,57,55,11,27771908,262,1,152,13499,
209.468,2357.9,51.4391,7.47985,292.847,17.1963,55.4506,1,29,-83,-5,2,57,55,11,27771908,262,1,152,13499,
210.468,2375.15,51.4392,7.48005,292.258,17.0465,54.9353,1,29,-83,-5,2,57,55,11,27771908,262,1,152,13499,
211.468,2392.11,51.4393,7.48025,291.684,16.7517,54.486,1,29,-82,-5,2,58,55,11,27771908,262,1,152,13499,
212.468,2408.28,51.4393,7.48044,291.134,16.6539,53.9123,1,29,-82,-5,2,58,55,11,27771908,262,1,152,13499,
213.468,2424.6,51.4394,7.48063,290.635,16.6292,53.1081,1,25,-82,-5,2,58,54,11,27771908,262,1,152,13499,
214.468,2441.12,51.4395,7.48082,290.272,16.4732,52.9578,1,25,-82,-5,2,58,54,11,27771908,262,1,152,13499,
215.468,2457.56,51.4396,7.481,289.844,16.8586,52.5764,1,24,-83,-5,2,57,53,11,27771908,262,1,152,13499,
216.48,2474.8,51.4397,7.4812,289.208,17.0047,52.5561,1,24,-83,-5,2,57,53,11,27771908,262,1,152,13499,
217.468,2491.58,51.4398,7.48139,288.32,16.577,52.1303,1,26,-84,-5,2,56,52,11,27771908,262,1,152,13499,
218.468,2507.92,51.4399,7.48158,287.439,16.343,51.4444,1,26,-84,-5,2,56,52,11,27771908,262,1,152,13499,
219.468,2524.32,51.44,7.48176,286.676,16.308,50.4642,1,27,-84,-5,2,56,52,11,27771908,262,1,152,13499,
220.468,2524.32,51.4417,7.48601,nan,16.003,49.3744,1,27,-84,-5,2,56,52,11,27771908,262,1,152,13499,
221.468,2524.32,51.4402,7.48211,285.703,16.6025,48.0215,1,29,-83,-6,14,57,54,4,27771908,262,1,152,13499,
222.468,2540.84,51.4403,7.48228,285.206,17.0069,46.622,1,29,-83,-6,14,57,54,4,27771908,262,1,152,13499,
223.468,2557.94,51.4404,7.48245,284.652,16.7516,45.4753,1,18,-82,-6,1,58,54,4,27771908,262,1,152,13499,
224.468,2574.71,51.4405,7.48261,284.255,16.6139,44.4414,1,18,-82,-6,1,58,54,4,27771908,262,1,152,13499,
225.468,2591.51,51.4406,7.48277,283.941,16.5591,43.4475,1,18,-82,-6,1,58,54,4,27771908,262,1,152,13499,
226.468,2608.59,51.4407,7.48293,283.657,16.4255,42.8878,1,22,-83,-6,13,57,53,4,27771908,262,1,152,13499,
227.468,2624.86,51.4409,7.48308,283.356,16.0987,42.4342,1,22,-83,-6,13,57,53,4,27771908,262,1,152,13499,
228.468,2640.87,51.441,7.48322,282.818,15.9992,41.2965,1,21,-81,-5,14,59,55,4,27771908,262,1,152,13499,
229.468,2656.7,51.4411,7.48336,282.195,16.1593,40.0942,1,21,-81,-5,14,59,55,4,27771908,262,1,152,13499,
230.469,2672.5,51.4412,7.4835,281.526,16.4532,39.0683,1,19,-81,-5,13,59,55,4,27771908,262,1,152,13499,
231.476,2689.01,51.4413,7.48364,280.727,16.8755,37.7471,1,19,-81,-5,13,59,55,4,27771908,262,1,152,13499,
232.468,2706.72,51.4414,7.48379,279.771,17.6709,36.169,1,19,-84,-6,12,56,53,4,27771908,262,1,152,13499,
233.468,2724.63,51.4416,7.48393,278.783,18.1764,34.9341,1,19,-84,-6,12,56,53,4,27771908,262,1,152,13499,
234.484,2743.16,51.4417,7.48407,278.206,18.6834,33.6177,1,17,-85,-7,1,55,52,4,27771908,262,1,152,13499,
235.468,2761.7,51.4419,7.4842,277.779,19.0673,32.3079,1,17,-85,-7,1,55,52,4,27771908,262,1,152,13499,
236.468,2780.93,51.442,7.48434,277.211,19.3083,30.8612,1,11,-92,-10,11,48,49,4,27771908,262,1,152,13499,
237.469,2800.32,51.4422,7.48447,276.444,19.5226,29.5817,1,11,-92,-10,11,48,49,4,27771908,262,1,152,13499,
238.468,2820.08,51.4423,7.48459,275.655,19.7486,28.4546,1,14,-84,-7,2,56,54,4,27771909,262,1,151,13499,
239.468,2839.41,51.4425,7.48472,275.097,19.4917,27.5488,1,14,-84,-7,2,56,54,4,27771909,262,1,151,13499,
240.468,2858.94,51.4426,7.48483,274.781,19.301,25.4766,1,19,-83,-8,14,57,56,1,27771909,262,1,151,13499,
241.468,2878.58,51.4428,7.48495,274.318,18.9393,25.0927,1,19,-83,-8,14,57,56,1,27771909,262,1,151,13499,
242.488,2897.45,51.443,7.48506,273.642,18.6553,24.1681,1,35,-76,-5,14,64,62,1,27771909,262,1,151,13499,
243.479,2916.08,51.4431,7.48516,272.996,17.7,23.8507,1,35,-76,-5,14,64,62,1,27771909,262,1,151,13499,
244.468,2934.85,51.4433,7.48527,272.42,16.9528,23.2434,1,23,-75,-5,14,65,57,1,27771909,262,1,151,13499,
245.468,2952.29,51.4434,7.48537,271.924,16.3974,23.2177,1,23,-75,-5,14,65,57,1,27771909,262,1,151,13499,
246.482,2967.51,51.4435,7.48545,271.248,15.8987,23.5011,1,32,-75,-4,15,65,60,1,27771909,262,1,151,13499,
247.468,2983.35,51.4437,7.48554,270.642,15.5372,22.6323,1,32,-75,-4,15,65,60,1,27771909,262,1,151,13499,
248.468,2998.32,51.4438,7.48562,270.199,15.1204,21.7019,1,32,-75,-4,15,65,60,1,27771909,262,1,151,13499,
249.467,3012.43,51.4439,7.48569,269.866,14.5637,21.6214,1,32,-65,-4,15,75,63,1,27771909,262,1,151,13499,
250.467,3026.27,51.444,7.48576,269.738,14.028,21.8263,1,32,-65,-4,15,75,63,1,27771909,262,1,151,13499,
251.468,3039.91,51.4442,7.48583,269.497,13.4342,21.5239,1,30,-63,-5,15,77,63,1,27771909,262,1,151,13499,
252.473,3051.4,51.4442,7.4859,269.435,12.6562,22.7912,1,30,-63,-5,15,77,63,1,27771909,262,1,151,13499,
253.468,3064.38,51.4444,7.48598,269.519,12.3119,24.2998,1,24,-67,-5,15,73,63,1,27771909,262,1,151,13499,
254.468,3076.95,51.4445,7.48605,269.297,11.4099,27.2765,1,24,-67,-5,15,73,63,1,27771909,262,1,151,13499,
255.468,3088.25,51.4445,7.48614,269.063,10.8902,31.2306,1,25,-73,-5,15,67,63,1,27771909,262,1,151,13499,
256.468,3099.18,51.4446,7.48625,268.764,10.8722,46.1506,1,25,-73,-5,15,67,63,1,27771909,262,1,151,13499,
257.468,3109.39,51.4447,7.48637,268.503,10.6765,50.1795,1,30,-71,-4,15,69,63,1,27771909,262,1,151,13499,
258.477,3120.36,51.4447,7.48652,268.163,11.0613,70.8096,1,30,-71,-4,15,69,63,1,27771909,262,1,151,13499,
259.474,3131.84,51.4447,7.48668,267.723,11.2289,74.3185,1,19,-79,-5,15,61,57,1,27771909,262,1,151,13499,
260.468,3143.21,51.4447,7.48684,267.303,11.6836,98.6082,1,19,-79,-5,15,61,57,1,27771909,262,1,151,13499,
261.468,3155.13,51.4447,7.48701,266.871,11.6964,102.437,1,25,-77,-5,15,63,58,1,27771909,262,1,151,13499,
262.468,3167.84,51.4446,7.48717,266.173,11.9175,124.081,1,25,-77,-5,15,63,58,1,27771909,262,1,151,13499,
263.468,3178.89,51.4446,7.4873,265.84,11.7257,127.981,1,22,-77,-6,15,63,59,1,27771909,262,1,151,13499,
264.476,3190.45,51.4445,7.48739,265.626,11.3941,148.175,1,22,-77,-6,15,63,59,1,27771909,262,1,151,13499,
265.468,3203.36,51.4444,7.48748,265.503,11.0939,152.023,1,39,-67,-4,15,73,63,1,27771909,262,1,151,13499,
266.476,3215.1,51.4443,7.48751,265.786,11.0272,172.673,1,39,-67,-4,15,73,63,1,27771909,262,1,151,13499,
267.473,3226.65,51.4442,7.48751,266.121,10.9731,185.31,1,30,-70,-5,15,70,63,1,27771909,262,1,151,13499,
268.468,3236.05,51.4441,7.48748,266.279,10.9463,189.054,1,30,-70,-5,15,70,63,1,27771909,262,1,151,13499,
269.467,3246.37,51.444,7.48741,265.989,11.1578,209.94,1,22,-72,-6,2,68,62,1,27771909,262,1,151,13499,
270.468,3257.49,51.4439,7.4873,265.832,11.4061,222.495,1,22,-72,-6,2,68,62,1,27771909,262,1,151,13499,
271.468,3268.93,51.4439,7.48719,265.612,11.5388,226.525,1,22,-72,-6,2,68,62,1,27771909,262,1,151,13499,
272.487,3280.21,51.4438,7.48704,265.481,11.7108,246.168,1,30,-72,-5,2,68,63,1,27771909,262,1,151,13499,
273.468,3292.68,51.4438,7.48687,265.524,12.0385,259.244,1,30,-72,-5,2,68,63,1,27771909,262,1,151,13499,
274.471,3305.17,51.4438,7.48669,265.812,12.4406,261.537,1,28,-75,-5,2,65,61,1,27771909,262,1,151,13499,
275.486,3319.63,51.4438,7.48648,266.504,12.9043,263.898,1,28,-75,-5,2,65,61,1,27771909,262,1,151,13499,
276.468,3332.93,51.4437,7.48629,267.07,13.6043,265.587,1,23,-76,-5,2,64,60,1,27771909,262,1,151,13499,
277.467,3346.76,51.4437,7.48609,267.331,14.4466,266.323,1,23,-76,-5,2,64,60,1,27771909,262,1,151,13499,
278.485,3361.62,51.4437,7.48588,267.232,15.2589,266.623,1,26,-80,-6,2,60,57,1,27771909,262,1,151,13499,
279.467,3377.04,51.4437,7.48566,266.877,16.0123,267.095,1,26,-80,-6,2,60,57,1,27771909,262,1,151,13499,
280.467,3377.04,51.4444,7.4809,nan,16.6677,267.45,1,21,-82,-6,2,58,55,3,27771909,262,1,151,13499,
281.468,3377.04,51.4437,7.48517,266.205,15.129,268.735,1,21,-82,-6,2,58,55,3,27771909,262,1,151,13499,
282.468,3392.54,51.4437,7.48495,265.214,15.6298,268.108,1,29,-82,-6,14,58,54,3,27771909,262,1,151,13499,
283.468,3412.22,51.4437,7.48467,264.425,19.4072,268.482,1,29,-82,-6,14,58,54,3,27771909,262,1,151,13499,
284.468,3432.28,51.4437,7.48438,264.161,19.3861,269.094,1,24,-70,-5,15,70,63,3,27771909,262,1,151,13499,
285.468,3452.22,51.4437,7.48409,264.122,20.17,268.791,1,24,-70,-5,15,70,63,3,27771909,262,1,151,13499,
286.468,3473.97,51.4437,7.48378,264.074,20.6961,268.636,1,31,-68,-5,14,72,63,3,27771909,262,1,151,13499,
287.468,3494.88,51.4437,7.48347,264.377,21.3245,268.238,1,31,-68,-5,14,72,63,3,27771909,262,1,151,13499,
288.468,3515.89,51.4437,7.48317,264.655,21.7406,268.956,1,26,-76,-5,15,64,61,3,27771909,262,1,151,13499,
289.468,3537.64,51.4437,7.48286,265.036,22.1931,267.674,1,26,-76,-5,15,64,61,3,27771909,262,1,151,13499,
290.468,3559.89,51.4437,7.48254,265.334,22.3153,267.195,1,27,-79,-5,14,61,56,3,27771909,262,1,151,13499,
291.468,3582.69,51.4437,7.48221,265.449,22.4175,266.936,1,27,-79,-5,14,61,56,3,27771909,262,1,151,13499,
292.469,3604.9,51.4436,7.48189,265.279,22.5514,266.636,1,22,-84,-5,14,56,52,3,27771909,262,1,151,13499,
293.468,3627.01,51.4436,7.48157,264.964,22.7224,266.226,1,22,-84,-5,14,56,52,3,27771909,262,1,151,13499,
294.495,3649.83,51.4436,7.48124,264.643,22.9323,265.881,1,22,-88,-5,12,52,48,3,27771909,262,1,151,13499,
295.47,3672.33,51.4436,7.48091,264.216,23.0356,265.704,1,22,-88,-5,12,52,48,3,27771909,262,1,151,13499,
296.468,3695.59,51.4436,7.48058,263.795,23.1999,265.374,1,22,-88,-5,12,52,48,3,27771909,262,1,151,13499,
297.468,3718.64,51.4436,7.48025,263.408,23.3725,263.987,1,19,-88,-5,14,52,49,3,27771909,262,1,151,13499,
298.468,3741.43,51.4435,7.47992,262.986,23.51,262.805,1,19,-88,-5,14,52,49,3,27771909,262,1,151,13499,
299.468,3764.7,51.4435,7.47959,262.539,23.3789,262.437,1,20,-89,-6,13,51,47,3,27771909,262,1,151,13499,
300.468,3764.7,51.4444,7.4809,nan,23.257,262.377,1,20,-89,-6,13,51,47,3,27771909,262,1,151,13499,
301.468,3764.7,51.4435,7.47892,261.886,22.9665,262.475,1,18,-90,-6,12,50,48,6,27771909,262,1,151,13499,
302.468,3787.5,51.4434,7.4786,261.655,22.8116,262.501,1,18,-90,-6,12,50,48,6,27771909,262,1,151,13499,
303.482,3809.96,51.4434,7.47828,261.314,22.7192,262.641,1,19,-85,-7,12,55,53,6,27771909,262,1,151,13499,
304.468,3832.41,51.4434,7.47795,260.696,22.7704,262.561,1,19,-85,-7,12,55,53,6,27771909,262,1,151,13499,
305.468,3855.63,51.4434,7.47762,259.768,22.9071,262.29,1,13,-90,-6,11,50,47,6,27771909,262,1,151,13499,
306.475,3878.81,51.4433,7.47729,258.945,23.1873,262.258,1,13,-90,-6,11,50,47,6,27771909,262,1,151,13499,
307.472,3901.85,51.4433,7.47696,258.166,23.1074,262.344,1,17,-90,-6,10,50,45,6,27771909,262,1,151,13499,
308.467,3924.78,51.4433,7.47663,257.478,22.7081,262.077,1,17,-90,-6,10,50,45,6,27771909,262,1,151,13499,
309.468,3947.32,51.4432,7.47631,256.928,22.4126,260.229,1,16,-87,-6,1,53,48,6,27771909,262,1,151,13499,
310.468,3969.69,51.4432,7.47599,256.322,22.5255,259.223,1,16,-87,-6,1,53,48,6,27771909,262,1,151,13499,
311.468,3992.24,51.4432,7.47567,255.847,22.6214,259.282,1,18,-87,-7,14,53,49,6,27771909,262,1,151,13499,
312.468,4014.7,51.4431,7.47535,255.387,22.7051,259.181,1,18,-87,-7,14,53,49,6,27771909,262,1,151,13499,
313.474,4037.13,51.4431,7.47504,254.846,22.5783,259.498,1,11,-96,-7,8,44,42,6,27771909,262,1,151,13499,
314.468,4059.58,51.4431,7.47472,254.26,22.4495,259.648,1,11,-96,-7,8,44,42,6,27771909,262,1,151,13499,
315.468,4081.76,51.443,7.4744,253.695,22.2055,259.748,1,3,-105,-9,2,35,34,6,27771909,262,1,151,13499,
316.468,4103.43,51.443,7.47409,253.056,21.9101,260.226,1,3,-105,-9,2,35,34,6,27771909,262,1,151,13499,
317.468,4125.2,51.443,7.47378,252.472,21.7175,260.139,1,-2,-106,-11,2,34,35,6,27771909,262,1,151,13499,
318.468,4146.7,51.4429,7.47348,251.856,21.7061,260.128,1,-2,-106,-11,2,34,35,6,27771909,262,1,151,13499,
319.478,4168.12,51.4429,7.47317,251.258,21.6774,260.368,1,-8,-106,-11,2,34,35,6,31281409,262,1,232,13499,
320.468,4168.12,51.4442,7.46394,nan,21.4593,259.897,1,-8,-106,-11,2,34,35,6,31281409,262,1,232,13499,
321.468,4168.12,51.4428,7.47257,249.969,21.1824,259.533,1,-8,-106,-11,2,34,35,6,31281409,262,1,232,13499,
322.478,4189.03,51.4428,7.47227,249.298,21.0707,259.718,1,0,-110,-11,2,30,31,6,27771909,262,1,151,13499,
323.468,4209.71,51.4428,7.47198,248.653,20.6608,259.809,1,0,-110,-11,2,30,31,6,27771909,262,1,151,13499,
324.468,4229.91,51.4427,7.47169,248.162,20.4641,259.771,1,2,-112,-11,2,28,31,6,27771909,262,1,151,13499,
325.468,4249.82,51.4427,7.47141,247.688,20.2715,259.317,1,2,-112,-11,2,28,31,6,27771909,262,1,151,13499,
326.473,4269.56,51.4426,7.47113,247.414,20.2444,259.225,1,1,-112,-11,2,28,30,6,27771909,262,1,151,13499,
327.468,4289.91,51.4426,7.47085,247.11,20.4084,258.797,1,1,-112,-11,2,28,30,6,27771909,262,1,151,13499,
328.468,4310.53,51.4426,7.47055,246.848,20.5448,258.547,1,-1,-113,-12,2,27,30,6,27771909,262,1,151,13499,
329.468,4330.89,51.4425,7.47027,246.584,20.4743,258.375,1,-1,-113,-12,2,27,30,6,27771909,262,1,151,13499,
330.468,4351.33,51.4425,7.46998,246.203,20.3557,258.526,1,3,-112,-11,2,28,30,6,31281409,262,1,232,13499,
331.468,4371.64,51.4425,7.46969,245.835,20.0668,257.724,1,3,-112,-11,2,28,30,6,31281409,262,1,232,13499,
332.468,4391.73,51.4424,7.46941,245.277,20.026,258.053,1,4,-110,-10,2,30,31,6,31281409,262,1,232,13499,
333.473,4411.88,51.4424,7.46912,244.645,20.0576,257.346,1,4,-110,-10,2,30,31,6,31281409,262,1,232,13499,
334.474,4431.92,51.4423,7.46884,243.996,20.0763,258.096,1,3,-109,-9,8,31,32,27,31281409,262,1,232,13499,
335.468,4452.23,51.4423,7.46855,243.407,20.3929,258.193,1,3,-109,-9,8,31,32,27,31281409,262,1,232,13499,
336.468,4472.82,51.4423,7.46826,242.755,20.8766,258.584,1,11,-107,-7,9,33,32,27,31281409,262,1,232,13499,
337.468,4493.8,51.4422,7.46796,242.122,21.0711,258.993,1,11,-107,-7,9,33,32,27,31281409,262,1,232,13499,
338.468,4514.6,51.4422,7.46767,241.394,21.0346,259.138,1,10,-106,-8,10,34,33,27,31281409,262,1,232,13499,
339.468,4535.88,51.4422,7.46737,240.816,21.0551,259.404,1,10,-106,-8,10,34,33,27,31281409,262,1,232,13499,
340.468,4535.88,51.4442,7.46394,nan,20.8784,259.28,1,13,-104,-7,8,36,35,27,31281409,262,1,232,13499,
341.468,4535.88,51.4421,7.46678,239.653,20.7134,260.001,1,13,-104,-7,8,36,35,27,31281409,262,1,232,13499,
342.468,4556.46,51.4421,7.46649,239.065,20.3957,259.773,1,13,-101,-7,8,39,37,27,31281409,262,1,232,13499,
343.468,4577.05,51.442,7.46619,238.682,20.0985,259.889,1,13,-101,-7,8,39,37,27,31281409,262,1,232,13499,
344.467,4596.68,51.442,7.46591,238.158,20.0498,260.316,1,13,-101,-7,8,39,37,27,31281409,262,1,232,13499,
345.467,4616.51,51.442,7.46563,237.741,19.898,260.674,1,17,-99,-6,10,41,39,27,31281409,262,1,232,13499,
346.468,4636.21,51.4419,7.46535,237.287,19.6536,260.852,1,17,-99,-6,10,41,39,27,31281409,262,1,232,13499,
347.468,4655.8,51.4419,7.46507,236.874,19.7037,261.738,1,14,-100,-7,8,40,38,27,31281409,262,1,232,13499,
348.468,4675.42,51.4419,7.46479,236.441,19.7219,261.774,1,14,-100,-7,8,40,38,27,31281409,262,1,232,13499,
349.468,4694.92,51.4419,7.46451,236.037,19.5438,262.42,1,14,-100,-6,13,40,37,27,31281409,262,1,232,13499,
350.47,4714.55,51.4418,7.46423,235.78,19.2274,262.682,1,14,-100,-6,13,40,37,27,31281409,262,1,232,13499,
351.468,4733.28,51.4418,7.46397,235.58,18.8626,262.719,1,10,-101,-7,2,39,37,27,31281409,262,1,232,13499,
352.467,4752,51.4418,7.4637,235.325,18.5189,263.196,1,10,-101,-7,2,39,37,27,31281409,262,1,232,13499,
353.468,4769.87,51.4418,7.46344,235.075,17.601,263.783,1,10,-102,-8,2,38,37,27,31281409,262,1,232,13499,
354.468,4787.35,51.4418,7.46319,234.928,16.8105,263.567,1,10,-102,-8,2,38,37,27,31281409,262,1,232,13499,
355.473,4803.84,51.4417,7.46295,234.893,16.3331,263.987,1,16,-102,-8,2,38,37,27,31281409,262,1,232,13499,
356.468,4819.9,51.4417,7.46272,234.793,16.0843,264.393,1,16,-102,-8,2,38,37,27,31281409,262,1,232,13499,
357.471,4835.94,51.4417,7.46249,234.58,15.7631,264.516,1,11,-103,-7,2,37,35,27,31281409,262,1,232,13499,
358.468,4851.47,51.4417,7.46227,234.355,15.4729,264.733,1,11,-103,-7,2,37,35,27,31281409,262,1,232,13499,
359.468,4866.09,51.4417,7.46206,233.773,15.1245,264.622,1,13,-102,-7,2,38,36,27,31281409,262,1,232,13499,
360.468,4866.09,51.4442,7.46394,nan,14.4786,265.11,1,13,-102,-7,2,38,36,27,31281409,262,1,232,13499,
361.468,4866.09,51.4417,7.46164,233.018,14.2866,265.976,1,11,-102,-7,7,38,37,23,31281409,262,1,232,13499,
362.476,4880.79,51.4417,7.46143,233.032,14.5965,266.086,1,11,-102,-7,7,38,37,23,31281409,262,1,232,13499,
363.468,4895.01,51.4417,7.46122,232.773,14.8983,265.685,1,13,-101,-7,12,39,37,23,31281409,262,1,232,13499,
364.468,4909.75,51.4416,7.46101,232.375,14.7178,265.875,1,13,-101,-7,12,39,37,23,31281409,262,1,232,13499,
365.468,4924.46,51.4416,7.4608,232.016,14.6677,266.366,1,10,-99,-6,11,41,38,23,31281409,262,1,232,13499,
366.472,4939.09,51.4416,7.46058,231.752,14.4575,266.414,1,10,-99,-6,11,41,38,23,31281409,262,1,232,13499,
367.468,4953.47,51.4416,7.46038,231.61,14.0936,267.048,1,7,-102,-8,8,38,37,23,31281409,262,1,232,13499,
368.468,4967.33,51.4416,7.46018,231.367,13.7125,267.219,1,7,-102,-8,8,38,37,23,31281409,262,1,232,13499,
369.468,4980.89,51.4416,7.45998,231.215,13.6146,266.91,1,5,-104,-10,5,36,37,23,31281409,262,1,232,13499,
370.468,4994.44,51.4416,7.45979,231.045,13.57,267.821,1,5,-104,-10,5,36,37,23,31281409,262,1,232,13499,
371.478,5008.34,51.4416,7.45959,230.942,13.8764,267.838,1,5,-104,-9,7,36,37,23,31281409,262,1,232,13499,
372.468,5021.64,51.4416,7.45939,230.733,13.7677,267.898,1,5,-104,-9,7,36,37,23,31281409,262,1,232,13499,
373.468,5035.56,51.4416,7.45919,230.532,13.8661,267.324,1,5,-105,-9,8,35,36,23,31281409,262,1,232,13499,
374.482,5049.45,51.4416,7.45899,230.35,13.7902,267.69,1,5,-105,-9,8,35,36,23,31281409,262,1,232,13499,
375.472,5062.8,51.4416,7.4588,230.293,13.6062,267.706,1,3,-103,-9,2,37,37,23,31281409,262,1,232,13499,
376.467,5077.28,51.4416,7.45859,230.787,13.846,268.313,1,3,-103,-9,2,37,37,23,31281409,262,1,232,13499,
377.476,5091.82,51.4416,7.45838,231.569,14.435,269.186,1,8,-100,-7,2,40,38,23,27771908,262,1,152,13499,
378.468,5106.19,51.4416,7.45817,232.113,14.1828,269.494,1,8,-100,-7,2,40,38,23,27771908,262,1,152,13499,
379.468,5120.61,51.4416,7.45796,232.593,13.8733,269.864,1,8,-100,-7,2,40,38,23,27771908,262,1,152,13499,
380.468,5120.61,51.4372,7.48105,nan,13.4415,269.915,1,10,-101,-7,2,39,37,23,27771908,262,1,152,13499,
381.475,5120.61,51.4416,7.45758,233.185,13.0645,270.286,1,10,-101,-7,2,39,37,23,27771908,262,1,152,13499,
382.468,5133.05,51.4416,7.4574,233.314,12.7543,270.327,1,4,-101,-7,2,39,38,23,27771908,262,1,152,13499,
383.468,5145.62,51.4416,7.45721,233.434,12.7052,270.217,1,4,-101,-7,2,39,38,23,27771908,262,1,152,13499,
384.468,5157.92,51.4416,7.45704,233.327,12.5257,269.94,1,3,-101,-7,2,39,37,23,27771908,262,1,152,13499,
385.468,5171.24,51.4416,7.45684,233.348,12.0948,270.229,1,3,-101,-7,2,39,37,23,27771908,262,1,152,13499,
386.486,5183.4,51.4416,7.45667,233.251,11.6901,269.849,1,16,-101,-6,2,39,36,23,27771908,262,1,152,13499,
387.468,5194.91,51.4416,7.4565,232.983,11.24,269.953,1,16,-101,-6,2,39,36,23,27771908,262,1,152,13499,
388.473,5205.93,51.4416,7.45634,232.561,10.854,270.226,1,15,-100,-6,2,40,37,23,27771908,262,1,152,13499,
389.467,5215.79,51.4416,7.4562,232.004,10.3794,270.264,1,15,-100,-6,2,40,37,23,27771908,262,1,152,13499,
390.468,5225.38,51.4416,7.45606,231.46,10.0491,270.306,1,15,-98,-6,2,42,38,23,27771908,262,1,152,13499,
391.473,5235.39,51.4416,7.45592,230.991,9.61417,270.975,1,15,-98,-6,2,42,38,23,27771908,262,1,152,13499,
392.468,5245.34,51.4416,7.45578,230.662,9.58821,271.33,1,15,-96,-6,2,44,41,23,27771908,262,1,152,13499,
393.468,5254.75,51.4416,7.45564,230.462,9.13285,270.641,1,15,-96,-6,2,44,41,23,27771908,262,1,152,13499,
394.468,5263.38,51.4416,7.45551,230.223,8.63196,270.8,1,14,-96,-6,2,44,41,23,27771908,262,1,152,13499,
395.47,5271.81,51.4416,7.45539,230.066,8.4624,269.99,1,14,-96,-6,2,44,41,23,27771908,262,1,152,13499,
396.472,5279.46,51.4416,7.45528,229.836,9.00089,270.498,1,11,-95,-6,2,45,43,23,27771908,262,1,152,13499,
397.468,5287.94,51.4416,7.45516,229.426,9.19889,270.969,1,11,-95,-6,2,45,43,23,27771908,262,1,152,13499,
398.468,5296.75,51.4416,7.45503,229.045,8.8594,271.36,1,13,-96,-7,2,44,43,23,27771908,262,1,152,13499,
399.468,5305.28,51.4416,7.45491,228.657,8.80869,271.825,1,13,-96,-7,2,44,43,23,27771908,262,1,152,13499,
400.467,5305.28,51.4372,7.48105,nan,9.44762,272.728,1,8,-97,-7,2,43,43,23,27771908,262,1,152,13499,
401.472,5305.28,51.4416,7.45464,228,9.09791,272.585,1,8,-97,-7,2,43,43,23,27771908,262,1,152,13499,
402.471,5314.01,51.4416,7.45452,227.759,8.60396,272.709,1,-4,-99,-8,2,41,41,23,27771908,262,1,152,13499,
403.467,5322.55,51.4416,7.45439,227.456,8.09435,272.841,1,-4,-99,-8,2,41,41,23,27771908,262,1,152,13499,
404.468,5330.37,51.4416,7.45428,227.234,7.87508,272.858,1,-4,-99,-8,2,41,41,23,27771908,262,1,152,13499,
405.468,5338.33,51.4416,7.45417,227.002,8.038,273.235,1,-3,-94,-9,6,46,46,15,33527552,262,1,433,13499,
406.468,5346.41,51.4416,7.45405,226.852,8.0102,273.787,1,-3,-94,-9,6,46,46,15,33527552,262,1,433,13499,
407.468,5354.52,51.4416,7.45393,226.754,7.99003,274.098,1,6,-93,-8,11,47,46,15,33527552,262,1,433,13499,
408.468,5362.18,51.4416,7.45382,226.634,7.86597,274.216,1,6,-93,-8,11,47,46,15,33527552,262,1,433,13499,
409.482,5370.12,51.4416,7.45371,226.671,7.52918,274.23,1,7,-91,-7,11,49,48,15,33527552,262,1,433,13499,
410.467,5377.69,51.4416,7.4536,226.746,7.0849,274.713,1,7,-91,-7,11,49,48,15,33527552,262,1,433,13499,
411.468,5384.8,51.4416,7.4535,226.75,7.0473,275.195,1,10,-94,-8,7,46,44,15,33527552,262,1,433,13499,
412.467,5392.19,51.4416,7.45339,226.689,7.12205,274.612,1,10,-94,-8,7,46,44,15,33527552,262,1,433,13499,
413.473,5399.26,51.4416,7.45329,226.757,6.90193,274.471,1,21,-92,-9,11,48,48,15,33527552,262,1,433,13499,
414.468,5405.88,51.4416,7.45319,226.863,6.70403,274.806,1,21,-92,-9,11,48,48,15,33527552,262,1,433,13499,
415.468,5412.66,51.4417,7.4531,227.056,6.37478,274.103,1,22,-91,-8,6,49,49,15,33527552,262,1,433,13499,
416.468,5419.17,51.4417,7.453,227.291,6.01646,274.723,1,22,-91,-8,6,49,49,15,33527552,262,1,433,13499,
417.489,5425.44,51.4417,7.45291,227.806,5.17403,275.051,1,8,-90,-8,11,50,50,15,33527552,262,1,433,13499,
418.468,5431.4,51.4417,7.45283,228.573,4.81747,275.486,1,8,-90,-8,11,50,50,15,33527552,262,1,433,13499,
419.468,5435.33,51.4417,7.45277,228.635,4.09817,276.437,1,11,-91,-8,6,49,49,15,33527552,262,1,433,13499,
420.468,5435.33,51.4446,7.44758,nan,3.72397,276.536,1,11,-91,-8,6,49,49,15,33527552,262,1,433,13499,
421.468,5435.33,51.4417,7.45264,228.8,3.57702,275.995,1,7,-91,-8,2,49,48,15,33527552,262,1,433,13499,
422.468,5439.38,51.4417,7.45258,228.904,3.41436,275.554,1,7,-91,-8,2,49,48,15,33527552,262,1,433,13499,
423.468,5442.74,51.4417,7.45253,229.019,3.39049,275.904,1,5,-91,-8,2,49,48,15,33527552,262,1,433,13499,
424.469,5446.4,51.4417,7.45248,229.126,3.46976,275.683,1,5,-91,-8,2,49,48,15,33527552,262,1,433,13499,
425.475,5449.92,51.4417,7.45243,229.239,3.5615,275.195,1,10,-91,-8,2,49,48,15,33527552,262,1,433,13499,
426.472,5453.18,51.4417,7.45238,229.336,3.85605,274.542,1,10,-91,-8,2,49,48,15,33527552,262,1,433,13499,
427.48,5456.84,51.4417,7.45233,230.074,4.40564,274.439,1,12,-91,-7,2,49,48,15,33527552,262,1,433,13499,
428.467,5461.75,51.4417,7.45226,230.897,4.28354,275.144,1,12,-91,-7,2,49,48,15,33527552,262,1,433,13499,
429.468,5466.18,51.4417,7.4522,231.455,4.71451,274.721,1,12,-91,-7,2,49,48,15,33527552,262,1,433,13499,
430.468,5471.22,51.4417,7.45213,231.958,5.40094,274.778,1,10,-90,-7,2,50,48,15,33527552,262,1,433,13499,
431.467,5476.94,51.4417,7.45204,232.361,5.61893,274.406,1,10,-90,-7,2,50,48,15,33527552,262,1,433,13499,
432.468,5482.89,51.4417,7.45196,232.701,6.02445,274.695,1,17,-92,-6,2,48,46,15,33527552,262,1,433,13499,
433.468,5488.9,51.4417,7.45187,232.815,6.70558,275.176,1,17,-92,-6,2,48,46,15,33527552,262,1,433,13499,
434.467,5495.43,51.4417,7.45178,232.918,7.08523,275.873,1,11,-94,-6,2,46,43,15,33527552,262,1,433,13499,
435.468,5502.24,51.4417,7.45168,232.719,7.01323,276.268,1,11,-94,-6,2,46,43,15,33527552,262,1,433,13499,
436.468,5508.59,51.4417,7.45159,232.269,7.47386,276.603,1,11,-94,-6,2,46,43,15,33527552,262,1,433,13499,
437.469,5515.92,51.4418,7.45148,231.929,7.3405,276.996,1,11,-94,-6,2,46,43,15,33527552,262,1,433,13499,
438.468,5523.1,51.4418,7.45138,231.39,7.28582,277.983,1,14,-95,-7,2,45,42,15,33527552,262,1,433,13499,
439.468,5530.61,51.4418,7.45127,231.039,7.39256,277.603,1,14,-95,-7,2,45,42,15,33527552,262,1,433,13499,
440.468,5530.61,51.4446,7.44758,nan,7.70945,277.355,1,14,-94,-6,2,46,44,15,33527552,262,1,433,13499,
441.467,5530.61,51.4418,7.45105,230.519,7.96327,277.821,1,14,-94,-6,2,46,44,15,33527552,262,1,433,13499,
442.468,5538.91,51.4418,7.45093,230.479,7.92164,277.666,1,19,-92,-6,2,48,45,15,33527552,262,1,433,13499,
443.467,5546.49,51.4418,7.45082,230.303,7.94534,277.215,1,19,-92,-6,2,48,45,15,33527552,262,1,433,13499,
444.471,5554.12,51.4418,7.45071,229.99,8.10415,276.805,1,18,-91,-6,2,49,46,15,33527552,262,1,433,13499,
445.467,5562.68,51.4418,7.45059,229.755,8.40977,276.77,1,18,-91,-6,2,49,46,15,33527552,262,1,433,13499,
446.468,5570.71,51.4418,7.45048,229.51,8.38876,277.41,1,16,-90,-5,2,50,47,15,33527552,262,1,433,13499,
447.468,5579.15,51.4418,7.45035,229.428,8.67231,277.467,1,16,-90,-5,2,50,47,15,33527552,262,1,433,13499,
448.469,5587.6,51.4419,7.45023,229.219,8.75304,278.037,1,19,-91,-6,2,49,46,15,33527552,262,1,433,13499,
449.468,5596.28,51.4419,7.45011,228.86,9.14742,278.053,1,19,-91,-6,2,49,46,15,33527552,262,1,433,13499,
450.468,5605.83,51.4419,7.44997,228.459,9.61322,277.986,1,19,-91,-6,2,49,46,15,33527552,262,1,433,13499,
451.468,5615.35,51.4419,7.44984,228.163,9.4353,278.099,1,21,-92,-6,2,48,45,15,33527552,262,1,433,13499,
452.468,5624.46,51.4419,7.44971,227.906,9.33609,277.8,1,21,-92,-6,2,48,45,15,33527552,262,1,433,13499,
453.468,5633.18,51.4419,7.44958,227.852,9.1676,277.502,1,24,-91,-6,2,49,46,15,33527552,262,1,433,13499,
454.468,5642.74,51.4419,7.44945,227.806,9.31179,277.913,1,24,-91,-6,2,49,46,15,33527552,262,1,433,13499,
455.468,5652.27,51.442,7.44931,227.766,9.41713,278.35,1,25,-90,-6,2,50,46,15,33527552,262,1,433,13499,
456.468,5661.79,51.442,7.44918,227.704,9.40634,278.267,1,25,-90,-6,2,50,46,15,33527552,262,1,433,13499,
457.467,5671.26,51.442,7.44904,227.7,9.48203,278.536,1,24,-90,-6,2,50,47,15,33527552,262,1,433,13499,
458.468,5680.99,51.442,7.4489,227.771,9.59059,278.96,1,24,-90,-6,2,50,47,15,33527552,262,1,433,13499,
459.468,5690.34,51.442,7.44877,227.764,9.52034,279.089,1,27,-89,-6,2,51,47,15,33527552,262,1,433,13499,
460.467,5690.34,51.4446,7.44758,nan,9.3577,278.966,1,27,-89,-6,2,51,47,15,33527552,262,1,433,13499,
461.468,5690.34,51.442,7.4485,227.524,9.57401,279.296,1,27,-89,-5,2,51,47,15,33527552,262,1,433,13499,
462.468,5700.16,51.4421,7.44836,227.219,9.80707,279.516,1,27,-89,-5,2,51,47,15,33527552,262,1,433,13499,
463.473,5708.86,51.4421,7.44824,226.954,9.44204,279.743,1,25,-88,-5,2,52,49,15,33527552,262,1,433,13499,
464.468,5718.03,51.4421,7.44811,226.806,9.23648,279.953,1,25,-88,-5,2,52,49,15,33527552,262,1,433,13499,
465.481,5727.25,51.4421,7.44798,226.686,9.2182,280.129,1,25,-86,-5,2,54,51,15,33527552,262,1,433,13499,
466.468,5737.04,51.4421,7.44784,226.562,9.17772,280.412,1,25,-86,-5,2,54,51,15,33527552,262,1,433,13499,
467.468,5746.74,51.4421,7.4477,226.394,9.0762,281.04,1,22,-86,-6,2,54,51,15,33527552,262,1,433,13499,
468.468,5755.37,51.4421,7.44758,226.402,8.8983,280.827,1,22,-86,-6,2,54,51,15,33527552,262,1,433,13499,
469.47,5763.47,51.4422,7.44746,226.408,8.30706,280.521,1,28,-86,-7,2,54,51,15,33527552,262,1,433,13499,
470.468,5771.68,51.4422,7.44735,226.354,7.74624,280.392,1,28,-86,-7,2,54,51,15,33527552,262,1,433,13499,
471.487,5778.89,51.4422,7.44724,226.332,7.45672,280.339,1,30,-85,-6,2,55,52,15,33527552,262,1,433,13499,
472.477,5786.16,51.4422,7.44714,226.285,7.50091,280.148,1,30,-85,-6,2,55,52,15,33527552,262,1,433,13499,
473.468,5794.27,51.4422,7.44703,226.319,7.70145,279.498,1,30,-85,-6,2,55,52,15,33527552,262,1,433,13499,
474.468,5802.14,51.4422,7.44691,226.263,7.66072,279.1,1,31,-83,-5,2,57,53,15,33527552,262,1,433,13499,
475.468,5809.92,51.4422,7.4468,226.195,8.33766,278.344,1,31,-83,-5,2,57,53,15,33527552,262,1,433,13499,
476.475,5818.7,51.4422,7.44668,226.134,9.23321,277.948,1,33,-80,-5,2,60,56,15,33527552,262,1,433,13499,
477.468,5827.96,51.4423,7.44654,226.13,9.60948,278.18,1,33,-80,-5,2,60,56,15,33527552,262,1,433,13499,
478.468,5837.99,51.4423,7.4464,226.182,9.74955,278.74,1,32,-78,-6,2,62,59,15,33527552,262,1,433,13499,
479.468,5848.19,51.4423,7.44625,226.243,9.95849,279.753,1,32,-78,-6,2,62,59,15,33527552,262,1,433,13499,
480.469,5848.19,51.4446,7.44758,nan,10.3979,280.69,1,30,-76,-7,2,64,62,15,33527552,262,1,433,13499,
481.47,5848.19,51.4423,7.44596,226.311,11.1291,281.367,1,30,-76,-7,2,64,62,15,33527552,262,1,433,13499,
482.468,5859.75,51.4423,7.4458,226.246,11.8527,281.871,1,30,-76,-7,2,64,62,15,33527552,262,1,433,13499,
483.468,5871.72,51.4424,7.44563,226.18,12.0998,282.325,1,30,-76,-7,2,64,62,15,33527552,262,1,433,13499,
484.468,5884.08,51.4424,7.44545,226.248,12.5605,282.688,1,32,-74,-7,2,66,63,15,33527552,262,1,433,13499,
485.48,5896.5,51.4424,7.44528,226.389,13.0126,282.732,1,32,-74,-7,2,66,63,15,33527552,262,1,433,13499,
486.468,5910.43,51.4424,7.44508,226.817,13.4485,282.944,1,31,-69,-6,15,71,63,7,33527552,262,1,433,13499,
487.468,5924.35,51.4425,7.44489,227.231,13.5343,282.925,1,31,-69,-6,15,71,63,7,33527552,262,1,433,13499,
488.471,5937.71,51.4425,7.4447,227.665,13.5093,283.432,1,30,-71,-7,15,69,63,7,33527552,262,1,433,13499,
489.468,5951.27,51.4425,7.44451,228.014,13.7226,283.967,1,30,-71,-7,15,69,63,7,33527552,262,1,433,13499,
490.468,5965.02,51.4426,7.44432,228.261,13.7688,284.301,1,26,-71,-5,14,69,63,7,33527552,262,1,433,13499,
491.468,5978.7,51.4426,7.44413,228.405,13.7218,284.156,1,26,-71,-5,14,69,63,7,33527552,262,1,433,13499,
492.481,5992.5,51.4426,7.44393,228.547,13.6733,284.382,1,20,-72,-5,15,68,63,7,33527552,262,1,433,13499,
493.468,6006.21,51.4426,7.44374,228.566,13.6154,284.751,1,20,-72,-5,15,68,63,7,33527552,262,1,433,13499,
494.468,6020.07,51.4427,7.44355,228.426,14.094,284.788,1,20,-72,-5,15,68,63,7,33527552,262,1,433,13499,
495.468,6035.38,51.4427,7.44333,228.518,14.3425,285.011,1,21,-71,-5,15,69,63,7,33527552,262,1,433,13499,
496.468,6048.82,51.4427,7.44315,228.182,14.1501,285.173,1,21,-71,-5,15,69,63,7,33527552,262,1,433,13499,
497.468,6062.73,51.4428,7.44295,227.95,13.8596,285.414,1,26,-70,-4,13,70,63,7,33527552,262,1,433,13499,
498.479,6076.86,51.4428,7.44276,227.872,13.7682,285.692,1,26,-70,-4,13,70,63,7,33527552,262,1,433,13499,
499.468,6090.93,51.4428,7.44256,227.912,13.825,285.588,1,27,-70,-5,15,70,63,7,33527552,262,1,433,13499,
500.468,6090.93,51.4446,7.44758,nan,13.8648,285.871,1,27,-70,-5,15,70,63,7,33527552,262,1,433,13499,
501.468,6090.93,51.4429,7.44219,226.945,13.8489,286.418,1,27,-70,-5,14,70,63,7,33527552,262,1,433,13499,
502.468,6104.77,51.4429,7.442,226.415,13.9852,286.349,1,27,-70,-5,14,70,63,7,33527552,262,1,433,13499,
503.468,6118.36,51.443,7.44181,226.072,14.0512,286.713,1,30,-66,-5,2,74,63,7,33527552,262,1,433,13499,
504.468,6132.44,51.443,7.44162,225.593,14.078,286.675,1,30,-66,-5,2,74,63,7,33527552,262,1,433,13499,
505.468,6146.14,51.4431,7.44143,225.192,14.0804,286.679,1,29,-68,-5,2,72,63,7,33527552,262,1,433,13499,
506.468,6160.64,51.4431,7.44123,224.826,14.1747,286.878,1,29,-68,-5,2,72,63,7,33527552,262,1,433,13499,
507.468,6174.97,51.4431,7.44103,224.522,14.2953,287.187,1,29,-68,-5,2,72,63,7,33527552,262,1,433,13499,
508.468,6189.06,51.4432,7.44084,224.131,14.3555,287.394,1,29,-68,-5,2,72,63,7,33527552,262,1,433,13499,
509.468,6202.91,51.4432,7.44065,223.648,14.646,287.967,1,26,-69,-6,2,71,63,7,33527552,262,1,433,13499,
510.467,6217.55,51.4432,7.44045,223.183,15.0669,287.941,1,26,-69,-6,2,71,63,7,33527552,262,1,433,13499,
511.467,6232.91,51.4433,7.44024,222.791,15.0886,287.868,1,22,-72,-6,2,68,63,7,33527552,262,1,433,13499,
512.468,6247.18,51.4433,7.44004,222.267,14.9521,287.935,1,22,-72,-6,2,68,63,7,33527552,262,1,433,13499,
513.468,6261.85,51.4434,7.43984,221.969,14.7961,288.4,1,28,-78,-6,2,62,59,7,33527552,262,1,433,13499,
514.468,6277.45,51.4434,7.43963,221.953,14.816,288.699,1,28,-78,-6,2,62,59,7,33527552,262,1,433,13499,
515.468,6292.81,51.4435,7.43942,221.926,15.1235,288.93,1,26,-77,-6,2,63,59,7,33527552,262,1,433,13499,
516.469,6307.68,51.4435,7.43921,221.679,15.5446,288.952,1,26,-77,-6,2,63,59,7,33527552,262,1,433,13499,
517.468,6323.51,51.4436,7.439,221.571,15.8103,289.559,1,26,-77,-6,2,63,59,7,33527552,262,1,433,13499,
518.468,6339.51,51.4436,7.43878,221.392,15.8944,289.47,1,29,-76,-5,2,64,60,7,33527552,262,1,433,13499,
519.468,6355.36,51.4437,7.43857,221.198,15.8583,289.85,1,29,-76,-5,2,64,60,7,33527552,262,1,433,13499,
520.467,6355.36,51.4446,7.44758,nan,16.0296,289.972,1,28,-73,-4,2,67,62,7,33527552,262,1,433,13499,
521.468,6355.36,51.4437,7.43812,220.691,16.5681,290.12,1,28,-73,-4,2,67,62,7,33527552,262,1,433,13499,
522.468,6372.23,51.4438,7.4379,220.352,17.063,290.304,1,25,-74,-6,14,66,63,1,33527552,262,1,433,13499,
523.468,6389.48,51.4439,7.43766,220.256,17.7018,290.622,1,25,-74,-6,14,66,63,1,33527552,262,1,433,13499,
524.467,6407.4,51.4439,7.43742,219.99,18.4695,290.769,1,14,-80,-5,6,60,55,1,33527554,262,1,434,13499,
525.468,6426.32,51.444,7.43717,219.544,19.1374,291.476,1,14,-80,-5,6,60,55,1,33527554,262,1,434,13499,
526.468,6445.8,51.444,7.43691,219.096,19.973,291.666,1,20,-79,-5,15,61,60,1,33527554,262,1,434,13499,
527.468,6465.59,51.4441,7.43664,218.534,20.5273,292.344,1,20,-79,-5,15,61,60,1,33527554,262,1,434,13499,
528.468,6486.04,51.4442,7.43637,217.978,20.3809,291.577,1,24,-79,-5,15,61,56,1,33527554,262,1,434,13499,
529.468,6503.96,51.4442,7.43613,216.391,20.5899,292.374,1,24,-79,-5,15,61,56,1,33527554,262,1,434,13499,
530.468,6523.27,51.4443,7.43587,214.822,20.5422,289.79,1,17,-81,-5,11,59,54,1,33527554,262,1,434,13499,
531.468,6543.51,51.4444,7.43559,213.415,20.5456,291.568,1,17,-81,-5,11,59,54,1,33527554,262,1,434,13499,
532.468,6563.83,51.4444,7.43532,212.115,20.7777,292.538,1,25,-78,-5,14,62,58,1,33527554,262,1,434,13499,
533.468,6584.63,51.4445,7.43505,210.763,20.3677,293.16,1,25,-78,-5,14,62,58,1,33527554,262,1,434,13499,
534.468,6605.98,51.4446,7.43477,209.452,21.0652,294.282,1,10,-86,-6,12,54,51,1,33527554,262,1,434,13499,
535.468,6627.28,51.4447,7.43449,208.303,21.2522,294.788,1,10,-86,-6,12,54,51,1,33527554,262,1,434,13499,
536.47,6648.56,51.4448,7.43421,207.148,21.317,295.363,1,10,-86,-6,12,54,51,1,33527554,262,1,434,13499,
537.477,6669.68,51.4448,7.43394,206.07,20.8141,297.438,1,21,-84,-6,13,56,54,1,33527554,262,1,434,13499,
538.47,6689.4,51.4449,7.43369,205.03,19.5921,296.912,1,21,-84,-6,13,56,54,1,33527554,262,1,434,13499,
539.477,6708.2,51.445,7.43345,204.08,18.8517,297.454,1,19,-86,-5,12,54,51,1,33527554,262,1,434,13499,
540.472,6708.2,51.4471,7.4335,nan,18.1094,297.942,1,19,-86,-5,12,54,51,1,33527554,262,1,434,13499,
541.468,6708.2,51.4452,7.43298,202.548,17.7673,298.385,1,17,-86,-5,2,54,50,1,33527554,262,1,434,13499,
542.468,6725.46,51.4452,7.43277,201.677,17.362,299.37,1,17,-86,-5,2,54,50,1,33527554,262,1,434,13499,
543.48,6742.18,51.4453,7.43256,200.976,16.7459,300.529,1,19,-85,-5,2,55,50,1,33527554,262,1,434,13499,
544.468,6759.48,51.4454,7.43235,200.218,16.8164,301.609,1,19,-85,-5,2,55,50,1,33527554,262,1,434,13499,
545.468,6777.32,51.4455,7.43214,199.822,17.2847,302.749,1,22,-83,-5,2,57,53,1,33527554,262,1,434,13499,
546.468,6794.63,51.4456,7.43193,199.347,17.5097,303.513,1,22,-83,-5,2,57,53,1,33527554,262,1,434,13499,
547.468,6813.12,51.4457,7.43172,198.901,17.4873,304.071,1,22,-84,-6,14,56,54,5,33527554,262,1,434,13499,
548.472,6830.53,51.4458,7.43151,198.313,17.487,304.441,1,22,-84,-6,14,56,54,5,33527554,262,1,434,13499,
549.468,6848.96,51.4459,7.4313,197.705,17.5662,305.379,1,23,-82,-5,13,58,54,5,33527554,262,1,434,13499,
550.467,6867.04,51.446,7.43109,197.476,17.3658,306.275,1,23,-82,-5,13,58,54,5,33527554,262,1,434,13499,
551.468,6884.09,51.4461,7.43089,196.978,17.4619,306.682,1,29,-78,-4,15,62,57,5,33527554,262,1,434,13499,
552.468,6901.72,51.4462,7.43069,196.571,17.5693,307.094,1,29,-78,-4,15,62,57,5,33527554,262,1,434,13499,
553.468,6919.75,51.4463,7.43049,196.305,17.8729,308.04,1,29,-75,-4,15,65,59,5,33527554,262,1,434,13499,
554.481,6938.21,51.4464,7.43028,196.255,18.0814,308.791,1,29,-75,-4,15,65,59,5,33527554,262,1,434,13499,
555.468,6956.6,51.4465,7.43007,196.097,18.3069,309.193,1,27,-75,-4,15,65,61,5,33527554,262,1,434,13499,
556.468,6973.61,51.4466,7.42989,195.188,18.4114,309.896,1,27,-75,-4,15,65,61,5,33527554,262,1,434,13499,
557.468,6991.56,51.4467,7.42969,194.011,18.4054,310.798,1,29,-75,-5,15,65,61,5,33527554,262,1,434,13499,
558.468,7010.97,51.4468,7.42949,192.836,18.3576,311.583,1,29,-75,-5,15,65,61,5,33527554,262,1,434,13499,
559.468,7028.5,51.4469,7.42931,191.499,18.3555,312.333,1,26,-79,-6,15,61,56,5,33527554,262,1,434,13499,
560.468,7028.5,51.4471,7.4335,nan,18.3544,312.806,1,26,-79,-6,15,61,56,5,33527554,262,1,434,13499,
561.472,7028.5,51.4471,7.42893,189.206,18.4961,313.372,1,29,-82,-5,15,58,55,5,33527554,262,1,434,13499,
562.468,7047.04,51.4473,7.42874,188.292,18.4107,314.045,1,29,-82,-5,15,58,55,5,33527554,262,1,434,13499,
563.467,7064.77,51.4474,7.42856,187.332,18.5113,314.662,1,29,-82,-5,15,58,55,5,33527554,262,1,434,13499,
564.468,7083.17,51.4475,7.42838,186.417,18.7665,315.288,1,15,-85,-5,15,55,48,5,33527554,262,1,434,13499,
565.468,7101.86,51.4476,7.4282,185.655,19.0572,315.994,1,15,-85,-5,15,55,48,5,33527554,262,1,434,13499,
566.468,7120.94,51.4477,7.42801,185.235,19.4413,316.744,1,24,-87,-5,15,53,48,5,33527554,262,1,434,13499,
567.469,7140.96,51.4479,7.42782,184.627,19.9661,317.485,1,24,-87,-5,15,53,48,5,33527554,262,1,434,13499,
568.468,7161.15,51.448,7.42763,184.149,20.5421,318.271,1,16,-89,-5,15,51,48,5,33527554,262,1,434,13499,
569.468,7180.91,51.4482,7.42745,183.863,20.9994,319.893,1,16,-89,-5,15,51,48,5,33527554,262,1,434,13499,
570.468,7201.98,51.4483,7.42726,183.529,21.4082,320.996,1,10,-90,-6,13,50,48,5,33527554,262,1,434,13499,
571.468,7223.55,51.4485,7.42707,183.1,21.3377,321.88,1,10,-90,-6,13,50,48,5,33527554,262,1,434,13499,
572.468,7244.92,51.4486,7.42689,182.432,21.3822,322.8,1,13,-91,-6,15,49,45,5,33527554,262,1,434,13499,
573.468,7266.56,51.4488,7.42671,181.587,21.6174,323.811,1,13,-91,-6,15,49,45,5,33527554,262,1,434,13499,
574.468,7287.84,51.4489,7.42654,180.504,21.5147,324.777,1,14,-91,-5,13,49,43,5,33527554,262,1,434,13499,
575.468,7309.42,51.4491,7.42637,179.322,21.409,325.79,1,14,-91,-5,13,49,43,5,33527554,262,1,434,13499,
576.468,7330.58,51.4493,7.42621,178.17,21.0728,326.978,1,22,-92,-5,2,48,44,5,33527554,262,1,434,13499,
577.468,7351.53,51.4494,7.42605,177.078,20.7462,327.469,1,22,-92,-5,2,48,44,5,33527554,262,1,434,13499,
578.468,7372.13,51.4496,7.4259,176.006,20.2624,328.786,1,21,-92,-6,2,48,45,5,33527554,262,1,434,13499,
579.469,7392.12,51.4497,7.42575,174.907,19.8702,329.506,1,21,-92,-6,2,48,45,5,33527554,262,1,434,13499,
580.468,7392.12,51.4471,7.4335,nan,19.7325,329.477,1,16,-94,-6,10,46,43,14,33527554,262,1,434,13499,
581.472,7392.12,51.45,7.42547,172.956,19.5963,330.69,1,16,-94,-6,10,46,43,14,33527554,262,1,434,13499,
582.471,7411.71,51.4502,7.42534,171.9,19.9926,331.494,1,8,-95,-7,8,45,43,14,33527554,262,1,434,13499,
583.468,7432,51.4503,7.4252,171.231,20.1338,332.27,1,8,-95,-7,8,45,43,14,33527554,262,1,434,13499,
584.469,7452.13,51.4505,7.42508,170.641,19.9391,334.59,1,9,-98,-8,10,42,41,14,33527554,262,1,434,13499,
585.468,7471.06,51.4507,7.42496,169.977,19.9997,335.612,1,9,-98,-8,10,42,41,14,33527554,262,1,434,13499,
586.468,7491.67,51.4508,7.42484,169.526,19.7597,335.617,1,2,-101,-10,5,39,40,50,27771140,262,1,434,13499,
587.468,7511.36,51.451,7.42473,169.107,19.7121,336.395,1,2,-101,-10,5,39,40,50,27771140,262,1,434,13499,
588.468,7531.01,51.4512,7.42462,168.421,19.5853,337.013,1,2,-101,-10,5,39,40,50,27771140,262,1,434,13499,
589.468,7550.75,51.4513,7.42451,167.584,19.4231,338.063,1,1,-101,-11,7,39,41,50,27771140,262,1,289,13499,
590.468,7570.92,51.4515,7.42441,166.875,19.4246,338.604,1,1,-101,-11,7,39,41,50,27771140,262,1,289,13499,
591.468,7590.43,51.4517,7.42431,166.373,19.3912,339.103,1,0,-96,-9,6,44,43,37,29568770,262,1,26,13499,
592.467,7609.85,51.4518,7.42422,166.036,19.5048,339.755,1,0,-96,-9,6,44,43,37,29568770,262,1,26,13499,
593.468,7629.93,51.452,7.42413,165.195,19.2491,340.35,1,-1,-102,-12,7,38,39,37,29568770,262,1,414,13499,
594.467,7649.74,51.4522,7.42404,164.399,19.3861,341.157,1,-1,-102,-12,7,38,39,37,29568770,262,1,414,13499,
595.471,7669.34,51.4523,7.42395,163.789,19.4329,341.586,1,0,-99,-10,9,41,41,37,29568770,262,1,414,13499,
596.468,7689.37,51.4525,7.42387,163.447,19.3027,341.719,1,0,-99,-10,9,41,41,37,29568770,262,1,414,13499,
597.468,7708.28,51.4527,7.42379,163.046,19.2696,341.695,1,8,-98,-9,10,42,42,37,29568770,262,1,414,13499,
598.468,7727.53,51.4528,7.4237,162.774,19.0984,342.388,1,8,-98,-9,10,42,42,37,29568770,262,1,414,13499,
599.468,7746.45,51.453,7.42361,162.473,18.8921,342.567,1,7,-97,-10,9,43,44,37,29568770,262,1,414,13499,
600.468,7746.45,51.4527,7.42412,nan,18.6417,343.247,1,7,-97,-10,9,43,44,37,29568770,262,1,414,13499,
601.468,7746.45,51.4533,7.42346,161.866,18.4679,343.636,1,6,-91,-7,12,49,47,18,27770883,262,1,125,13499,
602.468,7764.63,51.4535,7.42339,161.35,18.2132,343.863,1,6,-91,-7,12,49,47,18,27770883,262,1,125,13499,
603.485,7782.18,51.4536,7.42332,160.93,17.9371,344.084,1,4,-96,-8,8,44,43,18,27770883,262,1,125,13499,
604.468,7800.22,51.4538,7.42325,160.542,17.5337,344.077,1,4,-96,-8,8,44,43,18,27770883,262,1,125,13499,
605.467,7817.58,51.4539,7.42318,160.1,17.3133,344.168,1,6,-93,-7,11,47,45,18,27770883,262,1,125,13499,
606.467,7834.33,51.4541,7.42311,159.604,16.9399,344.171,1,6,-93,-7,11,47,45,18,27770883,262,1,125,13499,
607.468,7851.31,51.4542,7.42305,159.16,16.7322,343.903,1,8,-95,-8,7,45,45,18,27770883,262,1,125,13499,
608.468,7867.98,51.4544,7.42298,158.689,16.7187,343.503,1,8,-95,-8,7,45,45,18,27770883,262,1,125,13499,
609.468,7885.32,51.4545,7.42291,158.359,17.2896,342.848,1,8,-95,-8,7,45,45,18,27770883,262,1,125,13499,
610.467,7904.15,51.4547,7.42283,158.08,17.9285,342.198,1,6,-98,-10,7,42,42,18,27770883,262,1,125,13499,
611.468,7922.71,51.4548,7.42274,157.869,18.7111,341.613,1,6,-98,-10,7,42,42,18,27770883,262,1,125,13499,
612.467,7941.16,51.455,7.42266,157.69,19.5461,342.037,1,5,-92,-8,10,48,48,18,27770883,262,1,125,13499,
613.476,7960.52,51.4552,7.42257,157.693,20.2754,341.914,1,5,-92,-8,10,48,48,18,27770883,262,1,125,13499,
614.468,7981.52,51.4553,7.42248,157.725,21.2298,341.704,1,13,-91,-7,9,49,48,18,27770883,262,1,125,13499,
615.468,8002.69,51.4555,7.42239,157.735,21.635,342.377,1,13,-91,-7,9,49,48,18,27770883,262,1,125,13499,
616.468,8025.39,51.4557,7.42229,157.755,22.2047,342.278,1,7,-87,-5,2,53,49,18,27770883,262,1,125,13499,
617.468,8048.65,51.4559,7.42218,157.971,23.4771,341.204,1,7,-87,-5,2,53,49,18,27770883,262,1,125,13499,
618.468,8072.07,51.4561,7.42207,158.179,23.986,340.824,1,9,-87,-6,2,53,51,18,27770883,262,1,125,13499,
619.468,8096.45,51.4563,7.42195,158.11,24.8515,340.596,1,9,-87,-6,2,53,51,18,27770883,262,1,125,13499,
620.468,8096.45,51.4551,7.42851,nan,25.5307,339.364,1,10,-90,-7,2,50,49,18,27770883,262,1,125,13499,
621.468,8096.45,51.4567,7.42169,157.369,26.1642,338.518,1,10,-90,-7,2,50,49,18,27770883,262,1,125,13499,
622.468,8122.93,51.457,7.42154,156.76,26.6961,337.594,1,13,-89,-7,2,51,49,18,27770883,262,1,125,13499,
623.468,8149.56,51.4572,7.42139,156.203,27.2005,336.628,1,13,-89,-7,2,51,49,18,27770883,262,1,125,13499,
624.468,8176.94,51.4574,7.42123,155.715,27.6044,335.916,1,8,-88,-6,2,52,50,18,27770883,262,1,125,13499,
625.468,8204.48,51.4576,7.42107,155.191,27.6505,334.999,1,8,-88,-6,2,52,50,18,27770883,262,1,125,13499,
626.468,8232.07,51.4579,7.4209,154.84,27.5511,334.09,1,22,-88,-6,2,52,50,18,27770883,262,1,125,13499,
627.467,8259.54,51.4581,7.42073,154.589,27.5663,333.63,1,22,-88,-6,2,52,50,18,27770883,262,1,125,13499,
628.468,8287.41,51.4583,7.42055,154.726,27.6921,333.372,1,13,-84,-5,14,56,53,12,27770883,262,1,125,13499,
629.468,8315.18,51.4585,7.42036,154.998,27.82,332.565,1,13,-84,-5,14,56,53,12,27770883,262,1,125,13499,
630.467,8343.05,51.4588,7.42017,155.149,27.9822,331.979,1,27,-80,-5,10,60,56,12,27770883,262,1,125,13499,
631.468,8370.82,51.459,7.41998,155.24,28.0578,331.282,1,27,-80,-5,10,60,56,12,27770883,262,1,125,13499,
632.468,8398.54,51.4592,7.41979,155.163,27.9961,330.241,1,19,-80,-6,13,60,57,12,27770883,262,1,125,13499,
633.468,8426.81,51.4594,7.41958,155.024,28.0324,329.128,1,19,-80,-6,13,60,57,12,27770883,262,1,125,13499,
634.468,8454.95,51.4596,7.41937,155.056,28.1151,328.046,1,34,-80,-5,14,60,57,12,27770883,262,1,125,13499,
635.468,8483.01,51.4598,7.41915,154.984,28.2378,327.347,1,34,-80,-5,14,60,57,12,27770883,262,1,125,13499,
636.468,8511.6,51.4601,7.41893,155.036,28.3785,326.797,1,34,-80,-5,14,60,57,12,27770883,262,1,125,13499,
637.468,8540.32,51.4603,7.4187,155.224,28.6293,325.957,1,16,-80,-6,10,60,56,12,27770883,262,1,125,13499,
638.468,8568.98,51.4605,7.41847,155.473,28.769,324.899,1,16,-80,-6,10,60,56,12,27770883,262,1,125,13499,
639.468,8597.62,51.4607,7.41822,155.378,28.9371,323.879,1,33,-72,-4,11,68,63,12,27770883,262,1,125,13499,
640.468,8597.62,51.4599,7.41419,nan,29.1368,322.874,1,33,-72,-4,11,68,63,12,27770883,262,1,125,13499,
641.468,8597.62,51.4611,7.41771,155.103,29.0362,322.275,1,23,-72,-4,10,68,63,12,27770883,262,1,125,13499,
642.468,8625.97,51.4613,7.41746,154.991,28.5365,321.454,1,23,-72,-4,10,68,63,12,27770883,262,1,125,13499,
643.468,8655.11,51.4615,7.4172,154.573,28.243,320.846,1,32,-75,-6,11,65,62,12,27770883,262,1,125,13499,
644.468,8683.19,51.4617,7.41694,154.191,28.2567,319.948,1,32,-75,-6,11,65,62,12,27770883,262,1,125,13499,
645.468,8711.08,51.4619,7.41668,153.928,28.2556,319.252,1,32,-75,-4,14,65,61,12,27770883,262,1,125,13499,
646.467,8739.06,51.4621,7.41641,153.725,28.0269,318.653,1,32,-75,-4,14,65,61,12,27770883,262,1,125,13499,
647.467,8766.89,51.4623,7.41615,153.507,27.8715,318.007,1,22,-75,-5,14,65,61,12,27770883,262,1,125,13499,
648.468,8794.59,51.4625,7.41588,153.454,27.2537,316.675,1,22,-75,-5,14,65,61,12,27770883,262,1,125,13499,
649.468,8822.02,51.4626,7.41561,153.715,27.0426,316.137,1,26,-76,-4,14,64,60,12,27770883,262,1,125,13499,
650.468,8848.9,51.4628,7.41533,153.894,26.9325,315.108,1,26,-76,-4,14,64,60,12,27770883,262,1,125,13499,
651.467,8875.63,51.463,7.41506,153.955,26.8989,314.341,1,33,-77,-5,13,63,60,12,27770883,262,1,125,13499,
652.468,8902.63,51.4631,7.41478,153.967,26.8934,313.904,1,33,-77,-5,13,63,60,12,27770883,262,1,125,13499,
653.468,8929.41,51.4633,7.4145,153.919,27.0048,313.058,1,27,-81,-6,14,59,56,12,27770883,262,1,125,13499,
654.468,8956.42,51.4635,7.41421,154.03,26.9433,312.373,1,27,-81,-6,14,59,56,12,27770883,262,1,125,13499,
655.468,8982.76,51.4636,7.41393,154.042,26.4528,311.97,1,14,-86,-6,11,54,51,12,27770883,262,1,125,13499,
656.468,9008.6,51.4638,7.41365,153.998,25.7832,311.421,1,14,-86,-6,11,54,51,12,27770883,262,1,125,13499,
657.472,9034.11,51.4639,7.41337,154.072,25.1435,310.644,1,39,-77,-5,14,63,59,12,27770883,262,1,125,13499,
658.468,9058.88,51.4641,7.4131,154.177,24.6501,310.23,1,39,-77,-5,14,63,59,12,27770883,262,1,125,13499,
659.483,9083.66,51.4642,7.41282,154.379,24.5839,310.351,1,25,-74,-5,15,66,59,12,27770883,262,1,125,13499,
660.468,9108.08,51.4644,7.41255,154.595,24.7754,309.911,1,25,-74,-5,15,66,59,12,27770883,262,1,125,13499,
661.468,9132.96,51.4645,7.41227,154.839,25.1808,309.331,1,25,-74,-5,15,66,59,12,27770883,262,1,125,13499,
662.468,9158.29,51.4647,7.41199,155.019,25.6428,308.68,1,19,-81,-8,11,59,51,12,27770883,262,1,125,13499,
663.468,9184.43,51.4648,7.41169,155.237,26.1406,308.453,1,19,-81,-8,11,59,51,12,27770883,262,1,125,13499,
664.468,9210.84,51.4649,7.41139,155.441,26.7458,308.365,1,8,-91,-13,2,49,49,12,27770883,262,1,125,13499,
665.468,9237.96,51.4651,7.41109,155.6,27.4464,308.361,1,8,-91,-13,2,49,49,12,27770883,262,1,125,13499,
666.467,9265.71,51.4652,7.41077,155.725,28.0413,308.207,1,13,-87,-6,2,53,50,12,27770885,262,1,124,13499,
667.468,9294.03,51.4654,7.41045,155.836,28.5805,308.208,1,13,-87,-6,2,53,50,12,27770885,262,1,124,13499,
668.468,9322.84,51.4656,7.41012,155.953,29.0914,308.146,1,14,-87,-6,2,53,49,12,27770885,262,1,124,13499,
669.468,9352.17,51.4657,7.40979,156.054,29.6109,308.238,1,14,-87,-6,2,53,49,12,27770885,262,1,124,13499,
670.489,9382.06,51.4659,7.40945,156.24,30.0488,308.251,1,28,-71,-5,15,69,63,4,27770885,262,1,124,13499,
671.468,9411.91,51.4661,7.40911,156.345,30.4395,308.179,1,28,-71,-5,15,69,63,4,27770885,262,1,124,13499,
672.481,9442.66,51.4662,7.40876,156.476,30.6781,308.026,1,5,-92,-7,9,48,47,4,27770885,262,1,124,13499,
673.472,9473.53,51.4664,7.40841,156.593,30.9659,308.343,1,5,-92,-7,9,48,47,4,27770885,262,1,124,13499,
674.495,9504.13,51.4666,7.40806,156.624,30.8363,309.036,1,21,-82,-6,15,58,53,4,27770885,262,1,124,13499,
675.468,9534.81,51.4668,7.40773,156.677,30.6787,310.701,1,21,-82,-6,15,58,53,4,27770885,262,1,124,13499,
676.468,9565.1,51.4669,7.40739,156.756,30.094,311.154,1,21,-78,-5,13,62,54,4,27770885,262,1,124,13499,
677.468,9594.73,51.4671,7.40707,156.875,29.5002,310.665,1,21,-78,-5,13,62,54,4,27770885,262,1,124,13499,
678.469,9623.86,51.4673,7.40675,157.062,28.9723,310.357,1,18,-74,-5,1,66,57,4,27770885,262,1,124,13499,
679.468,9652.54,51.4674,7.40644,157.238,28.7685,310.156,1,18,-74,-5,1,66,57,4,27770885,262,1,124,13499,
680.468,9681.13,51.4676,7.40612,157.396,28.7502,310.574,1,18,-74,-5,1,66,57,4,27770885,262,1,124,13499,
681.467,9709.94,51.4678,7.40581,157.595,28.8096,310.718,1,12,-82,-5,12,58,53,4,27770885,262,1,124,13499,
682.467,9738.78,51.468,7.40549,157.786,28.8718,311.238,1,12,-82,-5,12,58,53,4,27770885,262,1,124,13499,
683.468,9767.15,51.4681,7.40518,157.954,28.2423,311.569,1,15,-79,-5,10,61,56,4,27770885,262,1,124,13499,
684.468,9795.21,51.4683,7.40488,158.142,28.1047,311.776,1,15,-79,-5,10,61,56,4,27770885,262,1,124,13499,
685.468,9822.82,51.4685,7.40458,158.315,27.6275,311.828,1,4,-86,-7,12,54,52,4,27770885,262,1,124,13499,
686.472,9850.03,51.4686,7.40429,158.4,27.0952,312.295,1,4,-86,-7,12,54,52,4,27770885,262,1,124,13499,
687.47,9876.63,51.4688,7.40401,158.45,26.5073,312.632,1,-1,-85,-8,10,55,54,4,27770885,262,1,124,13499,
688.48,9902.71,51.4689,7.40373,158.61,25.8436,313.187,1,-1,-85,-8,10,55,54,4,27770885,262,1,124,13499,
689.481,9928.3,51.4691,7.40346,158.857,25.2767,313.51,1,13,-82,-5,14,58,56,19,27771140,262,1,289,13499,
690.47,9953.83,51.4693,7.4032,159.208,24.7984,314.084,1,13,-82,-5,14,58,56,19,27771140,262,1,289,13499,
691.486,9978.27,51.4694,7.40295,159.569,23.7292,314.343,1,18,-82,-5,14,58,56,19,27771140,262,1,289,13499,
692.468,10002.4,51.4696,7.4027,159.359,23.6634,314.272,1,18,-82,-5,14,58,56,19,27771140,262,1,289,13499,
693.475,10025.6,51.4697,7.40246,158.961,23.5599,314.672,1,15,-84,-5,12,56,54,19,27771140,262,1,289,13499,
694.473,10048.8,51.4699,7.40222,158.962,23.3141,315.226,1,15,-84,-5,12,56,54,19,27771140,262,1,289,13499,
695.471,10071.7,51.47,7.40199,159.049,23.0271,315.563,1,18,-82,-6,10,58,56,19,27771140,262,1,289,13499,
696.468,10094.7,51.4702,7.40176,159.248,22.9527,315.574,1,18,-82,-6,10,58,56,19,27771140,262,1,289,13499,
697.468,10117.3,51.4703,7.40153,159.43,22.6636,316.059,1,25,-80,-6,13,60,58,19,27771140,262,1,289,13499,
698.468,10140.2,51.4704,7.4013,159.632,22.6451,316.429,1,25,-80,-6,13,60,58,19,27771140,262,1,289,13499,
699.468,10162.7,51.4706,7.40107,159.846,22.7437,316.441,1,24,-80,-6,15,60,58,19,27771140,262,1,289,13499,
700.47,10162.7,51.4681,7.40026,nan,23.0213,316.429,1,24,-80,-6,15,60,58,19,27771140,262,1,289,13499,
701.468,10162.7,51.4709,7.40062,161.302,23.2356,316.937,1,21,-81,-6,15,59,57,19,27771140,262,1,289,13499,
702.468,10185.9,51.471,7.40039,162.136,23.4365,317.414,1,21,-81,-6,15,59,57,19,27771140,262,1,289,13499,
703.476,10209,51.4712,7.40016,162.763,23.8438,317.087,1,19,-81,-7,2,59,56,19,27771140,262,1,289,13499,
704.468,10233.5,51.4713,7.39992,163.529,23.4481,317.81,1,19,-81,-7,2,59,56,19,27771140,262,1,289,13499,
705.468,10256.4,51.4715,7.3997,164.03,23.1288,317.704,1,19,-81,-7,2,59,56,19,27771140,262,1,289,13499,
706.468,10279.4,51.4717,7.39947,164.441,22.7308,317.755,1,23,-82,-7,2,58,57,19,27771140,262,1,289,13499,
707.468,10301.6,51.4718,7.39926,164.753,22.225,317.938,1,23,-82,-7,2,58,57,19,27771140,262,1,289,13499,
708.468,10323.7,51.4719,7.39904,165.085,22.0295,318.554,1,21,-81,-6,2,59,56,19,27771140,262,1,289,13499,
709.468,10345.6,51.4721,7.39883,165.362,21.8305,318.876,1,21,-81,-6,2,59,56,19,27771140,262,1,289,13499,
710.467,10367.4,51.4722,7.39863,165.571,21.8668,319.094,1,21,-84,-6,2,56,53,19,27771140,262,1,289,13499,
711.468,10389.2,51.4724,7.39842,165.783,22.0471,319.448,1,21,-84,-6,2,56,53,19,27771140,262,1,289,13499,
712.468,10411.3,51.4725,7.39822,166.061,22.0352,319.246,1,25,-85,-6,2,55,52,19,27771140,262,1,289,13499,
713.468,10433.3,51.4727,7.39801,166.44,21.7477,319.894,1,25,-85,-6,2,55,52,19,27771140,262,1,289,13499,
714.475,10454.9,51.4728,7.39781,166.766,21.8594,320.168,1,19,-85,-6,2,55,52,19,27771140,262,1,289,13499,
715.467,10476.7,51.473,7.39761,167.155,21.9424,320.093,1,19,-85,-6,2,55,52,19,27771140,262,1,289,13499,
716.467,10498.7,51.4732,7.39741,167.346,22.0804,319.948,1,19,-87,-5,2,53,50,19,27771140,262,1,289,13499,
717.468,10521,51.4733,7.3972,167.761,22.4264,320.195,1,19,-87,-5,2,53,50,19,27771140,262,1,289,13499,
718.473,10543.6,51.4735,7.39699,168.127,22.7038,320.841,1,22,-88,-6,2,52,48,19,27771140,262,1,289,13499,
719.468,10566.3,51.4736,7.39679,168.38,22.6327,321.737,1,22,-88,-6,2,52,48,19,27771140,262,1,289,13499,
720.468,10566.3,51.4722,7.39566,nan,22.127,321.941,1,2,-85,-7,10,55,53,10,27771140,262,1,289,13499,
721.468,10566.3,51.4739,7.3964,168.9,22.0294,322.429,1,2,-85,-7,10,55,53,10,27771140,262,1,289,13499,
722.468,10588.8,51.4741,7.3962,169.081,22.0047,322.824,1,8,-88,-8,9,52,51,10,27771140,262,1,289,13499,
723.468,10610.5,51.4743,7.39601,169.371,21.5648,323.54,1,8,-88,-8,9,52,51,10,27771140,262,1,289,13499,
724.469,10632.1,51.4744,7.39582,169.74,21.1416,323.624,1,31,-84,-5,14,56,54,10,27771140,262,1,289,13499,
725.468,10652.6,51.4746,7.39565,169.935,20.5679,324.359,1,31,-84,-5,14,56,54,10,27771140,262,1,289,13499,
726.481,10672.7,51.4747,7.39548,170.115,20.2649,325.517,1,22,-82,-7,12,58,57,10,27771140,262,1,289,13499,
727.468,10692.8,51.4749,7.39532,170.355,20.3218,326.339,1,22,-82,-7,12,58,57,10,27771140,262,1,289,13499,
728.468,10713.3,51.475,7.39516,170.841,20.5443,326.711,1,22,-82,-7,12,58,57,10,27771140,262,1,289,13499,
729.468,10734.4,51.4752,7.395,171.33,20.727,328.992,1,20,-79,-5,15,61,58,10,27771140,262,1,289,13499,
730.468,10754.9,51.4753,7.39484,171.731,20.7842,329.908,1,20,-79,-5,15,61,58,10,27771140,262,1,289,13499,
731.468,10775.6,51.4755,7.39469,171.915,20.6076,329.407,1,32,-77,-6,15,63,60,10,27771140,262,1,289,13499,
732.467,10795.9,51.4756,7.39455,171.927,20.1405,330.075,1,32,-77,-6,15,63,60,10,27771140,262,1,289,13499,
733.468,10815.5,51.4758,7.39441,171.954,19.4933,331.092,1,22,-79,-6,15,61,58,10,27771140,262,1,289,13499,
734.468,10834.7,51.476,7.39427,172.059,19.0946,331.551,1,22,-79,-6,15,61,58,10,27771140,262,1,289,13499,
735.468,10853.7,51.4761,7.39414,172.345,18.4671,331.373,1,32,-78,-6,15,62,59,10,27771140,262,1,289,13499,
736.468,10872.1,51.4762,7.39401,172.733,17.9105,331.74,1,32,-78,-6,15,62,59,10,27771140,262,1,289,13499,
737.468,10890,51.4764,7.39389,173.022,17.7835,332.301,1,25,-71,-5,15,69,63,10,27771140,262,1,289,13499,
738.468,10907.7,51.4765,7.39377,173.301,17.8254,332.814,1,25,-71,-5,15,69,63,10,27771140,262,1,289,13499,
739.468,10925.5,51.4767,7.39365,173.785,17.8944,333.413,1,16,-71,-5,12,69,63,10,27771140,262,1,289,13499,
740.48,10943.2,51.4768,7.39354,174.143,17.5304,334.059,1,16,-71,-5,12,69,63,10,27771140,262,1,289,13499,
741.468,10960.4,51.477,7.39344,174.481,16.9163,334.543,1,20,-82,-8,11,58,58,10,27771140,262,1,289,13499,
742.468,10976.8,51.4771,7.39334,174.743,16.3238,335.255,1,20,-82,-8,11,58,58,10,27771140,262,1,289,13499,
743.468,10992.9,51.4772,7.39325,175.009,15.8917,336.342,1,10,-82,-8,2,58,56,10,27771140,262,1,289,13499,
744.468,11008.3,51.4774,7.39317,175.328,15.3922,338.097,1,10,-82,-8,2,58,56,10,27771140,262,1,289,13499,
745.468,11023.3,51.4775,7.3931,175.757,15.0519,339.803,1,16,-83,-9,2,57,57,10,27771140,262,1,289,13499,
746.468,11038.7,51.4776,7.39304,176.07,15.2256,342.942,1,16,-83,-9,2,57,57,10,27771140,262,1,289,13499,
747.468,11054,51.4777,7.39299,176.289,15.0572,346.512,1,19,-79,-7,2,61,59,10,27771139,262,1,288,13499,
748.468,11070.1,51.4779,7.393,176.654,15.5438,359.962,1,19,-79,-7,2,61,59,10,27771139,262,1,288,13499,
749.467,11086,51.478,7.39301,176.849,15.6119,1.80453,1,19,-79,-7,2,61,59,10,27771139,262,1,288,13499,
750.468,11102.5,51.4782,7.39303,176.849,15.9656,4.2746,1,21,-79,-7,2,61,59,10,27771139,262,1,288,13499,
751.468,11120.1,51.4783,7.39308,176.856,16.6322,8.23451,1,21,-79,-7,2,61,59,10,27771139,262,1,288,13499,
752.468,11137,51.4785,7.39318,176.726,15.8655,22.8971,1,26,-79,-6,2,61,59,10,27771139,262,1,288,13499,
753.468,11152.6,51.4786,7.39328,176.634,15.6084,25.1262,1,26,-79,-6,2,61,59,10,27771139,262,1,288,13499,
754.468,11168.1,51.4787,7.3934,177.039,15.2992,27.4055,1,29,-81,-6,2,59,56,10,27771139,262,1,288,13499,
755.468,11183.1,51.4788,7.39351,177.485,14.2393,29.9164,1,29,-81,-6,2,59,56,10,27771139,262,1,288,13499,
756.468,11197,51.4789,7.39362,178.131,13.4257,30.6628,1,23,-80,-6,2,60,57,10,27771139,262,1,288,13499,
757.468,11210.3,51.479,7.39372,178.833,12.2116,27.9792,1,23,-80,-6,2,60,57,10,27771139,262,1,288,13499,
758.468,11223,51.4791,7.3938,179.313,12.2097,24.5402,1,27,-80,-5,2,60,56,10,27771139,262,1,288,13499,
759.468,11234.1,51.4792,7.39383,179.822,12.8257,5.48585,1,27,-80,-5,2,60,56,10,27771139,262,1,288,13499,
760.469,11234.1,51.48,7.39499,nan,12.7476,2.12866,1,4,-81,-5,2,59,55,10,27771139,262,1,288,13499,
761.468,11234.1,51.4795,7.39379,180.671,13.1601,341.147,1,4,-81,-5,2,59,55,10,27771139,262,1,288,13499,
762.485,11246.7,51.4796,7.39372,181.437,13.615,339.374,1,9,-90,-7,8,50,47,4,27771139,262,1,288,13499,
763.469,11259.4,51.4797,7.39365,182.267,13.3789,337.63,1,9,-90,-7,8,50,47,4,27771139,262,1,288,13499,
764.467,11272.5,51.4798,7.39358,183.063,12.5551,336.165,1,7,-90,-8,8,50,50,15,28365058,262,1,288,13499,
765.468,11284,51.4799,7.39351,183.663,10.9923,336.303,1,7,-90,-8,8,50,50,15,28365058,262,1,288,13499,
766.468,11294.8,51.48,7.39345,184.16,9.58948,338.349,1,8,-86,-6,14,54,51,15,28365058,262,1,223,13499,
767.484,11304.3,51.4801,7.39344,184.5,9.28368,355.463,1,8,-86,-6,14,54,51,15,28365058,262,1,223,13499,
768.467,11313.6,51.4801,7.39345,185.153,9.435,11.496,1,9,-89,-8,11,51,49,15,28365058,262,1,223,13499,
769.468,11323.3,51.4802,7.39351,185.509,10.4156,27.1563,1,9,-89,-8,11,51,49,15,28365058,262,1,223,13499,
770.473,11333.8,51.4803,7.39361,185.949,11.1881,47.9518,1,14,-82,-5,15,58,54,5,27771139,262,1,288,13499,
771.468,11344.1,51.4804,7.39373,186.357,11.7901,51.7401,1,14,-82,-5,15,58,54,5,27771139,262,1,288,13499,
772.468,11356.5,51.4804,7.39387,186.111,12.7073,53.9874,1,14,-82,-5,15,58,54,5,27771139,262,1,288,13499,
773.468,11369.5,51.4805,7.39403,185.805,13.8521,54.8983,1,17,-83,-5,15,57,54,5,27771139,262,1,288,13499,
774.468,11383.7,51.4806,7.39419,185.964,14.9408,55.3159,1,17,-83,-5,15,57,54,5,27771139,262,1,288,13499,
775.468,11399.3,51.4806,7.39438,186.569,15.7151,56.0619,1,15,-80,-6,11,60,57,5,27771139,262,1,288,13499,
776.468,11414.8,51.4807,7.39457,187.001,16.1342,56.9481,1,15,-80,-6,11,60,57,5,27771139,262,1,288,13499,
777.468,11430.9,51.4808,7.39476,187.377,16.0969,57.7089,1,11,-86,-6,9,54,51,5,27771139,262,1,288,13499,
778.468,11447.3,51.4809,7.39497,187.745,16.0278,58.3968,1,11,-86,-6,9,54,51,5,27771139,262,1,288,13499,
779.468,11463.2,51.4809,7.39517,187.932,16.2675,58.8902,1,20,-80,-5,13,60,56,5,27771139,262,1,288,13499,
780.468,11463.2,51.4808,7.3947,nan,16.5368,59.7899,1,20,-80,-5,13,60,56,5,27771139,262,1,288,13499,
781.468,11463.2,51.4811,7.39558,187.492,16.8212,60.3374,1,31,-84,-5,10,56,54,5,27771139,262,1,288,13499,
782.468,11480.9,51.4812,7.3958,187.18,17.1147,60.1501,1,31,-84,-5,10,56,54,5,27771139,262,1,288,13499,
783.468,11497.7,51.4812,7.39601,186.77,16.9598,60.202,1,11,-83,-6,8,57,55,5,27771139,262,1,288,13499,
784.468,11515.2,51.4813,7.39623,186.64,16.6448,60.2426,1,11,-83,-6,8,57,55,5,27771139,262,1,288,13499,
785.468,11531.9,51.4814,7.39644,186.468,16.1433,59.801,1,11,-86,-7,10,54,51,5,27771139,262,1,288,13499,
786.468,11548,51.4815,7.39664,186.354,15.7553,59.1121,1,11,-86,-7,10,54,51,5,27771139,262,1,288,13499,
787.468,11563.6,51.4815,7.39684,186.106,15.3355,58.1341,1,17,-86,-5,12,54,49,5,27771139,262,1,288,13499,
788.468,11578.5,51.4816,7.39702,185.92,15.0467,57.1684,1,17,-86,-5,12,54,49,5,27771139,262,1,288,13499,
789.468,11593.4,51.4817,7.3972,185.798,14.6328,56.708,1,30,-83,-4,14,57,52,5,27771139,262,1,288,13499,
790.468,11607.5,51.4817,7.39737,185.571,14.2402,56.3479,1,30,-83,-4,14,57,52,5,27771139,262,1,288,13499,
791.468,11621.9,51.4818,7.39754,185.222,14.8599,55.4788,1,22,-80,-4,14,60,56,5,27771139,262,1,288,13499,
792.468,11636.7,51.4819,7.39772,185.104,14.9723,54.5692,1,22,-80,-4,14,60,56,5,27771139,262,1,288,13499,
793.475,11651.3,51.482,7.39789,184.904,14.5252,53.4757,1,22,-76,-4,14,64,60,5,27771139,262,1,288,13499,
794.473,11665.3,51.482,7.39804,184.514,14.1107,52.1693,1,22,-76,-4,14,64,60,5,27771139,262,1,288,13499,
795.468,11679.4,51.4821,7.3982,184.023,13.7593,50.5672,1,22,-76,-4,14,64,60,5,27771139,262,1,288,13499,
796.468,11693.1,51.4822,7.39834,183.868,13.5279,48.669,1,19,-79,-5,12,61,56,5,27771139,262,1,288,13499,
797.468,11706.7,51.4823,7.39848,183.999,13.4857,46.3834,1,19,-79,-5,12,61,56,5,27771139,262,1,288,13499,
798.468,11720.3,51.4824,7.39861,184.564,13.5341,44.3461,1,19,-81,-6,2,59,56,5,27771139,262,1,288,13499,
799.468,11733.6,51.4825,7.39873,185.145,13.0426,42.0255,1,19,-81,-6,2,59,56,5,27771139,262,1,288,13499,
800.468,11733.6,51.4822,7.40009,nan,12.605,40.2092,1,12,-81,-7,2,59,56,5,27771139,262,1,288,13499,
801.468,11733.6,51.4827,7.39894,186.648,11.332,38.5342,1,12,-81,-7,2,59,56,5,27771139,262,1,288,13499,
802.468,11744.7,51.4828,7.39903,187.231,10.4611,37.4311,1,11,-83,-6,9,57,53,10,27771139,262,1,288,13499,
803.468,11755.4,51.4828,7.39911,187.66,10.6656,35.9789,1,11,-83,-6,9,57,53,10,27771139,262,1,288,13499,
804.468,11766.7,51.4829,7.3992,188.05,11.4008,35.2724,1,9,-87,-6,9,53,49,10,28365058,262,1,288,13499,
805.468,11777.8,51.483,7.39929,188.228,12.048,34.5189,1,9,-87,-6,9,53,49,10,28365058,262,1,288,13499,
806.468,11789.7,51.4831,7.39938,188.401,12.0427,33.978,1,7,-83,-4,6,57,51,11,27771139,262,1,288,13499,
807.468,11802.7,51.4832,7.39948,188.518,11.6457,33.8697,1,7,-83,-4,6,57,51,11,27771139,262,1,288,13499,
808.472,11814.9,51.4833,7.39957,188.737,11.8348,33.8815,1,14,-85,-4,15,55,49,11,27771139,262,1,288,13499,
809.468,11827.4,51.4834,7.39967,188.973,12.4084,33.8173,1,14,-85,-4,15,55,49,11,27771139,262,1,288,13499,
810.468,11841.1,51.4835,7.39978,189.133,13.1148,34.5737,1,14,-91,-6,9,49,47,11,27771139,262,1,288,13499,
811.468,11853.8,51.4836,7.39988,189.224,13.9058,35.0227,1,14,-91,-6,9,49,47,11,27771139,262,1,288,13499,
812.468,11868,51.4837,7.39999,189.151,14.3898,35.4968,1,10,-92,-7,8,48,47,11,27771139,262,1,288,13499,
813.468,11882.5,51.4838,7.40011,189.019,14.1834,35.7563,1,10,-92,-7,8,48,47,11,27771139,262,1,288,13499,
814.468,11896.5,51.4839,7.40023,188.73,13.9059,36.1914,1,9,-91,-7,10,49,47,9,28365058,262,1,223,13499,
815.467,11909.1,51.484,7.40034,188.47,13.4753,36.7653,1,9,-91,-7,10,49,47,9,28365058,262,1,223,13499,
816.471,11922.6,51.4841,7.40046,188.193,13.1457,37.2842,1,11,-91,-7,8,49,46,9,28365058,262,1,223,13499,
817.468,11935,51.4842,7.40057,188.097,12.7228,37.9353,1,11,-91,-7,8,49,46,9,28365058,262,1,223,13499,
818.48,11947.5,51.4843,7.40068,188.13,12.5579,38.3477,1,22,-91,-7,11,49,47,9,28365058,262,1,223,13499,
819.467,11959.5,51.4843,7.40079,188.003,11.8347,39.2237,1,22,-91,-7,11,49,47,9,28365058,262,1,223,13499,
820.468,11959.5,51.4842,7.40152,nan,11.1867,40.0308,1,22,-91,-7,11,49,47,9,28365058,262,1,223,13499,
821.468,11959.5,51.4845,7.40102,186.995,10.6872,40.674,1,19,-94,-8,11,46,45,9,28365058,262,1,223,13499,
822.468,11969.2,51.4846,7.40112,186.763,10.191,41.3775,1,19,-94,-8,11,46,45,9,28365058,262,1,223,13499,
823.468,11980,51.4846,7.40122,186.461,10.0105,41.8592,1,21,-94,-7,11,46,43,9,28365058,262,1,223,13499,
824.468,11989.5,51.4847,7.40132,186.575,10.1398,42.279,1,21,-94,-7,11,46,43,9,28365058,262,1,223,13499,
825.467,11999.3,51.4848,7.40142,186.956,10.3121,42.8746,1,18,-93,-8,7,47,45,9,28365058,262,1,223,13499,
826.468,12010.6,51.4848,7.40153,186.962,10.5662,42.1881,1,18,-93,-8,7,47,45,9,28365058,262,1,223,13499,
827.468,12021.3,51.4849,7.40163,186.759,10.2665,41.3695,1,21,-94,-8,11,46,44,9,28365058,262,1,223,13499,
828.472,12031.7,51.485,7.40173,186.412,10.1039,41.8824,1,21,-94,-8,11,46,44,9,28365058,262,1,223,13499,
829.469,12040.8,51.485,7.40182,185.981,9.88099,42.3186,1,6,-90,-6,2,50,46,9,28365058,262,1,223,13499,
830.468,12050,51.4851,7.40191,185.499,9.4417,43.1399,1,6,-90,-6,2,50,46,9,28365058,262,1,223,13499,
831.468,12059.2,51.4852,7.40201,185.018,9.20994,44.0162,1,5,-91,-6,2,49,46,9,28365058,262,1,223,13499,
832.468,12068.8,51.4852,7.40211,184.537,9.26551,45.1611,1,5,-91,-6,2,49,46,9,28365058,262,1,223,13499,
833.468,12078.3,51.4853,7.40221,184.053,9.13822,46.3454,1,10,-92,-7,2,48,45,9,28365058,262,1,223,13499,
834.468,12087.5,51.4853,7.40231,183.609,8.9139,47.1734,1,10,-92,-7,2,48,45,9,28365058,262,1,223,13499,
835.468,12095.6,51.4854,7.4024,183.53,8.55633,48.1794,1,4,-94,-8,2,46,46,9,28365058,262,1,223,13499,
836.468,12104.2,51.4854,7.40249,183.335,8.19303,49.091,1,4,-94,-8,2,46,46,9,28365058,262,1,223,13499,
837.468,12111,51.4855,7.40257,183.323,6.80443,49.7195,1,4,-94,-8,2,46,46,9,28365058,262,1,223,13499,
838.48,12118,51.4855,7.40265,183.129,6.26577,49.9227,1,-1,-93,-8,2,47,46,9,28365058,262,1,223,13499,
839.468,12124.8,51.4856,7.40271,183.13,6.36773,36.9257,1,-1,-93,-8,2,47,46,9,28365058,262,1,223,13499,
840.467,12124.8,51.4852,7.40369,nan,6.95369,18.3197,1,2,-93,-9,2,47,47,9,28365058,262,1,223,13499,
841.468,12124.8,51.4857,7.40276,183.94,6.42569,3.01551,1,2,-93,-9,2,47,47,9,28365058,262,1,223,13499,
842.468,12129.2,51.4857,7.40275,184.407,6.49806,349.153,1,0,-93,-10,2,47,49,9,28365058,262,1,223,13499,
843.468,12135.6,51.4858,7.40271,184.71,6.90628,335.75,1,0,-93,-10,2,47,49,9,28365058,262,1,223,13499,
844.468,12142.3,51.4858,7.40265,185.017,7.55036,322.572,1,7,-93,-10,2,47,49,9,28365058,262,1,223,13499,
845.468,12149.6,51.4859,7.40259,185.308,7.65349,322.146,1,7,-93,-10,2,47,49,9,28365058,262,1,223,13499,
846.468,12157.7,51.4859,7.40252,185.444,7.94224,322.867,1,2,-94,-9,2,46,46,9,28365058,262,1,223,13499,
847.468,12165.9,51.486,7.40245,185.578,8.45382,323.26,1,2,-94,-9,2,46,46,9,28365058,262,1,223,13499,
848.468,12174.8,51.486,7.40237,185.841,8.37471,323.697,1,8,-92,-7,2,48,45,9,26385409,262,1,93,13499,
849.468,12182.8,51.4861,7.40231,186.031,8.24573,324.173,1,8,-92,-7,2,48,45,9,26385409,262,1,93,13499,
850.468,12191.7,51.4862,7.40224,186.171,8.73388,325.577,1,7,-93,-8,7,47,45,4,26385409,262,1,93,13499,
851.468,12200.5,51.4862,7.40217,186.298,9.05444,328.021,1,7,-93,-8,7,47,45,4,26385409,262,1,93,13499,
852.468,12209.8,51.4863,7.4021,186.432,9.63194,330.537,1,10,-92,-7,7,48,47,4,26385409,262,1,93,13499,
853.468,12219.5,51.4864,7.40205,186.202,9.67687,332.297,1,10,-92,-7,7,48,47,4,26385409,262,1,93,13499,
854.467,12229.7,51.4865,7.40199,185.965,9.82911,333.492,1,11,-87,-6,13,53,51,4,26385409,262,1,93,13499,
855.468,12239.5,51.4866,7.40195,185.815,10.4854,335.387,1,11,-87,-6,13,53,51,4,26385409,262,1,93,13499,
856.468,12250.7,51.4866,7.4019,185.433,10.7819,337.878,1,8,-93,-8,11,47,46,4,26385409,262,1,93,13499,
857.491,12261.2,51.4867,7.40185,184.909,10.793,340.05,1,8,-93,-8,11,47,46,4,26385409,262,1,93,13499,
858.468,12271.7,51.4868,7.40181,184.656,10.6004,342.525,1,8,-93,-8,11,47,46,4,26385409,262,1,93,13499,
859.468,12282.8,51.4869,7.40178,184.222,10.4546,344.69,1,9,-92,-7,11,48,46,4,26385409,262,1,93,13499,
860.468,12293,51.487,7.40176,183.77,10.4992,346.419,1,9,-92,-7,11,48,46,4,26385409,262,1,93,13499,
861.468,12303.6,51.4871,7.40173,183.399,10.3595,348.258,1,12,-88,-7,13,52,48,4,26385409,262,1,93,13499,
862.468,12313.7,51.4872,7.40172,183.188,10.1902,350.127,1,12,-88,-7,13,52,48,4,26385409,262,1,93,13499,
863.468,12324.3,51.4873,7.40171,183.08,10.2243,352.054,1,19,-81,-5,10,59,55,4,26385409,262,1,93,13499,
864.468,12334.5,51.4874,7.40169,183.171,10.2967,354.039,1,19,-81,-5,10,59,55,4,26385409,262,1,93,13499,
865.468,12345.3,51.4875,7.40169,182.93,10.365,355.313,1,21,-77,-4,12,63,60,4,26385409,262,1,93,13499,
866.468,12356.4,51.4876,7.40169,182.589,10.6011,356.924,1,21,-77,-4,12,63,60,4,26385409,262,1,93,13499,
867.468,12366.8,51.4877,7.4017,182.18,10.8551,358.52,1,20,-81,-5,11,59,56,4,26385409,262,1,93,13499,
868.478,12377.4,51.4878,7.4017,181.895,10.9852,359.416,1,20,-81,-5,11,59,56,4,26385409,262,1,93,13499,
869.467,12388.7,51.4879,7.4017,181.815,11.037,359.943,1,17,-83,-5,13,57,54,4,26385409,262,1,93,13499,
870.468,12400.1,51.488,7.40171,181.564,10.937,0.284143,1,17,-83,-5,13,57,54,4,26385409,262,1,93,13499,
871.467,12410.7,51.4881,7.40171,181.209,10.9332,0.190979,1,23,-82,-6,12,58,54,4,26385409,262,1,93,13499,
872.471,12421.5,51.4882,7.40172,180.706,10.8418,0.0734765,1,23,-82,-6,12,58,54,4,26385409,262,1,93,13499,
873.468,12432.5,51.4883,7.40172,180.122,10.687,359.854,1,25,-75,-5,15,65,61,4,26385409,262,1,93,13499,
874.468,12442.6,51.4884,7.40172,179.708,10.5689,359.894,1,25,-75,-5,15,65,61,4,26385409,262,1,93,13499,
875.468,12452.7,51.4885,7.40172,179.284,9.97241,0.0605526,1,25,-75,-5,15,65,61,4,26385409,262,1,93,13499,
876.468,12461.3,51.4885,7.40172,178.791,8.05881,0.725865,1,21,-81,-5,2,59,55,4,26385409,262,1,93,13499,
877.467,12468.6,51.4886,7.40172,178.474,6.75018,0.623564,1,21,-81,-5,2,59,55,4,26385409,262,1,93,13499,
878.468,12473.7,51.4886,7.40171,178.191,4.54634,0.541479,1,18,-80,-6,2,60,55,4,26385409,262,1,93,13499,
879.468,12477.4,51.4887,7.40171,178.198,3.15886,0.314683,1,18,-80,-6,2,60,55,4,26385409,262,1,93,13499,
880.468,12492.6,51.4888,7.40183,179.2,2.43531,359.895,1,18,-78,-6,12,62,57,1,26385409,262,1,93,13499,
881.468,12503.3,51.4887,7.40171,178.199,2.46032,359.739,1,18,-78,-6,12,62,57,1,26385409,262,1,93,13499,
882.472,12505.7,51.4888,7.40171,178.206,2.99054,359.737,1,17,-83,-7,12,57,55,1,26385409,262,1,93,13499,
883.472,12509.3,51.4888,7.40171,178.204,4.12208,358.972,1,17,-83,-7,12,57,55,1,26385409,262,1,93,13499,
884.468,12514.7,51.4888,7.40171,178.064,5.60615,359.89,1,15,-84,-8,12,56,55,1,26385409,262,1,93,13499,
885.468,12520,51.4889,7.40171,177.914,5.60034,359.358,1,15,-84,-8,12,56,55,1,26385409,262,1,93,13499,
886.468,12525.7,51.4889,7.4017,178.032,5.80652,359.184,1,7,-82,-8,11,58,57,1,26385409,262,1,93,13499,
887.467,12531.7,51.489,7.4017,178.07,6.1963,0.159978,1,7,-82,-8,11,58,57,1,26385409,262,1,93,13499,
888.468,12538.7,51.4891,7.4017,178.08,7.31336,0.992461,1,8,-80,-7,6,60,57,2,26385410,262,1,94,13499,
889.468,12546.7,51.4891,7.40171,177.941,8.18634,1.35204,1,8,-80,-7,6,60,57,2,26385410,262,1,94,13499,
890.468,12555.1,51.4892,7.40171,177.473,8.10127,1.23979,1,19,-73,-6,14,67,61,2,26385410,262,1,94,13499,
891.468,12563,51.4893,7.40172,176.791,6.65383,1.8582,1,19,-73,-6,14,67,61,2,26385410,262,1,94,13499,
892.468,12568.5,51.4893,7.40174,176.478,4.91978,17.8477,1,27,-73,-5,15,67,63,2,26385410,262,1,94,13499,
893.468,12574.8,51.4894,7.4018,176.23,5.11534,37.17,1,27,-73,-5,15,67,63,2,26385410,262,1,94,13499,
894.467,12580.9,51.4894,7.40187,175.883,5.49014,57.2052,1,31,-69,-5,15,71,63,2,26385410,262,1,94,13499,
895.468,12587.2,51.4894,7.40196,175.907,6.84476,80.4143,1,31,-69,-5,15,71,63,2,26385410,262,1,94,13499,
896.468,12595.3,51.4894,7.40208,175.796,8.04058,83.486,1,14,-72,-6,15,68,63,2,26385410,262,1,94,13499,
897.468,12603.9,51.4894,7.4022,176.047,9.35734,86.1198,1,14,-72,-6,15,68,63,2,26385410,262,1,94,13499,
898.491,12612.6,51.4894,7.40233,176.521,10.3289,87.8494,1,22,-70,-6,15,70,63,2,26385410,262,1,94,13499,
899.483,12623,51.4894,7.40248,176.967,11.0272,88.695,1,22,-70,-6,15,70,63,2,26385410,262,1,94,13499,
900.468,12623,51.4894,7.40304,nan,12.0262,89.4034,1,22,-70,-6,15,70,63,2,26385410,262,1,94,13499,
901.47,12623,51.4894,7.4028,178.558,12.4556,90.3788,1,25,-76,-6,14,64,61,2,26385410,262,1,94,13499,
902.468,12635.5,51.4894,7.40298,179.142,12.1254,90.7999,1,25,-76,-6,14,64,61,2,26385410,262,1,94,13499,
903.47,12647.5,51.4894,7.40316,179.626,11.8795,90.972,1,25,-74,-7,14,66,63,2,26385410,262,1,94,13499,
904.468,12660,51.4894,7.40334,179.963,11.8296,91.3467,1,25,-74,-7,14,66,63,2,26385410,262,1,94,13499,
905.468,12672.4,51.4894,7.40351,180.229,11.7497,91.2164,1,22,-71,-7,14,69,63,2,26385410,262,1,94,13499,
906.468,12684.6,51.4894,7.40369,180.515,11.9159,90.6183,1,22,-71,-7,14,69,63,2,26385410,262,1,94,13499,
907.468,12696.6,51.4894,7.40387,180.756,12.1821,91.498,1,20,-77,-7,14,63,60,2,26385410,262,1,94,13499,
908.467,12707.7,51.4894,7.40403,180.876,12.4391,90.6393,1,20,-77,-7,14,63,60,2,26385410,262,1,94,13499,
909.468,12720.2,51.4894,7.40421,180.943,12.6258,90.523,1,14,-71,-8,11,69,63,2,26385410,262,1,94,13499,
910.468,12732.7,51.4894,7.40439,181.323,12.4004,90.9048,1,14,-71,-8,11,69,63,2,26385410,262,1,94,13499,
911.468,12744.3,51.4894,7.40455,181.678,12.3422,91.4061,1,25,-70,-6,15,70,63,1,26385408,262,1,95,13499,
912.468,12756.1,51.4894,7.40472,182.161,12.4095,92.3381,1,25,-70,-6,15,70,63,1,26385408,262,1,95,13499,
913.468,12769.1,51.4894,7.40491,182.143,12.181,91.4437,1,26,-70,-5,14,70,63,1,26385408,262,1,95,13499,
914.479,12782.1,51.4894,7.4051,182.076,12.1421,90.0121,1,26,-70,-5,14,70,63,1,26385408,262,1,95,13499,
915.47,12794.6,51.4894,7.40528,182.212,11.8115,89.1142,1,26,-70,-6,14,70,63,1,26385408,262,1,95,13499,
916.467,12806.1,51.4894,7.40545,182.164,11.6763,87.1987,1,26,-70,-6,14,70,63,1,26385408,262,1,95,13499,
917.468,12818.2,51.4894,7.40562,182.056,11.3752,85.3724,1,14,-72,-6,12,68,63,1,26385408,262,1,95,13499,
918.471,12829.3,51.4894,7.40578,182.044,11.4134,84.5276,1,14,-72,-6,12,68,63,1,26385408,262,1,95,13499,
919.468,12840.7,51.4894,7.40594,181.849,11.9439,81.984,1,16,-76,-6,11,64,61,1,26385408,262,1,95,13499,
920.467,12840.7,51.4895,7.40494,nan,12.2049,80.292,1,16,-76,-6,11,64,61,1,26385408,262,1,95,13499,
921.472,12840.7,51.4895,7.40628,181.332,11.9786,79.9152,1,22,-74,-6,11,66,63,1,26385408,262,1,95,13499,
922.486,12853.2,51.4895,7.40645,180.921,11.9219,80.8722,1,22,-74,-6,11,66,63,1,26385408,262,1,95,13499,
923.482,12865.2,51.4895,7.40662,180.234,11.9478,80.3424,1,16,-76,-6,11,64,61,1,26385408,262,1,95,13499,
924.468,12877.4,51.4896,7.40679,179.442,12.1089,79.7403,1,16,-76,-6,11,64,61,1,26385408,262,1,95,13499,
925.468,12890.1,51.4896,7.40697,178.407,12.1232,79.4056,1,16,-76,-6,11,64,61,1,26385408,262,1,95,13499,
926.47,12903.2,51.4896,7.40716,178.086,12.2335,78.8711,1,22,-73,-6,11,67,63,1,26385408,262,1,95,13499,
927.471,12915.6,51.4896,7.40733,177.755,12.0387,78.2303,1,22,-73,-6,11,67,63,1,26385408,262,1,95,13499,
928.472,12927.9,51.4897,7.40751,177.384,12.0527,77.6288,1,10,-75,-6,10,65,62,1,26385408,262,1,95,13499,
929.468,12940.8,51.4897,7.40769,177.158,12.2012,77.9301,1,10,-75,-6,10,65,62,1,26385408,262,1,95,13499,
930.468,12952.5,51.4897,7.40785,176.949,12.1466,78.1372,1,18,-75,-6,11,65,60,1,26385408,262,1,95,13499,
931.468,12964.6,51.4897,7.40802,176.609,12.1632,78.5056,1,18,-75,-6,11,65,60,1,26385408,262,1,95,13499,
932.467,12977.3,51.4898,7.4082,176.077,12.4093,78.3468,1,14,-78,-6,10,62,57,1,26385408,262,1,95,13499,
933.474,12989.9,51.4898,7.40838,175.721,12.4568,77.5786,1,14,-78,-6,10,62,57,1,26385408,262,1,95,13499,
934.468,13002,51.4898,7.40855,175.272,12.6121,77.5334,1,18,-75,-5,11,65,59,1,26385408,262,1,95,13499,
935.468,13016.4,51.4898,7.40875,175.504,12.7459,77.3793,1,18,-75,-5,11,65,59,1,26385408,262,1,95,13499,
936.468,13028.5,51.4898,7.40893,175.441,12.8574,76.9322,1,14,-74,-5,10,66,61,1,26385408,262,1,95,13499,
937.478,13040.3,51.4899,7.40909,175.054,12.7166,77.2755,1,14,-74,-5,10,66,61,1,26385408,262,1,95,13499,
938.468,13052.2,51.4899,7.40926,174.296,12.6936,77.9516,1,17,-74,-5,12,66,61,1,26385408,262,1,95,13499,
939.468,13064.1,51.4899,7.40943,173.192,12.6888,78.3212,1,17,-74,-5,12,66,61,1,26385408,262,1,95,13499,
940.468,13076.8,51.4899,7.40961,171.949,12.5479,77.9781,1,16,-76,-6,10,64,57,1,26385408,262,1,95,13499,
941.467,13088.6,51.49,7.40977,170.963,12.2221,78.2678,1,16,-76,-6,10,64,57,1,26385408,262,1,95,13499,
942.468,13100.7,51.49,7.40994,169.97,11.8993,78.3805,1,19,-78,-5,12,62,60,1,26385408,262,1,95,13499,
943.467,13113.7,51.49,7.41013,169.059,11.8055,78.2161,1,19,-78,-5,12,62,60,1,26385408,262,1,95,13499,
944.468,13125.3,51.49,7.41029,168.318,11.6216,78.5792,1,19,-76,-6,15,64,62,1,26385408,262,1,95,13499,
945.468,13136.4,51.4901,7.41045,167.729,11.4434,78.3722,1,19,-76,-6,15,64,62,1,26385408,262,1,95,13499,
946.468,13147.8,51.4901,7.41061,167.067,11.3133,79.0377,1,15,-84,-6,9,56,54,1,26385408,262,1,95,13499,
947.472,13158.8,51.4901,7.41077,166.399,11.0167,78.0793,1,15,-84,-6,9,56,54,1,26385408,262,1,95,13499,
