0.244,0,51.4501,7.48825,249.377,8.3555,169.773,1,12,-95,-10,10,45,47,6,28371201,262,1,66,13499,
1.413,10.2431,51.45,7.48828,249.271,9.60958,170.106,1,10,-100,-9,8,40,40,6,28371201,262,1,66,13499,
2.405,21.1858,51.4499,7.48831,249.194,10.3046,170.608,1,10,-100,-9,8,40,40,6,28371201,262,1,66,13499,
3.406,32.9416,51.4498,7.48834,249.546,10.3161,171.348,1,11,-98,-9,7,42,43,6,28371201,262,1,66,13499,
4.405,42.8493,51.4497,7.48837,249.988,10.5168,172.219,1,11,-98,-9,7,42,43,6,28371201,262,1,66,13499,
5.412,54.1664,51.4496,7.48839,250.608,11.9981,173.715,1,10,-98,-11,9,42,45,6,28371201,262,1,66,13499,
6.405,66.8746,51.4495,7.4884,251.142,12.4994,175.12,1,10,-98,-11,9,42,45,6,28371201,262,1,66,13499,
7.411,80.3762,51.4494,7.48841,251.803,12.7114,176.732,1,5,-99,-11,7,41,43,6,28371201,262,1,66,13499,
8.402,93.3403,51.4493,7.48841,252.078,13.2503,178,1,5,-99,-11,7,41,43,6,28371201,262,1,66,13499,
9.402,106.504,51.4491,7.48841,252.283,13.7323,179.972,1,1,-100,-12,7,40,43,6,28371201,262,1,66,13499,
10.404,120.882,51.449,7.4884,252.567,14.4197,182.463,1,1,-100,-12,7,40,43,6,28371201,262,1,66,13499,
11.402,136.165,51.4489,7.48838,252.856,13.9707,185.353,1,1,-102,-12,4,38,40,6,28371201,262,1,66,13499,
12.385,149.598,51.4487,7.48835,253.05,14.2569,188.067,1,1,-102,-12,4,38,40,6,28371201,262,1,66,13499,
13.422,163.598,51.4486,7.48831,253.138,14.2003,190.159,1,5,-102,-11,9,38,40,6,28371201,262,1,66,13499,
14.423,177.448,51.4485,7.48826,253.298,13.8767,191.628,1,5,-102,-11,9,38,40,6,28371201,262,1,66,13499,
15.415,192.194,51.4484,7.4882,253.545,13.803,192.644,1,2,-107,-12,6,33,37,6,28371201,262,1,66,13499,
16.397,207.035,51.4482,7.48815,253.693,13.5914,193.549,1,2,-107,-12,6,33,37,6,28371201,262,1,66,13499,
17.4,221.072,51.4481,7.4881,253.546,13.4307,193.323,1,-3,-112,-15,2,28,34,6,28371201,262,1,66,13499,
18.411,234.381,51.448,7.48805,253.595,13.7837,192.472,1,-3,-112,-15,2,28,34,6,28371201,262,1,66,13499,
19.395,248.211,51.4479,7.48799,253.688,13.8401,191.945,1,-3,-112,-15,2,28,34,6,28371201,262,1,66,13499,
20.398,261.69,51.4478,7.48795,253.888,13.0538,191.254,1,6,-105,-9,2,35,35,6,27771909,262,1,151,13499,
21.402,271.998,51.4477,7.48793,254.061,12.5222,188.99,1,6,-105,-9,2,35,35,6,27771909,262,1,151,13499,
22.421,284.248,51.4476,7.4879,254.267,13.1187,187.489,1,2,-105,-9,2,35,35,6,27771909,262,1,151,13499,
23.405,296.097,51.4475,7.48789,254.324,12.7736,185.417,1,2,-105,-9,2,35,35,6,27771909,262,1,151,13499,
24.395,308.912,51.4473,7.48788,254.686,12.867,182.767,1,8,-106,-10,2,34,36,6,27771909,262,1,151,13499,
25.401,321.745,51.4472,7.48788,255.015,12.9956,179.416,1,8,-106,-10,2,34,36,6,27771909,262,1,151,13499,
26.434,334.853,51.4471,7.48789,255.578,12.7302,177.147,1,7,-103,-8,2,37,36,6,27771909,262,1,151,13499,
27.406,348.133,51.447,7.48792,256.049,13.5388,173.744,1,7,-103,-8,2,37,36,6,27771909,262,1,151,13499,
28.406,362.939,51.4469,7.48797,256.689,14.1375,171.016,1,2,-105,-9,8,35,35,7,27771909,262,1,151,13499,
29.423,377.919,51.4467,7.48803,257.539,13.8456,167.726,1,2,-105,-9,8,35,35,7,27771909,262,1,151,13499,
30.392,392.384,51.4466,7.4881,258.234,13.5542,164.661,1,-1,-107,-11,5,33,35,7,27771909,262,1,151,13499,
31.396,405.568,51.4465,7.48817,259.105,13.2747,161.511,1,-1,-107,-11,5,33,35,7,27771909,262,1,151,13499,
32.382,419.769,51.4464,7.48826,259.836,14.3103,157.945,1,-5,-106,-13,6,34,39,7,27771909,262,1,151,13499,
33.418,434.812,51.4463,7.48836,260.265,14.543,154.456,1,-5,-106,-13,6,34,39,7,27771909,262,1,151,13499,
34.4,450.083,51.4462,7.48848,260.992,14.2756,151.39,1,-5,-105,-15,5,35,41,13,28371201,262,1,151,13499,
35.397,465.976,51.446,7.48861,261.641,14.4911,148.539,1,-5,-105,-15,5,35,41,13,28371201,262,1,151,13499,
36.4,481.314,51.4459,7.48875,262.459,14.8688,145.268,1,1,-103,-10,6,37,39,13,28371201,262,1,66,13499,
37.401,496.494,51.4458,7.48889,263.417,15.0356,141.987,1,1,-103,-10,6,37,39,13,28371201,262,1,66,13499,
38.406,512.098,51.4457,7.48906,264.828,15.0289,138.593,1,4,-104,-10,8,36,37,13,28371201,262,1,66,13499,
39.405,528.717,51.4456,7.48924,266.172,15.1757,135.634,1,4,-104,-10,8,36,37,13,28371201,262,1,66,13499,
40.4,544.953,51.4455,7.48942,267.382,15.2222,133.08,1,10,-102,-9,11,38,39,13,28371201,262,1,66,13499,
41.392,560.82,51.4455,7.48961,268.239,15.0187,131.184,1,10,-102,-9,11,38,39,13,28371201,262,1,66,13499,
42.394,575.127,51.4454,7.48977,268.956,14.1308,129.631,1,10,-102,-9,11,38,39,13,28371201,262,1,66,13499,
43.398,589.141,51.4453,7.48994,269.565,14.0271,128.675,1,7,-102,-8,9,38,38,13,28371201,262,1,66,13499,
44.417,602.651,51.4452,7.4901,270.147,13.711,127.978,1,7,-102,-8,9,38,38,13,28371201,262,1,66,13499,
45.409,615.937,51.4452,7.49026,270.726,13.122,127.779,1,4,-106,-10,6,34,35,13,28371201,262,1,66,13499,
46.422,628.705,51.4451,7.49041,271.251,12.5868,127.361,1,4,-106,-10,6,34,35,13,28371201,262,1,66,13499,
47.402,640.66,51.4451,7.49056,271.821,11.702,126.826,1,21,-104,-9,9,36,36,13,28371201,262,1,66,13499,
48.405,651.06,51.445,7.49068,272.343,9.83988,127.501,1,21,-104,-9,9,36,36,13,28371201,262,1,66,13499,
49.396,659.409,51.445,7.49078,272.882,8.45947,127.04,1,3,-108,-10,8,32,33,13,28371201,262,1,66,13499,
50.408,667.835,51.4449,7.49088,273.421,7.18762,126.702,1,3,-108,-10,8,32,33,13,28371201,262,1,66,13499,
51.406,675.258,51.4449,7.49098,274.077,6.07181,126.437,1,2,-107,-10,5,33,34,13,28371201,262,1,66,13499,
52.415,680.049,51.4449,7.49104,274.157,4.12924,127.198,1,2,-107,-10,5,33,34,13,28371201,262,1,66,13499,
53.404,683.209,51.4449,7.49108,274.237,2.78142,126.344,1,4,-109,-10,2,31,33,13,28371201,262,1,66,13499,
54.408,685.235,51.4448,7.49111,274.314,2.01464,126.734,1,4,-109,-10,2,31,33,13,28371201,262,1,66,13499,
55.41,687.436,51.4448,7.49114,274.38,1.94327,126.343,1,4,-107,-8,2,33,33,13,28371201,262,1,66,13499,
56.41,689.347,51.4448,7.49117,274.461,2.03457,126.57,1,4,-107,-8,2,33,33,13,28371201,262,1,66,13499,
57.394,692.419,51.4448,7.4912,274.532,3.22841,127.292,1,4,-109,-10,2,31,32,13,28371201,262,1,66,13499,
58.42,696.589,51.4448,7.49126,275.286,4.57812,126.607,1,4,-109,-10,2,31,32,13,28371201,262,1,66,13499,
59.398,702.409,51.4448,7.49132,275.659,6.46939,127.084,1,-1,-111,-11,2,29,31,13,28371201,262,1,66,13499,
60.401,708.681,51.4447,7.4914,275.96,6.42739,126.683,1,-1,-111,-11,2,29,31,13,28371201,262,1,66,13499,
61.398,715.019,51.4447,7.49147,276.338,6.73134,126.567,1,-2,-111,-11,2,29,31,13,28371201,262,1,66,13499,
62.392,721.91,51.4447,7.49155,276.637,6.95273,127.049,1,-2,-111,-11,2,29,31,13,28371201,262,1,66,13499,
63.409,728.445,51.4446,7.49163,276.761,6.66735,125.831,1,2,-111,-11,2,29,33,13,27771907,262,1,150,13499,
64.404,734.371,51.4446,7.49169,276.1,6.11157,139.168,1,2,-111,-11,2,29,33,13,27771907,262,1,150,13499,
65.414,741.394,51.4445,7.49171,275.662,6.03132,168.805,1,7,-110,-11,2,30,33,13,27771907,262,1,150,13499,
66.408,745.991,51.4445,7.49172,275.302,6.33786,189.853,1,7,-110,-11,2,30,33,13,27771907,262,1,150,13499,
67.405,753.509,51.4444,7.49168,275.13,7.1426,207.722,1,7,-110,-11,2,30,33,13,27771907,262,1,150,13499,
68.405,762.82,51.4444,7.49161,275.394,8.36962,210.02,1,16,-105,-8,2,35,35,13,27771907,262,1,150,13499,
69.41,772.404,51.4443,7.49153,276.092,8.89384,212.325,1,16,-105,-8,2,35,35,13,27771907,262,1,150,13499,
70.392,783.093,51.4442,7.49145,276.735,10.4028,213.498,1,13,-99,-7,2,41,40,13,27771907,262,1,150,13499,
71.391,795.001,51.4441,7.49135,277.113,11.3856,214.004,1,13,-99,-7,2,41,40,13,27771907,262,1,150,13499,
72.409,807.952,51.444,7.49124,277.177,12.0595,214.41,1,21,-94,-6,2,46,44,13,27771907,262,1,150,13499,
73.397,819.641,51.4439,7.49114,277.332,12.5299,214.762,1,21,-94,-6,2,46,44,13,27771907,262,1,150,13499,
74.398,832.631,51.4438,7.49103,277.539,13.5481,214.483,1,22,-93,-7,2,47,45,13,27771907,262,1,150,13499,
75.41,845.53,51.4437,7.49093,277.518,13.9995,215.131,1,22,-93,-7,2,47,45,13,27771907,262,1,150,13499,
76.4,860.066,51.4436,7.4908,277.316,14.136,215.493,1,32,-85,-6,2,55,53,13,27771907,262,1,150,13499,
77.384,874.802,51.4435,7.49068,277.074,14.5607,216.195,1,32,-85,-6,2,55,53,13,27771907,262,1,150,13499,
78.414,889.222,51.4434,7.49056,277.223,14.9059,216.322,1,29,-74,-6,15,66,63,4,27771907,262,1,150,13499,
79.523,905.055,51.4433,7.49042,277.679,15.3907,216.196,1,29,-74,-6,15,66,63,4,27771907,262,1,150,13499,
80.407,920.598,51.4432,7.49029,278.142,15.711,216.826,1,20,-89,-6,14,51,49,4,27771907,262,1,150,13499,
81.392,937.201,51.4431,7.49016,278.579,16.0203,217.136,1,20,-89,-6,14,51,49,4,27771907,262,1,150,13499,
82.415,953.951,51.443,7.49001,279.153,15.9657,216.976,1,22,-87,-6,15,53,50,4,27771907,262,1,150,13499,
83.41,969.461,51.4428,7.48988,279.568,15.7469,216.276,1,22,-87,-6,15,53,50,4,27771907,262,1,150,13499,
84.411,984.085,51.4427,7.48975,279.614,14.6911,217.592,1,25,-80,-5,15,60,57,4,27771907,262,1,150,13499,
85.411,998.634,51.4426,7.48962,279.634,14.9748,216.849,1,25,-80,-5,15,60,57,4,27771907,262,1,150,13499,
86.427,1013.79,51.4425,7.48949,279.746,14.8981,215.815,1,31,-77,-5,15,63,60,4,27771907,262,1,150,13499,
87.411,1028.81,51.4424,7.48936,280.255,14.5148,216.415,1,31,-77,-5,15,63,60,4,27771907,262,1,150,13499,
88.413,1043.17,51.4423,7.48924,280.842,14.1596,215.996,1,24,-72,-5,15,68,63,4,27771907,262,1,150,13499,
89.412,1056.79,51.4422,7.48912,281.15,13.7271,216.435,1,24,-72,-5,15,68,63,4,27771907,262,1,150,13499,
90.403,1070.73,51.4421,7.489,281.566,15.1829,216.787,1,24,-72,-5,15,68,63,4,27771907,262,1,150,13499,
91.407,1083.81,51.442,7.48888,281.887,13.9192,218.731,1,25,-75,-5,15,65,62,4,27771907,262,1,150,13499,
92.404,1096.69,51.4419,7.48876,281.417,14.4225,220.366,1,25,-75,-5,15,65,62,4,27771907,262,1,150,13499,
93.411,1110.48,51.4419,7.48862,280.749,14.3312,222.514,1,35,-60,-4,15,80,63,4,27771907,262,1,150,13499,
94.419,1124.68,51.4418,7.48847,280.091,14.1053,224.607,1,35,-60,-4,15,80,63,4,27771907,262,1,150,13499,
95.391,1139.13,51.4417,7.48832,279.382,13.999,226.735,1,32,-64,-4,15,76,63,4,27771907,262,1,150,13499,
96.41,1153.47,51.4416,7.48816,278.578,14.2806,228.332,1,32,-64,-4,15,76,63,4,27771907,262,1,150,13499,
97.411,1168.89,51.4415,7.48798,278.22,14.7808,229.34,1,27,-66,-5,15,74,63,4,27771907,262,1,150,13499,
98.403,1183.97,51.4414,7.48781,278.066,15.0886,230.474,1,27,-66,-5,15,74,63,4,27771907,262,1,150,13499,
99.397,1198.54,51.4413,7.48764,277.757,15.3536,231.024,1,25,-73,-5,15,67,63,4,27771907,262,1,150,13499,
100.402,1213.69,51.4413,7.48747,277.377,15.4465,231.861,1,25,-73,-5,15,67,63,4,27771907,262,1,150,13499,
101.426,1229.23,51.4412,7.48728,277.112,15.192,231.652,1,17,-81,-6,15,59,57,4,27771907,262,1,150,13499,
102.406,1244.12,51.4411,7.48711,276.825,15.0144,231,1,17,-81,-6,15,59,57,4,27771907,262,1,150,13499,
103.407,1259.73,51.441,7.48692,276.978,15.0344,231.4,1,13,-80,-6,12,60,56,4,27771907,262,1,150,13499,
104.418,1276.19,51.4409,7.48673,277.089,15.1298,231.847,1,13,-80,-6,12,60,56,4,27771907,262,1,150,13499,
105.399,1291.79,51.4409,7.48655,277.465,15.8168,232.516,1,5,-87,-10,10,53,54,4,27771907,262,1,150,13499,
106.409,1307.2,51.4408,7.48637,277.901,15.6954,231.996,1,5,-87,-10,10,53,54,4,27771907,262,1,150,13499,
107.413,1321.32,51.4407,7.48621,278.348,15.7413,232.697,1,3,-81,-8,6,59,58,1,27771908,262,1,152,13499,
108.417,1336.36,51.4406,7.48603,279.155,14.852,233.759,1,3,-81,-8,6,59,58,1,27771908,262,1,152,13499,
109.4,1352.26,51.4405,7.48584,279.824,15.3063,232.982,1,18,-79,-6,15,61,58,1,27771908,262,1,152,13499,
110.403,1366.4,51.4405,7.48567,279.565,15.5382,233.528,1,18,-79,-6,15,61,58,1,27771908,262,1,152,13499,
111.396,1381.86,51.4404,7.48549,279.069,15.3089,233.868,1,20,-76,-6,15,64,62,1,27771908,262,1,152,13499,
112.397,1397.91,51.4403,7.4853,279.287,15.4612,234.501,1,20,-76,-6,15,64,62,1,27771908,262,1,152,13499,
113.403,1412.35,51.4402,7.48513,279.013,15.6935,233.677,1,27,-74,-6,15,66,63,1,27771908,262,1,152,13499,
114.414,1428.43,51.4401,7.48494,278.878,16.4894,233.301,1,27,-74,-6,15,66,63,1,27771908,262,1,152,13499,
115.443,1444.72,51.4401,7.48475,279.526,16.4493,234.286,1,31,-72,-6,15,68,63,1,27771908,262,1,152,13499,
116.397,1461.83,51.44,7.48455,279.978,16.2972,233.843,1,31,-72,-6,15,68,63,1,27771908,262,1,152,13499,
117.414,1477.96,51.4399,7.48437,280.267,15.9813,233.395,1,31,-69,-6,15,71,63,1,27771908,262,1,152,13499,
118.42,1493.59,51.4398,7.48419,280.648,15.9397,233.76,1,31,-69,-6,15,71,63,1,27771908,262,1,152,13499,
119.408,1509.4,51.4397,7.484,280.644,16.4159,233.395,1,31,-69,-6,15,71,63,1,27771908,262,1,152,13499,
120.398,1525.67,51.4396,7.48382,280.665,17.43,232.273,1,26,-67,-7,15,73,63,1,27771908,262,1,152,13499,
121.408,1540.89,51.4395,7.48364,279.985,16.5764,233.186,1,26,-67,-7,15,73,63,1,27771908,262,1,152,13499,
122.401,1555.27,51.4395,7.48346,279.929,15.4943,234.456,1,33,-70,-5,15,70,63,1,27771908,262,1,152,13499,
123.421,1571.2,51.4394,7.48328,279.521,15.7151,235.082,1,33,-70,-5,15,70,63,1,27771908,262,1,152,13499,
124.416,1587.51,51.4393,7.48307,279.588,16.1218,235.796,1,31,-74,-5,15,66,61,1,27771908,262,1,152,13499,
125.399,1603.35,51.4392,7.48288,279.853,16.5534,236.744,1,31,-74,-5,15,66,61,1,27771908,262,1,152,13499,
126.424,1618.43,51.4392,7.48268,280.087,15.8172,237.374,1,29,-77,-5,15,63,58,1,27771908,262,1,152,13499,
127.389,1635.4,51.4391,7.48247,280.068,16.2664,238.552,1,29,-77,-5,15,63,58,1,27771908,262,1,152,13499,
128.399,1652.13,51.439,7.48226,280.135,16.2165,238.9,1,32,-81,-5,15,59,54,1,27771908,262,1,152,13499,
129.417,1668.74,51.439,7.48205,280.104,16.9777,237.695,1,32,-81,-5,15,59,54,1,27771908,262,1,152,13499,
130.41,1684.99,51.4389,7.48185,280.346,15.7719,239.184,1,25,-85,-5,15,55,52,1,27771908,262,1,152,13499,
131.421,1701.42,51.4388,7.48164,280.462,16.067,240.699,1,25,-85,-5,15,55,52,1,27771908,262,1,152,13499,
132.391,1718.48,51.4387,7.48142,280.347,17.3191,239.946,1,14,-94,-6,12,46,43,1,27771908,262,1,152,13499,
133.392,1735.37,51.4387,7.4812,280.007,17.3839,239.245,1,14,-94,-6,12,46,43,1,27771908,262,1,152,13499,
134.396,1752.7,51.4386,7.48099,279.845,17.5917,239.647,1,19,-93,-6,2,47,42,1,27771908,262,1,152,13499,
135.416,1768.88,51.4385,7.48078,279.231,16.9847,240.602,1,19,-93,-6,2,47,42,1,27771908,262,1,152,13499,
136.397,1768.88,51.4372,7.48105,nan,16.9941,240.021,1,18,-94,-6,2,46,42,1,27771908,262,1,152,13499,
137.438,1768.88,51.4384,7.48035,279.05,17.1936,239.993,1,18,-94,-6,2,46,42,1,27771908,262,1,152,13499,
138.406,1786.78,51.4383,7.48012,279.026,17.378,239.631,1,17,-98,-6,10,42,38,7,27771908,262,1,152,13499,
139.402,1803.13,51.4382,7.47991,278.659,16.1718,240.382,1,17,-98,-6,10,42,38,7,27771908,262,1,152,13499,
140.416,1817.96,51.4382,7.47972,278.542,15.8714,240.223,1,14,-101,-6,9,39,36,7,27771908,262,1,152,13499,
141.398,1833.96,51.4381,7.47951,278.754,15.3616,240.561,1,14,-101,-6,9,39,36,7,27771908,262,1,152,13499,
142.421,1849.9,51.4381,7.47931,279.098,16.6772,239.677,1,12,-103,-7,11,37,35,7,27771908,262,1,152,13499,
143.403,1866.61,51.438,7.4791,279.018,16.4158,239.122,1,12,-103,-7,11,37,35,7,27771908,262,1,152,13499,
144.395,1881.07,51.4379,7.47891,278.741,13.9005,240.327,1,9,-103,-7,7,37,36,7,27771908,262,1,152,13499,
145.396,1897.41,51.4379,7.4787,279.037,14.5629,241.083,1,9,-103,-7,7,37,36,7,27771908,262,1,152,13499,
146.406,1912.96,51.4378,7.4785,279.112,15.279,241.434,1,3,-104,-9,9,36,37,7,27771908,262,1,152,13499,
147.408,1927.82,51.4377,7.4783,278.708,14.0043,242.598,1,3,-104,-9,9,36,37,7,27771908,262,1,152,13499,
148.415,1943.01,51.4377,7.47811,278.729,16.1162,241.626,1,10,-106,-10,6,34,35,7,27771908,262,1,152,13499,
149.403,1958.95,51.4376,7.4779,278.547,16.8458,240.921,1,10,-106,-10,6,34,35,7,27771908,262,1,152,13499,
150.407,1974.02,51.4375,7.47771,278.217,16.6995,240.479,1,10,-106,-10,6,34,35,7,27771908,262,1,152,13499,
151.411,1989.97,51.4375,7.47751,278.047,15.5699,241.231,1,4,-107,-9,9,33,33,7,27771908,262,1,152,13499,
152.396,2004.84,51.4374,7.47732,277.468,15.7111,241.119,1,4,-107,-9,9,33,33,7,27771908,262,1,152,13499,
153.416,2019.16,51.4374,7.47713,276.481,13.4242,243.365,1,5,-108,-9,9,32,32,7,27771908,262,1,152,13499,
154.406,2031.32,51.4373,7.47697,276.104,12.3863,244.656,1,5,-108,-9,9,32,32,7,27771908,262,1,152,13499,
155.389,2043.37,51.4373,7.4768,275.698,11.1496,247.468,1,13,-106,-7,7,34,32,7,27771908,262,1,152,13499,
156.417,2043.37,51.4372,7.48105,nan,10.3974,260.649,1,13,-106,-7,7,34,32,7,27771908,262,1,152,13499,
157.397,2043.37,51.4373,7.47648,274.606,10.0963,273.98,1,10,-105,-7,2,35,33,7,27771908,262,1,152,13499,
158.412,2054.75,51.4373,7.47632,273.998,9.93284,290.276,1,10,-105,-7,2,35,33,7,27771908,262,1,152,13499,
159.409,2065.58,51.4374,7.47619,273.162,9.05248,309.527,1,15,-103,-6,2,37,34,7,27771908,262,1,152,13499,
160.406,2074.33,51.4374,7.47613,272.561,8.84673,335.542,1,15,-103,-6,2,37,34,7,27771908,262,1,152,13499,
161.397,2082.7,51.4375,7.47611,272.155,8.89693,354.128,1,21,-101,-6,2,39,36,7,27771908,262,1,152,13499,
162.394,2091.48,51.4376,7.47616,272.342,9.64234,23.9656,1,21,-101,-6,2,39,36,7,27771908,262,1,152,13499,
163.392,2099.73,51.4376,7.47624,272.984,9.64577,46.7512,1,33,-97,-5,2,43,39,7,27771908,262,1,152,13499,
164.408,2109.23,51.4377,7.47635,274.151,10.7304,48.6208,1,33,-97,-5,2,43,39,7,27771908,262,1,152,13499,
165.416,2120.45,51.4378,7.47647,275.323,11.9232,49.3133,1,31,-91,-5,2,49,45,7,27771908,262,1,152,13499,
166.411,2132.55,51.4378,7.4766,276.335,12.9291,50.4844,1,31,-91,-5,2,49,45,7,27771908,262,1,152,13499,
167.396,2144.73,51.4379,7.47674,277.801,14.1253,51.719,1,31,-80,-5,2,60,57,7,27771908,262,1,152,13499,
168.399,2159.77,51.438,7.47691,278.905,15.0155,52.5156,1,31,-80,-5,2,60,57,7,27771908,262,1,152,13499,
169.405,2174.82,51.438,7.47711,280.054,16.0509,53.5314,1,32,-80,-5,2,60,56,7,27771908,262,1,152,13499,
170.408,2191.87,51.4381,7.47731,280.811,17.0934,54.0054,1,32,-80,-5,2,60,56,7,27771908,262,1,152,13499,
171.404,2209.83,51.4382,7.47752,281.184,17.9816,54.7737,1,31,-79,-5,2,61,58,7,27771908,262,1,152,13499,
172.402,2229.15,51.4383,7.47775,281.555,18.7387,55.3878,1,31,-79,-5,2,61,58,7,27771908,262,1,152,13499,
173.427,2248.68,51.4384,7.47798,281.955,19.4435,56.3307,1,31,-80,-6,15,60,58,8,27771908,262,1,152,13499,
174.398,2268.15,51.4385,7.47822,282.295,20.0349,55.9657,1,31,-80,-6,15,60,58,8,27771908,262,1,152,13499,
175.391,2289.87,51.4386,7.47848,282.704,21.06,56.2652,1,40,-83,-5,14,57,53,8,27771908,262,1,152,13499,
176.405,2289.87,51.4372,7.48105,nan,21.373,56.2355,1,40,-83,-5,14,57,53,8,27771908,262,1,152,13499,
177.416,2289.87,51.4388,7.47898,284.68,22.0037,55.337,1,39,-85,-4,15,55,52,8,27771908,262,1,152,13499,
178.405,2312.47,51.439,7.47925,285.768,22.3238,54.8734,1,39,-85,-4,15,55,52,8,27771908,262,1,152,13499,
179.4,2336.1,51.4391,7.47953,286.738,23.3115,55.1638,1,39,-85,-4,15,55,52,8,27771908,262,1,152,13499,
180.386,2360.02,51.4392,7.47981,287.75,23.2248,54.8333,1,28,-86,-5,14,54,52,8,27771908,262,1,152,13499,
181.419,2383.66,51.4393,7.48009,288.67,22.9834,55.2254,1,28,-86,-5,14,54,52,8,27771908,262,1,152,13499,
182.39,2406.33,51.4394,7.48036,289.23,22.575,54.8808,1,27,-88,-5,14,52,49,8,27771908,262,1,152,13499,
183.396,2428.19,51.4396,7.48062,289.431,22.3129,54.114,1,27,-88,-5,14,52,49,8,27771908,262,1,152,13499,
184.386,2449.12,51.4397,7.48087,289.129,22.0974,53.9751,1,34,-89,-5,14,51,48,8,27771908,262,1,152,13499,
185.391,2471.25,51.4398,7.48113,289.028,21.7337,53.0535,1,34,-89,-5,14,51,48,8,27771908,262,1,152,13499,
186.395,2490.54,51.4399,7.48136,288.019,21.857,51.9707,1,27,-88,-5,14,52,49,8,27771908,262,1,152,13499,
187.4,2511.31,51.44,7.48159,286.625,21.9009,48.4135,1,27,-88,-5,14,52,49,8,27771908,262,1,152,13499,
188.43,2533.12,51.4401,7.48182,285.028,22.2831,46.8056,1,35,-86,-6,14,54,52,8,27771908,262,1,152,13499,
189.405,2555.42,51.4403,7.48205,283.567,22.0225,45.554,1,35,-86,-6,14,54,52,8,27771908,262,1,152,13499,
190.417,2577.8,51.4404,7.48228,282.306,21.7758,45.1355,1,23,-85,-6,2,55,52,8,27771908,262,1,152,13499,
191.398,2600.42,51.4406,7.4825,281.351,22.0055,42.8088,1,23,-85,-6,2,55,52,8,27771908,262,1,152,13499,
192.411,2622.86,51.4407,7.48271,280.641,21.8662,40.8778,1,25,-85,-7,2,55,53,8,27771908,262,1,152,13499,
193.358,2644.31,51.4409,7.48291,279.891,22.0063,40.343,1,25,-85,-7,2,55,53,8,27771908,262,1,152,13499,
194.391,2666,51.441,7.48311,279.434,21.9976,38.7928,1,22,-83,-6,13,57,53,3,27771908,262,1,152,13499,
195.531,2687.57,51.4412,7.48331,279.106,21.764,37.1976,1,22,-83,-6,13,57,53,3,27771908,262,1,152,13499,
196.397,2687.57,51.4372,7.48105,nan,21.5843,36.9532,1,16,-84,-5,12,56,53,3,27771908,262,1,152,13499,
197.396,2687.57,51.4415,7.48367,279.084,21.7706,35.3299,1,16,-84,-5,12,56,53,3,27771908,262,1,152,13499,
198.407,2708.94,51.4416,7.48386,278.903,21.6846,34.556,1,20,-86,-6,11,54,51,3,27771908,262,1,152,13499,
199.418,2731.31,51.4418,7.48403,278.682,22.1263,30.9205,1,20,-86,-6,11,54,51,3,27771908,262,1,152,13499,
200.41,2753.29,51.442,7.48419,278.276,22.0117,28.7947,1,13,-89,-9,11,51,50,3,27771908,262,1,152,13499,
201.404,2775.42,51.4421,7.48435,277.915,22.1565,28.149,1,13,-89,-9,11,51,50,3,27771908,262,1,152,13499,
202.409,2798.07,51.4423,7.48451,277.138,22.4206,27.6901,1,9,-86,-7,6,54,51,1,27771909,262,1,151,13499,
203.413,2819.87,51.4425,7.48465,275.898,22.7484,26.2551,1,9,-86,-7,6,54,51,1,27771909,262,1,151,13499,
204.407,2842.13,51.4427,7.4848,274.703,23.0043,25.8221,1,15,-83,-6,14,57,53,1,27771909,262,1,151,13499,
205.403,2864.81,51.4428,7.48494,273.756,23.3877,24.6817,1,15,-83,-6,14,57,53,1,27771909,262,1,151,13499,
206.418,2887.98,51.443,7.48507,272.907,23.4622,24.0872,1,15,-83,-6,14,57,53,1,27771909,262,1,151,13499,
207.412,2911.67,51.4432,7.48521,272.083,23.2557,23.5181,1,27,-76,-5,14,64,62,1,27771909,262,1,151,13499,
208.405,2934.69,51.4434,7.48534,271.358,22.5605,23.0427,1,27,-76,-5,14,64,62,1,27771909,262,1,151,13499,
209.416,2956.17,51.4436,7.48545,270.595,21.1483,22.4076,1,21,-81,-5,14,59,55,1,27771909,262,1,151,13499,
210.394,2978.12,51.4438,7.48557,270.262,20.3803,21.9341,1,21,-81,-5,14,59,55,1,27771909,262,1,151,13499,
211.398,2998.09,51.444,7.48567,270.152,19.0065,21.4607,1,31,-65,-4,15,75,63,1,27771909,262,1,151,13499,
212.413,3015.84,51.4441,7.48576,270.177,17.0856,21.017,1,31,-65,-4,15,75,63,1,27771909,262,1,151,13499,
213.406,3030.9,51.4442,7.48584,270.116,15.0033,21.6776,1,33,-63,-5,15,77,63,1,27771909,262,1,151,13499,
214.406,3045.07,51.4444,7.48591,270.004,12.4559,22.9039,1,33,-63,-5,15,77,63,1,27771909,262,1,151,13499,
215.401,3057.92,51.4445,7.486,269.638,12.6711,25.3883,1,32,-69,-5,15,71,63,1,27771909,262,1,151,13499,
216.403,3057.92,51.4444,7.4809,nan,12.9183,29.1417,1,32,-69,-5,15,71,63,1,27771909,262,1,151,13499,
217.416,3057.92,51.4446,7.48623,268.694,12.5753,48.0762,1,31,-72,-4,2,68,63,1,27771909,262,1,151,13499,
218.403,3070.18,51.4447,7.48638,268.17,12.5229,51.7005,1,31,-72,-4,2,68,63,1,27771909,262,1,151,13499,
219.405,3082.92,51.4447,7.48655,267.851,12.4675,73.2166,1,28,-75,-5,2,65,61,1,27771909,262,1,151,13499,
220.415,3095.38,51.4447,7.48673,267.33,12.5657,86.5472,1,28,-75,-5,2,65,61,1,27771909,262,1,151,13499,
221.408,3108.16,51.4447,7.48692,266.817,12.8507,102.144,1,24,-77,-5,2,63,59,1,27771909,262,1,151,13499,
222.413,3121.74,51.4447,7.48709,266.258,13.1958,116.458,1,24,-77,-5,2,63,59,1,27771909,262,1,151,13499,
223.413,3134.83,51.4446,7.48725,265.42,13.0242,129.424,1,25,-79,-5,2,61,58,1,27771909,262,1,151,13499,
224.418,3147.07,51.4445,7.48736,264.69,12.9206,143.983,1,25,-79,-5,2,61,58,1,27771909,262,1,151,13499,
225.386,3160.17,51.4444,7.48744,264.301,13.198,158.249,1,25,-79,-5,2,61,58,1,27771909,262,1,151,13499,
226.395,3173.11,51.4443,7.48747,264.061,13.1083,172.673,1,30,-79,-6,2,61,57,1,27771909,262,1,151,13499,
227.436,3186.14,51.4442,7.48749,264.023,13.1805,176.234,1,30,-79,-6,2,61,57,1,27771909,262,1,151,13499,
228.42,3199.9,51.4441,7.48743,263.852,13.5317,202.394,1,31,-71,-5,2,69,63,1,27771909,262,1,151,13499,
229.416,3212.62,51.444,7.48734,264.112,13.6502,215.578,1,31,-71,-5,2,69,63,1,27771909,262,1,151,13499,
230.397,3225.1,51.4439,7.4872,264.37,13.8161,231.899,1,30,-69,-5,2,71,63,1,27771909,262,1,151,13499,
231.419,3238.19,51.4438,7.48704,264.301,13.8841,245.115,1,30,-69,-5,2,71,63,1,27771909,262,1,151,13499,
232.416,3252.25,51.4438,7.48684,263.917,14.2877,259.913,1,24,-80,-5,14,60,56,2,27771909,262,1,151,13499,
233.407,3266.25,51.4438,7.48664,263.607,14.8214,262.794,1,24,-80,-5,14,60,56,2,27771909,262,1,151,13499,
234.387,3281.59,51.4438,7.48642,263.766,15.7767,264.901,1,28,-82,-6,14,58,54,2,27771909,262,1,151,13499,
235.409,3297.24,51.4437,7.48619,264.162,16.1675,265.987,1,28,-82,-6,14,58,54,2,27771909,262,1,151,13499,
236.397,3297.24,51.4444,7.4809,nan,17.4595,266.53,1,25,-80,-6,15,60,57,2,27771909,262,1,151,13499,
237.382,3297.24,51.4437,7.48569,265.299,18.2443,267.552,1,25,-80,-6,15,60,57,2,27771909,262,1,151,13499,
238.382,3316.44,51.4437,7.48541,265.94,17.9615,268.327,1,23,-79,-5,15,61,55,2,27771909,262,1,151,13499,
239.392,3335.6,51.4437,7.48513,265.667,18.9662,269.51,1,23,-79,-5,15,61,55,2,27771909,262,1,151,13499,
240.396,3354.69,51.4437,7.48486,265.319,18.866,269.477,1,23,-88,-6,14,52,50,2,27771909,262,1,151,13499,
241.394,3375.44,51.4437,7.48456,265.581,21.3021,269.081,1,23,-88,-6,14,52,50,2,27771909,262,1,151,13499,
242.412,3398.18,51.4437,7.48423,266.003,22.0901,268.293,1,33,-75,-5,15,65,59,2,27771909,262,1,151,13499,
243.397,3419.85,51.4437,7.48392,266.503,22.2903,268.29,1,33,-75,-5,15,65,59,2,27771909,262,1,151,13499,
244.38,3442.48,51.4437,7.48359,267.029,22.4667,268.205,1,32,-67,-5,14,73,63,2,27771909,262,1,151,13499,
245.406,3466.35,51.4437,7.48325,267.355,22.6585,268.041,1,32,-67,-5,14,73,63,2,27771909,262,1,151,13499,
246.416,3489.33,51.4437,7.48291,267.838,22.9304,267.479,1,26,-77,-5,15,63,59,2,27771909,262,1,151,13499,
247.483,3511.88,51.4437,7.48259,268.413,23.0235,267.249,1,26,-77,-5,15,63,59,2,27771909,262,1,151,13499,
248.399,3534.9,51.4437,7.48226,268.927,22.8394,266.885,1,26,-77,-5,15,63,59,2,27771909,262,1,151,13499,
249.405,3557.49,51.4437,7.48193,269.306,22.6208,266.232,1,25,-81,-6,14,59,54,4,27771909,262,1,151,13499,
250.403,3579.85,51.4436,7.48161,269.47,22.7559,266.137,1,25,-81,-6,14,59,54,4,27771909,262,1,151,13499,
251.399,3603.14,51.4436,7.48127,269.438,22.9619,266.344,1,23,-87,-5,13,53,49,4,27771909,262,1,151,13499,
252.394,3626.55,51.4436,7.48094,269.334,23.4267,266.202,1,23,-87,-5,13,53,49,4,27771909,262,1,151,13499,
253.392,3649.72,51.4436,7.4806,269.029,23.4987,265.543,1,22,-87,-5,12,53,49,4,27771909,262,1,151,13499,
254.397,3673.86,51.4436,7.48026,268.937,23.52,265.129,1,22,-87,-5,12,53,49,4,27771909,262,1,151,13499,
255.41,3697.38,51.4436,7.47992,268.796,24.0332,263.433,1,10,-89,-5,12,51,47,4,27771909,262,1,151,13499,
256.408,3697.38,51.4444,7.4809,nan,24.1016,262.59,1,10,-89,-5,12,51,47,4,27771909,262,1,151,13499,
257.409,3697.38,51.4435,7.47924,268.062,24.0342,262.298,1,21,-89,-6,12,51,48,4,27771909,262,1,151,13499,
258.403,3721.32,51.4435,7.4789,267.623,24.12,262.301,1,21,-89,-6,12,51,48,4,27771909,262,1,151,13499,
259.403,3745.09,51.4434,7.47856,267.325,24.3941,262.674,1,11,-87,-5,1,53,50,4,27771909,262,1,151,13499,
260.411,3769.85,51.4434,7.4782,266.95,24.734,262.97,1,11,-87,-5,1,53,50,4,27771909,262,1,151,13499,
261.401,3795.06,51.4434,7.47784,266.587,24.7477,262.78,1,22,-86,-6,15,54,51,4,27771909,262,1,151,13499,
262.425,3819.42,51.4434,7.47749,266.159,24.5405,262.716,1,22,-86,-6,15,54,51,4,27771909,262,1,151,13499,
263.397,3843.71,51.4433,7.47715,265.68,24.322,262.239,1,14,-90,-7,10,50,46,4,27771909,262,1,151,13499,
264.409,3868.1,51.4433,7.4768,265.14,24.0773,262.405,1,14,-90,-7,10,50,46,4,27771909,262,1,151,13499,
265.401,3891.96,51.4433,7.47646,264.508,24.1486,262.144,1,16,-84,-6,2,56,51,4,27771909,262,1,151,13499,
266.406,3916.3,51.4432,7.47611,263.876,24.1415,261.563,1,16,-84,-6,2,56,51,4,27771909,262,1,151,13499,
267.394,3940.25,51.4432,7.47577,263.235,24.2325,261.152,1,16,-87,-7,2,53,50,4,27771909,262,1,151,13499,
268.386,3964.54,51.4432,7.47542,262.531,24.3567,261.192,1,16,-87,-7,2,53,50,4,27771909,262,1,151,13499,
269.399,3988.98,51.4431,7.47507,261.668,24.5061,259.864,1,13,-88,-7,2,52,49,4,27771909,262,1,151,13499,
270.409,4014,51.4431,7.47472,260.852,24.8456,258.802,1,13,-88,-7,2,52,49,4,27771909,262,1,151,13499,
271.407,4038.82,51.443,7.47437,260.049,24.7382,258.761,1,3,-94,-8,2,46,44,4,27771909,262,1,151,13499,
272.403,4063.47,51.443,7.47402,259.185,24.7241,258.517,1,3,-94,-8,2,46,44,4,27771909,262,1,151,13499,
273.396,4088.29,51.4429,7.47367,258.285,24.5666,258.913,1,3,-94,-8,2,46,44,4,27771909,262,1,151,13499,
274.391,4112.53,51.4429,7.47333,257.359,24.4077,259.023,1,1,-103,-9,2,37,37,4,27771909,262,1,151,13499,
275.392,4136.55,51.4429,7.47299,256.412,24.2604,258.906,1,1,-103,-9,2,37,37,4,27771909,262,1,151,13499,
276.405,4136.55,51.4444,7.4809,nan,24.186,258.953,1,5,-107,-11,2,33,35,4,27771909,262,1,151,13499,
277.411,4136.55,51.4428,7.4723,254.712,24.2838,258.938,1,5,-107,-11,2,33,35,4,27771909,262,1,151,13499,
278.4,4160.88,51.4427,7.47196,254.023,24.3603,259.021,1,7,-108,-11,2,32,33,4,27771909,262,1,151,13499,
279.396,4185.24,51.4427,7.47161,253.178,24.249,259.097,1,7,-108,-11,2,32,33,4,27771909,262,1,151,13499,
280.397,4209.41,51.4426,7.47127,252.448,24.2459,259.022,1,0,-111,-11,2,29,31,4,27771909,262,1,151,13499,
281.392,4233.81,51.4426,7.47093,251.732,24.6713,258.782,1,0,-111,-11,2,29,31,4,27771909,262,1,151,13499,
282.406,4258.65,51.4426,7.47057,251.049,24.718,258.494,1,2,-113,-11,2,27,29,4,31281409,262,1,232,13499,
283.416,4283.47,51.4425,7.47022,250.341,24.9449,258.5,1,2,-113,-11,2,27,29,4,31281409,262,1,232,13499,
284.395,4308.51,51.4425,7.46987,249.634,24.8547,258.02,1,3,-112,-10,2,28,29,4,31281409,262,1,232,13499,
285.424,4333.47,51.4424,7.46952,248.875,24.9716,257.211,1,3,-112,-10,2,28,29,4,31281409,262,1,232,13499,
286.4,4358.07,51.4424,7.46917,248.16,24.9478,257.648,1,2,-111,-10,2,29,30,4,31281409,262,1,232,13499,
287.394,4383.28,51.4423,7.46881,247.336,24.9793,258.075,1,2,-111,-10,2,29,30,4,31281409,262,1,232,13499,
288.409,4407.88,51.4423,7.46847,246.742,25.3262,257.574,1,7,-110,-10,2,30,31,4,31281409,262,1,232,13499,
289.414,4433.15,51.4422,7.46811,246.16,25.3373,257.98,1,7,-110,-10,2,30,31,4,31281409,262,1,232,13499,
290.418,4458.48,51.4422,7.46775,245.526,25.1551,258.523,1,5,-109,-9,2,31,31,4,31281409,262,1,232,13499,
291.39,4483.81,51.4421,7.46739,244.78,25.0919,258.624,1,5,-109,-9,2,31,31,4,31281409,262,1,232,13499,
292.393,4508.88,51.4421,7.46704,243.853,24.8014,259.244,1,9,-107,-8,2,33,32,4,31281409,262,1,232,13499,
293.39,4533.55,51.4421,7.46669,242.974,24.6438,259.228,1,9,-107,-8,2,33,32,4,31281409,262,1,232,13499,
294.394,4557.57,51.442,7.46634,242.309,24.5384,259.101,1,14,-105,-8,2,35,34,4,31281409,262,1,232,13499,
295.408,4582.33,51.442,7.46599,241.584,24.5276,259.531,1,14,-105,-8,2,35,34,4,31281409,262,1,232,13499,
296.422,4582.33,51.4442,7.46394,nan,24.4813,259.292,1,11,-101,-7,2,39,37,4,31281409,262,1,232,13499,
297.394,4582.33,51.4419,7.46529,240.285,24.6123,260.902,1,11,-101,-7,2,39,37,4,31281409,262,1,232,13499,
298.391,4607.07,51.4419,7.46494,239.66,24.7897,261.608,1,11,-101,-7,2,39,37,4,31281409,262,1,232,13499,
299.395,4631.56,51.4418,7.46459,239.174,24.6219,262.116,1,16,-100,-7,2,40,39,4,31281409,262,1,232,13499,
300.404,4655.74,51.4418,7.46424,238.473,24.2747,262.377,1,16,-100,-7,2,40,39,4,31281409,262,1,232,13499,
301.416,4679.67,51.4418,7.4639,237.854,24.0386,262.166,1,13,-98,-6,2,42,40,4,31281409,262,1,232,13499,
302.4,4703.48,51.4418,7.46356,237.494,24.1435,262.355,1,13,-98,-6,2,42,40,4,31281409,262,1,232,13499,
303.408,4727.57,51.4417,7.46321,237.422,24.3747,262.923,1,11,-101,-7,2,39,37,4,31281409,262,1,232,13499,
304.39,4752.25,51.4417,7.46286,237.293,24.5431,263.731,1,11,-101,-7,2,39,37,4,31281409,262,1,232,13499,
305.414,4775.98,51.4417,7.46252,237.559,24.4673,264.202,1,11,-102,-7,2,38,36,4,31281409,262,1,232,13499,
306.404,4800.36,51.4417,7.46217,237.514,24.17,264.762,1,11,-102,-7,2,38,36,4,31281409,262,1,232,13499,
307.404,4823.02,51.4417,7.46184,237.72,24.0122,264.732,1,12,-104,-7,2,36,34,4,31281409,262,1,232,13499,
308.415,4846.98,51.4417,7.4615,237.618,23.4811,265.314,1,12,-104,-7,2,36,34,4,31281409,262,1,232,13499,
309.409,4870.19,51.4416,7.46116,237.609,23.3501,265.844,1,13,-103,-7,2,37,35,4,31281409,262,1,232,13499,
310.4,4894.33,51.4416,7.46081,237.252,23.4697,265.733,1,13,-103,-7,2,37,35,4,31281409,262,1,232,13499,
311.417,4917.97,51.4416,7.46047,236.662,23.3969,266.72,1,13,-102,-7,2,38,36,4,31281409,262,1,232,13499,
312.406,4941.83,51.4416,7.46013,236.072,23.2942,266.815,1,13,-102,-7,2,38,36,4,31281409,262,1,232,13499,
313.386,4965.2,51.4416,7.45979,235.382,23.4761,267.503,1,10,-102,-7,2,38,36,4,31281409,262,1,232,13499,
314.409,4988.05,51.4416,7.45946,234.948,23.3442,267.848,1,10,-102,-7,2,38,36,4,31281409,262,1,232,13499,
315.413,5011.33,51.4416,7.45913,234.675,23.5203,268.509,1,7,-104,-8,2,36,35,4,31281409,262,1,232,13499,
316.412,5011.33,51.4442,7.46394,nan,23.8533,268.979,1,7,-104,-8,2,36,35,4,31281409,262,1,232,13499,
317.426,5011.33,51.4416,7.45844,234.198,23.989,269.238,1,10,-102,-8,2,38,38,4,27771908,262,1,152,13499,
318.404,5035.09,51.4416,7.45809,234.017,23.57,269.005,1,10,-102,-8,2,38,38,4,27771908,262,1,152,13499,
319.403,5058.93,51.4416,7.45775,233.656,23.5328,269.22,1,7,-100,-7,2,40,39,4,27771908,262,1,152,13499,
320.404,5082.18,51.4416,7.45742,233.456,23.7693,269.65,1,7,-100,-7,2,40,39,4,27771908,262,1,152,13499,
321.412,5105.29,51.4416,7.45708,233.369,23.5768,270.021,1,13,-98,-7,2,42,40,4,27771908,262,1,152,13499,
322.405,5128.64,51.4416,7.45674,233.421,23.6951,270.205,1,13,-98,-7,2,42,40,4,27771908,262,1,152,13499,
323.396,5152.96,51.4416,7.45639,233.459,24.048,270.371,1,13,-98,-7,2,42,40,4,27771908,262,1,152,13499,
324.393,5176.95,51.4416,7.45605,233.531,23.913,270.599,1,18,-97,-6,2,43,41,4,27771908,262,1,152,13499,
325.404,5200.97,51.4416,7.4557,233.438,24.0395,270.627,1,18,-97,-6,2,43,41,4,27771908,262,1,152,13499,
326.421,5225.27,51.4416,7.45535,233.3,24.3129,271.298,1,14,-95,-6,2,45,41,4,27771908,262,1,152,13499,
327.412,5249.47,51.4416,7.455,233.136,24.2537,272.17,1,14,-95,-6,2,45,41,4,27771908,262,1,152,13499,
328.416,5273.53,51.4416,7.45465,232.973,23.9785,272.758,1,7,-93,-6,2,47,44,4,27771908,262,1,152,13499,
329.403,5297.1,51.4416,7.45431,232.847,24.1912,273.067,1,7,-93,-6,2,47,44,4,27771908,262,1,152,13499,
330.401,5321.99,51.4416,7.45395,232.779,24.5596,273.584,1,13,-94,-8,2,46,45,4,33527552,262,1,433,13499,
331.409,5346.32,51.4416,7.4536,232.83,24.2769,274.129,1,13,-94,-8,2,46,45,4,33527552,262,1,433,13499,
332.417,5369.86,51.4416,7.45327,232.878,23.8667,275.351,1,15,-90,-7,2,50,48,4,33527552,262,1,433,13499,
333.528,5393.47,51.4417,7.45293,232.809,23.8299,275.357,1,15,-90,-7,2,50,48,4,33527552,262,1,433,13499,
334.397,5417.88,51.4417,7.45258,232.646,24.0547,275.593,1,14,-88,-6,10,52,49,13,33527552,262,1,433,13499,
335.399,5441.67,51.4417,7.45223,232.495,24.2885,275.705,1,14,-88,-6,10,52,49,13,33527552,262,1,433,13499,
336.416,5466.5,51.4417,7.45188,232.293,24.5541,275.958,1,12,-90,-6,9,50,46,13,33527552,262,1,433,13499,
337.415,5490.86,51.4418,7.45153,232.126,24.2365,276.755,1,12,-90,-6,9,50,46,13,33527552,262,1,433,13499,
338.405,5514.48,51.4418,7.45119,231.912,23.8497,277.336,1,19,-89,-6,12,51,48,13,33527552,262,1,433,13499,
339.404,5538.41,51.4418,7.45085,231.684,23.6005,277.125,1,19,-89,-6,12,51,48,13,33527552,262,1,433,13499,
340.424,5561.78,51.4419,7.45051,231.488,23.6597,277.268,1,21,-87,-5,12,53,47,13,33527552,262,1,433,13499,
341.41,5585.61,51.4419,7.45017,231.239,23.6476,277.607,1,21,-87,-5,12,53,47,13,33527552,262,1,433,13499,
342.403,5609.48,51.4419,7.44983,230.997,23.9212,278.164,1,26,-85,-6,15,55,52,13,33527552,262,1,433,13499,
343.404,5632.97,51.4419,7.4495,230.711,24.2213,278.601,1,26,-85,-6,15,55,52,13,33527552,262,1,433,13499,
344.389,5657.28,51.442,7.44915,230.507,24.305,278.629,1,25,-84,-5,15,56,52,13,33527552,262,1,433,13499,
345.411,5681.58,51.442,7.44881,230.304,23.93,278.528,1,25,-84,-5,15,56,52,13,33527552,262,1,433,13499,
346.402,5705.24,51.442,7.44847,230.157,23.9306,279.161,1,25,-84,-5,15,56,52,13,33527552,262,1,433,13499,
347.396,5729.21,51.4421,7.44813,229.986,23.7971,279.566,1,27,-88,-5,15,52,50,13,33527552,262,1,433,13499,
348.4,5753.11,51.4421,7.44779,229.803,24.0289,280.283,1,27,-88,-5,15,52,50,13,33527552,262,1,433,13499,
349.396,5777.15,51.4422,7.44745,229.588,24.0704,280.914,1,30,-84,-5,15,56,52,13,33527552,262,1,433,13499,
350.391,5800.91,51.4422,7.44711,229.362,23.7741,281.084,1,30,-84,-5,15,56,52,13,33527552,262,1,433,13499,
351.405,5824.21,51.4422,7.44678,229.105,23.5394,281.715,1,30,-82,-5,15,58,55,13,33527552,262,1,433,13499,
352.406,5847.6,51.4423,7.44645,228.742,23.359,282.046,1,30,-82,-5,15,58,55,13,33527552,262,1,433,13499,
353.408,5871.03,51.4423,7.44612,228.499,23.4315,282.581,1,23,-75,-5,2,65,62,13,33527552,262,1,433,13499,
354.408,5894.49,51.4424,7.44579,228.325,23.6165,282.656,1,23,-75,-5,2,65,62,13,33527552,262,1,433,13499,
355.404,5917.94,51.4424,7.44546,228.276,23.6785,282.798,1,29,-74,-6,2,66,63,13,33527552,262,1,433,13499,
356.376,5941.5,51.4425,7.44513,228.231,23.6652,282.91,1,29,-74,-6,2,66,63,13,33527552,262,1,433,13499,
357.382,5964.86,51.4425,7.4448,228.217,23.5215,283.396,1,31,-72,-6,2,68,63,13,33527552,262,1,433,13499,
358.396,5988.4,51.4426,7.44447,228.137,23.5917,283.89,1,31,-72,-6,2,68,63,13,33527552,262,1,433,13499,
359.408,6011.67,51.4426,7.44414,227.837,23.3643,284.044,1,30,-71,-7,2,69,63,13,33527552,262,1,433,13499,
360.396,6035.29,51.4427,7.44381,227.578,23.5997,284.305,1,30,-71,-7,2,69,63,13,33527552,262,1,433,13499,
361.402,6058.97,51.4427,7.44348,227.364,23.8332,284.102,1,28,-71,-7,2,69,63,13,33527552,262,1,433,13499,
362.413,6082.65,51.4428,7.44315,227.143,23.7096,285.326,1,28,-71,-7,2,69,63,13,33527552,262,1,433,13499,
363.404,6105.75,51.4428,7.44283,226.897,23.608,285.659,1,31,-73,-7,2,67,63,13,33527552,262,1,433,13499,
364.411,6129.56,51.4429,7.4425,226.543,23.3703,285.877,1,31,-73,-7,2,67,63,13,33527552,262,1,433,13499,
365.393,6152.94,51.443,7.44217,226.194,23.3377,286.255,1,29,-72,-5,2,68,63,13,33527552,262,1,433,13499,
366.406,6176.35,51.443,7.44185,225.814,23.3377,286.649,1,29,-72,-5,2,68,63,13,33527552,262,1,433,13499,
367.421,6200.28,51.4431,7.44152,225.584,23.3045,286.605,1,32,-68,-5,2,72,63,13,33527552,262,1,433,13499,
368.469,6223.74,51.4432,7.4412,225.522,23.471,287.511,1,32,-68,-5,2,72,63,13,33527552,262,1,433,13499,
369.394,6247.47,51.4432,7.44087,225.323,23.5577,287.515,1,32,-68,-5,2,72,63,13,33527552,262,1,433,13499,
370.396,6271.51,51.4433,7.44054,225.237,23.7457,287.788,1,28,-72,-6,15,68,63,3,33527552,262,1,433,13499,
371.394,6295.17,51.4433,7.44022,225.005,23.8248,288.164,1,28,-72,-6,15,68,63,3,33527552,262,1,433,13499,
372.392,6318.93,51.4434,7.43989,224.782,23.7637,288.43,1,15,-83,-6,10,57,55,3,33527552,262,1,433,13499,
373.394,6342.5,51.4435,7.43957,224.555,23.5441,288.901,1,15,-83,-6,10,57,55,3,33527552,262,1,433,13499,
374.395,6365.91,51.4435,7.43925,224.3,23.4069,289.219,1,25,-79,-5,14,61,60,3,33527552,262,1,433,13499,
375.393,6389.05,51.4436,7.43893,224.03,23.1486,288.876,1,25,-79,-5,14,61,60,3,33527552,262,1,433,13499,
376.389,6411.77,51.4437,7.43862,223.623,23.0886,289.688,1,28,-73,-4,15,67,63,3,33527552,262,1,433,13499,
377.401,6434.81,51.4438,7.43831,223.122,23.0629,289.389,1,28,-73,-4,15,67,63,3,33527552,262,1,433,13499,
378.415,6458.09,51.4438,7.43799,222.592,23.3019,290.315,1,23,-79,-6,15,61,59,3,33527552,262,1,433,13499,
379.403,6481.24,51.4439,7.43768,222.059,23.3076,290.901,1,23,-79,-6,15,61,59,3,33527552,262,1,433,13499,
380.388,6504.9,51.444,7.43736,221.6,23.0956,290.54,1,20,-77,-6,13,63,60,3,33527552,262,1,433,13499,
381.403,6528.28,51.444,7.43704,221.355,22.8898,291.073,1,20,-77,-6,13,63,60,3,33527552,262,1,433,13499,
382.414,6551.13,51.4441,7.43674,221.147,22.6615,291.619,1,21,-78,-5,15,62,57,1,33527554,262,1,434,13499,
383.415,6573.7,51.4442,7.43644,220.84,22.6776,290.558,1,21,-78,-5,15,62,57,1,33527554,262,1,434,13499,
384.406,6595.86,51.4443,7.43614,220.42,22.9797,291.034,1,26,-84,-8,15,56,56,1,33527554,262,1,434,13499,
385.419,6620.05,51.4444,7.43581,219.552,23.3153,290.859,1,26,-84,-8,15,56,56,1,33527554,262,1,434,13499,
386.396,6641.74,51.4444,7.43552,218.259,23.7479,290.139,1,26,-84,-8,15,56,56,1,33527554,262,1,434,13499,
387.404,6666.05,51.4445,7.4352,216.638,24.3888,290.457,1,26,-85,-6,14,55,50,1,33527554,262,1,434,13499,
388.404,6690.56,51.4446,7.43487,214.987,24.4855,291.158,1,26,-85,-6,14,55,50,1,33527554,262,1,434,13499,
389.405,6715.77,51.4447,7.43453,213.708,24.9354,294.096,1,26,-79,-5,15,61,57,1,33527554,262,1,434,13499,
390.393,6741.37,51.4448,7.4342,212.878,25.4771,295.294,1,26,-79,-5,15,61,57,1,33527554,262,1,434,13499,
391.399,6766.89,51.4449,7.43388,212.051,25.6804,296.712,1,22,-85,-5,14,55,52,1,33527554,262,1,434,13499,
392.393,6793.52,51.445,7.43353,211.326,26.1559,297.582,1,22,-85,-5,14,55,52,1,33527554,262,1,434,13499,
393.405,6819.95,51.4451,7.43319,210.156,27.0685,297.675,1,20,-83,-5,13,57,53,1,33527554,262,1,434,13499,
394.397,6846.38,51.4452,7.43286,208.315,27.9226,299.291,1,20,-83,-5,13,57,53,1,33527554,262,1,434,13499,
395.406,6874,51.4453,7.43251,206.316,28.4447,299.458,1,22,-84,-5,13,56,49,1,33527554,262,1,434,13499,
396.382,6902.89,51.4455,7.43215,204.516,28.933,300.565,1,22,-84,-5,13,56,49,1,33527554,262,1,434,13499,
397.397,6933.12,51.4456,7.43179,203.049,29.7163,303.334,1,22,-83,-6,9,57,55,1,33527554,262,1,434,13499,
398.438,6963.27,51.4458,7.43143,202.022,29.8982,304.092,1,22,-83,-6,9,57,55,1,33527554,262,1,434,13499,
399.402,6993.95,51.4459,7.43107,200.851,30.1234,306.191,1,25,-82,-6,13,58,55,1,33527554,262,1,434,13499,
400.409,7024.85,51.4461,7.43071,200.156,30.1972,307.629,1,25,-82,-6,13,58,55,1,33527554,262,1,434,13499,
401.416,7054.76,51.4463,7.43037,199.366,29.9394,308.835,1,26,-77,-4,2,63,57,1,33527554,262,1,434,13499,
402.405,7085.49,51.4464,7.43003,198.939,29.7178,309.991,1,26,-77,-4,2,63,57,1,33527554,262,1,434,13499,
403.391,7115.3,51.4466,7.42971,198.655,29.4916,311.225,1,27,-76,-5,2,64,59,1,33527554,262,1,434,13499,
404.411,7145.04,51.4468,7.42938,198.388,29.7113,311.107,1,27,-76,-5,2,64,59,1,33527554,262,1,434,13499,
405.421,7174.86,51.447,7.42907,197.801,30.317,313.4,1,26,-77,-5,2,63,59,1,33527554,262,1,434,13499,
406.404,7204.02,51.4472,7.42877,196.763,30.278,314.008,1,26,-77,-5,2,63,59,1,33527554,262,1,434,13499,
407.402,7234.73,51.4474,7.42847,195.685,30.5765,315.443,1,26,-77,-5,2,63,59,1,33527554,262,1,434,13499,
408.445,7266.45,51.4476,7.42815,194.848,30.5492,316.652,1,27,-79,-5,2,61,57,1,33527554,262,1,434,13499,
409.416,7296.92,51.4478,7.42786,194.063,30.7658,318.114,1,27,-79,-5,2,61,57,1,33527554,262,1,434,13499,
410.396,7327.56,51.448,7.42758,192.993,31.1092,319.417,1,24,-81,-5,2,59,55,1,33527554,262,1,434,13499,
411.5,7358.75,51.4482,7.42729,191.769,31.6685,320.516,1,24,-81,-5,2,59,55,1,33527554,262,1,434,13499,
412.412,7390.35,51.4484,7.42701,190.21,32.4577,321.664,1,15,-87,-5,2,53,49,1,33527554,262,1,434,13499,
413.404,7422.52,51.4487,7.42673,188.609,32.4893,323.841,1,15,-87,-5,2,53,49,1,33527554,262,1,434,13499,
414.416,7455.04,51.4489,7.42646,187.112,32.4013,325.031,1,17,-88,-6,12,52,47,11,33527554,262,1,434,13499,
415.396,7487.63,51.4492,7.4262,185.587,32.5456,326.424,1,17,-88,-6,12,52,47,11,33527554,262,1,434,13499,
416.415,7520.39,51.4494,7.42595,184.067,32.7843,327.595,1,20,-94,-6,10,46,44,11,33527554,262,1,434,13499,
417.4,7553.58,51.4497,7.4257,182.61,33.15,329.015,1,20,-94,-6,10,46,44,11,33527554,262,1,434,13499,
418.409,7586.65,51.4499,7.42547,181.153,33.0256,330.682,1,16,-95,-8,14,45,43,11,33527554,262,1,434,13499,
419.42,7619.91,51.4502,7.42525,179.859,32.835,332.12,1,16,-95,-8,14,45,43,11,33527554,262,1,434,13499,
420.392,7652.9,51.4504,7.42504,178.73,32.5872,333.869,1,13,-96,-7,11,44,41,11,33527554,262,1,434,13499,
421.405,7685.43,51.4507,7.42483,178.582,32.4312,333.694,1,13,-96,-7,11,44,41,11,33527554,262,1,434,13499,
422.404,7718.07,51.451,7.42465,178.158,32.3859,336.837,1,5,-102,-11,8,38,40,11,33527554,262,1,434,13499,
423.412,7750.86,51.4513,7.42448,176.912,32.4167,338.5,1,5,-102,-11,8,38,40,11,33527554,262,1,434,13499,
424.406,7783.8,51.4515,7.42432,175.738,32.1805,339.076,1,-1,-96,-11,6,44,43,37,29568770,262,1,414,13499,
425.397,7815.64,51.4518,7.42416,174.622,31.9188,340.282,1,-1,-96,-11,6,44,43,37,29568770,262,1,414,13499,
426.396,7847.07,51.4521,7.42401,173.236,31.8742,340.413,1,-2,-101,-10,6,39,41,19,27770883,262,1,125,13499,
427.401,7878.85,51.4523,7.42386,172.194,31.9141,340.839,1,-2,-101,-10,6,39,41,19,27770883,262,1,125,13499,
428.387,7910.08,51.4526,7.42372,171.415,31.7542,342.168,1,-1,-101,-13,6,39,43,19,27770883,262,1,125,13499,
429.388,7941.7,51.4529,7.42357,170.719,32.0614,342.924,1,-1,-101,-13,6,39,43,19,27770883,262,1,125,13499,
430.382,7973.47,51.4532,7.42344,170.016,32.4196,343.18,1,-1,-101,-13,6,39,43,19,27770883,262,1,125,13499,
431.393,8005.9,51.4534,7.42331,169.238,32.5066,343.419,1,2,-99,-10,10,41,42,19,27770883,262,1,125,13499,
432.406,8038.6,51.4537,7.42317,168.58,32.8033,343.825,1,2,-99,-10,10,41,42,19,27770883,262,1,125,13499,
433.418,8071.23,51.454,7.42303,167.935,32.9959,343.947,1,3,-92,-8,9,48,47,19,27770883,262,1,125,13499,
434.391,8104.43,51.4543,7.4229,167.284,33.2427,343.849,1,3,-92,-8,9,48,47,19,27770883,262,1,125,13499,
435.397,8137.78,51.4546,7.42277,166.741,33.2341,343.79,1,5,-93,-8,10,47,46,19,27770883,262,1,125,13499,
436.402,8171.59,51.4549,7.42264,166.198,33.3323,343.47,1,5,-93,-8,10,47,46,19,27770883,262,1,125,13499,
437.413,8204.66,51.4552,7.4225,165.624,33.1345,343.357,1,1,-96,-10,7,44,46,19,27770883,262,1,125,13499,
438.399,8237.62,51.4554,7.42237,164.884,33.0441,342.241,1,1,-96,-10,7,44,46,19,27770883,262,1,125,13499,
439.396,8270.76,51.4557,7.42223,163.95,33.1069,341.734,1,7,-90,-8,11,50,49,19,27770883,262,1,125,13499,
440.404,8304.17,51.456,7.42208,163.043,33.1795,340.954,1,7,-90,-8,11,50,49,19,27770883,262,1,125,13499,
441.414,8337.77,51.4563,7.42192,162.379,33.2067,340.008,1,12,-89,-6,12,51,49,19,27770883,262,1,125,13499,
442.411,8371.19,51.4566,7.42176,161.843,33.1332,339.09,1,12,-89,-6,12,51,49,19,27770883,262,1,125,13499,
443.407,8404.09,51.4569,7.4216,160.873,33.1856,338.764,1,4,-88,-7,10,52,51,19,27770883,262,1,125,13499,
444.419,8437.39,51.4571,7.42143,160.069,33.32,337.846,1,4,-88,-7,10,52,51,19,27770883,262,1,125,13499,
445.402,8470.62,51.4574,7.42125,159.337,33.2942,336.054,1,19,-85,-5,11,55,52,19,27770883,262,1,125,13499,
446.406,8503.7,51.4577,7.42106,158.778,33.3467,335.183,1,19,-85,-5,11,55,52,19,27770883,262,1,125,13499,
447.406,8536.93,51.458,7.42085,158.307,33.4164,334.159,1,14,-85,-6,7,55,52,19,27770883,262,1,125,13499,
448.409,8570.26,51.4582,7.42065,157.931,33.4765,333.231,1,14,-85,-6,7,55,52,19,27770883,262,1,125,13499,
449.416,8603.71,51.4585,7.42042,157.531,33.5409,332.478,1,11,-83,-5,10,57,54,19,27770883,262,1,125,13499,
450.415,8637.42,51.4588,7.4202,157.1,33.6674,332.073,1,11,-83,-5,10,57,54,19,27770883,262,1,125,13499,
451.391,8671.25,51.459,7.41996,156.611,33.788,330.977,1,20,-76,-5,12,64,60,19,27770883,262,1,125,13499,
452.394,8704.94,51.4593,7.41972,156.27,33.3886,329.722,1,20,-76,-5,12,64,60,19,27770883,262,1,125,13499,
453.394,8738,51.4595,7.41946,156.169,32.756,328.537,1,21,-77,-6,2,63,59,19,27770883,262,1,125,13499,
454.405,8769.99,51.4598,7.41921,156.163,32.2267,327.506,1,21,-77,-6,2,63,59,19,27770883,262,1,125,13499,
455.397,8802.05,51.46,7.41897,155.946,31.8929,326.715,1,7,-75,-8,2,65,63,19,27770883,262,1,125,13499,
456.389,8833.96,51.4603,7.41871,155.542,31.7435,325.778,1,7,-75,-8,2,65,63,19,27770883,262,1,125,13499,
457.405,8865.9,51.4605,7.41845,155.134,31.7195,324.767,1,22,-81,-6,10,59,56,9,27770883,262,1,125,13499,
458.488,8897.39,51.4607,7.41818,154.967,31.6762,323.991,1,22,-81,-6,10,59,56,9,27770883,262,1,125,13499,
459.41,8929.16,51.461,7.41791,154.888,31.7854,322.834,1,19,-72,-5,14,68,63,9,27770883,262,1,125,13499,
460.393,8960.7,51.4612,7.41763,154.978,31.5171,321.937,1,19,-72,-5,14,68,63,9,27770883,262,1,125,13499,
461.415,8991.92,51.4614,7.41735,155.078,31.413,321.723,1,19,-72,-5,14,68,63,9,27770883,262,1,125,13499,
462.402,9022.79,51.4616,7.41707,155.209,31.0086,320.512,1,15,-76,-5,10,64,60,9,27770883,262,1,125,13499,
463.414,9053.11,51.4618,7.41678,155.311,30.9551,319.879,1,15,-76,-5,10,64,60,9,27770883,262,1,125,13499,
464.418,9085.55,51.4621,7.41647,155.817,31.1326,318.806,1,9,-76,-5,9,64,60,9,27770883,262,1,125,13499,
465.391,9117.01,51.4623,7.41617,156.374,31.1043,317.74,1,9,-76,-5,9,64,60,9,27770883,262,1,125,13499,
466.406,9148.19,51.4625,7.41586,156.862,31.1557,317.015,1,18,-77,-5,10,63,61,9,27770883,262,1,125,13499,
467.397,9178.63,51.4627,7.41556,157.154,31.0041,316.55,1,18,-77,-5,10,63,61,9,27770883,262,1,125,13499,
468.399,9209.4,51.4629,7.41526,157.408,30.9438,316.925,1,13,-77,-5,10,63,59,9,27770883,262,1,125,13499,
469.406,9240.29,51.4631,7.41495,157.593,31.0431,316.415,1,13,-77,-5,10,63,59,9,27770883,262,1,125,13499,
470.413,9270.96,51.4633,7.41464,157.488,30.409,314.655,1,21,-72,-5,15,68,62,9,27770883,262,1,125,13499,
471.407,9300.55,51.4634,7.41432,157.09,30.5618,313.003,1,21,-72,-5,15,68,62,9,27770883,262,1,125,13499,
472.386,9330.57,51.4636,7.41399,156.775,30.6559,312.2,1,7,-87,-8,9,53,50,9,27770883,262,1,125,13499,
473.411,9362.03,51.4638,7.41365,156.715,30.8198,311.197,1,7,-87,-8,9,53,50,9,27770883,262,1,125,13499,
474.407,9392.83,51.464,7.41332,156.64,30.5695,310.992,1,7,-88,-9,11,52,51,9,27770883,262,1,125,13499,
475.386,9423.18,51.4642,7.41299,156.505,30.0514,309.926,1,7,-88,-9,11,52,51,9,27770883,262,1,125,13499,
476.413,9452.52,51.4643,7.41266,156.55,29.5362,309.127,1,24,-75,-7,2,65,63,9,27770883,262,1,125,13499,
477.397,9481.73,51.4645,7.41233,156.752,28.7647,309.201,1,24,-75,-7,2,65,63,9,27770883,262,1,125,13499,
478.428,9509.86,51.4647,7.41201,156.983,28.0844,308.689,1,14,-84,-8,10,56,51,4,27770883,262,1,125,13499,
479.394,9537.24,51.4648,7.4117,157.108,27.5743,308.1,1,14,-84,-8,10,56,51,4,27770883,262,1,125,13499,
480.393,9564.33,51.465,7.4114,157.109,27.5926,308.023,1,5,-92,-7,6,48,45,4,27770885,262,1,124,13499,
481.39,9591.84,51.4651,7.41108,157.207,27.1648,307.839,1,5,-92,-7,6,48,45,4,27770885,262,1,124,13499,
482.391,9619.09,51.4653,7.41078,157.353,27.0304,308.095,1,7,-95,-8,11,45,43,4,27770885,262,1,124,13499,
483.4,9646.1,51.4654,7.41047,157.447,27.0134,308.069,1,7,-95,-8,11,45,43,4,27770885,262,1,124,13499,
484.405,9672.61,51.4656,7.41017,157.314,26.9886,308.09,1,7,-91,-7,7,49,46,4,27770885,262,1,124,13499,
485.366,9699.29,51.4657,7.40987,157.001,27.1969,307.985,1,7,-91,-7,7,49,46,4,27770885,262,1,124,13499,
486.424,9726.41,51.4659,7.40956,156.726,27.2009,308.172,1,7,-91,-7,7,49,46,4,27770885,262,1,124,13499,
487.41,9753.51,51.466,7.40925,156.675,26.8769,308.575,1,36,-73,-5,14,67,62,4,27770885,262,1,124,13499,
488.403,9780.27,51.4662,7.40895,156.843,26.3564,308.734,1,36,-73,-5,14,67,62,4,27770885,262,1,124,13499,
489.41,9805.83,51.4663,7.40866,156.632,26.3358,308.719,1,21,-87,-6,12,53,50,4,27770885,262,1,124,13499,
490.392,9831.35,51.4665,7.40837,156.405,25.8291,308.258,1,21,-87,-6,12,53,50,4,27770885,262,1,124,13499,
491.403,9856.88,51.4666,7.40808,156.211,26.0515,308.488,1,5,-92,-8,6,48,47,4,27770885,262,1,124,13499,
492.417,9882.94,51.4667,7.40778,156.186,26.2687,308.335,1,5,-92,-8,6,48,47,4,27770885,262,1,124,13499,
493.406,9909.85,51.4669,7.40748,156.479,26.5763,309.021,1,24,-85,-7,9,55,51,4,27770885,262,1,124,13499,
494.399,9936.22,51.467,7.40718,156.687,27.0307,309.254,1,24,-85,-7,9,55,51,4,27770885,262,1,124,13499,
495.382,9962.9,51.4672,7.40687,156.768,27.2563,309.461,1,29,-80,-5,12,60,52,4,27770885,262,1,124,13499,
496.405,9990.22,51.4673,7.40657,156.751,27.5688,310.24,1,29,-80,-5,12,60,52,4,27770885,262,1,124,13499,
497.397,10017.9,51.4675,7.40627,156.74,27.8974,310.362,1,22,-74,-5,13,66,59,4,27770885,262,1,124,13499,
498.412,10046,51.4677,7.40596,156.766,28.0631,310.497,1,22,-74,-5,13,66,59,4,27770885,262,1,124,13499,
499.405,10073.4,51.4678,7.40566,156.885,27.6849,310.736,1,14,-80,-5,10,60,56,4,27770885,262,1,124,13499,
500.405,10100.4,51.468,7.40536,157.061,26.7733,311.634,1,14,-80,-5,10,60,56,4,27770885,262,1,124,13499,
501.401,10128.2,51.4682,7.40506,157.404,26.2248,311.623,1,23,-79,-6,9,61,58,4,27770885,262,1,124,13499,
502.411,10155.1,51.4683,7.40477,157.965,26.0921,311.762,1,23,-79,-6,9,61,58,4,27770885,262,1,124,13499,
503.389,10181.8,51.4685,7.40448,158.732,26.2542,311.883,1,6,-84,-7,11,56,53,4,27770885,262,1,124,13499,
504.402,10207.6,51.4686,7.4042,159.356,26.4083,311.932,1,6,-84,-7,11,56,53,4,27770885,262,1,124,13499,
505.407,10233.7,51.4688,7.40392,159.831,26.5845,312.349,1,1,-85,-7,6,55,53,19,27771140,262,1,289,13499,
506.408,10261.5,51.469,7.40362,160.445,26.9519,312.444,1,1,-85,-7,6,55,53,19,27771140,262,1,289,13499,
507.405,10288.9,51.4691,7.40333,161.095,27.2539,312.953,1,1,-85,-7,6,55,53,19,27771140,262,1,289,13499,
508.408,10315.6,51.4693,7.40306,162.195,26.6918,314.317,1,13,-86,-7,13,54,53,19,27771140,262,1,289,13499,
509.391,10341.6,51.4695,7.40279,162.995,26.7619,313.73,1,13,-86,-7,13,54,53,19,27771140,262,1,289,13499,
510.428,10367.7,51.4696,7.40252,163.548,26.8253,313.702,1,15,-88,-7,10,52,50,19,27771140,262,1,289,13499,
511.414,10393.9,51.4698,7.40224,163.8,26.785,313.806,1,15,-88,-7,10,52,50,19,27771140,262,1,289,13499,
512.406,10421.3,51.4699,7.40196,164.322,27.0533,314.487,1,14,-86,-7,11,54,52,19,27771140,262,1,289,13499,
513.415,10448.1,51.4701,7.40169,164.925,26.7955,315.381,1,14,-86,-7,11,54,52,19,27771140,262,1,289,13499,
514.491,10474.7,51.4703,7.40141,165.601,26.048,316.007,1,29,-87,-6,10,53,52,19,27771140,262,1,289,13499,
515.392,10499.6,51.4704,7.40116,165.933,25.4691,316.196,1,29,-87,-6,10,53,52,19,27771140,262,1,289,13499,
516.382,10524.2,51.4706,7.40091,166.129,25.4334,316.36,1,17,-86,-7,12,54,52,19,27771140,262,1,289,13499,
517.397,10549,51.4708,7.40066,166.224,25.5829,316.633,1,17,-86,-7,12,54,52,19,27771140,262,1,289,13499,
518.415,10575.1,51.4709,7.40041,166.479,25.7799,316.614,1,19,-86,-6,13,54,52,19,27771140,262,1,289,13499,
519.411,10600.9,51.4711,7.40015,166.817,25.4396,317.121,1,19,-86,-6,13,54,52,19,27771140,262,1,289,13499,
520.403,10627.6,51.4713,7.3999,167.881,24.9677,317.095,1,35,-85,-6,15,55,54,19,27771140,262,1,289,13499,
521.403,10653.7,51.4715,7.39965,168.946,25.2528,317.805,1,35,-85,-6,15,55,54,19,27771140,262,1,289,13499,
522.41,10679.7,51.4716,7.39941,170.148,25.0111,317.661,1,33,-86,-6,15,54,52,19,27771140,262,1,289,13499,
523.409,10704.3,51.4718,7.39917,171.091,24.5417,318.53,1,33,-86,-6,15,54,52,19,27771140,262,1,289,13499,
524.422,10728.4,51.472,7.39894,171.89,23.9198,318.765,1,34,-83,-6,15,57,55,19,27771140,262,1,289,13499,
525.397,10752.1,51.4721,7.39872,172.502,23.4507,318.739,1,34,-83,-6,15,57,55,19,27771140,262,1,289,13499,
526.428,10775.2,51.4723,7.3985,172.846,23.1996,319.036,1,28,-84,-7,15,56,54,19,27771140,262,1,289,13499,
527.395,10798.5,51.4725,7.39829,173.089,23.2588,319.12,1,28,-84,-7,15,56,54,19,27771140,262,1,289,13499,
528.412,10821.4,51.4726,7.39808,173.279,23.3838,319.101,1,34,-85,-6,15,55,52,19,27771140,262,1,289,13499,
529.405,10845.4,51.4728,7.39785,173.671,23.6203,319.748,1,34,-85,-6,15,55,52,19,27771140,262,1,289,13499,
530.387,10869,51.4729,7.39763,173.97,23.6969,320.233,1,30,-88,-6,10,52,48,19,27771140,262,1,289,13499,
531.397,10892.4,51.4731,7.39742,174.274,23.3258,320.856,1,30,-88,-6,10,52,48,19,27771140,262,1,289,13499,
532.403,10915.6,51.4733,7.39721,174.642,23.1563,320.697,1,14,-86,-6,6,54,51,55,33527554,262,1,434,13499,
533.397,10938.7,51.4734,7.397,174.972,23.0735,320.848,1,14,-86,-6,6,54,51,55,33527554,262,1,434,13499,
534.402,10962.1,51.4736,7.39678,175.252,23.3444,320.581,1,14,-86,-6,6,54,51,55,33527554,262,1,434,13499,
535.399,10985.6,51.4738,7.39657,175.543,23.7074,320.696,1,17,-85,-6,15,55,53,55,33527554,262,1,434,13499,
536.391,11009.2,51.4739,7.39636,175.714,23.6221,321.304,1,17,-85,-6,15,55,53,55,33527554,262,1,434,13499,
537.405,11032.2,51.4741,7.39615,175.711,23.7146,322.716,1,8,-86,-7,12,54,51,55,33527554,262,1,434,13499,
538.419,11055.9,51.4743,7.39594,175.692,23.4932,323.413,1,8,-86,-7,12,54,51,55,33527554,262,1,434,13499,
539.398,11079.2,51.4744,7.39573,175.682,23.4327,322.804,1,16,-85,-6,15,55,51,55,33527554,262,1,434,13499,
540.408,11103.1,51.4746,7.39552,175.929,23.4983,323.234,1,16,-85,-6,15,55,51,55,33527554,262,1,434,13499,
541.406,11127.7,51.4748,7.39532,176.424,23.9895,324.597,1,10,-83,-6,6,57,55,7,27771140,262,1,289,13499,
542.409,11150.7,51.4749,7.39513,176.587,24.0394,326.282,1,10,-83,-6,6,57,55,7,27771140,262,1,289,13499,
543.41,11176.3,51.4751,7.39493,177.171,24.7439,327.98,1,21,-81,-5,15,59,57,7,27771140,262,1,289,13499,
544.386,11201.1,51.4753,7.39474,177.621,24.9222,328.859,1,21,-81,-5,15,59,57,7,27771140,262,1,289,13499,
545.406,11226.2,51.4755,7.39456,178.137,25.2507,329.02,1,22,-80,-6,15,60,59,7,27771140,262,1,289,13499,
546.398,11250.8,51.4757,7.39439,178.388,24.7133,330.64,1,22,-80,-6,15,60,59,7,27771140,262,1,289,13499,
547.4,11275.1,51.4759,7.39422,178.181,24.1521,330.155,1,24,-82,-6,15,58,56,7,27771140,262,1,289,13499,
548.423,11298.9,51.4761,7.39405,178.068,23.7255,331.454,1,24,-82,-6,15,58,56,7,27771140,262,1,289,13499,
549.406,11322.5,51.4763,7.3939,178.009,23.4414,331.947,1,28,-74,-6,15,66,63,7,27771140,262,1,289,13499,
550.403,11346.2,51.4765,7.39375,177.951,23.6092,333.738,1,28,-74,-6,15,66,63,7,27771140,262,1,289,13499,
551.453,11369.3,51.4767,7.3936,178.145,23.2675,334.405,1,21,-70,-5,15,70,63,7,27771140,262,1,289,13499,
552.403,11392.3,51.4768,7.39347,178.183,22.7276,335.9,1,21,-70,-5,15,70,63,7,27771140,262,1,289,13499,
553.4,11413.8,51.477,7.39335,178.115,22.1259,337.462,1,11,-85,-8,11,55,55,7,27771140,262,1,289,13499,
554.433,11434.2,51.4772,7.39324,177.986,20.6166,338.257,1,11,-85,-8,11,55,55,7,27771140,262,1,289,13499,
555.421,11453.9,51.4774,7.39315,177.94,19.0568,341.94,1,17,-77,-7,2,63,60,7,27771140,262,1,289,13499,
556.403,11472.9,51.4775,7.39306,177.818,18.2276,343.413,1,17,-77,-7,2,63,60,7,27771140,262,1,289,13499,
557.395,11492.2,51.4777,7.393,178.028,17.9234,346.255,1,11,-79,-7,6,61,57,4,27771139,262,1,288,13499,
558.4,11511.2,51.4779,7.39296,178.503,18.18,350.358,1,11,-79,-7,6,61,57,4,27771139,262,1,288,13499,
559.401,11531.4,51.478,7.39299,178.792,18.424,5.4019,1,11,-79,-7,6,61,57,4,27771139,262,1,288,13499,
560.408,11553.2,51.4782,7.39303,178.816,18.7615,7.48863,1,17,-82,-6,15,58,55,4,27771139,262,1,288,13499,
561.399,11574.4,51.4784,7.39308,178.497,18.9696,11.3508,1,17,-82,-6,15,58,55,4,27771139,262,1,288,13499,
562.39,11594,51.4786,7.39322,178.464,19.4658,26.5997,1,23,-83,-6,14,57,54,4,27771139,262,1,288,13499,
563.398,11613.6,51.4787,7.39336,178.235,18.9828,29.5837,1,23,-83,-6,14,57,54,4,27771139,262,1,288,13499,
564.42,11631.1,51.4789,7.3935,177.954,17.4125,30.835,1,28,-79,-5,14,61,58,4,27771139,262,1,288,13499,
565.386,11648,51.479,7.39364,177.932,15.9222,30.4136,1,28,-79,-5,14,61,58,4,27771139,262,1,288,13499,
566.387,11664,51.4791,7.39376,178.742,15.1657,27.7977,1,15,-86,-5,12,54,51,4,27771139,262,1,288,13499,
567.405,11678.3,51.4792,7.39381,179.51,14.5914,8.55126,1,15,-86,-5,12,54,51,4,27771139,262,1,288,13499,
568.413,11691.3,51.4794,7.39384,179.878,14.5778,4.81542,1,21,-84,-5,13,56,53,4,27771139,262,1,288,13499,
569.413,11704.8,51.4795,7.39378,180.706,14.6547,343.462,1,21,-84,-5,13,56,53,4,27771139,262,1,288,13499,
570.396,11718.4,51.4796,7.39372,181.73,14.9313,340.239,1,9,-91,-7,8,49,47,4,27771139,262,1,288,13499,
571.413,11732.8,51.4797,7.39364,182.775,15.3152,337.976,1,9,-91,-7,8,49,47,4,27771139,262,1,288,13499,
572.412,11747.3,51.4798,7.39355,183.768,14.6038,336.755,1,9,-85,-5,6,55,51,15,28365058,262,1,223,13499,
573.391,11761.5,51.4799,7.39347,184.344,13.9507,337.38,1,9,-85,-5,6,55,51,15,28365058,262,1,223,13499,
574.421,11773.7,51.48,7.39341,184.862,10.9459,341.386,1,11,-88,-6,12,52,49,15,28365058,262,1,223,13499,
575.41,11784.3,51.4801,7.39343,185.236,10.623,7.03192,1,11,-88,-6,12,52,49,15,28365058,262,1,223,13499,
576.398,11795.8,51.4802,7.39349,185.712,10.4735,29.5907,1,7,-85,-6,6,55,50,5,27771139,262,1,288,13499,
577.415,11805,51.4803,7.39359,186.045,10.9614,48.1303,1,7,-85,-6,6,55,50,5,27771139,262,1,288,13499,
578.407,11815.7,51.4804,7.39371,186.542,11.9832,51.6703,1,19,-84,-5,15,56,52,5,27771139,262,1,288,13499,
579.505,11828.6,51.4804,7.39386,187.158,13.118,54.4465,1,19,-84,-5,15,56,52,5,27771139,262,1,288,13499,
580.411,11842.8,51.4805,7.39403,187.731,14.2051,55.8735,1,19,-84,-6,12,56,53,5,27771139,262,1,288,13499,
581.389,11856.6,51.4806,7.3942,188.18,15.2579,56.5354,1,19,-84,-6,12,56,53,5,27771139,262,1,288,13499,
582.405,11873,51.4806,7.3944,188.227,15.9905,57.1464,1,16,-83,-6,11,57,55,5,27771139,262,1,288,13499,
583.406,11888.2,51.4807,7.39458,188.344,16.1916,58.1273,1,16,-83,-6,11,57,55,5,27771139,262,1,288,13499,
584.406,11904.5,51.4808,7.39478,188.383,16.3847,58.5622,1,16,-83,-7,10,57,55,5,27771139,262,1,288,13499,
585.406,11921.7,51.4809,7.395,188.451,16.5127,58.7785,1,16,-83,-7,10,57,55,5,27771139,262,1,288,13499,
586.417,11938.2,51.4809,7.3952,188.502,16.811,58.9311,1,16,-83,-7,10,57,55,5,27771139,262,1,288,13499,
587.395,11955.2,51.481,7.39541,188.635,16.7807,59.8305,1,15,-83,-6,12,57,54,5,27771139,262,1,288,13499,
588.41,11971.7,51.4811,7.39562,188.759,16.6883,60.478,1,15,-83,-6,12,57,54,5,27771139,262,1,288,13499,
589.386,11988.6,51.4812,7.39583,188.953,16.7083,60.6073,1,10,-83,-5,12,57,54,5,27771139,262,1,288,13499,
590.391,12005.1,51.4812,7.39604,189.196,16.5229,60.2934,1,10,-83,-5,12,57,54,5,27771139,262,1,288,13499,
591.387,12021.9,51.4813,7.39625,189.6,16.1235,59.7924,1,1,-85,-7,10,55,53,5,27771139,262,1,288,13499,
592.405,12037.9,51.4814,7.39645,189.819,15.6729,59.1683,1,1,-85,-7,10,55,53,5,27771139,262,1,288,13499,
593.407,12053.7,51.4815,7.39665,190.278,15.2866,58.4062,1,12,-84,-6,10,56,53,5,27771139,262,1,288,13499,
594.422,12069.2,51.4815,7.39684,190.767,14.8466,57.7436,1,12,-84,-6,10,56,53,5,27771139,262,1,288,13499,
595.406,12083.2,51.4816,7.39701,190.895,14.6766,56.9604,1,9,-85,-6,10,55,52,5,27771139,262,1,288,13499,
596.405,12097.9,51.4817,7.39719,190.783,14.36,56.6229,1,9,-85,-6,10,55,52,5,27771139,262,1,288,13499,
597.405,12111.8,51.4817,7.39736,190.49,13.9038,56.1837,1,14,-83,-4,2,57,51,5,27771139,262,1,288,13499,
598.405,12125.5,51.4818,7.39752,190.103,13.6,55.4132,1,14,-83,-4,2,57,51,5,27771139,262,1,288,13499,
599.395,12138.2,51.4819,7.39768,189.605,12.9766,54.4097,1,22,-79,-4,14,61,58,9,27771139,262,1,288,13499,
600.403,12150.5,51.4819,7.39782,189.333,11.9938,53.5014,1,22,-79,-4,14,61,58,9,27771139,262,1,288,13499,
601.433,12161.5,51.482,7.39795,189.086,10.7465,52.3624,1,23,-77,-4,14,63,60,9,27771139,262,1,288,13499,
602.39,12170.9,51.4821,7.39805,188.963,9.23922,51.4869,1,23,-77,-4,14,63,60,9,27771139,262,1,288,13499,
603.409,12179.7,51.4821,7.39815,188.912,7.69902,50.4975,1,26,-77,-4,14,63,59,9,27771139,262,1,288,13499,
604.405,12186,51.4821,7.39821,188.78,6.3885,49.3614,1,26,-77,-4,14,63,59,9,27771139,262,1,288,13499,
605.406,12191.6,51.4822,7.39827,188.664,5.3006,48.6591,1,24,-77,-5,14,63,58,9,27771139,262,1,288,13499,
606.397,12196,51.4822,7.39832,188.641,4.09925,48.0052,1,24,-77,-5,14,63,58,9,27771139,262,1,288,13499,
607.39,12199.1,51.4822,7.39835,188.61,2.45881,47.1213,1,23,-78,-5,11,62,58,9,27771139,262,1,288,13499,
608.413,12200.9,51.4822,7.39837,188.566,1.38139,45.9743,1,23,-78,-5,11,62,58,9,27771139,262,1,288,13499,
609.401,12200.9,51.4822,7.39837,188.561,0,45.9743,1,23,-78,-5,11,62,58,9,27771139,262,1,288,13499,
610.398,12200.9,51.4822,7.39837,188.557,0,45.9743,1,23,-79,-5,15,61,57,9,27771139,262,1,288,13499,
611.39,12200.9,51.4822,7.39837,188.552,0,45.9743,1,23,-79,-5,15,61,57,9,27771139,262,1,288,13499,
612.397,12200.9,51.4822,7.39837,188.547,0,45.9743,1,17,-80,-5,13,60,53,9,27771139,262,1,288,13499,
613.419,12200.9,51.4822,7.39837,188.543,0,45.9743,1,17,-80,-5,13,60,53,9,27771139,262,1,288,13499,
614.404,12200.9,51.4822,7.39837,188.538,0,45.9743,1,21,-79,-5,2,61,56,9,27771139,262,1,288,13499,
615.359,12200.9,51.4822,7.39837,188.534,0,45.9743,1,21,-79,-5,2,61,56,9,27771139,262,1,288,13499,
616.39,12200.9,51.4822,7.39837,188.531,0,45.9743,1,17,-80,-5,2,60,55,9,27771139,262,1,288,13499,
617.393,12200.9,51.4822,7.39837,188.528,0,45.9743,1,17,-80,-5,2,60,55,9,27771139,262,1,288,13499,
618.398,12200.9,51.4822,7.39837,188.526,0,45.9743,1,15,-81,-5,2,59,54,9,27771139,262,1,288,13499,
619.405,12200.9,51.4822,7.39837,188.524,0,45.9743,1,15,-81,-5,2,59,54,9,27771139,262,1,288,13499,
620.404,12200.9,51.4822,7.39837,188.528,0,45.9743,1,17,-82,-5,2,58,53,9,27771139,262,1,288,13499,
621.413,12200.9,51.4822,7.39837,188.535,0,45.9743,1,17,-82,-5,2,58,53,9,27771139,262,1,288,13499,
622.394,12200.9,51.4822,7.39837,188.543,0,45.9743,1,17,-82,-5,2,58,53,9,27771139,262,1,288,13499,
623.412,12200.9,51.4822,7.39837,188.55,0,45.9743,1,17,-82,-5,2,58,53,9,27771139,262,1,288,13499,
624.403,12200.9,51.4822,7.39837,188.558,0,45.9743,1,16,-83,-5,2,57,53,9,27771139,262,1,288,13499,
625.404,12200.9,51.4822,7.39837,188.566,0,45.9743,1,16,-83,-5,2,57,53,9,27771139,262,1,288,13499,
626.421,12200.9,51.4822,7.39837,188.574,0,45.9743,1,14,-83,-5,2,57,53,9,27771139,262,1,288,13499,
627.417,12200.9,51.4822,7.39837,188.583,0,45.9743,1,14,-83,-5,2,57,53,9,27771139,262,1,288,13499,
628.409,12200.9,51.4822,7.39837,188.589,0,45.9743,1,14,-83,-6,2,57,53,9,27771139,262,1,288,13499,
629.386,12200.9,51.4822,7.39837,188.595,0,45.9743,1,14,-83,-6,2,57,53,9,27771139,262,1,288,13499,
630.395,12200.9,51.4822,7.39837,188.601,0,45.9743,1,18,-83,-5,2,57,53,9,27771139,262,1,288,13499,
631.479,12200.9,51.4822,7.39837,188.653,0,45.9743,1,18,-83,-5,2,57,53,9,27771139,262,1,288,13499,
632.385,12200.9,51.4822,7.39837,188.696,0,47.0686,1,21,-82,-6,13,58,55,10,27771139,262,1,288,13499,
633.391,12200.9,51.4822,7.39837,188.711,0,46.4456,1,21,-82,-6,13,58,55,10,27771139,262,1,288,13499,
634.42,12210.2,51.4823,7.39847,189.021,5.20117,44.9101,1,22,-80,-5,15,60,55,10,27771139,262,1,288,13499,
635.41,12216.7,51.4823,7.39853,189.317,6.68404,43.4589,1,22,-80,-5,15,60,55,10,27771139,262,1,288,13499,
636.428,12225.1,51.4824,7.39861,189.201,7.67406,42.3357,1,20,-81,-5,13,59,54,10,27771139,262,1,288,13499,
637.412,12233.8,51.4825,7.39868,188.688,8.37012,41.1754,1,20,-81,-5,13,59,54,10,27771139,262,1,288,13499,
638.404,12242.7,51.4825,7.39876,188.119,8.81515,39.8509,1,20,-81,-5,13,59,54,10,27771139,262,1,288,13499,
639.42,12251.8,51.4826,7.39883,187.592,9.18314,38.9526,1,10,-86,-7,10,54,51,10,27771139,262,1,288,13499,
640.408,12261.7,51.4827,7.39891,186.95,9.09065,37.9044,1,10,-86,-7,10,54,51,10,27771139,262,1,288,13499,
641.424,12270.5,51.4827,7.39897,186.406,8.98022,36.6193,1,10,-89,-7,8,51,48,10,27771139,262,1,288,13499,
642.423,12280.3,51.4828,7.39905,186.243,8.87006,34.845,1,10,-89,-7,8,51,48,10,27771139,262,1,288,13499,
643.405,12289.3,51.4829,7.39912,186.151,8.85139,35.6002,1,12,-83,-5,14,57,53,10,27771139,262,1,288,13499,
644.406,12300.3,51.483,7.39921,186.377,10.5161,34.7646,1,12,-83,-5,14,57,53,10,27771139,262,1,288,13499,
645.403,12313.4,51.4831,7.39931,186.923,12.8132,33.7387,1,6,-88,-8,12,52,49,10,27771139,262,1,288,13499,
646.398,12326.3,51.4832,7.39941,187.057,13.1197,33.7765,1,6,-88,-8,12,52,49,10,27771139,262,1,288,13499,
647.413,12339,51.4833,7.39952,187.13,14.2976,34.2703,1,9,-87,-5,11,53,48,10,27771139,262,1,288,13499,
648.462,12353.3,51.4834,7.39963,187.387,15.1955,33.4122,1,9,-87,-5,11,53,48,10,27771139,262,1,288,13499,
649.397,12368,51.4835,7.39976,187.679,15.1146,33.9451,1,9,-96,-8,6,44,43,10,27771139,262,1,288,13499,
650.425,12382.6,51.4836,7.39987,187.877,14.8709,34.6746,1,9,-96,-8,6,44,43,10,27771139,262,1,288,13499,
651.395,12397.3,51.4837,7.4,188.017,14.5764,35.138,1,10,-93,-6,2,47,46,10,28365058,262,1,223,13499,
652.397,12411.9,51.4838,7.40011,188.02,14.6139,35.6462,1,10,-93,-6,2,47,46,10,28365058,262,1,223,13499,
653.407,12426.8,51.4839,7.40024,187.961,14.945,36.1501,1,16,-91,-6,2,49,46,10,28365058,262,1,223,13499,
654.416,12441.5,51.484,7.40036,187.815,14.8922,36.633,1,16,-91,-6,2,49,46,10,28365058,262,1,223,13499,
655.411,12456.2,51.4841,7.40048,187.701,14.7491,37.0749,1,13,-92,-6,2,48,45,10,28365058,262,1,223,13499,
656.418,12471.4,51.4842,7.40062,187.586,14.7704,37.5852,1,13,-92,-6,2,48,45,10,28365058,262,1,223,13499,
657.397,12486.8,51.4843,7.40076,187.49,15.075,38.5399,1,13,-92,-6,2,48,45,10,28365058,262,1,223,13499,
658.412,12486.8,51.4841,7.40164,nan,14.5141,39.1256,1,13,-92,-6,2,48,45,10,28365058,262,1,223,13499,
659.408,12486.8,51.4845,7.40103,187.534,14.7426,40.3226,1,9,-95,-7,12,45,43,9,28365058,262,1,223,13499,
660.402,12502.5,51.4846,7.40118,187.67,14.8257,41.5608,1,9,-95,-7,12,45,43,9,28365058,262,1,223,13499,
661.407,12517,51.4847,7.40132,187.667,14.6212,42.1977,1,9,-98,-7,4,42,40,9,28365058,262,1,223,13499,
662.397,12531.8,51.4848,7.40147,187.783,14.4105,42.1409,1,9,-98,-7,4,42,40,9,28365058,262,1,223,13499,
663.395,12546.6,51.4849,7.40161,187.542,14.3069,41.5435,1,7,-98,-8,10,42,41,9,28365058,262,1,223,13499,
664.402,12561.2,51.485,7.40176,186.892,14.2989,42.5155,1,7,-98,-8,10,42,41,9,28365058,262,1,223,13499,
665.392,12575.3,51.4851,7.4019,185.934,14.2625,43.0969,1,9,-97,-7,11,43,40,9,28365058,262,1,223,13499,
666.395,12589,51.4852,7.40204,185.045,13.8403,43.9971,1,9,-97,-7,11,43,40,9,28365058,262,1,223,13499,
667.402,12601.9,51.4853,7.40218,184.398,13.2616,45.3815,1,9,-97,-7,11,43,40,9,28365058,262,1,223,13499,
668.423,12614.3,51.4854,7.40232,184.152,11.8642,47.6637,1,10,-92,-6,8,48,43,9,28365058,262,1,223,13499,
669.408,12626.7,51.4854,7.40246,184.018,11.3587,48.5393,1,10,-92,-6,8,48,43,9,28365058,262,1,223,13499,
670.389,12637,51.4855,7.40257,184.397,10.1864,49.3474,1,5,-96,-7,7,44,41,9,28365058,262,1,223,13499,
671.383,12645.8,51.4855,7.40267,184.767,8.50402,48.6219,1,5,-96,-7,7,44,41,9,28365058,262,1,223,13499,
672.398,12653.3,51.4856,7.40273,185.028,7.81366,28.8748,1,20,-96,-6,7,44,41,9,28365058,262,1,223,13499,
673.402,12661.9,51.4857,7.40276,185.358,7.83538,7.44717,1,20,-96,-6,7,44,41,9,28365058,262,1,223,13499,
674.429,12668.3,51.4857,7.40275,185.227,8.14784,348.095,1,11,-89,-6,6,51,42,16,29391105,262,1,351,13499,
675.39,12675.7,51.4858,7.40271,184.888,8.75628,330.143,1,11,-89,-6,6,51,42,16,29391105,262,1,351,13499,
676.392,12683.7,51.4858,7.40264,184.68,9.5241,327.491,1,3,-100,-8,6,40,40,8,28365058,262,1,223,13499,
677.393,12693.5,51.4859,7.40256,185.028,10.2348,325.845,1,3,-100,-8,6,40,40,8,28365058,262,1,223,13499,
678.404,12704.1,51.486,7.40247,185.358,11.432,326.131,1,6,-98,-8,10,42,41,8,28365058,262,1,223,13499,
679.422,12716.2,51.4861,7.40237,185.767,12.4749,326.598,1,6,-98,-8,10,42,41,8,28365058,262,1,223,13499,
680.405,12728.7,51.4862,7.40227,185.929,13.2901,327.351,1,4,-99,-11,8,41,43,8,28365058,262,1,223,13499,
681.382,12741.1,51.4863,7.40217,186.25,13.0488,328.617,1,4,-99,-11,8,41,43,8,28365058,262,1,223,13499,
682.379,12753.8,51.4864,7.40208,186.094,13.4186,330.829,1,4,-95,-8,6,45,45,4,26385409,262,1,93,13499,
683.397,12767.6,51.4865,7.402,185.828,13.5721,332.607,1,4,-95,-8,6,45,45,4,26385409,262,1,93,13499,
684.434,12781.9,51.4866,7.40192,185.736,14.3651,335.33,1,11,-92,-7,11,48,46,4,26385409,262,1,93,13499,
685.488,12798.4,51.4867,7.40183,185.536,15.4821,338.709,1,11,-92,-7,11,48,46,4,26385409,262,1,93,13499,
686.412,12813.4,51.4869,7.40177,185.217,15.9577,341.402,1,7,-95,-7,11,45,43,4,26385409,262,1,93,13499,
687.39,12829.1,51.487,7.40171,185.202,15.2985,344.076,1,7,-95,-7,11,45,43,4,26385409,262,1,93,13499,
688.391,12843.4,51.4871,7.40168,184.855,15.356,347.383,1,10,-91,-7,8,49,47,4,26385409,262,1,93,13499,
689.405,12860,51.4873,7.40165,184.254,15.3734,350.894,1,10,-91,-7,8,49,47,4,26385409,262,1,93,13499,
690.403,12876.8,51.4874,7.40164,183.666,15.434,353.551,1,23,-84,-6,10,56,52,4,26385409,262,1,93,13499,
691.414,12891.2,51.4876,7.40165,183.052,15.0479,355.476,1,23,-84,-6,10,56,52,4,26385409,262,1,93,13499,
692.41,12907.3,51.4877,7.40165,182.672,14.9751,356.796,1,23,-84,-6,10,56,52,4,26385409,262,1,93,13499,
693.4,12921.5,51.4878,7.40166,182.388,15.1651,358.005,1,23,-84,-5,11,56,52,4,26385409,262,1,93,13499,
694.407,12936.2,51.488,7.40167,182.055,14.8532,358.694,1,23,-84,-5,11,56,52,4,26385409,262,1,93,13499,
695.405,12951.4,51.4881,7.40169,181.706,14.5481,359.167,1,20,-85,-6,11,55,53,4,26385409,262,1,93,13499,
696.405,12966.1,51.4882,7.4017,181.267,13.9824,359.607,1,20,-85,-6,11,55,53,4,26385409,262,1,93,13499,
697.404,12980,51.4884,7.40171,180.876,13.6133,0.503886,1,18,-75,-5,14,65,59,4,26385409,262,1,93,13499,
698.403,12980,51.4887,7.40159,nan,12.6332,0.463699,1,18,-75,-5,14,65,59,4,26385409,262,1,93,13499,
699.408,12980,51.4886,7.40173,179.815,11.6393,1.01627,1,14,-81,-5,14,59,54,4,26385409,262,1,93,13499,
700.42,12991,51.4887,7.40173,179.538,10.4883,0.657606,1,14,-81,-5,14,59,54,4,26385409,262,1,93,13499,
701.402,13000.9,51.4888,7.40174,179.324,9.03781,0.247884,1,17,-84,-8,12,56,53,4,26385409,262,1,93,13499,
702.404,13010.4,51.4889,7.40174,179.023,8.80286,359.484,1,17,-84,-8,12,56,53,4,26385409,262,1,93,13499,
703.405,13018.3,51.4889,7.40174,178.761,7.42587,0.182557,1,22,-82,-8,12,58,57,4,26385409,262,1,93,13499,
704.414,13024.7,51.489,7.40174,178.587,6.20878,0.218246,1,22,-82,-8,12,58,57,4,26385409,262,1,93,13499,
705.396,13030.3,51.489,7.40174,178.425,4.97128,0.198726,1,10,-81,-8,6,59,57,2,26385410,262,1,94,13499,
706.427,13035.2,51.4891,7.40174,178.388,4.01694,0.815016,1,10,-81,-8,6,59,57,2,26385410,262,1,94,13499,
707.409,13039.3,51.4891,7.40175,178.398,2.75977,358.738,1,19,-79,-7,15,61,58,2,26385410,262,1,94,13499,
708.418,13040.5,51.4891,7.40175,178.359,2.48981,359.938,1,19,-79,-7,15,61,58,2,26385410,262,1,94,13499,
709.415,13043.1,51.4891,7.40175,178.325,2.43818,0.782564,1,32,-78,-5,14,62,59,2,26385410,262,1,94,13499,
710.387,13046.7,51.4892,7.40175,178.278,3.0649,1.54166,1,32,-78,-5,14,62,59,2,26385410,262,1,94,13499,
711.409,13051.5,51.4892,7.40176,178.245,4.09973,0.83394,1,38,-64,-6,15,76,63,2,26385410,262,1,94,13499,
712.399,13057,51.4893,7.40176,177.723,5.8471,0.406935,1,38,-64,-6,15,76,63,2,26385410,262,1,94,13499,
713.391,13062.5,51.4893,7.40176,177.356,5.74855,2.84814,1,36,-67,-5,15,73,63,2,26385410,262,1,94,13499,
714.395,13068.9,51.4894,7.40181,176.998,6.13712,35.9306,1,36,-67,-5,15,73,63,2,26385410,262,1,94,13499,
715.392,13076.3,51.4894,7.4019,176.866,7.80652,58.097,1,36,-67,-5,15,73,63,2,26385410,262,1,94,13499,
716.405,13083.8,51.4894,7.402,176.738,9.00813,82.9712,1,32,-74,-6,15,66,63,2,26385410,262,1,94,13499,
717.407,13094.7,51.4894,7.40216,176.142,10.4139,85.151,1,32,-74,-6,15,66,63,2,26385410,262,1,94,13499,
718.405,13105.8,51.4894,7.40232,175.125,11.8071,87.342,1,21,-72,-6,14,68,63,2,26385410,262,1,94,13499,
719.413,13116.5,51.4894,7.40248,174.186,12.9323,88.3521,1,21,-72,-6,14,68,63,2,26385410,262,1,94,13499,
720.386,13129.3,51.4894,7.40266,173.8,13.7379,89.029,1,25,-77,-6,14,63,61,1,26385410,262,1,94,13499,
721.404,13143.4,51.4894,7.40286,173.474,13.8982,89.8116,1,25,-77,-6,14,63,61,1,26385410,262,1,94,13499,
722.465,13157,51.4894,7.40306,173.125,13.9396,90.3736,1,24,-77,-7,14,63,60,1,26385410,262,1,94,13499,
723.393,13171.8,51.4894,7.40327,172.844,14.191,90.4879,1,24,-77,-7,14,63,60,1,26385410,262,1,94,13499,
724.396,13185.8,51.4894,7.40348,172.601,14.6172,91.4426,1,20,-74,-7,14,66,63,1,26385410,262,1,94,13499,
725.412,13200.4,51.4894,7.40369,172.393,14.6984,91.7328,1,20,-74,-7,14,66,63,1,26385410,262,1,94,13499,
726.405,13214.8,51.4894,7.40389,172.378,14.6946,91.0674,1,21,-69,-6,15,71,63,1,26385410,262,1,94,13499,
727.409,13229.4,51.4894,7.40411,172.273,14.5503,90.9735,1,21,-69,-6,15,71,63,1,26385410,262,1,94,13499,
728.386,13243.2,51.4894,7.40431,172.173,14.2578,90.9905,1,26,-69,-8,12,71,63,1,26385410,262,1,94,13499,
729.397,13256.9,51.4894,7.4045,172.284,14.0872,90.851,1,26,-69,-8,12,71,63,1,26385410,262,1,94,13499,
730.396,13270.8,51.4894,7.40471,172.474,13.8926,90.9031,1,17,-73,-7,6,67,63,1,26385408,262,1,95,13499,
731.411,13284.7,51.4894,7.4049,172.805,13.8892,89.9808,1,17,-73,-7,6,67,63,1,26385408,262,1,95,13499,
732.415,13298.7,51.4894,7.40511,173.016,13.7259,89.0695,1,22,-73,-6,15,67,63,1,26385408,262,1,95,13499,
733.404,13312.7,51.4894,7.40531,173.138,13.3632,87.8847,1,22,-73,-6,15,67,63,1,26385408,262,1,95,13499,
734.404,13325.1,51.4894,7.40549,173.506,13.3518,85.8473,1,20,-71,-6,14,69,63,1,26385408,262,1,95,13499,
735.403,13337.7,51.4894,7.40567,174.326,13.2084,84.633,1,20,-71,-6,14,69,63,1,26385408,262,1,95,13499,
736.396,13351.7,51.4894,7.40587,175,13.4925,82.3425,1,24,-75,-6,12,65,62,1,26385408,262,1,95,13499,
737.415,13365.8,51.4895,7.40607,175.412,13.4423,80.5941,1,24,-75,-6,12,65,62,1,26385408,262,1,95,13499,
738.413,13379.9,51.4895,7.40626,175.725,13.564,79.606,1,18,-75,-6,12,65,61,1,26385408,262,1,95,13499,
739.406,13379.9,51.4894,7.40478,nan,13.6704,79.1355,1,18,-75,-6,12,65,61,1,26385408,262,1,95,13499,
740.418,13379.9,51.4896,7.40664,176.459,13.5382,78.675,1,18,-75,-6,12,65,60,1,26385408,262,1,95,13499,
741.415,13393.2,51.4896,7.40682,176.796,13.3883,77.715,1,18,-75,-6,12,65,60,1,26385408,262,1,95,13499,
742.404,13407.5,51.4896,7.40703,177.008,13.2942,77.3642,1,18,-75,-6,12,65,60,1,26385408,262,1,95,13499,
743.41,13420.6,51.4896,7.40721,176.737,13.1983,77.7531,1,12,-72,-6,12,68,63,1,26385408,262,1,95,13499,
744.414,13433.6,51.4897,7.4074,176.352,13.2861,78.4463,1,12,-72,-6,12,68,63,1,26385408,262,1,95,13499,
745.406,13446.9,51.4897,7.40758,175.912,13.3889,78.7941,1,16,-78,-6,2,62,59,1,26385408,262,1,95,13499,
746.403,13460.2,51.4897,7.40777,175.184,13.5953,78.4777,1,16,-78,-6,2,62,59,1,26385408,262,1,95,13499,
747.409,13473.2,51.4897,7.40796,174.989,13.6758,78.6766,1,17,-76,-6,2,64,60,1,26385408,262,1,95,13499,
748.405,13486.8,51.4898,7.40815,174.976,13.7649,78.1525,1,17,-76,-6,2,64,60,1,26385408,262,1,95,13499,
749.407,13501,51.4898,7.40835,174.996,13.8731,77.2391,1,14,-76,-6,2,64,60,1,26385408,262,1,95,13499,
750.405,13515.2,51.4898,7.40855,174.831,13.9672,77.7382,1,14,-76,-6,2,64,60,1,26385408,262,1,95,13499,
751.41,13528.9,51.4898,7.40874,174.524,14.0383,77.9166,1,13,-75,-6,2,65,59,1,26385408,262,1,95,13499,
752.399,13542.9,51.4899,7.40894,174.102,14.0748,78.4529,1,13,-75,-6,2,65,59,1,26385408,262,1,95,13499,
753.39,13557.1,51.4899,7.40914,173.448,14.1057,77.9073,1,22,-77,-7,2,63,59,1,26385408,262,1,95,13499,
754.394,13571.1,51.4899,7.40934,172.699,14.1505,78.3633,1,22,-77,-7,2,63,59,1,26385408,262,1,95,13499,
755.389,13585.5,51.4899,7.40955,172.003,14.1821,77.8463,1,21,-76,-6,2,64,61,1,26385408,262,1,95,13499,
756.408,13599.4,51.49,7.40974,171.283,14.1649,78.4262,1,21,-76,-6,2,64,61,1,26385408,262,1,95,13499,
757.404,13613.2,51.49,7.40994,170.43,14.1352,78.6347,1,18,-76,-6,2,64,61,1,26385408,262,1,95,13499,
758.397,13627.3,51.49,7.41014,169.504,14.1681,78.6685,1,18,-76,-6,2,64,61,1,26385408,262,1,95,13499,
759.378,13627.3,51.4899,7.41014,nan,14.1834,79.1123,1,16,-77,-7,13,63,62,5,26385408,262,1,95,13499,
760.405,13627.3,51.4901,7.41054,167.668,13.9864,78.1243,1,16,-77,-7,13,63,62,5,26385408,262,1,95,13499,
761.399,13640.8,51.4901,7.41073,166.559,13.909,78.1213,1,16,-84,-5,11,56,52,5,26385408,262,1,95,13499,
762.395,13654.6,51.4901,7.41092,165.428,13.8092,77.3788,1,16,-84,-5,11,56,52,5,26385408,262,1,95,13499,
763.39,13667.9,51.4902,7.41111,164.546,13.628,78.8219,1,14,-87,-6,10,53,50,5,26385408,262,1,95,13499,
