0.107,0,51.4501,7.48823,245.049,7.35274,170.982,1,13,-96,-9,2,44,45,6,28371201,262,1,66,13499,
1.398,0,51.4508,7.48938,nan,8.82487,170.255,1,13,-96,-9,2,44,45,6,28371201,262,1,66,13499,
2.445,0,51.45,7.48828,245.479,10.3766,169.864,1,10,-96,-11,8,44,47,7,28371201,262,1,66,13499,
3.495,12.7209,51.4499,7.48831,245.815,11.467,170.588,1,10,-96,-11,8,44,47,7,28371201,262,1,66,13499,
4.541,25.6029,51.4497,7.48835,246.236,13.5239,171.254,1,22,-99,-11,12,41,43,7,28371201,262,1,66,13499,
5.596,39.8757,51.4496,7.48838,246.865,14.6707,172.752,1,22,-99,-11,12,41,43,7,28371201,262,1,66,13499,
6.596,53.9184,51.4495,7.4884,247.405,14.7321,174.369,1,21,-99,-11,10,41,44,7,28371201,262,1,66,13499,
7.571,70.1148,51.4493,7.48841,248.065,14.9926,176.213,1,21,-99,-11,10,41,44,7,28371201,262,1,66,13499,
8.599,86.0276,51.4492,7.48842,248.582,13.2308,178.777,1,13,-100,-11,9,40,42,7,28371201,262,1,66,13499,
9.589,101.273,51.4491,7.48841,248.952,13.4046,181.462,1,13,-100,-11,9,40,42,7,28371201,262,1,66,13499,
10.59,117.013,51.4489,7.4884,248.998,14.5028,183.975,1,14,-102,-11,10,38,41,7,28371201,262,1,66,13499,
11.57,133.79,51.4488,7.48837,249.321,15.0566,185.975,1,14,-102,-11,10,38,41,7,28371201,262,1,66,13499,
12.589,149.13,51.4486,7.48833,249.614,14.356,188.031,1,4,-105,-12,8,35,39,7,28371201,262,1,66,13499,
13.596,165.101,51.4485,7.48829,249.435,14.5166,190.299,1,4,-105,-12,8,35,39,7,28371201,262,1,66,13499,
14.591,181.101,51.4484,7.48824,249.719,15.0595,191.76,1,-5,-109,-14,6,31,35,7,28371201,262,1,66,13499,
15.584,195.496,51.4482,7.48819,249.681,15.124,192.376,1,-5,-109,-14,6,31,35,7,28371201,262,1,66,13499,
16.571,210.936,51.4481,7.48814,249.663,15.4125,192.707,1,-2,-111,-14,2,29,34,7,28371201,262,1,66,13499,
17.608,226.232,51.448,7.48808,250.185,15.2821,192.664,1,-2,-111,-14,2,29,34,7,28371201,262,1,66,13499,
18.586,241.886,51.4478,7.48802,250.522,15.798,191.296,1,4,-109,-11,2,31,33,7,27771909,262,1,151,13499,
19.608,257.39,51.4477,7.48798,251.17,14.8815,188.509,1,4,-109,-11,2,31,33,7,27771909,262,1,151,13499,
20.571,271.327,51.4476,7.48795,251.866,14.2131,186.64,1,1,-107,-11,2,33,35,7,27771909,262,1,151,13499,
21.595,271.327,51.4446,7.48431,nan,13.963,184.117,1,1,-107,-11,2,33,35,7,27771909,262,1,151,13499,
22.601,271.327,51.4473,7.48792,252.568,14.311,181.647,1,4,-107,-10,2,33,35,7,27771909,262,1,151,13499,
23.581,285.201,51.4472,7.48792,252.404,13.9251,179.285,1,4,-107,-10,2,33,35,7,27771909,262,1,151,13499,
24.591,298.14,51.4471,7.48794,252.241,13.6922,177.126,1,4,-107,-10,2,33,35,7,27771909,262,1,151,13499,
25.58,312.183,51.4469,7.48798,252.333,15.2763,173.333,1,4,-105,-9,2,35,35,7,27771909,262,1,151,13499,
26.59,327.668,51.4468,7.48802,252.361,15.1136,170.796,1,4,-105,-9,2,35,35,7,27771909,262,1,151,13499,
27.578,342.439,51.4467,7.48807,252.163,15.2526,167.908,1,-2,-106,-9,2,34,34,7,27771909,262,1,151,13499,
28.591,356.784,51.4466,7.48814,252.23,14.8858,164.525,1,-2,-106,-9,2,34,34,7,27771909,262,1,151,13499,
29.58,371.607,51.4464,7.48822,252.658,15.1139,161.298,1,-8,-109,-10,2,31,33,7,27771909,262,1,151,13499,
30.572,387.355,51.4463,7.48832,253.079,15.1529,157.711,1,-8,-109,-10,2,31,33,7,27771909,262,1,151,13499,
31.579,402.907,51.4462,7.48843,253.523,15.288,154.38,1,7,-107,-12,2,33,36,7,28371201,262,1,66,13499,
32.598,419.859,51.4461,7.48855,254.273,15.6712,151.729,1,7,-107,-12,2,33,36,7,28371201,262,1,66,13499,
33.59,437.427,51.4459,7.48869,254.994,15.502,148.506,1,4,-103,-11,2,37,39,7,28371201,262,1,66,13499,
34.58,453.442,51.4458,7.48884,255.996,15.1952,144.51,1,4,-103,-11,2,37,39,7,28371201,262,1,66,13499,
35.582,469.24,51.4457,7.48899,257.637,15.4827,141.135,1,7,-102,-10,2,38,38,7,28371201,262,1,66,13499,
36.577,485.05,51.4456,7.48916,259.179,15.3346,137.471,1,7,-102,-10,2,38,38,7,28371201,262,1,66,13499,
37.585,500.764,51.4455,7.48934,260.585,15.5291,134.762,1,8,-105,-10,2,35,35,7,28371201,262,1,66,13499,
38.591,518.151,51.4454,7.48954,261.857,15.5527,132.492,1,8,-105,-10,2,35,35,7,28371201,262,1,66,13499,
39.581,533.926,51.4453,7.48973,262.833,15.5072,130.658,1,10,-105,-10,2,35,36,7,28371201,262,1,66,13499,
40.598,548.362,51.4453,7.4899,263.599,15.8203,130.055,1,10,-105,-10,2,35,36,7,28371201,262,1,66,13499,
41.588,548.362,51.4508,7.48938,nan,15.7145,129.226,1,7,-105,-10,2,35,36,14,28371201,262,1,66,13499,
42.573,548.362,51.4451,7.49026,264.379,15.035,128.47,1,7,-105,-10,2,35,36,14,28371201,262,1,66,13499,
43.579,563.166,51.445,7.49044,264.857,14.4518,128.099,1,5,-104,-8,6,36,35,14,28371201,262,1,66,13499,
44.593,577.895,51.445,7.49061,265.163,14.1297,128.794,1,5,-104,-8,6,36,35,14,28371201,262,1,66,13499,
45.58,592.034,51.4449,7.49078,265.3,12.9432,128.242,1,15,-108,-11,7,32,34,14,28371201,262,1,66,13499,
46.592,603.604,51.4448,7.49092,265.654,13.2813,129.089,1,15,-108,-11,7,32,34,14,28371201,262,1,66,13499,
47.577,614.445,51.4448,7.49106,265.703,11.9018,128.532,1,6,-108,-10,8,32,33,14,28371201,262,1,66,13499,
48.601,626.303,51.4447,7.4912,266.193,10.2954,127.743,1,6,-108,-10,8,32,33,14,28371201,262,1,66,13499,
49.592,636.143,51.4447,7.49132,266.626,9.17992,128.027,1,0,-114,-12,5,26,29,7,27771904,262,1,66,13499,
50.6,644.543,51.4446,7.49142,266.76,8.01438,127.696,1,0,-114,-12,5,26,29,7,27771904,262,1,66,13499,
51.595,651.549,51.4446,7.4915,266.669,6.52684,126.985,1,0,-114,-12,5,26,29,7,27771904,262,1,66,13499,
52.587,657.624,51.4446,7.49158,266.656,3.91934,127.229,1,22,-80,-9,15,60,58,7,27771904,262,1,487,13499,
53.582,659.345,51.4446,7.4916,266.675,0.881401,127.229,1,22,-80,-9,15,60,58,7,27771904,262,1,487,13499,
54.596,659.345,51.4446,7.4916,266.68,0,127.229,1,24,-81,-9,14,59,56,7,27771904,262,1,487,13499,
55.677,659.345,51.4446,7.4916,266.682,0,127.229,1,24,-81,-9,14,59,56,7,27771904,262,1,487,13499,
56.594,659.345,51.4446,7.4916,266.684,0,127.229,1,15,-81,-8,11,59,57,7,27771904,262,1,487,13499,
57.582,659.345,51.4446,7.4916,266.686,0,127.229,1,15,-81,-8,11,59,57,7,27771904,262,1,487,13499,
58.589,659.345,51.4446,7.4916,266.691,0,127.229,1,16,-81,-8,11,59,56,7,27771904,262,1,487,13499,
59.579,659.345,51.4446,7.4916,266.696,0,127.229,1,16,-81,-8,11,59,56,7,27771904,262,1,487,13499,
60.604,659.345,51.4446,7.4916,266.701,0,127.229,1,20,-81,-8,15,59,57,7,27771904,262,1,487,13499,
61.589,659.345,51.4415,7.50587,nan,0,127.229,1,20,-81,-8,15,59,57,7,27771904,262,1,487,13499,
62.618,659.345,51.4446,7.4916,266.712,0,127.229,1,27,-80,-7,15,60,57,7,27771904,262,1,487,13499,
63.597,659.345,51.4446,7.4916,266.718,0,127.229,1,27,-80,-7,15,60,57,7,27771904,262,1,487,13499,
64.59,659.345,51.4446,7.4916,266.723,0,127.229,1,23,-81,-6,15,59,55,7,27771904,262,1,487,13499,
65.597,659.345,51.4446,7.4916,266.729,0,127.229,1,23,-81,-6,15,59,55,7,27771904,262,1,487,13499,
66.602,659.345,51.4446,7.4916,266.734,0,127.229,1,21,-80,-6,15,60,56,7,27771904,262,1,487,13499,
67.602,659.345,51.4446,7.4916,266.739,0,127.229,1,21,-80,-6,15,60,56,7,27771904,262,1,487,13499,
68.606,659.345,51.4446,7.4916,266.743,0,127.229,1,18,-80,-9,12,60,58,7,27771904,262,1,487,13499,
69.594,659.345,51.4446,7.4916,266.746,0,127.229,1,18,-80,-9,12,60,58,7,27771904,262,1,487,13499,
70.59,659.345,51.4446,7.4916,266.748,0,127.229,1,18,-80,-9,12,60,58,7,27771904,262,1,487,13499,
71.59,659.345,51.4446,7.4916,266.749,0,127.229,1,16,-81,-8,11,59,57,7,27771904,262,1,487,13499,
72.583,659.345,51.4446,7.4916,266.755,0,127.229,1,16,-81,-8,11,59,57,7,27771904,262,1,487,13499,
73.586,659.345,51.4446,7.4916,266.763,0,127.229,1,15,-80,-6,11,60,56,7,27771904,262,1,487,13499,
74.608,659.345,51.4446,7.4916,266.771,0,127.229,1,15,-80,-6,11,60,56,7,27771904,262,1,487,13499,
75.59,659.345,51.4446,7.4916,266.779,0,127.229,1,24,-79,-8,2,61,57,7,27771904,262,1,487,13499,
76.581,659.345,51.4446,7.4916,266.787,0,127.229,1,24,-79,-8,2,61,57,7,27771904,262,1,487,13499,
77.603,659.345,51.4446,7.4916,266.8,0,127.229,1,3,-109,-11,2,31,32,7,27771907,262,1,150,13499,
78.59,659.345,51.4446,7.4916,266.818,0,127.229,1,3,-109,-11,2,31,32,7,27771907,262,1,150,13499,
79.591,659.345,51.4446,7.4916,266.839,0,127.229,1,2,-109,-10,2,31,32,7,27771907,262,1,150,13499,
80.582,659.345,51.4446,7.4916,267.04,0,127.229,1,2,-109,-10,2,31,32,7,27771907,262,1,150,13499,
81.593,659.345,51.4443,7.48846,nan,0,126.208,1,3,-109,-10,2,31,33,7,27771907,262,1,150,13499,
82.62,659.345,51.4446,7.4916,269.072,0,141.247,1,3,-109,-10,2,31,33,7,27771907,262,1,150,13499,
83.585,673.166,51.4445,7.49172,270.477,6.35649,165.976,1,6,-107,-10,2,33,35,7,27771907,262,1,150,13499,
84.582,683.047,51.4444,7.49172,271.016,7.27696,189.91,1,6,-107,-10,2,33,35,7,27771907,262,1,150,13499,
85.582,688.606,51.4443,7.49166,271.887,7.59057,212.614,1,13,-104,-9,2,36,36,7,27771907,262,1,150,13499,
86.592,695.975,51.4443,7.49159,272.233,8.98711,214.236,1,13,-104,-9,2,36,36,7,27771907,262,1,150,13499,
87.571,705.084,51.4442,7.49151,272.402,10.1924,214.648,1,14,-100,-7,2,40,38,7,27771907,262,1,150,13499,
88.575,715.848,51.4442,7.49141,272.763,11.2939,214.288,1,14,-100,-7,2,40,38,7,27771907,262,1,150,13499,
89.59,727.542,51.4441,7.49131,273.03,12.7102,214.622,1,22,-94,-6,2,46,43,7,27771907,262,1,150,13499,
90.577,739.838,51.444,7.49121,273.039,13.8103,215.13,1,22,-94,-6,2,46,43,7,27771907,262,1,150,13499,
91.58,754.523,51.4439,7.49108,273.066,14.8648,215.5,1,22,-92,-6,2,48,45,7,27771907,262,1,150,13499,
92.579,769.119,51.4438,7.49096,272.446,15.7674,215.55,1,22,-92,-6,2,48,45,7,27771907,262,1,150,13499,
93.586,783.558,51.4437,7.49083,271.702,15.8665,216.137,1,22,-92,-6,2,48,45,7,27771907,262,1,150,13499,
94.649,799.083,51.4436,7.4907,271.156,16.1563,216.76,1,30,-85,-6,2,55,52,7,27771907,262,1,150,13499,
95.571,815.328,51.4434,7.49056,270.501,16.2881,216.531,1,30,-85,-6,2,55,52,7,27771907,262,1,150,13499,
96.571,831.892,51.4433,7.49041,270.054,16.421,216.149,1,29,-74,-5,14,66,62,4,27771907,262,1,150,13499,
97.581,848.744,51.4432,7.49026,270.073,16.426,215.825,1,29,-74,-5,14,66,62,4,27771907,262,1,150,13499,
98.594,866.057,51.4431,7.49012,270.584,16.2796,216.489,1,19,-90,-6,12,50,48,4,27771907,262,1,150,13499,
99.596,882.043,51.443,7.48998,271.16,15.7107,216.688,1,19,-90,-6,12,50,48,4,27771907,262,1,150,13499,
100.589,898.014,51.4428,7.48985,271.498,14.5296,216.046,1,26,-85,-6,15,55,53,4,27771907,262,1,150,13499,
101.59,898.014,51.4443,7.48846,nan,14.1626,215.858,1,26,-85,-6,15,55,53,4,27771907,262,1,150,13499,
102.581,898.014,51.4426,7.48961,271.656,14.7391,216.845,1,25,-78,-5,15,62,58,4,27771907,262,1,150,13499,
103.581,913.225,51.4425,7.48948,271.601,15.2701,216.61,1,25,-78,-5,15,62,58,4,27771907,262,1,150,13499,
104.582,928.665,51.4424,7.48935,271.429,16.4838,217.369,1,29,-72,-5,15,68,63,4,27771907,262,1,150,13499,
105.579,945.406,51.4423,7.48921,271.469,16.1128,217.452,1,29,-72,-5,15,68,63,4,27771907,262,1,150,13499,
106.589,961.274,51.4422,7.48907,271.266,16.0254,218.237,1,30,-75,-5,15,65,61,4,27771907,262,1,150,13499,
107.594,978.184,51.4421,7.48892,271.453,16.2707,219.335,1,30,-75,-5,15,65,61,4,27771907,262,1,150,13499,
108.592,994.807,51.4419,7.48877,271.863,16.1666,221.091,1,30,-68,-5,15,72,63,4,27771907,262,1,150,13499,
109.623,1012.94,51.4418,7.48859,272.556,16.5406,222.29,1,30,-68,-5,15,72,63,4,27771907,262,1,150,13499,
110.581,1030.32,51.4417,7.48842,272.723,16.9208,224.652,1,33,-62,-4,2,78,63,4,27771907,262,1,150,13499,
111.57,1046.29,51.4416,7.48825,272.76,16.524,226.962,1,33,-62,-4,2,78,63,4,27771907,262,1,150,13499,
112.578,1063.42,51.4415,7.48806,272.946,16.7992,228.474,1,33,-62,-4,2,78,63,4,27771907,262,1,150,13499,
113.571,1080.04,51.4414,7.48788,272.871,17.0654,228.999,1,31,-67,-5,2,73,63,4,27771907,262,1,150,13499,
114.599,1096.51,51.4413,7.4877,273.143,17.328,230.415,1,31,-67,-5,2,73,63,4,27771907,262,1,150,13499,
115.582,1114.24,51.4412,7.48749,273.337,17.502,231.318,1,25,-73,-5,14,67,63,1,27771907,262,1,150,13499,
116.575,1132.36,51.4411,7.48729,273.608,17.4691,231.785,1,25,-73,-5,14,67,63,1,27771907,262,1,150,13499,
117.597,1150.97,51.441,7.48707,274.007,17.5055,232.152,1,18,-79,-5,14,61,55,1,27771907,262,1,150,13499,
118.589,1168.83,51.4409,7.48686,274.487,17.4846,232.533,1,18,-79,-5,14,61,55,1,27771907,262,1,150,13499,
119.584,1186.53,51.4408,7.48665,275.009,17.3729,233.432,1,13,-86,-7,14,54,52,1,27771907,262,1,150,13499,
120.584,1203.76,51.4407,7.48645,275.508,17.3791,233.625,1,13,-86,-7,14,54,52,1,27771907,262,1,150,13499,
121.597,1203.76,51.4363,7.47489,nan,17.5615,232.771,1,10,-81,-7,6,59,57,1,27771908,262,1,152,13499,
122.579,1203.76,51.4406,7.48604,276.197,17.0626,231.972,1,10,-81,-7,6,59,57,1,27771908,262,1,152,13499,
123.596,1220.97,51.4405,7.48584,276.364,18.2003,232.67,1,20,-78,-5,15,62,58,1,27771908,262,1,152,13499,
124.572,1238.58,51.4404,7.48563,276.554,17.5245,233.152,1,20,-78,-5,15,62,58,1,27771908,262,1,152,13499,
125.584,1255.28,51.4403,7.48543,276.982,17.5852,232.794,1,39,-79,-6,14,61,59,1,27771908,262,1,152,13499,
126.572,1272.82,51.4402,7.48523,277.523,16.5752,232.345,1,39,-79,-6,14,61,59,1,27771908,262,1,152,13499,
127.588,1289.9,51.4401,7.48503,277.525,16.6356,232.008,1,31,-73,-6,15,67,63,1,27771908,262,1,152,13499,
128.59,1306.84,51.44,7.48484,277.902,16.7396,232.276,1,31,-73,-6,15,67,63,1,27771908,262,1,152,13499,
129.587,1324.22,51.4399,7.48464,277.979,16.9051,231.336,1,22,-70,-6,15,70,63,1,27771908,262,1,152,13499,
130.587,1341.78,51.4398,7.48444,278.18,17.2033,232.413,1,22,-70,-6,15,70,63,1,27771908,262,1,152,13499,
131.593,1358.15,51.4397,7.48425,278.429,16.735,231.676,1,30,-65,-6,15,75,63,1,27771908,262,1,152,13499,
132.594,1375.7,51.4396,7.48405,278.707,16.9532,231.426,1,30,-65,-6,15,75,63,1,27771908,262,1,152,13499,
133.582,1392.97,51.4395,7.48385,278.968,16.9207,232.633,1,21,-70,-5,15,70,63,1,27771908,262,1,152,13499,
134.6,1411,51.4394,7.48364,279.669,16.911,233.253,1,21,-70,-5,15,70,63,1,27771908,262,1,152,13499,
135.583,1428.98,51.4394,7.48342,280.403,16.9997,234.829,1,30,-73,-5,15,67,62,1,27771908,262,1,152,13499,
136.599,1445.29,51.4393,7.48321,280.953,17.5898,237.707,1,30,-73,-5,15,67,62,1,27771908,262,1,152,13499,
137.649,1461.79,51.4392,7.48301,281.685,16.9605,238.092,1,30,-73,-5,15,67,62,1,27771908,262,1,152,13499,
138.577,1479.83,51.4391,7.48278,281.907,16.9207,238.991,1,27,-76,-4,2,64,58,1,27771908,262,1,152,13499,
139.597,1497.8,51.439,7.48256,282.5,17.0231,238.613,1,27,-76,-4,2,64,58,1,27771908,262,1,152,13499,
140.582,1515.04,51.439,7.48234,283.192,16.4811,238.955,1,24,-82,-5,15,58,52,4,27771908,262,1,152,13499,
141.594,1515.04,51.4363,7.47489,nan,16.9041,239.713,1,24,-82,-5,15,58,52,4,27771908,262,1,152,13499,
142.601,1515.04,51.4388,7.48189,284.154,16.8564,238.834,1,18,-89,-5,14,51,47,4,27771908,262,1,152,13499,
143.579,1532.26,51.4387,7.48168,284.539,17.1235,238.911,1,18,-89,-5,14,51,47,4,27771908,262,1,152,13499,
144.597,1550.36,51.4387,7.48145,285.181,17.642,239.933,1,24,-93,-6,13,47,44,4,27771908,262,1,152,13499,
145.575,1567.68,51.4386,7.48123,285.779,17.1422,239.449,1,24,-93,-6,13,47,44,4,27771908,262,1,152,13499,
146.584,1584.47,51.4385,7.48102,286.07,17.4056,238.89,1,15,-96,-6,12,44,40,4,27771908,262,1,152,13499,
147.585,1601.62,51.4384,7.4808,286.127,17.3157,238.529,1,15,-96,-6,12,44,40,4,27771908,262,1,152,13499,
148.582,1618.88,51.4384,7.48059,286.078,17.6507,239.26,1,11,-100,-6,11,40,37,4,27771908,262,1,152,13499,
149.575,1636.89,51.4383,7.48036,285.765,17.6559,239.799,1,11,-100,-6,11,40,37,4,27771908,262,1,152,13499,
150.598,1656.21,51.4382,7.48011,285.37,17.7289,240.447,1,11,-101,-6,12,39,36,4,27771908,262,1,152,13499,
151.594,1674.32,51.4381,7.47988,284.865,18.0084,241.439,1,11,-101,-6,12,39,36,4,27771908,262,1,152,13499,
152.579,1692.19,51.438,7.47965,284.449,17.7184,242.128,1,7,-104,-6,8,36,34,4,27771908,262,1,152,13499,
153.574,1709.15,51.438,7.47943,284.154,17.2996,242.778,1,7,-104,-6,8,36,34,4,27771908,262,1,152,13499,
154.601,1726.42,51.4379,7.47921,284.421,17.5227,242.842,1,7,-104,-7,7,36,35,4,27771908,262,1,152,13499,
155.61,1743.43,51.4378,7.47899,284.023,17.5432,241.686,1,7,-104,-7,7,36,35,4,27771908,262,1,152,13499,
156.599,1760.89,51.4378,7.47877,284.182,17.0867,242.13,1,7,-102,-6,2,38,33,4,27771908,262,1,152,13499,
157.597,1779.08,51.4377,7.47854,284.554,17.2942,241.466,1,7,-102,-6,2,38,33,4,27771908,262,1,152,13499,
158.586,1797.83,51.4376,7.4783,284.218,17.3034,240.61,1,3,-105,-8,2,35,35,4,27771908,262,1,152,13499,
159.591,1815.04,51.4375,7.47808,283.384,17.9017,241.003,1,3,-105,-8,2,35,35,4,27771908,262,1,152,13499,
160.583,1832.17,51.4375,7.47786,282.859,17.5896,242.189,1,3,-105,-8,2,35,35,4,27771908,262,1,152,13499,
161.593,1832.17,51.4389,7.48024,nan,16.8056,242.631,1,2,-106,-9,2,34,35,4,27771908,262,1,152,13499,
162.598,1832.17,51.4373,7.47741,282.855,16.0439,241.187,1,2,-106,-9,2,34,35,4,27771908,262,1,152,13499,
163.591,1848.72,51.4372,7.47719,283.174,15.7908,243.097,1,5,-107,-9,2,33,34,4,27771908,262,1,152,13499,
164.582,1863.25,51.4372,7.477,283.383,14.3154,245.531,1,5,-107,-9,2,33,34,4,27771908,262,1,152,13499,
165.588,1877.48,51.4372,7.47681,283.518,13.119,248.631,1,9,-108,-9,2,32,33,4,27771908,262,1,152,13499,
166.578,1891.96,51.4371,7.4766,282.977,12.6814,264.234,1,9,-108,-9,2,32,33,4,27771908,262,1,152,13499,
167.601,1904.85,51.4372,7.47642,282.844,10.9639,278.196,1,16,-107,-8,2,33,33,4,27771908,262,1,152,13499,
168.59,1915.55,51.4372,7.47629,282.805,9.59652,304.849,1,16,-107,-8,2,33,33,4,27771908,262,1,152,13499,
169.575,1925.73,51.4373,7.47619,282.514,8.39211,320.487,1,16,-105,-8,2,35,33,4,27771908,262,1,152,13499,
170.587,1935.88,51.4374,7.47614,282.642,8.22106,348.355,1,16,-105,-8,2,35,33,4,27771908,262,1,152,13499,
171.596,1944.17,51.4374,7.47617,282.974,8.49789,18.3693,1,21,-101,-6,2,39,36,4,27771908,262,1,152,13499,
172.589,1954.55,51.4375,7.47625,282.99,9.9006,38.335,1,21,-101,-6,2,39,36,4,27771908,262,1,152,13499,
173.603,1966.52,51.4376,7.47638,283.071,10.835,51.3629,1,31,-94,-5,2,46,43,4,27771908,262,1,152,13499,
174.616,1978.26,51.4377,7.4765,282.898,12.4127,51.7095,1,31,-94,-5,2,46,43,4,27771908,262,1,152,13499,
175.572,1992.4,51.4377,7.47666,282.685,13.8884,52.2157,1,29,-88,-5,2,52,49,4,27771908,262,1,152,13499,
176.588,2006.83,51.4378,7.47683,282.494,15.0538,52.8658,1,29,-88,-5,2,52,49,4,27771908,262,1,152,13499,
177.597,2023.75,51.4379,7.47702,282.652,16.4787,53.3889,1,29,-80,-5,2,60,57,4,27771908,262,1,152,13499,
178.635,2040.9,51.438,7.47722,282.984,17.3453,53.8852,1,29,-80,-5,2,60,57,4,27771908,262,1,152,13499,
179.596,2059.1,51.4381,7.47744,283.34,18.5544,54.4314,1,30,-78,-5,15,62,58,9,27771908,262,1,152,13499,
180.587,2078.67,51.4382,7.47767,283.507,19.4834,55.1663,1,30,-78,-5,15,62,58,9,27771908,262,1,152,13499,
181.572,2078.67,51.4363,7.47489,nan,20.447,55.6052,1,29,-78,-5,15,62,58,9,27771908,262,1,152,13499,
182.594,2078.67,51.4384,7.47818,283.515,21.1866,55.8964,1,29,-78,-5,15,62,58,9,27771908,262,1,152,13499,
183.576,2099.58,51.4385,7.47843,283.77,21.5497,56.2649,1,27,-80,-5,15,60,56,9,27771908,262,1,152,13499,
184.589,2119.94,51.4386,7.47868,283.595,21.7614,56.8593,1,27,-80,-5,15,60,56,9,27771908,262,1,152,13499,
185.583,2140.99,51.4387,7.47894,283.478,22.2645,57.2245,1,27,-80,-5,15,60,56,9,27771908,262,1,152,13499,
186.584,2163.45,51.4388,7.47922,283.445,22.5333,58.0148,1,28,-83,-4,14,57,53,9,27771908,262,1,152,13499,
187.583,2186.85,51.4389,7.47951,283.36,23.1942,57.6256,1,28,-83,-4,14,57,53,9,27771908,262,1,152,13499,
188.589,2209.47,51.439,7.47978,283.114,23.1497,56.7879,1,26,-86,-6,15,54,52,9,27771908,262,1,152,13499,
189.587,2232.52,51.4392,7.48006,282.959,22.5456,56.0706,1,26,-86,-6,15,54,52,9,27771908,262,1,152,13499,
190.586,2256.35,51.4393,7.48034,282.712,23.6055,55.0603,1,25,-88,-6,15,52,50,9,27771908,262,1,152,13499,
191.605,2280.53,51.4394,7.48062,282.365,23.4613,54.2132,1,25,-88,-6,15,52,50,9,27771908,262,1,152,13499,
192.585,2304.42,51.4395,7.4809,281.83,22.9677,55.1483,1,21,-89,-6,13,51,48,9,27771908,262,1,152,13499,
193.596,2327.23,51.4397,7.48115,281.17,22.9966,53.2526,1,21,-89,-6,13,51,48,9,27771908,262,1,152,13499,
194.596,2351.97,51.4398,7.48143,280.699,23.4255,50.4195,1,19,-87,-5,13,53,50,9,27771908,262,1,152,13499,
195.601,2374.7,51.44,7.48167,279.693,23.6747,47.577,1,19,-87,-5,13,53,50,9,27771908,262,1,152,13499,
196.578,2398.4,51.4401,7.48192,278.699,23.7775,46.0536,1,23,-88,-6,2,52,50,9,27771908,262,1,152,13499,
197.582,2421.88,51.4403,7.48216,277.904,23.7169,44.588,1,23,-88,-6,2,52,50,9,27771908,262,1,152,13499,
198.597,2445.99,51.4404,7.4824,277.225,23.8746,43.6582,1,23,-86,-6,2,54,51,9,27771908,262,1,152,13499,
199.593,2470.98,51.4406,7.48263,276.382,24.2012,41.025,1,23,-86,-6,2,54,51,9,27771908,262,1,152,13499,
200.582,2496.25,51.4408,7.48287,275.766,24.3391,40.8035,1,24,-85,-6,2,55,52,9,27771908,262,1,152,13499,
201.596,2496.25,51.4363,7.47489,nan,24.7912,39.506,1,24,-85,-6,2,55,52,9,27771908,262,1,152,13499,
202.583,2496.25,51.4411,7.48332,275.358,24.9173,38.4024,1,24,-84,-6,2,56,53,9,27771908,262,1,152,13499,
203.604,2520.92,51.4413,7.48354,275.142,25.133,36.1717,1,24,-84,-6,2,56,53,9,27771908,262,1,152,13499,
204.59,2545.81,51.4415,7.48374,274.768,25.366,33.9384,1,13,-85,-6,2,55,53,9,27771908,262,1,152,13499,
205.596,2569.97,51.4416,7.48394,274.271,25.3284,31.7388,1,13,-85,-6,2,55,53,9,27771908,262,1,152,13499,
206.592,2594.54,51.4418,7.48412,273.561,24.8812,29.7531,1,11,-85,-6,2,55,51,9,27771908,262,1,152,13499,
207.571,2619.58,51.442,7.48429,272.924,25.0008,27.9097,1,11,-85,-6,2,55,51,9,27771908,262,1,152,13499,
208.601,2644.88,51.4422,7.48446,272.595,25.156,26.7058,1,11,-85,-6,2,55,51,9,27771908,262,1,152,13499,
209.588,2669.22,51.4424,7.48463,272.154,25.3467,25.867,1,15,-88,-9,2,52,51,9,27771909,262,1,151,13499,
210.582,2694.05,51.4426,7.48479,271.732,25.3378,25.1563,1,15,-88,-9,2,52,51,9,27771909,262,1,151,13499,
211.582,2718.83,51.4428,7.48494,270.897,25.1089,24.3674,1,10,-85,-7,2,55,52,9,27771909,262,1,151,13499,
212.58,2743.87,51.443,7.48508,270.073,24.7095,23.554,1,10,-85,-7,2,55,52,9,27771909,262,1,151,13499,
213.582,2767.91,51.4432,7.48522,269.468,24.2727,23.5164,1,28,-81,-6,2,59,55,9,27771909,262,1,151,13499,
214.577,2791.83,51.4434,7.48536,268.783,23.7345,23.2928,1,28,-81,-6,2,59,55,9,27771909,262,1,151,13499,
215.589,2814.51,51.4436,7.48549,268.073,22.4316,22.6241,1,29,-79,-6,2,61,57,9,27771909,262,1,151,13499,
216.597,2835.74,51.4438,7.4856,267.332,20.8181,21.3196,1,29,-79,-6,2,61,57,9,27771909,262,1,151,13499,
217.594,2855.75,51.444,7.48571,266.716,19.828,20.4607,1,32,-75,-6,2,65,62,9,27771909,262,1,151,13499,
218.578,2874.03,51.4441,7.4858,266.1,18.095,21.0135,1,32,-75,-6,2,65,62,9,27771909,262,1,151,13499,
219.594,2889.86,51.4443,7.48588,265.669,16.145,22.0109,1,32,-74,-6,2,66,63,9,27771909,262,1,151,13499,
220.646,2905.95,51.4444,7.48598,265.445,14.5359,24.0972,1,32,-74,-6,2,66,63,9,27771909,262,1,151,13499,
221.571,2905.95,51.4446,7.48431,nan,13.3562,27.4742,1,30,-75,-6,15,65,61,4,27771909,262,1,151,13499,
222.59,2905.95,51.4446,7.4862,265.346,12.3308,43.8332,1,30,-75,-6,15,65,61,4,27771909,262,1,151,13499,
223.59,2919.19,51.4447,7.48636,265.031,12.0291,57.2168,1,29,-74,-5,15,66,63,4,27771909,262,1,151,13499,
224.587,2932.15,51.4447,7.48652,264.632,11.9628,60.1473,1,29,-74,-5,15,66,63,4,27771909,262,1,151,13499,
225.589,2943.69,51.4447,7.48669,264.382,12.275,85.1681,1,25,-80,-5,15,60,56,4,27771909,262,1,151,13499,
226.598,2956.32,51.4447,7.48687,264.029,12.3408,89.1015,1,25,-80,-5,15,60,56,4,27771909,262,1,151,13499,
227.587,2968.54,51.4447,7.48704,263.902,12.4635,108.986,1,22,-83,-6,15,57,52,4,27771909,262,1,151,13499,
228.597,2981.06,51.4446,7.48719,263.615,12.7245,122.82,1,22,-83,-6,15,57,52,4,27771909,262,1,151,13499,
229.586,2995.2,51.4446,7.48736,263.04,12.7975,125.967,1,23,-80,-6,15,60,57,4,27771909,262,1,151,13499,
230.577,3008.98,51.4445,7.48748,262.593,12.1958,143.235,1,23,-80,-6,15,60,57,4,27771909,262,1,151,13499,
231.571,3022.18,51.4443,7.48754,262.359,12.5911,165.57,1,23,-80,-6,15,60,57,4,27771909,262,1,151,13499,
232.571,3035.72,51.4442,7.48757,261.816,13.1793,169.268,1,30,-70,-5,15,70,63,4,27771909,262,1,151,13499,
233.589,3050.61,51.4441,7.48756,261.531,13.1027,186.201,1,30,-70,-5,15,70,63,4,27771909,262,1,151,13499,
234.589,3063.07,51.444,7.48748,261.207,12.5931,207.505,1,29,-71,-6,15,69,63,4,27771909,262,1,151,13499,
235.571,3075.54,51.4439,7.48736,261.073,12.4137,223.153,1,29,-71,-6,15,69,63,4,27771909,262,1,151,13499,
236.588,3088.93,51.4438,7.4872,260.762,12.9693,237.396,1,31,-76,-5,15,64,61,4,27771909,262,1,151,13499,
237.586,3102.89,51.4438,7.48702,260.734,13.7718,241.346,1,31,-76,-5,15,64,61,4,27771909,262,1,151,13499,
238.59,3116.91,51.4438,7.48683,260.977,14.8222,260.837,1,23,-83,-6,13,57,54,4,27771909,262,1,151,13499,
239.596,3132.35,51.4437,7.4866,261.007,15.9275,263.425,1,23,-83,-6,13,57,54,4,27771909,262,1,151,13499,
240.581,3149.15,51.4437,7.48636,261.597,16.9858,265.348,1,20,-81,-5,2,59,53,4,27771909,262,1,151,13499,
241.592,3149.15,51.4446,7.48431,nan,18.1077,266.237,1,20,-81,-5,2,59,53,4,27771909,262,1,151,13499,
242.582,3149.15,51.4437,7.48583,261.451,18.9884,266.773,1,27,-82,-5,2,58,54,4,27771909,262,1,151,13499,
243.577,3167.83,51.4437,7.48556,261.077,19.765,267.713,1,27,-82,-5,2,58,54,4,27771909,262,1,151,13499,
244.604,3189.99,51.4437,7.48524,260.988,21.1213,269.063,1,27,-81,-5,2,59,56,4,27771909,262,1,151,13499,
245.596,3209.28,51.4437,7.48496,260.102,21.3893,269.701,1,27,-81,-5,2,59,56,4,27771909,262,1,151,13499,
246.575,3231.67,51.4437,7.48464,260.317,21.8932,268.443,1,29,-82,-5,2,58,54,4,27771909,262,1,151,13499,
247.599,3255.28,51.4437,7.4843,260.255,22.9884,268.913,1,29,-82,-5,2,58,54,4,27771909,262,1,151,13499,
248.603,3278.63,51.4437,7.48396,260.669,23.2456,268.955,1,31,-83,-6,2,57,54,4,27771909,262,1,151,13499,
249.572,3301.29,51.4437,7.48363,260.918,23.7268,268.089,1,31,-83,-6,2,57,54,4,27771909,262,1,151,13499,
250.58,3324.92,51.4437,7.48329,261.001,24.1729,267.753,1,32,-76,-6,2,64,60,4,27771909,262,1,151,13499,
251.584,3349.25,51.4437,7.48294,261.012,24.6491,266.985,1,32,-76,-6,2,64,60,4,27771909,262,1,151,13499,
252.591,3374.42,51.4437,7.48258,260.725,24.9417,266.484,1,16,-73,-5,2,67,63,4,27771909,262,1,151,13499,
253.643,3400.06,51.4437,7.48221,260.513,25.4438,266.767,1,16,-73,-5,2,67,63,4,27771909,262,1,151,13499,
254.572,3425.7,51.4436,7.48184,260.34,25.8796,266.615,1,23,-85,-6,12,55,52,4,27771909,262,1,151,13499,
255.59,3450.81,51.4436,7.48148,260.417,26.3581,266.212,1,23,-85,-6,12,55,52,4,27771909,262,1,151,13499,
256.576,3477.1,51.4436,7.4811,260.547,26.9009,265.741,1,13,-90,-6,11,50,47,4,27771909,262,1,151,13499,
257.602,3504.24,51.4436,7.48071,260.975,27.448,265.517,1,13,-90,-6,11,50,47,4,27771909,262,1,151,13499,
258.618,3531.95,51.4436,7.48031,261.264,28.0936,263.94,1,9,-90,-5,12,50,46,4,27771909,262,1,151,13499,
259.594,3559.72,51.4435,7.47991,261.388,28.818,263.38,1,9,-90,-5,12,50,46,4,27771909,262,1,151,13499,
260.597,3588,51.4435,7.4795,261.388,29.4524,262.744,1,10,-90,-5,10,50,46,4,27771909,262,1,151,13499,
261.589,3588,51.4446,7.48431,nan,30.1665,262.314,1,10,-90,-5,10,50,46,4,27771909,262,1,151,13499,
262.576,3588,51.4435,7.47864,261.092,30.9278,262.862,1,22,-86,-5,14,54,52,4,27771909,262,1,151,13499,
263.582,3619.65,51.4434,7.47819,261.055,31.1453,262.844,1,22,-86,-5,14,54,52,4,27771909,262,1,151,13499,
264.59,3651.04,51.4434,7.47774,260.917,31.197,262.444,1,22,-86,-5,14,54,52,4,27771909,262,1,151,13499,
265.596,3681.05,51.4434,7.47731,260.681,31.0113,262.153,1,10,-87,-6,12,53,49,4,27771909,262,1,151,13499,
266.584,3711.23,51.4433,7.47688,260.422,30.6812,261.703,1,10,-87,-6,12,53,49,4,27771909,262,1,151,13499,
267.582,3741.57,51.4433,7.47644,259.562,30.3603,261.259,1,11,-87,-7,13,53,50,4,27771909,262,1,151,13499,
268.597,3771.23,51.4432,7.47602,258.573,30.0839,261.051,1,11,-87,-7,13,53,50,4,27771909,262,1,151,13499,
269.59,3800.69,51.4432,7.4756,257.77,29.7289,260.346,1,16,-85,-5,15,55,52,4,27771909,262,1,151,13499,
270.585,3829.56,51.4432,7.47519,257.113,29.3745,259.765,1,16,-85,-5,15,55,52,4,27771909,262,1,151,13499,
271.569,3858.46,51.4431,7.47478,256.444,29.2012,258.889,1,16,-85,-5,2,55,52,4,27771909,262,1,151,13499,
272.601,3887.53,51.4431,7.47437,255.534,29.0418,258.939,1,16,-85,-5,2,55,52,4,27771909,262,1,151,13499,
273.588,3915.81,51.443,7.47397,254.804,28.9671,259.205,1,1,-95,-7,2,45,43,4,27771909,262,1,151,13499,
274.59,3943.91,51.443,7.47357,254.351,28.6827,259.224,1,1,-95,-7,2,45,43,4,27771909,262,1,151,13499,
275.582,3971.97,51.4429,7.47317,254.022,28.5708,259.24,1,-5,-101,-9,2,39,39,4,27771909,262,1,151,13499,
276.588,3999.8,51.4429,7.47278,253.679,28.3473,259.373,1,-5,-101,-9,2,39,39,4,27771909,262,1,151,13499,
277.583,4027.67,51.4428,7.47238,253.023,28.1792,259.465,1,1,-109,-12,2,31,33,4,27771909,262,1,151,13499,
278.58,4055.27,51.4428,7.47199,252.221,27.9931,259.115,1,1,-109,-12,2,31,33,4,27771909,262,1,151,13499,
279.582,4082.78,51.4427,7.4716,251.323,28.0107,258.59,1,0,-113,-13,2,27,31,4,27771909,262,1,151,13499,
280.598,4110.5,51.4427,7.47121,250.425,28.045,258.338,1,0,-113,-13,2,27,31,4,27771909,262,1,151,13499,
281.591,4110.5,51.4446,7.48431,nan,28.0958,258.108,1,-3,-114,-12,2,26,29,4,27771909,262,1,151,13499,
282.593,4110.5,51.4426,7.47043,248.581,28.0626,258.098,1,-3,-114,-12,2,26,29,4,27771909,262,1,151,13499,
283.582,4138.51,51.4425,7.47003,247.276,28.1293,258.022,1,-6,-111,-11,6,29,30,29,31281409,262,1,232,13499,
284.588,4166.36,51.4425,7.46964,246.063,28.3841,258.191,1,-6,-111,-11,6,29,30,29,31281409,262,1,232,13499,
285.579,4194.61,51.4424,7.46924,244.939,28.3965,258.222,1,-2,-110,-10,7,30,32,29,31281409,262,1,232,13499,
286.616,4222.82,51.4424,7.46884,243.858,28.4476,258.19,1,-2,-110,-10,7,30,32,29,31281409,262,1,232,13499,
287.57,4251.03,51.4423,7.46844,242.828,28.4988,257.94,1,-2,-110,-10,7,30,32,29,31281409,262,1,232,13499,
288.597,4279.67,51.4423,7.46803,241.856,28.8459,257.342,1,5,-107,-9,8,33,32,29,31281409,262,1,232,13499,
289.582,4308.9,51.4422,7.46762,240.79,29.5497,257.006,1,5,-107,-9,8,33,32,29,31281409,262,1,232,13499,
290.604,4338.6,51.4421,7.4672,239.722,30.2945,257.359,1,4,-104,-9,9,36,36,29,31281409,262,1,232,13499,
291.594,4369.13,51.4421,7.46677,238.76,31.0117,258.573,1,4,-104,-9,9,36,36,29,31281409,262,1,232,13499,
292.569,4400.46,51.442,7.46633,237.789,31.7295,259.376,1,8,-101,-7,7,39,37,29,31281409,262,1,232,13499,
293.602,4432.16,51.442,7.46588,236.99,32.1,260.032,1,8,-101,-7,7,39,37,29,31281409,262,1,232,13499,
294.612,4464.45,51.4419,7.46542,236.096,32.5451,260.586,1,8,-99,-6,11,41,38,29,31281409,262,1,232,13499,
295.601,4496.88,51.4419,7.46496,235.221,33.0087,261.374,1,8,-99,-6,11,41,38,29,31281409,262,1,232,13499,
296.577,4530.57,51.4418,7.46448,234.52,33.419,261.787,1,8,-100,-6,11,40,37,29,31281409,262,1,232,13499,
297.666,4564.13,51.4418,7.464,233.902,33.5764,262.366,1,8,-100,-6,11,40,37,29,31281409,262,1,232,13499,
298.593,4597.78,51.4418,7.46351,233.325,33.8962,263.022,1,8,-102,-6,11,38,34,25,31281409,262,1,232,13499,
299.614,4631.65,51.4417,7.46303,232.793,34.0454,263.843,1,8,-102,-6,11,38,34,25,31281409,262,1,232,13499,
300.59,4667.13,51.4417,7.46252,232.702,34.2619,264.306,1,6,-104,-8,7,36,35,25,31281409,262,1,232,13499,
301.577,4667.13,51.4441,7.46095,nan,34.4169,264.895,1,6,-104,-8,7,36,35,25,31281409,262,1,232,13499,
302.589,4667.13,51.4416,7.46154,232.092,34.0488,265.659,1,8,-101,-7,7,39,37,25,31281409,262,1,232,13499,
303.595,4700.29,51.4416,7.46107,231.792,33.8032,265.955,1,8,-101,-7,7,39,37,25,31281409,262,1,232,13499,
304.576,4735.58,51.4416,7.46056,231.845,33.8436,266.546,1,4,-101,-7,7,39,36,25,31281409,262,1,232,13499,
305.571,4768.07,51.4416,7.46009,231.6,33.9152,266.637,1,4,-101,-7,7,39,36,25,31281409,262,1,232,13499,
306.574,4800.96,51.4416,7.45962,231.291,33.6963,267.903,1,2,-106,-9,6,34,34,25,31281409,262,1,232,13499,
307.598,4836.31,51.4416,7.45911,231.608,33.6954,268.215,1,2,-106,-9,6,34,34,25,31281409,262,1,232,13499,
308.616,4870.37,51.4415,7.45862,232.181,33.7734,268.522,1,3,-103,-8,7,37,38,25,31281409,262,1,232,13499,
309.602,4904.38,51.4415,7.45812,232.817,33.8752,269.156,1,3,-103,-8,7,37,38,25,31281409,262,1,232,13499,
310.572,4938.63,51.4415,7.45763,233.199,34.0118,269.68,1,5,-102,-8,7,38,37,25,31281409,262,1,232,13499,
311.593,4972.62,51.4415,7.45714,233.372,34.1223,270.025,1,5,-102,-8,7,38,37,25,31281409,262,1,232,13499,
312.582,5006.61,51.4415,7.45665,233.542,34.1103,270.413,1,1,-99,-6,6,41,38,25,27771908,262,1,152,13499,
313.577,5040.74,51.4415,7.45616,233.483,34.0406,270.576,1,1,-99,-6,6,41,38,25,27771908,262,1,152,13499,
314.581,5072.99,51.4415,7.45569,232.908,33.7099,271.195,1,1,-99,-6,6,41,38,25,27771908,262,1,152,13499,
315.578,5106.01,51.4416,7.45521,231.989,33.677,271.591,1,9,-96,-6,11,44,41,25,27771908,262,1,152,13499,
316.589,5139.22,51.4416,7.45473,230.885,33.7714,272.273,1,9,-96,-6,11,44,41,25,27771908,262,1,152,13499,
317.574,5173.03,51.4416,7.45425,229.896,33.8618,273.52,1,14,-85,-4,13,55,52,16,33527552,262,1,433,13499,
318.582,5207.25,51.4416,7.45375,229.099,34.1479,274.273,1,14,-85,-4,13,55,52,16,33527552,262,1,433,13499,
319.592,5241.47,51.4416,7.45326,228.479,34.3521,274.808,1,11,-86,-6,10,54,51,16,33527552,262,1,433,13499,
320.586,5275.14,51.4417,7.45278,228.287,34.0457,274.991,1,11,-86,-6,10,54,51,16,33527552,262,1,433,13499,
321.595,5275.14,51.4432,7.44931,nan,33.8692,275.88,1,22,-85,-5,12,55,52,16,33527552,262,1,433,13499,
322.594,5275.14,51.4417,7.45181,228.987,33.9061,276.035,1,22,-85,-5,12,55,52,16,33527552,262,1,433,13499,
323.578,5308.99,51.4418,7.45132,229.114,33.71,276.552,1,27,-80,-5,15,60,57,16,33527552,262,1,433,13499,
324.598,5342.15,51.4418,7.45085,229.165,33.3401,277.606,1,27,-80,-5,15,60,57,16,33527552,262,1,433,13499,
325.575,5375.28,51.4418,7.45037,229.028,33.0149,277.887,1,27,-81,-4,15,59,55,16,33527552,262,1,433,13499,
326.569,5408.04,51.4419,7.4499,228.895,32.8949,277.901,1,27,-81,-4,15,59,55,16,33527552,262,1,433,13499,
327.608,5440.67,51.4419,7.44944,228.862,32.8786,278.235,1,29,-80,-4,15,60,57,16,33527552,262,1,433,13499,
328.59,5473.18,51.442,7.44897,228.991,32.9123,278.671,1,29,-80,-4,15,60,57,16,33527552,262,1,433,13499,
329.578,5506.09,51.442,7.44851,228.898,32.9875,279.322,1,27,-80,-5,15,60,58,16,33527552,262,1,433,13499,
330.597,5538.89,51.4421,7.44804,228.964,33.1431,280.042,1,27,-80,-5,15,60,58,16,33527552,262,1,433,13499,
331.602,5572.02,51.4421,7.44757,228.795,33.3746,280.45,1,29,-78,-4,15,62,57,16,33527552,262,1,433,13499,
332.58,5605.26,51.4422,7.4471,228.713,33.5531,281.061,1,29,-78,-4,15,62,57,16,33527552,262,1,433,13499,
333.597,5638.69,51.4422,7.44662,228.692,33.7237,281.657,1,30,-74,-4,14,66,61,16,33527552,262,1,433,13499,
334.587,5672.78,51.4423,7.44614,228.568,34.0213,282.468,1,30,-74,-4,14,66,61,16,33527552,262,1,433,13499,
335.589,5707.37,51.4424,7.44566,228.104,34.2394,282.614,1,30,-71,-5,2,69,63,16,33527552,262,1,433,13499,
336.593,5742.25,51.4424,7.44516,227.509,34.4754,283.181,1,30,-71,-5,2,69,63,16,33527552,262,1,433,13499,
337.582,5776.65,51.4425,7.44468,226.687,34.6318,283.37,1,32,-71,-5,2,69,63,16,33527552,262,1,433,13499,
338.594,5810.96,51.4426,7.4442,225.989,34.9705,283.88,1,32,-71,-5,2,69,63,16,33527552,262,1,433,13499,
339.604,5845.87,51.4427,7.44371,225.379,35.4202,284.363,1,32,-71,-5,2,69,63,16,33527552,262,1,433,13499,
340.586,5881.2,51.4427,7.44322,224.939,35.9209,284.893,1,32,-71,-5,2,69,63,16,33527552,262,1,433,13499,
341.663,5881.2,51.4432,7.44931,nan,36.2873,285.055,1,32,-71,-5,2,69,63,16,33527552,262,1,433,13499,
342.587,5881.2,51.4429,7.4422,223.904,36.9311,286.348,1,32,-69,-5,2,71,63,16,33527552,262,1,433,13499,
343.571,5918.42,51.443,7.44169,223.156,37.4008,286.874,1,32,-69,-5,2,71,63,16,33527552,262,1,433,13499,
344.573,5955.67,51.4431,7.44118,222.67,37.7759,287.39,1,31,-67,-6,15,73,63,4,33527552,262,1,433,13499,
345.59,5993.29,51.4432,7.44066,222.19,37.9851,287.461,1,31,-67,-6,15,73,63,4,33527552,262,1,433,13499,
346.581,6031.3,51.4433,7.44013,221.6,38.1205,287.99,1,27,-77,-6,12,63,60,4,33527552,262,1,433,13499,
347.586,6069.41,51.4434,7.43961,221.114,38.1477,288.728,1,27,-77,-6,12,63,60,4,33527552,262,1,433,13499,
348.59,6107.1,51.4435,7.4391,220.471,38.0349,288.943,1,18,-80,-5,15,60,58,4,33527552,262,1,433,13499,
349.577,6144.03,51.4437,7.4386,219.826,37.935,289.169,1,18,-80,-5,15,60,58,4,33527552,262,1,433,13499,
350.582,6181.75,51.4438,7.43809,218.978,37.7511,289.766,1,21,-76,-5,10,64,62,4,33527552,262,1,433,13499,
351.576,6220.07,51.4439,7.43757,217.931,37.7457,290.687,1,21,-76,-5,10,64,62,4,33527552,262,1,433,13499,
352.588,6257.22,51.444,7.43707,216.898,37.763,291.001,1,16,-80,-6,6,60,59,1,33527554,262,1,434,13499,
353.59,6294.71,51.4441,7.43657,215.783,37.8275,291.951,1,16,-80,-6,6,60,59,1,33527554,262,1,434,13499,
354.583,6330.8,51.4443,7.43609,214.944,37.7371,292.861,1,26,-80,-5,15,60,56,1,33527554,262,1,434,13499,
355.58,6368.69,51.4444,7.43559,213.869,37.564,293.409,1,26,-80,-5,15,60,56,1,33527554,262,1,434,13499,
356.581,6407.36,51.4445,7.43507,212.671,37.6234,293.764,1,22,-79,-5,15,61,58,1,33527554,262,1,434,13499,
357.587,6445.91,51.4447,7.43457,211.263,37.9557,294.937,1,22,-79,-5,15,61,58,1,33527554,262,1,434,13499,
358.573,6483.12,51.4448,7.43408,210.046,37.7828,296.556,1,8,-90,-6,12,50,48,1,33527554,262,1,434,13499,
359.588,6520.83,51.445,7.4336,208.859,37.3792,296.475,1,8,-90,-6,12,50,48,1,33527554,262,1,434,13499,
360.585,6557.98,51.4451,7.43313,207.552,36.9972,299.445,1,31,-85,-5,12,55,51,1,33527554,262,1,434,13499,
361.578,6557.98,51.4483,7.43127,nan,36.8554,300.941,1,31,-85,-5,12,55,51,1,33527554,262,1,434,13499,
362.602,6557.98,51.4455,7.43222,205.151,36.4733,301.875,1,31,-85,-5,12,55,51,1,33527554,262,1,434,13499,
363.589,6594.11,51.4457,7.43178,203.881,36.1113,303.449,1,11,-86,-6,11,54,51,1,33527554,262,1,434,13499,
364.579,6630.76,51.4459,7.43134,202.37,35.2607,304.236,1,11,-86,-6,11,54,51,1,33527554,262,1,434,13499,
365.588,6666.46,51.446,7.43093,201.226,35.5127,306.872,1,13,-85,-7,13,55,54,1,33527554,262,1,434,13499,
366.59,6701.39,51.4462,7.43052,200.105,35.5165,307.564,1,13,-85,-7,13,55,54,1,33527554,262,1,434,13499,
367.593,6735.83,51.4464,7.43014,198.95,35.5945,308.761,1,30,-77,-4,2,63,59,1,33527554,262,1,434,13499,
368.622,6770.98,51.4466,7.42975,197.838,35.4915,310.506,1,30,-77,-4,2,63,59,1,33527554,262,1,434,13499,
369.589,6806.14,51.4468,7.42937,196.706,35.0949,312.213,1,28,-77,-6,14,63,59,7,33527554,262,1,434,13499,
370.58,6840.75,51.4471,7.429,195.502,35.2835,313.896,1,28,-77,-6,14,63,59,7,33527554,262,1,434,13499,
371.597,6875.2,51.4473,7.42865,194.173,34.9437,315.046,1,23,-78,-5,15,62,57,7,33527554,262,1,434,13499,
372.586,6910.37,51.4475,7.4283,192.877,35.0791,317.144,1,23,-78,-5,15,62,57,7,33527554,262,1,434,13499,
373.59,6944.76,51.4477,7.42796,191.63,35.4742,317.954,1,5,-84,-4,11,56,50,7,33527554,262,1,434,13499,
374.592,6979.11,51.448,7.42764,190.399,35.4321,319.492,1,5,-84,-4,11,56,50,7,33527554,262,1,434,13499,
375.607,7013.9,51.4482,7.42732,188.809,35.1774,321.265,1,9,-90,-6,14,50,45,7,33527554,262,1,434,13499,
376.595,7048.48,51.4485,7.42702,187.479,35.5185,322.786,1,9,-90,-6,14,50,45,7,33527554,262,1,434,13499,
377.587,7083.84,51.4487,7.42672,185.887,35.8593,324.061,1,10,-90,-5,10,50,44,7,33527554,262,1,434,13499,
378.59,7119.29,51.449,7.42642,184.629,35.8346,325.155,1,10,-90,-5,10,50,44,7,33527554,262,1,434,13499,
379.58,7153.9,51.4492,7.42615,183.203,36.1498,326.84,1,11,-96,-7,14,44,42,7,33527554,262,1,434,13499,
380.581,7189.95,51.4495,7.42588,181.691,36.3721,328.43,1,11,-96,-7,14,44,42,7,33527554,262,1,434,13499,
381.587,7189.95,51.4483,7.43127,nan,36.7599,330.275,1,8,-94,-6,14,46,42,7,33527554,262,1,434,13499,
382.59,7189.95,51.4501,7.42535,179.052,36.9162,331.52,1,8,-94,-6,14,46,42,7,33527554,262,1,434,13499,
383.581,7227.36,51.4504,7.42511,176.91,36.964,333.255,1,9,-95,-7,14,45,42,7,33527554,262,1,434,13499,
384.578,7264.49,51.4507,7.42488,174.745,37.0462,334.873,1,9,-95,-7,14,45,42,7,33527554,262,1,434,13499,
385.577,7302.39,51.451,7.42465,171.99,37.4671,335.765,1,1,-102,-9,2,38,37,7,33527554,262,1,434,13499,
386.593,7340.29,51.4513,7.42445,169.931,37.989,338.214,1,1,-102,-9,2,38,37,7,33527554,262,1,434,13499,
387.582,7378.1,51.4516,7.42427,168.035,38.1695,339.768,1,1,-102,-9,2,38,37,7,33527554,262,1,434,13499,
388.585,7415.82,51.452,7.42408,166.234,37.832,340.525,1,0,-100,-8,2,40,38,7,29568770,262,1,414,13499,
389.59,7453.15,51.4523,7.42392,164.438,37.6706,341.531,1,0,-100,-8,2,40,38,7,29568770,262,1,414,13499,
390.573,7490.14,51.4526,7.42375,162.853,37.5821,342.335,1,3,-101,-10,2,39,40,7,28365057,262,1,224,13499,
391.585,7527.4,51.4529,7.42359,161.41,37.4069,342.746,1,3,-101,-10,2,39,40,7,28365057,262,1,224,13499,
392.576,7563.95,51.4532,7.42344,159.84,37.4161,343.064,1,3,-98,-9,2,42,43,7,27771140,262,1,289,13499,
393.584,7600.78,51.4536,7.42329,158.441,37.7797,343.691,1,3,-98,-9,2,42,43,7,27771140,262,1,289,13499,
394.602,7638.65,51.4539,7.42314,157.306,37.6627,343.959,1,2,-94,-8,2,46,45,7,27771140,262,1,289,13499,
395.6,7675.75,51.4542,7.423,156.195,37.7097,344.094,1,2,-94,-8,2,46,45,7,27771140,262,1,289,13499,
396.589,7712.96,51.4545,7.42285,155.174,37.8017,343.821,1,-3,-94,-9,2,46,46,7,27771140,262,1,289,13499,
397.576,7750.96,51.4549,7.4227,154.4,37.8246,343.553,1,-3,-94,-9,2,46,46,7,27771140,262,1,289,13499,
398.602,7788.36,51.4552,7.42255,153.548,38.1512,343.181,1,3,-94,-9,2,46,47,7,27770883,262,1,125,13499,
399.615,7826.97,51.4555,7.42239,152.837,38.2165,342.523,1,3,-94,-9,2,46,47,7,27770883,262,1,125,13499,
400.591,7865.29,51.4558,7.42222,152.255,38.2444,341.655,1,1,-93,-8,2,47,48,7,27770883,262,1,125,13499,
401.588,7865.29,51.4649,7.41418,nan,38.3629,340.677,1,1,-93,-8,2,47,48,7,27770883,262,1,125,13499,
402.581,7865.29,51.4565,7.42185,151.679,38.1922,339.458,1,10,-91,-8,2,49,49,7,27770883,262,1,125,13499,
403.577,7903.59,51.4568,7.42164,151.931,38.1611,338.206,1,10,-91,-8,2,49,49,7,27770883,262,1,125,13499,
404.593,7941.77,51.4571,7.42143,152.161,38.1472,337.167,1,1,-91,-8,2,49,49,7,27770883,262,1,125,13499,
405.665,7980.03,51.4574,7.4212,152.369,38.1236,336.013,1,1,-91,-8,2,49,49,7,27770883,262,1,125,13499,
406.574,8018.66,51.4578,7.42097,152.183,38.1132,334.926,1,11,-89,-6,10,51,48,12,27770883,262,1,125,13499,
407.576,8057.24,51.4581,7.42073,151.82,38.1282,333.705,1,11,-89,-6,10,51,48,12,27770883,262,1,125,13499,
408.575,8095.61,51.4584,7.42048,151.223,38.0044,332.68,1,11,-88,-5,8,52,49,12,27770883,262,1,125,13499,
409.596,8133.42,51.4587,7.42023,150.626,38,331.893,1,11,-88,-5,8,52,49,12,27770883,262,1,125,13499,
410.57,8170.27,51.459,7.41997,150.002,37.96,330.817,1,20,-79,-5,14,61,57,12,27770883,262,1,125,13499,
411.596,8206.13,51.4593,7.41971,149.213,37.4168,329.645,1,20,-79,-5,14,61,57,12,27770883,262,1,125,13499,
412.585,8242.67,51.4595,7.41944,148.552,37.2405,328.623,1,20,-79,-5,14,61,57,12,27770883,262,1,125,13499,
413.592,8279.6,51.4598,7.41915,148.058,36.9503,327.482,1,16,-85,-7,12,55,53,12,27770883,262,1,125,13499,
414.586,8316.19,51.4601,7.41886,147.684,36.8094,326.216,1,16,-85,-7,12,55,53,12,27770883,262,1,125,13499,
415.598,8352.61,51.4604,7.41856,147.473,36.7822,325.196,1,10,-80,-6,8,60,57,12,27770883,262,1,125,13499,
416.62,8389.49,51.4606,7.41826,147.334,36.7484,324.353,1,10,-80,-6,8,60,57,12,27770883,262,1,125,13499,
417.582,8425.73,51.4609,7.41795,147.208,36.7703,323.289,1,16,-77,-5,11,63,58,12,27770883,262,1,125,13499,
418.595,8463.07,51.4612,7.41762,147.337,36.7444,322.194,1,16,-77,-5,11,63,58,12,27770883,262,1,125,13499,
419.612,8499.91,51.4614,7.4173,147.412,36.7653,321.392,1,14,-77,-5,13,63,59,12,27770883,262,1,125,13499,
420.59,8537.04,51.4617,7.41697,147.375,36.8678,320.623,1,14,-77,-5,13,63,59,12,27770883,262,1,125,13499,
421.604,8537.04,51.4605,7.41596,nan,36.4715,319.287,1,21,-76,-5,2,64,60,12,27770883,262,1,125,13499,
422.6,8537.04,51.4622,7.41628,147.338,36.2191,318.378,1,21,-76,-5,2,64,60,12,27770883,262,1,125,13499,
423.578,8573.08,51.4624,7.41593,147.184,36.1197,317.567,1,21,-76,-5,2,64,60,12,27770883,262,1,125,13499,
424.584,8608.9,51.4627,7.41558,147.011,35.8731,317.255,1,21,-76,-5,2,64,60,12,27770883,262,1,125,13499,
425.598,8644.45,51.4629,7.41523,147.037,35.3597,316.691,1,24,-78,-5,2,62,59,12,27770883,262,1,125,13499,
426.58,8678.93,51.4631,7.41489,146.866,34.7569,315.666,1,24,-78,-5,2,62,59,12,27770883,262,1,125,13499,
427.59,8714.26,51.4634,7.41452,146.593,34.0788,314.218,1,25,-77,-5,2,63,60,12,27770883,262,1,125,13499,
428.586,8748.88,51.4636,7.41416,146.523,33.2835,312.601,1,25,-77,-5,2,63,60,12,27770883,262,1,125,13499,
429.596,8781.5,51.4638,7.4138,146.946,32.5706,311.247,1,14,-77,-5,2,63,60,12,27770883,262,1,125,13499,
430.591,8813.81,51.464,7.41345,147.153,31.8245,310.628,1,14,-77,-5,2,63,60,12,27770883,262,1,125,13499,
431.582,8845.29,51.4641,7.41311,147.508,31.3987,310.085,1,27,-82,-6,2,58,55,12,27770883,262,1,125,13499,
432.636,8876.56,51.4643,7.41276,147.899,30.893,309.541,1,27,-82,-6,2,58,55,12,27770883,262,1,125,13499,
433.582,8907.2,51.4645,7.41242,148.327,30.5444,309.605,1,14,-77,-7,13,63,59,4,27770883,262,1,125,13499,
434.577,8936.71,51.4647,7.41209,148.772,29.8378,308.918,1,14,-77,-7,13,63,59,4,27770883,262,1,125,13499,
435.598,8965.85,51.4648,7.41176,149.181,29.3261,308.656,1,14,-77,-7,13,63,59,4,27770883,262,1,125,13499,
436.609,8995.1,51.465,7.41143,149.213,28.7991,308.634,1,11,-94,-10,11,46,46,4,27770883,262,1,125,13499,
437.595,9023.89,51.4652,7.41111,149.19,28.6775,308.152,1,11,-94,-10,11,46,46,4,27770883,262,1,125,13499,
438.597,9052.55,51.4653,7.41079,149.311,28.6148,307.994,1,4,-94,-8,6,46,44,4,27770885,262,1,124,13499,
439.585,9080.85,51.4655,7.41046,149.494,28.4525,307.865,1,4,-94,-8,6,46,44,4,27770885,262,1,124,13499,
440.579,9109.5,51.4656,7.41013,149.501,28.3443,307.867,1,12,-91,-6,13,49,45,4,27770885,262,1,124,13499,
441.59,9109.5,51.4657,7.40638,nan,28.1621,308.06,1,12,-91,-6,13,49,45,4,27770885,262,1,124,13499,
442.581,9109.5,51.4659,7.4095,149.367,28.054,308.143,1,24,-73,-4,14,67,61,4,27770885,262,1,124,13499,
443.585,9137.05,51.4661,7.40918,149.58,27.888,308.204,1,24,-73,-4,14,67,61,4,27770885,262,1,124,13499,
444.594,9165.18,51.4662,7.40886,149.581,27.8829,308.342,1,13,-90,-7,14,50,47,4,27770885,262,1,124,13499,
445.584,9193.13,51.4664,7.40854,149.514,27.7894,308.311,1,13,-90,-7,14,50,47,4,27770885,262,1,124,13499,
446.582,9220.64,51.4666,7.40823,149.553,27.8004,308.508,1,8,-94,-7,11,46,44,4,27770885,262,1,124,13499,
447.599,9248.01,51.4667,7.40792,149.877,27.9621,308.649,1,8,-94,-7,11,46,44,4,27770885,262,1,124,13499,
448.593,9275.83,51.4669,7.4076,150.239,28.2538,308.793,1,4,-91,-7,11,49,46,4,27770885,262,1,124,13499,
449.591,9303.79,51.467,7.40729,150.487,28.0657,309.047,1,4,-91,-7,11,49,46,4,27770885,262,1,124,13499,
450.584,9332.11,51.4672,7.40698,150.624,27.9376,309.502,1,16,-78,-5,12,62,56,4,27770885,262,1,124,13499,
451.588,9360.01,51.4673,7.40667,150.592,27.4679,309.861,1,16,-78,-5,12,62,56,4,27770885,262,1,124,13499,
452.589,9387.04,51.4675,7.40637,150.676,26.8745,310.184,1,13,-77,-4,2,63,51,4,27770885,262,1,124,13499,
453.586,9413.53,51.4677,7.40608,151.031,26.8601,310.331,1,13,-77,-4,2,63,51,4,27770885,262,1,124,13499,
454.565,9440.44,51.4678,7.40579,151.196,26.8362,310.493,1,11,-85,-7,2,55,52,4,27770885,262,1,124,13499,
455.576,9467.59,51.468,7.40549,151.304,26.9145,311.019,1,11,-85,-7,2,55,52,4,27770885,262,1,124,13499,
456.587,9493.78,51.4681,7.40521,151.669,26.8541,311.399,1,11,-85,-7,2,55,52,4,27770885,262,1,124,13499,
457.594,9520.43,51.4683,7.40492,151.899,26.5178,311.379,1,5,-84,-6,2,56,54,4,27770885,262,1,124,13499,
458.589,9545.71,51.4684,7.40465,152.177,25.9782,312.18,1,5,-84,-6,2,56,54,4,27770885,262,1,124,13499,
459.589,9570.04,51.4686,7.40438,153.222,25.4455,312.779,1,-2,-84,-6,2,56,54,4,27770885,262,1,124,13499,
460.581,9594.89,51.4687,7.40412,154.58,25.3337,312.897,1,-2,-84,-6,2,56,54,4,27770885,262,1,124,13499,
461.583,9594.89,51.4657,7.40638,nan,25.4399,313.023,1,-7,-83,-7,2,57,56,4,27770885,262,1,124,13499,
462.582,9594.89,51.469,7.40356,157.492,25.6181,313.589,1,-7,-83,-7,2,57,56,4,27770885,262,1,124,13499,
463.576,9620.24,51.4692,7.40329,158.118,25.5015,312.525,1,18,-82,-9,2,58,60,4,27771140,262,1,289,13499,
464.587,9645.97,51.4694,7.40302,159.016,25.9367,313.388,1,18,-82,-9,2,58,60,4,27771140,262,1,289,13499,
465.581,9671.95,51.4695,7.40274,159.883,25.6285,313.218,1,20,-82,-8,2,58,59,4,27771140,262,1,289,13499,
466.584,9697.98,51.4697,7.40247,160.243,25.5167,313.869,1,20,-82,-8,2,58,59,4,27771140,262,1,289,13499,
467.584,9724.13,51.4698,7.4022,160.706,24.521,315.346,1,18,-83,-8,2,57,59,4,27771140,262,1,289,13499,
468.595,9748.53,51.47,7.40196,161.066,22.5344,316.213,1,18,-83,-8,2,57,59,4,27771140,262,1,289,13499,
469.586,9770.82,51.4701,7.40173,161.474,21.4864,316.173,1,16,-84,-7,2,56,57,4,27771140,262,1,289,13499,
470.586,9791.68,51.4703,7.40152,161.7,21.2985,316.089,1,16,-84,-7,2,56,57,4,27771140,262,1,289,13499,
471.599,9812.68,51.4704,7.4013,161.965,21.5328,315.721,1,22,-83,-7,2,57,58,4,27771140,262,1,289,13499,
472.579,9833.93,51.4706,7.40109,162.168,21.4008,316.163,1,22,-83,-7,2,57,58,4,27771140,262,1,289,13499,
473.603,9854.81,51.4707,7.40088,162.466,21.2234,316.849,1,24,-82,-7,2,58,58,4,27771140,262,1,289,13499,
474.589,9875.97,51.4708,7.40067,162.411,20.6926,317.385,1,24,-82,-7,2,58,58,4,27771140,262,1,289,13499,
475.595,9897.14,51.471,7.40047,162.409,20.3099,317.405,1,24,-82,-7,2,58,58,4,27771140,262,1,289,13499,
476.663,9918.09,51.4711,7.40027,162.563,20.1511,317.442,1,25,-80,-7,2,60,59,4,27771140,262,1,289,13499,
477.571,9938.47,51.4712,7.40007,162.523,20.4647,317.098,1,25,-80,-7,2,60,59,4,27771140,262,1,289,13499,
478.596,9958.21,51.4714,7.39987,163.002,20.5075,315.743,1,23,-83,-7,12,57,56,14,27771140,262,1,289,13499,
479.589,9978.17,51.4715,7.39967,163.464,20.5385,316.299,1,23,-83,-7,12,57,56,14,27771140,262,1,289,13499,
480.582,9998.68,51.4716,7.39947,163.915,20.8796,317.314,1,25,-84,-8,13,56,57,14,27771140,262,1,289,13499,
481.602,9998.68,51.4775,7.40194,nan,21.2445,318.169,1,25,-84,-8,13,56,57,14,27771140,262,1,289,13499,
482.599,9998.68,51.4719,7.39906,165.144,21.5368,318.485,1,21,-83,-9,14,57,58,14,27771140,262,1,289,13499,
483.59,10020.7,51.4721,7.39886,165.642,21.9772,318.508,1,21,-83,-9,14,57,58,14,27771140,262,1,289,13499,
484.595,10042.9,51.4722,7.39865,166.032,22.4224,318.605,1,17,-85,-8,12,55,53,14,27771140,262,1,289,13499,
485.585,10065.7,51.4724,7.39843,166.538,22.9528,318.592,1,17,-85,-8,12,55,53,14,27771140,262,1,289,13499,
486.588,10089,51.4725,7.39822,167.008,23.6013,319.556,1,33,-85,-7,11,55,53,14,27771140,262,1,289,13499,
487.584,10112.7,51.4727,7.398,167.503,24.0818,319.534,1,33,-85,-7,11,55,53,14,27771140,262,1,289,13499,
488.592,10137,51.4729,7.39777,167.955,24.4495,319.613,1,27,-87,-7,10,53,51,14,27771140,262,1,289,13499,
489.589,10161.1,51.473,7.39755,168.155,24.9651,320.122,1,27,-87,-7,10,53,51,14,27771140,262,1,289,13499,
490.581,10186.8,51.4732,7.39731,168.501,25.529,321.085,1,20,-89,-7,14,51,50,14,27771140,262,1,289,13499,
491.584,10212.3,51.4734,7.39708,168.905,25.0467,320.674,1,20,-89,-7,14,51,50,14,27771140,262,1,289,13499,
492.585,10236.9,51.4736,7.39686,169.329,24.3092,320.867,1,19,-88,-10,11,52,52,14,27771140,262,1,289,13499,
493.586,10262.2,51.4738,7.39663,169.962,24.6208,321.682,1,19,-88,-10,11,52,52,14,27771140,262,1,289,13499,
494.57,10287.3,51.4739,7.3964,170.8,24.6118,322.133,1,13,-87,-6,2,53,51,14,27771140,262,1,289,13499,
495.586,10310.4,51.4741,7.3962,171.466,22.9304,322.613,1,13,-87,-6,2,53,51,14,27771140,262,1,289,13499,
496.578,10330.7,51.4742,7.39602,171.504,20.9128,322.197,1,13,-87,-6,2,53,51,14,27771140,262,1,289,13499,
497.593,10348.1,51.4744,7.39587,171.829,17.712,323.162,1,13,-88,-8,2,52,50,14,27771140,262,1,289,13499,
498.6,10365.1,51.4745,7.39573,171.82,16.5755,323.821,1,13,-88,-8,2,52,50,14,27771140,262,1,289,13499,
499.583,10381.3,51.4746,7.39559,171.994,16.05,324.254,1,23,-88,-7,2,52,51,14,27771140,262,1,289,13499,
500.594,10397.1,51.4747,7.39545,171.959,15.4107,324.805,1,23,-88,-7,2,52,51,14,27771140,262,1,289,13499,
501.603,10397.1,51.4697,7.39987,nan,14.4671,325.345,1,22,-87,-8,2,53,52,14,27771140,262,1,289,13499,
502.588,10397.1,51.4749,7.39521,171.028,13.3209,326.077,1,22,-87,-8,2,53,52,14,27771140,262,1,289,13499,
503.586,10409.8,51.475,7.39512,170.723,11.7437,327.525,1,18,-86,-8,2,54,53,14,27771140,262,1,289,13499,
504.602,10420.4,51.4751,7.39503,170.576,10.3511,328.331,1,18,-86,-8,2,54,53,14,27771140,262,1,289,13499,
505.601,10429.8,51.4752,7.39496,170.659,9.0568,328.792,1,19,-83,-8,2,57,56,14,27771140,262,1,289,13499,
506.577,10439.2,51.4753,7.3949,170.542,7.83346,328.67,1,19,-83,-8,2,57,56,14,27771140,262,1,289,13499,
507.578,10446.9,51.4753,7.39484,169.781,6.66679,329.035,1,24,-78,-7,2,62,60,14,27771140,262,1,289,13499,
508.597,10453.6,51.4754,7.39479,169.286,5.7435,329.141,1,24,-78,-7,2,62,60,14,27771140,262,1,289,13499,
509.581,10456.9,51.4754,7.39476,169.604,4.90339,328.535,1,26,-78,-8,2,62,61,14,27771140,262,1,289,13499,
510.588,10462.2,51.4754,7.39472,170.71,4.34763,329.683,1,26,-78,-8,2,62,61,14,27771140,262,1,289,13499,
511.589,10465.4,51.4755,7.39469,170.848,3.18291,328.458,1,19,-77,-8,2,63,63,14,27771140,262,1,289,13499,
512.597,10467.8,51.4755,7.39467,171.007,1.95388,328.171,1,19,-77,-8,2,63,63,14,27771140,262,1,289,13499,
513.58,10470.1,51.4755,7.39465,171.201,1.2984,313.892,1,24,-80,-9,2,60,62,14,27771140,262,1,289,13499,
514.577,10471.9,51.4755,7.39464,171.33,0.322106,313.892,1,24,-80,-9,2,60,62,14,27771140,262,1,289,13499,
515.588,10472.4,51.4755,7.39465,171.427,0.283569,313.892,1,28,-80,-9,2,60,60,14,27771140,262,1,289,13499,
516.57,10472.4,51.4755,7.39465,171.444,0,313.892,1,28,-80,-9,2,60,60,14,27771140,262,1,289,13499,
517.576,10472.4,51.4755,7.39465,171.47,0,313.892,1,18,-77,-7,2,63,61,14,27771140,262,1,289,13499,
518.575,10472.4,51.4755,7.39465,171.502,0,313.892,1,18,-77,-7,2,63,61,14,27771140,262,1,289,13499,
519.581,10472.4,51.4755,7.39465,171.541,0,313.892,1,18,-77,-7,2,63,61,14,27771140,262,1,289,13499,
520.587,10472.4,51.4755,7.39465,171.583,0,313.892,1,23,-75,-7,2,65,63,14,27771140,262,1,289,13499,
521.58,10472.4,51.4697,7.39987,nan,0,313.892,1,23,-75,-7,2,65,63,14,27771140,262,1,289,13499,
522.573,10472.4,51.4755,7.39465,171.68,0,313.892,1,27,-76,-9,2,64,63,14,27771140,262,1,289,13499,
523.585,10472.4,51.4755,7.39465,171.733,0,313.892,1,27,-76,-9,2,64,63,14,27771140,262,1,289,13499,
524.594,10472.4,51.4755,7.39465,171.789,0,313.892,1,28,-76,-9,2,64,63,14,27771140,262,1,289,13499,
525.577,10472.4,51.4755,7.39465,172.367,0,313.892,1,28,-76,-9,2,64,63,14,27771140,262,1,289,13499,
526.571,10472.4,51.4755,7.39465,172.853,0,313.892,1,25,-76,-9,2,64,63,14,27771140,262,1,289,13499,
527.6,10472.4,51.4755,7.39465,173.295,0,329.732,1,25,-76,-9,2,64,63,14,27771140,262,1,289,13499,
528.59,10480.6,51.4756,7.39457,173.696,0,329.187,1,26,-77,-8,2,63,62,14,27771140,262,1,289,13499,
529.579,10483.5,51.4756,7.39455,173.984,2.30535,329.73,1,26,-77,-8,2,63,62,14,27771140,262,1,289,13499,
530.582,10485.1,51.4756,7.39453,174.278,2.46468,330.656,1,19,-79,-9,2,61,61,14,27771140,262,1,289,13499,
531.58,10487.4,51.4756,7.39451,174.549,2.36469,331.264,1,19,-79,-9,2,61,61,14,27771140,262,1,289,13499,
532.577,10489.6,51.4756,7.39449,174.754,2.01667,329.445,1,19,-80,-10,2,60,60,14,27771140,262,1,289,13499,
533.583,10491,51.4757,7.39448,174.978,1.91662,328.707,1,19,-80,-10,2,60,60,14,27771140,262,1,289,13499,
534.589,10492.7,51.4757,7.39447,175.219,2.89298,326.732,1,19,-81,-10,2,59,60,14,27771140,262,1,289,13499,
535.589,10493.8,51.4757,7.39446,175.529,2.61624,328.145,1,19,-81,-10,2,59,60,14,27771140,262,1,289,13499,
536.585,10496.2,51.4757,7.39444,175.779,2.334,329.372,1,22,-81,-9,2,59,60,14,27771140,262,1,289,13499,
537.586,10498.2,51.4757,7.39442,176.03,2.21351,329.703,1,22,-81,-9,2,59,60,14,27771140,262,1,289,13499,
538.688,10500,51.4757,7.3944,176.265,1.9732,329.319,1,22,-81,-9,2,59,60,14,27771140,262,1,289,13499,
539.576,10501.8,51.4757,7.39438,176.474,1.79502,328.284,1,22,-82,-8,2,58,58,14,27771140,262,1,289,13499,
540.577,10503.7,51.4757,7.39437,176.656,1.7251,328.764,1,22,-82,-8,2,58,58,14,27771140,262,1,289,13499,
541.58,10503.7,51.4775,7.40194,nan,1.77297,328.926,1,19,-83,-8,12,57,57,6,27771140,262,1,289,13499,
542.611,10503.7,51.4758,7.39433,177.095,1.91173,329.516,1,19,-83,-8,12,57,57,6,27771140,262,1,289,13499,
543.593,10506.1,51.4758,7.39431,177.304,2.11564,329.692,1,15,-82,-8,10,58,58,6,27771140,262,1,289,13499,
544.57,10508.6,51.4758,7.39429,177.518,2.21108,329.2,1,15,-82,-8,10,58,58,6,27771140,262,1,289,13499,
545.575,10510.7,51.4758,7.39427,177.709,1.98378,328.649,1,13,-81,-8,14,59,59,6,27771140,262,1,289,13499,
546.574,10513.2,51.4758,7.39426,177.803,1.87101,328.224,1,13,-81,-8,14,59,59,6,27771140,262,1,289,13499,
547.58,10515.8,51.4759,7.39424,177.883,1.69157,330.073,1,19,-81,-7,15,59,59,6,27771140,262,1,289,13499,
548.589,10518.7,51.4759,7.39422,177.977,1.61929,330.749,1,19,-81,-7,15,59,59,6,27771140,262,1,289,13499,
549.599,10521.7,51.4759,7.3942,178.044,1.64505,331.349,1,21,-80,-7,12,60,59,6,27771140,262,1,289,13499,
550.586,10524.3,51.4759,7.39418,178.084,1.9244,332.237,1,21,-80,-7,12,60,59,6,27771140,262,1,289,13499,
551.59,10527.8,51.476,7.39416,178.084,2.29778,329.807,1,26,-79,-8,10,61,60,6,27771140,262,1,289,13499,
552.584,10530.4,51.476,7.39415,178.073,3.0178,330.131,1,26,-79,-8,10,61,60,6,27771140,262,1,289,13499,
553.59,10533.4,51.476,7.39414,178.034,2.81096,330.254,1,32,-80,-6,13,60,59,6,27771140,262,1,289,13499,
554.593,10536.5,51.476,7.39412,177.977,2.52284,331.153,1,32,-80,-6,13,60,59,6,27771140,262,1,289,13499,
555.601,10538.9,51.4761,7.39411,177.912,2.27293,332.41,1,25,-77,-7,13,63,62,6,27771140,262,1,289,13499,
556.586,10541.2,51.4761,7.3941,177.806,2.15518,333.101,1,25,-77,-7,13,63,62,6,27771140,262,1,289,13499,
557.589,10542.8,51.4761,7.39409,177.691,2.2418,332.553,1,27,-75,-6,2,65,63,6,27771140,262,1,289,13499,
558.577,10545.1,51.4761,7.39408,177.593,2.36528,331.988,1,27,-75,-6,2,65,63,6,27771140,262,1,289,13499,
559.589,10547,51.4761,7.39408,177.523,2.21919,331.443,1,27,-75,-6,2,65,63,6,27771140,262,1,289,13499,
560.58,10549,51.4761,7.39407,177.44,2.08697,330.948,1,25,-73,-7,15,67,63,5,27771140,262,1,289,13499,
561.578,10549,51.4697,7.39987,nan,1.81504,331.872,1,25,-73,-7,15,67,63,5,27771140,262,1,289,13499,
562.587,10549,51.4762,7.39403,177.396,1.66241,333.055,1,19,-75,-8,14,65,63,5,27771140,262,1,289,13499,
563.586,10551.3,51.4762,7.39401,177.421,1.4327,333.534,1,19,-75,-8,14,65,63,5,27771140,262,1,289,13499,
564.583,10552.6,51.4762,7.394,177.454,1.40301,332.752,1,28,-75,-7,14,65,63,5,27771140,262,1,289,13499,
565.59,10554.3,51.4762,7.39399,177.482,1.36006,333.934,1,28,-75,-7,14,65,63,5,27771140,262,1,289,13499,
566.577,10555.5,51.4762,7.39398,177.504,1.33802,334.414,1,22,-74,-7,14,66,63,5,27771140,262,1,289,13499,
567.582,10556.7,51.4762,7.39397,177.509,1.26901,333.051,1,22,-74,-7,14,66,63,5,27771140,262,1,289,13499,
568.589,10558.4,51.4763,7.39396,177.479,1.28895,332.259,1,27,-76,-6,14,64,62,5,27771140,262,1,289,13499,
569.62,10559.1,51.4763,7.39396,177.442,1.29226,332.259,1,27,-76,-6,14,64,62,5,27771140,262,1,289,13499,
570.59,10560.1,51.4763,7.39395,177.387,1.26398,332.259,1,24,-78,-8,12,62,62,5,27771140,262,1,289,13499,
571.579,10560.1,51.4763,7.39395,177.327,0,332.259,1,24,-78,-8,12,62,62,5,27771140,262,1,289,13499,
572.589,10560.1,51.4763,7.39395,177.321,0,332.259,1,15,-77,-8,13,63,63,5,27771140,262,1,289,13499,
573.576,10560.1,51.4763,7.39395,177.311,0,332.259,1,15,-77,-8,13,63,63,5,27771140,262,1,289,13499,
574.587,10560.1,51.4763,7.39395,177.302,0,332.259,1,16,-78,-7,15,62,61,5,27771140,262,1,289,13499,
575.597,10560.1,51.4763,7.39395,177.294,0,332.259,1,16,-78,-7,15,62,61,5,27771140,262,1,289,13499,
576.591,10560.1,51.4763,7.39395,177.286,0,332.259,1,28,-79,-9,15,61,63,5,27771140,262,1,289,13499,
577.579,10560.1,51.4763,7.39395,177.276,0,332.259,1,28,-79,-9,15,61,63,5,27771140,262,1,289,13499,
578.59,10560.1,51.4763,7.39395,177.267,0,332.259,1,15,-78,-9,15,62,63,5,27771140,262,1,289,13499,
579.582,10560.1,51.4763,7.39395,177.256,0,332.259,1,15,-78,-9,15,62,63,5,27771140,262,1,289,13499,
580.581,10560.1,51.4763,7.39395,177.246,0,332.259,1,26,-78,-7,15,62,61,5,27771140,262,1,289,13499,
581.594,10560.1,51.4804,7.39807,nan,0,332.259,1,26,-78,-7,15,62,61,5,27771140,262,1,289,13499,
582.591,10560.1,51.4763,7.39395,177.224,0,332.259,1,23,-81,-7,15,59,58,5,27771140,262,1,289,13499,
583.595,10560.1,51.4763,7.39395,177.217,0,332.259,1,23,-81,-7,15,59,58,5,27771140,262,1,289,13499,
584.581,10560.1,51.4763,7.39395,177.209,0,332.259,1,23,-81,-7,15,59,58,5,27771140,262,1,289,13499,
585.581,10560.1,51.4763,7.39395,177.202,0,332.259,1,13,-79,-10,15,61,62,5,27771140,262,1,289,13499,
586.595,10560.1,51.4763,7.39395,177.195,0,332.259,1,13,-79,-10,15,61,62,5,27771140,262,1,289,13499,
587.58,10560.1,51.4763,7.39395,177.189,0,332.259,1,19,-81,-6,2,59,53,5,27771140,262,1,289,13499,
588.567,10560.1,51.4763,7.39395,177.18,0,332.259,1,19,-81,-6,2,59,53,5,27771140,262,1,289,13499,
589.583,10560.1,51.4763,7.39395,177.172,0,332.259,1,21,-83,-8,2,57,57,5,27771140,262,1,289,13499,
590.602,10560.1,51.4763,7.39395,177.16,0,332.259,1,21,-83,-8,2,57,57,5,27771140,262,1,289,13499,
591.6,10560.1,51.4763,7.39395,177.024,0,332.259,1,18,-80,-9,2,60,61,5,27771140,262,1,289,13499,
592.591,10560.1,51.4763,7.39395,176.869,0,330.75,1,18,-80,-9,2,60,61,5,27771140,262,1,289,13499,
593.584,10560.1,51.4763,7.39395,176.702,0,331.167,1,28,-79,-9,2,61,62,5,27771140,262,1,289,13499,
594.581,10564.1,51.4763,7.39393,176.532,2.15986,331.858,1,28,-79,-9,2,61,62,5,27771140,262,1,289,13499,
595.576,10566.4,51.4763,7.39392,176.373,2.07376,332.304,1,25,-80,-10,2,60,62,5,27771140,262,1,289,13499,
596.573,10568.2,51.4763,7.39391,176.224,2.48376,331.341,1,25,-80,-10,2,60,62,5,27771140,262,1,289,13499,
597.596,10571.1,51.4764,7.39389,176.066,2.98798,332.057,1,21,-81,-10,2,59,60,5,27771140,262,1,289,13499,
598.588,10574.2,51.4764,7.39387,175.902,3.34866,332.8,1,21,-81,-10,2,59,60,5,27771140,262,1,289,13499,
599.613,10576.9,51.4764,7.39385,175.743,3.16324,332.481,1,20,-79,-9,2,61,61,5,27771140,262,1,289,13499,
600.545,10580.1,51.4764,7.39383,175.627,2.96185,332.279,1,20,-79,-9,2,61,61,5,27771140,262,1,289,13499,
601.545,10580.1,51.4764,7.39383,175.627,2.96185,332.279,1,16,-77,-8,2,63,62,5,27771140,262,1,289,13499,
602.58,10587,51.4765,7.39379,175.594,3.56749,332.632,1,16,-77,-8,2,63,62,5,27771140,262,1,289,13499,
603.545,10590.5,51.4765,7.39377,175.629,3.79485,333.197,1,14,-72,-8,14,68,63,5,27771140,262,1,289,13499,
604.59,10594.6,51.4765,7.39374,175.675,3.72853,333.237,1,14,-72,-8,14,68,63,5,27771140,262,1,289,13499,
605.576,10597.7,51.4766,7.39372,175.713,3.46,333.94,1,14,-72,-8,14,68,63,5,27771140,262,1,289,13499,
606.572,10601.3,51.4766,7.3937,175.718,3.62255,334.422,1,27,-71,-7,15,69,63,5,27771140,262,1,289,13499,
607.582,10604.8,51.4766,7.39368,175.751,3.41586,335.225,1,27,-71,-7,15,69,63,5,27771140,262,1,289,13499,
608.588,10607.8,51.4767,7.39366,175.797,3.10738,336.124,1,13,-73,-9,14,67,63,5,27771140,262,1,289,13499,
609.596,10611.5,51.4767,7.39364,175.821,2.91013,335.949,1,13,-73,-9,14,67,63,5,27771140,262,1,289,13499,
610.582,10613.7,51.4767,7.39362,175.854,2.53924,336.414,1,19,-73,-9,15,67,63,5,27771140,262,1,289,13499,
611.57,10615.7,51.4767,7.3936,175.855,2.19232,337.18,1,19,-73,-9,15,67,63,5,27771140,262,1,289,13499,
612.582,10617.4,51.4767,7.39359,175.84,2.03291,336.485,1,22,-78,-10,14,62,63,5,27771140,262,1,289,13499,
613.589,10619.1,51.4767,7.39358,175.837,2.20737,335.623,1,22,-78,-10,14,62,63,5,27771140,262,1,289,13499,
614.592,10621.4,51.4768,7.39357,175.864,2.99697,335.208,1,19,-79,-9,12,61,61,5,27771140,262,1,289,13499,
615.589,10624.2,51.4768,7.39355,175.896,3.03529,335.354,1,19,-79,-9,12,61,61,5,27771140,262,1,289,13499,
616.589,10627.8,51.4768,7.39352,175.918,3.1951,334.798,1,25,-78,-9,13,62,63,5,27771140,262,1,289,13499,
617.589,10631,51.4768,7.3935,175.947,3.26076,333.857,1,25,-78,-9,13,62,63,5,27771140,262,1,289,13499,
618.581,10634.1,51.4769,7.39348,175.976,3.15548,334.115,1,15,-84,-10,11,56,57,5,27771140,262,1,289,13499,
619.591,10637.1,51.4769,7.39346,176.024,2.8856,334.686,1,15,-84,-10,11,56,57,5,27771140,262,1,289,13499,
620.589,10640.1,51.4769,7.39344,176.055,2.60504,335.388,1,11,-84,-9,14,56,56,5,27771140,262,1,289,13499,
621.563,10642.6,51.4769,7.39343,176.092,2.21732,335.587,1,11,-84,-9,14,56,56,5,27771140,262,1,289,13499,
622.6,10642.6,51.4804,7.39807,nan,2.0725,334.951,1,12,-83,-10,10,57,58,5,27771140,262,1,289,13499,
623.589,10642.6,51.477,7.3934,176.26,2.0324,335.263,1,12,-83,-10,10,57,58,5,27771140,262,1,289,13499,
624.59,10644.7,51.477,7.39339,176.401,1.96125,334.815,1,16,-85,-11,10,55,58,5,27771140,262,1,289,13499,
625.589,10646.3,51.477,7.39339,176.52,1.94482,334.403,1,16,-85,-11,10,55,58,5,27771140,262,1,289,13499,
626.588,10648.6,51.477,7.39338,176.652,1.91296,334.484,1,13,-82,-8,11,58,59,5,27771140,262,1,289,13499,
627.582,10650.6,51.477,7.39337,176.82,1.79181,335.16,1,13,-82,-8,11,58,59,5,27771140,262,1,289,13499,
628.581,10653,51.4771,7.39335,176.972,1.82022,334.762,1,6,-85,-10,10,55,56,5,27771140,262,1,289,13499,
629.549,10656.4,51.4771,7.39334,177.151,1.7419,335.236,1,6,-85,-10,10,55,56,5,27771140,262,1,289,13499,
630.584,10658,51.4771,7.39332,177.292,1.71433,335.907,1,25,-81,-8,12,59,59,5,27771140,262,1,289,13499,
631.591,10659.7,51.4771,7.39331,177.378,1.48844,335.621,1,25,-81,-8,12,59,59,5,27771140,262,1,289,13499,
632.563,10661.5,51.4771,7.39329,177.484,1.83932,334.894,1,25,-81,-8,12,59,59,5,27771140,262,1,289,13499,
633.594,10664.2,51.4771,7.39327,177.592,2.15532,335.72,1,17,-83,-10,10,57,58,5,27771140,262,1,289,13499,
634.586,10666.8,51.4772,7.39326,177.707,2.24528,335.292,1,17,-83,-10,10,57,58,5,27771140,262,1,289,13499,
635.574,10669.4,51.4772,7.39324,177.848,1.86769,337.225,1,18,-81,-9,2,59,60,5,27771140,262,1,289,13499,
636.584,10671.7,51.4772,7.39323,178.005,1.88186,338.861,1,18,-81,-9,2,59,60,5,27771140,262,1,289,13499,
637.59,10674.1,51.4772,7.39322,178.147,2.51219,338.484,1,13,-83,-9,2,57,59,5,27771140,262,1,289,13499,
638.601,10676.7,51.4772,7.39321,178.281,2.53632,337.589,1,13,-83,-9,2,57,59,5,27771140,262,1,289,13499,
639.608,10678.4,51.4773,7.3932,178.424,2.41946,338.256,1,11,-84,-11,2,56,59,5,27771140,262,1,289,13499,
640.599,10681.3,51.4773,7.39319,178.511,2.54443,339.132,1,11,-84,-11,2,56,59,5,27771140,262,1,289,13499,
641.594,10681.3,51.4792,7.39689,nan,2.86529,338.869,1,1,-83,-9,2,57,58,5,27771139,262,1,288,13499,
642.59,10681.3,51.4773,7.39317,178.62,2.84651,339.546,1,1,-83,-9,2,57,58,5,27771139,262,1,288,13499,
643.589,10684.2,51.4774,7.39316,178.659,2.90479,338.864,1,1,-84,-9,2,56,57,5,27771139,262,1,288,13499,
644.58,10688.2,51.4774,7.39315,178.698,3.20768,338.518,1,1,-84,-9,2,56,57,5,27771139,262,1,288,13499,
645.591,10691.8,51.4774,7.39314,178.751,3.07637,339.237,1,2,-84,-10,2,56,58,5,27771139,262,1,288,13499,
646.599,10695.9,51.4775,7.39312,178.815,3.05957,340.039,1,2,-84,-10,2,56,58,5,27771139,262,1,288,13499,
647.589,10699.4,51.4775,7.39311,178.832,2.85046,340.768,1,21,-83,-10,2,57,59,5,27771139,262,1,288,13499,
648.59,10703.1,51.4775,7.3931,178.846,2.98135,341.717,1,21,-83,-10,2,57,59,5,27771139,262,1,288,13499,
649.584,10706.7,51.4776,7.39308,178.857,3.13031,342.7,1,9,-83,-10,2,57,59,5,27771139,262,1,288,13499,
650.582,10708.6,51.4776,7.39307,178.853,2.93185,343.19,1,9,-83,-10,2,57,59,5,27771139,262,1,288,13499,
651.695,10711.4,51.4776,7.39305,178.845,3.08818,344.584,1,11,-82,-9,2,58,58,5,27771139,262,1,288,13499,
652.585,10713.7,51.4776,7.39304,178.904,3.19265,345.443,1,11,-82,-9,2,58,58,5,27771139,262,1,288,13499,
653.594,10715.7,51.4776,7.39303,178.921,3.12919,346.128,1,14,-83,-9,10,57,57,4,27771139,262,1,288,13499,
654.579,10717.6,51.4776,7.39302,178.931,3.29861,347.29,1,14,-83,-9,10,57,57,4,27771139,262,1,288,13499,
655.595,10720.9,51.4777,7.393,178.982,3.51324,348.089,1,25,-83,-9,12,57,57,4,27771139,262,1,288,13499,
656.591,10725.3,51.4777,7.39299,178.997,3.49308,349.495,1,25,-83,-9,12,57,57,4,27771139,262,1,288,13499,
657.567,10729.2,51.4777,7.39298,178.994,3.37902,351.133,1,25,-83,-9,12,57,57,4,27771139,262,1,288,13499,
658.597,10732.7,51.4778,7.39298,178.995,3.15813,352.64,1,23,-82,-8,11,58,57,4,27771139,262,1,288,13499,
659.58,10736.8,51.4778,7.39297,178.978,3.09551,353.589,1,23,-82,-8,11,58,57,4,27771139,262,1,288,13499,
660.58,10740,51.4778,7.39296,178.979,2.92444,354.615,1,19,-81,-7,12,59,57,4,27771139,262,1,288,13499,
661.589,10740,51.4803,7.39466,nan,3.24769,355.804,1,19,-81,-7,12,59,57,4,27771139,262,1,288,13499,
662.58,10740,51.4779,7.39296,179.033,3.30197,357.212,1,28,-74,-6,14,66,61,4,27771139,262,1,288,13499,
663.569,10742.4,51.4779,7.39296,179.021,3.06052,357.959,1,28,-74,-6,14,66,61,4,27771139,262,1,288,13499,
664.59,10744.3,51.4779,7.39297,179.002,2.72444,358.39,1,17,-73,-6,9,67,63,4,27771139,262,1,288,13499,
665.589,10746.6,51.478,7.39297,178.938,3.03781,357.393,1,17,-73,-6,9,67,63,4,27771139,262,1,288,13499,
666.579,10748.8,51.478,7.39298,178.86,2.92845,358.054,1,32,-79,-7,11,61,58,4,27771139,262,1,288,13499,
667.583,10751.8,51.478,7.39299,178.776,3.28841,357.504,1,32,-79,-7,11,61,58,4,27771139,262,1,288,13499,
668.598,10755,51.478,7.393,178.655,3.47531,358.618,1,19,-83,-7,8,57,55,4,27771139,262,1,288,13499,
669.567,10758.4,51.4781,7.39301,178.534,3.6684,1.47485,1,19,-83,-7,8,57,55,4,27771139,262,1,288,13499,
670.601,10761.6,51.4781,7.39302,178.387,3.92473,2.65743,1,9,-80,-6,2,60,57,4,27771139,262,1,288,13499,
671.608,10765.7,51.4781,7.39304,178.24,3.94105,4.30823,1,9,-80,-6,2,60,57,4,27771139,262,1,288,13499,
672.593,10769.9,51.4782,7.39306,176.525,4.36198,6.02858,1,23,-83,-8,2,57,57,4,27771139,262,1,288,13499,
673.577,10774.1,51.4782,7.39307,175.225,4.27574,8.24036,1,23,-83,-8,2,57,57,4,27771139,262,1,288,13499,
674.592,10778.6,51.4782,7.39308,175.121,3.72884,10.1427,1,5,-83,-7,2,57,56,4,27771139,262,1,288,13499,
675.59,10783,51.4783,7.3931,175.038,3.94763,11.5544,1,5,-83,-7,2,57,56,4,27771139,262,1,288,13499,
676.589,10786.9,51.4783,7.39313,174.95,3.999,13.1162,1,11,-82,-6,2,58,55,4,27771139,262,1,288,13499,
677.588,10790.3,51.4783,7.39315,174.864,3.72414,15.0446,1,11,-82,-6,2,58,55,4,27771139,262,1,288,13499,
678.581,10793.9,51.4784,7.39317,174.779,3.96812,17.4889,1,13,-83,-6,2,57,54,4,27771139,262,1,288,13499,
679.584,10797.6,51.4784,7.39319,174.701,3.86967,18.0312,1,13,-83,-6,2,57,54,4,27771139,262,1,288,13499,
680.589,10801,51.4784,7.39321,174.608,4.0021,18.7863,1,13,-81,-6,2,59,55,4,27771139,262,1,288,13499,
681.581,10801,51.4803,7.39466,nan,3.80448,20.5311,1,13,-81,-6,2,59,55,4,27771139,262,1,288,13499,
682.603,10801,51.4785,7.39326,174.414,3.79342,21.0485,1,19,-80,-6,2,60,57,4,27771139,262,1,288,13499,
683.604,10804.4,51.4785,7.39327,174.341,3.29235,23.0507,1,19,-80,-6,2,60,57,4,27771139,262,1,288,13499,
684.575,10807.2,51.4785,7.39329,174.252,2.58839,25.4407,1,17,-79,-5,2,61,59,4,27771139,262,1,288,13499,
685.579,10809.8,51.4786,7.3933,174.166,2.26561,25.0953,1,17,-79,-5,2,61,59,4,27771139,262,1,288,13499,
686.596,10811.8,51.4786,7.39331,174.078,1.79179,28.0527,1,17,-79,-5,2,61,59,4,27771139,262,1,288,13499,
687.605,10813.5,51.4786,7.39331,173.99,1.59703,29.9284,1,16,-78,-5,2,62,60,4,27771139,262,1,288,13499,
688.581,10815.4,51.4786,7.39332,173.899,1.69085,30.7573,1,16,-78,-5,2,62,60,4,27771139,262,1,288,13499,
689.577,10817.4,51.4786,7.39334,173.831,1.89117,31.2838,1,14,-76,-6,2,64,61,4,27771139,262,1,288,13499,
690.591,10819.6,51.4786,7.39336,173.782,2.23324,31.6183,1,14,-76,-6,2,64,61,4,27771139,262,1,288,13499,
691.581,10822.1,51.4787,7.39338,173.712,2.73369,32.1905,1,17,-77,-6,2,63,60,4,27771139,262,1,288,13499,
692.576,10825,51.4787,7.3934,173.664,2.70613,31.9446,1,17,-77,-6,2,63,60,4,27771139,262,1,288,13499,
693.59,10827.7,51.4787,7.39342,173.622,2.44118,33.6582,1,16,-77,-6,2,63,59,4,27771139,262,1,288,13499,
694.592,10830.3,51.4787,7.39344,173.58,2.57345,34.1675,1,16,-77,-6,2,63,59,4,27771139,262,1,288,13499,
695.597,10832.8,51.4787,7.39346,173.527,2.50935,33.3534,1,28,-77,-6,2,63,59,4,27771139,262,1,288,13499,
696.588,10835.2,51.4788,7.39348,173.489,2.09659,33.9847,1,28,-77,-6,2,63,59,4,27771139,262,1,288,13499,
697.596,10837.7,51.4788,7.3935,173.467,2.10354,33.4421,1,28,-78,-6,2,62,59,4,27771139,262,1,288,13499,
698.596,10839.7,51.4788,7.39352,173.427,1.98737,35.0631,1,28,-78,-6,2,62,59,4,27771139,262,1,288,13499,
699.59,10841.5,51.4788,7.39354,173.403,1.69366,35.4416,1,15,-81,-5,2,59,56,4,27771139,262,1,288,13499,
700.667,10843,51.4788,7.39356,173.373,1.42773,34.3731,1,15,-81,-5,2,59,56,4,27771139,262,1,288,13499,
701.579,10843,51.4803,7.39466,nan,1.67197,36.0337,1,22,-84,-6,11,56,54,4,27771139,262,1,288,13499,
702.598,10843,51.4788,7.39359,173.333,1.63987,37.7067,1,22,-84,-6,11,56,54,4,27771139,262,1,288,13499,
703.619,10845.1,51.4788,7.39361,173.303,2.05377,37.2958,1,21,-85,-6,11,55,52,4,27771139,262,1,288,13499,
704.57,10847.7,51.4789,7.39364,173.321,2.15589,37.1108,1,21,-85,-6,11,55,52,4,27771139,262,1,288,13499,
705.607,10849.6,51.4789,7.39366,173.325,1.8056,38.708,1,12,-87,-5,10,53,50,4,27771139,262,1,288,13499,
706.597,10851.7,51.4789,7.39369,173.343,1.90162,40.6816,1,12,-87,-5,10,53,50,4,27771139,262,1,288,13499,
707.596,10854,51.4789,7.39371,173.355,2.09582,39.7057,1,14,-88,-6,15,52,48,4,27771139,262,1,288,13499,
708.589,10856.5,51.4789,7.39373,173.395,2.73051,25.9324,1,14,-88,-6,15,52,48,4,27771139,262,1,288,13499,
709.594,10858.8,51.4789,7.39375,173.382,2.92383,28.1486,1,13,-84,-5,10,56,53,4,27771139,262,1,288,13499,
710.581,10861.6,51.479,7.39377,173.395,2.73179,29.4661,1,13,-84,-5,10,56,53,4,27771139,262,1,288,13499,
711.578,10864,51.479,7.39379,173.439,2.951,28.3024,1,13,-84,-5,10,56,54,4,27771139,262,1,288,13499,
712.58,10867,51.479,7.39381,173.51,2.89471,27.7293,1,13,-84,-5,10,56,54,4,27771139,262,1,288,13499,
713.591,10869.6,51.479,7.39383,173.646,2.76856,26.7726,1,13,-84,-5,10,56,54,4,27771139,262,1,288,13499,
714.611,10872.6,51.479,7.39384,173.812,3.75604,24.8739,1,22,-80,-5,15,60,56,4,27771139,262,1,288,13499,
715.597,10877.9,51.4791,7.39387,175.357,4.29736,23.599,1,22,-80,-5,15,60,56,4,27771139,262,1,288,13499,
716.613,10883.4,51.4791,7.39389,176.492,4.4819,20.1449,1,18,-78,-5,10,62,59,4,27771139,262,1,288,13499,
717.59,10887.7,51.4792,7.39391,176.555,2.86099,17.3553,1,18,-78,-5,10,62,59,4,27771139,262,1,288,13499,
718.593,10890.1,51.4792,7.39392,176.604,1.7062,14.2374,1,38,-80,-5,13,60,56,4,27771139,262,1,288,13499,
719.606,10892.2,51.4792,7.39392,176.672,1.09685,11.6234,1,38,-80,-5,13,60,56,4,27771139,262,1,288,13499,
720.59,10892.7,51.4792,7.39392,176.754,1.00406,11.6234,1,13,-86,-6,2,54,49,4,27771139,262,1,288,13499,
721.543,10893.9,51.4792,7.39392,176.847,1.12826,8.30783,1,13,-86,-6,2,54,49,4,27771139,262,1,288,13499,
722.594,10894.9,51.4792,7.39392,176.919,1.42371,7.14527,1,18,-86,-6,2,54,50,4,27771139,262,1,288,13499,
723.583,10896.2,51.4792,7.39393,176.987,1.43407,5.96489,1,18,-86,-6,2,54,50,4,27771139,262,1,288,13499,
724.581,10897.8,51.4793,7.39393,177.045,1.33439,4.34746,1,18,-86,-6,2,54,50,4,27771139,262,1,288,13499,
725.593,10899.4,51.4793,7.39393,177.101,2.40349,2.68631,1,18,-86,-6,2,54,50,4,27771139,262,1,288,13499,
726.597,10903.2,51.4793,7.39393,177.125,4.14613,0.02883,1,14,-85,-6,2,55,52,4,27771139,262,1,288,13499,
727.597,10908.5,51.4794,7.39392,177.497,4.45484,357.161,1,14,-85,-6,2,55,52,4,27771139,262,1,288,13499,
728.591,10913.8,51.4794,7.39391,177.73,4.47303,353.468,1,7,-88,-7,2,52,50,4,27771139,262,1,288,13499,
729.586,10919.4,51.4794,7.39389,178.067,5.57821,350.033,1,7,-88,-7,2,52,50,4,27771139,262,1,288,13499,
730.589,10925.2,51.4795,7.39386,178.23,6.57774,347.269,1,13,-90,-8,2,50,48,4,27771139,262,1,288,13499,
731.589,10932.7,51.4796,7.39383,178.271,7.46794,344.123,1,13,-90,-8,2,50,48,4,27771139,262,1,288,13499,
732.599,10941.3,51.4796,7.39379,178.571,8.5265,341.503,1,13,-93,-8,2,47,46,4,27771139,262,1,288,13499,
733.606,10951.5,51.4797,7.39373,178.703,9.22272,338.909,1,13,-93,-8,2,47,46,4,27771139,262,1,288,13499,
734.593,10962.5,51.4798,7.39366,178.714,10.2347,337.173,1,17,-89,-6,2,51,48,4,28365058,262,1,223,13499,
735.572,10971.9,51.4799,7.3936,178.876,10.1348,335.786,1,17,-89,-6,2,51,48,4,28365058,262,1,223,13499,
736.572,10982.6,51.48,7.39353,178.987,9.24291,336.631,1,19,-87,-6,2,53,49,4,28365058,262,1,223,13499,
737.633,10991.5,51.48,7.39348,179.119,8.6378,338.676,1,19,-87,-6,2,53,49,4,28365058,262,1,223,13499,
738.574,10999,51.4801,7.39347,179.31,8.14065,357.529,1,13,-91,-6,12,49,46,15,28365058,262,1,223,13499,
739.58,11006.8,51.4802,7.39348,179.447,8.23666,10.7919,1,13,-91,-6,12,49,46,15,28365058,262,1,223,13499,
740.579,11014.5,51.4802,7.39353,179.721,8.90862,30.5411,1,13,-91,-6,12,49,46,15,28365058,262,1,223,13499,
741.584,11014.5,51.4803,7.39466,nan,9.57681,50.7431,1,10,-86,-5,6,54,50,5,27771139,262,1,288,13499,
742.608,11014.5,51.4804,7.39374,180.699,10.4537,53.7769,1,10,-86,-5,6,54,50,5,27771139,262,1,288,13499,
743.588,11026,51.4804,7.39388,181.052,11.8606,55.5344,1,18,-84,-5,15,56,53,5,27771139,262,1,288,13499,
744.581,11037.7,51.4805,7.39402,181.764,13.0222,56.4604,1,18,-84,-5,15,56,53,5,27771139,262,1,288,13499,
745.587,11051.1,51.4805,7.39418,182.246,13.875,56.1841,1,18,-83,-5,11,57,53,5,27771139,262,1,288,13499,
746.575,11065.6,51.4806,7.39436,182.677,14.2711,56.7124,1,18,-83,-5,11,57,53,5,27771139,262,1,288,13499,
747.6,11080.3,51.4807,7.39453,183.078,14.4243,57.2034,1,29,-86,-6,13,54,52,5,27771139,262,1,288,13499,
748.621,11095,51.4808,7.39471,183.471,14.7507,57.5348,1,29,-86,-6,13,54,52,5,27771139,262,1,288,13499,
749.605,11110.1,51.4808,7.3949,183.812,15.3295,57.9401,1,33,-83,-5,11,57,55,5,27771139,262,1,288,13499,
750.598,11126.1,51.4809,7.3951,183.945,15.8826,58.3549,1,33,-83,-5,11,57,55,5,27771139,262,1,288,13499,
751.597,11142.3,51.481,7.3953,184.049,16.0232,59.3292,1,25,-84,-6,10,56,53,5,27771139,262,1,288,13499,
752.581,11158.3,51.481,7.39551,183.865,16.1475,59.7594,1,25,-84,-6,10,56,53,5,27771139,262,1,288,13499,
753.58,11173.6,51.4811,7.3957,183.564,16.2396,60.0455,1,32,-83,-6,10,57,54,5,27771139,262,1,288,13499,
754.59,11190.4,51.4812,7.39592,183.43,16.3092,60.0444,1,32,-83,-6,10,57,54,5,27771139,262,1,288,13499,
755.608,11206.2,51.4812,7.39612,183.367,16.5556,60.5283,1,5,-85,-9,2,55,54,5,27771139,262,1,288,13499,
756.59,11222.8,51.4813,7.39633,183.486,16.6836,60.0492,1,5,-85,-9,2,55,54,5,27771139,262,1,288,13499,
757.577,11239.2,51.4814,7.39654,183.583,16.3665,59.127,1,10,-86,-7,2,54,52,5,27771139,262,1,288,13499,
758.588,11254.7,51.4815,7.39673,183.227,16.0162,58.7764,1,10,-86,-7,2,54,52,5,27771139,262,1,288,13499,
759.595,11269.8,51.4815,7.39691,182.744,15.5448,58.2609,1,16,-86,-6,2,54,51,5,27771139,262,1,288,13499,
760.594,11285.5,51.4816,7.39711,182.08,15.1257,57.7001,1,16,-86,-6,2,54,51,5,27771139,262,1,288,13499,
761.594,11285.5,51.4803,7.39466,nan,14.5184,57.0252,1,22,-87,-7,2,53,52,5,27771139,262,1,288,13499,
762.578,11285.5,51.4817,7.39745,181.255,13.4906,56.0677,1,22,-87,-7,2,53,52,5,27771139,262,1,288,13499,
763.576,11298.6,51.4818,7.39761,181.067,12.7451,55.1637,1,22,-87,-7,2,53,52,5,27771139,262,1,288,13499,
764.605,11310.9,51.4819,7.39775,180.923,11.9493,53.956,1,22,-87,-7,2,53,51,5,27771139,262,1,288,13499,
765.595,11322.6,51.4819,7.39788,181.092,10.5796,53.3056,1,22,-87,-7,2,53,51,5,27771139,262,1,288,13499,
766.581,11332.3,51.482,7.398,181.308,9.29901,52.2407,1,22,-83,-6,2,57,54,5,27771139,262,1,288,13499,
767.595,11340.9,51.482,7.39809,181.393,8.17101,51.5925,1,22,-83,-6,2,57,54,5,27771139,262,1,288,13499,
768.586,11347.3,51.4821,7.39817,181.42,7.0976,50.5863,1,25,-81,-5,2,59,54,5,27771139,262,1,288,13499,
769.571,11353.3,51.4821,7.39823,181.409,5.8337,49.182,1,25,-81,-5,2,59,54,5,27771139,262,1,288,13499,
770.659,11359.1,51.4821,7.39829,181.518,4.81469,48.6342,1,19,-81,-5,2,59,54,5,27771139,262,1,288,13499,
771.588,11362.9,51.4822,7.39833,181.532,3.62943,48.2277,1,19,-81,-5,2,59,54,5,27771139,262,1,288,13499,
772.58,11365.9,51.4822,7.39836,181.54,2.56471,46.3094,1,22,-82,-7,13,58,55,10,27771139,262,1,288,13499,
773.594,11368.2,51.4822,7.39838,181.57,1.86256,44.9996,1,22,-82,-7,13,58,55,10,27771139,262,1,288,13499,
774.594,11369.3,51.4822,7.39839,181.603,0.854191,44.9996,1,23,-80,-7,15,60,57,10,27771139,262,1,288,13499,
775.578,11369.3,51.4822,7.39839,181.61,0,44.9996,1,23,-80,-7,15,60,57,10,27771139,262,1,288,13499,
776.589,11369.3,51.4822,7.39839,181.617,0,44.9996,1,23,-81,-5,12,59,57,10,27771139,262,1,288,13499,
777.582,11369.3,51.4822,7.39839,181.623,0,44.9996,1,23,-81,-5,12,59,57,10,27771139,262,1,288,13499,
778.583,11369.3,51.4822,7.39839,181.629,0,44.9996,1,24,-80,-5,14,60,57,10,27771139,262,1,288,13499,
779.594,11369.3,51.4822,7.39839,181.634,0,44.9996,1,24,-80,-5,14,60,57,10,27771139,262,1,288,13499,
780.587,11369.3,51.4822,7.39839,181.642,0,44.9996,1,23,-80,-5,13,60,57,10,27771139,262,1,288,13499,
781.592,11369.3,51.4803,7.39466,nan,0,44.9996,1,23,-80,-5,13,60,57,10,27771139,262,1,288,13499,
782.586,11369.3,51.4822,7.39839,181.668,0,44.9996,1,25,-80,-5,14,60,56,10,27771139,262,1,288,13499,
783.592,11369.3,51.4822,7.39839,181.684,0,44.9996,1,25,-80,-5,14,60,56,10,27771139,262,1,288,13499,
784.585,11369.3,51.4822,7.39839,181.7,0,44.9996,1,24,-80,-5,15,60,57,10,27771139,262,1,288,13499,
785.594,11369.3,51.4822,7.39839,181.715,0,44.9996,1,24,-80,-5,15,60,57,10,27771139,262,1,288,13499,
786.58,11369.3,51.4822,7.39839,181.734,0,44.9996,1,24,-80,-5,15,60,57,10,27771139,262,1,288,13499,
787.585,11369.3,51.4822,7.39839,181.752,0,44.9996,1,25,-80,-5,15,60,57,10,27771139,262,1,288,13499,
788.601,11369.3,51.4822,7.39839,181.77,0,44.9996,1,25,-80,-5,15,60,57,10,27771139,262,1,288,13499,
789.602,11369.3,51.4822,7.39839,181.787,0,44.9996,1,24,-80,-5,14,60,57,10,27771139,262,1,288,13499,
790.58,11369.3,51.4822,7.39839,181.802,0,44.9996,1,24,-80,-5,14,60,57,10,27771139,262,1,288,13499,
791.589,11369.3,51.4822,7.39839,181.816,0,44.9996,1,23,-81,-5,14,59,55,10,27771139,262,1,288,13499,
792.584,11369.3,51.4822,7.39839,181.83,0,44.9996,1,23,-81,-5,14,59,55,10,27771139,262,1,288,13499,
793.598,11369.3,51.4822,7.39839,181.842,0,44.9996,1,23,-81,-5,15,59,56,10,27771139,262,1,288,13499,
794.585,11369.3,51.4822,7.39839,181.854,0,44.9996,1,23,-81,-5,15,59,56,10,27771139,262,1,288,13499,
795.576,11369.3,51.4822,7.39839,181.864,0,44.9996,1,24,-81,-5,15,59,56,10,27771139,262,1,288,13499,
796.578,11369.3,51.4822,7.39839,181.873,0,44.9996,1,24,-81,-5,15,59,56,10,27771139,262,1,288,13499,
797.589,11369.3,51.4822,7.39839,181.969,0,86.2717,1,24,-81,-5,15,59,57,10,27771139,262,1,288,13499,
798.624,11369.3,51.4822,7.39839,182.066,0,40.7543,1,24,-81,-5,15,59,57,10,27771139,262,1,288,13499,
799.599,11375.6,51.4823,7.39845,182.13,3.61906,41.7993,1,22,-81,-4,2,59,56,10,27771139,262,1,288,13499,
800.594,11378.4,51.4823,7.39848,182.579,4.81875,42.1067,1,22,-81,-4,2,59,56,10,27771139,262,1,288,13499,
801.619,11378.4,51.4803,7.39466,nan,5.97203,41.4631,1,24,-80,-5,2,60,57,10,27771139,262,1,288,13499,
802.59,11378.4,51.4824,7.39861,183.024,6.85128,40.5203,1,24,-80,-5,2,60,57,10,27771139,262,1,288,13499,
803.591,11386.2,51.4824,7.39868,183.232,7.67456,39.7131,1,18,-82,-5,15,58,51,10,27771139,262,1,288,13499,
804.597,11396.1,51.4825,7.39877,183.399,8.61347,38.8769,1,18,-82,-5,15,58,51,10,27771139,262,1,288,13499,
805.589,11405.8,51.4826,7.39885,183.5,9.66146,37.9062,1,10,-90,-6,10,50,47,10,27771139,262,1,288,13499,
806.603,11416.3,51.4826,7.39894,183.879,9.69093,37.077,1,10,-90,-6,10,50,47,10,27771139,262,1,288,13499,
807.594,11424.3,51.4827,7.399,184.133,9.53348,36.4712,1,7,-87,-6,10,53,50,10,27771139,262,1,288,13499,
808.595,11433.8,51.4828,7.39907,184.286,9.88087,35.5961,1,7,-87,-6,10,53,50,10,27771139,262,1,288,13499,
809.576,11444.1,51.4828,7.39915,184.271,10.2999,34.7502,1,10,-86,-5,10,54,51,10,27771139,262,1,288,13499,
810.597,11455.2,51.4829,7.39924,184.361,10.5681,35.5138,1,10,-86,-5,10,54,51,10,27771139,262,1,288,13499,
811.581,11464.8,51.483,7.39931,184.433,10.6888,34.9993,1,10,-86,-5,10,54,51,10,27771139,262,1,288,13499,
812.6,11475.1,51.4831,7.39939,184.443,11.394,34.3196,1,14,-86,-5,12,54,49,10,27771139,262,1,288,13499,
813.581,11486.9,51.4832,7.39947,184.484,12.3096,33.8211,1,14,-86,-5,12,54,49,10,27771139,262,1,288,13499,
814.589,11499.6,51.4833,7.39957,184.594,13.0074,33.7804,1,10,-88,-6,11,52,49,10,27771139,262,1,288,13499,
815.595,11512.7,51.4834,7.39967,184.787,13.7215,33.5636,1,10,-88,-6,11,52,49,10,27771139,262,1,288,13499,
816.597,11526.1,51.4835,7.39977,184.978,13.6423,33.9068,1,6,-92,-6,11,48,44,10,27771139,262,1,288,13499,
817.598,11540.9,51.4836,7.39989,185.308,13.7776,34.4224,1,6,-92,-6,11,48,44,10,27771139,262,1,288,13499,
818.581,11554.7,51.4837,7.4,185.696,14.121,34.9764,1,8,-93,-5,2,47,44,10,27771139,262,1,288,13499,
819.588,11570.1,51.4838,7.40013,185.9,14.885,35.535,1,8,-93,-5,2,47,44,10,27771139,262,1,288,13499,
820.585,11585.4,51.4839,7.40026,185.644,15.5118,36.0333,1,12,-87,-6,2,53,49,10,28365058,262,1,223,13499,
821.567,11585.4,51.4817,7.40348,nan,16.0382,36.7337,1,12,-87,-6,2,53,49,10,28365058,262,1,223,13499,
822.577,11585.4,51.4842,7.40054,185.373,15.9945,37.4581,1,15,-89,-6,2,51,48,10,28365058,262,1,223,13499,
823.582,11601.8,51.4843,7.40069,185.021,15.7072,38.3276,1,15,-89,-6,2,51,48,10,28365058,262,1,223,13499,
824.581,11617.6,51.4844,7.40084,184.548,15.5537,39.3176,1,9,-90,-6,2,50,47,10,28365058,262,1,223,13499,
825.584,11632.2,51.4845,7.40098,184.152,15.1346,40.3153,1,9,-90,-6,2,50,47,10,28365058,262,1,223,13499,
826.586,11646,51.4846,7.40112,183.924,14.8155,41.1803,1,10,-94,-7,2,46,44,10,28365058,262,1,223,13499,
827.582,11660.2,51.4847,7.40126,183.844,14.6577,41.7812,1,10,-94,-7,2,46,44,10,28365058,262,1,223,13499,
828.587,11675.3,51.4848,7.40141,183.757,14.3789,42.3025,1,8,-95,-8,2,45,43,10,28365058,262,1,223,13499,
829.601,11689,51.4848,7.40155,183.731,14.0321,41.7817,1,8,-95,-8,2,45,43,10,28365058,262,1,223,13499,
830.598,11702.8,51.4849,7.40168,183.667,13.979,40.8686,1,7,-96,-8,2,44,42,10,28365058,262,1,223,13499,
831.579,11716.5,51.485,7.40182,183.413,13.5714,41.5507,1,7,-96,-8,2,44,42,10,28365058,262,1,223,13499,
832.601,11729.8,51.4851,7.40195,183.085,13.2098,42.8334,1,10,-98,-8,2,42,40,10,28365058,262,1,223,13499,
833.617,11742.8,51.4852,7.40209,182.829,12.5483,44.1201,1,10,-98,-8,2,42,40,10,28365058,262,1,223,13499,
834.602,11753.9,51.4853,7.40221,182.439,11.2499,45.6532,1,12,-95,-7,2,45,42,10,28365058,262,1,223,13499,
835.577,11764.7,51.4853,7.40232,182.069,9.4281,46.581,1,12,-95,-7,2,45,42,10,28365058,262,1,223,13499,
836.597,11773.6,51.4854,7.40243,181.728,7.2307,48.1682,1,12,-95,-7,2,45,42,10,28365058,262,1,223,13499,
837.608,11780.2,51.4854,7.4025,181.244,5.02108,48.9038,1,10,-96,-8,2,44,42,10,28365058,262,1,223,13499,
838.607,11785,51.4854,7.40255,181.197,4.08491,49.4658,1,10,-96,-8,2,44,42,10,28365058,262,1,223,13499,
839.604,11789.6,51.4855,7.40261,181.137,3.68361,49.978,1,8,-96,-8,2,44,43,10,28365058,262,1,223,13499,
840.594,11793.7,51.4855,7.40265,181.097,3.31755,50.5807,1,8,-96,-8,2,44,43,10,28365058,262,1,223,13499,
841.568,11793.7,51.4862,7.40046,nan,3.46851,50.7225,1,11,-97,-8,2,43,42,10,28365058,262,1,223,13499,
842.642,11793.7,51.4855,7.40274,181.059,3.90963,51.1226,1,11,-97,-8,2,43,42,10,28365058,262,1,223,13499,
843.601,11798,51.4855,7.40279,180.992,5.41524,47.4527,1,2,-99,-9,8,41,40,8,28365058,262,1,223,13499,
844.583,11802.7,51.4856,7.40282,180.708,5.74726,19.2019,1,2,-99,-9,8,41,40,8,28365058,262,1,223,13499,
845.603,11807.7,51.4856,7.40282,180.369,5.71551,2.77085,1,3,-94,-7,6,46,42,16,29391105,262,1,351,13499,
846.6,11814.3,51.4857,7.4028,180.366,6.68741,346.114,1,3,-94,-7,6,46,42,16,29391105,262,1,351,13499,
847.588,11822.3,51.4857,7.40275,180.747,7.30484,328.505,1,5,-101,-11,7,39,40,16,29391105,262,1,351,13499,
848.634,11829.9,51.4858,7.40268,181.304,7.63468,325.233,1,5,-101,-11,7,39,40,16,29391105,262,1,351,13499,
849.595,11838.4,51.4859,7.4026,181.825,7.44724,324.097,1,-2,-102,-9,6,38,38,7,28365058,262,1,223,13499,
850.593,11844.8,51.4859,7.40254,182.175,7.64242,323.134,1,-2,-102,-9,6,38,38,7,28365058,262,1,223,13499,
851.587,11852.1,51.486,7.40248,182.673,7.36646,323.493,1,5,-100,-8,10,40,39,7,28365058,262,1,223,13499,
852.594,11859.7,51.486,7.40241,183.154,7.30308,322.679,1,5,-100,-8,10,40,39,7,28365058,262,1,223,13499,
853.591,11867.8,51.4861,7.40234,183.594,7.39895,323.405,1,5,-99,-9,7,41,42,7,28365058,262,1,223,13499,
854.595,11876.1,51.4861,7.40227,183.625,7.74075,325.94,1,5,-99,-9,7,41,42,7,28365058,262,1,223,13499,
855.577,11885,51.4862,7.40221,183.282,7.98348,327.823,1,1,-102,-13,7,38,43,7,28365058,262,1,223,13499,
856.6,11894.5,51.4863,7.40213,182.874,9.41821,328.985,1,1,-102,-13,7,38,43,7,28365058,262,1,223,13499,
857.6,11903.9,51.4863,7.40207,182.323,9.03099,330.947,1,1,-102,-13,7,38,43,7,28365058,262,1,223,13499,
858.599,11913.7,51.4864,7.40201,181.804,9.05199,331.965,1,1,-102,-13,7,38,43,7,28365058,262,1,223,13499,
859.579,11924.5,51.4865,7.40194,181.244,9.64275,334.285,1,-3,-100,-10,6,40,41,4,26385409,262,1,93,13499,
860.601,11935.1,51.4866,7.40188,181.123,10.3444,336.657,1,-3,-100,-10,6,40,41,4,26385409,262,1,93,13499,
861.586,11935.1,51.4854,7.39771,nan,10.3857,339.293,1,3,-100,-10,8,40,40,4,26385409,262,1,93,13499,
862.602,11935.1,51.4868,7.4018,180.717,10.4921,341.495,1,3,-100,-10,8,40,40,4,26385409,262,1,93,13499,
863.589,11945.4,51.4869,7.40177,180.173,10.4471,343.372,1,6,-93,-6,14,47,45,16,27771139,262,1,288,13499,
864.583,11955.8,51.487,7.40175,179.689,9.75248,345.461,1,6,-93,-6,14,47,45,16,27771139,262,1,288,13499,
865.58,11966.1,51.487,7.40173,179.341,9.23674,347.332,1,6,-93,-6,14,47,45,16,27771139,262,1,288,13499,
866.597,11977,51.4871,7.40171,179.274,9.43509,349.1,1,24,-91,-6,14,49,45,16,27771139,262,1,288,13499,
867.579,11988.1,51.4872,7.4017,179.228,9.93819,351.332,1,24,-91,-6,14,49,45,16,27771139,262,1,288,13499,
868.598,11997.6,51.4873,7.4017,179.011,10.1847,353.161,1,22,-93,-7,11,47,44,16,27771139,262,1,288,13499,
869.579,12007.6,51.4874,7.4017,178.86,10.4831,354.98,1,22,-93,-7,11,47,44,16,27771139,262,1,288,13499,
870.599,12018.1,51.4875,7.4017,178.7,9.93982,356.563,1,17,-87,-6,14,53,51,3,26385409,262,1,93,13499,
871.587,12028.8,51.4876,7.4017,178.305,10.2742,357.702,1,17,-87,-6,14,53,51,3,26385409,262,1,93,13499,
872.592,12038.6,51.4877,7.4017,177.769,10.2663,358.612,1,14,-87,-6,9,53,49,3,26385409,262,1,93,13499,
873.598,12049.4,51.4878,7.40171,177.342,10.4078,359.474,1,14,-87,-6,9,53,49,3,26385409,262,1,93,13499,
874.596,12060.7,51.4879,7.40172,176.91,10.5692,0.0989581,1,14,-90,-6,10,50,47,3,26385409,262,1,93,13499,
875.588,12071.7,51.488,7.40173,176.532,10.6378,0.484588,1,14,-90,-6,10,50,47,3,26385409,262,1,93,13499,
876.593,12083,51.4881,7.40174,176.187,11.1145,0.344899,1,19,-85,-5,11,55,53,3,26385409,262,1,93,13499,
877.584,12092.8,51.4882,7.40174,175.901,10.2584,0.961914,1,19,-85,-5,11,55,53,3,26385409,262,1,93,13499,
878.578,12103.7,51.4883,7.40174,175.971,10.42,1.00111,1,19,-82,-5,14,58,54,3,26385409,262,1,93,13499,
879.601,12114.4,51.4884,7.40174,176.252,10.507,0.671427,1,19,-82,-5,14,58,54,3,26385409,262,1,93,13499,
880.595,12124.3,51.4885,7.40175,176.439,10.1775,0.813166,1,13,-81,-6,12,59,54,3,26385409,262,1,93,13499,
881.569,12124.3,51.4854,7.39771,nan,10.1909,0.748087,1,13,-81,-6,12,59,54,3,26385409,262,1,93,13499,
882.58,12124.3,51.4886,7.40176,175.833,9.83934,0.379937,1,14,-84,-6,12,56,53,3,26385409,262,1,93,13499,
883.593,12134,51.4887,7.40175,175.418,10.7803,359.588,1,14,-84,-6,12,56,53,3,26385409,262,1,93,13499,
884.593,12145.5,51.4888,7.40176,174.964,10.6223,358.798,1,4,-84,-8,2,56,54,3,26385409,262,1,93,13499,
885.577,12156.6,51.4889,7.40176,174.559,9.52104,357.493,1,4,-84,-8,2,56,54,3,26385409,262,1,93,13499,
886.595,12167.4,51.489,7.40176,174.627,8.75797,356.827,1,15,-80,-8,2,60,60,3,26385410,262,1,94,13499,
887.575,12175.3,51.4891,7.40175,174.783,6.65867,357.648,1,15,-80,-8,2,60,60,3,26385410,262,1,94,13499,
888.575,12178.9,51.4891,7.40175,175.155,4.49113,358.013,1,24,-80,-8,2,60,59,3,26385410,262,1,94,13499,
889.586,12181.7,51.4892,7.40174,175.163,2.68542,0.669119,1,24,-80,-8,2,60,59,3,26385410,262,1,94,13499,
890.574,12184.1,51.4892,7.40175,175.201,1.54504,14.3876,1,24,-80,-8,2,60,59,3,26385410,262,1,94,13499,
891.585,12184.8,51.4892,7.40176,175.229,1.08216,14.3876,1,27,-79,-7,2,61,59,3,26385410,262,1,94,13499,
892.59,12186.1,51.4892,7.40176,175.233,1.63084,14.8362,1,27,-79,-7,2,61,59,3,26385410,262,1,94,13499,
893.591,12187.4,51.4892,7.40176,175.217,1.87153,13.5555,1,30,-76,-7,2,64,62,3,26385410,262,1,94,13499,
894.652,12191.4,51.4892,7.40177,175.419,5.0162,11.1585,1,30,-76,-7,2,64,62,3,26385410,262,1,94,13499,
895.601,12196.1,51.4893,7.40178,176.138,5.64858,8.89395,1,30,-75,-7,2,65,63,3,26385410,262,1,94,13499,
896.595,12202.3,51.4893,7.40181,176.808,6.17527,23.3511,1,30,-75,-7,2,65,63,3,26385410,262,1,94,13499,
897.59,12207.1,51.4894,7.40187,177.725,5.96513,52.8276,1,23,-71,-6,14,69,62,2,26385410,262,1,94,13499,
898.593,12213.6,51.4894,7.40196,177.909,6.72726,77.9778,1,23,-71,-6,14,69,62,2,26385410,262,1,94,13499,
899.594,12220.7,51.4894,7.40206,177.585,8.11736,80.4431,1,30,-67,-6,15,73,63,2,26385410,262,1,94,13499,
900.59,12229.2,51.4894,7.40218,177.229,9.69541,82.4215,1,30,-67,-6,15,73,63,2,26385410,262,1,94,13499,
901.579,12239.5,51.4894,7.40233,176.736,10.6767,84.9286,1,30,-69,-6,15,71,63,2,26385410,262,1,94,13499,
902.603,12250.9,51.4894,7.40249,176.317,11.6757,86.9604,1,30,-69,-6,15,71,63,2,26385410,262,1,94,13499,
903.595,12263.3,51.4894,7.40267,176.362,12.601,88.0422,1,27,-76,-6,15,64,61,2,26385410,262,1,94,13499,
904.581,12276.2,51.4894,7.40286,176.279,13.1281,88.9426,1,27,-76,-6,15,64,61,2,26385410,262,1,94,13499,
905.584,12289.5,51.4894,7.40305,176.665,13.1183,89.4219,1,21,-74,-6,15,66,63,2,26385410,262,1,94,13499,
906.593,12302.3,51.4894,7.40324,176.717,12.9878,89.8782,1,21,-74,-6,15,66,63,2,26385410,262,1,94,13499,
907.579,12314.4,51.4894,7.40341,176.987,12.7659,90.3752,1,24,-74,-8,15,66,63,2,26385410,262,1,94,13499,
908.591,12328,51.4894,7.40361,177.441,12.5195,90.4117,1,24,-74,-8,15,66,63,2,26385410,262,1,94,13499,
909.581,12340.6,51.4894,7.40379,177.883,12.5824,90.4007,1,19,-79,-8,15,61,60,2,26385410,262,1,94,13499,
910.584,12353.1,51.4894,7.40397,178.115,12.8486,91.031,1,19,-79,-8,15,61,60,2,26385410,262,1,94,13499,
911.582,12365.8,51.4894,7.40415,178.359,13.2634,90.6501,1,16,-76,-9,13,64,63,2,26385410,262,1,94,13499,
912.588,12379.1,51.4894,7.40435,178.532,13.1907,90.9189,1,16,-76,-9,13,64,63,2,26385410,262,1,94,13499,
913.589,12391.9,51.4894,7.40453,178.706,12.651,90.9164,1,11,-79,-10,10,61,63,2,26385410,262,1,94,13499,
914.594,12404.4,51.4894,7.40471,179.186,12.464,90.6518,1,11,-79,-10,10,61,63,2,26385410,262,1,94,13499,
915.582,12416.9,51.4894,7.40489,179.953,12.321,90.4975,1,13,-72,-7,6,68,63,1,26385408,262,1,95,13499,
916.58,12429.2,51.4894,7.40507,180.952,12.3586,89.7718,1,13,-72,-7,6,68,63,1,26385408,262,1,95,13499,
917.59,12441.4,51.4894,7.40525,181.683,12.5183,88.899,1,13,-72,-7,6,68,63,1,26385408,262,1,95,13499,
918.594,12453.7,51.4894,7.40542,181.971,12.1865,87.4699,1,19,-73,-6,15,67,63,1,26385408,262,1,95,13499,
919.597,12466.6,51.4894,7.40561,181.805,12.3278,85.8436,1,19,-73,-6,15,67,63,1,26385408,262,1,95,13499,
920.588,12479.4,51.4894,7.40579,181.256,12.3054,84.162,1,25,-72,-6,15,68,63,1,26385408,262,1,95,13499,
921.565,12491,51.4894,7.40596,180.861,12.5214,82.3861,1,25,-72,-6,15,68,63,1,26385408,262,1,95,13499,
922.572,12502.3,51.4894,7.40612,180.777,11.9442,80.4091,1,18,-78,-6,12,62,59,1,26385408,262,1,95,13499,
923.583,12513.8,51.4895,7.40628,180.349,9.6677,78.8898,1,18,-78,-6,12,62,59,1,26385408,262,1,95,13499,
924.586,12523.4,51.4895,7.40641,180.012,8.62201,78.4604,1,12,-76,-6,12,64,60,1,26385408,262,1,95,13499,
925.58,12530.4,51.4895,7.40651,179.203,8.64786,77.0145,1,12,-76,-6,12,64,60,1,26385408,262,1,95,13499,
926.592,12539.1,51.4895,7.40663,178.138,8.66976,77.8073,1,19,-75,-6,14,65,61,1,26385408,262,1,95,13499,
927.594,12549,51.4896,7.40676,177.149,9.7073,76.9588,1,19,-75,-6,14,65,61,1,26385408,262,1,95,13499,
928.634,12559,51.4896,7.4069,176.273,10.112,76.7923,1,24,-73,-5,14,67,63,1,26385408,262,1,95,13499,
929.583,12569.6,51.4896,7.40705,175.524,10.0073,77.1826,1,24,-73,-5,14,67,63,1,26385408,262,1,95,13499,
930.584,12579.6,51.4896,7.40719,174.739,9.9923,77.5786,1,13,-74,-6,10,66,61,1,26385408,262,1,95,13499,
931.584,12589.7,51.4897,7.40733,174.336,9.94002,78.0145,1,13,-74,-6,10,66,61,1,26385408,262,1,95,13499,
932.587,12599.8,51.4897,7.40747,174.007,10.4887,77.3355,1,13,-72,-6,14,68,61,1,26385408,262,1,95,13499,
933.584,12610.5,51.4897,7.40762,173.617,10.4948,76.6983,1,13,-72,-6,14,68,61,1,26385408,262,1,95,13499,
934.588,12621.5,51.4897,7.40777,173.111,10.098,76.3158,1,16,-75,-6,10,65,61,1,26385408,262,1,95,13499,
935.574,12630.9,51.4897,7.40791,172.864,10.036,79.7983,1,16,-75,-6,10,65,61,1,26385408,262,1,95,13499,
936.598,12640.7,51.4898,7.40805,172.732,10.0236,82.7682,1,11,-77,-6,14,63,59,1,26385408,262,1,95,13499,
937.581,12650.3,51.4898,7.40818,172.272,10.411,81.2464,1,11,-77,-6,14,63,59,1,26385408,262,1,95,13499,
938.589,12661.9,51.4898,7.40835,171.363,11.424,79.4028,1,20,-77,-6,12,63,60,1,26385408,262,1,95,13499,
939.587,12672.3,51.4898,7.4085,170.639,11.6893,78.4207,1,20,-77,-6,12,63,60,1,26385408,262,1,95,13499,
940.591,12684.4,51.4898,7.40867,169.733,12.1051,77.5518,1,20,-77,-6,12,63,60,1,26385408,262,1,95,13499,
941.579,12696.7,51.4898,7.40884,168.711,12.3822,77.4721,1,10,-74,-6,14,66,57,1,26385408,262,1,95,13499,
942.597,12709.1,51.4899,7.40902,168.042,12.6307,78.0904,1,10,-74,-6,14,66,57,1,26385408,262,1,95,13499,
943.603,12721.6,51.4899,7.40919,167.535,12.919,78.3561,1,16,-77,-5,10,63,57,1,26385408,262,1,95,13499,
944.605,12735.3,51.4899,7.40939,167.244,12.9755,78.2761,1,16,-77,-5,10,63,57,1,26385408,262,1,95,13499,
945.6,12748.4,51.4899,7.40957,167.329,12.8851,78.3968,1,10,-81,-6,14,59,56,1,26385408,262,1,95,13499,
946.591,12761.3,51.49,7.40976,167.594,12.8473,78.8086,1,10,-81,-6,14,59,56,1,26385408,262,1,95,13499,
947.596,12774.1,51.49,7.40994,167.773,13.0567,78.2946,1,16,-77,-5,2,63,59,1,26385408,262,1,95,13499,
948.6,12786.6,51.49,7.41012,167.783,13.0349,78.2425,1,16,-77,-5,2,63,59,1,26385408,262,1,95,13499,
949.59,12799,51.49,7.41029,167.263,13.0028,78.3506,1,15,-81,-6,2,59,56,1,26385408,262,1,95,13499,
950.59,12812.3,51.4901,7.41048,166.565,12.9627,77.9399,1,15,-81,-6,2,59,56,1,26385408,262,1,95,13499,
