0.11,0,51.4901,7.41226,164.225,2.90316,349.139,1,7,-88,-7,2,52,51,6,29391105,262,1,351,13499,
1.396,4.37814,51.4901,7.41223,164.271,3.18191,348.931,1,7,-88,-7,2,52,51,6,29391105,262,1,351,13499,
2.44,9.11279,51.4902,7.41221,164.317,3.35503,348.357,1,5,-94,-7,6,46,43,7,26385408,262,1,95,13499,
3.498,12.5944,51.4902,7.41221,164.388,3.37513,0.895168,1,5,-94,-7,6,46,43,7,26385408,262,1,95,13499,
4.538,14.9489,51.4902,7.41221,164.431,3.32217,14.7492,1,7,-89,-7,12,51,46,7,26385408,262,1,95,13499,
5.574,18.7812,51.4903,7.41224,164.33,3.33018,36.7018,1,7,-89,-7,12,51,46,7,26385408,262,1,95,13499,
6.568,24.4158,51.4903,7.41232,163.605,3.48304,66.929,1,12,-91,-7,8,49,46,7,26385408,262,1,95,13499,
7.561,32.0957,51.4903,7.41242,162.502,3.79614,78.448,1,12,-91,-7,8,49,46,7,26385408,262,1,95,13499,
8.564,41.3962,51.4903,7.41255,161.749,4.24278,76.4362,1,11,-88,-5,12,52,48,7,26385408,262,1,95,13499,
9.579,51.0667,51.4903,7.41269,161.534,9.86317,77.9208,1,11,-88,-5,12,52,48,7,26385408,262,1,95,13499,
10.562,61.1348,51.4904,7.41283,161.484,10.2799,77.4237,1,23,-85,-5,13,55,51,7,26385408,262,1,95,13499,
11.562,72.2852,51.4904,7.41299,161.741,11.2255,78.2061,1,23,-85,-5,13,55,51,7,26385408,262,1,95,13499,
12.562,83.6961,51.4904,7.41315,162.121,11.5065,78.5475,1,17,-86,-5,11,54,52,7,26385408,262,1,95,13499,
13.566,94.9454,51.4904,7.41331,162.13,11.485,78.1132,1,17,-86,-5,11,54,52,7,26385408,262,1,95,13499,
14.587,106.552,51.4905,7.41347,162.261,11.5871,77.4074,1,15,-87,-5,12,53,48,7,26385408,262,1,95,13499,
15.563,118.368,51.4905,7.41364,162.225,11.9278,77.9839,1,15,-87,-5,12,53,48,7,26385408,262,1,95,13499,
16.57,130.05,51.4905,7.41381,162.165,11.9657,78.8876,1,15,-87,-5,12,53,48,7,26385408,262,1,95,13499,
17.58,142.527,51.4905,7.41398,162.247,12.5708,78.5132,1,15,-83,-7,2,57,55,7,26385408,262,1,95,13499,
18.575,155.497,51.4905,7.41417,162.467,13.015,77.6425,1,15,-83,-7,2,57,55,7,26385408,262,1,95,13499,
19.574,168.787,51.4906,7.41435,162.842,13.3757,77.6543,1,14,-85,-6,2,55,54,7,26385408,262,1,95,13499,
20.577,182.47,51.4906,7.41455,163.552,13.6254,78.2931,1,14,-85,-6,2,55,54,7,26385408,262,1,95,13499,
21.586,196.156,51.4906,7.41474,164.228,13.5432,78.638,1,19,-84,-6,2,56,54,7,26385408,262,1,95,13499,
22.575,209.65,51.4906,7.41493,164.538,13.5719,79.5233,1,19,-84,-6,2,56,54,7,26385408,262,1,95,13499,
23.565,223.058,51.4907,7.41512,164.459,13.4149,80.6975,1,18,-84,-6,2,56,54,7,26385408,262,1,95,13499,
24.58,236.312,51.4907,7.41531,164.079,13.1975,82.1103,1,18,-84,-6,2,56,54,7,26385408,262,1,95,13499,
25.562,249.377,51.4907,7.4155,163.514,13.178,83.5498,1,-8,-84,-7,2,56,54,7,26385408,262,1,95,13499,
26.557,262.176,51.4907,7.41568,162.771,13.0034,85.2752,1,-8,-84,-7,2,56,54,7,26385408,262,1,95,13499,
27.559,274.795,51.4907,7.41587,162.023,12.7474,87.3702,1,22,-84,-9,2,56,56,7,29391105,262,1,351,13499,
28.565,287.488,51.4907,7.41605,161.527,12.669,90.0109,1,22,-84,-9,2,56,56,7,29391105,262,1,351,13499,
29.57,299.844,51.4907,7.41623,161.36,12.1488,92.941,1,19,-82,-7,2,58,57,7,29391105,262,1,351,13499,
30.561,311.012,51.4907,7.41639,161.47,11.016,95.7707,1,19,-82,-7,2,58,57,7,29391105,262,1,351,13499,
31.567,320.331,51.4907,7.41652,161.192,9.13893,97.9625,1,21,-82,-7,2,58,56,7,29391105,262,1,351,13499,
32.575,328.412,51.4906,7.41663,160.86,7.53836,100.049,1,21,-82,-7,2,58,56,7,29391105,262,1,351,13499,
33.564,335.367,51.4906,7.41673,160.675,6.68049,102.329,1,28,-81,-6,2,59,56,7,29391105,262,1,351,13499,
34.573,340.751,51.4906,7.4168,160.577,4.90645,100.874,1,28,-81,-6,2,59,56,7,29391105,262,1,351,13499,
35.562,342.833,51.4906,7.41683,160.611,1.16494,100.874,1,24,-82,-7,2,58,57,7,29391105,262,1,351,13499,
36.582,342.833,51.4906,7.41683,160.615,0,100.874,1,24,-82,-7,2,58,57,7,29391105,262,1,351,13499,
37.589,342.833,51.4906,7.41683,160.617,0,100.874,1,28,-81,-7,2,59,57,7,29391105,262,1,351,13499,
38.571,342.833,51.4906,7.41683,160.614,0,100.874,1,28,-81,-7,2,59,57,7,29391105,262,1,351,13499,
39.569,342.833,51.4906,7.41683,160.606,0,100.874,1,28,-80,-7,2,60,58,7,29391105,262,1,351,13499,
40.565,342.833,51.4906,7.41683,160.59,0,100.874,1,28,-80,-7,2,60,58,7,29391105,262,1,351,13499,
41.59,342.833,51.4906,7.41683,160.573,0,100.874,1,28,-80,-7,2,60,58,7,29391105,262,1,351,13499,
42.574,342.833,51.4906,7.41683,160.554,0,100.874,1,27,-77,-6,2,63,60,7,29391105,262,1,351,13499,
43.571,342.833,51.4906,7.41683,160.534,0,100.874,1,27,-77,-6,2,63,60,7,29391105,262,1,351,13499,
44.577,342.833,51.4906,7.41683,160.518,0,100.874,1,28,-77,-6,2,63,60,7,29391105,262,1,351,13499,
45.553,342.833,51.4906,7.41683,160.504,0,100.874,1,28,-77,-6,2,63,60,7,29391105,262,1,351,13499,
46.565,342.833,51.4906,7.41683,160.487,0,100.874,1,29,-77,-5,2,63,59,7,29391105,262,1,351,13499,
47.587,342.833,51.4906,7.41683,160.466,0,100.874,1,29,-77,-5,2,63,59,7,29391105,262,1,351,13499,
48.578,342.833,51.4906,7.41683,160.449,0,100.874,1,24,-77,-5,2,63,59,7,29391105,262,1,351,13499,
49.561,342.833,51.4906,7.41683,160.435,0,100.874,1,24,-77,-5,2,63,59,7,29391105,262,1,351,13499,
50.587,342.833,51.4906,7.41683,160.421,0,100.874,1,29,-77,-7,2,63,61,7,29391105,262,1,351,13499,
51.647,342.833,51.4906,7.41683,160.41,0,100.874,1,29,-77,-7,2,63,61,7,29391105,262,1,351,13499,
52.584,342.833,51.4906,7.41683,160.403,0,100.874,1,27,-78,-7,15,62,61,4,29391105,262,1,351,13499,
53.552,342.833,51.4906,7.41683,160.402,0,100.874,1,27,-78,-7,15,62,61,4,29391105,262,1,351,13499,
54.565,342.833,51.4906,7.41683,160.405,0,100.874,1,28,-78,-5,15,62,59,4,29391105,262,1,351,13499,
55.552,342.833,51.4906,7.41683,160.409,0,100.874,1,28,-78,-5,15,62,59,4,29391105,262,1,351,13499,
56.569,342.833,51.4906,7.41683,160.414,0,100.874,1,27,-78,-5,14,62,59,4,29391105,262,1,351,13499,
57.595,342.833,51.4906,7.41683,160.49,0,100.874,1,27,-78,-5,14,62,59,4,29391105,262,1,351,13499,
58.581,342.833,51.4906,7.41683,160.541,0,100.874,1,22,-79,-7,13,61,59,4,29391105,262,1,351,13499,
59.566,342.833,51.4906,7.41683,160.612,0,108.528,1,22,-79,-7,13,61,59,4,29391105,262,1,351,13499,
60.568,351.584,51.4906,7.41695,161.324,0,105.988,1,22,-79,-7,13,61,59,4,29391105,262,1,351,13499,
61.563,354.97,51.4906,7.41699,161.697,5.14102,102.223,1,30,-72,-5,15,68,63,4,29391105,262,1,351,13499,
62.576,360.757,51.4906,7.41707,161.549,5.27952,75.3926,1,30,-72,-5,15,68,63,4,29391105,262,1,351,13499,
63.586,366.797,51.4906,7.41714,161.433,5.90349,48.7475,1,22,-81,-5,12,59,55,4,29391105,262,1,351,13499,
64.573,373.342,51.4907,7.41718,160.622,5.93428,20.1563,1,22,-81,-5,12,59,55,4,29391105,262,1,351,13499,
65.558,378.73,51.4907,7.4172,159.569,6.00368,357.688,1,22,-89,-6,11,51,47,4,29391105,262,1,351,13499,
66.576,384.594,51.4908,7.41719,158.52,6.09991,352.65,1,22,-89,-6,11,51,47,4,29391105,262,1,351,13499,
67.555,391.28,51.4908,7.41719,158.289,6.16123,359.607,1,13,-91,-6,10,49,46,4,29391105,262,1,351,13499,
68.571,397.673,51.4909,7.41722,158.031,6.18126,19.7751,1,13,-91,-6,10,49,46,4,29391105,262,1,351,13499,
69.562,402.374,51.4909,7.41728,157.618,6.19373,54.7756,1,16,-89,-6,11,51,47,4,29391105,262,1,351,13499,
70.56,408.578,51.4909,7.41736,156.889,6.23718,79.3109,1,16,-89,-6,11,51,47,4,29391105,262,1,351,13499,
71.576,415.931,51.4909,7.41747,156.33,6.36624,97.5467,1,7,-92,-7,11,48,46,4,29391105,262,1,351,13499,
72.571,425.725,51.4909,7.41761,155.879,8.959,95.8266,1,7,-92,-7,11,48,46,4,29391105,262,1,351,13499,
73.573,435.063,51.4909,7.41775,155.121,9.90903,95.3077,1,10,-96,-7,9,44,42,4,29391105,262,1,351,13499,
74.57,446.41,51.4909,7.41791,154.85,10.2858,94.691,1,10,-96,-7,9,44,42,4,29391105,262,1,351,13499,
75.575,457.28,51.4909,7.41807,154.499,10.331,95.0422,1,22,-90,-6,11,50,48,4,29391105,262,1,351,13499,
76.594,466.742,51.4909,7.4182,154.192,10.2561,96.5617,1,22,-90,-6,11,50,48,4,29391105,262,1,351,13499,
77.574,477.103,51.4909,7.41835,154.151,10.5111,98.6289,1,17,-93,-6,11,47,44,4,29391105,262,1,351,13499,
78.585,487.081,51.4908,7.41849,153.979,10.465,112.171,1,17,-93,-6,11,47,44,4,29391105,262,1,351,13499,
79.593,496.088,51.4908,7.41861,153.306,10.5389,115.235,1,7,-98,-7,11,42,40,4,29391105,262,1,351,13499,
80.574,507.779,51.4907,7.41874,152.954,10.3792,131.025,1,7,-98,-7,11,42,40,4,29391105,262,1,351,13499,
81.573,518.396,51.4907,7.41886,152.751,10.6579,132.728,1,10,-102,-9,11,38,38,4,29391105,262,1,351,13499,
82.552,527.449,51.4906,7.41895,152.811,10.5586,134.173,1,10,-102,-9,11,38,38,4,29391105,262,1,351,13499,
83.584,538.396,51.4905,7.41906,152.898,10.2313,134.626,1,6,-101,-7,6,39,38,13,28365056,262,1,222,13499,
84.578,550.793,51.4905,7.41919,152.989,10.3543,136.072,1,6,-101,-7,6,39,38,13,28365056,262,1,222,13499,
85.558,562.615,51.4904,7.41931,153.271,10.5251,136.596,1,3,-102,-8,10,38,37,13,28365056,262,1,222,13499,
86.562,572.632,51.4903,7.41941,153.6,10.5015,136.259,1,3,-102,-8,10,38,37,13,28365056,262,1,222,13499,
87.579,582.647,51.4903,7.41951,154.298,10.5593,136.743,1,3,-102,-8,10,38,37,13,28365056,262,1,222,13499,
88.574,592.957,51.4902,7.41962,155.363,10.5599,136.624,1,5,-101,-7,9,39,38,13,28365056,262,1,222,13499,
89.548,603.302,51.4901,7.41972,156.468,10.6228,137.068,1,5,-101,-7,9,39,38,13,28365056,262,1,222,13499,
90.546,613.088,51.4901,7.41981,157.105,10.7152,138.025,1,2,-101,-11,9,39,40,13,28365056,262,1,222,13499,
91.541,623.134,51.49,7.41991,157.374,10.5016,137.66,1,2,-101,-11,9,39,40,13,28365056,262,1,222,13499,
92.575,633.731,51.4899,7.42001,157.85,10.4667,138.985,1,12,-100,-7,7,40,39,13,28365056,262,1,222,13499,
93.559,642.794,51.4899,7.42008,157.812,10.6582,141.637,1,12,-100,-7,7,40,39,13,28365056,262,1,222,13499,
94.566,653.403,51.4898,7.42017,156.463,10.1842,142.785,1,6,-97,-9,11,43,43,13,28365056,262,1,222,13499,
95.561,662.911,51.4897,7.42024,155.037,9.99699,143.74,1,6,-97,-9,11,43,43,13,28365056,262,1,222,13499,
96.57,673.548,51.4896,7.42032,153.993,10.0267,144.15,1,3,-99,-8,10,41,39,13,28365056,262,1,222,13499,
97.553,684.683,51.4895,7.4204,153.247,10.1016,144.556,1,3,-99,-8,10,41,39,13,28365056,262,1,222,13499,
98.57,694.374,51.4895,7.42048,152.865,9.59691,142.103,1,7,-103,-8,8,37,37,13,28365056,262,1,222,13499,
99.57,704.649,51.4894,7.4206,152.562,9.42798,122.913,1,7,-103,-8,8,37,37,13,28365056,262,1,222,13499,
100.582,712.808,51.4894,7.42071,152.625,9.44416,105.872,1,7,-103,-10,8,37,38,13,28365056,262,1,222,13499,
101.557,720.568,51.4894,7.42082,152.848,6.90893,103.608,1,7,-103,-10,8,37,38,13,28365056,262,1,222,13499,
102.575,727.261,51.4893,7.42091,153.07,4.86612,102.843,1,7,-103,-8,7,37,34,13,28365056,262,1,222,13499,
103.559,730.456,51.4893,7.42095,153.072,3.81922,117.173,1,7,-103,-8,7,37,34,13,28365056,262,1,222,13499,
104.575,736.453,51.4893,7.42101,152.99,4.75242,139.548,1,2,-104,-10,8,36,37,13,28365056,262,1,222,13499,
105.561,741.819,51.4892,7.42102,152.305,5.05065,183.863,1,2,-104,-10,8,36,37,13,28365056,262,1,222,13499,
106.558,747.53,51.4892,7.421,151.289,6.76603,207.508,1,-1,-103,-8,10,37,37,13,28365056,262,1,222,13499,
107.578,755.237,51.4891,7.42097,150.752,7.62287,194.48,1,-1,-103,-8,10,37,37,13,28365056,262,1,222,13499,
108.57,764.083,51.4891,7.42093,149.81,8.90851,194.14,1,6,-101,-9,7,39,40,13,28365056,262,1,222,13499,
109.571,773.645,51.489,7.4209,148.545,8.72799,194.938,1,6,-101,-9,7,39,40,13,28365056,262,1,222,13499,
110.556,782.476,51.4889,7.42086,147.123,7.89281,195.502,1,1,-99,-12,9,41,44,13,28365056,262,1,222,13499,
111.575,791.761,51.4888,7.42083,145.654,7.0765,194.898,1,1,-99,-12,9,41,44,13,28365056,262,1,222,13499,
112.552,799.55,51.4887,7.4208,144.476,7.71825,195.397,1,1,-99,-12,9,41,44,13,28365056,262,1,222,13499,
113.576,807.183,51.4887,7.42077,142.762,6.2363,194.423,1,0,-91,-7,6,49,47,9,29391105,262,1,351,13499,
114.566,815.237,51.4886,7.42074,141.416,5.1485,196.691,1,0,-91,-7,6,49,47,9,29391105,262,1,351,13499,
115.566,821.08,51.4886,7.42076,141.334,3.51241,157.314,1,11,-90,-8,14,50,50,9,29391105,262,1,351,13499,
116.569,825.014,51.4885,7.42081,141.272,4.41275,118.423,1,11,-90,-8,14,50,50,9,29391105,262,1,351,13499,
117.62,829.816,51.4885,7.42087,141.438,6.57761,116.528,1,8,-91,-8,10,49,49,9,29391105,262,1,351,13499,
118.567,837.018,51.4885,7.42098,141.921,6.63548,100.228,1,8,-91,-8,10,49,49,9,29391105,262,1,351,13499,
119.577,843.019,51.4885,7.42106,142.697,6.57798,99.546,1,8,-92,-7,11,48,47,9,29391105,262,1,351,13499,
120.582,849.39,51.4885,7.42116,143.417,6.60423,98.8604,1,8,-92,-7,11,48,47,9,29391105,262,1,351,13499,
121.555,856.873,51.4885,7.42126,144.388,7.41112,101.034,1,-2,-94,-11,9,46,48,9,29391105,262,1,351,13499,
122.567,863.229,51.4885,7.42135,145.35,7.6601,118.529,1,-2,-94,-11,9,46,48,9,29391105,262,1,351,13499,
123.574,871.277,51.4884,7.42145,146.114,8.44258,122.179,1,1,-92,-9,9,48,48,9,29391105,262,1,351,13499,
124.581,880.08,51.4884,7.42155,146.866,8.9433,125.918,1,1,-92,-9,9,48,48,9,29391105,262,1,351,13499,
125.56,888.58,51.4883,7.42165,147.371,9.07935,127.799,1,2,-95,-7,6,45,43,9,29391105,262,1,351,13499,
126.575,897.462,51.4883,7.42175,147.209,9.16221,128.707,1,2,-95,-7,6,45,43,9,29391105,262,1,351,13499,
127.572,907.122,51.4882,7.42186,147.273,9.23286,129.181,1,9,-95,-6,9,45,43,9,29391105,262,1,351,13499,
128.561,914.663,51.4882,7.42195,147.03,9.49912,126.987,1,9,-95,-6,9,45,43,9,29391105,262,1,351,13499,
129.571,925.23,51.4882,7.42209,147.156,9.81247,112.097,1,5,-96,-8,10,44,42,9,29391105,262,1,351,13499,
130.574,935.632,51.4881,7.42223,147.646,10.0401,110.749,1,5,-96,-8,10,44,42,9,29391105,262,1,351,13499,
131.597,945.451,51.4881,7.42236,148.529,10.3104,108.58,1,11,-97,-8,11,43,40,9,29391105,262,1,351,13499,
132.574,954.811,51.4881,7.42249,149.144,10.359,107.198,1,11,-97,-8,11,43,40,9,29391105,262,1,351,13499,
133.573,965.965,51.488,7.42264,149.901,10.4358,106.432,1,3,-104,-10,8,36,37,9,29391105,262,1,351,13499,
134.574,975.471,51.488,7.42277,150.412,10.3846,105.945,1,3,-104,-10,8,36,37,9,29391105,262,1,351,13499,
135.578,985.234,51.488,7.42291,150.741,10.3408,104.966,1,4,-103,-8,2,37,36,9,29391105,262,1,351,13499,
136.59,995.987,51.488,7.42306,150.776,10.1736,105.705,1,4,-103,-8,2,37,36,9,29391105,262,1,351,13499,
137.576,1005.82,51.488,7.4232,150.556,10.2158,105.538,1,3,-95,-6,2,45,43,9,28365056,262,1,222,13499,
138.57,1015.87,51.4879,7.42334,150.14,10.3897,106.837,1,3,-95,-6,2,45,43,9,28365056,262,1,222,13499,
139.558,1026.69,51.4879,7.42348,150.105,10.1337,110.185,1,7,-96,-8,2,44,43,9,28365056,262,1,222,13499,
140.556,1037.44,51.4878,7.42362,150.461,10.0561,123.376,1,7,-96,-8,2,44,43,9,28365056,262,1,222,13499,
141.56,1047.42,51.4878,7.42374,150.901,9.97743,124.797,1,7,-96,-8,2,44,43,9,28365056,262,1,222,13499,
142.567,1057.74,51.4877,7.42386,151.566,9.91895,127.865,1,8,-96,-9,2,44,44,9,28365056,262,1,222,13499,
143.57,1067.96,51.4877,7.42397,152.928,10.3246,131.441,1,8,-96,-9,2,44,44,9,28365056,262,1,222,13499,
144.55,1077.72,51.4876,7.42407,154.022,10.4677,134.219,1,14,-93,-7,8,47,45,14,28365056,262,1,222,13499,
145.586,1086.64,51.4876,7.42416,153.989,10.7452,136.734,1,14,-93,-7,8,47,45,14,28365056,262,1,222,13499,
146.568,1096.17,51.4875,7.42424,153.753,10.6801,139.67,1,4,-95,-8,10,45,45,14,28365056,262,1,222,13499,
147.558,1106.64,51.4874,7.42433,153.161,10.8748,142.743,1,4,-95,-8,10,45,45,14,28365056,262,1,222,13499,
148.57,1118.8,51.4873,7.42443,152.274,11.6395,142.986,1,4,-96,-9,10,44,44,14,28365056,262,1,222,13499,
149.565,1131.49,51.4872,7.42453,151.506,11.3705,141.874,1,4,-96,-9,10,44,44,14,28365056,262,1,222,13499,
150.556,1143.56,51.4871,7.42464,150.957,11.0226,139.828,1,3,-98,-11,8,42,45,14,28365056,262,1,222,13499,
151.576,1155.73,51.4871,7.42476,150.983,11.7836,137.379,1,3,-98,-11,8,42,45,14,28365056,262,1,222,13499,
152.567,1167.81,51.487,7.42488,150.727,11.9962,135.898,1,-2,-90,-8,6,50,49,10,28367106,262,1,103,13499,
153.581,1179.77,51.4869,7.42501,150.544,11.4972,134.702,1,-2,-90,-8,6,50,49,10,28367106,262,1,103,13499,
154.588,1191.22,51.4868,7.42514,150.08,11.3895,133.03,1,10,-92,-8,14,48,47,10,28367106,262,1,103,13499,
155.572,1203.16,51.4868,7.42527,149.736,11.2904,131.555,1,10,-92,-8,14,48,47,10,28367106,262,1,103,13499,
156.575,1214.06,51.4867,7.42539,149.201,11.4026,131.064,1,10,-90,-7,11,50,49,10,28367106,262,1,103,13499,
157.582,1225.23,51.4867,7.42551,148.461,11.8846,130.711,1,10,-90,-7,11,50,49,10,28367106,262,1,103,13499,
158.571,1236.97,51.4866,7.42564,147.708,11.9987,131.823,1,10,-86,-6,11,54,52,10,28367106,262,1,103,13499,
159.57,1246.35,51.4865,7.42575,146.011,11.4938,132.386,1,10,-86,-6,11,54,52,10,28367106,262,1,103,13499,
160.558,1258.32,51.4865,7.42587,144.747,11.7669,134.449,1,13,-86,-7,11,54,52,10,28367106,262,1,103,13499,
161.552,1270.38,51.4864,7.426,144.128,11.8478,136.145,1,13,-86,-7,11,54,52,10,28367106,262,1,103,13499,
162.559,1282,51.4863,7.42611,143.738,11.9014,137.082,1,19,-84,-6,12,56,55,10,28367106,262,1,103,13499,
163.593,1293.8,51.4862,7.42623,143.515,11.8549,136.958,1,19,-84,-6,12,56,55,10,28367106,262,1,103,13499,
164.588,1306.14,51.4861,7.42635,142.98,12.0307,135.959,1,24,-83,-6,11,57,55,10,28367106,262,1,103,13499,
165.595,1318.84,51.4861,7.42649,142.418,12.104,133.345,1,24,-83,-6,11,57,55,10,28367106,262,1,103,13499,
166.579,1331.08,51.486,7.42662,142.034,12.1233,129.963,1,18,-87,-6,12,53,48,10,28367106,262,1,103,13499,
167.559,1343.58,51.4859,7.42677,141.497,12.1572,127.455,1,18,-87,-6,12,53,48,10,28367106,262,1,103,13499,
168.561,1356.46,51.4859,7.42692,140.787,12.1846,125.482,1,18,-87,-6,12,53,48,10,28367106,262,1,103,13499,
169.565,1369.05,51.4858,7.42708,139.711,12.0981,124.298,1,13,-89,-8,14,51,50,10,28367106,262,1,103,13499,
170.576,1381.23,51.4857,7.42722,138.505,11.76,124.888,1,13,-89,-8,14,51,50,10,28367106,262,1,103,13499,
171.575,1392.85,51.4857,7.42736,137.321,11.3536,127.515,1,13,-95,-7,10,45,43,10,28367106,262,1,103,13499,
172.554,1403.53,51.4856,7.42745,136.558,10.6512,144.578,1,13,-95,-7,10,45,43,10,28367106,262,1,103,13499,
173.559,1413.97,51.4855,7.42754,136.062,10.2209,145.623,1,19,-94,-6,12,46,44,10,28367106,262,1,103,13499,
174.661,1422.68,51.4855,7.42761,135.59,9.88344,144.894,1,19,-94,-6,12,46,44,10,28367106,262,1,103,13499,
175.535,1431.04,51.4854,7.42768,135.084,9.6004,144.051,1,14,-93,-6,11,47,44,10,28367106,262,1,103,13499,
176.58,1439.73,51.4853,7.42775,134.758,8.44262,148.062,1,14,-93,-6,11,47,44,10,28367106,262,1,103,13499,
177.584,1449.39,51.4853,7.42777,133.687,8.13574,173.665,1,14,-89,-5,14,51,47,10,28367106,262,1,103,13499,
178.582,1458.83,51.4852,7.42779,132.646,7.79917,172.312,1,14,-89,-5,14,51,47,10,28367106,262,1,103,13499,
179.571,1468.18,51.4851,7.42784,131.19,7.43224,157.617,1,18,-93,-6,10,47,44,10,28367106,262,1,103,13499,
180.566,1477.16,51.485,7.42787,130.303,7.74895,158.786,1,18,-93,-6,10,47,44,10,28367106,262,1,103,13499,
181.556,1485.68,51.4849,7.42792,130.075,8.37212,159.675,1,11,-91,-7,12,49,47,10,28367106,262,1,103,13499,
182.592,1494.42,51.4849,7.42795,128.604,7.93424,160.071,1,11,-91,-7,12,49,47,10,28367106,262,1,103,13499,
183.574,1503.24,51.4848,7.42799,127.689,8.88441,160.817,1,16,-86,-6,8,54,51,10,28367106,262,1,103,13499,
184.566,1513.74,51.4847,7.42803,126.43,9.14509,161.148,1,16,-86,-6,8,54,51,10,28367106,262,1,103,13499,
185.577,1522.91,51.4846,7.42806,125.907,8.50319,161.886,1,20,-85,-5,13,55,51,10,28367106,262,1,103,13499,
186.572,1530.74,51.4845,7.4281,125.933,8.31511,161.828,1,20,-85,-5,13,55,51,10,28367106,262,1,103,13499,
187.553,1538.12,51.4845,7.42813,126.444,7.34725,160.949,1,19,-88,-5,13,52,49,10,28367106,262,1,103,13499,
188.56,1545.62,51.4844,7.42816,126.969,6.25428,162.416,1,19,-88,-5,13,52,49,10,28367106,262,1,103,13499,
189.576,1550.8,51.4844,7.42817,127.181,5.41694,161.903,1,17,-87,-6,11,53,50,10,28367106,262,1,103,13499,
190.595,1557.9,51.4843,7.4282,127.107,4.23056,165.052,1,17,-87,-6,11,53,50,10,28367106,262,1,103,13499,
191.573,1563.34,51.4843,7.42821,127.1,3.46734,161.074,1,12,-88,-6,10,52,50,10,28367106,262,1,103,13499,
192.571,1567.34,51.4842,7.42823,127.232,3.93602,159.54,1,12,-88,-6,10,52,50,10,28367106,262,1,103,13499,
193.559,1571.21,51.4842,7.42824,127.31,3.32637,162.196,1,19,-86,-7,2,54,50,10,28367106,262,1,103,13499,
194.575,1573.55,51.4842,7.42825,127.376,2.76776,164.399,1,19,-86,-7,2,54,50,10,28367106,262,1,103,13499,
195.555,1577.09,51.4841,7.42827,127.427,2.62843,163.217,1,19,-86,-7,2,54,50,10,28367106,262,1,103,13499,
196.58,1581.23,51.4841,7.42829,127.445,2.84064,162.543,1,16,-86,-7,2,54,50,10,28367106,262,1,103,13499,
197.572,1585.77,51.4841,7.4283,127.445,2.90895,176.096,1,16,-86,-7,2,54,50,10,28367106,262,1,103,13499,
198.569,1590.9,51.484,7.42833,127.895,4.79286,155.207,1,18,-86,-6,2,54,51,10,28367106,262,1,103,13499,
199.561,1595.66,51.484,7.42835,128.24,5.75691,156.145,1,18,-86,-6,2,54,51,10,28367106,262,1,103,13499,
200.557,1600.54,51.484,7.42839,128.979,5.00895,159.381,1,22,-87,-6,2,53,51,10,28367106,262,1,103,13499,
201.561,1606.31,51.4839,7.42842,129.588,4.86207,161.26,1,22,-87,-6,2,53,51,10,28367106,262,1,103,13499,
202.556,1612.82,51.4838,7.42845,129.724,6.05524,162.819,1,15,-86,-6,2,54,52,10,28367106,262,1,103,13499,
203.578,1621.06,51.4838,7.42848,130.144,7.41544,163.529,1,15,-86,-6,2,54,52,10,28367106,262,1,103,13499,
204.562,1631.28,51.4837,7.42852,130.579,8.77382,163.098,1,19,-86,-5,2,54,52,10,28367106,262,1,103,13499,
205.614,1640.77,51.4836,7.42855,131.117,8.4724,162.648,1,19,-86,-5,2,54,52,10,28367106,262,1,103,13499,
206.559,1649.98,51.4835,7.42859,131.361,8.4796,162.016,1,15,-91,-6,9,49,46,7,28367106,262,1,103,13499,
207.562,1655.72,51.4835,7.42864,131.33,5.82605,146.015,1,15,-91,-6,9,49,46,7,28367106,262,1,103,13499,
208.552,1664.84,51.4834,7.42866,131.237,6.6749,168.117,1,12,-93,-6,12,47,45,7,28367106,262,1,103,13499,
209.569,1674.46,51.4833,7.4287,130.659,6.22439,165.558,1,12,-93,-6,12,47,45,7,28367106,262,1,103,13499,
210.563,1682.96,51.4832,7.42873,129.823,7.20866,164.982,1,10,-89,-6,15,51,48,7,28367106,262,1,103,13499,
211.552,1691.91,51.4832,7.42876,129.665,7.37058,165.861,1,10,-89,-6,15,51,48,7,28367106,262,1,103,13499,
212.569,1700.31,51.4831,7.42879,130.061,6.42019,166.659,1,8,-93,-8,9,47,47,7,28367106,262,1,103,13499,
213.577,1708.24,51.483,7.42881,130.939,5.85717,167.458,1,8,-93,-8,9,47,47,7,28367106,262,1,103,13499,
214.607,1716.23,51.4829,7.42883,130.673,5.67714,167.832,1,5,-90,-7,11,50,49,7,28367106,262,1,103,13499,
215.571,1724.13,51.4829,7.42885,130.562,5.05961,170.023,1,5,-90,-7,11,50,49,7,28367106,262,1,103,13499,
216.576,1730.85,51.4828,7.42886,130.717,4.59111,171.337,1,7,-91,-7,10,49,49,7,28367106,262,1,103,13499,
217.57,1735.3,51.4828,7.42886,130.702,4.22237,173.134,1,7,-91,-7,10,49,49,7,28367106,262,1,103,13499,
218.567,1739.62,51.4827,7.42886,131.33,4.17761,172.166,1,4,-92,-8,8,48,47,7,28367106,262,1,103,13499,
219.568,1745.22,51.4827,7.42886,132.04,3.69177,172.545,1,4,-92,-8,8,48,47,7,28367106,262,1,103,13499,
220.572,1750.52,51.4826,7.42887,132.065,3.99444,175.236,1,4,-92,-8,8,48,47,7,28367106,262,1,103,13499,
221.556,1755.08,51.4826,7.42887,132.026,3.34161,178.558,1,10,-90,-6,11,50,48,7,28367106,262,1,103,13499,
222.572,1761.38,51.4825,7.42891,132.301,5.46251,150.737,1,10,-90,-6,11,50,48,7,28367106,262,1,103,13499,
223.568,1761.38,51.4827,7.42889,nan,5.83529,123.127,1,7,-91,-7,8,49,48,7,28367106,262,1,103,13499,
224.583,1761.38,51.4825,7.42904,133.916,6.80681,100.846,1,7,-91,-7,8,49,48,7,28367106,262,1,103,13499,
225.573,1768.9,51.4825,7.42915,134.901,7.32427,99.5343,1,1,-96,-9,8,44,44,7,28367106,262,1,103,13499,
226.577,1778.36,51.4825,7.42928,136.081,8.42956,100.335,1,1,-96,-9,8,44,44,7,28367106,262,1,103,13499,
227.567,1787.81,51.4825,7.42942,137.47,9.57315,99.0297,1,-4,-101,-10,7,39,41,7,28367106,262,1,103,13499,
228.581,1797.45,51.4825,7.42955,139.177,10.5308,98.0091,1,-4,-101,-10,7,39,41,7,28367106,262,1,103,13499,
229.566,1807.39,51.4825,7.4297,140.703,10.9931,97.5727,1,-2,-101,-10,6,39,40,14,29563904,262,1,350,13499,
230.569,1818.02,51.4824,7.42985,142.205,10.5929,97.1544,1,-2,-101,-10,6,39,40,14,29563904,262,1,350,13499,
231.569,1829.54,51.4824,7.43001,143.333,10.0961,97.0266,1,5,-99,-10,10,41,42,14,29563904,262,1,350,13499,
232.547,1839.47,51.4824,7.43016,144.385,9.74516,97.3362,1,5,-99,-10,10,41,42,14,29563904,262,1,350,13499,
233.57,1848.58,51.4824,7.43029,145.387,9.35317,96.3377,1,-3,-104,-12,4,36,39,14,29563904,262,1,350,13499,
234.57,1857.07,51.4824,7.43041,146.319,8.51962,95.5626,1,-3,-104,-12,4,36,39,14,29563904,262,1,350,13499,
235.567,1864.84,51.4824,7.43052,146.834,6.80246,96.5274,1,0,-98,-8,6,42,41,6,28367106,262,1,103,13499,
236.579,1871.56,51.4824,7.43062,147.193,5.77071,96.6078,1,0,-98,-8,6,42,41,6,28367106,262,1,103,13499,
237.58,1875.97,51.4824,7.43068,147.681,4.8114,96.2734,1,6,-94,-7,8,46,44,6,28367106,262,1,103,13499,
238.615,1880.36,51.4824,7.43074,148.369,4.25614,96.4604,1,6,-94,-7,8,46,44,6,28367106,262,1,103,13499,
239.578,1885.32,51.4824,7.43081,148.429,3.81626,97.0338,1,6,-95,-8,10,45,45,6,28367106,262,1,103,13499,
240.573,1888.88,51.4824,7.43087,148.452,3.36664,97.2108,1,6,-95,-8,10,45,45,6,28367106,262,1,103,13499,
241.583,1891.87,51.4824,7.43091,148.456,2.97972,97.1001,1,20,-88,-5,12,52,50,6,28367106,262,1,103,13499,
242.58,1893.99,51.4824,7.43094,148.446,2.40064,96.4718,1,20,-88,-5,12,52,50,6,28367106,262,1,103,13499,
243.568,1893.99,51.4824,7.43081,nan,1.93459,95.9636,1,14,-95,-7,11,45,44,6,28367106,262,1,103,13499,
244.567,1893.99,51.4824,7.431,148.427,1.58628,96.7974,1,14,-95,-7,11,45,44,6,28367106,262,1,103,13499,
245.562,1896.07,51.4824,7.43103,148.441,1.94875,97.6626,1,8,-94,-6,8,46,42,6,28367106,262,1,103,13499,
246.57,1898.35,51.4823,7.43106,148.447,3.46758,98.4826,1,8,-94,-6,8,46,42,6,28367106,262,1,103,13499,
247.56,1902.38,51.4823,7.43112,148.571,5.11804,98.0352,1,18,-90,-6,11,50,45,6,28367106,262,1,103,13499,
248.574,1907.97,51.4823,7.4312,149.06,6.14653,97.5958,1,18,-90,-6,11,50,45,6,28367106,262,1,103,13499,
249.562,1915.17,51.4823,7.4313,149.377,6.55943,97.1373,1,18,-90,-6,11,50,45,6,28367106,262,1,103,13499,
250.569,1921.21,51.4823,7.43139,149.992,6.38194,97.1789,1,6,-95,-8,11,45,44,6,28367106,262,1,103,13499,
251.57,1927.28,51.4823,7.43148,150.548,6.12046,97.5754,1,6,-95,-8,11,45,44,6,28367106,262,1,103,13499,
252.557,1934.47,51.4823,7.43158,150.663,6.7041,98.2723,1,8,-90,-6,15,50,47,6,28367106,262,1,103,13499,
253.558,1941.27,51.4823,7.43168,150.669,6.68243,97.331,1,8,-90,-6,15,50,47,6,28367106,262,1,103,13499,
254.569,1947.92,51.4823,7.43177,150.937,6.96214,97.4665,1,4,-97,-10,8,43,44,6,28367106,262,1,103,13499,
255.581,1955.4,51.4823,7.43188,151.268,7.81068,96.8397,1,4,-97,-10,8,43,44,6,28367106,262,1,103,13499,
256.561,1963.37,51.4823,7.43199,151.282,7.97821,96.3083,1,5,-94,-7,2,46,44,6,28367106,262,1,103,13499,
257.567,1971.06,51.4823,7.43211,151.504,8.46484,96.2654,1,5,-94,-7,2,46,44,6,28367106,262,1,103,13499,
258.575,1979.73,51.4823,7.43223,152.041,9.04925,95.6886,1,3,-98,-10,2,42,44,6,28367106,262,1,103,13499,
259.565,1989.6,51.4823,7.43237,152.797,9.88492,95.9664,1,3,-98,-10,2,42,44,6,28367106,262,1,103,13499,
260.575,1999.56,51.4822,7.43251,152.815,10.2277,95.4295,1,15,-96,-9,2,44,45,6,28367106,262,1,103,13499,
261.586,2010.38,51.4822,7.43267,152.474,10.0574,96.2085,1,15,-96,-9,2,44,45,6,28367106,262,1,103,13499,
262.583,2021.04,51.4822,7.43282,151.89,9.85752,97.1946,1,1,-92,-8,2,48,47,6,28367106,262,1,103,13499,
263.556,2030.18,51.4822,7.43295,151.201,9.27024,96.988,1,1,-92,-8,2,48,47,6,28367106,262,1,103,13499,
264.578,2039.2,51.4822,7.43308,150.578,8.84591,97.0245,1,9,-84,-7,14,56,52,11,28368386,262,1,32,13499,
265.56,2045.94,51.4822,7.43318,150.139,5.75167,97.4434,1,9,-84,-7,14,56,52,11,28368386,262,1,32,13499,
266.568,2049.13,51.4822,7.43323,150.169,2.56854,99.0245,1,1,-92,-9,8,48,48,4,28367106,262,1,32,13499,
267.566,2050.13,51.4822,7.43324,150.242,0.812624,99.0245,1,1,-92,-9,8,48,48,4,28367106,262,1,32,13499,
268.559,2050.86,51.4822,7.43325,150.363,0.704058,99.0245,1,13,-90,-6,14,50,46,4,28367106,262,1,103,13499,
269.585,2050.86,51.4822,7.43325,150.501,0,99.0245,1,13,-90,-6,14,50,46,4,28367106,262,1,103,13499,
270.565,2050.86,51.4822,7.43325,150.595,0,99.0245,1,8,-89,-7,8,51,46,4,28367106,262,1,103,13499,
271.557,2050.86,51.4822,7.43325,150.696,0,99.0245,1,8,-89,-7,8,51,46,4,28367106,262,1,103,13499,
272.562,2050.86,51.4822,7.43325,150.78,0,99.0245,1,10,-90,-8,9,50,48,4,28367106,262,1,103,13499,
273.577,2050.86,51.4822,7.43325,150.831,0,94.2473,1,10,-90,-8,9,50,48,4,28367106,262,1,103,13499,
274.575,2050.86,51.4822,7.43325,150.872,0,93.4577,1,10,-90,-7,14,50,47,4,28367106,262,1,103,13499,
275.558,2060.65,51.4822,7.43339,150.877,3.17002,93.2035,1,10,-90,-7,14,50,47,4,28367106,262,1,103,13499,
276.566,2063.61,51.4822,7.43343,150.851,3.26198,93.8516,1,12,-91,-8,8,49,45,4,28367106,262,1,103,13499,
277.553,2066.91,51.4822,7.43348,150.824,3.07674,94.6496,1,12,-91,-8,8,49,45,4,28367106,262,1,103,13499,
278.585,2069.66,51.4822,7.43352,150.796,2.85843,95.1272,1,12,-91,-8,8,49,45,4,28367106,262,1,103,13499,
279.579,2072.18,51.4822,7.43355,150.829,3.04663,95.9477,1,12,-92,-7,9,48,46,4,28367106,262,1,103,13499,
280.564,2076.49,51.4822,7.43362,151.004,5.0132,95.7691,1,12,-92,-7,9,48,46,4,28367106,262,1,103,13499,
281.586,2081.35,51.4822,7.43369,151.456,5.51295,96.4601,1,9,-93,-8,11,47,46,4,28367106,262,1,103,13499,
282.526,2086.69,51.4822,7.43376,152.005,5.27425,96.556,1,9,-93,-8,11,47,46,4,28367106,262,1,103,13499,
283.563,2092.31,51.4822,7.43384,152.584,5.81628,96.0295,1,7,-93,-8,2,47,46,4,28367106,262,1,103,13499,
284.552,2098.62,51.4822,7.43393,153.139,6.69631,96.3406,1,7,-93,-8,2,47,46,4,28367106,262,1,103,13499,
285.558,2105.59,51.4822,7.43403,153.615,7.19193,96.9694,1,7,-95,-10,2,45,46,4,28367106,262,1,103,13499,
286.555,2113.11,51.4821,7.43414,154.116,7.31662,96.3627,1,7,-95,-10,2,45,46,4,28367106,262,1,103,13499,
287.567,2120.82,51.4821,7.43425,154.347,7.84235,96.1256,1,1,-95,-8,2,45,45,4,28368386,262,1,32,13499,
288.565,2129.37,51.4821,7.43438,154.916,8.75772,96.8084,1,1,-95,-8,2,45,45,4,28368386,262,1,32,13499,
289.59,2138.93,51.4821,7.43451,155.917,9.59641,97.6493,1,3,-95,-10,2,45,46,4,28368386,262,1,32,13499,
290.584,2149.82,51.4821,7.43467,156.475,10.1903,97.6205,1,3,-95,-10,2,45,46,4,28368386,262,1,32,13499,
291.565,2160.02,51.4821,7.43482,156.601,11.3863,97.2583,1,8,-93,-10,2,47,48,4,28367106,262,1,103,13499,
292.564,2171.2,51.4821,7.43498,156.837,12.0092,97.5173,1,8,-93,-10,2,47,48,4,28367106,262,1,103,13499,
293.555,2182.33,51.4821,7.43514,156.564,11.2454,99.4192,1,9,-93,-9,2,47,48,4,28367106,262,1,103,13499,
294.576,2194.31,51.4821,7.43531,156.093,11.2368,100.228,1,9,-93,-9,2,47,48,4,28367106,262,1,103,13499,
295.555,2206.18,51.482,7.43548,155.59,11.5638,99.0291,1,4,-94,-10,2,46,48,4,28365056,262,1,222,13499,
296.563,2217.82,51.482,7.43564,155.04,11.2473,98.4473,1,4,-94,-10,2,46,48,4,28365056,262,1,222,13499,
297.566,2228.12,51.482,7.43579,154.65,9.40744,98.2485,1,2,-94,-9,2,46,47,4,28368386,262,1,32,13499,
298.573,2236.58,51.482,7.43591,154.324,7.54838,97.4966,1,2,-94,-9,2,46,47,4,28368386,262,1,32,13499,
299.582,2246.06,51.482,7.43604,154.082,7.90543,97.8959,1,8,-91,-8,2,49,48,4,28367105,262,1,102,13499,
300.557,2253.74,51.482,7.43615,153.695,9.26446,97.2301,1,8,-91,-8,2,49,48,4,28367105,262,1,102,13499,
301.572,2263.6,51.482,7.4363,153.516,10.2188,98.1105,1,13,-86,-8,2,54,51,4,28367105,262,1,102,13499,
302.575,2271.95,51.482,7.43642,153.274,10.0961,97.9063,1,13,-86,-8,2,54,51,4,28367105,262,1,102,13499,
303.662,2281.18,51.4819,7.43655,152.965,9.41314,97.8683,1,4,-85,-8,2,55,53,4,28367105,262,1,102,13499,
304.58,2281.18,51.482,7.43645,nan,9.5475,96.779,1,4,-85,-8,2,55,53,4,28367105,262,1,102,13499,
305.602,2281.18,51.4819,7.43686,152.418,10.7996,97.1471,1,2,-90,-8,6,50,51,9,28368386,262,1,32,13499,
306.57,2291.18,51.4819,7.43701,152.004,11.3029,96.4231,1,2,-90,-8,6,50,51,9,28368386,262,1,32,13499,
307.559,2302.15,51.4819,7.43716,152.23,10.704,97.3461,1,1,-91,-7,6,49,47,4,28367105,262,1,102,13499,
308.558,2312.47,51.4819,7.43731,152.709,10.7929,97.342,1,1,-91,-7,6,49,47,4,28367105,262,1,102,13499,
309.577,2323.91,51.4819,7.43748,153.292,9.94454,98.2202,1,1,-91,-7,6,49,47,4,28367105,262,1,102,13499,
310.58,2333.48,51.4819,7.43761,153.865,9.637,96.7865,1,13,-90,-7,14,50,48,4,28367105,262,1,102,13499,
311.571,2342.16,51.4819,7.43774,154.507,8.43986,97.9266,1,13,-90,-7,14,50,48,4,28367105,262,1,102,13499,
312.568,2350.84,51.4819,7.43786,155.047,7.87776,96.9416,1,20,-85,-6,13,55,52,4,28367105,262,1,102,13499,
313.567,2358.86,51.4818,7.43798,155.348,7.00272,99.1414,1,20,-85,-6,13,55,52,4,28367105,262,1,102,13499,
314.57,2365.49,51.4818,7.43807,155.996,6.50913,97.9313,1,18,-83,-5,12,57,53,4,28367105,262,1,102,13499,
315.551,2374.23,51.4818,7.4382,156.545,7.15511,98.3368,1,18,-83,-5,12,57,53,4,28367105,262,1,102,13499,
316.559,2382.29,51.4818,7.43832,157.326,6.62826,98.7018,1,13,-87,-6,11,53,51,4,28367105,262,1,102,13499,
317.562,2389.04,51.4818,7.43841,157.853,7.03197,99.5451,1,13,-87,-6,11,53,51,4,28367105,262,1,102,13499,
318.552,2394.35,51.4818,7.43849,158.363,7.552,97.5703,1,14,-88,-6,12,52,48,4,28367105,262,1,102,13499,
319.558,2401.53,51.4818,7.43859,158.454,7.41204,97.2324,1,14,-88,-6,12,52,48,4,28367105,262,1,102,13499,
320.586,2410.25,51.4818,7.43872,159.106,7.97171,96.8711,1,10,-92,-7,6,48,46,4,28367105,262,1,102,13499,
321.569,2418.38,51.4818,7.43883,159.451,8.30319,96.5281,1,10,-92,-7,6,48,46,4,28367105,262,1,102,13499,
322.558,2428.16,51.4818,7.43898,159.49,8.86844,96.2206,1,5,-90,-6,6,50,46,9,28368386,262,1,32,13499,
323.571,2437.24,51.4818,7.43911,159.502,9.63347,96.7354,1,5,-90,-6,6,50,46,9,28368386,262,1,32,13499,
324.572,2437.24,51.4819,7.43924,nan,10.5854,96.3319,1,10,-88,-6,11,52,49,9,28368386,262,1,32,13499,
325.55,2437.24,51.4818,7.43939,159.733,11.5699,95.7462,1,10,-88,-6,11,52,49,9,28368386,262,1,32,13499,
326.558,2448.99,51.4818,7.43956,159.815,12.0583,95.3059,1,10,-92,-7,12,48,46,9,28368386,262,1,32,13499,
327.575,2460.93,51.4817,7.43973,160.065,11.5127,95.2428,1,10,-92,-7,12,48,46,9,28368386,262,1,32,13499,
328.577,2472.22,51.4817,7.4399,160.363,11.1695,95.2919,1,9,-92,-6,6,48,45,9,28368386,262,1,32,13499,
329.561,2482.9,51.4817,7.44005,160.548,10.5098,94.6296,1,9,-92,-6,6,48,45,9,28368386,262,1,32,13499,
330.55,2493.25,51.4817,7.4402,160.657,10.4714,94.9799,1,1,-96,-8,8,44,42,6,28367105,262,1,32,13499,
331.589,2503.72,51.4817,7.44035,160.65,10.888,95.3766,1,1,-96,-8,8,44,42,6,28367105,262,1,32,13499,
332.557,2514.98,51.4817,7.44051,160.683,11.394,96.1211,1,4,-97,-8,11,43,43,6,28367105,262,1,102,13499,
333.552,2526.06,51.4817,7.44067,160.644,11.1698,96.0251,1,4,-97,-8,11,43,43,6,28367105,262,1,102,13499,
334.576,2537.18,51.4817,7.44083,160.755,10.6304,96.776,1,4,-97,-8,11,43,43,6,28367105,262,1,102,13499,
335.566,2547.47,51.4817,7.44098,160.65,10.5541,97.6437,1,20,-96,-7,9,44,43,6,28367105,262,1,102,13499,
336.627,2557.56,51.4817,7.44112,160.847,10.9984,99.2959,1,20,-96,-7,9,44,43,6,28367105,262,1,102,13499,
337.568,2568.88,51.4816,7.44128,161.201,11.5643,103.305,1,15,-97,-9,8,43,43,6,28367105,262,1,102,13499,
338.56,2580.22,51.4816,7.44143,161.325,11.081,116.222,1,15,-97,-9,8,43,43,6,28367105,262,1,102,13499,
339.565,2591.09,51.4815,7.44157,161.369,10.7079,118.614,1,16,-98,-9,8,42,43,6,28367105,262,1,102,13499,
340.556,2601.9,51.4815,7.4417,161.24,11.0468,121.361,1,16,-98,-9,8,42,43,6,28367105,262,1,102,13499,
341.56,2614.31,51.4814,7.44185,161.378,11.5737,124.508,1,18,-92,-6,14,48,45,6,28367105,262,1,102,13499,
342.569,2626.1,51.4814,7.44198,161.304,12.2083,127.951,1,18,-92,-6,14,48,45,6,28367105,262,1,102,13499,
343.552,2637.88,51.4813,7.44211,161.125,12.0302,131.317,1,9,-91,-6,8,49,46,6,28367105,262,1,102,13499,
344.579,2637.88,51.4814,7.44196,nan,11.5054,133.939,1,9,-91,-6,8,49,46,6,28367105,262,1,102,13499,
345.568,2637.88,51.4812,7.44233,161.45,11.562,134.828,1,8,-89,-6,11,51,48,6,28367105,262,1,102,13499,
346.571,2650.16,51.4811,7.44245,162.038,11.9477,134.105,1,8,-89,-6,11,51,48,6,28367105,262,1,102,13499,
347.58,2663.77,51.481,7.44259,162.429,12.6432,133.395,1,30,-85,-5,12,55,52,6,28367105,262,1,102,13499,
348.581,2676.72,51.4809,7.44273,162.912,13.2499,132.733,1,30,-85,-5,12,55,52,6,28367105,262,1,102,13499,
349.565,2690.21,51.4808,7.44287,163.454,13.5228,132.988,1,31,-86,-6,13,54,51,6,28367105,262,1,102,13499,
350.581,2702.67,51.4807,7.44299,163.8,12.6134,135.757,1,31,-86,-6,13,54,51,6,28367105,262,1,102,13499,
351.589,2716.05,51.4806,7.44308,163.98,11.4974,155.19,1,22,-94,-7,8,46,42,6,28367105,262,1,102,13499,
352.577,2726.28,51.4805,7.44311,164.127,10.761,172.09,1,22,-94,-7,8,46,42,6,28367105,262,1,102,13499,
353.537,2737.86,51.4804,7.44313,163.82,10.4246,174.33,1,21,-97,-8,5,43,42,6,28367105,262,1,102,13499,
354.562,2749.66,51.4803,7.44314,163.172,10.8096,173.825,1,21,-97,-8,5,43,42,6,28367105,262,1,102,13499,
355.561,2761.97,51.4802,7.44317,162.643,11.4752,169.969,1,9,-96,-8,10,44,42,6,28367105,262,1,102,13499,
356.569,2773.4,51.4801,7.44325,161.91,11.8948,151.575,1,9,-96,-8,10,44,42,6,28367105,262,1,102,13499,
357.565,2785.03,51.48,7.44332,161.255,11.9821,150.96,1,17,-99,-9,8,41,41,6,28367105,262,1,102,13499,
358.55,2796.14,51.48,7.4434,160.575,12.1986,151.783,1,17,-99,-9,8,41,41,6,28367105,262,1,102,13499,
359.575,2808.71,51.4799,7.44348,159.959,12.3879,151.419,1,17,-99,-9,8,41,41,6,28367105,262,1,102,13499,
360.57,2821.34,51.4797,7.44357,159.379,12.8779,151.097,1,2,-102,-11,8,38,41,6,28367105,262,1,102,13499,
361.557,2834.88,51.4796,7.44366,159.211,13.3284,150.873,1,2,-102,-11,8,38,41,6,28367105,262,1,102,13499,
362.577,2848.45,51.4795,7.44375,159.188,13.97,151.274,1,4,-99,-8,2,41,39,6,28367105,262,1,102,13499,
363.564,2862.54,51.4794,7.44385,159.451,14.7001,150.921,1,4,-99,-8,2,41,39,6,28367105,262,1,102,13499,
364.576,2878.74,51.4793,7.44396,160.174,15.3376,151.902,1,-8,-103,-10,2,37,39,6,28367105,262,1,102,13499,
365.562,2894.13,51.4792,7.44406,160.728,15.8892,151.249,1,-8,-103,-10,2,37,39,6,28367105,262,1,102,13499,
366.56,2910.47,51.479,7.44417,161.603,16.3602,151.832,1,3,-99,-9,10,41,40,7,28368384,262,1,31,13499,
367.572,2926.59,51.4789,7.44429,162.333,16.9815,151.773,1,3,-99,-9,10,41,40,7,28368384,262,1,31,13499,
368.576,2942.92,51.4788,7.4444,162.504,17.4376,151.196,1,4,-102,-9,10,38,38,7,28368384,262,1,31,13499,
369.557,2959.55,51.4787,7.44451,162.135,17.2855,151.518,1,4,-102,-9,10,38,38,7,28368384,262,1,31,13499,
370.571,2976.35,51.4785,7.44462,161.944,16.7514,151.498,1,1,-106,-10,7,34,35,7,28368384,262,1,31,13499,
371.561,2994.26,51.4784,7.44475,162.077,16.3116,151.196,1,1,-106,-10,7,34,35,7,28368384,262,1,31,13499,
372.575,3010.64,51.4782,7.44486,162.34,15.7833,151.542,1,7,-104,-9,9,36,36,7,28368384,262,1,31,13499,
373.561,3025.68,51.4781,7.44496,162.505,15.3357,151.224,1,7,-104,-9,9,36,36,7,28368384,262,1,31,13499,
374.539,3041.2,51.478,7.44507,162.647,14.9095,151.525,1,2,-103,-8,9,37,35,7,28368384,262,1,31,13499,
375.569,3056.3,51.4779,7.44517,162.511,14.8668,151.315,1,2,-103,-8,9,37,35,7,28368384,262,1,31,13499,
376.577,3071.9,51.4778,7.44528,162.438,14.8177,151.843,1,20,-103,-9,10,37,37,7,28368384,262,1,31,13499,
377.566,3086.29,51.4776,7.44538,162.207,14.6042,151.735,1,20,-103,-9,10,37,37,7,28368384,262,1,31,13499,
378.583,3101.05,51.4775,7.44548,162.155,14.0918,151.505,1,7,-97,-7,8,43,41,7,28368384,262,1,31,13499,
379.561,3115.25,51.4774,7.44558,162.338,13.5795,151.429,1,7,-97,-7,8,43,41,7,28368384,262,1,31,13499,
380.574,3128.98,51.4773,7.44567,162.787,13.2051,151.324,1,7,-97,-7,8,43,41,7,28368384,262,1,31,13499,
381.562,3140.75,51.4772,7.44575,162.842,12.7748,151.389,1,10,-96,-6,2,44,39,7,28368384,262,1,31,13499,
382.639,3153.63,51.4771,7.44584,163.104,12.3841,151.581,1,10,-96,-6,2,44,39,7,28368384,262,1,31,13499,
383.577,3165.06,51.477,7.44592,163.008,11.9723,151.521,1,11,-96,-7,2,44,41,7,28368384,262,1,31,13499,
384.562,3165.06,51.477,7.44637,nan,12.3656,151.36,1,11,-96,-7,2,44,41,7,28368384,262,1,31,13499,
385.569,3165.06,51.4768,7.4461,162.202,12.6776,151.632,1,9,-97,-8,10,43,41,7,28368384,262,1,31,13499,
386.561,3178.23,51.4767,7.44619,162.128,13.1563,152.314,1,9,-97,-8,10,43,41,7,28368384,262,1,31,13499,
387.563,3191.39,51.4766,7.44628,162.233,13.1296,152.071,1,3,-98,-8,6,42,41,7,28368384,262,1,31,13499,
388.568,3203.64,51.4765,7.44637,162.359,12.542,152.161,1,3,-98,-8,6,42,41,7,28368384,262,1,31,13499,
389.582,3214.4,51.4764,7.44644,162.482,10.6345,152.713,1,6,-94,-7,12,46,43,11,29568768,262,1,415,13499,
390.579,3223.75,51.4764,7.4465,162.381,8.88678,152.908,1,6,-94,-7,12,46,43,11,29568768,262,1,415,13499,
391.574,3232.94,51.4763,7.44656,162.224,7.90597,152.506,1,14,-87,-6,15,53,49,11,29568768,262,1,415,13499,
392.571,3240.33,51.4762,7.44661,162.054,7.58359,152.205,1,14,-87,-6,15,53,49,11,29568768,262,1,415,13499,
393.582,3247.67,51.4762,7.44666,162.032,8.25455,151.303,1,19,-85,-6,15,55,50,11,29568768,262,1,415,13499,
394.556,3256.25,51.4761,7.44672,162.11,8.04757,150.974,1,19,-85,-6,15,55,50,11,29568768,262,1,415,13499,
395.563,3264.86,51.476,7.44678,162.117,8.75871,151.026,1,18,-89,-6,10,51,48,11,29568768,262,1,415,13499,
396.587,3273.37,51.476,7.44684,162.039,8.80498,150.938,1,18,-89,-6,10,51,48,11,29568768,262,1,415,13499,
397.569,3281.63,51.4759,7.44689,162.008,9.02316,151.248,1,16,-85,-5,11,55,50,11,29568768,262,1,415,13499,
398.569,3290.81,51.4758,7.44696,161.857,9.4468,151.538,1,16,-85,-5,11,55,50,11,29568768,262,1,415,13499,
399.562,3300.52,51.4757,7.44702,161.815,9.85667,151.174,1,13,-85,-5,10,55,52,11,29568768,262,1,415,13499,
400.562,3310.96,51.4757,7.4471,161.786,10.2295,151.809,1,13,-85,-5,10,55,52,11,29568768,262,1,415,13499,
401.556,3321.05,51.4756,7.44717,161.762,10.3537,150.982,1,5,-95,-8,8,45,45,11,29568768,262,1,415,13499,
402.571,3331.54,51.4755,7.44725,161.825,10.4397,150.181,1,5,-95,-8,8,45,45,11,29568768,262,1,415,13499,
403.589,3341.09,51.4754,7.44732,162.075,10.451,149.537,1,5,-95,-8,8,45,45,11,29568768,262,1,415,13499,
404.577,3341.09,51.4753,7.44765,nan,10.3991,148.892,1,18,-88,-6,15,52,49,8,28368384,262,1,31,13499,
405.566,3341.09,51.4753,7.44747,163.81,9.15872,148.542,1,18,-88,-6,15,52,49,8,28368384,262,1,31,13499,
406.57,3348.61,51.4752,7.44753,164.995,6.8083,147.766,1,10,-93,-6,9,47,43,8,28368384,262,1,31,13499,
407.571,3355.19,51.4752,7.44758,165.72,5.562,146.929,1,10,-93,-6,9,47,43,8,28368384,262,1,31,13499,
408.593,3360.13,51.4751,7.44762,166.48,4.91001,146.637,1,11,-98,-7,8,42,40,8,28368384,262,1,31,13499,
409.566,3364.84,51.4751,7.44766,167.239,4.85352,146.119,1,11,-98,-7,8,42,40,8,28368384,262,1,31,13499,
410.567,3370.3,51.4751,7.4477,167.541,5.7122,145.749,1,8,-93,-6,15,47,43,8,28368384,262,1,31,13499,
411.555,3376.32,51.475,7.44775,167.754,6.67553,145.243,1,8,-93,-6,15,47,43,8,28368384,262,1,31,13499,
412.572,3383.59,51.475,7.44782,167.744,7.32186,144.281,1,8,-98,-8,8,42,40,8,28368384,262,1,31,13499,
413.565,3390.27,51.4749,7.44787,167.819,7.20807,143.681,1,8,-98,-8,8,42,40,8,28368384,262,1,31,13499,
414.555,3397.97,51.4749,7.44794,167.805,7.73583,142.93,1,7,-98,-7,11,42,40,8,28368384,262,1,31,13499,
415.565,3406.12,51.4748,7.44802,168.177,8.42051,142.501,1,7,-98,-7,11,42,40,8,28368384,262,1,31,13499,
416.561,3413.96,51.4747,7.44809,168.375,8.64652,142.258,1,6,-97,-7,11,43,41,8,28368384,262,1,31,13499,
417.567,3422.96,51.4747,7.44817,168.509,9.24345,142.12,1,6,-97,-7,11,43,41,8,28368384,262,1,31,13499,
418.546,3433.59,51.4746,7.44827,168.906,10.1189,141.275,1,10,-94,-7,8,46,43,8,28368384,262,1,31,13499,
419.575,3444.42,51.4745,7.44836,169.247,10.6338,140.966,1,10,-94,-7,8,46,43,8,28368384,262,1,31,13499,
420.576,3454.43,51.4745,7.44845,169.502,11.1388,140.373,1,10,-94,-7,8,46,43,8,28368384,262,1,31,13499,
421.576,3466.31,51.4744,7.44856,169.827,11.5999,140.736,1,9,-96,-7,2,44,42,8,28368384,262,1,31,13499,
422.569,3477.91,51.4743,7.44867,170.172,11.8372,141.111,1,9,-96,-7,2,44,42,8,28368384,262,1,31,13499,
423.565,3489.51,51.4742,7.44878,170.104,11.3861,140.137,1,8,-95,-8,2,45,44,8,28368384,262,1,31,13499,
424.561,3500.81,51.4741,7.44889,170.176,11.4388,139.748,1,8,-95,-8,2,45,44,8,28368384,262,1,31,13499,
425.558,3513.12,51.4741,7.44901,170.417,11.9417,139.391,1,9,-94,-7,2,46,44,8,28368384,262,1,31,13499,
426.58,3525.51,51.474,7.44913,171.353,11.8578,138.733,1,9,-94,-7,2,46,44,8,28368384,262,1,31,13499,
427.594,3537.05,51.4739,7.44924,172.013,11.8139,137.777,1,4,-92,-7,2,48,46,8,28368384,262,1,31,13499,
428.575,3549.56,51.4738,7.44938,172.23,12.2995,136.649,1,4,-92,-7,2,48,46,8,28368384,262,1,31,13499,
429.601,3562.01,51.4738,7.44951,172.448,12.8342,135.492,1,16,-88,-7,2,52,50,8,29568768,262,1,415,13499,
430.577,3576.11,51.4737,7.44966,172.73,13.4471,134.113,1,16,-88,-7,2,52,50,8,29568768,262,1,415,13499,
431.567,3589.04,51.4736,7.4498,172.704,13.0677,132.409,1,17,-83,-5,2,57,54,8,29568768,262,1,415,13499,
432.575,3602.79,51.4735,7.44995,172.458,12.7114,131.096,1,17,-83,-5,2,57,54,8,29568768,262,1,415,13499,
433.555,3615.02,51.4734,7.45009,171.97,12.9338,129.847,1,18,-84,-6,2,56,53,8,29568768,262,1,415,13499,
434.567,3628.07,51.4734,7.45025,171.415,12.9368,128.475,1,18,-84,-6,2,56,53,8,29568768,262,1,415,13499,
435.584,3640.68,51.4733,7.4504,170.592,12.719,126.969,1,19,-86,-6,2,54,51,8,29568768,262,1,415,13499,
436.574,3653.26,51.4733,7.45055,170.133,12.5489,125.637,1,19,-86,-6,2,54,51,8,29568768,262,1,415,13499,
437.637,3667.14,51.4732,7.45072,169.992,12.6078,124.626,1,27,-85,-5,2,55,51,8,29568768,262,1,415,13499,
438.565,3680.26,51.4731,7.45088,169.497,12.992,123.318,1,27,-85,-5,2,55,51,8,29568768,262,1,415,13499,
439.567,3694.15,51.4731,7.45105,169.4,13.1747,121.509,1,27,-85,-5,2,55,51,8,29568768,262,1,415,13499,
440.57,3706.6,51.473,7.45121,169.437,13.52,119.716,1,23,-83,-6,12,57,53,5,29568768,262,1,415,13499,
441.562,3718.98,51.473,7.45137,169.119,14.0006,117.978,1,23,-83,-6,12,57,53,5,29568768,262,1,415,13499,
442.592,3733.31,51.4729,7.45156,169.023,14.6392,116.492,1,21,-81,-5,12,59,55,5,29568768,262,1,415,13499,
443.572,3748.13,51.4729,7.45176,168.834,15.0544,114.734,1,21,-81,-5,12,59,55,5,29568768,262,1,415,13499,
444.563,3748.13,51.4725,7.45062,nan,14.9713,112.986,1,21,-83,-6,15,57,53,5,29568768,262,1,415,13499,
445.576,3748.13,51.4728,7.45216,169.055,15.1619,110.993,1,21,-83,-6,15,57,53,5,29568768,262,1,415,13499,
446.558,3762.88,51.4727,7.45236,168.881,15.7346,109.376,1,24,-75,-5,15,65,62,5,29568768,262,1,415,13499,
447.563,3779.68,51.4727,7.45259,168.945,16.1498,107.961,1,24,-75,-5,15,65,62,5,29568768,262,1,415,13499,
448.601,3796.72,51.4726,7.45283,169.224,16.2121,106.608,1,19,-78,-5,14,62,59,5,29568768,262,1,415,13499,
449.576,3811.73,51.4726,7.45304,169.08,16.1381,105.782,1,19,-78,-5,14,62,59,5,29568768,262,1,415,13499,
450.558,3828.77,51.4726,7.45328,169.294,16.2019,105.248,1,22,-83,-6,12,57,54,5,29568768,262,1,415,13499,
451.563,3845.33,51.4725,7.45351,169.914,16.526,104.494,1,22,-83,-6,12,57,54,5,29568768,262,1,415,13499,
452.59,3862.48,51.4725,7.45375,170.467,16.7676,105.097,1,17,-83,-5,9,57,54,5,29568768,262,1,415,13499,
453.571,3879.55,51.4725,7.45399,170.965,16.9825,105.535,1,17,-83,-5,9,57,54,5,29568768,262,1,415,13499,
454.572,3897.18,51.4724,7.45424,171.297,17.2119,106.075,1,20,-83,-5,10,57,54,5,29568768,262,1,415,13499,
455.578,3914.07,51.4724,7.45448,171.202,17.5015,105.609,1,20,-83,-5,10,57,54,5,29568768,262,1,415,13499,
456.557,3930.7,51.4723,7.45471,171.006,17.2386,106.245,1,20,-79,-5,12,61,55,5,29568768,262,1,415,13499,
457.579,3948.3,51.4723,7.45495,170.532,16.8567,107.076,1,20,-79,-5,12,61,55,5,29568768,262,1,415,13499,
458.561,3963.22,51.4723,7.45516,169.349,16.8155,107.497,1,22,-81,-5,15,59,55,5,29568768,262,1,415,13499,
459.572,3979.83,51.4722,7.45538,167.634,16.5746,108.825,1,22,-81,-5,15,59,55,5,29568768,262,1,415,13499,
460.567,3995.94,51.4721,7.4556,165.885,16.4608,110.003,1,21,-83,-5,2,57,51,5,29568768,262,1,415,13499,
461.58,4012.52,51.4721,7.45582,164.561,16.1937,111.11,1,21,-83,-5,2,57,51,5,29568768,262,1,415,13499,
462.575,4028.37,51.472,7.45603,163.648,16.116,111.955,1,18,-85,-6,2,55,51,5,29568768,262,1,415,13499,
463.567,4044.16,51.472,7.45624,162.911,16.0268,112.632,1,18,-85,-6,2,55,51,5,29568768,262,1,415,13499,
464.564,4044.16,51.4722,7.45704,nan,15.7342,113.215,1,18,-85,-6,2,55,51,5,29568768,262,1,415,13499,
465.568,4044.16,51.4719,7.45664,162.102,15.5861,113.805,1,20,-88,-6,12,52,50,4,29568768,262,1,415,13499,
466.565,4059.78,51.4718,7.45685,161.774,15.3586,114.235,1,20,-88,-6,12,52,50,4,29568768,262,1,415,13499,
467.568,4074.94,51.4717,7.45705,161.52,15.0075,114.687,1,16,-86,-6,11,54,50,4,29568768,262,1,415,13499,
468.574,4090.06,51.4717,7.45724,161.472,14.785,115.261,1,16,-86,-6,11,54,50,4,29568768,262,1,415,13499,
469.569,4105.91,51.4716,7.45744,161.49,14.4623,116.267,1,14,-88,-6,8,52,49,4,29568768,262,1,415,13499,
470.57,4119.67,51.4716,7.45762,161.747,14.2856,117.372,1,14,-88,-6,8,52,49,4,29568768,262,1,415,13499,
471.564,4133.65,51.4715,7.4578,162.001,14.0933,117.739,1,17,-90,-6,11,50,48,4,29568768,262,1,415,13499,
472.559,4147.58,51.4715,7.45798,161.793,13.8912,117.215,1,17,-90,-6,11,50,48,4,29568768,262,1,415,13499,
473.567,4159.67,51.4714,7.45814,161.434,12.22,116.787,1,17,-89,-6,10,51,49,4,29568768,262,1,415,13499,
474.552,4170.85,51.4714,7.45828,161.223,10.7034,116.226,1,17,-89,-6,10,51,49,4,29568768,262,1,415,13499,
475.567,4180.7,51.4713,7.45841,161.038,9.39948,115.679,1,14,-90,-7,12,50,49,4,29568768,262,1,415,13499,
476.559,4188.56,51.4713,7.45851,161.067,7.45796,114.73,1,14,-90,-7,12,50,49,4,29568768,262,1,415,13499,
477.564,4195.27,51.4713,7.45859,161.022,5.76573,114.802,1,15,-91,-8,8,49,47,4,29568768,262,1,415,13499,
478.57,4201.18,51.4712,7.45867,160.926,4.19618,115.35,1,15,-91,-8,8,49,47,4,29568768,262,1,415,13499,
479.565,4204.2,51.4712,7.45871,160.916,2.74151,115.733,1,14,-91,-7,2,49,47,4,29568768,262,1,415,13499,
480.565,4206.67,51.4712,7.45874,160.889,2.05169,115.995,1,14,-91,-7,2,49,47,4,29568768,262,1,415,13499,
481.582,4208.19,51.4712,7.45876,160.875,1.18684,115.57,1,13,-92,-8,2,48,48,4,29568768,262,1,415,13499,
482.562,4208.56,51.4712,7.45876,160.876,0.389712,115.57,1,13,-92,-8,2,48,48,4,29568768,262,1,415,13499,
483.561,4208.56,51.4712,7.45876,160.877,0,115.57,1,13,-92,-8,2,48,48,4,29568768,262,1,415,13499,
484.583,4208.56,51.4712,7.45876,160.877,0,115.57,1,12,-92,-8,2,48,47,4,29568768,262,1,415,13499,
485.575,4208.56,51.4712,7.45876,160.876,0,115.57,1,12,-92,-8,2,48,47,4,29568768,262,1,415,13499,
486.557,4208.56,51.4712,7.45876,160.872,0,115.57,1,14,-92,-8,2,48,46,4,29568768,262,1,415,13499,
487.59,4208.56,51.4712,7.45876,160.865,0,115.57,1,14,-92,-8,2,48,46,4,29568768,262,1,415,13499,
488.568,4208.56,51.4712,7.45876,160.853,0,115.57,1,16,-93,-7,2,47,45,4,29568768,262,1,415,13499,
489.569,4208.56,51.4712,7.45876,160.839,0,115.57,1,16,-93,-7,2,47,45,4,29568768,262,1,415,13499,
490.572,4208.56,51.4712,7.45876,160.827,0,115.57,1,13,-93,-7,2,47,46,4,29568768,262,1,415,13499,
491.566,4208.56,51.4712,7.45876,160.817,0,115.57,1,13,-93,-7,2,47,46,4,29568768,262,1,415,13499,
492.569,4208.56,51.4712,7.45876,160.766,0,115.57,1,16,-92,-7,2,48,46,4,29568768,262,1,415,13499,
493.568,4208.56,51.4712,7.45876,160.773,0,122.187,1,16,-92,-7,2,48,46,4,29568768,262,1,415,13499,
494.566,4217.25,51.4712,7.45887,160.733,0,119.612,1,16,-92,-7,2,48,46,4,29568768,262,1,415,13499,
495.553,4222.79,51.4711,7.45894,160.673,6.16508,118.177,1,16,-92,-7,2,48,46,4,29568768,262,1,415,13499,
496.553,4229.88,51.4711,7.45903,160.667,7.39471,117.669,1,13,-93,-8,2,47,46,4,29568768,262,1,415,13499,
497.562,4237.15,51.4711,7.45913,160.945,8.84044,116.778,1,13,-93,-8,2,47,46,4,29568768,262,1,415,13499,
498.565,4245.54,51.4711,7.45924,161.217,8.95354,117.005,1,12,-92,-8,2,48,47,4,29568768,262,1,415,13499,
499.662,4254.55,51.471,7.45935,161.501,9.40925,117.64,1,12,-92,-8,2,48,47,4,29568768,262,1,415,13499,
500.587,4263.83,51.471,7.45947,161.966,9.93078,118.226,1,5,-95,-10,6,45,47,5,29568768,262,1,415,13499,
501.572,4274.24,51.4709,7.45961,161.969,9.93526,118.01,1,5,-95,-10,6,45,47,5,29568768,262,1,415,13499,
502.552,4284.79,51.4709,7.45975,162.172,10.642,116.283,1,5,-93,-10,11,47,48,5,29568768,262,1,415,13499,
503.568,4294.81,51.4709,7.45988,162.278,10.1196,114.755,1,5,-93,-10,11,47,48,5,29568768,262,1,415,13499,
504.584,4305.31,51.4708,7.46002,162.076,10.4809,113.152,1,1,-99,-12,7,41,44,5,29568768,262,1,415,13499,
505.575,4315.33,51.4708,7.46015,161.796,10.3405,112.203,1,1,-99,-12,7,41,44,5,29568768,262,1,415,13499,
506.582,4326.3,51.4708,7.4603,161.272,10.0577,111.548,1,1,-101,-13,7,39,43,5,29568768,262,1,415,13499,
507.566,4336.81,51.4707,7.46044,160.696,10.4651,111.314,1,1,-101,-13,7,39,43,5,29568768,262,1,415,13499,
508.56,4346.64,51.4707,7.46057,159.76,10.9675,111.801,1,1,-101,-14,7,39,44,5,29568768,262,1,415,13499,
509.582,4357.75,51.4707,7.46072,158.897,10.6675,112.541,1,1,-101,-14,7,39,44,5,29568768,262,1,415,13499,
510.565,4367.3,51.4706,7.46085,158.209,10.1011,113.029,1,1,-90,-8,6,50,48,6,29568769,262,1,416,13499,
511.575,4377.81,51.4706,7.46099,157.624,9.60678,113.792,1,1,-90,-8,6,50,48,6,29568769,262,1,416,13499,
512.563,4387.66,51.4705,7.46112,156.997,9.19568,114.386,1,2,-95,-9,8,45,45,6,29568769,262,1,416,13499,
513.579,4396.84,51.4705,7.46124,156.399,8.8375,114.857,1,2,-95,-9,8,45,45,6,29568769,262,1,416,13499,
514.571,4405.64,51.4705,7.46135,155.972,9.25004,115.492,1,3,-97,-10,8,43,44,6,29568769,262,1,416,13499,
515.568,4415.48,51.4704,7.46148,155.723,9.85012,115.29,1,3,-97,-10,8,43,44,6,29568769,262,1,416,13499,
516.558,4426.46,51.4704,7.46162,155.537,10.3028,115.048,1,3,-97,-10,8,43,44,6,29568769,262,1,416,13499,
517.568,4438.28,51.4703,7.46178,155.072,9.55926,115.504,1,1,-100,-11,7,40,43,6,29568769,262,1,416,13499,
518.574,4447.83,51.4703,7.4619,155.142,10.8694,114.847,1,1,-100,-11,7,40,43,6,29568769,262,1,416,13499,
519.556,4458.29,51.4703,7.46204,155.316,11.3813,115.215,1,-2,-98,-9,6,42,42,13,26378498,262,1,495,13499,
520.572,4470.32,51.4702,7.46219,155.692,11.9334,115.218,1,-2,-98,-9,6,42,42,13,26378498,262,1,495,13499,
521.552,4481.97,51.4702,7.46234,156.423,12.5222,115.548,1,3,-99,-9,8,41,41,13,26378498,262,1,495,13499,
522.571,4494.54,51.4701,7.46251,157.164,12.6823,115.454,1,3,-99,-9,8,41,41,13,26378498,262,1,495,13499,
523.555,4507.16,51.4701,7.46267,157.606,12.2603,114.919,1,4,-99,-9,9,41,41,13,26378498,262,1,495,13499,
524.542,4507.16,51.4696,7.46257,nan,12.2147,115.656,1,4,-99,-9,9,41,41,13,26378498,262,1,495,13499,
525.577,4507.16,51.47,7.463,159.19,12.5127,115.487,1,3,-101,-10,8,39,40,13,26378498,262,1,495,13499,
526.569,4519.22,51.4699,7.46316,159.818,12.6975,114.9,1,3,-101,-10,8,39,40,13,26378498,262,1,495,13499,
527.562,4530.41,51.4699,7.46331,160.359,10.869,115.242,1,4,-100,-9,9,40,40,13,26378498,262,1,495,13499,
528.587,4541.21,51.4699,7.46345,161.325,10.2007,114.661,1,4,-100,-9,9,40,40,13,26378498,262,1,495,13499,
529.577,4550.85,51.4698,7.46358,161.592,10.2391,113.354,1,1,-97,-9,7,43,44,13,26378498,262,1,495,13499,
530.573,4560.96,51.4698,7.46372,161.168,10.0607,112.592,1,1,-97,-9,7,43,44,13,26378498,262,1,495,13499,
531.573,4572.49,51.4698,7.46387,160.775,10.3715,111.693,1,8,-95,-8,14,45,44,13,26378498,262,1,495,13499,
532.571,4582.85,51.4697,7.46401,160.073,10.8186,110.659,1,8,-95,-8,14,45,44,13,26378498,262,1,495,13499,
533.633,4593.08,51.4697,7.46415,159.278,10.9824,109.435,1,8,-100,-9,10,40,40,13,26378498,262,1,495,13499,
534.584,4605.69,51.4697,7.46433,159.154,11.5601,108.747,1,8,-100,-9,10,40,40,13,26378498,262,1,495,13499,
535.571,4618.96,51.4696,7.46451,159.636,11.9827,108.262,1,6,-99,-8,10,41,41,13,26378498,262,1,495,13499,
536.561,4631.76,51.4696,7.46469,160.262,12.9273,107.767,1,6,-99,-8,10,41,41,13,26378498,262,1,495,13499,
537.567,4646.41,51.4696,7.46489,161.106,13.123,106.998,1,6,-100,-10,8,40,41,13,26378498,262,1,495,13499,
538.58,4657.21,51.4695,7.46504,161.308,13.5219,105.256,1,6,-100,-10,8,40,41,13,26378498,262,1,495,13499,
539.602,4670.1,51.4695,7.46522,160.969,13.9427,103.589,1,0,-104,-12,5,36,39,13,26378498,262,1,495,13499,
540.567,4684.8,51.4695,7.46543,160.476,14.2903,101.85,1,0,-104,-12,5,36,39,13,26378498,262,1,495,13499,
541.577,4700.56,51.4695,7.46566,160.563,14.8878,100.685,1,2,-96,-7,6,44,43,14,29401601,262,1,430,13499,
542.578,4716.02,51.4694,7.46588,160.586,15.4766,98.811,1,2,-96,-7,6,44,43,14,29401601,262,1,430,13499,
543.568,4732.58,51.4694,7.46612,160.841,16.0174,97.6296,1,2,-96,-7,6,44,43,14,29401601,262,1,430,13499,
544.571,4747.48,51.4694,7.46633,160.876,15.6054,95.8863,1,9,-95,-7,9,45,42,14,29401601,262,1,430,13499,
545.578,4763.68,51.4694,7.46657,161.009,15.5105,94.0066,1,9,-95,-7,9,45,42,14,29401601,262,1,430,13499,
546.59,4778.66,51.4694,7.46678,160.887,15.7967,92.1219,1,2,-94,-6,8,46,44,14,29401601,262,1,430,13499,
547.562,4794.34,51.4694,7.46701,160.879,15.9642,90.497,1,2,-94,-6,8,46,44,14,29401601,262,1,430,13499,
548.559,4810.41,51.4694,7.46724,160.814,15.9981,88.7676,1,7,-90,-5,11,50,45,14,29401601,262,1,430,13499,
549.587,4826.92,51.4694,7.46748,160.679,15.8679,87.4432,1,7,-90,-5,11,50,45,14,29401601,262,1,430,13499,
550.582,4842.76,51.4695,7.4677,160.39,15.9285,85.9088,1,0,-99,-10,8,41,41,14,29401601,262,1,430,13499,
551.586,4858.99,51.4695,7.46794,160.131,16.0918,84.6054,1,0,-99,-10,8,41,41,14,29401601,262,1,430,13499,
552.569,4874.52,51.4695,7.46816,160.052,16.5187,83.3217,1,4,-96,-7,6,44,41,14,29401601,262,1,430,13499,
553.569,4891.79,51.4695,7.4684,160.265,16.4176,82.3006,1,4,-96,-7,6,44,41,14,29401601,262,1,430,13499,
554.569,4908.52,51.4696,7.46864,160.28,16.2155,81.5461,1,4,-103,-9,6,37,37,14,29401601,262,1,430,13499,
555.561,4924.78,51.4696,7.46887,160.345,16.0914,81.4896,1,4,-103,-9,6,37,37,14,29401601,262,1,430,13499,
556.571,4940.15,51.4696,7.46909,160.41,16.2851,81.0907,1,1,-105,-10,2,35,36,14,29401601,262,1,430,13499,
557.567,4956.52,51.4696,7.46932,160.594,16.6451,80.5474,1,1,-105,-10,2,35,36,14,29401601,262,1,430,13499,
558.57,4973.58,51.4697,7.46956,160.904,16.9529,80.7453,1,3,-104,-11,2,36,39,14,29401601,262,1,430,13499,
559.578,4989.99,51.4697,7.4698,161.062,17.0575,80.8794,1,3,-104,-11,2,36,39,14,29401601,262,1,430,13499,
560.574,5007.96,51.4697,7.47005,161.138,17.3017,81.2184,1,6,-104,-11,2,36,39,14,29401601,262,1,430,13499,
561.571,5025.51,51.4697,7.4703,161.39,16.6755,82.6069,1,6,-104,-11,2,36,39,14,29401601,262,1,430,13499,
562.575,5041.38,51.4698,7.47053,161.454,15.8492,83.1079,1,7,-102,-10,2,38,39,14,29401601,262,1,430,13499,
563.565,5057.57,51.4698,7.47076,161.77,15.9411,84.1169,1,7,-102,-10,2,38,39,14,29401601,262,1,430,13499,
564.557,5074.45,51.4698,7.47101,162.48,16.3034,85.0603,1,9,-100,-10,2,40,41,14,29401601,262,1,430,13499,
565.569,5090.81,51.4698,7.47124,163.043,16.258,85.9892,1,9,-100,-10,2,40,41,14,29401601,262,1,430,13499,
566.568,5106.19,51.4698,7.47146,163.538,16.4808,87.1516,1,9,-100,-10,2,40,41,14,29401601,262,1,430,13499,
567.561,5121.47,51.4698,7.47168,164.243,16.2822,89.1267,1,6,-100,-10,2,40,41,14,29401601,262,1,430,13499,
568.567,5137.84,51.4698,7.47192,164.612,16.2115,90.4158,1,6,-100,-10,2,40,41,14,29401601,262,1,430,13499,
569.575,5153.85,51.4698,7.47215,164.8,16.0316,92.1623,1,1,-100,-9,2,40,41,14,29401601,262,1,430,13499,
570.557,5170.23,51.4698,7.47239,165.073,16.0957,93.4982,1,1,-100,-9,2,40,41,14,29401601,262,1,430,13499,
571.567,5187.39,51.4698,7.47264,165.594,16.0314,94.9399,1,4,-98,-8,2,42,41,14,31263232,262,1,162,13499,
572.558,5203.88,51.4698,7.47287,166.032,16.2339,96.9311,1,4,-98,-8,2,42,41,14,31263232,262,1,162,13499,
573.576,5219.84,51.4698,7.4731,166.57,16.322,97.47,1,2,-99,-9,2,41,41,14,31263232,262,1,162,13499,
574.556,5236.11,51.4697,7.47333,166.926,16.6843,97.3748,1,2,-99,-9,2,41,41,14,31263232,262,1,162,13499,
575.564,5252.99,51.4697,7.47357,167.053,16.4131,97.9757,1,1,-100,-10,2,40,41,14,31263232,262,1,162,13499,
576.566,5268.66,51.4697,7.4738,167.198,16.0176,98.5137,1,1,-100,-10,2,40,41,14,31263232,262,1,162,13499,
577.583,5285.02,51.4697,7.47403,167.568,16.1283,98.2713,1,1,-100,-10,2,40,42,14,31263232,262,1,162,13499,
578.574,5301.37,51.4696,7.47426,168.085,16.1567,97.6812,1,1,-100,-10,2,40,42,14,31263232,262,1,162,13499,
579.586,5316.96,51.4696,7.47448,168.674,16.3335,98.0259,1,-1,-100,-11,2,40,42,14,31263232,262,1,162,13499,
580.586,5335,51.4696,7.47474,169.429,16.039,98.1039,1,-1,-100,-11,2,40,42,14,31263232,262,1,162,13499,
581.581,5351.01,51.4696,7.47497,170.145,16.0248,98.4039,1,-2,-101,-11,2,39,41,14,31263232,262,1,162,13499,
582.579,5365.79,51.4696,7.47518,170.758,16.329,97.7441,1,-2,-101,-11,2,39,41,14,31263232,262,1,162,13499,
583.566,5381.29,51.4696,7.47541,171.326,16.4083,96.9272,1,-4,-103,-12,2,37,40,14,31263232,262,1,162,13499,
584.582,5397.99,51.4695,7.47565,171.556,16.5217,95.4661,1,-4,-103,-12,2,37,40,14,31263232,262,1,162,13499,
585.561,5414.48,51.4695,7.47589,171.37,16.2797,94.607,1,-4,-102,-12,2,38,41,14,30492930,262,1,176,13499,
586.574,5431.64,51.4695,7.47613,171.47,16.3401,93.58,1,-4,-102,-12,2,38,41,14,30492930,262,1,176,13499,
587.552,5448.19,51.4695,7.47637,172.038,16.5155,91.909,1,-4,-104,-14,2,36,42,14,28371200,262,1,176,13499,
588.556,5464.98,51.4695,7.47661,172.862,16.1375,90.2363,1,-4,-104,-14,2,36,42,14,28371200,262,1,176,13499,
589.564,5481.03,51.4695,7.47685,173.904,16.3909,88.1162,1,-4,-104,-14,2,36,42,14,28371200,262,1,176,13499,
590.553,5496.44,51.4695,7.47707,174.822,15.5842,86.9139,1,-3,-102,-13,2,38,42,14,28371200,262,1,68,13499,
591.578,5512.37,51.4695,7.4773,175.431,14.3391,85.743,1,-3,-102,-13,2,38,42,14,28371200,262,1,68,13499,
592.582,5527.26,51.4695,7.47751,175.897,14.2537,84.1043,1,-1,-102,-13,2,38,42,14,28371200,262,1,68,13499,
593.559,5543.61,51.4696,7.47774,176.554,13.9954,82.6749,1,-1,-102,-13,2,38,42,14,28371200,262,1,68,13499,
594.553,5557.52,51.4696,7.47794,177.121,13.632,83.2022,1,-5,-101,-13,2,39,43,14,28371200,262,1,68,13499,
595.571,5569.79,51.4696,7.47811,177.516,11.3017,81.0834,1,-5,-101,-13,2,39,43,14,28371200,262,1,68,13499,
596.575,5581.27,51.4696,7.47828,177.795,10.0094,79.0972,1,-5,-98,-12,2,42,46,14,28371200,262,1,68,13499,
597.561,5589.66,51.4697,7.47839,177.698,9.24577,77.9774,1,-5,-98,-12,2,42,46,14,28371200,262,1,68,13499,
598.562,5597.27,51.4697,7.4785,177.669,7.68518,77.5863,1,-5,-98,-13,2,42,47,14,28371200,262,1,68,13499,
599.572,5604.6,51.4697,7.4786,177.884,6.42389,76.9868,1,-5,-98,-13,2,42,47,14,28371200,262,1,68,13499,
600.571,5610.01,51.4697,7.47868,178.308,4.83792,76.144,1,9,-93,-11,2,47,49,14,26378497,262,1,496,13499,
601.566,5614.5,51.4697,7.47874,178.36,2.03612,76.9305,1,9,-93,-11,2,47,49,14,26378497,262,1,496,13499,
602.566,5614.5,51.4697,7.47874,178.369,0,76.9305,1,6,-90,-9,2,50,51,14,26378497,262,1,496,13499,
603.576,5614.5,51.4697,7.47874,178.373,0,76.9305,1,6,-90,-9,2,50,51,14,26378497,262,1,496,13499,
604.563,5614.5,51.4697,7.47874,178.377,0,76.9305,1,10,-90,-8,2,50,49,14,26378497,262,1,496,13499,
605.664,5614.5,51.4697,7.47874,178.381,0,76.9305,1,10,-90,-8,2,50,49,14,26378497,262,1,496,13499,
606.565,5614.5,51.4697,7.47874,178.383,0,76.9305,1,7,-90,-7,10,50,49,8,26378497,262,1,496,13499,
607.567,5614.5,51.4697,7.47874,178.381,0,76.9305,1,7,-90,-7,10,50,49,8,26378497,262,1,496,13499,
608.581,5614.5,51.4697,7.47874,178.379,0,76.9305,1,8,-89,-8,10,51,50,8,26378497,262,1,496,13499,
609.588,5614.5,51.4697,7.47874,178.373,0,76.9305,1,8,-89,-8,10,51,50,8,26378497,262,1,496,13499,
610.588,5614.5,51.4697,7.47874,178.337,0,76.9305,1,8,-91,-8,11,49,48,8,26378497,262,1,496,13499,
611.584,5614.5,51.4697,7.47874,178.336,0,76.9305,1,8,-91,-8,11,49,48,8,26378497,262,1,496,13499,
612.573,5614.5,51.4697,7.47874,178.335,0,76.9305,1,4,-92,-9,9,48,49,8,26378497,262,1,496,13499,
613.574,5614.5,51.4697,7.47874,178.336,0,76.9305,1,4,-92,-9,9,48,49,8,26378497,262,1,496,13499,
614.568,5614.5,51.4697,7.47874,178.4,0,76.9305,1,4,-92,-9,9,48,49,8,26378497,262,1,496,13499,
615.575,5614.5,51.4697,7.47874,178.487,0,76.9305,1,7,-89,-9,8,51,51,8,26378497,262,1,496,13499,
616.576,5614.5,51.4697,7.47874,178.623,0,69.6938,1,7,-89,-9,8,51,51,8,26378497,262,1,496,13499,
617.559,5614.5,51.4697,7.47874,178.748,0,71.8159,1,11,-88,-8,11,52,51,8,26378497,262,1,496,13499,
618.58,5624.92,51.4698,7.47888,179.55,5.18217,73.1211,1,11,-88,-8,11,52,51,8,26378497,262,1,496,13499,
619.571,5631.65,51.4698,7.47897,180.435,6.25283,73.9903,1,10,-86,-7,9,54,51,8,26378497,262,1,496,13499,
620.576,5639.17,51.4698,7.47907,181.018,7.68894,74.1995,1,10,-86,-7,9,54,51,8,26378497,262,1,496,13499,
621.557,5647.47,51.4698,7.47918,181.227,8.29759,73.7879,1,13,-87,-6,10,53,50,8,26378497,262,1,496,13499,
622.575,5655.63,51.4699,7.47929,181.126,8.51998,73.5713,1,13,-87,-6,10,53,50,8,26378497,262,1,496,13499,
623.56,5664.33,51.4699,7.47941,180.751,9.05847,73.5181,1,15,-83,-6,2,57,52,8,26378497,262,1,496,13499,
624.562,5673.53,51.4699,7.47954,180.111,9.82704,72.522,1,15,-83,-6,2,57,52,8,26378497,262,1,496,13499,
625.563,5683.7,51.4699,7.47968,179.175,10.7043,71.8666,1,17,-83,-6,2,57,51,8,26378497,262,1,496,13499,
626.561,5694.68,51.47,7.47983,178.259,11.4483,72.0115,1,17,-83,-6,2,57,51,8,26378497,262,1,496,13499,
627.582,5707.04,51.47,7.48,177.592,12.398,71.9752,1,19,-82,-5,2,58,53,8,26378497,262,1,496,13499,
628.583,5718.56,51.47,7.48016,176.858,12.0748,71.9658,1,19,-82,-5,2,58,53,8,26378497,262,1,496,13499,
629.581,5730.37,51.4701,7.48032,175.875,11.8214,71.9138,1,8,-82,-6,2,58,54,8,26378497,262,1,496,13499,
630.55,5742.68,51.4701,7.48049,175.32,11.9897,71.6699,1,8,-82,-6,2,58,54,8,26378497,262,1,496,13499,
631.553,5754.81,51.4701,7.48066,175.003,11.9634,71.5317,1,7,-83,-6,2,57,52,8,26378497,262,1,496,13499,
632.568,5766.4,51.4702,7.48082,174.657,11.951,71.75,1,7,-83,-6,2,57,52,8,26378497,262,1,496,13499,
633.57,5777.19,51.4702,7.48097,173.87,11.532,72.6669,1,15,-88,-7,2,52,49,8,26378497,262,1,496,13499,
634.567,5789.15,51.4702,7.48113,173.377,10.1758,73.2436,1,15,-88,-7,2,52,49,8,26378497,262,1,496,13499,
635.561,5798.92,51.4702,7.48127,173.061,8.87191,73.5974,1,10,-89,-7,2,51,47,8,26378497,262,1,496,13499,
636.576,5807.25,51.4703,7.48139,173.315,7.52521,74.0102,1,10,-89,-7,2,51,47,8,26378497,262,1,496,13499,
637.573,5814.71,51.4703,7.48149,173.735,6.36878,89.0886,1,12,-92,-7,2,48,46,8,26378497,262,1,496,13499,
638.589,5820.73,51.4702,7.48157,174.308,6.6469,116.37,1,12,-92,-7,2,48,46,8,26378497,262,1,496,13499,
639.575,5825.94,51.4702,7.48162,174.903,7.26855,143.867,1,7,-93,-8,2,47,46,8,26378497,262,1,496,13499,
640.571,5832.41,51.4702,7.48167,175.563,7.98284,159.355,1,7,-93,-8,2,47,46,8,26378497,262,1,496,13499,
641.576,5840.78,51.4701,7.48172,176.191,7.92738,161.207,1,7,-93,-8,2,47,46,8,26378497,262,1,496,13499,
642.58,5848.2,51.47,7.48176,176.415,8.12023,162.199,1,5,-93,-8,2,47,46,8,26378497,262,1,496,13499,
643.567,5856.34,51.4699,7.48179,176.359,8.41762,162.83,1,5,-93,-8,2,47,46,8,26378497,262,1,496,13499,
644.523,5856.34,51.4701,7.4818,nan,8.5343,163.489,1,4,-94,-9,2,46,47,8,26378497,262,1,496,13499,
645.57,5856.34,51.4698,7.48187,175.626,9.20663,163.985,1,4,-94,-9,2,46,47,8,26378497,262,1,496,13499,
646.578,5866.14,51.4697,7.4819,174.59,10.3684,164.39,1,5,-95,-10,8,45,46,9,26378497,262,1,496,13499,
647.571,5876.69,51.4696,7.48194,173.583,9.79809,164.704,1,5,-95,-10,8,45,46,9,26378497,262,1,496,13499,
648.633,5886.63,51.4695,7.48197,173.009,10.0796,163.823,1,4,-94,-9,10,46,46,9,26378497,262,1,496,13499,
649.576,5897.95,51.4694,7.48201,172.217,10.0488,163.313,1,4,-94,-9,10,46,46,9,26378497,262,1,496,13499,
650.594,5910,51.4693,7.48205,171.496,10.769,164.185,1,4,-94,-9,9,46,47,9,26378497,262,1,496,13499,
651.571,5922.59,51.4692,7.48209,171.329,11.8709,165.76,1,4,-94,-9,9,46,47,9,26378497,262,1,496,13499,
652.569,5935.03,51.4691,7.48213,171.325,12.4366,166.354,1,-2,-94,-9,8,46,48,9,26378497,262,1,496,13499,
653.576,5947.14,51.469,7.48217,170.802,11.9855,167.31,1,-2,-94,-9,8,46,48,9,26378497,262,1,496,13499,
654.579,5959.26,51.4689,7.4822,169.81,12.0403,166.55,1,1,-93,-10,8,47,49,9,26378497,262,1,496,13499,
655.559,5971.01,51.4688,7.48223,168.89,11.1067,166.537,1,1,-93,-10,8,47,49,9,26378497,262,1,496,13499,
656.571,5982.75,51.4687,7.48227,168.356,12.0221,166.082,1,4,-95,-7,9,45,44,9,26378497,262,1,496,13499,
657.552,5993.97,51.4686,7.48231,167.751,11.0593,164.691,1,4,-95,-7,9,45,44,9,26378497,262,1,496,13499,
658.569,6004.98,51.4685,7.48235,167.322,10.011,163.543,1,3,-97,-10,8,43,45,9,26378497,262,1,496,13499,
659.598,6015.77,51.4684,7.48239,167.165,9.64756,163.769,1,3,-97,-10,8,43,45,9,26378497,262,1,496,13499,
660.586,6024.78,51.4683,7.48243,166.974,9.07938,164.027,1,-3,-99,-10,9,41,42,9,26378497,262,1,496,13499,
661.576,6033.52,51.4682,7.48247,166.669,8.33507,164.397,1,-3,-99,-10,9,41,42,9,26378497,262,1,496,13499,
662.563,6041.94,51.4682,7.4825,166.372,7.39928,164.206,1,4,-102,-12,9,38,41,9,26378497,262,1,496,13499,
663.559,6049.62,51.4681,7.48252,166.088,6.55387,165.137,1,4,-102,-12,9,38,41,9,26378497,262,1,496,13499,
664.575,6065.55,51.4681,7.4823,172.8,5.09907,164.711,1,4,-102,-12,9,38,41,9,26378497,262,1,496,13499,
665.557,6084.52,51.468,7.48255,165.956,2.99293,165.29,1,19,-102,-10,8,38,39,9,26378497,262,1,496,13499,
666.581,6087.63,51.468,7.48255,165.901,1.65143,166.234,1,19,-102,-10,8,38,39,9,26378497,262,1,496,13499,
667.578,6088.75,51.468,7.48256,165.865,0.7064,166.234,1,2,-105,-13,6,35,39,9,26378497,262,1,496,13499,
668.559,6088.75,51.468,7.48256,165.863,0,166.234,1,2,-105,-13,6,35,39,9,26378497,262,1,496,13499,
669.569,6088.75,51.468,7.48256,165.862,0,166.234,1,12,-98,-10,12,42,44,19,28371200,262,1,68,13499,
670.562,6088.75,51.468,7.48256,165.86,0,166.234,1,12,-98,-10,12,42,44,19,28371200,262,1,68,13499,
671.574,6088.75,51.468,7.48256,165.843,0,166.234,1,11,-97,-9,13,43,44,19,28371200,262,1,68,13499,
672.591,6088.75,51.468,7.48256,165.821,0,162.156,1,11,-97,-9,13,43,44,19,28371200,262,1,68,13499,
673.586,6095.73,51.4679,7.48258,165.481,0,163.899,1,2,-97,-10,11,43,41,19,28371200,262,1,68,13499,
674.587,6101.24,51.4679,7.4826,165.276,6.10617,165.219,1,2,-97,-10,11,43,41,19,28371200,262,1,68,13499,
675.569,6107.13,51.4678,7.48262,165.188,6.25278,166.464,1,4,-102,-10,6,38,39,19,28371200,262,1,68,13499,
676.55,6113.35,51.4678,7.48263,165.211,6.44701,168.05,1,4,-102,-10,6,38,39,19,28371200,262,1,68,13499,
677.57,6120.15,51.4677,7.48265,165.193,7.04287,168.503,1,8,-101,-10,11,39,40,19,28371200,262,1,68,13499,
678.57,6127.3,51.4676,7.48267,165.427,6.7781,169.136,1,8,-101,-10,11,39,40,19,28371200,262,1,68,13499,
679.555,6132.55,51.4676,7.48268,165.58,5.34937,169.648,1,-3,-100,-10,9,40,42,19,28371200,262,1,68,13499,
680.576,6138.38,51.4675,7.48269,165.635,6.12487,171.649,1,-3,-100,-10,9,40,42,19,28371200,262,1,68,13499,
681.556,6145.66,51.4675,7.48271,165.223,8.28368,172.45,1,6,-102,-11,7,38,41,19,28371200,262,1,68,13499,
682.573,6155.04,51.4674,7.48272,164.431,10.3386,173.286,1,6,-102,-11,7,38,41,19,28371200,262,1,68,13499,
683.563,6167.02,51.4673,7.48274,164.294,11.7212,174.925,1,5,-103,-11,2,37,39,19,28371200,262,1,68,13499,
684.573,6167.02,51.4676,7.48316,nan,12.8329,177.235,1,5,-103,-11,2,37,39,19,28371200,262,1,68,13499,
685.565,6167.02,51.4671,7.48275,163.832,14.2176,179.285,1,7,-103,-11,2,37,39,19,28371200,262,1,68,13499,
686.579,6180.28,51.4669,7.48274,163.302,14.026,180.88,1,7,-103,-11,2,37,39,19,28371200,262,1,68,13499,
687.579,6195,51.4668,7.48272,162.882,13.8374,183.019,1,3,-102,-10,2,38,39,19,28371200,262,1,68,13499,
688.561,6209.94,51.4667,7.48269,162.683,14.0987,186.173,1,3,-102,-10,2,38,39,19,28371200,262,1,68,13499,
689.624,6225.07,51.4665,7.48264,162.389,14.3383,189.236,1,7,-102,-10,2,38,39,19,28371200,262,1,68,13499,
690.563,6240.99,51.4664,7.48259,162.384,15.0792,191.854,1,7,-102,-10,2,38,39,19,28371200,262,1,68,13499,
691.578,6257.09,51.4663,7.48253,163.225,13.967,193.431,1,7,-102,-10,2,38,39,19,28371200,262,1,68,13499,
692.598,6270.88,51.4662,7.48244,163.365,13.3255,204.683,1,3,-101,-10,10,39,41,18,28371200,262,1,68,13499,
693.572,6285.99,51.466,7.48235,163.328,13.4445,203.125,1,3,-101,-10,10,39,41,18,28371200,262,1,68,13499,
694.562,6299.57,51.4659,7.48232,162.679,13.227,187.71,1,-4,-101,-8,6,39,38,15,30492930,262,1,176,13499,
695.56,6317.38,51.4657,7.48229,161.911,18.0822,185.915,1,-4,-101,-8,6,39,38,15,30492930,262,1,176,13499,
696.574,6331.28,51.4656,7.48223,161.317,13.6427,195.767,1,-2,-116,-14,5,24,29,15,30492930,262,1,176,13499,
697.566,6344.41,51.4655,7.48215,161.259,12.753,196.72,1,-2,-116,-14,5,24,29,15,30492930,262,1,176,13499,
698.551,6356.53,51.4654,7.48205,161.411,13.3969,198.65,1,-4,-102,-15,5,38,44,15,30492930,262,1,176,13499,
699.579,6369.52,51.4653,7.48197,161.965,13.9238,199.873,1,-4,-102,-15,5,38,44,15,30492930,262,1,176,13499,
700.574,6384.32,51.4652,7.48185,161.907,13.9376,200.785,1,-2,-102,-13,6,38,42,15,30492930,262,1,176,13499,
701.597,6398.09,51.4651,7.48174,161.262,13.1562,201.205,1,-2,-102,-13,6,38,42,15,30492930,262,1,176,13499,
702.561,6411.35,51.465,7.48166,160.386,13.0883,200.63,1,-2,-103,-12,6,37,39,15,30492930,262,1,176,13499,
703.574,6424.54,51.4649,7.48158,160.579,12.4797,200.195,1,-2,-103,-12,6,37,39,15,30492930,262,1,176,13499,
704.552,6424.54,51.4648,7.48148,nan,14.2874,199.154,1,-3,-101,-9,6,39,39,15,26378497,262,1,496,13499,
705.6,6424.54,51.4647,7.48143,160.79,13.1851,198.715,1,-3,-101,-9,6,39,39,15,26378497,262,1,496,13499,
706.577,6437.26,51.4645,7.48137,161.31,12.4277,198.324,1,2,-101,-8,9,39,39,15,26378497,262,1,496,13499,
707.568,6448.63,51.4645,7.48131,161.861,12.098,198.406,1,2,-101,-8,9,39,39,15,26378497,262,1,496,13499,
708.57,6460.44,51.4643,7.48126,162.192,12.042,197.885,1,-2,-107,-12,6,33,35,15,26378497,262,1,496,13499,
709.582,6473.2,51.4642,7.4812,162.675,12.326,197.255,1,-2,-107,-12,6,33,35,15,26378497,262,1,496,13499,
710.576,6485.8,51.4641,7.48115,163.112,12.8509,196.924,1,-2,-105,-10,6,35,36,16,28371200,262,1,68,13499,
711.581,6498.06,51.464,7.4811,163.839,12.7123,196.697,1,-2,-105,-10,6,35,36,16,28371200,262,1,68,13499,
712.571,6511.48,51.4639,7.48104,164.883,12.4607,196.293,1,4,-106,-11,7,34,37,16,28371200,262,1,68,13499,
713.581,6523.45,51.4638,7.48099,166.047,12.1488,196.196,1,4,-106,-11,7,34,37,16,28371200,262,1,68,13499,
714.569,6534.94,51.4637,7.48095,166.932,11.7824,195.984,1,1,-108,-11,7,32,34,16,28371200,262,1,68,13499,
715.577,6546.64,51.4636,7.4809,167.701,10.65,195.366,1,1,-108,-11,7,32,34,16,28371200,262,1,68,13499,
716.561,6556.72,51.4635,7.48086,168.56,9.80429,195.906,1,-1,-112,-13,6,28,32,16,28371200,262,1,68,13499,
717.577,6565.02,51.4634,7.48083,169.028,8.88402,196.125,1,-1,-112,-13,6,28,32,16,28371200,262,1,68,13499,
718.552,6573.18,51.4634,7.48079,169.103,8.50592,196.695,1,2,-99,-9,9,41,32,15,28371206,262,1,129,13499,
719.564,6582.07,51.4633,7.48076,169.175,8.75978,196.346,1,2,-99,-9,9,41,32,15,28371206,262,1,129,13499,
720.569,6591.38,51.4632,7.48072,169.418,9.72676,196.677,1,2,-99,-9,9,41,32,15,28371206,262,1,129,13499,
721.57,6602.09,51.4631,7.48068,169.662,10.605,195.975,1,2,-101,-10,8,39,33,15,28371206,262,1,129,13499,
722.57,6613.71,51.463,7.48063,170.439,11.1276,196.315,1,2,-101,-10,8,39,33,15,28371206,262,1,129,13499,
723.583,6625.13,51.4629,7.48058,171.081,11.7132,196.138,1,2,-102,-11,7,38,33,15,28371206,262,1,129,13499,
724.562,6625.13,51.4629,7.48046,nan,11.0389,196.154,1,2,-102,-11,7,38,33,15,28371206,262,1,129,13499,
725.57,6625.13,51.4627,7.48048,172.636,10.3694,195.64,1,0,-100,-12,7,40,35,15,28371206,262,1,129,13499,
726.574,6634.91,51.4627,7.48044,172.692,9.86169,196.439,1,0,-100,-12,7,40,35,15,28371206,262,1,129,13499,
727.559,6643.81,51.4626,7.48041,172.284,9.2192,196.903,1,2,-98,-10,8,42,36,15,28371206,262,1,129,13499,
728.554,6651.12,51.4625,7.48038,171.353,7.28594,196.266,1,2,-98,-10,8,42,36,15,28371206,262,1,129,13499,
729.577,6657.4,51.4625,7.48035,170.363,5.50654,195.832,1,-1,-99,-10,8,41,35,15,28371206,262,1,129,13499,
730.57,6663.25,51.4624,7.48033,169.416,4.41581,194.472,1,-1,-99,-10,8,41,35,15,28371206,262,1,129,13499,
731.568,6667.09,51.4624,7.48032,169.392,2.55601,194.946,1,-2,-101,-12,8,39,34,15,28371206,262,1,129,13499,
732.563,6669.98,51.4623,7.48031,169.431,1.28694,194.006,1,-2,-101,-12,8,39,34,15,28371206,262,1,129,13499,
733.561,6669.98,51.4623,7.48031,169.439,0,194.006,1,-1,-102,-12,2,38,33,15,28371206,262,1,129,13499,
734.558,6669.98,51.4623,7.48031,169.45,0,194.006,1,-1,-102,-12,2,38,33,15,28371206,262,1,129,13499,
735.577,6669.98,51.4623,7.48031,169.46,0,194.006,1,1,-103,-8,2,37,34,15,28368390,262,1,211,13499,
736.56,6669.98,51.4623,7.48031,169.472,0,194.006,1,1,-103,-8,2,37,34,15,28368390,262,1,211,13499,
737.578,6669.98,51.4623,7.48031,169.487,0,194.006,1,0,-103,-8,2,37,33,15,28368390,262,1,211,13499,
738.562,6669.98,51.4623,7.48031,169.507,0,194.006,1,0,-103,-8,2,37,33,15,28368390,262,1,211,13499,
739.57,6669.98,51.4623,7.48031,169.532,0,194.006,1,1,-104,-8,2,36,33,15,28368390,262,1,211,13499,
740.588,6669.98,51.4623,7.48031,169.564,0,194.006,1,1,-104,-8,2,36,33,15,28368390,262,1,211,13499,
741.55,6669.98,51.4623,7.48031,169.596,0,194.006,1,1,-105,-9,2,35,34,15,28368390,262,1,211,13499,
742.571,6669.98,51.4623,7.48031,169.63,0,194.006,1,1,-105,-9,2,35,34,15,28368390,262,1,211,13499,
743.556,6669.98,51.4623,7.48031,169.665,0,194.006,1,3,-105,-9,2,35,34,15,28368390,262,1,211,13499,
744.565,6675.37,51.4623,7.48023,177,0,194.006,1,3,-105,-9,2,35,34,15,28368390,262,1,211,13499,
745.559,6680.76,51.4623,7.48031,169.73,0,194.006,1,3,-105,-9,2,35,34,15,28368390,262,1,211,13499,
746.57,6680.76,51.4623,7.48031,169.766,0,194.006,1,3,-105,-9,2,35,34,15,28368390,262,1,211,13499,
747.583,6680.76,51.4623,7.48031,169.804,0,194.006,1,3,-105,-9,2,35,34,15,28368390,262,1,211,13499,
748.573,6680.76,51.4623,7.48031,169.843,0,194.006,1,-1,-104,-9,2,36,34,15,28368390,262,1,211,13499,
749.565,6680.76,51.4623,7.48031,169.882,0,194.006,1,-1,-104,-9,2,36,34,15,28368390,262,1,211,13499,
750.561,6680.76,51.4623,7.48031,169.922,0,194.006,1,1,-104,-9,2,36,34,15,28368390,262,1,211,13499,
751.569,6680.76,51.4623,7.48031,169.963,0,194.006,1,1,-104,-9,2,36,34,15,28368390,262,1,211,13499,
752.56,6680.76,51.4623,7.48031,170.003,0,194.006,1,1,-104,-10,2,36,35,15,28368390,262,1,211,13499,
753.587,6680.76,51.4623,7.48031,170.04,0,194.006,1,1,-104,-10,2,36,35,15,28368390,262,1,211,13499,
754.581,6680.76,51.4623,7.48031,170.075,0,194.006,1,-1,-104,-10,2,36,35,15,28368390,262,1,211,13499,
755.565,6680.76,51.4623,7.48031,170.107,0,194.006,1,-1,-104,-10,2,36,35,15,28368390,262,1,211,13499,
756.559,6680.76,51.4623,7.48031,170.138,0,194.006,1,0,-104,-10,2,36,35,15,28368390,262,1,211,13499,
757.579,6680.76,51.4623,7.48031,170.165,0,194.006,1,0,-104,-10,2,36,35,15,28368390,262,1,211,13499,
758.587,6680.76,51.4623,7.48031,170.192,0,194.006,1,-3,-104,-10,2,36,35,15,28368390,262,1,211,13499,
759.578,6680.76,51.4623,7.48031,170.219,0,194.006,1,-3,-104,-10,2,36,35,15,28368390,262,1,211,13499,
760.57,6680.76,51.4623,7.48031,170.248,0,194.006,1,-4,-105,-11,2,35,35,15,28368390,262,1,211,13499,
761.576,6680.76,51.4623,7.48031,170.275,0,194.006,1,-4,-105,-11,2,35,35,15,28368390,262,1,211,13499,
762.569,6680.76,51.4623,7.48031,170.307,0,194.006,1,0,-106,-12,2,34,34,15,28368390,262,1,211,13499,
763.577,6680.76,51.4623,7.48031,170.337,0,194.006,1,0,-106,-12,2,34,34,15,28368390,262,1,211,13499,
764.573,6686.73,51.4623,7.48024,177,0,194.006,1,-1,-106,-11,2,34,34,15,28368390,262,1,211,13499,
765.568,6692.69,51.4623,7.48031,170.389,0,194.006,1,-1,-106,-11,2,34,34,15,28368390,262,1,211,13499,
766.558,6692.69,51.4623,7.48031,170.41,0,194.006,1,-3,-105,-10,2,35,34,15,28368390,262,1,211,13499,
767.559,6692.69,51.4623,7.48031,170.431,0,194.006,1,-3,-105,-10,2,35,34,15,28368390,262,1,211,13499,
768.561,6692.69,51.4623,7.48031,170.448,0,194.006,1,-3,-105,-10,2,35,34,15,28368390,262,1,211,13499,
769.562,6692.69,51.4623,7.48031,170.465,0,194.006,1,-3,-106,-11,2,34,34,15,28368390,262,1,211,13499,
770.571,6692.69,51.4623,7.48031,170.481,0,194.006,1,-3,-106,-11,2,34,34,15,28368390,262,1,211,13499,
771.57,6692.69,51.4623,7.48031,170.497,0,194.006,1,-2,-106,-11,2,34,34,15,28368390,262,1,211,13499,
772.57,6692.69,51.4623,7.48031,170.657,0,192.9,1,-2,-106,-11,2,34,34,15,28368390,262,1,211,13499,
773.558,6692.69,51.4623,7.48031,170.799,0,193.783,1,-4,-106,-12,2,34,35,15,28368390,262,1,211,13499,
774.564,6699.88,51.4623,7.48028,170.941,2.64974,194.69,1,-4,-106,-12,2,34,35,15,28368390,262,1,211,13499,
775.583,6701.87,51.4623,7.48028,171.03,2.68946,195.577,1,3,-107,-12,2,33,34,15,28368390,262,1,211,13499,
776.575,6703.63,51.4623,7.48027,171.08,2.46888,195.996,1,3,-107,-12,2,33,34,15,28368390,262,1,211,13499,
777.579,6705.74,51.4622,7.48026,171.108,2.26582,196.35,1,-3,-108,-13,2,32,33,15,28368390,262,1,211,13499,
778.563,6707.62,51.4622,7.48026,171.114,2.20064,197.052,1,-3,-108,-13,2,32,33,15,28368390,262,1,211,13499,
779.582,6710.18,51.4622,7.48025,171.162,2.13327,197.716,1,-7,-108,-12,2,32,33,15,28368390,262,1,211,13499,
780.586,6712.9,51.4622,7.48023,171.225,2.70648,196.944,1,-7,-108,-12,2,32,33,15,28368390,262,1,211,13499,
781.568,6716.54,51.4621,7.48022,172.184,4.36274,196.549,1,-3,-109,-14,2,31,34,15,28368390,262,1,211,13499,
782.56,6721.71,51.4621,7.4802,173.085,5.16644,192.885,1,-3,-109,-14,2,31,34,15,28368390,262,1,211,13499,
783.581,6726.76,51.4621,7.48022,173.617,5.09242,154.765,1,-3,-108,-13,2,32,34,15,28368390,262,1,211,13499,
784.573,6726.76,51.4622,7.48041,nan,5.6282,122.318,1,-3,-108,-13,2,32,34,15,28368390,262,1,211,13499,
785.552,6726.76,51.462,7.48036,173.633,6.17031,101.52,1,-2,-107,-12,2,33,34,15,28368390,262,1,211,13499,
786.568,6734.17,51.462,7.48047,173.461,7.42017,97.7837,1,-2,-107,-12,2,33,34,15,28368390,262,1,211,13499,
787.564,6742.86,51.462,7.48059,173.456,8.31931,95.2999,1,-7,-108,-12,2,32,33,15,28368390,262,1,211,13499,
788.579,6749.75,51.462,7.48069,173.043,8.54341,93.587,1,-7,-108,-12,2,32,33,15,28368390,262,1,211,13499,
789.568,6759.24,51.462,7.48083,172.934,8.79239,92.8282,1,-5,-110,-14,4,30,32,43,28368390,262,1,211,13499,
790.582,6769.06,51.462,7.48097,173.065,9.17221,92.0665,1,-5,-110,-14,4,30,32,43,28368390,262,1,211,13499,
791.574,6777.56,51.462,7.48109,172.457,10.1159,91.2642,1,-6,-103,-10,9,37,32,27,29568778,262,1,353,13499,
792.583,6788.13,51.462,7.48124,171.819,10.9031,91.6965,1,-6,-103,-10,9,37,32,27,29568778,262,1,353,13499,
793.602,6799.37,51.462,7.48141,171.453,11.4495,91.7724,1,-6,-103,-10,9,37,32,27,29568778,262,1,353,13499,
794.563,6810.72,51.462,7.48157,171.133,12.1417,91.2799,1,3,-104,-12,7,36,30,27,29568778,262,1,353,13499,
795.57,6822.85,51.462,7.48175,171.242,12.4548,90.7066,1,3,-104,-12,7,36,30,27,29568778,262,1,353,13499,
796.563,6835.06,51.462,7.48192,171.548,11.9394,90.5039,1,-3,-106,-12,6,34,29,27,29568778,262,1,353,13499,
797.57,6846.2,51.462,7.48208,171.733,11.8285,90.6846,1,-3,-106,-12,6,34,29,27,29568778,262,1,353,13499,
798.562,6858.26,51.462,7.48226,171.92,12.0404,90.6455,1,-2,-107,-12,6,33,29,27,29568778,262,1,353,13499,
799.579,6870.27,51.462,7.48243,172.152,12.1318,91.0945,1,-2,-107,-12,6,33,29,27,29568778,262,1,353,13499,
800.56,6882.41,51.462,7.48261,172.522,11.3497,90.8905,1,1,-103,-12,6,37,33,27,29568778,262,1,353,13499,
801.569,6894.81,51.462,7.48279,173.188,10.8059,89.9305,1,1,-103,-12,6,37,33,27,29568778,262,1,353,13499,
802.553,6904.94,51.462,7.48293,173.8,10.3312,89.5774,1,-2,-103,-12,7,37,32,27,29568778,262,1,353,13499,
803.566,6915.1,51.462,7.48308,174.14,10.4001,89.9821,1,-2,-103,-12,7,37,32,27,29568778,262,1,353,13499,
804.565,6915.1,51.462,7.48272,nan,10.6982,90.2694,1,-3,-101,-12,6,39,35,19,26378497,262,1,353,13499,
805.558,6915.1,51.462,7.48341,176.15,9.20634,91.8548,1,-3,-101,-12,6,39,35,19,26378497,262,1,353,13499,
806.555,6922.94,51.462,7.48352,176.655,8.34557,90.4889,1,4,-106,-8,11,34,33,19,26378497,262,1,496,13499,
807.561,6934.07,51.462,7.48368,176.763,10.5465,87.5459,1,4,-106,-8,11,34,33,19,26378497,262,1,496,13499,
808.562,6945.33,51.462,7.48385,177.137,10.2973,89.9091,1,1,-117,-11,5,23,26,101,29908736,262,1,196,13499,
809.561,6953.94,51.462,7.48397,178.364,7.7847,92.1238,1,1,-117,-11,5,23,26,101,29908736,262,1,196,13499,
810.57,6962.88,51.462,7.48409,179.277,7.3611,109.227,1,9,-101,-10,11,39,39,13,28371200,262,1,68,13499,
811.57,6968.8,51.4619,7.48416,180.618,7.45644,131.436,1,9,-101,-10,11,39,39,13,28371200,262,1,68,13499,
812.561,6974.21,51.4619,7.48419,181.505,7.82922,155.538,1,9,-101,-10,11,39,39,13,28371200,262,1,68,13499,
813.578,6982.79,51.4618,7.48423,182.123,9.05879,158.405,1,8,-94,-9,12,46,44,13,28371200,262,1,68,13499,
814.733,6991.69,51.4617,7.48428,182.237,9.90349,160.842,1,8,-94,-9,12,46,44,13,28371200,262,1,68,13499,
815.571,7001.36,51.4616,7.48432,182.303,9.9742,161.344,1,5,-97,-10,11,43,44,13,28371200,262,1,68,13499,
816.558,7013.18,51.4615,7.48437,182.127,11.0014,162.97,1,5,-97,-10,11,43,44,13,28371200,262,1,68,13499,
817.579,7025.74,51.4614,7.48442,181.432,12.2232,165.846,1,6,-98,-10,6,42,43,13,28371200,262,1,68,13499,
818.561,7039.1,51.4613,7.48445,180.982,12.5429,167.748,1,6,-98,-10,6,42,43,13,28371200,262,1,68,13499,
819.561,7053.22,51.4612,7.48448,180.878,13.0309,169.153,1,7,-95,-10,10,45,45,13,28371200,262,1,68,13499,
820.582,7067.17,51.4611,7.48451,180.867,13.4058,170.539,1,7,-95,-10,10,45,45,13,28371200,262,1,68,13499,
821.57,7079.68,51.461,7.48453,180.79,13.5866,172.138,1,2,-98,-10,9,42,44,13,28371200,262,1,68,13499,
822.552,7092.98,51.4608,7.48454,181.187,13.5794,173.794,1,2,-98,-10,9,42,44,13,28371200,262,1,68,13499,
823.57,7107.48,51.4607,7.48455,181.662,13.6976,175.487,1,5,-95,-9,7,45,45,13,28371200,262,1,68,13499,
824.576,7107.48,51.4606,7.48464,nan,13.8236,177.105,1,5,-95,-9,7,45,45,13,28371200,262,1,68,13499,
825.583,7107.48,51.4604,7.48456,183.124,13.5947,179.003,1,0,-100,-11,6,40,43,13,28371200,262,1,68,13499,
826.56,7119.62,51.4603,7.48455,183.648,13.3066,180.302,1,0,-100,-11,6,40,43,13,28371200,262,1,68,13499,
827.574,7132.44,51.4602,7.48453,184.044,13.0911,182.633,1,-1,-102,-13,6,38,43,13,28371200,262,1,68,13499,
828.561,7145.14,51.4601,7.4845,184.23,12.3553,183.869,1,-1,-102,-13,6,38,43,13,28371200,262,1,68,13499,
829.568,7158.97,51.46,7.48447,184.847,12.3187,185.31,1,-1,-106,-14,5,34,39,13,28371200,262,1,68,13499,
830.549,7173.04,51.4598,7.48443,185.721,13.1544,186.849,1,-1,-106,-14,5,34,39,13,28371200,262,1,68,13499,
831.564,7186.36,51.4597,7.4844,186.394,12.9862,187.51,1,-4,-109,-16,3,31,38,13,28371200,262,1,68,13499,
832.583,7200.45,51.4596,7.48436,186.993,13.8947,188.372,1,-4,-109,-16,3,31,38,13,28371200,262,1,68,13499,
833.581,7213.32,51.4595,7.48433,187.685,13.5377,188.885,1,-5,-110,-16,4,30,36,13,28371200,262,1,68,13499,
834.56,7226.78,51.4594,7.4843,188.528,12.6069,189.449,1,-5,-110,-16,4,30,36,13,28371200,262,1,68,13499,
835.556,7239.63,51.4592,7.48426,189.5,11.679,189.884,1,-5,-110,-16,4,30,36,13,28371200,262,1,68,13499,
836.575,7251.39,51.4591,7.48422,190.106,12.0393,190.329,1,-3,-106,-13,6,34,38,13,28371200,262,1,68,13499,
837.568,7263.55,51.459,7.48419,190.451,12.7294,190.191,1,-3,-106,-13,6,34,38,13,28371200,262,1,68,13499,
838.57,7276.06,51.4589,7.48416,190.488,12.3073,190.346,1,-4,-106,-13,4,34,38,14,30492929,262,1,174,13499,
839.605,7288.78,51.4588,7.48412,190.083,12.0763,190.866,1,-4,-106,-13,4,34,38,14,30492929,262,1,174,13499,
840.564,7301.43,51.4587,7.48408,190.033,11.6531,191.262,1,-2,-105,-13,6,35,40,14,30492929,262,1,174,13499,
841.555,7312.86,51.4586,7.48404,190.648,10.9084,191.736,1,-2,-105,-13,6,35,40,14,30492929,262,1,174,13499,
842.561,7324.21,51.4585,7.484,191.164,11.043,191.576,1,-2,-105,-12,6,35,38,7,28371200,262,1,68,13499,
843.558,7334.87,51.4584,7.48397,191.038,11.3331,190.905,1,-2,-105,-12,6,35,38,7,28371200,262,1,68,13499,
844.565,7334.87,51.4594,7.48438,nan,11.7477,190.937,1,-2,-105,-13,5,35,39,7,28371200,262,1,68,13499,
845.57,7334.87,51.4582,7.4839,191.46,11.0072,190.031,1,-2,-105,-13,5,35,39,7,28371200,262,1,68,13499,
846.567,7347.65,51.4581,7.48386,192.424,11.7601,190.415,1,2,-100,-10,8,40,41,7,28371200,262,1,68,13499,
847.561,7360.01,51.458,7.48383,192.913,13.1633,191.092,1,2,-100,-10,8,40,41,7,28371200,262,1,68,13499,
848.571,7374.02,51.4579,7.48379,193.63,13.2294,191.469,1,5,-99,-10,9,41,43,7,28371200,262,1,68,13499,
849.562,7387.88,51.4577,7.48376,194.318,13.8383,191.695,1,5,-99,-10,9,41,43,7,28371200,262,1,68,13499,
850.581,7402.14,51.4576,7.48371,195.049,14.7146,190.796,1,10,-95,-10,6,45,47,7,28371200,262,1,68,13499,
851.589,7417.85,51.4575,7.48367,196.222,15.427,191.463,1,10,-95,-10,6,45,47,7,28371200,262,1,68,13499,
852.582,7432.88,51.4573,7.48363,197.783,14.9688,190.629,1,10,-95,-9,7,45,46,7,28371200,262,1,68,13499,
853.564,7448.56,51.4572,7.48358,198.59,15.7939,191.261,1,10,-95,-9,7,45,46,7,28371200,262,1,68,13499,
854.576,7465.92,51.457,7.48353,199.184,16.4692,190.859,1,9,-97,-9,6,43,44,7,28371200,262,1,68,13499,
855.579,7482.24,51.4569,7.48348,200.33,16.7194,190.471,1,9,-97,-9,6,43,44,7,28371200,262,1,68,13499,
856.569,7498.39,51.4568,7.48344,201.764,16.9327,189.9,1,11,-94,-9,2,46,45,7,28371200,262,1,68,13499,
857.558,7514.85,51.4566,7.4834,203.439,16.6608,189.589,1,11,-94,-9,2,46,45,7,28371200,262,1,68,13499,
858.568,7530.54,51.4565,7.48336,204.87,16.3823,188.888,1,10,-95,-9,2,45,44,7,28371200,262,1,68,13499,
859.563,7547.02,51.4563,7.48333,206.102,16.0489,188.309,1,10,-95,-9,2,45,44,7,28371200,262,1,68,13499,
860.549,7562.77,51.4562,7.4833,207.441,15.7932,186.599,1,10,-95,-8,2,45,45,7,28371200,262,1,68,13499,
861.563,7578.82,51.456,7.48329,208.032,15.7863,185.487,1,10,-95,-8,2,45,45,7,28371200,262,1,68,13499,
862.573,7594.3,51.4559,7.48327,208.369,15.7706,184.17,1,10,-95,-8,2,45,45,7,28371200,262,1,68,13499,
863.56,7609.85,51.4558,7.48326,208.498,15.5382,183.205,1,10,-94,-9,2,46,46,7,28371200,262,1,68,13499,
864.647,7609.85,51.4628,7.4833,nan,15.8138,181.682,1,10,-94,-9,2,46,46,7,28371200,262,1,68,13499,
865.564,7609.85,51.4555,7.48327,209.495,15.6803,179.662,1,8,-98,-12,8,42,44,6,28371200,262,1,68,13499,
866.589,7625.91,51.4553,7.48328,211.016,16.0784,177.862,1,8,-98,-12,8,42,44,6,28371200,262,1,68,13499,
867.559,7642.67,51.4552,7.48331,212.038,16.2604,176.026,1,5,-96,-8,6,44,42,5,28371202,262,1,67,13499,
868.562,7658.45,51.4551,7.48334,212.986,16.3083,174.35,1,5,-96,-8,6,44,42,5,28371202,262,1,67,13499,
869.562,7675.11,51.4549,7.48339,213.857,16.5759,171.28,1,10,-92,-6,13,48,45,5,28371202,262,1,67,13499,
870.575,7690.2,51.4548,7.48345,214.579,16.5481,168.538,1,10,-92,-6,13,48,45,5,28371202,262,1,67,13499,
871.573,7707.27,51.4546,7.48353,215.316,16.3893,165.965,1,7,-92,-6,8,48,45,5,28371202,262,1,67,13499,
872.572,7723.8,51.4545,7.48361,216.322,16.6349,162.99,1,7,-92,-6,8,48,45,5,28371202,262,1,67,13499,
873.561,7740.65,51.4544,7.48371,217.317,16.6165,159.837,1,5,-96,-7,8,44,42,5,28371202,262,1,67,13499,
874.575,7758.58,51.4542,7.48383,218.083,16.7966,156.326,1,5,-96,-7,8,44,42,5,28371202,262,1,67,13499,
875.575,7775.04,51.4541,7.48395,219.236,16.1114,153.047,1,6,-100,-9,6,40,40,5,28371202,262,1,67,13499,
876.59,7790.9,51.454,7.48408,220.151,16.5672,149.566,1,6,-100,-9,6,40,40,5,28371202,262,1,67,13499,
877.581,7809.61,51.4538,7.48424,221.298,16.2419,146.085,1,7,-95,-7,9,45,44,5,28371202,262,1,67,13499,
878.562,7825.88,51.4537,7.4844,222.526,15.4297,142.841,1,7,-95,-7,9,45,44,5,28371202,262,1,67,13499,
879.557,7843.71,51.4536,7.48457,224.105,15.8372,140.27,1,11,-91,-6,8,49,47,5,28371202,262,1,67,13499,
880.565,7859.72,51.4535,7.48474,225.732,15.6816,137.975,1,11,-91,-6,8,49,47,5,28371202,262,1,67,13499,
881.564,7876.42,51.4534,7.48492,227.854,15.64,135.902,1,21,-86,-6,11,54,51,5,28371202,262,1,67,13499,
882.558,7890.26,51.4533,7.48508,229.628,15.8474,134.102,1,21,-86,-6,11,54,51,5,28371202,262,1,67,13499,
883.556,7905,51.4532,7.48525,231.467,15.8861,133.705,1,22,-83,-6,2,57,55,5,28371202,262,1,67,13499,
884.582,7905,51.4534,7.48588,nan,15.8727,133.321,1,22,-83,-6,2,57,55,5,28371202,262,1,67,13499,
885.581,7905,51.4531,7.48558,234.319,15.7908,132.864,1,19,-83,-6,2,57,54,5,28371202,262,1,67,13499,
886.557,7920.77,51.453,7.48575,235.146,15.8064,133.045,1,19,-83,-6,2,57,54,5,28371202,262,1,67,13499,
887.562,7936.43,51.4529,7.48592,235.911,15.6622,133.526,1,18,-85,-6,2,55,53,5,28371202,262,1,67,13499,
888.577,7951.61,51.4528,7.48608,236.69,15.5693,133.985,1,18,-85,-6,2,55,53,5,28371202,262,1,67,13499,
889.573,7967.91,51.4527,7.48626,237.608,15.6448,135.499,1,21,-85,-6,2,55,53,5,28371202,262,1,67,13499,
890.539,7984.57,51.4526,7.48642,238.674,15.8944,137.427,1,21,-85,-6,2,55,53,5,28371202,262,1,67,13499,
891.571,8000.5,51.4525,7.48658,239.611,16.0768,138.799,1,21,-85,-6,2,55,53,5,28371202,262,1,67,13499,
892.569,8016.85,51.4524,7.48673,240.944,15.9638,140.782,1,14,-84,-6,2,56,54,5,28371202,262,1,67,13499,
893.565,8033.27,51.4522,7.48687,241.892,15.8461,143.728,1,14,-84,-6,2,56,54,5,28371202,262,1,67,13499,
894.556,8048.53,51.4521,7.48699,242.565,16.2623,145.725,1,7,-86,-6,2,54,52,5,28371202,262,1,67,13499,
895.579,8063.97,51.452,7.4871,242.958,16.103,147.166,1,7,-86,-6,2,54,52,5,28371202,262,1,67,13499,
896.56,8080.5,51.4519,7.48721,243.343,16.2224,149.629,1,17,-90,-7,2,50,48,5,28371202,262,1,67,13499,
897.578,8096.23,51.4518,7.48731,243.244,15.9741,151.952,1,17,-90,-7,2,50,48,5,28371202,262,1,67,13499,
898.59,8112.9,51.4516,7.48741,242.753,15.4126,153.467,1,15,-90,-7,2,50,48,5,28371202,262,1,67,13499,
899.574,8130.55,51.4515,7.4875,242.354,15.9522,155.538,1,15,-90,-7,2,50,48,5,28371202,262,1,67,13499,
900.567,8147.04,51.4513,7.48759,241.996,15.8344,157.059,1,13,-92,-7,2,48,47,5,28371202,262,1,67,13499,
901.564,8164.08,51.4512,7.48768,241.835,15.731,157.594,1,13,-92,-7,2,48,47,5,28371202,262,1,67,13499,
902.571,8179.84,51.4511,7.48775,241.998,15.06,158.249,1,3,-94,-8,2,46,45,5,28371202,262,1,67,13499,
903.569,8193.88,51.4509,7.48781,242.481,14.6985,159.174,1,3,-94,-8,2,46,45,5,28371202,262,1,67,13499,
904.57,8193.88,51.4507,7.48835,nan,14.9301,159.61,1,2,-98,-11,2,42,44,5,28371202,262,1,67,13499,
905.568,8193.88,51.4507,7.48796,243.525,13.5636,159.999,1,2,-98,-11,2,42,44,5,28371202,262,1,67,13499,
906.557,8207.23,51.4506,7.48802,244.493,11.3481,159.628,1,-1,-100,-12,9,40,43,6,28371202,262,1,67,13499,
907.563,8216.05,51.4505,7.48806,244.819,9.22851,158.861,1,-1,-100,-12,9,40,43,6,28371202,262,1,67,13499,
908.568,8222.75,51.4504,7.4881,245.274,6.29387,157.327,1,-1,-102,-13,8,38,43,6,28371202,262,1,67,13499,
909.57,8228.52,51.4504,7.48813,245.751,4.25015,156.844,1,-1,-102,-13,8,38,43,6,28371202,262,1,67,13499,
910.586,8231.21,51.4504,7.48815,245.773,3.8166,156.419,1,-1,-102,-13,8,38,43,6,28371202,262,1,67,13499,
911.571,8235.31,51.4503,7.48819,245.715,5.20293,133.924,1,1,-101,-12,9,39,42,6,28371202,262,1,67,13499,
912.553,8240.34,51.4503,7.48826,246.611,5.64043,94.5513,1,1,-101,-12,9,39,42,6,28371202,262,1,67,13499,
913.634,8244.81,51.4503,7.48832,247.691,6.00577,65.2983,1,10,-99,-8,12,41,38,7,28371201,262,1,66,13499,
