0.127,0,51.4504,7.48852,247.519,5.75559,231.15,1,10,-100,-9,2,40,38,7,28371201,262,1,66,13499,
1.311,13.4713,51.4503,7.48835,246.698,4.81792,236.906,1,10,-100,-9,2,40,38,7,28371201,262,1,66,13499,
2.269,13.4713,51.4503,7.48835,246.698,4.81792,236.906,1,10,-100,-10,8,40,41,6,28371201,262,1,66,13499,
3.235,17.2872,51.4503,7.4883,246.727,3.24743,239.721,1,10,-100,-10,8,40,41,6,28371201,262,1,66,13499,
4.258,20.7997,51.4503,7.48825,246.754,1.96743,240.774,1,18,-98,-9,13,42,42,6,28371201,262,1,66,13499,
5.248,22.3699,51.4503,7.48823,246.704,1.02992,240.774,1,18,-98,-9,13,42,42,6,28371201,262,1,66,13499,
6.241,23.7014,51.4503,7.48824,246.68,0.897897,240.774,1,15,-100,-10,8,40,41,6,28371201,262,1,66,13499,
7.216,23.7014,51.4503,7.48824,246.703,0,240.774,1,15,-100,-10,8,40,41,6,28371201,262,1,66,13499,
8.219,23.7014,51.4503,7.48824,247.267,0,203.627,1,16,-98,-9,8,42,42,6,28371201,262,1,66,13499,
9.225,23.7014,51.4503,7.48824,247.367,0,186.217,1,16,-98,-9,8,42,42,6,28371201,262,1,66,13499,
10.232,37.0688,51.4502,7.48821,248.021,6.33639,182.25,1,22,-97,-9,12,43,43,6,28371201,262,1,66,13499,
11.234,44.9659,51.4501,7.48821,248.47,7.30832,178.183,1,22,-97,-9,12,43,43,6,28371201,262,1,66,13499,
12.241,53.0844,51.4501,7.48823,249.015,8.30564,174.637,1,18,-96,-9,13,44,44,6,28371201,262,1,66,13499,
13.237,62.2876,51.45,7.48826,249.693,9.12905,172.483,1,18,-96,-9,13,44,44,6,28371201,262,1,66,13499,
14.229,71.9851,51.4499,7.48828,250.351,9.82326,171.359,1,22,-99,-9,8,41,41,6,28371201,262,1,66,13499,
15.218,82.8195,51.4498,7.48831,251.127,10.4139,170.77,1,22,-99,-9,8,41,41,6,28371201,262,1,66,13499,
16.233,93.7811,51.4497,7.48835,251.497,10.6838,171.7,1,7,-97,-8,2,43,42,6,28371201,262,1,66,13499,
17.235,104.44,51.4496,7.48838,251.751,11.3517,172.67,1,7,-97,-8,2,43,42,6,28371201,262,1,66,13499,
18.22,115.556,51.4495,7.4884,251.898,11.5516,174.128,1,8,-99,-9,2,41,41,6,28371201,262,1,66,13499,
19.219,127.247,51.4494,7.48842,251.906,12.1437,176.154,1,8,-99,-9,2,41,41,6,28371201,262,1,66,13499,
20.238,140.098,51.4493,7.48843,252.244,12.7011,177.732,1,8,-99,-9,2,41,40,6,28371201,262,1,66,13499,
21.218,152.434,51.4492,7.48843,252.187,12.7376,180.514,1,8,-99,-9,2,41,40,6,28371201,262,1,66,13499,
22.224,166.043,51.4491,7.48842,252.172,13.2,183.028,1,8,-99,-9,2,41,40,6,28371201,262,1,66,13499,
23.241,178.805,51.4489,7.48839,252.251,13.013,185.658,1,7,-101,-9,2,39,39,6,28371201,262,1,66,13499,
24.223,191.75,51.4488,7.48835,252.078,12.8061,188.327,1,7,-101,-9,2,39,39,6,28371201,262,1,66,13499,
25.228,205.12,51.4487,7.48832,251.431,13.0521,190.346,1,5,-103,-9,2,37,38,6,28371201,262,1,66,13499,
26.234,218.83,51.4486,7.48827,250.978,13.1637,191.962,1,5,-103,-9,2,37,38,6,28371201,262,1,66,13499,
27.225,231.72,51.4485,7.48823,251.065,13.0787,192.874,1,3,-105,-10,2,35,36,6,28371201,262,1,66,13499,
28.225,244.962,51.4484,7.48818,250.73,12.8291,193.398,1,3,-105,-10,2,35,36,6,28371201,262,1,66,13499,
29.238,258.958,51.4482,7.48813,250.553,13.0242,193.694,1,-1,-110,-11,2,30,32,6,31281409,262,1,232,13499,
30.23,272.602,51.4481,7.48809,250.318,13.5105,194.244,1,-1,-110,-11,2,30,32,6,31281409,262,1,232,13499,
31.24,287.141,51.448,7.48804,249.845,13.0791,193.936,1,3,-109,-10,2,31,32,6,27771909,262,1,151,13499,
32.221,300.388,51.4479,7.488,250.045,12.77,193.397,1,3,-109,-10,2,31,32,6,27771909,262,1,151,13499,
33.21,313.757,51.4478,7.48795,250.971,12.2971,191.439,1,4,-108,-9,2,32,32,6,27771909,262,1,151,13499,
34.229,327.307,51.4476,7.48791,250.955,12.1233,191.687,1,4,-108,-9,2,32,32,6,27771909,262,1,151,13499,
35.217,339.707,51.4475,7.48788,252.331,11.9268,190.122,1,5,-108,-9,2,32,32,6,27771909,262,1,151,13499,
36.237,352.096,51.4474,7.48786,252.729,12.4399,187.448,1,5,-108,-9,2,32,32,6,27771909,262,1,151,13499,
37.237,365.542,51.4473,7.48785,253.153,12.3727,185.138,1,5,-107,-10,2,33,33,6,27771909,262,1,151,13499,
38.229,380.072,51.4472,7.48786,253.995,12.9242,181.043,1,5,-107,-10,2,33,33,6,27771909,262,1,151,13499,
39.211,392.529,51.4471,7.48787,255.516,12.501,177.11,1,7,-106,-9,2,34,33,6,27771909,262,1,151,13499,
40.228,404.872,51.4469,7.48789,256.688,12.1986,174.076,1,7,-106,-9,2,34,33,6,27771909,262,1,151,13499,
41.222,416.702,51.4468,7.48793,257.603,12.0871,171.325,1,4,-108,-9,2,32,32,6,27771909,262,1,151,13499,
42.211,428.11,51.4467,7.48796,258.171,11.7098,169.685,1,4,-108,-9,2,32,32,6,27771909,262,1,151,13499,
43.211,439.89,51.4466,7.48801,258.582,12.1477,166.114,1,0,-108,-9,2,32,31,6,27771909,262,1,151,13499,
44.229,451.879,51.4465,7.48807,258.994,11.9285,162.881,1,0,-108,-9,2,32,31,6,27771909,262,1,151,13499,
45.249,464.314,51.4464,7.48815,259.213,11.9437,159.822,1,10,-109,-11,2,31,33,6,28371201,262,1,66,13499,
46.242,475.842,51.4463,7.48823,259.163,12.1672,156.962,1,10,-109,-11,2,31,33,6,28371201,262,1,66,13499,
47.211,475.842,51.4526,7.49281,nan,12.2314,153.877,1,11,-102,-10,11,38,40,12,28371201,262,1,66,13499,
48.224,475.842,51.4461,7.48843,259.613,12.478,150.933,1,11,-102,-10,11,38,40,12,28371201,262,1,66,13499,
49.229,488.615,51.4461,7.48854,259.955,12.5512,147.919,1,11,-102,-10,11,38,40,12,28371201,262,1,66,13499,
50.235,503.405,51.446,7.48868,260.493,12.849,145.072,1,9,-104,-9,11,36,37,12,28371201,262,1,66,13499,
51.218,517.363,51.4459,7.48882,261.381,12.9067,141.988,1,9,-104,-9,11,36,37,12,28371201,262,1,66,13499,
52.215,529.92,51.4458,7.48895,262.748,12.9636,138.813,1,3,-108,-10,4,32,33,12,28371201,262,1,66,13499,
53.223,543.703,51.4457,7.4891,263.846,12.9354,135.739,1,3,-108,-10,4,32,33,12,28371201,262,1,66,13499,
54.215,556.916,51.4456,7.48925,264.803,12.8873,133.648,1,5,-107,-9,10,33,34,12,28371201,262,1,66,13499,
55.248,569.896,51.4456,7.4894,266.04,12.7746,131.932,1,5,-107,-9,10,33,34,12,28371201,262,1,66,13499,
56.206,582.72,51.4455,7.48955,266.594,12.8172,130.324,1,8,-104,-9,7,36,37,12,28371201,262,1,66,13499,
57.223,595.667,51.4454,7.4897,267.206,12.9063,129.043,1,8,-104,-9,7,36,37,12,28371201,262,1,66,13499,
58.25,609.473,51.4453,7.48986,267.932,13.0904,127.917,1,5,-106,-9,6,34,35,12,28371201,262,1,66,13499,
59.241,621.87,51.4453,7.49001,268.507,13.2596,127.528,1,5,-106,-9,6,34,35,12,28371201,262,1,66,13499,
60.214,635.794,51.4452,7.49017,269.279,13.6004,127.168,1,6,-110,-11,7,30,32,12,28371201,262,1,66,13499,
61.211,649.315,51.4451,7.49034,270.02,13.6967,127.623,1,6,-110,-11,7,30,32,12,28371201,262,1,66,13499,
62.224,663.682,51.4451,7.49051,270.912,13.5191,127.871,1,4,-107,-9,8,33,33,12,28371201,262,1,66,13499,
63.223,676.963,51.445,7.49066,271.83,12.8698,127.408,1,4,-107,-9,8,33,33,12,28371201,262,1,66,13499,
64.247,689.806,51.4449,7.49081,272.576,12.3015,127.54,1,3,-111,-10,2,29,31,12,28371201,262,1,66,13499,
65.223,701.53,51.4449,7.49095,273.603,11.4557,128.305,1,3,-111,-10,2,29,31,12,28371201,262,1,66,13499,
66.217,712.034,51.4448,7.49108,274.757,9.81942,127.883,1,7,-111,-10,2,29,31,12,28371201,262,1,66,13499,
67.248,721.658,51.4448,7.49119,275.945,8.46274,127.417,1,7,-111,-10,2,29,31,12,28371201,262,1,66,13499,
68.212,729.401,51.4447,7.49129,277.007,6.84446,127.03,1,-3,-111,-10,2,29,30,12,28371201,262,1,66,13499,
69.215,734.585,51.4447,7.49135,277.554,5.62427,127.807,1,-3,-111,-10,2,29,30,12,28371201,262,1,66,13499,
70.241,739.162,51.4447,7.4914,277.718,4.66705,127.287,1,2,-113,-10,2,27,29,12,27771907,262,1,150,13499,
71.241,743.332,51.4447,7.49145,277.716,3.54629,127.651,1,2,-113,-10,2,27,29,12,27771907,262,1,150,13499,
72.233,746.36,51.4446,7.49149,277.706,2.12374,126.705,1,4,-112,-10,2,28,29,12,27771907,262,1,150,13499,
73.247,747.323,51.4446,7.4915,277.696,0.80313,126.705,1,4,-112,-10,2,28,29,12,27771907,262,1,150,13499,
74.231,747.323,51.4446,7.4915,277.695,0,126.705,1,3,-112,-10,2,28,28,12,27771907,262,1,150,13499,
75.218,747.323,51.4446,7.4915,277.694,0,126.705,1,3,-112,-10,2,28,28,12,27771907,262,1,150,13499,
76.252,747.323,51.4446,7.4915,277.696,0,126.705,1,4,-112,-9,8,28,29,6,27771907,262,1,150,13499,
77.233,747.323,51.4446,7.4915,277.697,0,126.705,1,4,-112,-9,8,28,29,6,27771907,262,1,150,13499,
78.208,747.323,51.4446,7.4915,277.698,0,126.705,1,4,-111,-9,8,29,30,6,27771907,262,1,150,13499,
79.223,747.323,51.4446,7.4915,277.698,0,126.705,1,4,-111,-9,8,29,30,6,27771907,262,1,150,13499,
80.228,747.323,51.4446,7.4915,277.697,0,126.705,1,4,-111,-9,8,29,30,6,27771907,262,1,150,13499,
81.346,747.323,51.4446,7.4915,277.696,0,126.705,1,4,-85,-9,14,55,51,7,27771904,262,1,487,13499,
82.219,747.323,51.4446,7.4915,277.696,0,126.705,1,4,-85,-9,14,55,51,7,27771904,262,1,487,13499,
83.224,747.323,51.4446,7.4915,277.696,0,126.705,1,34,-83,-9,15,57,55,7,27771904,262,1,487,13499,
84.22,747.323,51.4446,7.4915,277.697,0,126.705,1,34,-83,-9,15,57,55,7,27771904,262,1,487,13499,
85.22,747.323,51.4446,7.4915,277.701,0,126.705,1,24,-83,-9,13,57,55,7,27771904,262,1,487,13499,
86.241,747.323,51.4446,7.4915,277.738,0,124.362,1,24,-83,-9,13,57,55,7,27771904,262,1,487,13499,
87.224,747.323,51.4446,7.4915,277.771,0,125.074,1,26,-81,-6,14,59,54,7,27771904,262,1,487,13499,
88.211,754.505,51.4446,7.49159,277.803,3.43384,125.782,1,26,-81,-6,14,59,54,7,27771904,262,1,487,13499,
89.214,759.475,51.4446,7.49164,278.303,4.18861,126.129,1,22,-80,-6,12,60,55,7,27771904,262,1,487,13499,
90.227,763.994,51.4446,7.49169,278.741,4.63977,127.501,1,22,-80,-6,12,60,55,7,27771904,262,1,487,13499,
91.246,769.422,51.4445,7.49174,279.128,4.6907,149.826,1,39,-74,-6,12,66,63,7,27771904,262,1,487,13499,
92.22,774.237,51.4445,7.49174,279.469,4.94162,183.007,1,39,-74,-6,12,66,63,7,27771904,262,1,487,13499,
93.221,779.658,51.4444,7.49171,279.622,5.83754,199.041,1,29,-73,-8,13,67,63,7,27771904,262,1,487,13499,
94.219,784.824,51.4444,7.49168,279.768,6.47579,202.311,1,29,-73,-8,13,67,63,7,27771904,262,1,487,13499,
95.209,790.851,51.4443,7.49164,278.818,7.82948,206.304,1,35,-69,-7,13,71,63,7,27771904,262,1,487,13499,
96.226,800.388,51.4443,7.49157,277.784,9.04995,209.403,1,35,-69,-7,13,71,63,7,27771904,262,1,487,13499,
97.227,809.952,51.4442,7.49149,276.818,9.73943,211.494,1,37,-68,-8,12,72,63,7,27771904,262,1,487,13499,
98.217,819.192,51.4441,7.49141,275.89,10.1845,212.743,1,37,-68,-8,12,72,63,7,27771904,262,1,487,13499,
99.223,829.314,51.444,7.49133,275.059,10.7577,213.525,1,39,-64,-6,14,76,63,7,27771904,262,1,487,13499,
100.226,839.909,51.444,7.49123,274.313,11.2257,213.977,1,39,-64,-6,14,76,63,7,27771904,262,1,487,13499,
101.212,851.683,51.4439,7.49113,273.615,11.4726,214.95,1,28,-61,-8,2,79,63,7,27771904,262,1,487,13499,
102.212,863.333,51.4438,7.49104,273.012,11.7202,214.821,1,28,-61,-8,2,79,63,7,27771904,262,1,487,13499,
103.226,874.945,51.4437,7.49093,272.719,11.8605,215.436,1,28,-61,-8,2,79,63,7,27771904,262,1,487,13499,
104.24,886.799,51.4436,7.49083,272.614,12.1159,215.908,1,28,-77,-6,2,63,59,7,27771907,262,1,150,13499,
105.216,898.709,51.4436,7.49072,272.698,12.0986,216.545,1,28,-77,-6,2,63,59,7,27771907,262,1,150,13499,
106.228,910.836,51.4435,7.49061,272.823,11.9536,216.313,1,30,-74,-5,2,66,62,7,27771907,262,1,150,13499,
107.218,910.836,51.4443,7.48846,nan,11.7619,215.987,1,30,-74,-5,2,66,62,7,27771907,262,1,150,13499,
108.231,910.836,51.4433,7.49039,272.924,11.8072,216.646,1,23,-75,-5,2,65,62,7,27771907,262,1,150,13499,
109.223,922.952,51.4432,7.49028,273.074,12.0426,216.647,1,23,-75,-5,2,65,62,7,27771907,262,1,150,13499,
110.224,935.044,51.4431,7.49018,273.356,12.6388,216.484,1,21,-79,-5,2,61,57,7,27771907,262,1,150,13499,
111.242,948.285,51.443,7.49006,273.725,12.9236,215.808,1,21,-79,-5,2,61,57,7,27771907,262,1,150,13499,
112.262,960.494,51.4429,7.48996,274.089,12.9941,215.712,1,7,-91,-6,2,49,46,7,27771907,262,1,150,13499,
113.211,972.637,51.4428,7.48986,274.321,13.5067,216.575,1,7,-91,-6,2,49,46,7,27771907,262,1,150,13499,
114.219,986.064,51.4427,7.48974,274.54,14.0091,216.198,1,33,-87,-6,2,53,49,7,27771907,262,1,150,13499,
115.222,999.844,51.4426,7.48963,274.684,13.6935,215.634,1,33,-87,-6,2,53,49,7,27771907,262,1,150,13499,
116.237,1013.28,51.4425,7.48952,274.794,13.4334,215.182,1,16,-83,-6,2,57,54,7,27771907,262,1,150,13499,
117.223,1026.99,51.4424,7.48941,275.1,13.2957,214.802,1,16,-83,-6,2,57,54,7,27771907,262,1,150,13499,
118.214,1040.77,51.4423,7.4893,275.488,13.2873,215.27,1,30,-73,-5,2,67,63,7,27771907,262,1,150,13499,
119.222,1053.72,51.4422,7.48919,276.167,12.5993,216.129,1,30,-73,-5,2,67,63,7,27771907,262,1,150,13499,
120.223,1067.4,51.4421,7.48907,276.743,12.6236,216.462,1,33,-71,-4,2,69,63,7,27771907,262,1,150,13499,
121.24,1080.98,51.4421,7.48894,276.94,13.3203,217.732,1,33,-71,-4,2,69,63,7,27771907,262,1,150,13499,
122.244,1094.21,51.442,7.48882,277.156,13.0598,219.539,1,32,-71,-5,2,69,63,7,27771907,262,1,150,13499,
123.227,1107.75,51.4419,7.48868,277.127,12.7616,221.55,1,32,-71,-5,2,69,63,7,27771907,262,1,150,13499,
124.238,1121.72,51.4418,7.48855,277.705,13.308,222.53,1,32,-71,-5,2,69,63,7,27771907,262,1,150,13499,
125.229,1134.6,51.4417,7.48841,277.948,13.5301,224.148,1,32,-71,-5,2,69,63,7,27771907,262,1,150,13499,
126.211,1148.76,51.4416,7.48826,278.461,14.0181,226.221,1,34,-66,-4,2,74,63,7,27771907,262,1,150,13499,
127.224,1163.1,51.4415,7.4881,278.743,13.1829,227.659,1,34,-66,-4,2,74,63,7,27771907,262,1,150,13499,
128.221,1176.63,51.4415,7.48794,278.861,12.9132,229.056,1,34,-66,-4,2,74,63,7,27771907,262,1,150,13499,
129.216,1190.52,51.4414,7.48778,278.094,13.4158,229.886,1,32,-65,-4,2,75,63,7,27771907,262,1,150,13499,
130.215,1205.61,51.4413,7.48761,277.158,14.0797,230.406,1,32,-65,-4,2,75,63,7,27771907,262,1,150,13499,
131.23,1220.51,51.4412,7.48744,276.051,14.1106,230.295,1,29,-70,-5,2,70,63,7,27771907,262,1,150,13499,
132.224,1235.63,51.4411,7.48726,274.97,14.1231,231.163,1,29,-70,-5,2,70,63,7,27771907,262,1,150,13499,
133.234,1248.5,51.4411,7.48711,274.792,14.25,232.047,1,24,-78,-5,2,62,59,7,27771907,262,1,150,13499,
134.237,1262.52,51.441,7.48694,274.632,14.6507,231.57,1,24,-78,-5,2,62,59,7,27771907,262,1,150,13499,
135.215,1278.91,51.4409,7.48675,274.56,14.9688,232.042,1,22,-82,-6,2,58,55,7,27771907,262,1,150,13499,
136.241,1293.31,51.4408,7.48658,274.762,15.3656,231.533,1,22,-82,-6,2,58,55,7,27771907,262,1,150,13499,
137.24,1307.06,51.4408,7.48642,275.353,14.3922,232.323,1,18,-86,-8,2,54,54,7,27771908,262,1,152,13499,
138.23,1321.43,51.4407,7.48626,275.516,13.9491,232.361,1,18,-86,-8,2,54,54,7,27771908,262,1,152,13499,
139.246,1336.5,51.4406,7.48608,276.163,13.9947,233.322,1,25,-86,-8,2,54,54,7,27771908,262,1,152,13499,
140.219,1351.72,51.4405,7.4859,276.679,14.3744,232.631,1,25,-86,-8,2,54,54,7,27771908,262,1,152,13499,
141.23,1366.59,51.4405,7.48573,276.61,14.8897,232.402,1,29,-81,-7,2,59,57,7,27771908,262,1,152,13499,
142.246,1381.76,51.4404,7.48555,276.23,15.1937,232.451,1,29,-81,-7,2,59,57,7,27771908,262,1,152,13499,
143.227,1395.6,51.4403,7.48539,276.581,14.8232,232.246,1,32,-78,-6,2,62,58,7,27771908,262,1,152,13499,
144.231,1410.02,51.4402,7.48522,276.7,14.5992,232.33,1,32,-78,-6,2,62,58,7,27771908,262,1,152,13499,
145.214,1425.62,51.4401,7.48504,276.56,14.5514,232.453,1,31,-77,-5,2,63,59,7,27771908,262,1,152,13499,
146.231,1440.8,51.4401,7.48486,276.571,14.1024,232.59,1,31,-77,-5,2,63,59,7,27771908,262,1,152,13499,
147.232,1454.68,51.44,7.4847,276.888,14.1418,233.006,1,29,-74,-5,2,66,63,7,27771908,262,1,152,13499,
148.22,1469.32,51.4399,7.48454,277.97,14.6583,232.808,1,29,-74,-5,2,66,63,7,27771908,262,1,152,13499,
149.223,1483.7,51.4398,7.48437,278.713,14.6041,233.039,1,30,-72,-5,2,68,63,7,27771908,262,1,152,13499,
150.237,1498.41,51.4398,7.4842,279.778,14.7524,232.693,1,30,-72,-5,2,68,63,7,27771908,262,1,152,13499,
151.236,1511.87,51.4397,7.48404,280.322,14.9221,233.404,1,29,-71,-5,2,69,63,7,27771908,262,1,152,13499,
152.227,1525.31,51.4396,7.48388,280.782,15.4123,232.715,1,29,-71,-5,2,69,63,7,27771908,262,1,152,13499,
153.21,1540.24,51.4395,7.48371,280.979,15.12,232.765,1,29,-71,-5,2,69,63,7,27771908,262,1,152,13499,
154.227,1556.07,51.4395,7.48352,281.359,14.8971,233.83,1,32,-70,-5,2,70,63,7,27771908,262,1,152,13499,
155.21,1570.07,51.4394,7.48335,281.275,13.6649,234.269,1,32,-70,-5,2,70,63,7,27771908,262,1,152,13499,
156.343,1585.24,51.4393,7.48317,280.851,14.9224,233.424,1,31,-71,-5,2,69,63,7,27771908,262,1,152,13499,
157.214,1598.46,51.4392,7.48301,280.18,14.7141,234.254,1,31,-71,-5,2,69,63,7,27771908,262,1,152,13499,
158.218,1612.42,51.4392,7.48284,279.832,14.5162,234.793,1,40,-77,-5,15,63,59,4,27771908,262,1,152,13499,
159.229,1627.37,51.4391,7.48266,279.816,14.5119,234.455,1,40,-77,-5,15,63,59,4,27771908,262,1,152,13499,
160.214,1642.02,51.439,7.48248,279.483,13.8218,235.511,1,28,-86,-5,15,54,49,4,27771908,262,1,152,13499,
161.239,1657.95,51.439,7.48228,278.618,14.9361,236.485,1,28,-86,-5,15,54,49,4,27771908,262,1,152,13499,
162.237,1672.87,51.4389,7.48209,278.057,14.9367,235.913,1,25,-90,-5,12,50,46,4,27771908,262,1,152,13499,
163.239,1686.61,51.4388,7.48192,277.77,14.5443,236.282,1,25,-90,-5,12,50,46,4,27771908,262,1,152,13499,
164.236,1701.8,51.4388,7.48173,277.903,14.0391,237.345,1,22,-95,-5,12,45,41,4,27771908,262,1,152,13499,
165.224,1714.05,51.4387,7.48157,278.091,14.428,237.044,1,22,-95,-5,12,45,41,4,27771908,262,1,152,13499,
166.229,1728.78,51.4387,7.48138,278.299,15.0414,236.493,1,23,-96,-5,12,44,42,4,27771908,262,1,152,13499,
167.221,1728.78,51.4363,7.47489,nan,15.0729,237.076,1,23,-96,-5,12,44,42,4,27771908,262,1,152,13499,
168.227,1728.78,51.4385,7.481,278.244,16.024,237.595,1,15,-98,-6,11,42,39,4,27771908,262,1,152,13499,
169.221,1742.99,51.4384,7.48082,278.366,16.0871,238.56,1,15,-98,-6,11,42,39,4,27771908,262,1,152,13499,
170.233,1756.65,51.4384,7.48064,278.231,15.2877,238.852,1,13,-102,-6,11,38,35,4,27771908,262,1,152,13499,
171.254,1771.74,51.4383,7.48045,277.71,14.6209,239.565,1,13,-102,-6,11,38,35,4,27771908,262,1,152,13499,
172.23,1787.37,51.4383,7.48025,278.307,14.7916,238.713,1,11,-102,-6,9,38,35,4,27771908,262,1,152,13499,
173.224,1804.48,51.4382,7.48004,278.906,14.8857,237.227,1,11,-102,-6,9,38,35,4,27771908,262,1,152,13499,
174.216,1820.62,51.4381,7.47984,279.407,14.6163,236.954,1,8,-103,-5,2,37,35,4,27771908,262,1,152,13499,
175.222,1836.16,51.438,7.47964,280.245,14.7869,237.818,1,8,-103,-5,2,37,35,4,27771908,262,1,152,13499,
176.224,1849.96,51.438,7.47947,280.528,14.9006,236.862,1,8,-103,-5,2,37,35,4,27771908,262,1,152,13499,
177.228,1862.22,51.4379,7.47931,281.205,14.3636,236.217,1,10,-104,-6,2,36,34,4,27771908,262,1,152,13499,
178.233,1878.29,51.4379,7.47911,282.208,13.7392,237.74,1,10,-104,-6,2,36,34,4,27771908,262,1,152,13499,
179.222,1894.56,51.4378,7.4789,282.077,13.3465,238.868,1,7,-104,-7,2,36,34,4,27771908,262,1,152,13499,
180.214,1908.9,51.4377,7.47872,282.557,13.3453,239.29,1,7,-104,-7,2,36,34,4,27771908,262,1,152,13499,
181.233,1925.26,51.4377,7.47851,282.953,14.6411,238.312,1,7,-104,-7,2,36,34,4,27771908,262,1,152,13499,
182.225,1939.68,51.4376,7.47832,282.79,13.9857,238.896,1,7,-104,-7,2,36,34,4,27771908,262,1,152,13499,
183.227,1955.27,51.4375,7.47813,282.066,14.306,239.393,1,8,-104,-8,2,36,36,4,27771908,262,1,152,13499,
184.22,1971.62,51.4375,7.47792,281.784,14.6245,239.816,1,8,-104,-8,2,36,36,4,27771908,262,1,152,13499,
185.222,1986.41,51.4374,7.47773,281.47,14.3302,240.46,1,3,-107,-9,2,33,34,4,27771908,262,1,152,13499,
186.238,2000.17,51.4374,7.47755,281.014,13.881,241.292,1,3,-107,-9,2,33,34,4,27771908,262,1,152,13499,
187.232,2012.4,51.4373,7.47739,280.242,13.5841,239.811,1,2,-110,-10,2,30,32,4,27771908,262,1,152,13499,
188.228,2027.95,51.4372,7.47719,280.359,12.5292,239.621,1,2,-110,-10,2,30,32,4,27771908,262,1,152,13499,
189.218,2042.77,51.4372,7.477,280.296,12.8794,240.396,1,4,-110,-10,2,30,32,82,28391424,262,1,205,13497,
190.23,2055.9,51.4371,7.47683,280.629,11.7944,241.949,1,4,-110,-10,2,30,32,82,28391424,262,1,205,13497,
191.221,2069.02,51.4371,7.47665,280.444,10.6693,245.421,1,1,-110,-10,2,30,31,82,28391424,262,1,205,13497,
192.222,2080.67,51.4371,7.47649,280.988,9.3833,264.305,1,1,-110,-10,2,30,31,82,28391424,262,1,205,13497,
193.227,2090.98,51.4371,7.47634,282.293,8.87224,268.298,1,14,-100,-5,2,40,36,11,27771908,262,1,152,13499,
194.23,2099.97,51.4371,7.47623,283.032,8.30628,296.328,1,14,-100,-5,2,40,36,11,27771908,262,1,152,13499,
195.23,2110.87,51.4372,7.47613,283.891,8.23659,315.556,1,19,-102,-6,2,38,36,11,27771908,262,1,152,13499,
196.235,2121.71,51.4373,7.47609,284.352,8.4686,349.458,1,19,-102,-6,2,38,36,11,27771908,262,1,152,13499,
197.215,2132.42,51.4374,7.4761,285.111,8.79434,8.14153,1,19,-102,-6,2,38,36,11,27771908,262,1,152,13499,
198.241,2143.98,51.4375,7.47619,285.85,9.43281,31.8806,1,22,-100,-6,2,40,37,11,27771908,262,1,152,13499,
199.263,2156.84,51.4376,7.47632,286.365,10.4865,49.7759,1,22,-100,-6,2,40,37,11,27771908,262,1,152,13499,
200.224,2170.07,51.4376,7.47647,286.811,11.0933,50.8714,1,31,-95,-6,2,45,43,11,27771908,262,1,152,13499,
201.226,2183.68,51.4377,7.47662,287.338,12.4478,51.7383,1,31,-95,-6,2,45,43,11,27771908,262,1,152,13499,
202.223,2197.87,51.4378,7.47678,287.735,12.8973,52.4797,1,31,-79,-6,15,61,59,10,27771908,262,1,152,13499,
203.239,2213.54,51.4379,7.47697,288.51,14.4785,53.2541,1,31,-79,-6,15,61,59,10,27771908,262,1,152,13499,
204.241,2229.58,51.438,7.47715,289.683,15.8157,54.2216,1,28,-80,-5,15,60,58,10,27771908,262,1,152,13499,
205.242,2245.78,51.438,7.47735,290.729,17.1321,54.5766,1,28,-80,-5,15,60,58,10,27771908,262,1,152,13499,
206.212,2263.07,51.4381,7.47754,291.543,17.768,54.9394,1,31,-78,-4,15,62,59,10,27771908,262,1,152,13499,
207.221,2263.07,51.4363,7.47489,nan,18.6883,55.9069,1,31,-78,-4,15,62,59,10,27771908,262,1,152,13499,
208.239,2263.07,51.4383,7.47799,292.895,19.3507,56.516,1,25,-80,-5,15,60,57,10,27771908,262,1,152,13499,
209.233,2282.88,51.4384,7.47823,293.624,20.2939,56.8538,1,25,-80,-5,15,60,57,10,27771908,262,1,152,13499,
210.223,2304.03,51.4385,7.47848,293.429,21.0219,57.4825,1,29,-84,-5,14,56,52,10,27771908,262,1,152,13499,
211.227,2325.28,51.4386,7.47874,292.969,21.5436,56.5081,1,29,-84,-5,14,56,52,10,27771908,262,1,152,13499,
212.214,2345.84,51.4387,7.47899,292.028,21.6406,56.6372,1,26,-87,-4,14,53,47,10,27771908,262,1,152,13499,
213.231,2366.82,51.4388,7.47925,291.104,21.4612,56.7151,1,26,-87,-4,14,53,47,10,27771908,262,1,152,13499,
214.223,2387.81,51.4389,7.4795,290.144,21.2384,56.6533,1,27,-87,-5,14,53,50,10,27771908,262,1,152,13499,
215.236,2408.43,51.439,7.47975,289.224,20.9106,56.8111,1,27,-87,-5,14,53,50,10,27771908,262,1,152,13499,
216.328,2429.3,51.4392,7.47999,288.529,20.5208,56.7254,1,21,-89,-6,14,51,48,10,27771908,262,1,152,13499,
217.206,2450.76,51.4393,7.48025,287.756,20.2878,56.1666,1,21,-89,-6,14,51,48,10,27771908,262,1,152,13499,
218.219,2470.91,51.4394,7.48048,287.585,19.8986,54.0825,1,25,-90,-6,15,50,47,10,27771908,262,1,152,13499,
219.236,2490.7,51.4395,7.48071,287.861,19.8233,54.6301,1,25,-90,-6,15,50,47,10,27771908,262,1,152,13499,
220.228,2510.46,51.4396,7.48095,287.844,20.3349,54.3394,1,25,-88,-6,15,52,49,10,27771908,262,1,152,13499,
221.213,2531.04,51.4397,7.48118,287.99,20.2397,53.9058,1,25,-88,-6,15,52,49,10,27771908,262,1,152,13499,
222.205,2551.28,51.4398,7.48141,287.673,19.9526,51.8939,1,22,-89,-5,15,51,48,10,27771908,262,1,152,13499,
223.214,2570.85,51.4399,7.48163,287.757,20.1084,49.6021,1,22,-89,-5,15,51,48,10,27771908,262,1,152,13499,
224.226,2590.64,51.44,7.48184,287.933,19.7357,49.9388,1,22,-89,-5,15,51,48,10,27771908,262,1,152,13499,
225.215,2611.53,51.4402,7.48205,288.367,20.117,45.9007,1,21,-86,-5,12,54,50,10,27771908,262,1,152,13499,
226.238,2631.15,51.4403,7.48226,288.686,20.238,45.0963,1,21,-86,-5,12,54,50,10,27771908,262,1,152,13499,
227.224,2631.15,51.4363,7.47489,nan,19.9138,44.3606,1,21,-85,-5,15,55,51,10,27771908,262,1,152,13499,
228.233,2631.15,51.4406,7.48265,288.582,20.6879,40.9361,1,21,-85,-5,15,55,51,10,27771908,262,1,152,13499,
229.212,2651.88,51.4407,7.48284,288.296,21.0644,40.6092,1,16,-85,-5,15,55,52,10,27771908,262,1,152,13499,
230.211,2672.33,51.4409,7.48303,287.634,21.0844,40.2619,1,16,-85,-5,15,55,52,10,27771908,262,1,152,13499,
231.236,2692.76,51.441,7.48322,286.539,20.9418,39.1216,1,20,-86,-5,15,54,51,10,27771908,262,1,152,13499,
232.215,2713.78,51.4411,7.48341,285.569,21.185,38.0301,1,20,-86,-5,15,54,51,10,27771908,262,1,152,13499,
233.223,2735.39,51.4413,7.48359,284.839,21.0722,35.7474,1,22,-84,-5,14,56,51,10,27771908,262,1,152,13499,
234.209,2756.26,51.4415,7.48376,284.107,21.031,33.8074,1,22,-84,-5,14,56,51,10,27771908,262,1,152,13499,
235.238,2777.14,51.4416,7.48392,282.869,21.1688,31.6842,1,10,-88,-6,11,52,49,10,27771908,262,1,152,13499,
236.22,2797.34,51.4418,7.48407,281.494,20.7817,30.1492,1,10,-88,-6,11,52,49,10,27771908,262,1,152,13499,
237.211,2816.98,51.4419,7.48422,280.044,20.0686,29.0629,1,3,-85,-7,6,55,50,1,27771909,262,1,151,13499,
238.215,2836.59,51.4421,7.48435,278.676,19.3507,27.2043,1,3,-85,-7,6,55,50,1,27771909,262,1,151,13499,
239.239,2855.61,51.4422,7.48448,277.772,18.9473,26.8398,1,23,-84,-6,15,56,51,1,27771909,262,1,151,13499,
240.219,2875.17,51.4424,7.48461,276.905,19.0377,26.503,1,23,-84,-6,15,56,51,1,27771909,262,1,151,13499,
241.214,2894.61,51.4425,7.48473,276.079,19.5535,25.5878,1,21,-83,-7,15,57,52,1,27771909,262,1,151,13499,
242.223,2913.86,51.4427,7.48485,275.346,19.9881,25.3427,1,21,-83,-7,15,57,52,1,27771909,262,1,151,13499,
243.229,2934.46,51.4429,7.48498,274.41,20.2166,24.9621,1,21,-83,-7,15,57,52,1,27771909,262,1,151,13499,
244.23,2955.2,51.443,7.48511,273.752,20.1189,23.6753,1,31,-74,-5,15,66,63,1,27771909,262,1,151,13499,
245.226,2975.26,51.4432,7.48522,273.149,19.8158,22.8891,1,31,-74,-5,15,66,63,1,27771909,262,1,151,13499,
246.226,2994.75,51.4434,7.48533,272.484,19.3302,22.6806,1,25,-85,-6,15,55,52,1,27771909,262,1,151,13499,
247.226,2994.75,51.4426,7.48378,nan,17.9335,23.0494,1,25,-85,-6,15,55,52,1,27771909,262,1,151,13499,
248.227,2994.75,51.4436,7.48553,270.683,16.4699,22.8107,1,31,-70,-4,15,70,63,1,27771909,262,1,151,13499,
249.209,3011.04,51.4438,7.48561,270.207,15.1786,21.9538,1,31,-70,-4,15,70,63,1,27771909,262,1,151,13499,
250.218,3024.69,51.4439,7.48568,269.9,13.917,22.0265,1,32,-67,-5,15,73,63,1,27771909,262,1,151,13499,
251.211,3039.07,51.444,7.48576,269.498,13.134,21.4447,1,32,-67,-5,15,73,63,1,27771909,262,1,151,13499,
252.239,3051.98,51.4441,7.48583,268.812,12.7458,21.0925,1,32,-66,-5,15,74,63,1,27771909,262,1,151,13499,
253.25,3063.6,51.4442,7.48589,268.217,12.2568,21.4248,1,32,-66,-5,15,74,63,1,27771909,262,1,151,13499,
254.232,3077.61,51.4443,7.48597,267.591,11.4848,22.7649,1,31,-71,-6,2,69,63,1,27771909,262,1,151,13499,
255.236,3089.3,51.4444,7.48604,267.362,11.2766,25.6096,1,31,-71,-6,2,69,63,1,27771909,262,1,151,13499,
256.21,3100.1,51.4445,7.48613,267.138,11.1044,38.4641,1,28,-73,-6,2,67,63,1,27771909,262,1,151,13499,
257.222,3111.7,51.4446,7.48624,267.083,11.0555,40.8996,1,28,-73,-6,2,67,63,1,27771909,262,1,151,13499,
258.228,3122.58,51.4446,7.48637,267.226,11.045,54.6251,1,18,-74,-5,2,66,61,1,27771909,262,1,151,13499,
259.25,3134.17,51.4447,7.48653,267.244,10.9149,68.2437,1,18,-74,-5,2,66,61,1,27771909,262,1,151,13499,
260.239,3144.49,51.4447,7.48667,267.614,10.7106,71.8424,1,29,-78,-5,2,62,58,1,27771909,262,1,151,13499,
261.232,3154.66,51.4447,7.48682,268.093,11.1612,93.6586,1,29,-78,-5,2,62,58,1,27771909,262,1,151,13499,
262.221,3166.12,51.4447,7.48698,268.264,11.3853,97.4225,1,28,-81,-5,2,59,55,1,27771909,262,1,151,13499,
263.211,3178.09,51.4446,7.48713,268.06,11.6869,116.536,1,28,-81,-5,2,59,55,1,27771909,262,1,151,13499,
264.235,3190.15,51.4446,7.48727,267.854,11.9969,129.7,1,28,-81,-5,2,59,55,1,27771909,262,1,151,13499,
265.226,3201.52,51.4445,7.48738,267.58,12.0418,142.903,1,30,-83,-5,2,57,53,1,27771909,262,1,151,13499,
266.234,3213.47,51.4444,7.48746,267.26,11.7335,156.687,1,30,-83,-5,2,57,53,1,27771909,262,1,151,13499,
267.227,3213.47,51.4446,7.48431,nan,11.6724,169.532,1,29,-83,-6,2,57,55,1,27771909,262,1,151,13499,
268.22,3213.47,51.4442,7.48752,266.795,11.7033,173.326,1,29,-83,-6,2,57,55,1,27771909,262,1,151,13499,
269.228,3224.33,51.4441,7.48748,266.841,11.8998,194.561,1,31,-71,-6,2,69,63,1,27771909,262,1,151,13499,
270.227,3235.54,51.444,7.48741,267.002,12.3541,207.407,1,31,-71,-6,2,69,63,1,27771909,262,1,151,13499,
271.227,3246.34,51.4439,7.48731,266.152,12.1819,222.72,1,31,-69,-6,2,71,63,1,27771909,262,1,151,13499,
272.22,3258.78,51.4439,7.48716,265.176,12.2202,236.083,1,31,-69,-6,2,71,63,1,27771909,262,1,151,13499,
273.225,3270.57,51.4438,7.48701,264.09,12.6299,248.675,1,30,-70,-6,2,70,63,1,27771909,262,1,151,13499,
274.221,3283.19,51.4438,7.48683,263.171,12.9375,252.75,1,30,-70,-6,2,70,63,1,27771909,262,1,151,13499,
275.213,3296.1,51.4438,7.48665,262.602,13.4229,267.958,1,28,-76,-6,2,64,61,1,27771909,262,1,151,13499,
276.227,3309.57,51.4438,7.48645,262.205,14.2105,268.221,1,28,-76,-6,2,64,61,1,27771909,262,1,151,13499,
277.233,3323.85,51.4438,7.48625,261.719,15.0572,267.783,1,29,-81,-6,2,59,56,1,27771909,262,1,151,13499,
278.225,3339.47,51.4438,7.48602,261.246,15.9265,267.627,1,29,-81,-6,2,59,56,1,27771909,262,1,151,13499,
279.236,3355.5,51.4438,7.48579,260.757,16.9059,267.641,1,30,-82,-6,2,58,56,1,27771909,262,1,151,13499,
280.217,3373.52,51.4437,7.48553,260.995,18.096,268.148,1,30,-82,-6,2,58,56,1,27771909,262,1,151,13499,
281.225,3393.44,51.4437,7.48524,261.259,17.379,269.92,1,27,-79,-6,2,61,58,1,27771909,262,1,151,13499,
282.226,3410.32,51.4437,7.485,260.965,18.0191,270.731,1,27,-79,-6,2,61,58,1,27771909,262,1,151,13499,
283.216,3430.56,51.4437,7.48471,260.733,19.7703,269.97,1,30,-82,-6,2,58,55,1,27771909,262,1,151,13499,
284.217,3449.23,51.4437,7.48444,260.326,20.3178,269.098,1,30,-82,-6,2,58,55,1,27771909,262,1,151,13499,
285.237,3469.64,51.4437,7.48414,260.132,21.1071,268.339,1,30,-82,-6,2,58,55,1,27771909,262,1,151,13499,
286.226,3490.98,51.4437,7.48384,260.777,21.6511,268.723,1,32,-78,-6,2,62,59,1,27771909,262,1,151,13499,
287.21,3490.98,51.4446,7.48431,nan,22.1651,267.848,1,32,-78,-6,2,62,59,1,27771909,262,1,151,13499,
288.231,3490.98,51.4437,7.48321,261.718,22.6991,267.259,1,29,-72,-5,2,68,63,1,27771909,262,1,151,13499,
289.253,3512.96,51.4437,7.48289,262.204,23.399,267.445,1,29,-72,-5,2,68,63,1,27771909,262,1,151,13499,
290.217,3536.37,51.4437,7.48256,262.325,24.0832,267.447,1,28,-72,-5,2,68,63,1,27771909,262,1,151,13499,
291.239,3560.36,51.4437,7.48221,262.371,24.6888,267.179,1,28,-72,-5,2,68,63,1,27771909,262,1,151,13499,
292.227,3584.79,51.4437,7.48186,262.502,24.4969,266.908,1,20,-82,-5,2,58,54,1,27771909,262,1,151,13499,
293.233,3608.95,51.4437,7.48151,262.575,23.9994,266.404,1,20,-82,-5,2,58,54,1,27771909,262,1,151,13499,
294.225,3632.8,51.4437,7.48117,262.646,23.5888,266.174,1,22,-86,-5,2,54,49,1,27771909,262,1,151,13499,
295.244,3656.17,51.4436,7.48083,262.662,23.3336,265.511,1,22,-86,-5,2,54,49,1,27771909,262,1,151,13499,
296.362,3681.48,51.4436,7.48047,262.789,23.3509,264.636,1,18,-88,-5,2,52,48,1,27771909,262,1,151,13499,
297.216,3705.23,51.4436,7.48013,262.997,22.9505,263.487,1,18,-88,-5,2,52,48,1,27771909,262,1,151,13499,
298.215,3727.48,51.4436,7.47981,263.29,21.9179,262.802,1,22,-90,-5,12,50,46,7,27771909,262,1,151,13499,
299.228,3749.36,51.4435,7.4795,263.512,21.5554,261.621,1,22,-90,-5,12,50,46,7,27771909,262,1,151,13499,
300.218,3770.78,51.4435,7.47919,263.6,21.1262,261.964,1,11,-90,-6,12,50,47,7,27771909,262,1,151,13499,
301.255,3791.74,51.4435,7.47889,263.682,21.2066,262.589,1,11,-90,-6,12,50,47,7,27771909,262,1,151,13499,
302.233,3813.16,51.4434,7.47858,263.617,21.3909,262.607,1,16,-86,-5,14,54,46,7,27771909,262,1,151,13499,
303.217,3834.44,51.4434,7.47828,263.404,21.1766,262.437,1,16,-86,-5,14,54,46,7,27771909,262,1,151,13499,
304.211,3856.18,51.4434,7.47797,263.293,20.9804,262.115,1,35,-84,-5,15,56,51,7,27771909,262,1,151,13499,
305.21,3876.65,51.4434,7.47768,263.088,20.5773,262.415,1,35,-84,-5,15,56,51,7,27771909,262,1,151,13499,
306.222,3896.85,51.4433,7.47739,262.842,20.0248,262.472,1,31,-89,-6,15,51,48,7,27771909,262,1,151,13499,
307.223,3896.85,51.4427,7.48171,nan,19.1513,262.44,1,31,-89,-6,15,51,48,7,27771909,262,1,151,13499,
308.214,3896.85,51.4433,7.47684,262.212,18.754,262.149,1,31,-89,-6,15,51,48,7,27771909,262,1,151,13499,
309.219,3915.01,51.4433,7.47658,261.947,18.5432,261.859,1,15,-85,-6,15,55,51,7,27771909,262,1,151,13499,
310.224,3933.29,51.4432,7.47632,261.401,18.3252,261.25,1,15,-85,-6,15,55,51,7,27771909,262,1,151,13499,
311.231,3950.96,51.4432,7.47606,260.713,18.0899,261.058,1,14,-93,-7,12,47,45,7,27771909,262,1,151,13499,
312.225,3968.88,51.4432,7.47581,259.913,17.8977,260.721,1,14,-93,-7,12,47,45,7,27771909,262,1,151,13499,
313.213,3986.4,51.4432,7.47556,259.252,17.3818,260.665,1,23,-86,-6,15,54,53,7,27771909,262,1,151,13499,
314.242,4003.63,51.4432,7.47531,258.705,16.8208,259.894,1,23,-86,-6,15,54,53,7,27771909,262,1,151,13499,
315.232,4020.5,51.4431,7.47507,258.261,16.4924,259.363,1,17,-88,-6,2,52,48,7,27771909,262,1,151,13499,
316.219,4036.42,51.4431,7.47484,257.65,16.4045,258.65,1,17,-88,-6,2,52,48,7,27771909,262,1,151,13499,
317.227,4052.12,51.4431,7.47462,256.593,16.3539,258.245,1,4,-104,-9,5,36,35,10,27771909,262,1,151,13499,
318.247,4068.19,51.443,7.47439,255.559,16.5919,257.789,1,4,-104,-9,5,36,35,10,27771909,262,1,151,13499,
319.235,4085.22,51.443,7.47415,254.889,17.0079,258.526,1,4,-109,-11,7,31,32,10,27771909,262,1,151,13499,
320.206,4102.35,51.443,7.47391,254.515,17.1823,258.757,1,4,-109,-11,7,31,32,10,27771909,262,1,151,13499,
321.208,4120.17,51.4429,7.47366,254.368,17.2337,258.84,1,-2,-107,-9,6,33,32,31,31281409,262,1,232,13499,
322.21,4137.43,51.4429,7.47341,254.246,17.1107,259.256,1,-2,-107,-9,6,33,32,31,31281409,262,1,232,13499,
323.21,4154.26,51.4429,7.47318,253.808,16.9638,259.202,1,-3,-111,-13,5,29,32,31,31281409,262,1,232,13499,
324.223,4171.47,51.4429,7.47293,253.627,16.7958,259.535,1,-3,-111,-13,5,29,32,31,31281409,262,1,232,13499,
325.222,4188.64,51.4428,7.47269,253.626,16.5802,259.74,1,0,-116,-12,6,24,26,31,31281409,262,1,232,13499,
326.232,4205.45,51.4428,7.47245,253.785,16.4016,259.507,1,0,-116,-12,6,24,26,31,31281409,262,1,232,13499,
327.225,4205.45,51.4441,7.46095,nan,16.3803,258.997,0,0,0,0,0,0,0,0,0,0,0,0,0,
328.23,4205.45,51.4428,7.47199,253.003,16.3892,258.741,0,0,0,0,0,0,0,0,0,0,0,0,0,
329.22,4221.76,51.4427,7.47176,252.342,16.5232,258.564,0,0,0,0,0,0,0,0,0,0,0,0,0,
330.221,4238.01,51.4427,7.47153,251.577,16.9858,258.074,0,0,0,0,0,0,0,0,0,0,0,0,0,
331.225,4254.14,51.4427,7.47131,250.937,17.2781,258.3,0,0,0,0,0,0,0,0,0,0,0,0,0,
332.225,4270.93,51.4426,7.47107,250.169,17.6402,258.16,0,0,0,0,0,0,0,0,0,0,0,0,0,
333.225,4289.09,51.4426,7.47081,249.625,18.1048,257.398,0,0,0,0,0,0,0,0,0,0,0,0,0,
334.236,4306.42,51.4426,7.47057,249.186,18.0044,258.159,0,0,0,0,0,0,0,0,0,0,0,0,0,
335.236,4324.47,51.4425,7.47031,248.874,17.9541,257.72,0,0,0,0,0,0,0,0,0,0,0,0,0,
336.23,4342.11,51.4425,7.47006,248.34,17.8209,258.113,0,0,0,0,0,0,0,0,0,0,0,0,0,
337.241,4360.11,51.4425,7.46981,247.552,18.3309,257.776,0,0,0,0,0,0,0,0,0,0,0,0,0,
338.217,4378.68,51.4424,7.46955,247.1,18.7482,257.924,0,0,0,0,0,0,0,0,0,0,0,0,0,
339.22,4396.79,51.4424,7.46929,246.573,18.7142,257.948,0,0,0,0,0,0,0,0,0,0,0,0,0,
340.219,4415.25,51.4424,7.46903,246.107,18.7165,257.975,0,0,0,0,0,0,0,0,0,0,0,0,0,
341.227,4434.43,51.4423,7.46876,245.847,18.7229,258.619,0,0,0,0,0,0,0,0,0,0,0,0,0,
342.23,4452.66,51.4423,7.4685,245.549,18.4813,259.025,0,0,0,0,0,0,0,0,0,0,0,0,0,
343.225,4470.91,51.4423,7.46824,245.28,18.3311,258.889,0,0,0,0,0,0,0,0,0,0,0,0,0,
344.23,4489.39,51.4422,7.46798,245.034,18.1259,258.718,1,8,-108,-7,6,32,28,27,31281409,262,1,232,13499,
345.226,4506.92,51.4422,7.46773,244.667,17.9396,258.996,1,8,-108,-7,6,32,28,27,31281409,262,1,232,13499,
346.231,4524.78,51.4422,7.46748,244.131,17.7391,259.006,1,9,-107,-8,10,33,32,27,31281409,262,1,232,13499,
347.243,4524.78,51.4441,7.46095,nan,17.5719,259.182,1,9,-107,-8,10,33,32,27,31281409,262,1,232,13499,
348.233,4524.78,51.4421,7.46698,243.147,17.4156,259.434,1,14,-103,-9,8,37,38,27,31281409,262,1,232,13499,
349.235,4541.9,51.4421,7.46674,242.783,17.5322,260.123,1,14,-103,-9,8,37,38,27,31281409,262,1,232,13499,
350.31,4559.26,51.4421,7.46649,242.369,17.8305,260.113,1,14,-100,-8,9,40,39,27,31281409,262,1,232,13499,
351.238,4577.1,51.442,7.46624,241.997,17.6224,260.13,1,14,-100,-8,9,40,39,27,31281409,262,1,232,13499,
352.252,4594.68,51.442,7.46599,241.9,17.3809,260.412,1,15,-100,-7,14,40,38,27,31281409,262,1,232,13499,
353.228,4611.88,51.442,7.46574,241.793,17.2023,260.745,1,15,-100,-7,14,40,38,27,31281409,262,1,232,13499,
354.209,4628.88,51.442,7.4655,241.507,17.1746,260.965,1,12,-101,-7,12,39,37,27,31281409,262,1,232,13499,
355.249,4645.82,51.442,7.46526,241.058,17.1661,261.225,1,12,-101,-7,12,39,37,27,31281409,262,1,232,13499,
356.214,4662.66,51.4419,7.46501,240.655,17.303,261.453,1,9,-100,-6,15,40,37,27,31281409,262,1,232,13499,
357.216,4679.72,51.4419,7.46477,240.081,17.0747,261.999,1,9,-100,-6,15,40,37,27,31281409,262,1,232,13499,
358.23,4696.88,51.4419,7.46453,239.444,17.0615,261.662,1,9,-100,-6,15,40,37,27,31281409,262,1,232,13499,
359.209,4713.63,51.4419,7.46429,238.742,16.9154,262.431,1,13,-102,-7,15,38,36,27,31281409,262,1,232,13499,
360.22,4730.27,51.4418,7.46405,237.918,16.9681,262.445,1,13,-102,-7,15,38,36,27,31281409,262,1,232,13499,
361.223,4746.96,51.4418,7.46381,236.919,17.3452,262.445,1,13,-101,-6,9,39,36,27,31281409,262,1,232,13499,
362.242,4763.54,51.4418,7.46357,235.552,17.2181,262.946,1,13,-101,-6,9,39,36,27,31281409,262,1,232,13499,
363.238,4780.66,51.4418,7.46333,234.481,17.0451,263.185,1,12,-106,-7,8,34,33,27,31281409,262,1,232,13499,
364.224,4797.83,51.4418,7.46308,233.872,17.104,263.821,1,12,-106,-7,8,34,33,27,31281409,262,1,232,13499,
365.234,4815.06,51.4418,7.46283,233.68,17.0854,264.058,1,10,-105,-6,8,35,33,27,31281409,262,1,232,13499,
366.229,4831.77,51.4417,7.46259,233.777,17.001,264.609,1,10,-105,-6,8,35,33,27,31281409,262,1,232,13499,
367.239,4831.77,51.4441,7.46095,nan,17.0327,264.751,1,11,-103,-7,4,37,35,27,31281409,262,1,232,13499,
368.228,4831.77,51.4417,7.46209,234.163,17.0618,264.646,1,11,-103,-7,4,37,35,27,31281409,262,1,232,13499,
369.239,4848.68,51.4417,7.46185,234.737,16.7908,264.758,1,13,-101,-6,2,39,37,27,31281409,262,1,232,13499,
370.235,4865.25,51.4417,7.46161,235.511,16.49,265.443,1,13,-101,-6,2,39,37,27,31281409,262,1,232,13499,
371.223,4881.15,51.4417,7.46138,236.084,16.4441,265.557,1,12,-102,-7,2,38,36,27,31281409,262,1,232,13499,
372.231,4898.12,51.4417,7.46114,236.461,16.6903,265.886,1,12,-102,-7,2,38,36,27,31281409,262,1,232,13499,
373.238,4914.52,51.4417,7.4609,236.849,16.8716,266.048,1,13,-101,-7,2,39,37,27,31281409,262,1,232,13499,
374.25,4930.93,51.4416,7.46067,237.246,16.8926,266.295,1,13,-101,-7,2,39,37,27,31281409,262,1,232,13499,
375.235,4947.79,51.4416,7.46042,237.238,17.0124,266.909,1,10,-101,-6,2,39,36,27,31281409,262,1,232,13499,
376.226,4965.56,51.4416,7.46017,237.16,17.1749,267.337,1,10,-101,-6,2,39,36,27,31281409,262,1,232,13499,
377.21,4982.28,51.4416,7.45993,237.502,17.1786,267.492,1,10,-106,-8,10,34,33,23,31281409,262,1,232,13499,
378.216,4999.65,51.4416,7.45968,238.335,17.1611,267.896,1,10,-106,-8,10,34,33,23,31281409,262,1,232,13499,
379.22,5017.24,51.4416,7.45942,239.177,17.0758,268.33,1,7,-106,-8,9,34,33,23,31281409,262,1,232,13499,
380.217,5034.43,51.4416,7.45917,239.783,17.1108,268.191,1,7,-106,-8,9,34,33,23,31281409,262,1,232,13499,
381.231,5051.8,51.4416,7.45892,240.276,17.0417,268.482,1,7,-106,-8,9,34,33,23,31281409,262,1,232,13499,
382.223,5068.86,51.4416,7.45868,240.516,17.1832,269.275,1,9,-103,-8,7,37,36,23,31281409,262,1,232,13499,
383.227,5085.69,51.4416,7.45843,240.776,17.5046,269.161,1,9,-103,-8,7,37,36,23,31281409,262,1,232,13499,
384.222,5102.51,51.4416,7.45819,240.23,17.7255,269.879,1,12,-104,-8,7,36,36,23,31281409,262,1,232,13499,
385.225,5120.23,51.4416,7.45794,239.633,17.8115,270.237,1,12,-104,-8,7,36,36,23,31281409,262,1,232,13499,
386.206,5137.99,51.4416,7.45768,239.081,17.7197,270.193,1,10,-104,-8,9,36,35,23,31281409,262,1,232,13499,
387.231,5137.99,51.4441,7.46095,nan,17.8679,270.321,1,10,-104,-8,9,36,35,23,31281409,262,1,232,13499,
388.233,5137.99,51.4416,7.45717,237.931,17.9418,270.308,1,10,-105,-8,9,35,34,23,31281409,262,1,232,13499,
389.24,5156.09,51.4416,7.45691,237.499,17.8403,270.473,1,10,-105,-8,9,35,34,23,31281409,262,1,232,13499,
390.264,5173.67,51.4416,7.45666,237.166,17.9086,270.36,1,5,-101,-6,6,39,38,25,27771908,262,1,152,13499,
391.246,5190.86,51.4416,7.45641,236.815,17.6991,270.53,1,5,-101,-6,6,39,38,25,27771908,262,1,152,13499,
392.22,5208.29,51.4416,7.45616,236.175,17.6101,270.707,1,13,-95,-5,12,45,42,25,27771908,262,1,152,13499,
393.23,5226.55,51.4416,7.45589,235.863,17.8948,270.572,1,13,-95,-5,12,45,42,25,27771908,262,1,152,13499,
394.216,5245.03,51.4416,7.45563,235.81,18.1222,270.596,1,10,-97,-6,9,43,42,25,27771908,262,1,152,13499,
395.208,5263.23,51.4416,7.45536,235.481,18.5587,270.877,1,10,-97,-6,9,43,42,25,27771908,262,1,152,13499,
396.231,5281.71,51.4416,7.4551,235.069,18.7403,271.586,1,4,-92,-5,6,48,45,16,33527552,262,1,433,13499,
397.236,5299.27,51.4416,7.45484,234.685,18.3309,272.265,1,4,-92,-5,6,48,45,16,33527552,262,1,433,13499,
398.221,5318.08,51.4416,7.45457,234.343,18.2675,273.037,1,13,-93,-5,14,47,45,16,33527552,262,1,433,13499,
399.225,5336.2,51.4416,7.45431,234.033,18.3002,273.6,1,13,-93,-5,14,47,45,16,33527552,262,1,433,13499,
400.195,5354.77,51.4416,7.45404,233.703,18.5117,274.059,1,31,-86,-6,12,54,51,16,33527552,262,1,433,13499,
401.21,5372.86,51.4417,7.45378,233.332,18.3432,274.202,1,31,-86,-6,12,54,51,16,33527552,262,1,433,13499,
402.228,5391.26,51.4417,7.45352,232.821,18.033,275.008,1,22,-82,-5,14,58,55,16,33527552,262,1,433,13499,
403.224,5408.84,51.4417,7.45326,232.39,18.204,274.975,1,22,-82,-5,14,58,55,16,33527552,262,1,433,13499,
404.209,5427.07,51.4417,7.453,231.93,18.3865,275.137,1,22,-82,-5,14,58,55,16,33527552,262,1,433,13499,
405.238,5445.05,51.4417,7.45274,231.515,18.263,275.452,1,30,-81,-5,14,59,56,16,33527552,262,1,433,13499,
406.218,5463.44,51.4417,7.45248,230.998,18.5261,275.584,1,30,-81,-5,14,59,56,16,33527552,262,1,433,13499,
407.232,5463.44,51.4432,7.44931,nan,18.6481,275.505,1,29,-81,-5,13,59,56,16,33527552,262,1,433,13499,
408.21,5463.44,51.4418,7.45195,230.408,18.6984,275.941,1,29,-81,-5,13,59,56,16,33527552,262,1,433,13499,
409.227,5482.12,51.4418,7.45168,229.97,18.9556,276.549,1,32,-82,-5,13,58,55,16,33527552,262,1,433,13499,
410.221,5501.53,51.4418,7.4514,229.531,19.2418,276.865,1,32,-82,-5,13,58,55,16,33527552,262,1,433,13499,
411.252,5520.84,51.4418,7.45113,229.171,19.4066,277.443,1,35,-84,-5,13,56,54,16,33527552,262,1,433,13499,
412.223,5539.96,51.4419,7.45085,228.942,19.1597,277.501,1,35,-84,-5,13,56,54,16,33527552,262,1,433,13499,
413.231,5559.67,51.4419,7.45057,228.657,19.0013,277.396,1,28,-83,-4,2,57,54,16,33527552,262,1,433,13499,
414.239,5578.25,51.4419,7.4503,228.298,18.9034,277.66,1,28,-83,-4,2,57,54,16,33527552,262,1,433,13499,
415.225,5596.87,51.4419,7.45004,227.967,19.0298,277.683,1,27,-81,-6,2,59,56,16,33527552,262,1,433,13499,
416.209,5615.69,51.442,7.44977,227.583,19.0169,277.757,1,27,-81,-6,2,59,56,16,33527552,262,1,433,13499,
417.209,5634.53,51.442,7.4495,227.235,18.7985,277.957,1,25,-81,-6,2,59,56,16,33527552,262,1,433,13499,
418.226,5653.09,51.442,7.44923,226.886,18.588,278.141,1,25,-81,-6,2,59,56,16,33527552,262,1,433,13499,
419.217,5671.53,51.442,7.44897,226.56,18.7383,278.204,1,30,-81,-6,2,59,56,16,33527552,262,1,433,13499,
420.212,5690.36,51.4421,7.4487,226.302,19.037,278.478,1,30,-81,-6,2,59,56,16,33527552,262,1,433,13499,
421.229,5709.71,51.4421,7.44843,226.187,19.4797,279.44,1,29,-80,-6,2,60,57,16,33527552,262,1,433,13499,
422.228,5729.18,51.4421,7.44815,226.075,19.7528,279.893,1,29,-80,-6,2,60,57,16,33527552,262,1,433,13499,
423.214,5748.8,51.4421,7.44787,226.074,19.918,280.43,1,29,-79,-5,2,61,58,16,33527552,262,1,433,13499,
424.239,5768.56,51.4422,7.44759,226.26,19.659,280.784,1,29,-79,-5,2,61,58,16,33527552,262,1,433,13499,
425.229,5788.28,51.4422,7.44731,226.528,19.5742,280.754,1,29,-77,-5,2,63,59,16,33527552,262,1,433,13499,
426.246,5807.18,51.4422,7.44704,226.899,19.3225,281.407,1,29,-77,-5,2,63,59,16,33527552,262,1,433,13499,
427.224,5807.18,51.4432,7.44931,nan,19.2528,281.688,1,30,-77,-5,2,63,58,16,33527552,262,1,433,13499,
428.239,5807.18,51.4423,7.4465,227.17,19.5155,282.129,1,30,-77,-5,2,63,58,16,33527552,262,1,433,13499,
429.211,5826.71,51.4424,7.44622,227.169,19.8093,282.43,1,31,-78,-5,2,62,58,16,33527552,262,1,433,13499,
430.221,5846.6,51.4424,7.44594,227.068,20.0915,281.892,1,31,-78,-5,2,62,58,16,33527552,262,1,433,13499,
431.21,5866.72,51.4424,7.44566,226.931,20.2729,281.869,1,29,-77,-5,2,63,59,16,33527552,262,1,433,13499,
432.228,5887.19,51.4425,7.44537,226.901,20.4193,282.761,1,29,-77,-5,2,63,59,16,33527552,262,1,433,13499,
433.234,5907.51,51.4425,7.44508,226.893,20.2278,283.223,1,29,-77,-5,2,63,59,16,33527552,262,1,433,13499,
434.209,5927.48,51.4426,7.4448,226.825,19.9527,283.117,1,32,-74,-5,2,66,62,16,33527552,262,1,433,13499,
435.219,5946.95,51.4426,7.44453,226.639,19.7008,283.661,1,32,-74,-5,2,66,62,16,33527552,262,1,433,13499,
436.218,5966.43,51.4426,7.44426,226.471,19.5983,283.568,1,31,-74,-5,2,66,62,16,33527552,262,1,433,13499,
437.226,5985.89,51.4427,7.44398,226.232,19.5257,283.978,1,31,-74,-5,2,66,62,16,33527552,262,1,433,13499,
438.209,6005.39,51.4427,7.44371,226.054,19.5576,283.22,1,32,-70,-5,2,70,63,16,33527552,262,1,433,13499,
439.229,6024.83,51.4428,7.44344,225.933,19.4235,283.719,1,32,-70,-5,2,70,63,16,33527552,262,1,433,13499,
440.222,6044.2,51.4428,7.44317,225.824,19.6982,284.883,1,31,-69,-4,2,71,63,16,33527552,262,1,433,13499,
441.378,6064.13,51.4428,7.44289,225.604,19.9153,285.309,1,31,-69,-4,2,71,63,16,33527552,262,1,433,13499,
442.215,6084.01,51.4429,7.44261,225.261,20.075,285.469,1,30,-67,-4,14,73,63,4,33527552,262,1,433,13499,
443.221,6104.36,51.4429,7.44233,225.04,20.4617,285.442,1,30,-67,-4,14,73,63,4,33527552,262,1,433,13499,
444.227,6124.56,51.443,7.44205,224.936,20.5834,285.798,1,30,-69,-5,15,71,63,4,33527552,262,1,433,13499,
445.218,6145.34,51.443,7.44176,224.7,20.8707,286.385,1,30,-69,-5,15,71,63,4,33527552,262,1,433,13499,
446.223,6166.14,51.4431,7.44147,224.454,21.095,286.428,1,31,-70,-5,15,70,63,4,33527552,262,1,433,13499,
447.223,6166.14,51.4432,7.44931,nan,20.8958,287.337,1,31,-70,-5,15,70,63,4,33527552,262,1,433,13499,
448.232,6166.14,51.4432,7.4409,224.53,20.8375,287.2,1,24,-75,-6,15,65,63,4,33527552,262,1,433,13499,
449.217,6186.66,51.4433,7.44062,224.63,20.7845,287.419,1,24,-75,-6,15,65,63,4,33527552,262,1,433,13499,
450.213,6207.1,51.4433,7.44034,224.687,20.6092,287.907,1,12,-84,-6,12,56,54,4,33527552,262,1,433,13499,
451.213,6227.93,51.4434,7.44005,224.358,20.7493,287.919,1,12,-84,-6,12,56,54,4,33527552,262,1,433,13499,
452.233,6248.51,51.4434,7.43977,224.239,20.7508,288.469,1,12,-84,-6,12,56,54,4,33527552,262,1,433,13499,
453.215,6269.49,51.4435,7.43949,224.071,20.9743,288.766,1,27,-80,-5,11,60,59,4,33527552,262,1,433,13499,
454.223,6290.67,51.4436,7.4392,223.776,21.4049,288.968,1,27,-80,-5,11,60,59,4,33527552,262,1,433,13499,
455.227,6312.32,51.4436,7.43891,223.168,21.3371,289.535,1,20,-72,-5,15,68,63,4,33527552,262,1,433,13499,
456.209,6333.89,51.4437,7.43862,222.462,21.319,289.975,1,20,-72,-5,15,68,63,4,33527552,262,1,433,13499,
457.235,6355.31,51.4438,7.43833,221.693,21.3874,290.192,1,18,-82,-7,13,58,56,4,33527552,262,1,433,13499,
458.248,6376.65,51.4439,7.43804,221.029,21.4249,290.121,1,18,-82,-7,13,58,56,4,33527552,262,1,433,13499,
459.231,6397.91,51.4439,7.43775,220.437,21.2783,290.686,1,25,-78,-5,10,62,61,4,33527552,262,1,433,13499,
460.226,6418.97,51.444,7.43747,219.95,21.1859,291.126,1,25,-78,-5,10,62,61,4,33527552,262,1,433,13499,
461.229,6439.43,51.4441,7.4372,219.366,21.1477,291.5,1,20,-80,-6,2,60,58,4,33527554,262,1,434,13499,
462.229,6461.06,51.4441,7.43691,218.855,21.2257,291.722,1,20,-80,-6,2,60,58,4,33527554,262,1,434,13499,
463.232,6482.55,51.4442,7.43662,218.268,21.5788,292.041,1,22,-80,-6,2,60,58,4,33527554,262,1,434,13499,
464.218,6503.32,51.4443,7.43634,217.493,21.3969,292.548,1,22,-80,-6,2,60,58,4,33527554,262,1,434,13499,
465.216,6525.16,51.4444,7.43605,216.745,21.5167,292.845,1,24,-79,-6,2,61,58,4,33527554,262,1,434,13499,
466.236,6546.39,51.4444,7.43577,216.171,21.4723,292.737,1,24,-79,-6,2,61,58,4,33527554,262,1,434,13499,
467.236,6546.39,51.4483,7.43127,nan,21.3411,293.612,1,22,-81,-6,2,59,57,4,33527554,262,1,434,13499,
468.217,6546.39,51.4446,7.4352,214.723,21.3006,294.114,1,22,-81,-6,2,59,57,4,33527554,262,1,434,13499,
469.209,6567.13,51.4447,7.43493,213.438,21.155,294.555,1,24,-83,-5,2,57,54,4,33527554,262,1,434,13499,
470.218,6587.87,51.4447,7.43465,212.25,20.934,294.987,1,24,-83,-5,2,57,54,4,33527554,262,1,434,13499,
471.215,6608.78,51.4448,7.43438,211.102,20.8563,295.883,1,17,-83,-5,2,57,54,4,33527554,262,1,434,13499,
472.247,6629.23,51.4449,7.43411,210.122,20.7194,296.224,1,17,-83,-5,2,57,54,4,33527554,262,1,434,13499,
473.23,6650.36,51.445,7.43384,209.176,20.79,297.09,1,27,-83,-5,2,57,53,4,33527554,262,1,434,13499,
474.231,6671.19,51.4451,7.43357,208.478,20.6566,297.574,1,27,-83,-5,2,57,53,4,33527554,262,1,434,13499,
475.235,6692.33,51.4451,7.4333,207.731,20.6228,299.009,1,27,-83,-5,2,57,53,4,33527554,262,1,434,13499,
476.231,6712.42,51.4452,7.43305,206.98,20.387,299.714,1,23,-84,-5,2,56,52,4,33527554,262,1,434,13499,
477.241,6732.59,51.4453,7.43279,206.237,20.3877,299.546,1,23,-84,-5,2,56,52,4,33527554,262,1,434,13499,
478.246,6752.07,51.4454,7.43255,205.31,20.3626,300.286,1,22,-84,-5,2,56,52,4,33527554,262,1,434,13499,
479.229,6772.51,51.4455,7.4323,204.244,20.8082,301.418,1,22,-84,-5,2,56,52,4,33527554,262,1,434,13499,
480.23,6793.23,51.4456,7.43204,203.23,20.8673,302.291,1,20,-84,-5,2,56,51,4,33527554,262,1,434,13499,
481.214,6813.71,51.4457,7.43179,202.249,20.8803,303.403,1,20,-84,-5,2,56,51,4,33527554,262,1,434,13499,
482.239,6834.23,51.4458,7.43154,201.103,20.7769,303.392,1,17,-85,-6,2,55,50,4,33527554,262,1,434,13499,
483.209,6855.32,51.4459,7.4313,199.592,21.4246,306.63,1,17,-85,-6,2,55,50,4,33527554,262,1,434,13499,
484.218,6876.17,51.446,7.43106,197.942,21.3909,308.308,1,22,-86,-6,2,54,50,4,33527554,262,1,434,13499,
485.231,6897.28,51.4461,7.43082,196.355,21.2611,308.553,1,22,-86,-6,2,54,50,4,33527554,262,1,434,13499,
486.224,6917.88,51.4463,7.43058,194.939,21.278,308.041,1,25,-85,-5,2,55,52,4,33527554,262,1,434,13499,
487.225,6917.88,51.4483,7.43127,nan,21.263,308.831,1,25,-85,-5,2,55,52,4,33527554,262,1,434,13499,
488.219,6917.88,51.4465,7.43009,192.945,21.7455,309.918,1,25,-83,-6,2,57,54,4,33527554,262,1,434,13499,
489.242,6940.08,51.4466,7.42984,192.242,21.7431,310.582,1,25,-83,-6,2,57,54,4,33527554,262,1,434,13499,
490.219,6961.47,51.4467,7.42961,191.734,21.712,311.54,1,28,-83,-6,2,57,54,4,33527554,262,1,434,13499,
491.215,6983,51.4469,7.42938,191.338,21.7508,312.14,1,28,-83,-6,2,57,54,4,33527554,262,1,434,13499,
492.226,7004.58,51.447,7.42916,190.825,21.8687,313.167,1,20,-82,-5,2,58,55,4,33527554,262,1,434,13499,
493.234,7026.12,51.4471,7.42894,190.178,21.9587,313.909,1,20,-82,-5,2,58,55,4,33527554,262,1,434,13499,
494.219,7048.05,51.4473,7.42871,189.567,22.1302,314.602,1,15,-85,-6,2,55,51,4,33527554,262,1,434,13499,
495.224,7070.09,51.4474,7.42849,188.959,22.174,315.732,1,15,-85,-6,2,55,51,4,33527554,262,1,434,13499,
496.233,7092.72,51.4476,7.42827,188.742,22.2684,316.551,1,4,-85,-6,2,55,51,4,33527554,262,1,434,13499,
497.228,7115.36,51.4477,7.42805,188.584,22.6726,317.838,1,4,-85,-6,2,55,51,4,33527554,262,1,434,13499,
498.233,7137.93,51.4479,7.42784,188.413,22.7458,318.226,1,-3,-88,-7,2,52,49,4,33527554,262,1,434,13499,
499.233,7160.88,51.448,7.42762,187.993,22.9307,319.059,1,-3,-88,-7,2,52,49,4,33527554,262,1,434,13499,
500.227,7183.73,51.4482,7.42742,187.43,22.9344,320.194,1,-3,-88,-7,2,52,49,4,33527554,262,1,434,13499,
501.209,7206.06,51.4484,7.42722,186.861,23.0039,321.646,1,-3,-90,-9,2,50,50,4,33527554,262,1,434,13499,
502.214,7229.41,51.4485,7.42702,186.185,23.2432,323.043,1,-3,-90,-9,2,50,50,4,33527554,262,1,434,13499,
503.217,7252.75,51.4487,7.42682,185.437,23.3169,323.476,1,4,-91,-9,2,49,50,4,33527554,262,1,434,13499,
504.211,7275.83,51.4489,7.42663,184.753,23.2676,324.438,1,4,-91,-9,2,49,50,4,33527554,262,1,434,13499,
505.23,7298.82,51.449,7.42645,184.096,23.2124,325.985,1,19,-92,-9,2,48,48,4,33527554,262,1,434,13499,
506.217,7321.72,51.4492,7.42626,183.421,23.167,326.765,1,19,-92,-9,2,48,48,4,33527554,262,1,434,13499,
507.228,7321.72,51.4483,7.43127,nan,23.2748,327.289,1,22,-95,-8,2,45,44,4,33527554,262,1,434,13499,
508.227,7321.72,51.4496,7.42592,181.976,23.2576,328.848,1,22,-95,-8,2,45,44,4,33527554,262,1,434,13499,
509.336,7344.42,51.4497,7.42575,181.304,23.2253,329.751,1,7,-96,-8,2,44,43,4,33527554,262,1,434,13499,
510.244,7366.66,51.4499,7.42559,180.027,23.2186,330.124,1,7,-96,-8,2,44,43,4,33527554,262,1,434,13499,
511.228,7389.19,51.4501,7.42543,178.471,23.266,331.245,1,7,-95,-7,11,45,43,14,33527554,262,1,434,13499,
512.219,7412.15,51.4503,7.42528,176.787,23.3593,332.362,1,7,-95,-7,11,45,43,14,33527554,262,1,434,13499,
513.226,7434.93,51.4505,7.42513,175.842,23.318,333.148,1,5,-99,-8,9,41,41,14,33527554,262,1,434,13499,
514.249,7459.55,51.4507,7.42497,175.074,23.3443,334.158,1,5,-99,-8,9,41,41,14,33527554,262,1,434,13499,
515.222,7483.68,51.4509,7.42482,174.445,23.4352,334.695,1,2,-100,-10,7,40,41,14,33527554,262,1,434,13499,
516.222,7506.99,51.451,7.42469,173.86,23.4506,336.621,1,2,-100,-10,7,40,41,14,33527554,262,1,434,13499,
517.228,7530.71,51.4512,7.42456,173.249,23.4762,337.569,1,1,-105,-12,7,35,39,14,33527554,262,1,434,13499,
518.22,7554.62,51.4514,7.42444,172.59,23.4916,338.442,1,1,-105,-12,7,35,39,14,33527554,262,1,434,13499,
519.21,7577.75,51.4516,7.42432,171.993,23.3758,338.739,1,2,-104,-9,9,36,35,37,29568770,262,1,414,13499,
520.231,7601.67,51.4518,7.42421,171.031,23.2759,339.747,1,2,-104,-9,9,36,35,37,29568770,262,1,414,13499,
521.231,7624.73,51.452,7.4241,170.123,23.002,340.454,1,2,-104,-9,9,36,35,37,29568770,262,1,414,13499,
522.243,7647.5,51.4522,7.42399,169.332,22.9793,341.223,1,2,-99,-8,8,41,42,45,28365057,262,1,224,13499,
523.212,7670.88,51.4524,7.42388,168.568,22.8282,341.74,1,2,-99,-8,8,41,42,45,28365057,262,1,224,13499,
524.214,7693.54,51.4526,7.42379,167.816,22.4118,342.291,1,-2,-96,-10,6,44,46,20,27770883,262,1,125,13499,
525.231,7715.71,51.4528,7.4237,167.075,22.1715,342.792,1,-2,-96,-10,6,44,46,20,27770883,262,1,125,13499,
526.241,7738.01,51.453,7.4236,166.538,22.0999,343.132,1,0,-95,-8,9,45,46,20,27770883,262,1,125,13499,
527.214,7738.01,51.4605,7.41596,nan,21.975,343.791,1,0,-95,-8,9,45,46,20,27770883,262,1,125,13499,
528.234,7738.01,51.4534,7.42343,165.402,21.7457,343.484,1,1,-95,-9,8,45,46,20,27770883,262,1,125,13499,
529.232,7759.33,51.4536,7.42335,164.685,21.5647,343.894,1,1,-95,-9,8,45,46,20,27770883,262,1,125,13499,
530.235,7780.41,51.4538,7.42327,164.014,21.3831,343.941,1,0,-99,-11,6,41,43,20,27770883,262,1,125,13499,
531.228,7801.86,51.4539,7.42318,163.283,21.2592,343.894,1,0,-99,-11,6,41,43,20,27770883,262,1,125,13499,
532.217,7822.89,51.4541,7.4231,162.557,21.1304,343.65,1,4,-95,-8,6,45,45,20,27770883,262,1,125,13499,
533.239,7844.11,51.4543,7.42302,161.883,21.0099,343.838,1,4,-95,-8,6,45,45,20,27770883,262,1,125,13499,
534.228,7864.78,51.4545,7.42294,161.122,20.7903,343.712,1,9,-96,-8,10,44,43,20,27770883,262,1,125,13499,
535.221,7886.28,51.4547,7.42285,160.543,20.701,343.531,1,9,-96,-8,10,44,43,20,27770883,262,1,125,13499,
536.227,7906.62,51.4549,7.42278,159.888,20.789,343.139,1,3,-94,-7,6,46,45,50,29908736,262,1,196,13499,
537.235,7927.56,51.455,7.4227,159.107,20.9852,343.056,1,3,-94,-7,6,46,45,50,29908736,262,1,196,13499,
538.223,7948.8,51.4552,7.42261,158.391,21.2529,342.685,1,6,-92,-8,6,48,48,16,27770883,262,1,125,13499,
539.224,7970.05,51.4554,7.42252,157.801,21.2834,342.583,1,6,-92,-8,6,48,48,16,27770883,262,1,125,13499,
540.214,7991.47,51.4556,7.42243,157.305,21.2247,342.535,1,4,-90,-6,6,50,47,34,29568770,262,1,414,13499,
541.232,8012.69,51.4558,7.42234,156.87,21.2804,342.306,1,4,-90,-6,6,50,47,34,29568770,262,1,414,13499,
542.227,8034.23,51.4559,7.42224,156.521,21.4143,341.722,1,1,-94,-11,6,46,48,13,27770883,262,1,125,13499,
543.214,8055.8,51.4561,7.42214,156.186,21.4312,341.302,1,1,-94,-11,6,46,48,13,27770883,262,1,125,13499,
544.228,8076.84,51.4563,7.42204,155.78,21.3212,340.168,1,7,-89,-6,10,51,48,13,27770883,262,1,125,13499,
545.228,8097.83,51.4565,7.42193,155.369,21.2734,340.124,1,7,-89,-6,10,51,48,13,27770883,262,1,125,13499,
546.236,8118.86,51.4567,7.42182,154.987,21.0191,339.028,1,2,-91,-8,8,49,48,13,27770883,262,1,125,13499,
547.219,8118.86,51.4605,7.41596,nan,20.765,338.233,1,2,-91,-8,8,49,48,13,27770883,262,1,125,13499,
548.226,8118.86,51.457,7.42159,155.128,20.6624,337.826,1,12,-89,-6,8,51,49,13,27770883,262,1,125,13499,
549.224,8139.52,51.4572,7.42147,155.364,20.6858,337.071,1,12,-89,-6,8,51,49,13,27770883,262,1,125,13499,
550.227,8160.21,51.4574,7.42135,155.41,20.7664,336.66,1,12,-89,-6,8,51,49,13,27770883,262,1,125,13499,
551.228,8180.98,51.4575,7.42123,155.376,20.846,335.627,1,1,-88,-6,7,52,49,13,27770883,262,1,125,13499,
552.214,8201.87,51.4577,7.4211,155.22,20.5913,335.255,1,1,-88,-6,7,52,49,13,27770883,262,1,125,13499,
553.21,8222.51,51.4579,7.42098,154.895,20.4679,334.486,1,8,-87,-5,9,53,50,13,27770883,262,1,125,13499,
554.234,8243.08,51.458,7.42085,154.539,20.7512,333.974,1,8,-87,-5,9,53,50,13,27770883,262,1,125,13499,
555.227,8263.47,51.4582,7.42072,154.442,20.8094,333.914,1,11,-83,-4,14,57,53,13,27770883,262,1,125,13499,
556.226,8284.04,51.4584,7.42058,154.588,21.4946,333.346,1,11,-83,-4,14,57,53,13,27770883,262,1,125,13499,
557.213,8306.01,51.4585,7.42044,154.609,21.972,332.88,1,9,-87,-6,2,53,50,13,27770883,262,1,125,13499,
558.234,8327.8,51.4587,7.42029,154.606,22.2418,331.776,1,9,-87,-6,2,53,50,13,27770883,262,1,125,13499,
559.234,8349.93,51.4589,7.42013,154.578,22.5522,330.676,1,17,-86,-7,2,54,52,13,27770883,262,1,125,13499,
560.236,8372.55,51.4591,7.41997,154.547,22.841,330.981,1,17,-86,-7,2,54,52,13,27770883,262,1,125,13499,
561.23,8396.09,51.4592,7.41981,154.38,23.5373,329.981,1,18,-84,-6,2,56,55,13,27770883,262,1,125,13499,
562.231,8418.91,51.4594,7.41964,154.188,23.9122,328.839,1,18,-84,-6,2,56,55,13,27770883,262,1,125,13499,
563.222,8442.3,51.4596,7.41947,153.945,24.3234,328.431,1,18,-81,-6,2,59,56,13,27770883,262,1,125,13499,
564.302,8465.87,51.4598,7.41928,153.576,24.5964,327.504,1,18,-81,-6,2,59,56,13,27770883,262,1,125,13499,
565.233,8491.15,51.46,7.41909,153.228,24.8884,326.946,1,6,-82,-6,8,58,55,9,27770883,262,1,125,13499,
566.226,8516.91,51.4602,7.41888,153.102,25.0169,326.069,1,6,-82,-6,8,58,55,9,27770883,262,1,125,13499,
567.227,8516.91,51.4605,7.41596,nan,25.1581,325.516,1,19,-77,-4,15,63,59,9,27770883,262,1,125,13499,
568.226,8516.91,51.4605,7.41846,153.659,25.2048,324.626,1,19,-77,-4,15,63,59,9,27770883,262,1,125,13499,
569.24,8542.13,51.4607,7.41825,153.953,25.3303,323.824,1,14,-78,-5,9,62,58,9,27770883,262,1,125,13499,
570.228,8567.01,51.4609,7.41804,153.988,25.4557,323.7,1,14,-78,-5,9,62,58,9,27770883,262,1,125,13499,
571.232,8592.43,51.4611,7.41782,153.902,25.6931,323.034,1,14,-78,-5,9,62,58,9,27770883,262,1,125,13499,
572.225,8618.03,51.4613,7.41759,153.76,25.7895,322.488,1,12,-77,-6,8,63,59,9,27770883,262,1,125,13499,
573.21,8644.96,51.4615,7.41736,153.709,25.9475,322.309,1,12,-77,-6,8,63,59,9,27770883,262,1,125,13499,
574.225,8671.43,51.4616,7.41712,153.782,26.0841,320.946,1,17,-77,-5,11,63,59,9,27770883,262,1,125,13499,
575.246,8696.98,51.4618,7.41689,153.906,26.1236,320.113,1,17,-77,-5,11,63,59,9,27770883,262,1,125,13499,
576.237,8722.72,51.462,7.41665,154.133,26.1088,319.671,1,28,-74,-4,15,66,62,9,27770883,262,1,125,13499,
577.209,8748.27,51.4622,7.4164,154.298,26.3279,318.627,1,28,-74,-4,15,66,62,9,27770883,262,1,125,13499,
578.215,8774.95,51.4623,7.41614,154.295,26.4523,317.59,1,22,-75,-5,14,65,63,9,27770883,262,1,125,13499,
579.231,8801.65,51.4625,7.41588,154.241,26.5169,316.696,1,22,-75,-5,14,65,63,9,27770883,262,1,125,13499,
580.216,8828.02,51.4627,7.41561,154.15,26.6419,316.004,1,20,-74,-4,10,66,62,9,27770883,262,1,125,13499,
581.235,8854.51,51.4629,7.41535,154.046,26.7946,315.237,1,20,-74,-4,10,66,62,9,27770883,262,1,125,13499,
582.237,8881.49,51.463,7.41507,153.92,26.9171,314.382,1,21,-73,-5,2,67,62,9,27770883,262,1,125,13499,
583.218,8908.15,51.4632,7.4148,153.518,27.0486,313.723,1,21,-73,-5,2,67,62,9,27770883,262,1,125,13499,
584.226,8935.24,51.4634,7.41451,153.328,27.2063,313.162,1,10,-75,-5,2,65,63,9,27770883,262,1,125,13499,
585.227,8962.61,51.4635,7.41422,153.233,27.3559,312.104,1,10,-75,-5,2,65,63,9,27770883,262,1,125,13499,
586.215,8990.07,51.4637,7.41392,153.061,27.3846,311.422,1,12,-77,-5,2,63,60,9,27770883,262,1,125,13499,
587.213,8990.07,51.4605,7.41596,nan,27.5616,310.915,1,12,-77,-5,2,63,60,9,27770883,262,1,125,13499,
588.235,8990.07,51.464,7.41331,152.694,27.6394,310.757,1,11,-84,-7,2,56,55,9,27770883,262,1,125,13499,
589.226,9017.47,51.4642,7.41301,152.507,27.507,309.773,1,11,-84,-7,2,56,55,9,27770883,262,1,125,13499,
590.22,9045.4,51.4643,7.41269,152.488,27.2522,309.533,1,23,-81,-7,2,59,57,9,27770883,262,1,125,13499,
591.232,9072.64,51.4645,7.41238,152.667,26.8202,308.438,1,23,-81,-7,2,59,57,9,27770883,262,1,125,13499,
592.235,9099.32,51.4646,7.41208,153.004,26.408,308.93,1,17,-78,-7,2,62,60,9,27770883,262,1,125,13499,
593.221,9125.47,51.4648,7.41179,153.282,26.1231,308.63,1,17,-78,-7,2,62,60,9,27770883,262,1,125,13499,
594.235,9151.33,51.4649,7.41149,153.5,25.7416,308.342,1,2,-84,-8,2,56,55,9,27770883,262,1,125,13499,
595.217,9177.07,51.4651,7.4112,153.797,25.5557,308.662,1,2,-84,-8,2,56,55,9,27770883,262,1,125,13499,
596.242,9202.58,51.4652,7.41091,154.037,25.5661,308.469,1,2,-84,-8,2,56,55,9,27770883,262,1,125,13499,
597.219,9228.02,51.4654,7.41063,154.219,25.6957,307.984,1,8,-95,-8,2,45,43,9,27770885,262,1,124,13499,
598.227,9253.7,51.4655,7.41033,154.363,25.847,307.769,1,8,-95,-8,2,45,43,9,27770885,262,1,124,13499,
599.226,9279.61,51.4656,7.41004,154.501,25.8561,307.508,1,13,-95,-8,2,45,43,9,27770885,262,1,124,13499,
600.224,9305.24,51.4658,7.40975,154.63,25.7903,307.746,1,13,-95,-8,2,45,43,9,27770885,262,1,124,13499,
601.183,9330.71,51.4659,7.40946,154.658,25.0901,307.699,1,18,-87,-6,2,53,49,9,27770885,262,1,124,13499,
602.209,9355.39,51.4661,7.40918,154.764,24.5835,308.033,1,18,-87,-6,2,53,49,9,27770885,262,1,124,13499,
603.235,9379.41,51.4662,7.40891,154.779,23.6175,308.011,1,7,-86,-6,2,54,50,9,27770885,262,1,124,13499,
604.258,9402.17,51.4663,7.40866,155.296,22.2586,308.027,1,7,-86,-6,2,54,50,9,27770885,262,1,124,13499,
605.268,9424.22,51.4665,7.40841,155.853,21.8957,308.37,1,8,-85,-6,2,55,52,9,27770885,262,1,124,13499,
606.262,9445.99,51.4666,7.40817,156.439,21.7414,308.539,1,8,-85,-6,2,55,52,9,27770885,262,1,124,13499,
607.25,9445.99,51.4657,7.40638,nan,21.7299,308.753,1,12,-87,-7,2,53,51,9,27770885,262,1,124,13499,
608.272,9445.99,51.4668,7.40768,157.755,21.6947,308.632,1,12,-87,-7,2,53,51,9,27770885,262,1,124,13499,
609.252,9467.58,51.4669,7.40744,158.115,21.6819,308.864,1,16,-90,-7,2,50,48,9,27770885,262,1,124,13499,
610.259,9489.39,51.4671,7.4072,158.473,21.8751,309.047,1,16,-90,-7,2,50,48,9,27770885,262,1,124,13499,
611.273,9511.01,51.4672,7.40696,158.551,22.0379,309.581,1,16,-84,-6,2,56,52,9,27770885,262,1,124,13499,
612.252,9533.06,51.4673,7.40672,158.479,22.3377,309.954,1,16,-84,-6,2,56,52,9,27770885,262,1,124,13499,
613.208,9556.28,51.4675,7.40646,158.345,22.603,309.886,1,9,-81,-5,2,59,53,9,27770885,262,1,124,13499,
614.234,9579.28,51.4676,7.40621,158.492,22.9647,309.923,1,9,-81,-5,2,59,53,9,27770885,262,1,124,13499,
615.21,9602.41,51.4677,7.40596,158.828,22.9943,310.713,1,15,-81,-6,2,59,53,9,27770885,262,1,124,13499,
616.249,9625.41,51.4679,7.4057,159.191,22.9813,311.327,1,15,-81,-6,2,59,53,9,27770885,262,1,124,13499,
617.238,9648.12,51.468,7.40546,159.59,23.1335,311.159,1,7,-83,-6,2,57,51,9,27770885,262,1,124,13499,
618.233,9670.55,51.4681,7.40521,160.025,23.2612,311.542,1,7,-83,-6,2,57,51,9,27770885,262,1,124,13499,
619.234,9693.73,51.4683,7.40496,160.287,23.3831,311.749,1,7,-83,-6,2,57,51,9,27770885,262,1,124,13499,
620.216,9716.92,51.4684,7.40471,160.564,23.3381,311.765,1,13,-83,-6,2,57,52,9,27770885,262,1,124,13499,
621.209,9740.48,51.4686,7.40446,161.081,23.3168,312.242,1,13,-83,-6,2,57,52,9,27770885,262,1,124,13499,
622.216,9764.05,51.4687,7.4042,161.295,23.4847,312.251,1,4,-84,-7,2,56,53,9,27770885,262,1,124,13499,
623.232,9787.65,51.4688,7.40395,161.443,23.7556,312.466,1,4,-84,-7,2,56,53,9,27770885,262,1,124,13499,
624.214,9811.46,51.469,7.40369,161.573,23.9516,312.634,1,14,-84,-7,2,56,54,9,27771140,262,1,289,13499,
625.209,9835.33,51.4691,7.40344,161.879,24.3413,313.106,1,14,-84,-7,2,56,54,9,27771140,262,1,289,13499,
626.216,9859.9,51.4693,7.40318,162.451,24.3959,313.261,1,15,-85,-7,2,55,54,9,27771140,262,1,289,13499,
627.218,9859.9,51.4697,7.39987,nan,24.2943,313.829,1,15,-85,-7,2,55,54,9,27771140,262,1,289,13499,
628.214,9859.9,51.4696,7.40268,162.72,23.8914,314.327,1,16,-85,-7,2,55,53,9,27771140,262,1,289,13499,
629.256,9884.54,51.4697,7.40242,162.743,23.8333,314.967,1,16,-85,-7,2,55,53,9,27771140,262,1,289,13499,
630.239,9907.99,51.4699,7.40218,162.939,23.7962,314.853,1,15,-85,-6,12,55,53,17,27771140,262,1,289,13499,
631.221,9931.2,51.47,7.40194,162.976,23.7561,314.549,1,15,-85,-6,12,55,53,17,27771140,262,1,289,13499,
632.237,9955.09,51.4702,7.4017,163.041,23.6597,315.434,1,25,-86,-6,14,54,53,17,27771140,262,1,289,13499,
633.214,9979.03,51.4703,7.40146,163.204,23.6047,315.679,1,25,-86,-6,14,54,53,17,27771140,262,1,289,13499,
634.225,10002.7,51.4705,7.40122,163.436,23.5808,315.754,1,32,-85,-6,15,55,53,17,27771140,262,1,289,13499,
635.226,10026.3,51.4706,7.40098,163.788,23.5307,316.311,1,32,-85,-6,15,55,53,17,27771140,262,1,289,13499,
636.223,10050.1,51.4708,7.40075,164.1,23.5463,316.489,1,22,-85,-5,11,55,53,17,27771140,262,1,289,13499,
637.23,10073.6,51.471,7.40052,164.256,23.6617,316.782,1,22,-85,-5,11,55,53,17,27771140,262,1,289,13499,
638.198,10096.9,51.4711,7.40029,164.256,23.6769,317.356,1,18,-85,-6,14,55,52,17,27771140,262,1,289,13499,
639.232,10120.4,51.4713,7.40005,164.228,23.6567,317.298,1,18,-85,-6,14,55,52,17,27771140,262,1,289,13499,
640.238,10143.9,51.4714,7.39982,164.209,23.7287,317.312,1,29,-86,-6,13,54,52,17,27771140,262,1,289,13499,
641.237,10167.8,51.4716,7.39959,164.253,23.8696,317.193,1,29,-86,-6,13,54,52,17,27771140,262,1,289,13499,
642.213,10192.2,51.4717,7.39935,164.231,24.2661,317.875,1,15,-86,-5,13,54,51,17,27771140,262,1,289,13499,
643.227,10216.5,51.4719,7.39912,164.311,24.4663,318.382,1,15,-86,-5,13,54,51,17,27771140,262,1,289,13499,
644.216,10241.2,51.4721,7.39888,164.557,24.4223,318.529,1,15,-86,-5,13,54,51,17,27771140,262,1,289,13499,
645.225,10265.2,51.4722,7.39866,164.703,24.3152,318.894,1,17,-86,-6,2,54,50,17,27771140,262,1,289,13499,
646.24,10289.5,51.4724,7.39844,164.799,24.161,318.979,1,17,-86,-6,2,54,50,17,27771140,262,1,289,13499,
647.233,10289.5,51.4697,7.39987,nan,23.9822,318.853,1,15,-87,-6,2,53,49,17,27771140,262,1,289,13499,
648.336,10289.5,51.4727,7.39798,165.008,24.0195,319.15,1,15,-87,-6,2,53,49,17,27771140,262,1,289,13499,
649.248,10313.4,51.4729,7.39776,165.111,23.9922,319.68,1,7,-88,-5,2,52,49,17,27771140,262,1,289,13499,
650.233,10337.4,51.4731,7.39753,165.272,23.9701,320.18,1,7,-88,-5,2,52,49,17,27771140,262,1,289,13499,
651.238,10361.3,51.4732,7.39731,165.473,23.9889,320.283,1,10,-91,-6,9,49,46,11,27771140,262,1,289,13499,
652.221,10386.2,51.4734,7.39709,165.913,24.0857,321.045,1,10,-91,-6,9,49,46,11,27771140,262,1,289,13499,
653.228,10411,51.4736,7.39687,166.471,24.4415,321.367,1,16,-87,-6,9,53,50,11,27771140,262,1,289,13499,
654.221,10435.7,51.4737,7.39665,167.102,24.62,321.576,1,16,-87,-6,9,53,50,11,27771140,262,1,289,13499,
655.232,10460.2,51.4739,7.39643,167.754,24.4164,322.263,1,12,-92,-8,7,48,48,11,27771140,262,1,289,13499,
656.241,10484.6,51.4741,7.39621,168.437,24.2438,322.996,1,12,-92,-8,7,48,48,11,27771140,262,1,289,13499,
657.214,10509.9,51.4743,7.39599,169.235,24.0568,323.109,1,11,-88,-6,14,52,50,11,27771140,262,1,289,13499,
658.232,10534.1,51.4745,7.39578,169.972,23.7594,323.099,1,11,-88,-6,14,52,50,11,27771140,262,1,289,13499,
659.234,10558.4,51.4746,7.39557,170.767,23.4198,323.97,1,17,-86,-6,11,54,52,11,27771140,262,1,289,13499,
660.227,10582.4,51.4748,7.39537,171.722,23.1759,325.302,1,17,-86,-6,11,54,52,11,27771140,262,1,289,13499,
661.226,10605.6,51.475,7.39517,172.667,22.9091,326.125,1,15,-83,-6,11,57,55,11,27771140,262,1,289,13499,
662.235,10628.5,51.4751,7.39499,173.509,22.6836,327.128,1,15,-83,-6,11,57,55,11,27771140,262,1,289,13499,
663.239,10649.3,51.4753,7.39483,174.014,22.4269,327.818,1,19,-83,-6,12,57,55,11,27771140,262,1,289,13499,
664.213,10671,51.4755,7.39467,174.337,22.5202,329.61,1,19,-83,-6,12,57,55,11,27771140,262,1,289,13499,
665.227,10693.3,51.4756,7.39451,174.46,22.5041,330.237,1,22,-82,-6,12,58,56,11,27771140,262,1,289,13499,
666.217,10715.6,51.4758,7.39436,174.552,22.4125,330.807,1,22,-82,-6,12,58,56,11,27771140,262,1,289,13499,
667.243,10715.6,51.4697,7.39987,nan,22.0875,331.624,1,22,-82,-6,12,58,56,11,27771140,262,1,289,13499,
668.227,10715.6,51.4762,7.39405,174.696,21.4668,331.911,1,20,-80,-6,2,60,56,11,27771140,262,1,289,13499,
669.238,10735.8,51.4763,7.39391,174.84,20.8553,332.68,1,20,-80,-6,2,60,56,11,27771140,262,1,289,13499,
670.23,10756.1,51.4765,7.39379,175.182,20.3069,333.73,1,20,-82,-7,2,58,56,11,27771140,262,1,289,13499,
671.233,10777.2,51.4767,7.39365,175.471,20.24,334.098,1,20,-82,-7,2,58,56,11,27771140,262,1,289,13499,
672.226,10797,51.4768,7.39353,175.878,19.9362,335.254,1,17,-79,-6,2,61,59,11,27771140,262,1,289,13499,
673.211,10816.3,51.477,7.39342,176.272,19.3864,336.372,1,17,-79,-6,2,61,59,11,27771140,262,1,289,13499,
674.231,10836.9,51.4772,7.3933,176.406,18.7104,337.222,1,17,-80,-7,2,60,58,11,27771140,262,1,289,13499,
675.239,10856.1,51.4773,7.3932,176.56,18.1263,338.525,1,17,-80,-7,2,60,58,11,27771140,262,1,289,13499,
676.21,10873.8,51.4775,7.39311,176.813,17.3406,340.476,1,13,-86,-9,2,54,55,11,27771140,262,1,289,13499,
677.223,10890.7,51.4776,7.39304,177.488,16.5379,343.064,1,13,-86,-9,2,54,55,11,27771140,262,1,289,13499,
678.244,10906.4,51.4778,7.39299,178.063,16.301,346.854,1,25,-83,-7,2,57,55,11,27771139,262,1,288,13499,
679.232,10923.1,51.4779,7.39299,178.257,15.9862,0.180273,1,25,-83,-7,2,57,55,11,27771139,262,1,288,13499,
680.219,10939.4,51.4781,7.39301,178.36,16.0735,0.941202,1,24,-83,-7,2,57,55,11,27771139,262,1,288,13499,
681.218,10955.9,51.4782,7.39304,178.531,15.8861,4.23152,1,24,-83,-7,2,57,55,11,27771139,262,1,288,13499,
682.232,10971.5,51.4783,7.39308,178.744,15.9874,7.1832,1,25,-83,-6,2,57,54,11,27771139,262,1,288,13499,
683.213,10988.2,51.4785,7.39319,178.743,16.2292,23.9927,1,25,-83,-6,2,57,54,11,27771139,262,1,288,13499,
684.225,11003.5,51.4786,7.3933,178.491,16.05,25.6003,1,30,-83,-6,2,57,54,11,27771139,262,1,288,13499,
685.225,11021.3,51.4787,7.39343,178.592,16.2924,28.8345,1,30,-83,-6,2,57,54,11,27771139,262,1,288,13499,
686.253,11038.7,51.4789,7.39356,179.208,15.2239,30.9173,1,30,-83,-6,2,57,54,11,27771139,262,1,288,13499,
687.225,11038.7,51.4803,7.39466,nan,14.4886,30.1787,1,24,-82,-5,2,58,55,11,27771139,262,1,288,13499,
688.246,11038.7,51.4791,7.39379,180.601,13.3391,27.0547,1,24,-82,-5,2,58,55,11,27771139,262,1,288,13499,
689.247,11049.3,51.4792,7.39383,181.624,12.8137,10.0075,1,27,-81,-6,14,59,55,4,27771139,262,1,288,13499,
690.224,11061.9,51.4793,7.39385,182.648,13.3835,5.93766,1,27,-81,-6,14,59,55,4,27771139,262,1,288,13499,
691.221,11073.6,51.4794,7.39382,183.514,13.507,347.117,1,16,-89,-6,11,51,47,4,27771139,262,1,288,13499,
692.233,11086.8,51.4795,7.39377,184.373,13.5874,343.641,1,16,-89,-6,11,51,47,4,27771139,262,1,288,13499,
693.235,11100.3,51.4796,7.3937,185.099,13.1882,340.205,1,14,-92,-6,12,48,45,4,27771139,262,1,288,13499,
694.235,11114.5,51.4798,7.39362,185.671,12.54,337.696,1,14,-92,-6,12,48,45,4,27771139,262,1,288,13499,
695.243,11127.9,51.4799,7.39354,186.294,11.7133,336.658,1,16,-85,-6,14,55,48,15,28365058,262,1,223,13499,
696.224,11138.5,51.48,7.39348,186.506,11.0575,338.678,1,16,-85,-6,14,55,48,15,28365058,262,1,223,13499,
697.263,11148.8,51.4801,7.39346,186.596,10.4825,355.296,1,17,-90,-6,10,50,46,15,28365058,262,1,223,13499,
698.215,11159.1,51.4801,7.39347,186.629,10.3548,10.9798,1,17,-90,-6,10,50,46,15,28365058,262,1,223,13499,
699.23,11168.4,51.4802,7.39353,186.615,10.4639,27.5133,1,13,-86,-5,6,54,50,5,27771139,262,1,288,13499,
700.222,11178,51.4803,7.39362,186.588,11.0341,43.6422,1,13,-86,-5,6,54,50,5,27771139,262,1,288,13499,
701.244,11188.9,51.4803,7.39375,186.852,11.7718,58.4088,1,23,-85,-5,15,55,51,5,27771139,262,1,288,13499,
702.231,11202.7,51.4804,7.39392,187.317,12.6955,58.4558,1,23,-85,-5,15,55,51,5,27771139,262,1,288,13499,
703.227,11216.3,51.4805,7.39408,187.795,13.4415,57.6252,1,13,-83,-5,12,57,54,5,27771139,262,1,288,13499,
704.232,11229.4,51.4805,7.39424,188.465,14.0206,57.1779,1,13,-83,-5,12,57,54,5,27771139,262,1,288,13499,
705.232,11244.2,51.4806,7.39442,188.678,14.2973,57.7836,1,10,-86,-7,7,54,52,5,27771139,262,1,288,13499,
706.241,11258.5,51.4807,7.39459,188.636,14.0728,58.2565,1,10,-86,-7,7,54,52,5,27771139,262,1,288,13499,
707.235,11258.5,51.4824,7.39776,nan,14.2221,59.2508,1,13,-84,-6,13,56,53,5,27771139,262,1,288,13499,
708.219,11258.5,51.4808,7.39491,188.226,14.2011,59.1479,1,13,-84,-6,13,56,53,5,27771139,262,1,288,13499,
709.218,11272.4,51.4809,7.39509,188.046,14.3925,59.6596,1,12,-84,-5,9,56,53,5,27771139,262,1,288,13499,
710.213,11286.9,51.4809,7.39526,187.459,14.6351,59.8878,1,12,-84,-5,9,56,53,5,27771139,262,1,288,13499,
711.215,11302,51.481,7.39545,187.305,14.7701,59.8254,1,27,-83,-5,15,57,54,5,27771139,262,1,288,13499,
712.224,11316.3,51.4811,7.39563,186.883,14.8021,59.7891,1,27,-83,-5,15,57,54,5,27771139,262,1,288,13499,
713.237,11330.8,51.4811,7.39581,186.656,14.5603,60.161,1,27,-83,-5,15,57,54,5,27771139,262,1,288,13499,
714.225,11345,51.4812,7.39599,186.661,14.6484,60.0813,1,21,-87,-7,8,53,51,5,27771139,262,1,288,13499,
715.229,11359.7,51.4813,7.39617,186.74,14.4768,60.0133,1,21,-87,-7,8,53,51,5,27771139,262,1,288,13499,
716.217,11374.4,51.4813,7.39636,187.045,14.1773,59.8161,1,7,-87,-8,2,53,53,5,27771139,262,1,288,13499,
717.22,11388.4,51.4814,7.39653,187.166,13.8039,59.4646,1,7,-87,-8,2,53,53,5,27771139,262,1,288,13499,
718.25,11402.3,51.4815,7.3967,187.203,13.5156,59.0869,1,13,-86,-7,2,54,52,5,27771139,262,1,288,13499,
719.237,11415.9,51.4815,7.39687,187.33,13.0516,58.6546,1,13,-86,-7,2,54,52,5,27771139,262,1,288,13499,
720.233,11428.9,51.4816,7.39703,187.458,12.5888,58.1433,1,19,-86,-6,2,54,52,5,27771139,262,1,288,13499,
721.335,11441.5,51.4817,7.39718,187.596,12.2097,57.3292,1,19,-86,-6,2,54,52,5,27771139,262,1,288,13499,
722.221,11452.7,51.4817,7.39732,187.535,11.157,56.659,1,20,-85,-6,2,55,53,9,27771139,262,1,288,13499,
723.22,11463.4,51.4818,7.39744,187.328,10.0188,55.9362,1,20,-85,-6,2,55,53,9,27771139,262,1,288,13499,
724.21,11472.6,51.4818,7.39755,187.023,8.97678,55.0703,1,22,-86,-5,12,54,51,9,27771139,262,1,288,13499,
725.242,11480.1,51.4819,7.39764,186.869,8.10427,54.3856,1,22,-86,-5,12,54,51,9,27771139,262,1,288,13499,
726.219,11488.6,51.4819,7.39774,186.75,7.18937,53.6025,1,18,-86,-5,11,54,51,9,27771139,262,1,288,13499,
727.227,11488.6,51.4803,7.39466,nan,6.71326,53.5353,1,18,-86,-5,11,54,51,9,27771139,262,1,288,13499,
728.247,11488.6,51.482,7.3979,186.623,5.84937,52.8627,1,29,-85,-5,12,55,50,9,27771139,262,1,288,13499,
729.242,11493.8,51.482,7.39796,186.651,4.44739,52.8178,1,29,-85,-5,12,55,50,9,27771139,262,1,288,13499,
730.207,11498.7,51.482,7.39801,186.646,3.55908,51.6849,1,30,-83,-6,12,57,49,9,27771139,262,1,288,13499,
731.217,11502.7,51.482,7.39805,186.675,3.18676,51.1489,1,30,-83,-6,12,57,49,9,27771139,262,1,288,13499,
732.224,11506.5,51.4821,7.39809,187.078,4.33502,50.582,1,16,-85,-6,11,55,49,9,27771139,262,1,288,13499,
733.233,11511.3,51.4821,7.39814,187.772,5.07475,50.1916,1,16,-85,-6,11,55,49,9,27771139,262,1,288,13499,
734.225,11518.4,51.4821,7.39822,188.737,5.7373,49.469,1,33,-82,-5,13,58,50,9,27771139,262,1,288,13499,
735.26,11525.7,51.4822,7.39829,189.843,6.5918,47.7643,1,33,-82,-5,13,58,50,9,27771139,262,1,288,13499,
736.213,11534.5,51.4822,7.39838,190.919,7.3108,47.3039,1,27,-79,-5,14,61,54,9,27771139,262,1,288,13499,
737.247,11540.8,51.4823,7.39845,191.354,7.91942,46.3366,1,27,-79,-5,14,61,54,9,27771139,262,1,288,13499,
738.234,11547.7,51.4823,7.39851,191.25,8.34545,44.9616,1,35,-79,-5,14,61,57,9,27771139,262,1,288,13499,
739.234,11555,51.4824,7.39858,190.885,8.57547,43.3933,1,35,-79,-5,14,61,57,9,27771139,262,1,288,13499,
740.222,11563,51.4824,7.39866,190.556,9.15131,41.9484,1,15,-84,-5,2,56,47,9,27771139,262,1,288,13499,
741.245,11571.7,51.4825,7.39874,189.971,9.83555,40.9965,1,15,-84,-5,2,56,47,9,27771139,262,1,288,13499,
742.239,11582.2,51.4826,7.39884,189.557,10.4415,39.8901,1,18,-86,-5,2,54,49,9,27771139,262,1,288,13499,
743.262,11591.8,51.4826,7.39892,189.34,10.4893,38.8039,1,18,-86,-5,2,54,49,9,27771139,262,1,288,13499,
744.235,11602.6,51.4827,7.39902,189.117,10.513,37.7315,1,18,-86,-5,2,54,49,9,27771139,262,1,288,13499,
745.247,11612.9,51.4828,7.3991,189.026,10.4353,35.9314,1,14,-87,-6,2,53,49,9,27771139,262,1,288,13499,
746.233,11623.4,51.4829,7.39918,188.915,10.9201,34.6113,1,14,-87,-6,2,53,49,9,27771139,262,1,288,13499,
747.226,11623.4,51.4824,7.39776,nan,11.2936,34.0887,1,15,-87,-6,2,53,49,9,27771139,262,1,288,13499,
748.22,11623.4,51.483,7.39936,188.782,11.7878,33.3198,1,15,-87,-6,2,53,49,9,27771139,262,1,288,13499,
749.234,11635.2,51.4831,7.39945,188.672,11.8611,32.7562,1,11,-87,-5,2,53,50,9,27771139,262,1,288,13499,
750.221,11646.6,51.4832,7.39953,188.785,11.7699,33.3541,1,11,-87,-5,2,53,50,9,27771139,262,1,288,13499,
751.228,11659.1,51.4833,7.39962,188.914,11.6562,33.6766,1,18,-89,-6,2,51,48,9,27771139,262,1,288,13499,
752.232,11670.8,51.4834,7.39971,189.141,11.5247,33.6551,1,18,-89,-6,2,51,48,9,27771139,262,1,288,13499,
753.228,11682.9,51.4835,7.3998,189.227,11.1495,33.9373,1,9,-91,-6,2,49,46,9,27771139,262,1,288,13499,
754.225,11694.1,51.4836,7.39989,189.205,10.9026,34.5573,1,9,-91,-6,2,49,46,9,27771139,262,1,288,13499,
755.227,11705.4,51.4837,7.39998,189.156,11.4942,34.0563,1,7,-94,-7,2,46,44,9,28365058,262,1,223,13499,
756.235,11717.4,51.4838,7.40008,189.017,11.5911,34.5748,1,7,-94,-7,2,46,44,9,28365058,262,1,223,13499,
757.224,11729.1,51.4838,7.40018,189.331,11.4042,35.162,1,14,-93,-7,2,47,44,9,28365058,262,1,223,13499,
758.216,11740.9,51.4839,7.40028,190.093,10.9395,35.8283,1,14,-93,-7,2,47,44,9,28365058,262,1,223,13499,
759.219,11752.6,51.484,7.40039,190.782,10.5788,36.4179,1,10,-92,-6,2,48,44,9,28365058,262,1,223,13499,
760.244,11763.4,51.4841,7.40048,191.532,10.2663,37.0741,1,10,-92,-6,2,48,44,9,28365058,262,1,223,13499,
761.231,11773.8,51.4842,7.40057,192.282,10.2697,37.451,1,8,-92,-6,2,48,45,9,28365058,262,1,223,13499,
762.214,11783.4,51.4842,7.40066,192.427,10.8747,38.5468,1,8,-92,-6,2,48,45,9,28365058,262,1,223,13499,
763.212,11793.8,51.4843,7.40076,192.382,10.9249,37.2565,1,16,-93,-6,2,47,44,9,28365058,262,1,223,13499,
764.205,11805.4,51.4844,7.40086,192.666,11.3025,38.31,1,16,-93,-6,2,47,44,9,28365058,262,1,223,13499,
765.229,11817.2,51.4845,7.40097,192.964,11.4965,39.5203,1,14,-93,-6,2,47,44,9,28365058,262,1,223,13499,
766.239,11829.6,51.4846,7.40109,193.21,11.3389,39.9008,1,14,-93,-6,2,47,44,9,28365058,262,1,223,13499,
767.22,11829.6,51.4817,7.40348,nan,11.1984,40.8488,1,8,-94,-6,2,46,43,9,28365058,262,1,223,13499,
768.232,11829.6,51.4847,7.40131,194.673,10.9277,41.5969,1,8,-94,-6,2,46,43,9,28365058,262,1,223,13499,
769.238,11840,51.4848,7.40142,195.052,11.0327,42.1001,1,8,-98,-8,11,42,40,8,28365058,262,1,223,13499,
770.249,11849.8,51.4848,7.40152,194.887,10.8607,42.4708,1,8,-98,-8,11,42,40,8,28365058,262,1,223,13499,
771.218,11860.3,51.4849,7.40163,194.174,10.9639,41.6967,1,10,-99,-8,9,41,40,8,28365058,262,1,223,13499,
772.232,11870.1,51.485,7.40173,193.11,10.2213,41.1674,1,10,-99,-8,9,41,40,8,28365058,262,1,223,13499,
773.223,11879.7,51.485,7.40182,192.146,9.04446,42.0076,1,10,-99,-8,9,41,40,8,28365058,262,1,223,13499,
774.241,11887.8,51.4851,7.40191,191.36,8.93941,42.7223,1,10,-100,-7,11,40,38,8,28365058,262,1,223,13499,
775.239,11895.3,51.4851,7.40198,190.833,8.78327,43.8176,1,10,-100,-7,11,40,38,8,28365058,262,1,223,13499,
776.236,11903.5,51.4852,7.40207,190.093,8.77229,45.0098,1,14,-94,-5,14,46,40,8,28365058,262,1,223,13499,
777.236,11912.7,51.4852,7.40217,189.214,8.70953,46.1376,1,14,-94,-5,14,46,40,8,28365058,262,1,223,13499,
778.236,11921.4,51.4853,7.40227,188.222,8.60491,47.2122,1,13,-96,-6,9,44,40,8,28365058,262,1,223,13499,
779.232,11930.4,51.4853,7.40236,187.723,7.89297,47.8684,1,13,-96,-6,9,44,40,8,28365058,262,1,223,13499,
780.217,11939.6,51.4854,7.40247,187.408,7.53354,48.9412,1,10,-97,-7,10,43,39,8,28365058,262,1,223,13499,
781.312,11947.7,51.4854,7.40256,187.355,7.21678,49.4133,1,10,-97,-7,10,43,39,8,28365058,262,1,223,13499,
782.231,11955.4,51.4855,7.40264,187.344,6.41207,50.3153,1,10,-97,-7,8,43,39,8,28365058,262,1,223,13499,
783.23,11961.5,51.4855,7.40271,187.442,5.74392,49.0985,1,10,-97,-7,8,43,39,8,28365058,262,1,223,13499,
784.231,11965.5,51.4855,7.40276,187.3,4.9674,47.4233,1,8,-99,-9,8,41,41,8,28365058,262,1,223,13499,
785.221,11970.8,51.4856,7.4028,187.039,4.68431,26.8968,1,8,-99,-9,8,41,41,8,28365058,262,1,223,13499,
786.236,11975.8,51.4856,7.40282,186.803,5.70488,23.3535,1,5,-93,-7,6,47,43,16,29391105,262,1,351,13499,
787.226,11975.8,51.4921,7.42188,nan,6.42626,359.521,1,5,-93,-7,6,47,43,16,29391105,262,1,351,13499,
788.247,11975.8,51.4857,7.4028,186.51,6.90482,345.189,1,3,-104,-13,6,36,38,16,29391105,262,1,351,13499,
789.245,11982.9,51.4858,7.40274,186.565,7.45484,331.144,1,3,-104,-13,6,36,38,16,29391105,262,1,351,13499,
790.238,11990.5,51.4859,7.40268,186.399,8.07665,328.025,1,7,-102,-8,11,38,37,9,28365058,262,1,223,13499,
791.232,11999.4,51.4859,7.4026,186.191,8.75191,326.008,1,7,-102,-8,11,38,37,9,28365058,262,1,223,13499,
792.226,12008.6,51.486,7.40251,186.033,9.52447,324.974,1,5,-100,-8,8,40,40,9,28365058,262,1,223,13499,
793.232,12018.1,51.486,7.40243,186.06,10.3202,324.957,1,5,-100,-8,8,40,40,9,28365058,262,1,223,13499,
794.231,12028.7,51.4861,7.40235,186.137,10.7712,326.249,1,5,-100,-10,5,40,41,9,28365058,262,1,223,13499,
795.269,12039.9,51.4862,7.40225,186.2,10.6792,327.263,1,5,-100,-10,5,40,41,9,28365058,262,1,223,13499,
796.236,12049.4,51.4863,7.40218,186.327,10.2261,329.515,1,5,-100,-10,5,40,41,9,28365058,262,1,223,13499,
797.24,12059.7,51.4864,7.4021,186.91,10.4191,331.324,1,1,-99,-9,6,41,42,13,29391106,262,1,353,13499,
798.227,12070.2,51.4864,7.40203,186.97,10.2324,333.301,1,1,-99,-9,6,41,42,13,29391106,262,1,353,13499,
799.234,12080.4,51.4865,7.40198,186.953,10.1103,335.266,1,-2,-102,-11,6,38,41,13,29391106,262,1,353,13499,
800.252,12091.9,51.4866,7.40191,187.423,10.7195,336.406,1,-2,-102,-11,6,38,41,13,29391106,262,1,353,13499,
801.222,12103.4,51.4867,7.40185,188.045,11.0236,338.527,1,-4,-100,-10,6,40,41,16,27771139,262,1,428,13499,
802.24,12113.7,51.4868,7.40181,188.094,10.9137,341.069,1,-4,-100,-10,6,40,41,16,27771139,262,1,428,13499,
803.229,12124.1,51.4869,7.40177,188.144,10.7296,343.146,1,15,-88,-6,14,52,48,16,27771139,262,1,288,13499,
804.221,12134,51.487,7.40174,187.984,10.288,345.061,1,15,-88,-6,14,52,48,16,27771139,262,1,288,13499,
805.219,12143,51.4871,7.40172,187.441,10.4779,347.606,1,21,-87,-5,10,53,49,16,27771139,262,1,288,13499,
806.22,12154.5,51.4872,7.4017,186.836,10.2871,349.885,1,21,-87,-5,10,53,49,16,27771139,262,1,288,13499,
807.21,12154.5,51.4803,7.39466,nan,10.4743,352.302,1,18,-91,-6,10,49,45,16,27771139,262,1,288,13499,
808.218,12154.5,51.4874,7.40168,186.999,10.5226,354.347,1,18,-91,-6,10,49,45,16,27771139,262,1,288,13499,
809.226,12165.3,51.4875,7.40169,186.986,10.1492,355.876,1,21,-85,-5,15,55,51,3,26385409,262,1,93,13499,
810.218,12176.3,51.4876,7.4017,186.867,10.0378,357.263,1,21,-85,-5,15,55,51,3,26385409,262,1,93,13499,
811.217,12187,51.4877,7.4017,186.537,10.1219,357.996,1,15,-90,-6,1,50,47,3,26385409,262,1,93,13499,
812.233,12197.1,51.4878,7.40171,185.992,9.84313,358.358,1,15,-90,-6,1,50,47,3,26385409,262,1,93,13499,
813.236,12207.8,51.4878,7.40172,185.855,10.5531,359.383,1,13,-92,-7,10,48,46,3,26385409,262,1,93,13499,
814.216,12219,51.4879,7.40172,185.803,10.4219,359.894,1,13,-92,-7,10,48,46,3,26385409,262,1,93,13499,
815.214,12228.7,51.488,7.40173,185.673,9.81492,0.23747,1,18,-88,-6,12,52,48,3,26385409,262,1,93,13499,
816.232,12238.7,51.4881,7.40173,185.372,9.86989,0.0431068,1,18,-88,-6,12,52,48,3,26385409,262,1,93,13499,
817.228,12248.4,51.4882,7.40174,185.148,9.34191,359.904,1,18,-88,-6,12,52,48,3,26385409,262,1,93,13499,
818.247,12257.3,51.4883,7.40174,184.462,8.71088,0.26438,1,20,-83,-5,14,57,53,3,26385409,262,1,93,13499,
819.228,12265.8,51.4884,7.40175,184.197,7.71436,0.231092,1,20,-83,-5,14,57,53,3,26385409,262,1,93,13499,
820.225,12272.7,51.4884,7.40175,183.75,6.78998,359.969,1,9,-81,-6,11,59,55,3,26385409,262,1,93,13499,
821.24,12279.8,51.4885,7.40175,183.429,6.00533,0.521754,1,9,-81,-6,11,59,55,3,26385409,262,1,93,13499,
822.232,12284.5,51.4885,7.40175,183.113,5.90881,0.987244,1,14,-87,-7,13,53,51,3,26385409,262,1,93,13499,
823.246,12289.3,51.4886,7.40175,183.011,5.62074,0.481128,1,14,-87,-7,13,53,51,3,26385409,262,1,93,13499,
824.23,12293.7,51.4886,7.40175,183.23,5.10205,358.961,1,16,-84,-6,2,56,50,3,26385409,262,1,93,13499,
825.233,12300.1,51.4887,7.40175,183.495,5.2108,358.79,1,16,-84,-6,2,56,50,3,26385409,262,1,93,13499,
826.214,12306.2,51.4887,7.40175,183.687,5.08945,359.464,1,11,-86,-8,2,54,51,3,26385409,262,1,93,13499,
827.211,12306.2,51.4854,7.39771,nan,4.06826,359.532,1,11,-86,-8,2,54,51,3,26385409,262,1,93,13499,
828.232,12306.2,51.4888,7.40175,183.714,3.43178,359.067,1,17,-86,-8,2,54,52,3,26385409,262,1,93,13499,
829.238,12309.1,51.4888,7.40175,183.71,3.21786,0.00109206,1,17,-86,-8,2,54,52,3,26385409,262,1,93,13499,
830.236,12311.3,51.4888,7.40175,183.698,2.77794,359.766,1,19,-85,-8,2,55,53,3,26385409,262,1,93,13499,
831.24,12314.5,51.4889,7.40175,183.665,3.13016,0.197275,1,19,-85,-8,2,55,53,3,26385409,262,1,93,13499,
832.229,12318.4,51.4889,7.40175,183.645,3.53741,1.21868,1,8,-84,-9,2,56,55,3,26385409,262,1,93,13499,
833.244,12323.2,51.489,7.40175,183.493,4.61038,0.290579,1,8,-84,-9,2,56,55,3,26385409,262,1,93,13499,
834.245,12327.8,51.489,7.40175,183.461,4.79519,1.05684,1,24,-82,-8,2,58,58,3,26385410,262,1,94,13499,
835.243,12333.4,51.489,7.40175,183.045,5.24512,1.70661,1,24,-82,-8,2,58,58,3,26385410,262,1,94,13499,
836.234,12340.4,51.4891,7.40176,182.446,6.94474,2.25872,1,25,-79,-7,2,61,59,3,26385410,262,1,94,13499,
837.227,12346.6,51.4892,7.40177,181.827,6.64512,1.46647,1,25,-79,-7,2,61,59,3,26385410,262,1,94,13499,
838.225,12353.4,51.4892,7.40177,181.072,6.8817,0.62869,1,31,-79,-6,2,61,58,3,26385410,262,1,94,13499,
839.239,12360.4,51.4893,7.40177,180.26,6.41683,1.14741,1,31,-79,-6,2,61,58,3,26385410,262,1,94,13499,
840.218,12366.1,51.4893,7.40178,180.114,5.20219,5.03799,1,31,-75,-5,2,65,62,3,26385410,262,1,94,13499,
841.239,12371.1,51.4894,7.40183,180.328,5.32421,45.0713,1,31,-75,-5,2,65,62,3,26385410,262,1,94,13499,
842.242,12377.5,51.4894,7.4019,180.459,6.30014,63.8912,1,31,-74,-5,2,66,62,3,26385410,262,1,94,13499,
843.232,12384.2,51.4894,7.402,180.519,8.25639,83.7018,1,31,-74,-5,2,66,62,3,26385410,262,1,94,13499,
844.218,12393.7,51.4894,7.40214,180.288,9.56066,86.2709,1,32,-72,-6,2,68,63,3,26385410,262,1,94,13499,
845.236,12403.4,51.4894,7.40228,179.836,10.1859,87.4591,1,32,-72,-6,2,68,63,3,26385410,262,1,94,13499,
846.237,12414.7,51.4894,7.40244,179.359,11.7212,88.5846,1,22,-70,-6,2,70,63,3,26385410,262,1,94,13499,
847.228,12414.7,51.4921,7.40118,nan,12.5599,89.4553,1,22,-70,-6,2,70,63,3,26385410,262,1,94,13499,
848.235,12414.7,51.4894,7.4028,179.036,13.2344,89.8082,1,22,-70,-6,2,70,63,3,26385410,262,1,94,13499,
849.256,12428.4,51.4894,7.403,179.335,13.8507,90.6945,1,21,-71,-6,2,69,63,3,26385410,262,1,94,13499,
850.246,12443.1,51.4894,7.40321,179.709,14.07,90.9271,1,21,-71,-6,2,69,63,3,26385410,262,1,94,13499,
851.25,12455.6,51.4894,7.40339,179.848,14.0671,90.7316,1,28,-74,-7,2,66,63,3,26385410,262,1,94,13499,
852.221,12469.7,51.4894,7.4036,179.889,14.135,90.7444,1,28,-74,-7,2,66,63,3,26385410,262,1,94,13499,
853.243,12484.3,51.4894,7.40381,180.064,14.2249,90.8936,1,23,-75,-7,2,65,63,3,26385410,262,1,94,13499,
854.237,12498.5,51.4894,7.40401,180.05,14.3305,90.6137,1,23,-75,-7,2,65,63,3,26385410,262,1,94,13499,
855.219,12512.8,51.4894,7.40422,180.036,14.2844,91.3669,1,20,-75,-7,2,65,62,3,26385410,262,1,94,13499,
856.22,12526.9,51.4894,7.40442,180.081,13.8897,91.447,1,20,-75,-7,2,65,62,3,26385410,262,1,94,13499,
857.216,12540.5,51.4894,7.40462,180.097,13.3277,90.7176,1,12,-77,-7,2,63,61,3,26385410,262,1,94,13499,
858.221,12553.3,51.4894,7.4048,180.093,13.013,90.1813,1,12,-77,-7,2,63,61,3,26385410,262,1,94,13499,
859.227,12566.3,51.4894,7.40499,180.188,12.9754,89.6003,1,12,-78,-9,2,62,63,3,26385410,262,1,94,13499,
860.226,12579.3,51.4894,7.40518,180.155,12.9931,88.8951,1,12,-78,-9,2,62,63,3,26385410,262,1,94,13499,
861.364,12592,51.4894,7.40536,180.097,12.7721,87.83,1,24,-74,-6,2,66,63,3,26385408,262,1,95,13499,
862.217,12605,51.4894,7.40555,180.187,12.7392,86.4455,1,24,-74,-6,2,66,63,3,26385408,262,1,95,13499,
863.219,12617.7,51.4894,7.40573,180.317,12.7841,84.4502,1,18,-74,-7,12,66,63,2,26385408,262,1,95,13499,
864.227,12630.2,51.4894,7.40591,180.416,12.9844,82.6038,1,18,-74,-7,12,66,63,2,26385408,262,1,95,13499,
865.226,12644.3,51.4895,7.40611,180.568,13.0267,81.0663,1,14,-77,-6,10,63,61,2,26385408,262,1,95,13499,
866.228,12657.7,51.4895,7.4063,180.807,12.8448,80.0151,1,14,-77,-6,10,63,61,2,26385408,262,1,95,13499,
867.246,12657.7,51.4897,7.40731,nan,12.531,79.3392,1,18,-78,-6,12,62,59,2,26385408,262,1,95,13499,
868.245,12657.7,51.4895,7.40665,181.462,12.4672,78.9064,1,18,-78,-6,12,62,59,2,26385408,262,1,95,13499,
869.218,12670.4,51.4896,7.40683,181.683,12.2241,78.519,1,14,-75,-6,12,65,60,2,26385408,262,1,95,13499,
870.215,12683.6,51.4896,7.40701,182.187,12.1941,77.9312,1,14,-75,-6,12,65,60,2,26385408,262,1,95,13499,
871.22,12695.7,51.4896,7.40719,182.314,12.4253,77.7883,1,8,-74,-6,12,66,63,2,26385408,262,1,95,13499,
872.22,12707.7,51.4896,7.40735,182.097,12.5827,78.1409,1,8,-74,-6,12,66,63,2,26385408,262,1,95,13499,
873.228,12719.9,51.4897,7.40753,181.627,12.8618,77.5842,1,8,-74,-6,12,66,63,2,26385408,262,1,95,13499,
874.226,12732.5,51.4897,7.4077,181.19,12.7917,78.2926,1,18,-76,-6,11,64,59,2,26385408,262,1,95,13499,
875.215,12745.5,51.4897,7.40789,180.456,12.7876,78.4287,1,18,-76,-6,11,64,59,2,26385408,262,1,95,13499,
876.235,12758.3,51.4897,7.40807,179.803,12.7739,78.8371,1,12,-78,-6,10,62,59,2,26385408,262,1,95,13499,
877.219,12770.8,51.4898,7.40824,179.193,12.8255,78.3781,1,12,-78,-6,10,62,59,2,26385408,262,1,95,13499,
878.218,12783.9,51.4898,7.40843,179.258,12.9622,77.952,1,13,-77,-5,13,63,59,2,26385408,262,1,95,13499,
879.233,12796.3,51.4898,7.40861,179.536,13.0004,77.3843,1,13,-77,-5,13,63,59,2,26385408,262,1,95,13499,
880.211,12809.6,51.4898,7.4088,179.851,12.9937,77.0655,1,13,-76,-4,2,64,56,2,26385408,262,1,95,13499,
881.214,12823.3,51.4898,7.40899,179.757,12.9251,76.9745,1,13,-76,-4,2,64,56,2,26385408,262,1,95,13499,
882.221,12836,51.4899,7.40917,179.564,12.7823,77.476,1,19,-76,-6,2,64,58,2,26385408,262,1,95,13499,
883.216,12848.7,51.4899,7.40935,179.273,12.7962,78.2959,1,19,-76,-6,2,64,58,2,26385408,262,1,95,13499,
884.22,12862.4,51.4899,7.40954,178.642,12.7381,79.2181,1,17,-76,-6,2,64,59,2,26385408,262,1,95,13499,
885.241,12874.2,51.4899,7.40971,177.993,12.7163,79.1403,1,17,-76,-6,2,64,59,2,26385408,262,1,95,13499,
886.236,12887.9,51.49,7.40991,177.478,12.6467,78.5945,1,15,-77,-5,2,63,59,2,26385408,262,1,95,13499,
887.219,12887.9,51.4897,7.40731,nan,12.4965,78.4304,1,15,-77,-5,2,63,59,2,26385408,262,1,95,13499,
888.221,12887.9,51.49,7.41025,176.287,12.3035,78.5743,1,14,-78,-6,2,62,57,2,26385408,262,1,95,13499,
889.221,12898.7,51.49,7.4104,175.539,12.1153,78.3183,1,14,-78,-6,2,62,57,2,26385408,262,1,95,13499,
890.228,12911.6,51.49,7.41058,174.859,10.4743,79.0285,1,15,-82,-6,2,58,54,2,26385408,262,1,95,13499,
