0.115,0,51.4505,7.48871,250,7.80076,231.292,1,16,-100,-8,2,40,39,7,28371201,262,1,66,13499,
1.285,7.62754,51.4505,7.48863,249.567,7.31747,230.536,1,16,-100,-8,2,40,39,7,28371201,262,1,66,13499,
2.255,14.1738,51.4505,7.48856,249.137,6.2595,231.942,1,13,-101,-8,8,39,38,7,28371201,262,1,66,13499,
3.196,20.202,51.4504,7.48849,248.693,5.99842,234.448,1,13,-101,-8,8,39,38,7,28371201,262,1,66,13499,
4.144,25.9088,51.4504,7.48842,248.206,5.79381,236.829,1,11,-99,-8,14,41,40,7,28371201,262,1,66,13499,
5.092,30.7784,51.4504,7.48837,247.919,5.1327,239.07,1,11,-99,-8,14,41,40,7,28371201,262,1,66,13499,
6.092,35.6303,51.4503,7.48831,248.004,4.40571,241.302,1,11,-100,-9,8,40,42,7,28371201,262,1,66,13499,
7.111,40.6105,51.4503,7.48826,248.576,5.06137,222.538,1,11,-100,-9,8,40,42,7,28371201,262,1,66,13499,
8.107,45.8837,51.4503,7.48821,249.15,6.04437,219.222,1,11,-97,-9,9,43,43,7,28371201,262,1,66,13499,
9.107,52.6291,51.4502,7.4882,248.913,7.33399,183.797,1,11,-97,-9,9,43,43,7,28371201,262,1,66,13499,
10.099,58.9672,51.4501,7.4882,248.727,7.41199,180.884,1,11,-96,-9,9,44,44,7,28371201,262,1,66,13499,
11.11,66.9437,51.4501,7.48822,248.759,7.99495,177.287,1,11,-96,-9,9,44,44,7,28371201,262,1,66,13499,
12.1,75.873,51.45,7.48823,248.67,9.50691,174.855,1,13,-98,-9,12,42,42,7,28371201,262,1,66,13499,
13.09,85.8088,51.4499,7.48825,248.573,10.3654,173.077,1,13,-98,-9,12,42,42,7,28371201,262,1,66,13499,
14.101,95.7961,51.4498,7.48827,248.524,10.9388,172.269,1,6,-99,-9,9,41,41,7,28371201,262,1,66,13499,
15.102,106.788,51.4497,7.4883,248.546,11.4987,172.806,1,6,-99,-9,9,41,41,7,28371201,262,1,66,13499,
16.087,118.519,51.4496,7.48832,248.516,11.6892,173.346,1,6,-99,-9,9,41,41,7,28371201,262,1,66,13499,
17.101,130.588,51.4495,7.48835,248.789,12.2451,173.753,1,8,-98,-9,7,42,43,7,28371201,262,1,66,13499,
18.085,144.392,51.4494,7.48837,249.451,12.5522,175.093,1,8,-98,-9,7,42,43,7,28371201,262,1,66,13499,
19.1,158.641,51.4493,7.48839,250.505,13.0616,177.788,1,7,-99,-9,8,41,41,7,28371201,262,1,66,13499,
20.101,172.346,51.4491,7.4884,251.582,13.3504,179.458,1,7,-99,-9,8,41,41,7,28371201,262,1,66,13499,
21.104,186.444,51.449,7.48839,252.27,13.1601,181.099,1,3,-101,-10,6,39,39,7,28371201,262,1,66,13499,
22.108,200.456,51.4489,7.48837,252.95,13.8574,184.602,1,3,-101,-10,6,39,39,7,28371201,262,1,66,13499,
23.088,214.916,51.4488,7.48834,253.456,14.139,187.659,1,2,-103,-11,8,37,39,7,28371201,262,1,66,13499,
24.107,230.104,51.4486,7.48829,254.401,14.524,189.663,1,2,-103,-11,8,37,39,7,28371201,262,1,66,13499,
25.098,243.887,51.4485,7.48825,254.895,14.3765,190.995,1,1,-105,-11,7,35,37,7,28371201,262,1,66,13499,
26.11,258.155,51.4484,7.4882,255.23,14.4477,192.174,1,1,-105,-11,7,35,37,7,28371201,262,1,66,13499,
27.101,272.56,51.4482,7.48815,255.375,14.3239,192.873,1,-4,-110,-15,4,30,36,7,28371201,262,1,66,13499,
28.105,285.938,51.4481,7.4881,255.611,13.967,193.41,1,-4,-110,-15,4,30,36,7,28371201,262,1,66,13499,
29.114,299.509,51.448,7.48804,255.738,13.5141,193.099,1,-6,-111,-16,4,29,35,7,28371201,262,1,66,13499,
30.091,313.026,51.4479,7.488,255.684,13.2563,193.038,1,-6,-111,-16,4,29,35,7,28371201,262,1,66,13499,
31.1,326.476,51.4478,7.48796,255.64,12.777,192.704,1,7,-106,-11,9,34,36,8,27771909,262,1,151,13499,
32.096,338.155,51.4477,7.48792,255.302,12.3867,190.692,1,7,-106,-11,9,34,36,8,27771909,262,1,151,13499,
33.113,350.171,51.4476,7.4879,255.024,12.9043,188.02,1,5,-106,-12,9,34,37,8,27771909,262,1,151,13499,
34.093,361.975,51.4475,7.48789,254.726,12.8416,185.043,1,5,-106,-12,9,34,37,8,27771909,262,1,151,13499,
35.106,375.011,51.4473,7.48789,254.737,12.8529,182.131,1,5,-106,-12,10,34,37,8,27771909,262,1,151,13499,
36.101,388.733,51.4472,7.48789,255.074,12.9735,179.456,1,5,-106,-12,10,34,37,8,27771909,262,1,151,13499,
37.103,401.82,51.4471,7.4879,255.503,12.9792,176.754,1,5,-106,-12,10,34,37,8,27771909,262,1,151,13499,
38.089,415.047,51.447,7.48793,256.071,13.0933,173.999,1,7,-102,-10,9,38,38,8,27771909,262,1,151,13499,
39.091,428.287,51.4469,7.48796,256.687,13.2346,171.831,1,7,-102,-10,9,38,38,8,27771909,262,1,151,13499,
40.103,441.015,51.4468,7.48801,257.39,13.2266,170.214,1,2,-109,-12,8,31,34,8,27771909,262,1,151,13499,
41.094,453.521,51.4467,7.48807,258.128,12.7878,168.222,1,2,-109,-12,8,31,34,8,27771909,262,1,151,13499,
42.09,466.949,51.4465,7.48816,258.902,13.4219,155.533,1,1,-111,-11,7,29,32,8,27771909,262,1,151,13499,
43.096,480.554,51.4464,7.48825,259.728,13.1891,154.804,1,1,-111,-11,7,29,32,8,27771909,262,1,151,13499,
44.101,493.499,51.4463,7.48834,260.341,13.2329,153.658,1,-4,-111,-12,5,29,33,12,28371201,262,1,151,13499,
45.099,507.422,51.4462,7.48845,261.01,13.4919,151.825,1,-4,-111,-12,5,29,33,12,28371201,262,1,151,13499,
46.102,521.092,51.4461,7.48856,261.508,13.5382,149.068,1,4,-104,-10,9,36,37,12,28371201,262,1,66,13499,
47.11,535.938,51.446,7.48868,262.393,13.697,146.524,1,4,-104,-10,9,36,37,12,28371201,262,1,66,13499,
48.098,550.474,51.4459,7.48882,263.274,13.8281,143.577,1,7,-104,-11,11,36,39,12,28371201,262,1,66,13499,
49.104,563.771,51.4458,7.48895,263.947,13.8583,140.679,1,7,-104,-11,11,36,39,12,28371201,262,1,66,13499,
50.093,577.014,51.4457,7.48909,264.424,13.9181,137.767,1,4,-106,-9,9,34,35,12,28371201,262,1,66,13499,
51.098,590.684,51.4457,7.48924,264.836,14.0831,135.304,1,4,-106,-9,9,34,35,12,28371201,262,1,66,13499,
52.101,605.558,51.4456,7.4894,265.301,14.0365,132.979,1,7,-105,-10,7,35,36,12,28371201,262,1,66,13499,
53.106,620.042,51.4455,7.48957,266.134,14.1193,131.181,1,7,-105,-10,7,35,36,12,28371201,262,1,66,13499,
54.104,634.877,51.4454,7.48973,266.907,14.2386,129.609,1,7,-104,-8,7,36,36,12,28371201,262,1,66,13499,
55.108,649.059,51.4453,7.4899,267.507,14.0385,128.659,1,7,-104,-8,7,36,36,12,28371201,262,1,66,13499,
56.102,664.169,51.4453,7.49007,268.358,14.3914,128.261,1,7,-104,-8,7,36,36,12,28371201,262,1,66,13499,
57.095,678.558,51.4452,7.49024,269.218,14.1112,127.922,1,4,-105,-9,6,35,35,12,28371201,262,1,66,13499,
58.091,691.452,51.4451,7.49039,269.893,13.7353,128.772,1,4,-105,-9,6,35,35,12,28371201,262,1,66,13499,
59.091,704.602,51.445,7.49054,270.36,12.2299,128.303,1,3,-106,-9,9,34,34,12,28371201,262,1,66,13499,
60.101,716.41,51.445,7.49068,270.787,10.8174,127.361,1,3,-106,-9,9,34,34,12,28371201,262,1,66,13499,
61.111,729.468,51.4449,7.49083,271.179,10.1123,126.662,1,2,-107,-10,8,33,34,12,28371201,262,1,66,13499,
62.097,739.722,51.4449,7.49096,271.742,9.30633,126.17,1,2,-107,-10,8,33,34,12,28371201,262,1,66,13499,
63.109,749.05,51.4448,7.49107,272.315,8.67485,126.789,1,-1,-107,-10,6,33,34,12,28371201,262,1,66,13499,
64.099,757.592,51.4448,7.49117,273.14,6.90302,126.987,1,-1,-107,-10,6,33,34,12,28371201,262,1,66,13499,
65.091,762.207,51.4448,7.49123,274.065,4.89888,127.49,1,2,-108,-9,8,32,32,12,28371201,262,1,66,13499,
66.092,766.987,51.4447,7.49129,274.139,3.759,127.921,1,2,-108,-9,8,32,32,12,28371201,262,1,66,13499,
67.109,770.84,51.4447,7.49133,274.175,3.17497,128.914,1,-1,-86,-7,13,54,50,7,27771904,262,1,487,13499,
68.107,772.137,51.4447,7.49135,274.206,2.01289,128.914,1,-1,-86,-7,13,54,50,7,27771904,262,1,487,13499,
69.19,772.92,51.4447,7.49136,274.228,1.00317,128.914,1,14,-86,-6,13,54,49,7,27771904,262,1,487,13499,
70.1,772.92,51.4447,7.49136,274.233,0,128.914,1,14,-86,-6,13,54,49,7,27771904,262,1,487,13499,
71.096,772.92,51.4447,7.49136,274.239,0,128.914,1,16,-85,-7,10,55,51,7,27771904,262,1,487,13499,
72.117,772.92,51.4447,7.49136,274.248,0,128.914,1,16,-85,-7,10,55,51,7,27771904,262,1,487,13499,
73.099,772.92,51.4447,7.49136,274.254,0,128.914,1,19,-86,-7,10,54,49,7,27771904,262,1,487,13499,
74.108,772.92,51.4447,7.49136,274.261,0,128.914,1,19,-86,-7,10,54,49,7,27771904,262,1,487,13499,
75.11,772.92,51.4447,7.49136,274.27,0,128.914,1,31,-87,-6,14,53,48,7,27771904,262,1,487,13499,
76.086,772.92,51.4447,7.49136,274.277,0,128.914,1,31,-87,-6,14,53,48,7,27771904,262,1,487,13499,
77.089,772.92,51.4447,7.49136,274.285,0,128.914,1,30,-85,-7,10,55,50,7,27771904,262,1,487,13499,
78.091,772.92,51.4447,7.49136,274.294,0,128.914,1,30,-85,-7,10,55,50,7,27771904,262,1,487,13499,
79.1,772.92,51.4447,7.49136,274.301,0,128.914,1,30,-85,-7,10,55,50,7,27771904,262,1,487,13499,
80.102,772.92,51.4447,7.49136,274.308,0,128.914,1,20,-85,-7,11,55,51,7,27771904,262,1,487,13499,
81.086,772.92,51.4447,7.49136,274.313,0,128.914,1,20,-85,-7,11,55,51,7,27771904,262,1,487,13499,
82.102,772.92,51.4447,7.49136,274.318,0,128.914,1,29,-86,-7,10,54,49,7,27771904,262,1,487,13499,
83.088,772.92,51.4447,7.49136,274.341,0,128.914,1,29,-86,-7,10,54,49,7,27771904,262,1,487,13499,
84.096,772.92,51.4447,7.49136,274.367,0,128.914,1,27,-84,-7,10,56,51,7,27771904,262,1,487,13499,
85.115,772.92,51.4447,7.49136,274.393,0,131.07,1,27,-84,-7,10,56,51,7,27771904,262,1,487,13499,
86.1,772.92,51.4447,7.49136,274.424,0,129.833,1,28,-85,-9,10,55,52,7,27771904,262,1,487,13499,
87.108,784.949,51.4447,7.49151,274.792,4.7803,128.065,1,28,-85,-9,10,55,52,7,27771904,262,1,487,13499,
88.089,790.198,51.4446,7.49157,275.351,5.41491,127.308,1,19,-83,-6,11,57,52,7,27771904,262,1,487,13499,
89.105,796.779,51.4446,7.49165,276.147,5.41031,126.581,1,19,-83,-6,11,57,52,7,27771904,262,1,487,13499,
90.1,804.78,51.4445,7.49174,277.025,5.49209,130.091,1,28,-81,-6,10,59,54,7,27771904,262,1,487,13499,
91.103,810.871,51.4445,7.49178,277.664,5.27302,154.003,1,28,-81,-6,10,59,54,7,27771904,262,1,487,13499,
92.114,816.415,51.4444,7.49177,277.875,5.94143,188.755,1,31,-76,-5,13,64,58,7,27771904,262,1,487,13499,
93.094,822.298,51.4444,7.49173,277.88,6.53633,206.035,1,31,-76,-5,13,64,58,7,27771904,262,1,487,13499,
94.095,830.951,51.4443,7.49167,278.241,7.57065,208.796,1,34,-71,-5,13,69,63,7,27771904,262,1,487,13499,
95.104,838.84,51.4443,7.49161,278.877,8.98851,211.477,1,34,-71,-5,13,69,63,7,27771904,262,1,487,13499,
96.101,847.456,51.4442,7.49154,279.199,9.20422,211.996,1,30,-70,-6,13,70,63,7,27771904,262,1,487,13499,
97.091,857.995,51.4441,7.49146,279.188,10.7394,212.34,1,30,-70,-6,13,70,63,7,27771904,262,1,487,13499,
98.116,870.052,51.444,7.49135,279.016,12.2665,212.868,1,30,-70,-6,13,70,63,7,27771904,262,1,487,13499,
99.096,883.016,51.4439,7.49124,278.414,12.7996,213.292,1,32,-66,-9,12,74,63,7,27771904,262,1,487,13499,
100.11,896.2,51.4439,7.49113,277.844,13.1097,213.907,1,32,-66,-9,12,74,63,7,27771904,262,1,487,13499,
101.128,909.05,51.4438,7.49103,277.736,12.6507,214.348,1,22,-62,-7,2,78,63,7,27771904,262,1,487,13499,
102.106,921.631,51.4437,7.49092,277.03,12.4744,214.827,1,22,-62,-7,2,78,63,7,27771904,262,1,487,13499,
103.096,935.913,51.4436,7.49079,276.032,12.7783,215.687,1,14,-75,-4,2,65,59,7,27771907,262,1,150,13499,
104.102,950.51,51.4435,7.49066,275.294,13.3405,216.233,1,14,-75,-4,2,65,59,7,27771907,262,1,150,13499,
105.091,964.488,51.4434,7.49053,274.698,14.0052,216.461,1,19,-74,-4,2,66,61,7,27771907,262,1,150,13499,
106.104,979.088,51.4433,7.4904,274.289,14.3679,216.757,1,19,-74,-4,2,66,61,7,27771907,262,1,150,13499,
107.104,993.975,51.4432,7.49027,274.128,14.8724,216.708,1,13,-78,-5,2,62,58,7,27771907,262,1,150,13499,
108.088,1009.31,51.443,7.49014,273.963,15.224,216.907,1,13,-78,-5,2,62,58,7,27771907,262,1,150,13499,
109.119,1023.93,51.4429,7.49001,273.944,15.2773,216.541,1,10,-82,-6,2,58,55,7,27771907,262,1,150,13499,
110.157,1037.49,51.4428,7.48989,274.104,15.3127,216.768,1,10,-82,-6,2,58,55,7,27771907,262,1,150,13499,
111.076,1052.02,51.4427,7.48977,274.726,14.9017,215.984,1,19,-82,-6,11,58,55,4,27771907,262,1,150,13499,
112.096,1068.14,51.4426,7.48963,275.87,14.8611,216.768,1,19,-82,-6,11,58,55,4,27771907,262,1,150,13499,
113.09,1082.8,51.4425,7.4895,276.811,14.5999,216.677,1,21,-74,-5,11,66,61,4,27771907,262,1,150,13499,
114.065,1097.78,51.4424,7.48938,277.066,14.4773,215.381,1,21,-74,-5,11,66,61,4,27771907,262,1,150,13499,
115.109,1111.1,51.4423,7.48926,277.075,14.0917,214.935,1,21,-74,-5,11,66,61,4,27771907,262,1,150,13499,
116.109,1126.95,51.4422,7.48913,277.513,14.0152,215.83,1,17,-70,-5,12,70,63,4,27771907,262,1,150,13499,
117.1,1141.57,51.4421,7.489,277.917,14.1925,216.886,1,17,-70,-5,12,70,63,4,27771907,262,1,150,13499,
118.102,1156.35,51.442,7.48886,278.334,14.5382,218.035,1,27,-73,-5,15,67,63,4,27771907,262,1,150,13499,
119.095,1169.53,51.4419,7.48874,277.975,14.1468,220.263,1,27,-73,-5,15,67,63,4,27771907,262,1,150,13499,
120.105,1184.55,51.4418,7.48859,277.967,14.2904,222.532,1,30,-60,-4,15,80,63,4,27771907,262,1,150,13499,
121.086,1199.42,51.4417,7.48843,277.677,14.0606,224.245,1,30,-60,-4,15,80,63,4,27771907,262,1,150,13499,
122.1,1214.95,51.4416,7.48827,277.722,14.2832,225.592,1,27,-67,-5,15,73,63,4,27771907,262,1,150,13499,
123.11,1230.81,51.4415,7.4881,277.415,14.3237,227.538,1,27,-67,-5,15,73,63,4,27771907,262,1,150,13499,
124.111,1244.63,51.4414,7.48794,277.148,13.9106,228.744,1,29,-69,-4,15,71,63,4,27771907,262,1,150,13499,
125.069,1259.08,51.4414,7.48778,276.918,13.8521,229.827,1,29,-69,-4,15,71,63,4,27771907,262,1,150,13499,
126.094,1274.57,51.4413,7.48761,276.605,13.9466,230.505,1,22,-72,-4,15,68,63,4,27771907,262,1,150,13499,
127.1,1287.42,51.4412,7.48746,276.75,14.0479,231.256,1,22,-72,-4,15,68,63,4,27771907,262,1,150,13499,
128.094,1301.56,51.4411,7.4873,276.742,14.0177,231.648,1,27,-82,-6,15,58,56,4,27771907,262,1,150,13499,
129.124,1314.54,51.4411,7.48715,276.991,13.9796,231.984,1,27,-82,-6,15,58,56,4,27771907,262,1,150,13499,
130.104,1327.88,51.441,7.48699,277.658,14.126,232.955,1,22,-84,-7,2,56,54,4,27771907,262,1,150,13499,
131.1,1343.22,51.4409,7.48681,277.975,14.4485,233.735,1,22,-84,-7,2,56,54,4,27771907,262,1,150,13499,
132.092,1357.11,51.4408,7.48664,278.214,14.5996,233.8,1,17,-85,-7,2,55,53,4,27771907,262,1,150,13499,
133.091,1370.57,51.4408,7.48648,278.368,13.9686,235.002,1,17,-85,-7,2,55,53,4,27771907,262,1,150,13499,
134.089,1370.57,51.441,7.48581,nan,14.0842,234.42,1,15,-80,-8,14,60,59,1,27771908,262,1,152,13499,
135.085,1370.57,51.4406,7.48615,278.613,14.1781,233.895,1,15,-80,-8,14,60,59,1,27771908,262,1,152,13499,
136.101,1385.53,51.4405,7.48597,279.153,14.0974,233.037,1,19,-81,-7,14,59,57,1,27771908,262,1,152,13499,
137.111,1399.98,51.4405,7.4858,279.422,14.4002,232.951,1,19,-81,-7,14,59,57,1,27771908,262,1,152,13499,
138.095,1414.38,51.4404,7.48563,279.639,14.5909,232.716,1,19,-81,-7,14,59,57,1,27771908,262,1,152,13499,
139.102,1428.48,51.4403,7.48547,279.946,14.4086,233.48,1,31,-79,-6,14,61,59,1,27771908,262,1,152,13499,
140.109,1442.53,51.4402,7.4853,279.7,14.4706,233.172,1,31,-79,-6,14,61,59,1,27771908,262,1,152,13499,
141.148,1455.8,51.4402,7.48515,279.849,14.3949,232.306,1,25,-76,-6,14,64,61,1,27771908,262,1,152,13499,
142.086,1470.22,51.4401,7.48498,280.262,14.4554,232.061,1,25,-76,-6,14,64,61,1,27771908,262,1,152,13499,
143.131,1484.46,51.44,7.48482,280.607,14.3279,231.762,1,22,-74,-5,14,66,63,1,27771908,262,1,152,13499,
144.111,1499.27,51.4399,7.48465,280.851,14.4952,232.526,1,22,-74,-5,14,66,63,1,27771908,262,1,152,13499,
145.106,1515.57,51.4398,7.48446,280.852,14.4755,232.964,1,28,-71,-6,1,69,63,1,27771908,262,1,152,13499,
146.091,1529.7,51.4398,7.4843,281.079,14.2612,232.039,1,28,-71,-6,1,69,63,1,27771908,262,1,152,13499,
147.098,1542.21,51.4397,7.48416,281.698,14.1207,231.381,1,32,-68,-5,14,72,63,1,27771908,262,1,152,13499,
148.098,1557.13,51.4396,7.48398,282.143,14.2346,231.733,1,32,-68,-5,14,72,63,1,27771908,262,1,152,13499,
149.095,1570.91,51.4396,7.48382,282.932,14.4547,232.821,1,31,-71,-5,1,69,63,1,27771908,262,1,152,13499,
150.099,1584.49,51.4395,7.48366,283.98,14.2929,234.185,1,31,-71,-5,1,69,63,1,27771908,262,1,152,13499,
151.1,1598.62,51.4394,7.4835,284.726,13.036,234.516,1,31,-71,-6,14,69,63,1,27771908,262,1,152,13499,
152.109,1612.41,51.4393,7.48333,285.238,13.0193,234.532,1,31,-71,-6,14,69,63,1,27771908,262,1,152,13499,
153.104,1625.69,51.4393,7.48317,285.671,13.123,235.37,1,10,-73,-5,14,67,63,1,27771908,262,1,152,13499,
154.096,1638.46,51.4392,7.48301,286.016,13.1808,236.406,1,10,-73,-5,14,67,63,1,27771908,262,1,152,13499,
155.095,1651.56,51.4392,7.48285,286.44,13.4443,237.483,1,32,-78,-5,14,62,58,1,27771908,262,1,152,13499,
156.091,1665.03,51.4391,7.48268,286.975,13.4116,238.039,1,32,-78,-5,14,62,58,1,27771908,262,1,152,13499,
157.1,1678.69,51.439,7.48251,287.337,13.6919,238.75,1,29,-81,-5,15,59,54,1,27771908,262,1,152,13499,
158.098,1692.28,51.439,7.48234,287.875,13.3603,239.591,1,29,-81,-5,15,59,54,1,27771908,262,1,152,13499,
159.097,1706.47,51.4389,7.48215,288.542,13.6646,240.4,1,30,-84,-5,2,56,50,1,27771908,262,1,152,13499,
160.112,1719.46,51.4389,7.48199,289.188,14.0317,240.859,1,30,-84,-5,2,56,50,1,27771908,262,1,152,13499,
161.104,1733.58,51.4388,7.4818,289.131,13.8385,240.231,1,25,-86,-5,2,54,49,1,27771908,262,1,152,13499,
162.091,1749.03,51.4387,7.4816,289.089,14.3465,240.258,1,25,-86,-5,2,54,49,1,27771908,262,1,152,13499,
163.104,1764.21,51.4387,7.48141,289.351,14.1487,240.53,1,25,-86,-5,2,54,49,1,27771908,262,1,152,13499,
164.096,1778.59,51.4386,7.48123,289.231,14.0891,239.792,1,23,-87,-5,2,53,48,1,27771908,262,1,152,13499,
165.113,1791.69,51.4386,7.48106,289.138,14.4101,239.375,1,23,-87,-5,2,53,48,1,27771908,262,1,152,13499,
166.089,1805.95,51.4385,7.48089,288.95,14.664,240.213,1,20,-92,-5,2,48,45,1,27771908,262,1,152,13499,
167.108,1819.48,51.4384,7.48071,288.828,14.5561,240.978,1,20,-92,-5,2,48,45,1,27771908,262,1,152,13499,
168.101,1833.67,51.4384,7.48053,288.471,13.988,240.701,1,19,-94,-5,2,46,42,1,27771908,262,1,152,13499,
169.09,1847.32,51.4383,7.48036,287.936,13.9905,241.137,1,19,-94,-5,2,46,42,1,27771908,262,1,152,13499,
170.1,1861.1,51.4383,7.48018,287.749,13.7215,241.139,1,17,-96,-5,2,44,41,1,27771908,262,1,152,13499,
171.099,1874.87,51.4382,7.48001,288.059,13.612,240.968,1,17,-96,-5,2,44,41,1,27771908,262,1,152,13499,
172.105,1888.89,51.4381,7.47983,288.306,13.8152,241.883,1,11,-99,-6,2,41,38,1,27771908,262,1,152,13499,
173.102,1902.63,51.4381,7.47965,288.738,13.0769,242.312,1,11,-99,-6,2,41,38,1,27771908,262,1,152,13499,
174.091,1915.26,51.438,7.47948,289.319,12.719,241.474,1,9,-102,-6,8,38,35,8,27771908,262,1,152,13499,
175.095,1928.58,51.438,7.47931,289.557,12.6874,241.055,1,9,-102,-6,8,38,35,8,27771908,262,1,152,13499,
176.109,1941.05,51.4379,7.47915,289.736,12.9715,240.583,1,5,-105,-7,11,35,34,8,27771908,262,1,152,13499,
177.092,1954.57,51.4379,7.47898,290.024,12.1304,240.493,1,5,-105,-7,11,35,34,8,27771908,262,1,152,13499,
178.102,1967.99,51.4378,7.47881,290.057,12.8564,240.25,1,9,-105,-8,7,35,34,8,27771908,262,1,152,13499,
179.112,1982.25,51.4378,7.47863,289.669,11.9244,241.169,1,9,-105,-8,7,35,34,8,27771908,262,1,152,13499,
180.095,1995.98,51.4377,7.47845,289.162,12.2248,241.655,1,6,-104,-7,11,36,34,8,27771908,262,1,152,13499,
181.108,2009.75,51.4377,7.47828,289.165,12.6794,240.821,1,6,-104,-7,11,36,34,8,27771908,262,1,152,13499,
182.116,2022.21,51.4376,7.47812,289.751,12.5651,240.393,1,8,-106,-8,7,34,33,8,27771908,262,1,152,13499,
183.088,2035.41,51.4375,7.47795,289.553,12.5395,240.915,1,8,-106,-8,7,34,33,8,27771908,262,1,152,13499,
184.093,2047.56,51.4375,7.47779,289.695,12.5236,241.333,1,6,-109,-9,9,31,32,8,27771908,262,1,152,13499,
185.102,2060.01,51.4374,7.47764,289.716,12.506,241.645,1,6,-109,-9,9,31,32,8,27771908,262,1,152,13499,
186.109,2072.7,51.4374,7.47747,289.696,12.5486,242.435,1,6,-109,-9,9,31,32,8,27771908,262,1,152,13499,
187.11,2084.73,51.4373,7.47731,289.944,12.5659,242.899,1,0,-109,-10,4,31,33,8,27771908,262,1,152,13499,
188.101,2096.6,51.4373,7.47716,290.05,11.8879,243.082,1,0,-109,-10,4,31,33,8,27771908,262,1,152,13499,
189.093,2107.97,51.4373,7.47701,289.807,11.2126,244.222,1,4,-109,-10,2,31,32,8,27771908,262,1,152,13499,
190.11,2120,51.4372,7.47685,289.486,10.2102,245.044,1,4,-109,-10,2,31,32,8,27771908,262,1,152,13499,
191.09,2131.78,51.4372,7.47668,289.137,9.89641,261.036,1,9,-109,-10,2,31,32,8,27771908,262,1,152,13499,
192.11,2141.52,51.4372,7.47655,288.979,9.46423,263.529,1,9,-109,-10,2,31,32,8,27771908,262,1,152,13499,
193.102,2150.83,51.4372,7.47641,288.777,8.88347,267.25,1,13,-104,-7,8,36,33,11,27771908,262,1,152,13499,
194.098,2159.96,51.4372,7.47629,288.426,8.83767,293.377,1,13,-104,-7,8,36,33,11,27771908,262,1,152,13499,
195.116,2168.91,51.4373,7.4762,288.29,8.70747,318.157,1,15,-101,-6,14,39,36,11,27771908,262,1,152,13499,
196.092,2178.9,51.4374,7.47617,287.88,9.57329,351.183,1,15,-101,-6,14,39,36,11,27771908,262,1,152,13499,
197.125,2188.71,51.4374,7.47618,287.372,9.34334,10.4199,1,16,-97,-6,11,43,40,11,27771908,262,1,152,13499,
198.178,2198.55,51.4375,7.47625,286.955,10.0919,31.2863,1,16,-97,-6,11,43,40,11,27771908,262,1,152,13499,
199.068,2208.93,51.4376,7.47635,287.144,10.6806,50.3021,1,22,-85,-5,13,55,51,11,27771908,262,1,152,13499,
200.086,2220.5,51.4377,7.47648,287.768,11.6918,50.9899,1,22,-85,-5,13,55,51,11,27771908,262,1,152,13499,
201.109,2232.81,51.4377,7.47662,288.678,12.714,51.9058,1,20,-79,-5,15,61,56,11,27771908,262,1,152,13499,
202.097,2246.7,51.4378,7.47678,289.558,13.7385,52.8247,1,20,-79,-5,15,61,56,11,27771908,262,1,152,13499,
203.105,2260.3,51.4379,7.47694,290.326,14.5496,53.4921,1,19,-84,-4,14,56,49,11,27771908,262,1,152,13499,
204.089,2275.66,51.438,7.47712,291.248,15.3924,53.9358,1,19,-84,-4,14,56,49,11,27771908,262,1,152,13499,
205.101,2291.32,51.438,7.4773,292.069,15.7777,54.7571,1,19,-84,-4,14,56,49,11,27771908,262,1,152,13499,
206.088,2307.1,51.4381,7.47749,293.099,16.1096,55.4996,1,19,-82,-5,13,58,54,11,27771908,262,1,152,13499,
207.096,2323.78,51.4382,7.47769,294.037,16.6002,56.2704,1,19,-82,-5,13,58,54,11,27771908,262,1,152,13499,
208.112,2340.97,51.4383,7.47789,294.499,16.875,57.2085,1,21,-77,-4,15,63,58,11,27771908,262,1,152,13499,
209.099,2358.85,51.4384,7.47811,294.72,17.09,57.1685,1,21,-77,-4,15,63,58,11,27771908,262,1,152,13499,
210.115,2376.02,51.4385,7.47831,294.813,17.5344,56.8335,1,22,-77,-5,15,63,59,11,27771908,262,1,152,13499,
211.116,2393.35,51.4386,7.47852,295.108,18.222,57.1532,1,22,-77,-5,15,63,59,11,27771908,262,1,152,13499,
212.092,2411.2,51.4386,7.47873,295.375,18.7083,58.0381,1,21,-80,-4,15,60,56,11,27771908,262,1,152,13499,
213.117,2429.76,51.4387,7.47896,295.854,19.3818,57.2572,1,21,-80,-4,15,60,56,11,27771908,262,1,152,13499,
214.096,2449.44,51.4388,7.4792,296.293,19.9825,57.6418,1,20,-85,-5,15,55,52,11,27771908,262,1,152,13499,
215.107,2469.95,51.4389,7.47945,296.613,20.5743,57.2917,1,20,-85,-5,15,55,52,11,27771908,262,1,152,13499,
216.087,2491.55,51.439,7.4797,296.575,21.3093,56.549,1,24,-87,-5,2,53,49,11,27771908,262,1,152,13499,
217.106,2513.43,51.4392,7.47995,296.643,22.1106,53.4675,1,24,-87,-5,2,53,49,11,27771908,262,1,152,13499,
218.109,2536.15,51.4393,7.48021,296.837,22.4717,51.8859,1,23,-88,-6,2,52,49,11,27771908,262,1,152,13499,
219.095,2559.1,51.4394,7.48047,297.191,22.3942,52.8381,1,23,-88,-6,2,52,49,11,27771908,262,1,152,13499,
220.098,2583.28,51.4395,7.48075,297.594,22.7621,53.9801,1,25,-87,-5,2,53,49,11,27771908,262,1,152,13499,
221.104,2605.55,51.4397,7.48101,297.601,22.7725,53.6434,1,25,-87,-5,2,53,49,11,27771908,262,1,152,13499,
222.099,2627.17,51.4398,7.48126,297.182,22.8771,53.2779,1,26,-87,-6,2,53,50,11,27771908,262,1,152,13499,
223.104,2649.36,51.4399,7.4815,296.54,22.5491,50.7432,1,26,-87,-6,2,53,50,11,27771908,262,1,152,13499,
224.1,2671.6,51.44,7.48173,296.075,22.3505,48.5508,1,24,-88,-6,2,52,49,11,27771908,262,1,152,13499,
225.096,2693.06,51.4402,7.48196,295.481,22.1217,45.9478,1,24,-88,-6,2,52,49,11,27771908,262,1,152,13499,
226.108,2714.53,51.4403,7.48218,294.731,22.3444,44.7166,1,24,-88,-6,2,52,49,11,27771908,262,1,152,13499,
227.111,2736.12,51.4405,7.48239,293.815,22.4437,42.9159,1,24,-87,-6,2,53,50,11,27771908,262,1,152,13499,
228.097,2758.75,51.4406,7.48261,292.781,22.3847,43.2227,1,24,-87,-6,2,53,50,11,27771908,262,1,152,13499,
229.1,2781.06,51.4408,7.48282,292.05,22.3039,41.94,1,24,-86,-6,2,54,51,11,27771908,262,1,152,13499,
230.103,2803.74,51.4409,7.48304,291.729,22.167,41.1501,1,24,-86,-6,2,54,51,11,27771908,262,1,152,13499,
231.097,2825.03,51.4411,7.48322,291.757,22.0153,38.4783,1,25,-85,-6,2,55,51,11,27771908,262,1,152,13499,
232.101,2846.99,51.4412,7.4834,291.887,21.8586,37.2194,1,25,-85,-6,2,55,51,11,27771908,262,1,152,13499,
233.096,2869.15,51.4414,7.48359,291.848,21.9835,34.9621,1,24,-85,-6,2,55,52,11,27771908,262,1,152,13499,
234.11,2892.05,51.4416,7.48377,291.45,21.8381,33.0451,1,24,-85,-6,2,55,52,11,27771908,262,1,152,13499,
235.115,2913.84,51.4417,7.48393,290.762,21.8465,31.1557,1,13,-85,-6,11,55,51,2,27771908,262,1,152,13499,
236.095,2935.3,51.4419,7.48409,290.284,22.0905,29.8054,1,13,-85,-6,11,55,51,2,27771908,262,1,152,13499,
237.104,2957.15,51.4421,7.48424,289.465,21.8183,28.608,1,9,-90,-8,10,50,49,2,27771908,262,1,152,13499,
238.103,2978.82,51.4422,7.48439,288.402,21.8679,27.3414,1,9,-90,-8,10,50,49,2,27771908,262,1,152,13499,
239.166,3000.18,51.4424,7.48453,287.356,21.9255,27.0037,1,16,-84,-6,15,56,52,1,27771909,262,1,151,13499,
240.089,3020.15,51.4426,7.48467,286.554,21.3165,26.9856,1,16,-84,-6,15,56,52,1,27771909,262,1,151,13499,
241.096,3040.59,51.4427,7.4848,285.874,21.1403,25.8458,1,20,-83,-6,14,57,55,1,27771909,262,1,151,13499,
242.11,3061.42,51.4429,7.48493,285.131,20.9667,24.7569,1,20,-83,-6,14,57,55,1,27771909,262,1,151,13499,
243.091,3081.35,51.4431,7.48505,284.445,20.6057,23.7285,1,27,-77,-6,1,63,61,1,27771909,262,1,151,13499,
244.108,3101.13,51.4432,7.48517,284.162,20.5188,23.8933,1,27,-77,-6,1,63,61,1,27771909,262,1,151,13499,
245.09,3120.85,51.4434,7.48529,284.037,20.2458,23.9998,1,28,-75,-5,14,65,60,1,27771909,262,1,151,13499,
246.103,3140.28,51.4436,7.48541,283.856,20.0945,24.0001,1,28,-75,-5,14,65,60,1,27771909,262,1,151,13499,
247.102,3159.83,51.4437,7.48552,283.609,19.1731,22.7316,1,32,-78,-5,15,62,59,1,27771909,262,1,151,13499,
248.096,3178.58,51.4439,7.48563,283.324,17.5084,22.244,1,32,-78,-5,15,62,59,1,27771909,262,1,151,13499,
249.098,3195.17,51.444,7.48572,282.784,16.6021,21.741,1,32,-78,-5,15,62,59,1,27771909,262,1,151,13499,
250.091,3211.98,51.4441,7.48581,282.121,15.8746,22.3689,1,25,-67,-4,15,73,63,1,27771909,262,1,151,13499,
251.116,3226.97,51.4443,7.48589,281.046,14.4979,23.1485,1,25,-67,-4,15,73,63,1,27771909,262,1,151,13499,
252.098,3239.26,51.4444,7.48597,280.424,13.1723,24.5334,1,32,-64,-5,1,76,63,1,27771909,262,1,151,13499,
253.091,3252.73,51.4445,7.48606,279.724,12.3978,27.3534,1,32,-64,-5,1,76,63,1,27771909,262,1,151,13499,
254.097,3265.72,51.4446,7.48617,279.001,11.9496,40.1385,1,31,-72,-5,15,68,63,1,27771909,262,1,151,13499,
255.111,3278.18,51.4447,7.48628,278.18,11.6362,43.2299,1,31,-72,-5,15,68,63,1,27771909,262,1,151,13499,
256.106,3289.64,51.4447,7.48643,277.611,11.4878,61.9351,1,30,-75,-9,15,65,63,1,27771909,262,1,151,13499,
257.108,3300.74,51.4447,7.48658,277.082,11.3442,77.0951,1,30,-75,-9,15,65,63,1,27771909,262,1,151,13499,
258.088,3311.78,51.4448,7.48674,276.293,11.3481,79.7359,1,29,-80,-8,2,60,59,1,27771909,262,1,151,13499,
259.114,3323.66,51.4447,7.48691,275.466,11.8523,98.9512,1,29,-80,-8,2,60,59,1,27771909,262,1,151,13499,
260.095,3336.79,51.4447,7.48708,274.833,12.4334,114,1,25,-81,-9,2,59,59,1,27771909,262,1,151,13499,
261.111,3350.28,51.4446,7.48724,274.463,12.5954,128.742,1,25,-81,-9,2,59,59,1,27771909,262,1,151,13499,
262.101,3365.32,51.4445,7.4874,273.06,12.6878,132.856,1,27,-83,-9,2,57,58,1,27771909,262,1,151,13499,
263.095,3379.42,51.4444,7.48749,271.254,12.3834,155.674,1,27,-83,-9,2,57,58,1,27771909,262,1,151,13499,
264.105,3393.69,51.4443,7.48754,269.667,12.5821,169.937,1,29,-80,-10,2,60,60,1,27771909,262,1,151,13499,
265.093,3404.9,51.4442,7.48753,268.253,11.9563,183.225,1,29,-80,-10,2,60,60,1,27771909,262,1,151,13499,
266.11,3417.61,51.4441,7.48748,266.907,12.3375,198.577,1,28,-73,-9,2,67,63,1,27771909,262,1,151,13499,
267.087,3430.26,51.444,7.48741,265.64,12.6299,202.682,1,28,-73,-9,2,67,63,1,27771909,262,1,151,13499,
268.095,3442.92,51.4439,7.48729,264.995,12.9351,224.079,1,30,-68,-9,2,72,63,1,27771909,262,1,151,13499,
269.115,3457.05,51.4438,7.48712,264.266,13.2542,238.74,1,30,-68,-9,2,72,63,1,27771909,262,1,151,13499,
270.107,3469.27,51.4438,7.48696,264.309,13.4623,251.766,1,30,-71,-10,2,69,63,1,27771909,262,1,151,13499,
271.094,3482,51.4438,7.48678,264.475,13.8381,266.507,1,30,-71,-10,2,69,63,1,27771909,262,1,151,13499,
272.109,3496.46,51.4438,7.48657,264.444,14.2664,267.737,1,30,-71,-10,2,69,63,1,27771909,262,1,151,13499,
273.099,3511.26,51.4438,7.48635,263.963,14.7327,268.183,1,28,-79,-10,2,61,61,1,27771909,262,1,151,13499,
274.109,3526.32,51.4437,7.48614,263.198,15.4032,267.192,1,28,-79,-10,2,61,61,1,27771909,262,1,151,13499,
275.11,3542.23,51.4437,7.48591,262.521,16.1897,266.791,1,25,-81,-9,14,59,59,2,27771909,262,1,151,13499,
276.087,3559.58,51.4437,7.48566,262.124,16.7799,267.062,1,25,-81,-9,14,59,59,2,27771909,262,1,151,13499,
277.105,3576.86,51.4437,7.48541,261.869,17.6213,268.647,1,28,-81,-9,15,59,59,2,27771909,262,1,151,13499,
278.11,3595.52,51.4437,7.48514,261.673,18.0814,267.54,1,28,-81,-9,15,59,59,2,27771909,262,1,151,13499,
279.106,3614.4,51.4437,7.48487,261.502,19.0209,266.648,1,13,-90,-10,14,50,51,2,27771909,262,1,151,13499,
280.109,3633.56,51.4437,7.48459,261.488,19.5117,267.139,1,13,-90,-10,14,50,51,2,27771909,262,1,151,13499,
281.104,3653.9,51.4437,7.4843,261.415,20.497,268.1,1,29,-80,-9,14,60,60,2,27771909,262,1,151,13499,
282.103,3675.8,51.4437,7.48398,261.412,20.9328,268.689,1,29,-80,-9,14,60,60,2,27771909,262,1,151,13499,
283.099,3696.95,51.4437,7.48368,261.498,20.4077,268.115,1,31,-68,-9,15,72,63,2,27771909,262,1,151,13499,
284.108,3717.68,51.4437,7.48338,261.451,20.0558,267.869,1,31,-68,-9,15,72,63,2,27771909,262,1,151,13499,
285.096,3737.59,51.4437,7.48309,261.29,20.1183,267.742,1,32,-67,-9,14,73,63,2,27771909,262,1,151,13499,
286.11,3757.96,51.4437,7.4828,261.176,20.0794,267.63,1,32,-67,-9,14,73,63,2,27771909,262,1,151,13499,
287.089,3777.43,51.4436,7.48251,261.003,19.8847,267.339,1,26,-80,-9,14,60,60,2,27771909,262,1,151,13499,
288.121,3796.83,51.4436,7.48223,260.916,19.6355,266.923,1,26,-80,-9,14,60,60,2,27771909,262,1,151,13499,
289.171,3816.19,51.4436,7.48196,260.831,19.6328,266.321,1,24,-84,-9,14,56,57,2,27771909,262,1,151,13499,
290.083,3835.71,51.4436,7.48167,260.738,19.6985,266.343,1,24,-84,-9,14,56,57,2,27771909,262,1,151,13499,
291.102,3855.42,51.4436,7.48139,260.653,19.9265,266.136,1,22,-86,-9,14,54,55,5,27771909,262,1,151,13499,
292.119,3875.45,51.4436,7.4811,260.579,20.136,266.434,1,22,-86,-9,14,54,55,5,27771909,262,1,151,13499,
293.122,3895.93,51.4436,7.48081,260.52,20.547,265.909,1,13,-88,-7,12,52,49,5,27771909,262,1,151,13499,
294.12,3916.21,51.4436,7.48051,260.272,20.6413,265.001,1,13,-88,-7,12,52,49,5,27771909,262,1,151,13499,
295.091,3936.43,51.4436,7.48022,259.96,20.6198,264.034,1,13,-88,-7,12,52,49,5,27771909,262,1,151,13499,
296.111,3956.79,51.4435,7.47993,259.817,20.6664,263.539,1,11,-90,-9,11,50,49,5,27771909,262,1,151,13499,
297.103,3977.49,51.4435,7.47963,259.767,20.7727,262.662,1,11,-90,-9,11,50,49,5,27771909,262,1,151,13499,
298.1,3997.02,51.4435,7.47935,259.504,20.7581,262.203,1,13,-90,-9,10,50,49,5,27771909,262,1,151,13499,
299.119,4017.24,51.4435,7.47906,259.14,21.0781,262.158,1,13,-90,-9,10,50,49,5,27771909,262,1,151,13499,
300.123,4038.29,51.4435,7.47876,258.821,21.3738,263.032,1,10,-89,-8,10,51,51,5,27771909,262,1,151,13499,
301.099,4058.8,51.4434,7.47847,258.41,21.4136,262.768,1,10,-89,-8,10,51,51,5,27771909,262,1,151,13499,
302.085,4080,51.4434,7.47816,258.18,21.2263,262.47,1,19,-85,-7,10,55,52,5,27771909,262,1,151,13499,
303.101,4101.08,51.4434,7.47786,257.971,21.358,262.325,1,19,-85,-7,10,55,52,5,27771909,262,1,151,13499,
304.092,4122.01,51.4434,7.47756,257.586,21.3347,262.519,1,16,-87,-9,12,53,51,5,27771909,262,1,151,13499,
305.108,4142.75,51.4433,7.47726,257.116,21.2319,262.235,1,16,-87,-9,12,53,51,5,27771909,262,1,151,13499,
306.1,4163.66,51.4433,7.47696,256.581,20.9192,262.524,1,10,-89,-9,10,51,49,5,27771909,262,1,151,13499,
307.102,4184.2,51.4433,7.47667,256.083,20.4542,262.058,1,10,-89,-9,10,51,49,5,27771909,262,1,151,13499,
308.1,4204.71,51.4433,7.47638,255.597,20.4196,261.679,1,5,-87,-8,2,53,49,5,27771909,262,1,151,13499,
309.093,4225.23,51.4433,7.47608,255.098,20.6165,261.124,1,5,-87,-8,2,53,49,5,27771909,262,1,151,13499,
310.106,4246.02,51.4432,7.47579,254.601,20.7556,260.952,1,17,-89,-9,2,51,48,5,27771909,262,1,151,13499,
311.117,4266.85,51.4432,7.47549,254.087,20.912,260.807,1,17,-89,-9,2,51,48,5,27771909,262,1,151,13499,
312.109,4287.57,51.4432,7.47519,253.64,21.0876,260.146,1,20,-89,-9,2,51,49,5,27771909,262,1,151,13499,
313.101,4308.38,51.4431,7.4749,253.123,21.3411,258.816,1,20,-89,-9,2,51,49,5,27771909,262,1,151,13499,
314.113,4329.37,51.4431,7.4746,252.597,21.4955,258.222,1,8,-91,-9,2,49,49,5,27771909,262,1,151,13499,
315.116,4350.82,51.4431,7.4743,252.121,21.4984,258.409,1,8,-91,-9,2,49,49,5,27771909,262,1,151,13499,
316.117,4372.24,51.443,7.474,251.752,21.674,258.617,1,3,-99,-10,2,41,42,5,27771909,262,1,151,13499,
317.098,4393.74,51.443,7.47369,251.356,21.681,258.901,1,3,-99,-10,2,41,42,5,27771909,262,1,151,13499,
318.092,4415.03,51.4429,7.47339,250.953,21.4721,259.154,1,0,-104,-10,2,36,36,5,27771909,262,1,151,13499,
319.104,4436.61,51.4429,7.47309,250.631,21.2485,259.145,1,0,-104,-10,2,36,36,5,27771909,262,1,151,13499,
320.1,4457.18,51.4429,7.4728,250.353,21.0873,259.301,1,-1,-107,-10,2,33,34,5,27771909,262,1,151,13499,
321.092,4477.73,51.4428,7.47251,249.975,20.5327,259.926,1,-1,-107,-10,2,33,34,5,27771909,262,1,151,13499,
322.099,4497.83,51.4428,7.47222,249.511,20.3557,259.358,1,-1,-107,-10,2,33,34,5,27771909,262,1,151,13499,
323.108,4517.99,51.4428,7.47193,249.058,20.0814,259.213,1,1,-110,-11,2,30,32,5,27771909,262,1,151,13499,
324.085,4537.93,51.4427,7.47165,248.655,20.1783,258.83,1,1,-110,-11,2,30,32,5,27771909,262,1,151,13499,
325.108,4557.83,51.4427,7.47137,248.139,20.1274,258.91,1,3,-111,-10,2,29,30,5,27771909,262,1,151,13499,
326.114,4577.47,51.4426,7.47109,247.586,20.1017,258.807,1,3,-111,-10,2,29,30,5,27771909,262,1,151,13499,
327.112,4596.9,51.4426,7.47082,246.959,20.0658,259.061,1,0,-113,-13,5,27,31,13,27771909,262,1,151,13499,
328.095,4616.18,51.4426,7.47054,246.234,19.9891,257.854,1,0,-113,-13,5,27,31,13,27771909,262,1,151,13499,
329.096,4635.69,51.4425,7.47027,245.528,19.8844,258.048,1,-2,-115,-14,5,25,30,13,27771909,262,1,151,13499,
330.101,4655.41,51.4425,7.46999,244.781,20.0716,257.675,1,-2,-115,-14,5,25,30,13,27771909,262,1,151,13499,
331.109,4675.84,51.4425,7.4697,244.06,20.5554,258.59,1,2,-110,-10,8,30,31,29,31281409,262,1,232,13499,
332.091,4696.63,51.4424,7.46941,243.34,20.7523,257.471,1,2,-110,-10,8,30,31,29,31281409,262,1,232,13499,
333.114,4717.76,51.4424,7.46911,242.548,21.1405,257.516,1,4,-109,-9,8,31,31,29,31281409,262,1,232,13499,
334.105,4739.39,51.4423,7.4688,241.803,21.4238,257.859,1,4,-109,-9,8,31,31,29,31281409,262,1,232,13499,
335.112,4761.11,51.4423,7.4685,241.025,21.4198,258.138,1,6,-109,-9,9,31,31,29,31281409,262,1,232,13499,
336.117,4782.66,51.4423,7.46819,240.295,21.5514,258.388,1,6,-109,-9,9,31,31,29,31281409,262,1,232,13499,
337.105,4804.43,51.4422,7.46788,239.65,21.9425,258.675,1,8,-107,-8,11,33,31,29,31281409,262,1,232,13499,
338.101,4826.5,51.4422,7.46757,238.942,22.263,258.603,1,8,-107,-8,11,33,31,29,31281409,262,1,232,13499,
339.09,4848.57,51.4422,7.46726,238.252,22.0665,259.312,1,7,-105,-9,11,35,35,29,31281409,262,1,232,13499,
340.104,4870.86,51.4421,7.46694,237.608,22.1146,258.97,1,7,-105,-9,11,35,35,29,31281409,262,1,232,13499,
341.088,4892.8,51.4421,7.46663,236.924,22.0887,259.736,1,8,-103,-7,11,37,36,29,31281409,262,1,232,13499,
342.102,4914.7,51.4421,7.46632,236.294,22.2051,260.047,1,8,-103,-7,11,37,36,29,31281409,262,1,232,13499,
343.193,4936.73,51.442,7.466,235.801,22.1802,260.55,1,11,-100,-7,8,40,38,29,31281409,262,1,232,13499,
344.099,4958.81,51.442,7.46569,235.343,22.4505,260.302,1,11,-100,-7,8,40,38,29,31281409,262,1,232,13499,
345.102,4981.33,51.442,7.46537,234.837,22.7463,260.252,1,14,-99,-7,9,41,39,29,31281409,262,1,232,13499,
346.128,5003.85,51.4419,7.46504,234.309,23.1114,261.826,1,14,-99,-7,9,41,39,29,31281409,262,1,232,13499,
347.085,5027.01,51.4419,7.46471,233.655,23.4532,261.587,1,13,-101,-7,12,39,37,29,31281409,262,1,232,13499,
348.102,5050.54,51.4419,7.46438,233.097,23.5098,261.476,1,13,-101,-7,12,39,37,29,31281409,262,1,232,13499,
349.099,5073.55,51.4418,7.46405,232.588,23.2207,261.707,1,13,-102,-7,7,38,37,29,31281409,262,1,232,13499,
350.114,5096.22,51.4418,7.46372,232.056,22.9294,262.543,1,13,-102,-7,7,38,37,29,31281409,262,1,232,13499,
351.09,5118.57,51.4418,7.4634,231.553,22.536,263.009,1,13,-102,-7,7,38,37,29,31281409,262,1,232,13499,
352.09,5140.73,51.4418,7.46308,231.161,22.3986,263.444,1,8,-103,-7,10,37,35,29,31281409,262,1,232,13499,
353.098,5162.72,51.4418,7.46277,230.853,22.1911,263.272,1,8,-103,-7,10,37,35,29,31281409,262,1,232,13499,
354.086,5184.97,51.4417,7.46245,230.585,22.2445,264.851,1,7,-105,-9,8,35,35,29,31281409,262,1,232,13499,
355.107,5206.99,51.4417,7.46213,230.28,22.1185,264.718,1,7,-105,-9,8,35,35,29,31281409,262,1,232,13499,
356.099,5229.1,51.4417,7.46181,230.013,21.8318,264.949,1,9,-103,-7,7,37,35,29,31281409,262,1,232,13499,
357.092,5249.92,51.4417,7.46151,229.744,21.2724,265.556,1,9,-103,-7,7,37,35,29,31281409,262,1,232,13499,
358.11,5270.63,51.4417,7.46122,229.468,20.8949,265.754,1,5,-103,-9,7,37,37,29,31281409,262,1,232,13499,
359.108,5291.73,51.4417,7.46091,229.386,20.6505,266.101,1,5,-103,-9,7,37,37,29,31281409,262,1,232,13499,
360.116,5312.64,51.4416,7.46061,229.241,20.6504,266.582,1,7,-101,-8,7,39,37,29,31281409,262,1,232,13499,
361.1,5333.24,51.4416,7.46031,229.116,20.7441,266.711,1,7,-101,-8,7,39,37,29,31281409,262,1,232,13499,
362.101,5353.93,51.4416,7.46002,229.028,20.9822,267.337,1,8,-102,-10,2,38,38,29,31281409,262,1,232,13499,
363.1,5374.95,51.4416,7.45971,228.927,21.2086,267.969,1,8,-102,-10,2,38,38,29,31281409,262,1,232,13499,
364.099,5396.74,51.4416,7.4594,228.86,21.311,268.369,1,-1,-103,-7,2,37,36,29,31281409,262,1,232,13499,
365.099,5418.13,51.4416,7.45909,228.718,21.3946,268.454,1,-1,-103,-7,2,37,36,29,31281409,262,1,232,13499,
366.112,5439.63,51.4416,7.45878,228.764,21.2626,268.653,1,8,-104,-8,2,36,35,29,27771908,262,1,152,13499,
367.114,5461.2,51.4416,7.45847,228.815,21.3285,268.812,1,8,-104,-8,2,36,35,29,27771908,262,1,152,13499,
368.089,5482.58,51.4416,7.45816,228.828,21.5579,269.299,1,7,-102,-8,2,38,37,29,27771908,262,1,152,13499,
369.099,5504.48,51.4416,7.45784,228.834,21.8738,269.807,1,7,-102,-8,2,38,37,29,27771908,262,1,152,13499,
370.105,5526.41,51.4416,7.45753,228.822,21.9641,270.179,1,11,-101,-8,2,39,38,29,27771908,262,1,152,13499,
371.111,5547.76,51.4416,7.45722,228.746,21.9917,270.007,1,11,-101,-8,2,39,38,29,27771908,262,1,152,13499,
372.105,5570.15,51.4416,7.45689,228.693,22.0009,270.15,1,7,-100,-7,2,40,38,29,27771908,262,1,152,13499,
373.106,5592.13,51.4416,7.45658,228.658,21.9123,270.282,1,7,-100,-7,2,40,38,29,27771908,262,1,152,13499,
374.111,5613.86,51.4416,7.45626,228.624,21.7859,270.558,1,12,-99,-7,2,41,38,29,27771908,262,1,152,13499,
375.105,5635.06,51.4416,7.45596,228.418,21.8124,270.398,1,12,-99,-7,2,41,38,29,27771908,262,1,152,13499,
376.105,5656.8,51.4416,7.45564,228.185,22.0022,270.735,1,11,-97,-6,2,43,40,29,27771908,262,1,152,13499,
377.1,5678.99,51.4416,7.45532,227.965,22.4125,271.035,1,11,-97,-6,2,43,40,29,27771908,262,1,152,13499,
378.097,5701.84,51.4416,7.45499,227.859,22.6464,271.743,1,11,-97,-6,2,43,40,29,27771908,262,1,152,13499,
379.113,5724.51,51.4416,7.45467,227.86,22.5003,272.195,1,8,-95,-6,2,45,41,29,27771908,262,1,152,13499,
380.124,5746.92,51.4416,7.45434,227.938,22.3201,272.932,1,8,-95,-6,2,45,41,29,27771908,262,1,152,13499,
381.106,5769.29,51.4416,7.45402,227.972,22.4609,274.266,1,7,-92,-7,2,48,45,29,33527552,262,1,433,13499,
382.099,5791.95,51.4416,7.45369,228.005,23.0075,273.931,1,7,-92,-7,2,48,45,29,33527552,262,1,433,13499,
383.101,5814.85,51.4417,7.45336,227.97,23.5241,274.252,1,22,-86,-5,2,54,49,29,33527552,262,1,433,13499,
384.15,5838.83,51.4417,7.45302,227.913,23.8225,275.109,1,22,-86,-5,2,54,49,29,33527552,262,1,433,13499,
385.106,5862.92,51.4417,7.45267,227.906,23.933,275.187,1,23,-78,-5,14,62,56,14,33527552,262,1,433,13499,
386.101,5886.88,51.4417,7.45233,227.873,23.9973,275.493,1,23,-78,-5,14,62,56,14,33527552,262,1,433,13499,
387.09,5911.09,51.4417,7.45198,227.793,24.149,275.723,1,25,-79,-5,15,61,57,14,33527552,262,1,433,13499,
388.107,5935.34,51.4418,7.45163,227.767,24.0168,276.143,1,25,-79,-5,15,61,57,14,33527552,262,1,433,13499,
389.114,5958.62,51.4418,7.4513,227.652,23.9649,276.387,1,27,-78,-4,15,62,57,14,33527552,262,1,433,13499,
390.114,5982.68,51.4418,7.45095,227.572,23.8365,277.601,1,27,-78,-4,15,62,57,14,33527552,262,1,433,13499,
391.115,6006.68,51.4418,7.45061,227.428,23.4894,277.401,1,28,-76,-4,15,64,59,14,33527552,262,1,433,13499,
392.095,6030.27,51.4419,7.45027,227.133,23.0896,278.194,1,28,-76,-4,15,64,59,14,33527552,262,1,433,13499,
393.092,6052.94,51.4419,7.44995,226.964,23.1262,278.122,1,29,-78,-4,15,62,56,14,33527552,262,1,433,13499,
394.098,6075.53,51.4419,7.44962,226.925,23.0276,277.975,1,29,-78,-4,15,62,56,14,33527552,262,1,433,13499,
395.11,6098.57,51.4419,7.44929,226.817,22.7239,277.377,1,26,-77,-4,15,63,58,14,33527552,262,1,433,13499,
396.093,6120.65,51.442,7.44898,226.833,22.1547,278.54,1,26,-77,-4,15,63,58,14,33527552,262,1,433,13499,
397.124,6142.88,51.442,7.44866,226.543,21.8668,279.11,1,30,-77,-4,15,63,59,14,33527552,262,1,433,13499,
398.13,6164.23,51.442,7.44836,226.223,21.5593,279.638,1,30,-77,-4,15,63,59,14,33527552,262,1,433,13499,
399.093,6185.29,51.4421,7.44806,225.989,21.4404,279.393,1,26,-78,-4,15,62,58,14,33527552,262,1,433,13499,
400.091,6206.26,51.4421,7.44776,225.771,21.2093,280.53,1,26,-78,-4,15,62,58,14,33527552,262,1,433,13499,
401.113,6226.92,51.4421,7.44747,225.705,21.1611,281.038,1,26,-78,-4,15,62,58,14,33527552,262,1,433,13499,
402.099,6247.81,51.4422,7.44717,225.754,21.2699,281.295,1,31,-77,-5,15,63,59,14,33527552,262,1,433,13499,
403.095,6269.23,51.4422,7.44687,225.794,21.4821,281.533,1,31,-77,-5,15,63,59,14,33527552,262,1,433,13499,
404.11,6290.86,51.4423,7.44657,225.902,21.6876,281.53,1,29,-76,-5,15,64,61,14,33527552,262,1,433,13499,
405.086,6311.77,51.4423,7.44627,225.799,21.5571,282.072,1,29,-76,-5,15,64,61,14,33527552,262,1,433,13499,
406.103,6332.97,51.4423,7.44597,225.683,21.4896,282.34,1,28,-72,-4,15,68,63,14,33527552,262,1,433,13499,
407.108,6354.38,51.4424,7.44567,225.555,21.6093,282.491,1,28,-72,-4,15,68,63,14,33527552,262,1,433,13499,
408.088,6375.67,51.4424,7.44537,225.396,21.6908,282.425,1,29,-70,-4,15,70,63,14,33527552,262,1,433,13499,
409.107,6396.78,51.4425,7.44507,225.149,21.9167,283.3,1,29,-70,-4,15,70,63,14,33527552,262,1,433,13499,
410.117,6418.86,51.4425,7.44476,224.934,22.2769,283.138,1,32,-69,-4,15,71,63,14,33527552,262,1,433,13499,
411.098,6440.25,51.4426,7.44446,224.599,22.0963,283.209,1,32,-69,-4,15,71,63,14,33527552,262,1,433,13499,
412.091,6462.62,51.4426,7.44415,224.364,21.897,284.107,1,31,-67,-4,15,73,63,14,33527552,262,1,433,13499,
413.094,6483.98,51.4426,7.44385,224.048,21.6522,283.97,1,31,-67,-4,15,73,63,14,33527552,262,1,433,13499,
414.164,6505.62,51.4427,7.44354,223.746,21.8555,284.746,1,31,-68,-5,15,72,63,14,33527552,262,1,433,13499,
415.089,6527.73,51.4427,7.44323,223.364,22.1553,284.775,1,31,-68,-5,15,72,63,14,33527552,262,1,433,13499,
416.106,6550.75,51.4428,7.44291,223.034,22.8844,284.31,1,24,-68,-6,15,72,63,14,33527552,262,1,433,13499,
417.1,6573.65,51.4429,7.4426,222.76,22.9797,285.906,1,24,-68,-6,15,72,63,14,33527552,262,1,433,13499,
418.109,6596.86,51.4429,7.44228,222.512,23.2361,285.986,1,31,-70,-5,15,70,63,14,33527552,262,1,433,13499,
419.096,6620.77,51.443,7.44195,222.262,23.4336,286.283,1,31,-70,-5,15,70,63,14,33527552,262,1,433,13499,
420.109,6643.7,51.443,7.44163,221.905,23.3464,286.414,1,31,-70,-5,15,70,63,14,33527552,262,1,433,13499,
421.117,6666.85,51.4431,7.44131,221.441,23.385,286.909,1,31,-68,-6,15,72,63,14,33527552,262,1,433,13499,
422.101,6689.98,51.4432,7.44099,221.054,23.4008,287.095,1,31,-68,-6,15,72,63,14,33527552,262,1,433,13499,
423.118,6712.98,51.4432,7.44067,220.69,23.0716,287.729,1,27,-72,-5,15,68,63,14,33527552,262,1,433,13499,
424.114,6736.1,51.4433,7.44036,220.297,23.0305,288.123,1,27,-72,-5,15,68,63,14,33527552,262,1,433,13499,
425.113,6759.16,51.4434,7.44004,219.902,23.2949,287.551,1,10,-84,-6,12,56,53,14,33527552,262,1,433,13499,
426.105,6782.45,51.4434,7.43972,219.456,23.5215,286.989,1,10,-84,-6,12,56,53,14,33527552,262,1,433,13499,
427.106,6806.06,51.4435,7.4394,219.201,23.5289,288.107,1,28,-74,-4,15,66,61,14,33527552,262,1,433,13499,
428.1,6829.16,51.4436,7.43908,218.994,23.4649,288.707,1,28,-74,-4,15,66,61,14,33527552,262,1,433,13499,
429.106,6852.57,51.4436,7.43876,218.738,23.5605,288.243,1,29,-79,-5,15,61,59,14,33527552,262,1,433,13499,
430.114,6875.96,51.4437,7.43844,218.539,23.6764,289.462,1,29,-79,-5,15,61,59,14,33527552,262,1,433,13499,
431.093,6899.03,51.4438,7.43813,218.301,23.6364,290.198,1,24,-76,-5,2,64,60,14,33527552,262,1,433,13499,
432.111,6922.72,51.4439,7.43781,218.132,24.303,290.772,1,24,-76,-5,2,64,60,14,33527552,262,1,433,13499,
433.092,6947.44,51.4439,7.43748,217.75,24.6674,291.19,1,21,-79,-5,2,61,58,14,33527552,262,1,433,13499,
434.091,6972,51.444,7.43715,217.349,24.6507,291.077,1,21,-79,-5,2,61,58,14,33527552,262,1,433,13499,
435.1,6997.15,51.4441,7.43682,216.853,25.2194,291.984,1,4,-82,-6,6,58,54,1,33527554,262,1,434,13499,
436.109,7022.35,51.4442,7.43648,216.232,25.4333,291.832,1,4,-82,-6,6,58,54,1,33527554,262,1,434,13499,
437.116,7047.17,51.4443,7.43616,215.43,25.2518,293.731,1,23,-76,-5,15,64,58,1,33527554,262,1,434,13499,
438.103,7074.34,51.4444,7.43579,214.897,25.7707,292.871,1,23,-76,-5,15,64,58,1,33527554,262,1,434,13499,
439.105,7099.68,51.4445,7.43546,214.231,25.7096,293.255,1,21,-82,-6,12,58,55,1,33527554,262,1,434,13499,
440.105,7125.25,51.4446,7.43512,213.719,25.6957,294.327,1,21,-82,-6,12,58,55,1,33527554,262,1,434,13499,
441.092,7150.38,51.4447,7.43479,213.181,25.3949,295.027,1,14,-82,-5,14,58,54,1,33527554,262,1,434,13499,
442.091,7176.1,51.4448,7.43446,212.607,25.1948,295.419,1,14,-82,-5,14,58,54,1,33527554,262,1,434,13499,
443.112,7201.73,51.4449,7.43413,211.809,25.322,296.838,1,14,-82,-5,14,58,54,1,33527554,262,1,434,13499,
444.091,7226.76,51.445,7.43381,210.938,25.5297,296.847,1,22,-85,-5,14,55,51,1,33527554,262,1,434,13499,
445.116,7252.01,51.4451,7.43349,209.983,25.5476,296.613,1,22,-85,-5,14,55,51,1,33527554,262,1,434,13499,
446.092,7276.13,51.4452,7.43318,209.077,24.928,298.444,1,34,-84,-5,13,56,54,1,33527554,262,1,434,13499,
447.121,7299.7,51.4453,7.43288,208.034,24.6023,299.494,1,34,-84,-5,13,56,54,1,33527554,262,1,434,13499,
448.093,7323.16,51.4454,7.43259,206.831,24.8328,300.164,1,22,-85,-5,12,55,48,1,33527554,262,1,434,13499,
449.114,7346.94,51.4455,7.4323,205.736,24.8989,301.334,1,22,-85,-5,12,55,48,1,33527554,262,1,434,13499,
450.16,7372.29,51.4456,7.43198,204.76,24.6075,302.279,1,27,-83,-5,14,57,54,1,33527554,262,1,434,13499,
451.086,7396.13,51.4457,7.43169,204.047,24.559,303.047,1,27,-83,-5,14,57,54,1,33527554,262,1,434,13499,
452.098,7419.76,51.4458,7.43141,203.234,24.0256,304.92,1,24,-84,-6,14,56,54,5,33527554,262,1,434,13499,
453.12,7443.9,51.446,7.43112,202.251,24.3367,304.586,1,24,-84,-6,14,56,54,5,33527554,262,1,434,13499,
454.108,7468.37,51.4461,7.43084,201.204,24.2162,306.134,1,29,-81,-5,15,59,57,5,33527554,262,1,434,13499,
455.109,7492.46,51.4462,7.43056,199.944,24.3127,306.871,1,29,-81,-5,15,59,57,5,33527554,262,1,434,13499,
456.112,7516.69,51.4464,7.43028,198.633,24.2609,307.384,1,25,-77,-5,15,63,59,5,33527554,262,1,434,13499,
457.106,7540.34,51.4465,7.43002,197.315,24.2938,309.134,1,25,-77,-5,15,63,59,5,33527554,262,1,434,13499,
458.094,7564.45,51.4466,7.42975,195.911,24.4006,310.147,1,29,-75,-4,15,65,59,5,33527554,262,1,434,13499,
459.09,7588.56,51.4468,7.42949,194.552,24.3299,310.75,1,29,-75,-4,15,65,59,5,33527554,262,1,434,13499,
460.12,7612.09,51.4469,7.42925,193.093,24.1036,312.711,1,26,-75,-4,15,65,58,5,33527554,262,1,434,13499,
461.116,7635.11,51.4471,7.42902,191.768,23.9658,313.741,1,26,-75,-4,15,65,58,5,33527554,262,1,434,13499,
462.108,7657.99,51.4472,7.42878,190.518,23.779,314.54,1,30,-81,-4,15,59,54,5,33527554,262,1,434,13499,
463.121,7681.47,51.4474,7.42855,189.455,23.7585,315.647,1,30,-81,-4,15,59,54,5,33527554,262,1,434,13499,
464.101,7704.98,51.4475,7.42832,188.438,23.5345,316.471,1,12,-86,-8,13,54,52,56,27771140,262,1,434,13499,
465.109,7728.19,51.4477,7.42809,187.493,23.4476,317.384,1,12,-86,-8,13,54,52,56,27771140,262,1,434,13499,
466.091,7751,51.4478,7.42787,186.568,23.083,318.379,1,11,-87,-6,13,53,49,56,27771140,262,1,289,13499,
467.116,7773.07,51.448,7.42767,185.471,22.8405,318.794,1,11,-87,-6,13,53,49,56,27771140,262,1,289,13499,
468.122,7795.13,51.4481,7.42746,184.303,22.6315,319.65,1,10,-90,-6,9,50,46,56,27771140,262,1,289,13499,
469.086,7817.47,51.4483,7.42726,183.152,22.5943,320.848,1,10,-90,-6,9,50,46,56,27771140,262,1,289,13499,
470.119,7840.19,51.4485,7.42707,182.075,22.8422,321.887,1,10,-90,-6,9,50,46,56,27771140,262,1,289,13499,
471.125,7863.27,51.4486,7.42687,180.939,23.4288,323.479,1,14,-89,-5,11,51,46,56,27771140,262,1,289,13499,
472.114,7887.12,51.4488,7.42667,179.834,23.9303,323.884,1,14,-89,-5,11,51,46,56,27771140,262,1,289,13499,
473.103,7911.4,51.449,7.42648,178.783,24.4189,324.621,1,15,-91,-5,10,49,44,56,27771140,262,1,289,13499,
474.095,7935.75,51.4492,7.42628,177.792,24.5174,325.017,1,15,-91,-5,10,49,44,56,27771140,262,1,289,13499,
475.097,7960.37,51.4494,7.42609,176.953,24.3908,326.74,1,13,-93,-5,10,47,43,56,27771140,262,1,289,13499,
476.108,7984.66,51.4495,7.42591,176.077,24.3122,328.734,1,13,-93,-5,10,47,43,56,27771140,262,1,289,13499,
477.098,8008.8,51.4497,7.42574,175.165,24.1011,329.38,1,9,-96,-6,6,44,40,13,33527554,262,1,434,13499,
478.089,8032.41,51.4499,7.42557,174.23,23.6536,329.875,1,9,-96,-6,6,44,40,13,33527554,262,1,434,13499,
479.094,8055.92,51.4501,7.42541,173.116,23.734,330.292,1,16,-95,-6,14,45,40,13,33527554,262,1,434,13499,
480.119,8079.18,51.4503,7.42525,171.868,23.6717,330.931,1,16,-95,-6,14,45,40,13,33527554,262,1,434,13499,
481.108,8101.68,51.4505,7.42512,170.725,23.2104,334.193,1,25,-96,-6,8,44,41,13,33527554,262,1,434,13499,
482.091,8123.88,51.4507,7.42498,170.063,23.4224,334.59,1,25,-96,-6,8,44,41,13,33527554,262,1,434,13499,
483.104,8147.32,51.4508,7.42483,169.241,23.4651,333.822,1,20,-100,-8,6,40,39,13,33527554,262,1,434,13499,
484.111,8172.12,51.4511,7.42469,168.586,23.5947,335.504,1,20,-100,-8,6,40,39,13,33527554,262,1,434,13499,
485.085,8196.1,51.4513,7.42456,167.832,23.7316,336.851,1,3,-103,-12,6,37,39,13,33527554,262,1,434,13499,
486.1,8219.43,51.4514,7.42444,166.951,23.7815,338.816,1,3,-103,-12,6,37,39,13,33527554,262,1,434,13499,
487.11,8242.7,51.4516,7.42432,166.091,23.6903,339.358,1,0,-99,-10,6,41,42,37,29568770,262,1,414,13499,
488.091,8266.22,51.4518,7.4242,165.433,23.678,340.022,1,0,-99,-10,6,41,42,37,29568770,262,1,414,13499,
489.106,8289.42,51.452,7.42409,164.854,23.6853,340.934,1,3,-94,-6,6,46,43,45,28365057,262,1,224,13499,
490.109,8312.94,51.4522,7.42398,164.429,23.6389,341.424,1,3,-94,-6,6,46,43,45,28365057,262,1,224,13499,
491.115,8336.71,51.4524,7.42388,164.115,23.5123,342.065,1,4,-95,-9,7,45,45,45,28365057,262,1,224,13499,
492.091,8360.11,51.4526,7.42377,163.751,23.4631,342.371,1,4,-95,-9,7,45,45,45,28365057,262,1,224,13499,
493.101,8383.29,51.4528,7.42367,163.421,23.4768,342.445,1,2,-99,-9,8,41,40,45,28365057,262,1,224,13499,
494.109,8406.14,51.453,7.42357,162.894,23.2223,342.918,1,2,-99,-9,8,41,40,45,28365057,262,1,224,13499,
495.094,8429.1,51.4532,7.42347,162.463,22.9583,343.19,1,2,-99,-9,8,41,40,45,28365057,262,1,224,13499,
496.091,8451.23,51.4534,7.42338,161.898,22.6901,343.702,1,-3,-94,-10,2,46,47,18,27770883,262,1,125,13499,
497.109,8473.35,51.4536,7.42329,161.314,22.5284,343.62,1,-3,-94,-10,2,46,47,18,27770883,262,1,125,13499,
498.108,8495.64,51.4538,7.4232,160.719,22.3939,343.949,1,1,-96,-8,8,44,44,18,27770883,262,1,125,13499,
499.095,8517.87,51.454,7.42312,160.128,22.4162,344.192,1,1,-96,-8,8,44,44,18,27770883,262,1,125,13499,
500.108,8540.43,51.4542,7.42303,159.525,22.6993,343.653,1,2,-93,-8,9,47,48,18,27770883,262,1,125,13499,
501.11,8563.17,51.4544,7.42294,158.926,22.9268,343.597,1,2,-93,-8,9,47,48,18,27770883,262,1,125,13499,
502.089,8586.09,51.4546,7.42284,158.325,23.2649,343.405,1,8,-94,-9,11,46,46,18,27770883,262,1,125,13499,
503.108,8609.34,51.4548,7.42275,157.752,23.7123,343.166,1,8,-94,-9,11,46,46,18,27770883,262,1,125,13499,
504.103,8633.24,51.455,7.42266,157.181,24.165,343.153,1,8,-94,-11,6,46,49,18,27770883,262,1,125,13499,
505.106,8657.32,51.4552,7.42257,156.633,24.1867,343.102,1,8,-94,-11,6,46,49,18,27770883,262,1,125,13499,
506.121,8681.7,51.4554,7.42247,156.304,23.7602,342.692,1,4,-91,-9,9,49,50,18,27770883,262,1,125,13499,
507.117,8705.84,51.4556,7.42237,156.175,23.5545,342.565,1,4,-91,-9,9,49,50,18,27770883,262,1,125,13499,
508.095,8729.87,51.4558,7.42227,156.148,23.4561,342.072,1,5,-92,-8,10,48,48,18,27770883,262,1,125,13499,
509.107,8753.78,51.456,7.42216,156.253,23.2533,340.941,1,5,-92,-8,10,48,48,18,27770883,262,1,125,13499,
510.183,8777.57,51.4562,7.42205,156.398,22.9576,340.105,1,8,-90,-7,8,50,48,18,27770883,262,1,125,13499,
511.085,8800.4,51.4564,7.42193,156.506,22.6672,339.612,1,8,-90,-7,8,50,48,18,27770883,262,1,125,13499,
512.1,8822.71,51.4566,7.42182,156.615,22.2304,339.302,1,1,-87,-7,6,53,51,34,29568770,262,1,414,13499,
513.095,8844.92,51.4568,7.42171,156.534,22.1943,338.416,1,1,-87,-7,6,53,51,34,29568770,262,1,414,13499,
514.09,8867.42,51.457,7.42159,156.559,22.1529,337.744,1,1,-88,-8,6,52,51,13,27770883,262,1,125,13499,
515.118,8889.9,51.4572,7.42146,156.577,21.9423,337.087,1,1,-88,-8,6,52,51,13,27770883,262,1,125,13499,
516.101,8912.08,51.4574,7.42133,156.559,21.541,336.026,1,13,-88,-6,13,52,50,13,27770883,262,1,125,13499,
517.114,8933.3,51.4575,7.42121,156.588,21.1329,335.577,1,13,-88,-6,13,52,50,13,27770883,262,1,125,13499,
518.091,8954.14,51.4577,7.42109,156.579,20.7866,335.303,1,7,-89,-7,10,51,49,13,27770883,262,1,125,13499,
519.098,8974.68,51.4579,7.42096,156.602,20.5641,334.622,1,7,-89,-7,10,51,49,13,27770883,262,1,125,13499,
520.1,8995.81,51.4581,7.42083,156.45,20.5921,334.283,1,7,-89,-7,10,51,49,13,27770883,262,1,125,13499,
521.107,9016.09,51.4582,7.4207,156.204,20.8822,333.435,1,16,-87,-6,10,53,50,13,27770883,262,1,125,13499,
522.115,9036.79,51.4584,7.42057,155.954,21.4278,333.142,1,16,-87,-6,10,53,50,13,27770883,262,1,125,13499,
523.1,9058.21,51.4586,7.42043,155.727,22.0898,332.553,1,12,-86,-5,12,54,51,13,27770883,262,1,125,13499,
524.103,9080.41,51.4587,7.42028,155.706,22.4621,331.672,1,12,-86,-5,12,54,51,13,27770883,262,1,125,13499,
525.099,9103.45,51.4589,7.42012,155.571,23.1956,331.042,1,13,-85,-7,10,55,52,13,27770883,262,1,125,13499,
526.094,9127.07,51.4591,7.41995,155.353,23.4832,330.352,1,13,-85,-7,10,55,52,13,27770883,262,1,125,13499,
527.117,9150.14,51.4593,7.41978,154.576,24.4008,329.26,1,19,-80,-5,12,60,57,13,27770883,262,1,125,13499,
528.075,9174.53,51.4595,7.41959,153.776,25.0987,328.528,1,19,-80,-5,12,60,57,13,27770883,262,1,125,13499,
529.112,9199.17,51.4597,7.4194,153.107,25.6184,327.682,1,17,-76,-5,2,64,60,13,27770883,262,1,125,13499,
530.088,9224.72,51.4598,7.41921,152.55,26.1779,327.095,1,17,-76,-5,2,64,60,13,27770883,262,1,125,13499,
531.095,9250.59,51.46,7.419,152.119,26.3104,326.667,1,19,-79,-6,2,61,59,13,27770883,262,1,125,13499,
532.114,9276.68,51.4602,7.4188,151.773,25.7523,325.885,1,19,-79,-6,2,61,59,13,27770883,262,1,125,13499,
533.1,9301.83,51.4604,7.41859,151.547,25.2024,325.147,1,12,-82,-7,2,58,56,13,27770883,262,1,125,13499,
534.1,9326.98,51.4606,7.41838,151.386,25.2854,324.467,1,12,-82,-7,2,58,56,13,27770883,262,1,125,13499,
535.096,9352.15,51.4608,7.41818,151.278,25.3333,324.233,1,17,-72,-4,10,68,63,8,27770883,262,1,125,13499,
536.125,9377.33,51.461,7.41796,151.248,25.0591,323.207,1,17,-72,-4,10,68,63,8,27770883,262,1,125,13499,
537.154,9402.21,51.4612,7.41775,151.269,24.552,322.732,1,25,-72,-5,12,68,63,8,27770883,262,1,125,13499,
538.074,9426.67,51.4613,7.41753,151.349,24.3276,322.026,1,25,-72,-5,12,68,63,8,27770883,262,1,125,13499,
539.098,9451.48,51.4615,7.41731,151.415,24.4505,321.137,1,13,-77,-5,10,63,60,8,27770883,262,1,125,13499,
540.114,9474.84,51.4617,7.4171,151.353,24.4407,320.821,1,13,-77,-5,10,63,60,8,27770883,262,1,125,13499,
541.108,9499.35,51.4618,7.41688,151.363,24.4496,320.321,1,21,-77,-5,12,63,59,8,27770883,262,1,125,13499,
542.1,9524.13,51.462,7.41665,151.532,24.5225,319.099,1,21,-77,-5,12,63,59,8,27770883,262,1,125,13499,
543.104,9548.8,51.4622,7.41641,151.716,24.4821,317.914,1,18,-75,-4,12,65,61,8,27770883,262,1,125,13499,
544.091,9573.25,51.4623,7.41617,151.91,24.4314,317.502,1,18,-75,-4,12,65,61,8,27770883,262,1,125,13499,
545.104,9598.17,51.4625,7.41593,152.318,24.3832,316.7,1,18,-75,-4,12,65,61,8,27770883,262,1,125,13499,
546.087,9622.26,51.4627,7.41569,152.532,24.3333,316.655,1,27,-75,-4,15,65,61,8,27770883,262,1,125,13499,
547.109,9646.09,51.4628,7.41545,152.58,24.221,316.105,1,27,-75,-4,15,65,61,8,27770883,262,1,125,13499,
548.097,9670.07,51.463,7.41521,152.41,23.9075,315.162,1,26,-76,-6,15,64,62,8,27770883,262,1,125,13499,
549.118,9693.95,51.4631,7.41496,152.317,23.8888,314.188,1,26,-76,-6,15,64,62,8,27770883,262,1,125,13499,
550.11,9717.69,51.4633,7.41471,152.448,23.7892,313.608,1,19,-82,-6,13,58,55,8,27770883,262,1,125,13499,
551.09,9741.88,51.4634,7.41446,152.809,23.8653,312.826,1,19,-82,-6,13,58,55,8,27770883,262,1,125,13499,
552.095,9765.96,51.4636,7.4142,153.228,23.8335,312.264,1,7,-81,-5,14,59,57,8,27770883,262,1,125,13499,
553.102,9789.94,51.4637,7.41394,153.647,23.8228,311.924,1,7,-81,-5,14,59,57,8,27770883,262,1,125,13499,
554.063,9813.96,51.4639,7.41368,154.005,23.8818,311.366,1,7,-94,-11,2,46,47,8,27770883,262,1,125,13499,
555.1,9837.94,51.464,7.41342,154.384,23.874,310.835,1,7,-94,-11,2,46,47,8,27770883,262,1,125,13499,
556.108,9861.95,51.4641,7.41315,154.717,23.9002,310.756,1,5,-91,-8,2,49,49,8,27770883,262,1,125,13499,
557.091,9886.01,51.4643,7.41288,155.041,23.9745,309.662,1,5,-91,-8,2,49,49,8,27770883,262,1,125,13499,
558.09,9909.7,51.4644,7.41262,155.26,23.7595,309.571,1,24,-84,-7,2,56,54,8,27770883,262,1,125,13499,
559.108,9933.12,51.4645,7.41235,155.373,23.5914,309.261,1,24,-84,-7,2,56,54,8,27770883,262,1,125,13499,
560.107,9956.25,51.4647,7.4121,155.353,23.2303,308.729,1,11,-77,-6,2,63,58,8,27770883,262,1,125,13499,
561.098,9979.19,51.4648,7.41183,155.4,22.7658,308.049,1,11,-77,-6,2,63,58,8,27770883,262,1,125,13499,
562.099,10002,51.4649,7.41157,155.365,22.7081,308.301,1,16,-77,-6,2,63,58,8,27770883,262,1,125,13499,
563.118,10024.5,51.465,7.41131,155.313,22.462,308.005,1,16,-77,-6,2,63,58,8,27770883,262,1,125,13499,
564.115,10046.5,51.4652,7.41107,155.329,22.1863,308.343,1,1,-90,-9,2,50,49,8,27770883,262,1,125,13499,
565.091,10068.3,51.4653,7.41082,155.176,22.211,308.23,1,1,-90,-9,2,50,49,8,27770883,262,1,125,13499,
566.103,10090.1,51.4654,7.41057,154.946,21.7502,307.956,1,14,-96,-8,2,44,43,8,27770885,262,1,124,13499,
567.109,10111.6,51.4655,7.41033,154.778,21.6234,308.249,1,14,-96,-8,2,44,43,8,27770885,262,1,124,13499,
568.096,10133.3,51.4657,7.41008,154.819,21.6167,308.07,1,12,-95,-8,2,45,43,8,27770885,262,1,124,13499,
569.099,10155.1,51.4658,7.40983,154.945,21.6222,308.245,1,12,-95,-8,2,45,43,8,27770885,262,1,124,13499,
570.09,10177,51.4659,7.40958,155.277,21.5994,307.64,1,26,-88,-6,2,52,49,8,27770885,262,1,124,13499,
571.158,10198.6,51.466,7.40933,155.591,21.6196,307.703,1,26,-88,-6,2,52,49,8,27770885,262,1,124,13499,
572.071,10220.3,51.4661,7.40909,155.985,21.5233,307.927,1,13,-90,-6,8,50,46,4,27770885,262,1,124,13499,
573.074,10241.9,51.4663,7.40884,156.36,21.67,308.453,1,13,-90,-6,8,50,46,4,27770885,262,1,124,13499,
574.121,10263.6,51.4664,7.40859,156.622,21.8052,308.672,1,13,-90,-6,8,50,46,4,27770885,262,1,124,13499,
575.111,10285.3,51.4665,7.40835,156.728,22.0393,308.028,1,2,-88,-7,8,52,49,4,27770885,262,1,124,13499,
576.091,10307.6,51.4666,7.40809,156.824,22.4143,308.523,1,2,-88,-7,8,52,49,4,27770885,262,1,124,13499,
577.098,10329.9,51.4667,7.40784,156.907,22.2664,308.76,1,5,-94,-8,8,46,45,4,27770885,262,1,124,13499,
578.108,10351.8,51.4669,7.4076,157.041,22.0277,309.097,1,5,-94,-8,8,46,45,4,27770885,262,1,124,13499,
579.095,10373.7,51.467,7.40735,157.151,21.9015,309.205,1,9,-83,-6,14,57,54,4,27770885,262,1,124,13499,
580.117,10395.2,51.4671,7.40711,157.236,21.8171,309.206,1,9,-83,-6,14,57,54,4,27770885,262,1,124,13499,
581.123,10417.1,51.4672,7.40686,157.284,21.9884,309.309,1,22,-82,-5,15,58,54,4,27770885,262,1,124,13499,
582.102,10439.1,51.4674,7.40662,157.348,22.1853,309.832,1,22,-82,-5,15,58,54,4,27770885,262,1,124,13499,
583.089,10461.4,51.4675,7.40637,157.435,22.3788,309.848,1,21,-78,-5,13,62,56,4,27770885,262,1,124,13499,
584.108,10484.1,51.4676,7.40612,157.558,22.4596,310.249,1,21,-78,-5,13,62,56,4,27770885,262,1,124,13499,
585.096,10506.7,51.4678,7.40588,157.718,22.4295,311.04,1,13,-81,-5,10,59,53,4,27770885,262,1,124,13499,
586.112,10529.2,51.4679,7.40563,157.908,22.3753,311.011,1,13,-81,-5,10,59,53,4,27770885,262,1,124,13499,
587.088,10551.6,51.468,7.40539,158.189,22.3134,311.167,1,2,-84,-6,2,56,54,4,27770885,262,1,124,13499,
588.108,10573.7,51.4682,7.40515,158.457,22.3012,311.26,1,2,-84,-6,2,56,54,4,27770885,262,1,124,13499,
589.095,10596,51.4683,7.40491,158.683,22.3499,311.575,1,8,-82,-7,2,58,55,4,27770885,262,1,124,13499,
590.109,10618.6,51.4684,7.40467,158.992,22.5252,311.979,1,8,-82,-7,2,58,55,4,27770885,262,1,124,13499,
591.114,10641,51.4686,7.40443,159.209,22.4269,312.028,1,6,-83,-6,2,57,53,4,27770885,262,1,124,13499,
592.117,10663.5,51.4687,7.40418,159.485,22.3854,312.166,1,6,-83,-6,2,57,53,4,27770885,262,1,124,13499,
593.105,10685.9,51.4688,7.40395,159.689,22.3613,312.409,1,-1,-85,-7,2,55,52,4,27770885,262,1,124,13499,
594.112,10708.1,51.469,7.40371,159.863,22.3831,312.731,1,-1,-85,-7,2,55,52,4,27770885,262,1,124,13499,
595.095,10730.6,51.4691,7.40348,160.057,22.5079,312.743,1,-1,-85,-7,2,55,52,4,27770885,262,1,124,13499,
596.113,10752.5,51.4692,7.40324,160.156,22.5775,313.034,1,7,-83,-6,2,57,53,4,27771140,262,1,289,13499,
597.108,10774,51.4694,7.40302,160.29,22.3438,312.701,1,7,-83,-6,2,57,53,4,27771140,262,1,289,13499,
598.093,10796.3,51.4695,7.40278,160.236,21.9976,313.188,1,9,-84,-6,2,56,52,4,27771140,262,1,289,13499,
599.102,10818.5,51.4696,7.40255,160.486,21.8494,314.878,1,9,-84,-6,2,56,52,4,27771140,262,1,289,13499,
600.096,10841.1,51.4698,7.40231,160.918,21.8851,314.776,1,4,-90,-6,2,50,47,4,27771140,262,1,289,13499,
601.112,10863.3,51.4699,7.40209,161.427,21.9518,314.653,1,4,-90,-6,2,50,47,4,27771140,262,1,289,13499,
602.103,10885.4,51.4701,7.40186,161.921,21.9203,314.352,1,18,-89,-5,2,51,48,4,33527554,262,1,434,13499,
603.098,10907.5,51.4702,7.40164,162.463,21.8315,315.149,1,18,-89,-5,2,51,48,4,33527554,262,1,434,13499,
604.112,10929.6,51.4704,7.40141,162.83,21.6446,315.258,1,12,-89,-5,2,51,49,4,33527554,262,1,434,13499,
605.125,10951.3,51.4705,7.40119,163.223,21.4891,316.04,1,12,-89,-5,2,51,49,4,33527554,262,1,434,13499,
606.094,10972.9,51.4706,7.40097,163.721,21.4704,316.477,1,12,-90,-6,2,50,48,4,33527554,262,1,434,13499,
607.114,10994.8,51.4708,7.40076,164.27,21.4748,316.327,1,12,-90,-6,2,50,48,4,33527554,262,1,434,13499,
608.113,11016.4,51.4709,7.40054,164.725,21.4216,316.492,1,12,-93,-6,2,47,45,4,33527554,262,1,434,13499,
609.104,11037.9,51.4711,7.40033,165.1,21.4961,316.917,1,12,-93,-6,2,47,45,4,33527554,262,1,434,13499,
610.099,11059.4,51.4712,7.40012,165.458,21.5776,317.146,1,14,-93,-7,2,47,45,4,27771140,262,1,289,13499,
611.119,11081.2,51.4713,7.39991,165.855,21.693,316.832,1,14,-93,-7,2,47,45,4,27771140,262,1,289,13499,
612.107,11103,51.4715,7.3997,166.263,22.0504,317.773,1,11,-94,-7,2,46,44,4,27771140,262,1,289,13499,
613.111,11125.1,51.4716,7.39949,166.576,22.2881,317.575,1,11,-94,-7,2,46,44,4,27771140,262,1,289,13499,
614.179,11147.5,51.4718,7.39927,166.912,22.4823,317.909,1,15,-93,-6,2,47,45,4,27771140,262,1,289,13499,
615.1,11170,51.4719,7.39906,167.18,22.6405,317.689,1,15,-93,-6,2,47,45,4,27771140,262,1,289,13499,
616.105,11193,51.4721,7.39884,167.429,22.8226,317.829,1,14,-85,-5,12,55,50,13,27771140,262,1,289,13499,
617.114,11215.7,51.4723,7.39863,167.577,23.0982,318.413,1,14,-85,-5,12,55,50,13,27771140,262,1,289,13499,
618.123,11239.2,51.4724,7.3984,167.802,23.3801,318.859,1,18,-83,-4,13,57,51,13,27771140,262,1,289,13499,
619.089,11262.6,51.4726,7.39819,167.99,23.5718,319.108,1,18,-83,-4,13,57,51,13,27771140,262,1,289,13499,
620.095,11285.8,51.4727,7.39797,168.207,23.1874,319.292,1,18,-82,-4,14,58,52,13,27771140,262,1,289,13499,
621.105,11308.6,51.4729,7.39776,168.376,22.8365,319.652,1,18,-82,-4,14,58,52,13,27771140,262,1,289,13499,
622.089,11331.5,51.4731,7.39755,168.666,22.7036,319.989,1,18,-82,-4,14,58,52,13,27771140,262,1,289,13499,
623.099,11354.2,51.4732,7.39734,169.06,22.5915,320.516,1,16,-87,-5,10,53,48,13,27771140,262,1,289,13499,
624.091,11376.9,51.4734,7.39713,169.427,22.5232,320.52,1,16,-87,-5,10,53,48,13,27771140,262,1,289,13499,
625.095,11399.3,51.4735,7.39692,169.793,22.3144,321.194,1,13,-89,-6,14,51,47,13,27771140,262,1,289,13499,
626.105,11421.5,51.4737,7.39672,170.211,21.9307,321.581,1,13,-89,-6,14,51,47,13,27771140,262,1,289,13499,
627.095,11443.3,51.4738,7.39653,170.48,21.6721,322.149,1,31,-84,-5,12,56,52,13,27771140,262,1,289,13499,
628.108,11464.7,51.474,7.39634,170.689,21.5921,322.22,1,31,-84,-5,12,56,52,13,27771140,262,1,289,13499,
629.126,11486.5,51.4741,7.39616,170.814,21.6948,322.949,1,7,-88,-7,12,52,49,13,27771140,262,1,289,13499,
630.102,11507.8,51.4743,7.39597,170.856,21.4901,322.918,1,7,-88,-7,12,52,49,13,27771140,262,1,289,13499,
631.098,11528.9,51.4744,7.39579,170.984,20.932,322.922,1,14,-85,-5,14,55,52,13,27771140,262,1,289,13499,
632.092,11549.7,51.4746,7.39562,171.165,20.6681,324.218,1,14,-85,-5,14,55,52,13,27771140,262,1,289,13499,
633.104,11570.1,51.4748,7.39545,171.35,20.6473,324.06,1,23,-77,-5,2,63,55,13,27771140,262,1,289,13499,
634.107,11591.1,51.4749,7.39527,171.708,20.731,324.385,1,23,-77,-5,2,63,55,13,27771140,262,1,289,13499,
635.092,11612,51.4751,7.39511,171.99,21.1289,327.098,1,22,-83,-6,12,57,55,7,27771140,262,1,289,13499,
636.1,11633.2,51.4752,7.39496,172.187,21.2625,330.554,1,22,-83,-6,12,57,55,7,27771140,262,1,289,13499,
637.108,11655.3,51.4754,7.39481,172.496,21.6873,330.367,1,18,-81,-6,12,59,56,7,27771140,262,1,289,13499,
638.091,11676.3,51.4756,7.39466,172.544,21.6278,329.645,1,18,-81,-6,12,59,56,7,27771140,262,1,289,13499,
639.104,11697.8,51.4757,7.39451,172.784,21.1728,328.439,1,18,-77,-5,13,63,60,7,27771140,262,1,289,13499,
640.1,11718.9,51.4759,7.39436,173.106,20.8132,330.647,1,18,-77,-5,13,63,60,7,27771140,262,1,289,13499,
641.106,11739.6,51.4761,7.39422,173.476,20.6353,331.709,1,13,-83,-6,10,57,55,7,27771140,262,1,289,13499,
642.119,11760.6,51.4762,7.39407,173.956,20.6953,331.845,1,13,-83,-6,10,57,55,7,27771140,262,1,289,13499,
643.109,11780.8,51.4764,7.39393,174.327,20.626,332.77,1,30,-73,-5,14,67,63,7,27771140,262,1,289,13499,
644.103,11801.6,51.4766,7.39379,174.795,20.7945,333.662,1,30,-73,-5,14,67,63,7,27771140,262,1,289,13499,
645.13,11822.1,51.4767,7.39366,175.152,20.7838,334.581,1,22,-73,-6,14,67,63,7,27771140,262,1,289,13499,
646.109,11842.4,51.4769,7.39354,175.524,20.0335,335.864,1,22,-73,-6,14,67,63,7,27771140,262,1,289,13499,
647.107,11861.3,51.4771,7.39343,175.926,19.4095,337.476,1,25,-75,-6,11,65,63,7,27771140,262,1,289,13499,
648.091,11881.3,51.4772,7.39333,176.216,18.4493,339.071,1,25,-75,-6,11,65,63,7,27771140,262,1,289,13499,
649.088,11899.1,51.4774,7.39324,176.482,17.3521,339.597,1,13,-85,-9,10,55,55,7,27771140,262,1,289,13499,
650.119,11915.8,51.4775,7.39316,177.059,16.3987,341.138,1,13,-85,-9,10,55,55,7,27771140,262,1,289,13499,
651.1,11932.6,51.4777,7.3931,177.862,16.1518,343.535,1,21,-84,-9,11,56,55,7,27771140,262,1,289,13499,
652.113,11948.9,51.4778,7.39305,178.988,16.522,347.091,1,21,-84,-9,11,56,55,7,27771140,262,1,289,13499,
653.109,11964.9,51.4779,7.39306,179.779,17.0052,1.64626,1,21,-84,-9,11,56,55,7,27771140,262,1,289,13499,
654.107,11981.5,51.4781,7.39307,180.427,17.1375,3.53675,1,20,-80,-6,15,60,56,4,27771139,262,1,288,13499,
655.103,11999.4,51.4783,7.3931,180.785,17.2802,6.16586,1,20,-80,-6,15,60,56,4,27771139,262,1,288,13499,
656.112,12017.7,51.4784,7.39318,180.637,17.0968,19.1689,1,33,-85,-6,15,55,52,4,27771139,262,1,288,13499,
657.087,12034.6,51.4785,7.39328,180.389,17.2615,21.8356,1,33,-85,-6,15,55,52,4,27771139,262,1,288,13499,
658.096,12052.6,51.4787,7.39339,180.552,17.3889,24.8711,1,32,-81,-5,12,59,57,4,27771139,262,1,288,13499,
659.096,12070.4,51.4788,7.39351,180.657,16.788,27.7773,1,32,-81,-5,12,59,57,4,27771139,262,1,288,13499,
660.108,12086.2,51.479,7.39363,180.908,15.4526,29.3234,1,26,-82,-5,14,58,55,4,27771139,262,1,288,13499,
661.114,12101.1,51.4791,7.39374,181.083,14.5096,27.4536,1,26,-82,-5,14,58,55,4,27771139,262,1,288,13499,
662.106,12114.1,51.4792,7.39379,181.526,14.3857,11.2883,1,22,-81,-5,14,59,55,4,27771139,262,1,288,13499,
663.181,12127.9,51.4793,7.39383,181.992,13.665,7.20459,1,22,-81,-5,14,59,55,4,27771139,262,1,288,13499,
664.101,12142.6,51.4794,7.39379,182.544,13.3503,347.024,1,24,-86,-5,12,54,49,4,27771139,262,1,288,13499,
665.1,12156.8,51.4796,7.39374,183.054,14.1015,343.448,1,24,-86,-5,12,54,49,4,27771139,262,1,288,13499,
666.094,12169.9,51.4797,7.39368,183.722,13.99,340.637,1,18,-92,-8,7,48,47,4,27771139,262,1,288,13499,
667.097,12182,51.4798,7.39361,184.394,13.5029,338.161,1,18,-92,-8,7,48,47,4,27771139,262,1,288,13499,
668.106,12194.2,51.4799,7.39355,184.889,12.6833,336.693,1,11,-84,-5,6,56,51,15,28365058,262,1,223,13499,
669.105,12206.8,51.48,7.39347,185.484,12.0782,338.16,1,11,-84,-5,6,56,51,15,28365058,262,1,223,13499,
670.108,12218,51.4801,7.39345,186.02,11.5551,355.905,1,12,-89,-6,14,51,48,15,28365058,262,1,223,13499,
671.093,12228.3,51.4802,7.39348,186.42,10.6741,15.3602,1,12,-89,-6,14,51,48,15,28365058,262,1,223,13499,
672.113,12238.5,51.4803,7.39355,186.734,10.8079,33.7845,1,8,-85,-5,6,55,51,5,27771139,262,1,288,13499,
673.1,12248.2,51.4803,7.39366,186.995,11.4317,54.0307,1,8,-85,-5,6,55,51,5,27771139,262,1,288,13499,
674.093,12259.8,51.4804,7.39379,187.069,12.4802,55.6481,1,24,-84,-6,15,56,53,5,27771139,262,1,288,13499,
675.114,12272.8,51.4804,7.39394,187.142,13.4011,56.5744,1,24,-84,-6,15,56,53,5,27771139,262,1,288,13499,
676.119,12287.3,51.4805,7.39411,187.242,14.5012,56.1679,1,15,-85,-6,10,55,53,5,27771139,262,1,288,13499,
677.101,12302.6,51.4806,7.3943,187.589,15.3603,55.9387,1,15,-85,-6,10,55,53,5,27771139,262,1,288,13499,
678.097,12317.7,51.4807,7.39448,188.018,15.996,56.3139,1,14,-82,-6,11,58,55,5,27771139,262,1,288,13499,
679.104,12333.2,51.4807,7.39467,188.454,15.9244,57.0853,1,14,-82,-6,11,58,55,5,27771139,262,1,288,13499,
680.098,12348.6,51.4808,7.39485,188.609,15.7515,57.8952,1,14,-82,-6,11,58,55,5,27771139,262,1,288,13499,
681.092,12364,51.4809,7.39504,188.762,15.6048,58.4377,1,10,-83,-5,1,57,54,5,27771139,262,1,288,13499,
682.117,12379.3,51.481,7.39523,188.728,15.4253,59.3805,1,10,-83,-5,1,57,54,5,27771139,262,1,288,13499,
683.101,12395.2,51.481,7.39543,188.907,15.7911,59.7362,1,13,-85,-6,10,55,53,5,27771139,262,1,288,13499,
684.1,12410.8,51.4811,7.39562,189.146,15.8315,59.7264,1,13,-85,-6,10,55,53,5,27771139,262,1,288,13499,
685.104,12426.9,51.4812,7.39583,189.366,16.107,60.3755,1,8,-83,-6,1,57,54,5,27771139,262,1,288,13499,
686.098,12443,51.4813,7.39603,189.534,15.8932,60.1808,1,8,-83,-6,1,57,54,5,27771139,262,1,288,13499,
687.107,12458.9,51.4813,7.39623,190.208,15.3619,59.8346,1,2,-82,-7,2,58,55,5,27771139,262,1,288,13499,
688.104,12474.9,51.4814,7.39643,190.604,15.2225,59.8219,1,2,-82,-7,2,58,55,5,27771139,262,1,288,13499,
689.102,12490.7,51.4815,7.39662,191.23,15.1647,59.0451,1,15,-87,-7,2,53,51,5,27771139,262,1,288,13499,
690.106,12505.2,51.4815,7.3968,191.457,15.0042,59.5907,1,15,-87,-7,2,53,51,5,27771139,262,1,288,13499,
691.11,12520,51.4816,7.39698,191.308,14.8679,58.7406,1,16,-86,-7,2,54,52,5,27771139,262,1,288,13499,
692.092,12534.6,51.4817,7.39715,190.938,14.4523,57.6196,1,16,-86,-7,2,54,52,5,27771139,262,1,288,13499,
693.087,12548.6,51.4818,7.39732,190.45,13.3782,56.8591,1,18,-85,-6,2,55,52,5,27771139,262,1,288,13499,
694.114,12561.6,51.4818,7.39748,189.846,11.7622,55.8968,1,18,-85,-6,2,55,52,5,27771139,262,1,288,13499,
695.121,12572.7,51.4819,7.39761,189.275,9.93233,54.7511,1,22,-84,-6,13,56,54,9,27771139,262,1,288,13499,
696.104,12582.3,51.4819,7.39773,189.221,9.08594,54.3099,1,22,-84,-6,13,56,54,9,27771139,262,1,288,13499,
697.09,12590.3,51.482,7.39782,189.141,7.89669,53.2163,1,28,-79,-4,14,61,58,9,27771139,262,1,288,13499,
698.164,12598,51.482,7.39791,188.932,6.69429,52.6885,1,28,-79,-4,14,61,58,9,27771139,262,1,288,13499,
699.096,12603.8,51.482,7.39798,188.961,5.61487,52.5043,1,27,-76,-5,15,64,61,9,27771139,262,1,288,13499,
700.108,12608.2,51.4821,7.39803,188.828,4.53062,51.6921,1,27,-76,-5,15,64,61,9,27771139,262,1,288,13499,
701.1,12611.7,51.4821,7.39807,188.84,3.07365,50.6219,1,27,-76,-5,15,64,61,9,27771139,262,1,288,13499,
702.109,12613.8,51.4821,7.39809,188.866,1.38354,50.1597,1,23,-77,-5,15,63,61,9,27771139,262,1,288,13499,
703.105,12614.7,51.4821,7.39809,188.896,0.520764,50.1597,1,23,-77,-5,15,63,61,9,27771139,262,1,288,13499,
704.11,12616,51.4821,7.39811,188.935,1.47067,48.562,1,22,-77,-5,15,63,60,9,27771139,262,1,288,13499,
705.118,12618.6,51.4821,7.39813,188.994,4.09708,47.9814,1,22,-77,-5,15,63,60,9,27771139,262,1,288,13499,
706.125,12625.4,51.4822,7.3982,189.474,6.28105,47.055,1,28,-77,-5,15,63,60,9,27771139,262,1,288,13499,
707.095,12631.9,51.4822,7.39827,189.722,7.21251,47.7848,1,28,-77,-5,15,63,60,9,27771139,262,1,288,13499,
708.098,12639.1,51.4823,7.39835,190.031,7.72647,47.0871,1,25,-77,-5,15,63,60,9,27771139,262,1,288,13499,
709.115,12647.1,51.4823,7.39843,190.377,8.2329,45.8381,1,25,-77,-5,15,63,60,9,27771139,262,1,288,13499,
710.118,12655.7,51.4824,7.39852,190.566,8.99766,44.1339,1,19,-80,-5,12,60,53,9,27771139,262,1,288,13499,
711.095,12666.1,51.4824,7.39862,190.546,9.78924,43.3305,1,19,-80,-5,12,60,53,9,27771139,262,1,288,13499,
712.11,12676.1,51.4825,7.39871,190.789,10.3091,42.4995,1,19,-82,-5,12,58,52,9,27771139,262,1,288,13499,
713.101,12686.1,51.4826,7.3988,190.918,10.6257,40.2818,1,19,-82,-5,12,58,52,9,27771139,262,1,288,13499,
714.093,12696.6,51.4826,7.39889,190.862,10.5971,38.8187,1,13,-89,-6,9,51,47,9,27771139,262,1,288,13499,
715.105,12706.9,51.4827,7.39898,190.846,11.2208,37.5107,1,13,-89,-6,9,51,47,9,27771139,262,1,288,13499,
716.091,12717.8,51.4828,7.39907,190.862,11.3639,36.6243,1,12,-88,-7,9,52,50,9,27771139,262,1,288,13499,
717.1,12730,51.4829,7.39917,190.997,11.9423,35.495,1,12,-88,-7,9,52,50,9,27771139,262,1,288,13499,
718.101,12742.8,51.483,7.39927,190.965,12.6124,34.69,1,10,-86,-6,10,54,51,9,27771139,262,1,288,13499,
719.103,12755.4,51.4831,7.39937,190.858,13.1998,34.1397,1,10,-86,-6,10,54,51,9,27771139,262,1,288,13499,
720.101,12768.9,51.4832,7.39947,190.782,13.3529,34.1457,1,9,-86,-5,2,54,48,9,27771139,262,1,288,13499,
721.099,12782,51.4833,7.39958,190.824,13.1599,33.7384,1,9,-86,-5,2,54,48,9,27771139,262,1,288,13499,
722.113,12795.9,51.4834,7.39968,190.47,13.3172,34.326,1,14,-91,-6,2,49,46,9,27771139,262,1,288,13499,
723.103,12809.3,51.4835,7.39978,190.097,13.36,34.0393,1,14,-91,-6,2,49,46,9,27771139,262,1,288,13499,
724.092,12822,51.4836,7.39988,189.927,13.0542,33.2695,1,6,-92,-7,2,48,45,9,27771139,262,1,288,13499,
725.069,12834.1,51.4837,7.39997,189.796,13.0826,33.2085,1,6,-92,-7,2,48,45,9,27771139,262,1,288,13499,
726.105,12847.6,51.4838,7.40009,189.367,13.0793,33.7739,1,6,-92,-7,2,48,45,9,27771139,262,1,288,13499,
727.097,12860.5,51.4839,7.4002,188.939,13.1039,34.1813,1,7,-93,-7,2,47,44,9,27771139,262,1,288,13499,
728.103,12873.3,51.484,7.4003,188.68,12.9203,35.0073,1,7,-93,-7,2,47,44,9,27771139,262,1,288,13499,
729.129,12885.9,51.4841,7.40041,188.686,12.9036,34.3379,1,13,-93,-6,2,47,44,9,28365058,262,1,223,13499,
730.103,12899.2,51.4842,7.40052,188.475,12.7452,35.2706,1,13,-93,-6,2,47,44,9,28365058,262,1,223,13499,
731.106,12912.3,51.4843,7.40063,188.506,12.6641,36.5944,1,14,-93,-6,2,47,45,9,28365058,262,1,223,13499,
732.1,12925.5,51.4843,7.40075,188.654,13.2148,37.1881,1,14,-93,-6,2,47,45,9,28365058,262,1,223,13499,
733.112,12938.8,51.4844,7.40087,188.638,13.2828,38.0546,1,12,-94,-6,2,46,43,9,28365058,262,1,223,13499,
734.101,12952.3,51.4845,7.40099,188.786,13.0734,39.2606,1,12,-94,-6,2,46,43,9,28365058,262,1,223,13499,
735.095,12965.5,51.4846,7.40112,188.91,12.9619,40.5081,1,10,-97,-6,11,43,39,8,28365058,262,1,223,13499,
736.093,12978.4,51.4847,7.40125,189.103,13.0874,41.2416,1,10,-97,-6,11,43,39,8,28365058,262,1,223,13499,
737.103,12991.7,51.4848,7.40138,189.75,13.025,42.048,1,10,-97,-6,8,43,39,8,28365058,262,1,223,13499,
738.11,13004.9,51.4849,7.40152,190.017,12.7731,43.0248,1,10,-97,-6,8,43,39,8,28365058,262,1,223,13499,
739.112,13016.7,51.485,7.40164,190.488,12.1118,42.4583,1,11,-97,-7,8,43,40,8,28365058,262,1,223,13499,
740.105,13028,51.485,7.40175,190.959,11.2204,41.9923,1,11,-97,-7,8,43,40,8,28365058,262,1,223,13499,
741.102,13038.8,51.4851,7.40185,191.446,10.9193,42.4507,1,10,-96,-6,8,44,41,8,28365058,262,1,223,13499,
742.114,13050.2,51.4852,7.40197,191.932,11.2997,43.3876,1,10,-96,-6,8,44,41,8,28365058,262,1,223,13499,
743.096,13062.3,51.4852,7.40209,191.736,11.1202,44.5978,1,8,-98,-7,11,42,40,8,28365058,262,1,223,13499,
744.104,13073.5,51.4853,7.40221,191.329,10.9058,45.6959,1,8,-98,-7,11,42,40,8,28365058,262,1,223,13499,
745.127,13083.8,51.4854,7.40232,190.807,10.2784,46.6369,1,11,-95,-6,9,45,43,8,28365058,262,1,223,13499,
746.113,13092.3,51.4854,7.40242,190.168,8.98659,48.047,1,11,-95,-6,9,45,43,8,28365058,262,1,223,13499,
747.095,13100.9,51.4855,7.40251,189.601,8.49585,48.8346,1,11,-95,-6,9,45,43,8,28365058,262,1,223,13499,
748.109,13109.3,51.4855,7.40261,189.123,7.83129,49.5311,1,4,-98,-7,11,42,41,8,28365058,262,1,223,13499,
749.111,13116.4,51.4856,7.40269,188.709,7.11614,48.6195,1,4,-98,-7,11,42,41,8,28365058,262,1,223,13499,
750.098,13123.4,51.4856,7.40274,188.526,6.57483,29.1322,1,9,-97,-7,7,43,39,8,28365058,262,1,223,13499,
751.101,13130.6,51.4857,7.40277,188.275,6.85031,6.5649,1,9,-97,-7,7,43,39,8,28365058,262,1,223,13499,
752.111,13136.3,51.4857,7.40275,188.109,6.8423,345.693,1,8,-97,-6,2,43,39,8,28365058,262,1,223,13499,
753.092,13142.8,51.4858,7.40272,187.902,7.50049,331.134,1,8,-97,-6,2,43,39,8,28365058,262,1,223,13499,
754.084,13142.8,51.4852,7.40356,nan,8.30331,328.313,1,-4,-97,-8,2,43,42,8,29391105,262,1,351,13499,
755.109,13142.8,51.4859,7.4026,187.388,9.20297,325.988,1,-4,-97,-8,2,43,42,8,29391105,262,1,351,13499,
756.112,13152.5,51.486,7.40251,187.075,9.92728,325.604,1,9,-100,-8,2,40,40,8,28365058,262,1,223,13499,
757.111,13162.3,51.486,7.40243,186.731,10.0335,325.927,1,9,-100,-8,2,40,40,8,28365058,262,1,223,13499,
758.093,13172.1,51.4861,7.40234,186.832,10.3297,326.906,1,5,-99,-8,2,41,40,8,28365058,262,1,223,13499,
759.095,13182.2,51.4862,7.40227,186.998,10.7927,327.647,1,5,-99,-8,2,41,40,8,28365058,262,1,223,13499,
760.095,13192.9,51.4863,7.40219,187.225,11.0185,329.716,1,4,-99,-8,2,41,41,8,28365058,262,1,223,13499,
761.114,13204,51.4864,7.40211,187.183,10.648,332.213,1,4,-99,-8,2,41,41,8,28365058,262,1,223,13499,
762.112,13213.7,51.4864,7.40205,187.392,10.6786,333.708,1,9,-97,-8,2,43,43,8,26385409,262,1,93,13499,
763.101,13224.6,51.4865,7.40198,187.368,10.7908,334.614,1,9,-97,-8,2,43,43,8,26385409,262,1,93,13499,
764.101,13235.8,51.4866,7.40192,187.459,11.4157,336.804,1,7,-95,-7,2,45,44,8,26385409,262,1,93,13499,
765.1,13247,51.4867,7.40187,187.493,11.7087,338.415,1,7,-95,-7,2,45,44,8,26385409,262,1,93,13499,
766.102,13258.6,51.4868,7.40182,187.404,11.4934,340.775,1,5,-94,-7,2,46,44,8,26385409,262,1,93,13499,
767.116,13270.3,51.4869,7.40178,187.054,11.2599,343.224,1,5,-94,-7,2,46,44,8,26385409,262,1,93,13499,
768.099,13282,51.487,7.40174,186.528,11.0775,345.688,1,12,-95,-7,2,45,44,8,26385409,262,1,93,13499,
769.106,13293.4,51.4871,7.40171,186.172,10.8076,348.007,1,12,-95,-7,2,45,44,8,26385409,262,1,93,13499,
770.19,13304.9,51.4872,7.40169,185.744,10.8318,350.142,1,14,-93,-7,2,47,46,8,26385409,262,1,93,13499,
771.075,13316.5,51.4873,7.40167,185.479,10.9067,352.469,1,14,-93,-7,2,47,46,8,26385409,262,1,93,13499,
772.108,13326.9,51.4874,7.40167,185.073,10.5526,354.801,1,14,-93,-7,2,47,46,8,26385409,262,1,93,13499,
773.099,13336.8,51.4875,7.40166,184.674,10.2652,356.708,1,24,-86,-5,11,54,51,3,26385409,262,1,93,13499,
774.11,13348.2,51.4876,7.40166,184.506,10.0615,358.511,1,24,-86,-5,11,54,51,3,26385409,262,1,93,13499,
775.106,13358.3,51.4877,7.40167,184.528,9.87526,359.268,1,14,-83,-5,12,57,52,3,26385409,262,1,93,13499,
776.12,13367,51.4878,7.40168,184.671,9.72626,0.0245124,1,14,-83,-5,12,57,52,3,26385409,262,1,93,13499,
777.101,13376.5,51.4879,7.40169,184.703,9.73636,0.892471,1,21,-87,-6,12,53,50,3,26385409,262,1,93,13499,
778.1,13386.9,51.488,7.4017,184.468,9.63791,0.602839,1,21,-87,-6,12,53,50,3,26385409,262,1,93,13499,
779.112,13397,51.4881,7.40171,184.252,9.70393,1.166,1,19,-88,-6,11,52,49,3,26385409,262,1,93,13499,
780.107,13407,51.4881,7.40172,184.114,9.99533,0.219318,1,19,-88,-6,11,52,49,3,26385409,262,1,93,13499,
781.101,13416.9,51.4882,7.40173,183.839,10.0145,0.0578935,1,20,-83,-5,14,57,54,3,26385409,262,1,93,13499,
782.111,13426.7,51.4883,7.40173,183.439,10.2575,0.503428,1,20,-83,-5,14,57,54,3,26385409,262,1,93,13499,
783.095,13437.1,51.4884,7.40173,182.921,10.5436,359.552,1,29,-79,-5,13,61,56,3,26385409,262,1,93,13499,
784.115,13447.8,51.4885,7.40173,182.179,10.7265,359.832,1,29,-79,-5,13,61,56,3,26385409,262,1,93,13499,
785.116,13458.7,51.4886,7.40173,181.703,11.5773,359.502,1,17,-83,-6,13,57,54,3,26385409,262,1,93,13499,
786.088,13469.9,51.4887,7.40173,181.329,11.5961,359.769,1,17,-83,-6,13,57,54,3,26385409,262,1,93,13499,
787.11,13480.6,51.4888,7.40173,181.287,11.5066,358.811,1,17,-84,-7,13,56,53,3,26385409,262,1,93,13499,
788.102,13492.5,51.4889,7.40174,181.364,12.0229,359.527,1,17,-84,-7,13,56,53,3,26385409,262,1,93,13499,
789.11,13505.2,51.489,7.40174,181.22,12.1803,359.86,1,9,-81,-8,2,59,58,3,26385409,262,1,93,13499,
790.105,13516.7,51.4891,7.40174,180.949,10.8987,359.448,1,9,-81,-8,2,59,58,3,26385409,262,1,93,13499,
791.116,13527.5,51.4892,7.40175,180.572,9.2332,0.418802,1,16,-80,-7,2,60,57,3,26385410,262,1,94,13499,
792.118,13535.8,51.4893,7.40175,180.254,7.53499,1.72508,1,16,-80,-7,2,60,57,3,26385410,262,1,94,13499,
793.101,13542.9,51.4894,7.40178,179.802,6.63308,22.5299,1,29,-80,-7,2,60,58,3,26385410,262,1,94,13499,
794.091,13548.5,51.4894,7.40185,179.629,6.86537,46.7074,1,29,-80,-7,2,60,58,3,26385410,262,1,94,13499,
795.117,13555.8,51.4894,7.40195,179.399,7.45755,77.8999,1,29,-80,-7,2,60,58,3,26385410,262,1,94,13499,
796.111,13565,51.4894,7.40208,179.243,8.80749,91.0794,1,22,-69,-6,15,71,63,1,26385410,262,1,94,13499,
797.109,13574.5,51.4894,7.40222,179.192,9.69056,90.6674,1,22,-69,-6,15,71,63,1,26385410,262,1,94,13499,
798.092,13585.1,51.4894,7.40237,179.491,10.2362,90.2118,1,18,-72,-6,14,68,63,1,26385410,262,1,94,13499,
799.1,13596.5,51.4894,7.40253,179.761,11.2703,91.2104,1,18,-72,-6,14,68,63,1,26385410,262,1,94,13499,
800.099,13608.8,51.4894,7.40271,179.743,12.1403,91.1131,1,23,-74,-6,14,66,62,1,26385410,262,1,94,13499,
801.091,13622.2,51.4894,7.4029,179.94,12.6922,91.154,1,23,-74,-6,14,66,62,1,26385410,262,1,94,13499,
802.111,13634.1,51.4894,7.40308,179.92,12.9052,90.6009,1,27,-76,-6,14,64,61,1,26385410,262,1,94,13499,
803.143,13646.2,51.4894,7.40325,179.664,13.1093,90.9283,1,27,-76,-6,14,64,61,1,26385410,262,1,94,13499,
804.095,13659.2,51.4894,7.40344,179.725,13.128,90.5496,1,31,-72,-7,14,68,63,1,26385410,262,1,94,13499,
805.116,13672.2,51.4894,7.40363,179.564,13.2494,90.5474,1,31,-72,-7,14,68,63,1,26385410,262,1,94,13499,
806.114,13685.8,51.4894,7.40382,179.488,13.2443,90.272,1,25,-70,-6,15,70,63,1,26385410,262,1,94,13499,
807.115,13698.6,51.4894,7.40401,179.393,12.9683,89.7306,1,25,-70,-6,15,70,63,1,26385410,262,1,94,13499,
808.09,13712.9,51.4894,7.40421,179.848,13.2443,90.1867,1,19,-75,-8,15,65,63,1,26385410,262,1,94,13499,
809.1,13725.6,51.4894,7.4044,180.173,13.2868,90.8435,1,19,-75,-8,15,65,63,1,26385410,262,1,94,13499,
810.096,13739.3,51.4894,7.4046,180.725,13.3425,91.3548,1,18,-74,-6,6,66,63,1,26385408,262,1,95,13499,
811.11,13753.3,51.4894,7.4048,181.349,13.3827,90.5188,1,18,-74,-6,6,66,63,1,26385408,262,1,95,13499,
812.114,13764.9,51.4894,7.40497,181.351,13.1828,90.8013,1,25,-73,-5,15,67,63,1,26385408,262,1,95,13499,
813.094,13778.4,51.4894,7.40516,181.447,13.0422,89.9226,1,25,-73,-5,15,67,63,1,26385408,262,1,95,13499,
814.092,13792.5,51.4894,7.40536,181.828,12.71,87.1006,1,23,-75,-5,15,65,62,1,26385408,262,1,95,13499,
815.072,13806,51.4894,7.40556,182.205,13.1423,85.5278,1,23,-75,-5,15,65,62,1,26385408,262,1,95,13499,
816.119,13818.4,51.4894,7.40574,182.202,13.4331,84.0822,1,23,-75,-5,15,65,62,1,26385408,262,1,95,13499,
817.105,13831.5,51.4894,7.40592,182.381,13.5443,82.7543,1,13,-75,-6,11,65,61,1,26385408,262,1,95,13499,
818.09,13844.7,51.4894,7.40611,182.899,13.1665,81.3844,1,13,-75,-6,11,65,61,1,26385408,262,1,95,13499,
819.095,13858.8,51.4895,7.40631,183.354,13.0519,80.8084,1,20,-75,-6,15,65,61,1,26385408,262,1,95,13499,
820.094,13870.9,51.4895,7.40648,183.416,12.5835,79.959,1,20,-75,-6,15,65,61,1,26385408,262,1,95,13499,
821.102,13883.9,51.4895,7.40666,183.699,12.2119,78.9379,1,20,-77,-6,12,63,60,1,26385408,262,1,95,13499,
822.112,13897,51.4895,7.40684,183.536,12.2125,78.3861,1,20,-77,-6,12,63,60,1,26385408,262,1,95,13499,
823.105,13908.9,51.4896,7.40701,183.477,12.5808,77.8847,1,18,-75,-6,15,65,61,1,26385408,262,1,95,13499,
824.108,13921.4,51.4896,7.40719,183.249,12.5582,78.0297,1,18,-75,-6,15,65,61,1,26385408,262,1,95,13499,
825.116,13933.5,51.4896,7.40736,182.555,12.718,78.4214,1,18,-70,-5,2,70,63,1,26385408,262,1,95,13499,
826.107,13946.3,51.4896,7.40754,181.939,12.8758,77.9462,1,18,-70,-5,2,70,63,1,26385408,262,1,95,13499,
827.09,13959.4,51.4897,7.40772,181.454,13.0873,78.3535,1,14,-73,-6,2,67,62,1,26385408,262,1,95,13499,
828.081,13972.4,51.4897,7.40791,180.752,13.0685,79.3507,1,14,-73,-6,2,67,62,1,26385408,262,1,95,13499,
829.109,13985.4,51.4897,7.40809,179.815,13.0532,78.3847,1,17,-74,-6,2,66,61,1,26385408,262,1,95,13499,
830.097,13997.9,51.4897,7.40827,178.994,13.1291,78.4324,1,17,-74,-6,2,66,61,1,26385408,262,1,95,13499,
831.109,14011.4,51.4898,7.40846,178.451,13.1528,77.655,1,18,-78,-7,2,62,59,1,26385408,262,1,95,13499,
832.091,14024.1,51.4898,7.40864,177.939,13.2101,77.5499,1,18,-78,-7,2,62,59,1,26385408,262,1,95,13499,
833.121,14039.4,51.4898,7.40885,177.936,13.1756,77.2062,1,13,-79,-6,2,61,58,1,26385408,262,1,95,13499,
834.089,14053.3,51.4898,7.40905,178.225,13.2409,77.4673,1,13,-79,-6,2,61,58,1,26385408,262,1,95,13499,
835.112,14067.5,51.4899,7.40925,178.242,13.3884,77.6749,1,15,-75,-6,12,65,62,4,26385408,262,1,95,13499,
836.107,14080.1,51.4899,7.40943,177.824,13.4265,77.6035,1,15,-75,-6,12,65,62,4,26385408,262,1,95,13499,
837.11,14093.2,51.4899,7.40962,177.612,13.4397,78.2293,1,15,-75,-6,12,65,62,4,26385408,262,1,95,13499,
838.107,14106,51.4899,7.4098,176.785,13.5863,78.5607,1,14,-78,-5,10,62,58,4,26385408,262,1,95,13499,
839.097,14118.4,51.49,7.40997,175.92,13.3905,79.1272,1,14,-78,-5,10,62,58,4,26385408,262,1,95,13499,
840.099,14131,51.49,7.41015,174.934,13.3093,78.5181,1,11,-80,-5,12,60,56,4,26385408,262,1,95,13499,
841.092,14143.9,51.49,7.41033,173.68,13.0826,78.8837,1,11,-80,-5,12,60,56,4,26385408,262,1,95,13499,
842.106,14156.2,51.49,7.41051,172.303,12.8097,78.5244,1,11,-81,-5,10,59,56,4,26385408,262,1,95,13499,
843.065,14156.2,51.49,7.41051,172.303,12.8097,78.5244,1,11,-81,-5,10,59,56,4,26385408,262,1,95,13499,
844.095,14180,51.4901,7.41084,170.304,11.6431,77.1547,1,10,-82,-5,12,58,54,4,26385408,262,1,95,13499,
