0.107,0,51.4471,7.48786,257.413,0,188.487,1,8,-105,-8,9,35,33,10,27771909,262,1,151,13499,
1.285,0,51.4471,7.48786,257.449,0,188.487,1,10,-104,-8,10,36,35,10,27771909,262,1,151,13499,
2.285,0,51.4471,7.48786,257.816,0,188.487,1,10,-104,-8,10,36,35,10,27771909,262,1,151,13499,
3.306,0,51.4471,7.48786,258.182,0,188.487,1,10,-104,-8,10,36,35,10,27771909,262,1,151,13499,
4.29,0,51.4471,7.48786,258.526,0,188.487,1,8,-102,-8,10,38,36,10,27771909,262,1,151,13499,
5.292,0,51.4471,7.48786,261.052,0,158.209,1,8,-102,-8,10,38,36,10,27771909,262,1,151,13499,
6.299,14.0686,51.447,7.48795,262.526,0,159.133,1,4,-103,-7,10,37,35,10,27771909,262,1,151,13499,
7.298,21.9748,51.4469,7.48799,263.644,7.23662,160.141,1,4,-103,-7,10,37,35,10,27771909,262,1,151,13499,
8.305,30.7645,51.4469,7.48803,264.617,7.70891,161.167,1,1,-107,-10,7,33,35,10,27771909,262,1,151,13499,
9.285,38.5462,51.4468,7.48807,265.114,8.40535,161.661,1,1,-107,-10,7,33,35,10,27771909,262,1,151,13499,
10.307,47.0013,51.4467,7.48811,265.361,9.16096,160.994,1,4,-108,-9,8,32,33,10,27771909,262,1,151,13499,
11.29,56.8196,51.4466,7.48816,265.746,9.24852,160.19,1,4,-108,-9,8,32,33,10,27771909,262,1,151,13499,
12.301,67.134,51.4466,7.48821,266.272,9.84403,159.756,1,3,-108,-10,8,32,34,10,27771909,262,1,151,13499,
13.306,77.5957,51.4465,7.48827,266.708,10.526,158.11,1,3,-108,-10,8,32,34,10,27771909,262,1,151,13499,
14.296,88.6538,51.4464,7.48834,267.239,10.8239,156.579,1,4,-106,-11,8,34,37,10,27771909,262,1,151,13499,
15.307,100.038,51.4463,7.48841,267.732,11.2182,154.686,1,4,-106,-11,8,34,37,10,27771909,262,1,151,13499,
16.301,110.765,51.4462,7.4885,267.966,11.3729,152.859,1,-4,-102,-9,6,38,38,12,28371201,262,1,66,13499,
17.288,122.717,51.4461,7.4886,268.157,11.9686,150.044,1,-4,-102,-9,6,38,38,12,28371201,262,1,66,13499,
18.283,135.516,51.446,7.48871,268.388,12.0497,147.104,1,6,-101,-8,9,39,38,12,28371201,262,1,66,13499,
19.301,148.761,51.4459,7.48883,268.58,12.4612,144.022,1,6,-101,-8,9,39,38,12,28371201,262,1,66,13499,
20.299,161.457,51.4458,7.48895,268.703,12.616,141.554,1,19,-105,-10,8,35,36,12,28371201,262,1,66,13499,
21.282,174.736,51.4458,7.48909,268.678,12.5457,139.076,1,19,-105,-10,8,35,36,12,28371201,262,1,66,13499,
22.292,187.366,51.4457,7.48923,268.64,12.7912,136.347,1,21,-104,-8,9,36,36,12,28371201,262,1,66,13499,
23.305,199.944,51.4456,7.48936,268.75,12.8214,134.156,1,21,-104,-8,9,36,36,12,28371201,262,1,66,13499,
24.321,212.516,51.4455,7.4895,268.923,12.815,132.345,1,9,-102,-8,7,38,37,12,28371201,262,1,66,13499,
25.286,226.402,51.4455,7.48966,269.361,12.8612,130.651,1,9,-102,-8,7,38,37,12,28371201,262,1,66,13499,
26.284,239.765,51.4454,7.48981,269.567,12.9186,129.485,1,4,-102,-8,10,38,37,12,28371201,262,1,66,13499,
27.283,252.352,51.4453,7.48995,269.814,12.5856,128.678,1,4,-102,-8,10,38,37,12,28371201,262,1,66,13499,
28.296,265.548,51.4452,7.4901,270.088,12.7311,127.858,1,4,-102,-8,10,38,37,12,28371201,262,1,66,13499,
29.291,278.735,51.4452,7.49026,270.523,12.9081,127.099,1,18,-105,-8,8,35,35,12,28371201,262,1,66,13499,
30.304,290.987,51.4451,7.49041,271.201,12.5712,126.713,1,18,-105,-8,8,35,35,12,28371201,262,1,66,13499,
31.301,303.382,51.4451,7.49056,271.831,12.2929,127.564,1,4,-107,-9,2,33,33,12,28371201,262,1,66,13499,
32.279,314.145,51.445,7.49069,272.322,10.9918,126.723,1,4,-107,-9,2,33,33,12,28371201,262,1,66,13499,
33.28,325.423,51.4449,7.49082,272.993,11.0305,127.21,1,1,-104,-8,2,36,36,12,28371201,262,1,66,13499,
34.308,335.609,51.4449,7.49094,273.75,10.3292,126.89,1,1,-104,-8,2,36,36,12,28371201,262,1,66,13499,
35.321,345.69,51.4448,7.49106,274.656,9.59089,126.448,1,-1,-106,-9,2,34,34,12,28371201,262,1,66,13499,
36.3,355.083,51.4448,7.49117,275.474,8.50674,127.081,1,-1,-106,-9,2,34,34,12,28371201,262,1,66,13499,
37.291,363.876,51.4447,7.49128,276.417,6.89521,127.484,1,0,-112,-10,5,28,30,15,28371201,262,1,66,13499,
38.297,370.093,51.4447,7.49135,276.928,5.83453,127.051,1,0,-112,-10,5,28,30,15,28371201,262,1,66,13499,
39.291,374.791,51.4447,7.49141,276.937,3.79031,127.616,1,-1,-83,-9,6,57,55,7,27771904,262,1,487,13499,
40.318,376.252,51.4447,7.49142,276.894,2.25518,128.361,1,-1,-83,-9,6,57,55,7,27771904,262,1,487,13499,
41.372,378.326,51.4447,7.49145,276.847,1.06181,128.361,1,18,-83,-9,15,57,55,7,27771904,262,1,487,13499,
42.285,378.326,51.4447,7.49145,276.839,0,128.361,1,18,-83,-9,15,57,55,7,27771904,262,1,487,13499,
43.289,378.326,51.4447,7.49145,276.827,0,128.361,1,16,-83,-8,14,57,55,7,27771904,262,1,487,13499,
44.283,378.326,51.4447,7.49145,276.814,0,128.361,1,16,-83,-8,14,57,55,7,27771904,262,1,487,13499,
45.293,378.326,51.4447,7.49145,276.802,0,128.361,1,21,-82,-8,15,58,56,7,27771904,262,1,487,13499,
46.309,378.326,51.4447,7.49145,276.79,0,128.361,1,21,-82,-8,15,58,56,7,27771904,262,1,487,13499,
47.309,378.326,51.4447,7.49145,276.78,0,128.361,1,19,-83,-9,10,57,56,7,27771904,262,1,487,13499,
48.29,378.326,51.4447,7.49145,276.773,0,128.361,1,19,-83,-9,10,57,56,7,27771904,262,1,487,13499,
49.296,378.326,51.4447,7.49145,276.769,0,128.361,1,14,-83,-9,11,57,56,7,27771904,262,1,487,13499,
50.296,378.326,51.4447,7.49145,276.764,0,128.361,1,14,-83,-9,11,57,56,7,27771904,262,1,487,13499,
51.286,378.326,51.4447,7.49145,276.758,0,128.361,1,19,-83,-8,12,57,55,7,27771904,262,1,487,13499,
52.294,378.326,51.4447,7.49145,276.754,0,128.361,1,19,-83,-8,12,57,55,7,27771904,262,1,487,13499,
53.289,378.326,51.4447,7.49145,276.756,0,128.361,1,19,-83,-8,12,57,55,7,27771904,262,1,487,13499,
54.304,378.326,51.4447,7.49145,276.744,0,128.361,1,21,-83,-9,11,57,56,7,27771904,262,1,487,13499,
55.306,378.326,51.4447,7.49145,276.693,0,130.367,1,21,-83,-9,11,57,56,7,27771904,262,1,487,13499,
56.285,378.326,51.4447,7.49145,276.626,0,129.22,1,14,-85,-9,10,55,54,7,27771904,262,1,487,13499,
57.294,385.203,51.4446,7.49152,276.564,3.86799,127.901,1,14,-85,-9,10,55,54,7,27771904,262,1,487,13499,
58.286,388.914,51.4446,7.49156,276.248,4.38574,126.748,1,19,-81,-9,11,59,58,7,27771904,262,1,487,13499,
59.303,393.265,51.4446,7.49162,276.033,4.40372,126.303,1,19,-81,-9,11,59,58,7,27771904,262,1,487,13499,
60.29,399.121,51.4446,7.49167,276.042,5.05885,141.405,1,22,-76,-9,12,64,63,7,27771904,262,1,487,13499,
61.302,405.671,51.4445,7.49171,276.039,5.60527,167.264,1,22,-76,-9,12,64,63,7,27771904,262,1,487,13499,
62.284,411.47,51.4444,7.49171,276.156,6.18688,189.553,1,20,-76,-8,13,64,62,7,27771904,262,1,487,13499,
63.293,417.92,51.4444,7.49166,276.444,6.92289,213.291,1,20,-76,-8,13,64,62,7,27771904,262,1,487,13499,
64.319,425.172,51.4443,7.49161,276.588,8.1333,214.81,1,21,-73,-9,11,67,63,7,27771904,262,1,487,13499,
65.309,432.908,51.4443,7.49155,276.737,8.99546,215.402,1,21,-73,-9,11,67,63,7,27771904,262,1,487,13499,
66.298,441.525,51.4442,7.49148,276.97,9.88222,215.834,1,19,-69,-9,12,71,63,7,27771904,262,1,487,13499,
67.294,452.079,51.4441,7.49139,277.008,10.8077,216.21,1,19,-69,-9,12,71,63,7,27771904,262,1,487,13499,
68.313,463.188,51.4441,7.4913,277.189,11.2012,215.671,1,18,-65,-9,2,75,63,7,27771904,262,1,487,13499,
69.306,475.201,51.444,7.4912,277.231,11.567,215.167,1,18,-65,-9,2,75,63,7,27771904,262,1,487,13499,
70.289,487.08,51.4439,7.4911,277.161,11.9336,214.312,1,22,-89,-5,2,51,46,7,27771907,262,1,150,13499,
71.297,498.991,51.4438,7.49101,276.944,12.228,214.98,1,22,-89,-5,2,51,46,7,27771907,262,1,150,13499,
72.287,510.917,51.4437,7.49091,276.826,12.8204,215.932,1,31,-86,-6,2,54,50,7,27771907,262,1,150,13499,
73.302,523.753,51.4436,7.4908,276.955,13.3049,216.207,1,31,-86,-6,2,54,50,7,27771907,262,1,150,13499,
74.284,537.149,51.4435,7.49069,276.839,13.6186,216.255,1,32,-82,-6,2,58,54,7,27771907,262,1,150,13499,
75.299,551.91,51.4434,7.49056,276.447,14.0981,216.729,1,32,-82,-6,2,58,54,7,27771907,262,1,150,13499,
76.305,566.738,51.4433,7.49043,276.173,14.203,216.739,1,32,-82,-6,2,58,54,7,27771907,262,1,150,13499,
77.285,580.687,51.4432,7.49031,275.932,14.1254,216.871,1,23,-75,-6,2,65,62,7,27771907,262,1,150,13499,
78.284,594.457,51.4431,7.49019,275.708,14.1606,216.964,1,23,-75,-6,2,65,62,7,27771907,262,1,150,13499,
79.309,609.56,51.443,7.49006,275.37,14.3168,216.845,1,24,-88,-6,2,52,49,7,27771907,262,1,150,13499,
80.318,623.559,51.4429,7.48993,275.44,14.3749,216.811,1,24,-88,-6,2,52,49,7,27771907,262,1,150,13499,
81.298,637.5,51.4428,7.48981,275.716,14.4812,217.314,1,29,-90,-6,2,50,47,7,27771907,262,1,150,13499,
82.288,651.574,51.4427,7.48969,275.877,14.2251,216.835,1,29,-90,-6,2,50,47,7,27771907,262,1,150,13499,
83.299,666.571,51.4426,7.48956,276.175,14.6159,216.036,1,11,-87,-6,2,53,49,7,27771907,262,1,150,13499,
84.299,681.245,51.4425,7.48944,276.406,14.6606,215.478,1,11,-87,-6,2,53,49,7,27771907,262,1,150,13499,
85.307,696.133,51.4424,7.48931,276.863,15.0815,215.869,1,34,-78,-6,2,62,59,7,27771907,262,1,150,13499,
86.285,710.276,51.4423,7.48919,277.601,15.482,216.573,1,34,-78,-6,2,62,59,7,27771907,262,1,150,13499,
87.301,725.692,51.4421,7.48906,278.097,15.3242,217.399,1,32,-73,-5,2,67,63,7,27771907,262,1,150,13499,
88.3,740.173,51.442,7.48893,278.431,15.2218,217.942,1,32,-73,-5,2,67,63,7,27771907,262,1,150,13499,
89.291,755.85,51.4419,7.48879,278.422,15.1065,219.55,1,32,-74,-5,2,66,62,7,27771907,262,1,150,13499,
90.303,770.71,51.4418,7.48865,278.064,14.9423,220.513,1,32,-74,-5,2,66,62,7,27771907,262,1,150,13499,
91.298,788.569,51.4417,7.48847,277.675,15.098,222.63,1,31,-71,-5,2,69,63,7,27771907,262,1,150,13499,
92.361,803.703,51.4416,7.48832,277.674,15.399,225.476,1,31,-71,-5,2,69,63,7,27771907,262,1,150,13499,
93.285,820.058,51.4415,7.48814,277.466,15.3644,226.978,1,32,-66,-5,14,74,63,1,27771907,262,1,150,13499,
94.29,836.152,51.4414,7.48797,277.006,15.4827,228.227,1,32,-66,-5,14,74,63,1,27771907,262,1,150,13499,
95.298,851.959,51.4413,7.48779,276.372,15.4173,229.284,1,24,-72,-5,15,68,63,1,27771907,262,1,150,13499,
96.285,866.249,51.4413,7.48764,275.807,15.0633,230.126,1,24,-72,-5,15,68,63,1,27771907,262,1,150,13499,
97.276,880.653,51.4412,7.48747,275.447,14.8523,231.157,1,24,-79,-5,15,61,58,1,27771907,262,1,150,13499,
98.279,895.583,51.4411,7.4873,275.119,14.6328,231.825,1,24,-79,-5,15,61,58,1,27771907,262,1,150,13499,
99.299,910.37,51.441,7.48713,274.854,14.6012,232.787,1,26,-84,-6,12,56,54,1,27771907,262,1,150,13499,
100.289,924.868,51.4409,7.48696,274.698,14.7641,232.72,1,26,-84,-6,12,56,54,1,27771907,262,1,150,13499,
101.287,938.97,51.4409,7.48679,275.042,14.8017,232.841,1,13,-89,-9,11,51,52,1,27771907,262,1,150,13499,
102.293,954.141,51.4408,7.48661,275.321,15.1738,233.357,1,13,-89,-9,11,51,52,1,27771907,262,1,150,13499,
103.304,969.319,51.4407,7.48644,275.534,15.1124,234.005,1,13,-89,-9,11,51,52,1,27771907,262,1,150,13499,
104.303,984.598,51.4406,7.48626,275.458,15.1877,234.337,1,16,-81,-6,6,59,58,1,27771908,262,1,152,13499,
105.293,999.135,51.4405,7.48609,275.48,14.8382,234.086,1,16,-81,-6,6,59,58,1,27771908,262,1,152,13499,
106.305,1014.24,51.4405,7.48591,275.496,15.0819,233.764,1,20,-82,-7,15,58,56,1,27771908,262,1,152,13499,
107.31,1030.01,51.4404,7.48573,275.51,14.8321,233.008,1,20,-82,-7,15,58,56,1,27771908,262,1,152,13499,
108.291,1045.15,51.4403,7.48555,275.538,15.0023,233.793,1,13,-80,-6,15,60,57,1,27771908,262,1,152,13499,
109.289,1059.35,51.4402,7.48538,275.364,14.8125,233.32,1,13,-80,-6,15,60,57,1,27771908,262,1,152,13499,
110.284,1074.59,51.4402,7.4852,275.286,14.9973,233.711,1,26,-76,-6,15,64,61,1,27771908,262,1,152,13499,
111.287,1089.59,51.4401,7.48503,275.572,15.1455,233.162,1,26,-76,-6,15,64,61,1,27771908,262,1,152,13499,
112.298,1103.99,51.44,7.48486,276.048,14.6866,233.193,1,26,-74,-5,15,66,62,1,27771908,262,1,152,13499,
113.298,1118.1,51.4399,7.48469,276.504,14.8283,232.834,1,26,-74,-5,15,66,62,1,27771908,262,1,152,13499,
114.294,1132.99,51.4398,7.48452,277.089,14.7895,231.989,1,31,-72,-5,15,68,63,1,27771908,262,1,152,13499,
115.305,1148.32,51.4398,7.48435,277.762,14.7779,232.419,1,31,-72,-5,15,68,63,1,27771908,262,1,152,13499,
116.306,1163.33,51.4397,7.48417,278.552,15.098,233.137,1,31,-71,-5,15,69,63,1,27771908,262,1,152,13499,
117.297,1179.35,51.4396,7.48399,279.359,15.3322,233.528,1,31,-71,-5,15,69,63,1,27771908,262,1,152,13499,
118.361,1193.4,51.4395,7.48382,279.81,15.6556,234.215,1,19,-71,-5,15,69,63,1,27771908,262,1,152,13499,
119.309,1207.8,51.4394,7.48365,280.011,15.6599,234.624,1,19,-71,-5,15,69,63,1,27771908,262,1,152,13499,
120.316,1222.73,51.4394,7.48347,280.511,15.8673,235.531,1,30,-75,-5,15,65,61,4,27771908,262,1,152,13499,
121.319,1238.2,51.4393,7.48328,281.207,15.8389,235.445,1,30,-75,-5,15,65,61,4,27771908,262,1,152,13499,
122.298,1253.85,51.4392,7.48309,281.974,15.4207,236.408,1,26,-80,-5,14,60,55,4,27771908,262,1,152,13499,
123.314,1269.91,51.4392,7.48289,282.947,15.422,238.059,1,26,-80,-5,14,60,55,4,27771908,262,1,152,13499,
124.277,1285.18,51.4391,7.48269,283.511,14.581,239.174,1,29,-83,-5,15,57,53,4,27771908,262,1,152,13499,
125.308,1300.33,51.439,7.4825,284.195,15.0022,239.627,1,29,-83,-5,15,57,53,4,27771908,262,1,152,13499,
126.29,1316.55,51.4389,7.4823,284.677,15.4024,239.973,1,31,-85,-5,14,55,51,4,27771908,262,1,152,13499,
127.295,1332.56,51.4389,7.48209,285.366,15.5406,240.534,1,31,-85,-5,14,55,51,4,27771908,262,1,152,13499,
128.294,1348.23,51.4388,7.4819,286.118,15.2811,240.617,1,31,-85,-5,14,55,51,4,27771908,262,1,152,13499,
129.294,1364.1,51.4387,7.48169,286.834,15.7696,239.673,1,17,-95,-5,11,45,41,4,27771908,262,1,152,13499,
130.311,1380.18,51.4387,7.48149,287.62,15.9883,240.23,1,17,-95,-5,11,45,41,4,27771908,262,1,152,13499,
131.28,1396.31,51.4386,7.48128,288.206,16.0004,239.757,1,25,-94,-6,13,46,44,4,27771908,262,1,152,13499,
132.305,1412.35,51.4385,7.48108,288.479,16.0633,239.308,1,25,-94,-6,13,46,44,4,27771908,262,1,152,13499,
133.28,1428.36,51.4385,7.48088,288.812,16.0843,239.302,1,16,-97,-5,12,43,40,4,27771908,262,1,152,13499,
134.287,1442.9,51.4384,7.4807,288.908,15.9921,238.684,1,16,-97,-5,12,43,40,4,27771908,262,1,152,13499,
135.303,1458.61,51.4383,7.4805,288.818,15.7949,238.732,1,18,-97,-5,2,43,39,4,27771908,262,1,152,13499,
136.289,1473.75,51.4383,7.48031,288.498,15.5323,239.435,1,18,-97,-5,2,43,39,4,27771908,262,1,152,13499,
137.285,1489.02,51.4382,7.48012,288.04,15.3636,240.27,1,13,-99,-6,2,41,38,4,27771908,262,1,152,13499,
138.316,1503.88,51.4381,7.47992,287.623,15.0121,239.733,1,13,-99,-6,2,41,38,4,27771908,262,1,152,13499,
139.295,1519.05,51.4381,7.47973,287.435,15.2365,240.54,1,9,-101,-6,2,39,37,4,27771908,262,1,152,13499,
140.283,1534.64,51.438,7.47953,287.063,14.6819,241.232,1,9,-101,-6,2,39,37,4,27771908,262,1,152,13499,
141.286,1549.65,51.438,7.47933,286.908,14.6681,242.11,1,7,-103,-7,2,37,35,4,27771908,262,1,152,13499,
142.296,1563.43,51.4379,7.47915,286.409,13.9075,241.671,1,7,-103,-7,2,37,35,4,27771908,262,1,152,13499,
143.294,1577,51.4378,7.47898,286.448,13.3972,240.475,1,9,-105,-8,2,35,34,4,27771908,262,1,152,13499,
144.298,1591.38,51.4378,7.4788,286.336,13.8934,241.309,1,9,-105,-8,2,35,34,4,27771908,262,1,152,13499,
145.291,1606.37,51.4377,7.4786,285.688,14.5218,241.695,1,11,-104,-7,2,36,35,4,27771908,262,1,152,13499,
146.292,1621.75,51.4377,7.47841,285.856,14.5461,241.326,1,11,-104,-7,2,36,35,4,27771908,262,1,152,13499,
147.298,1637.01,51.4376,7.47821,285.763,14.9297,241.546,1,10,-105,-9,2,35,35,4,27771908,262,1,152,13499,
148.286,1654.65,51.4375,7.47798,285.411,14.8462,242.176,1,10,-105,-9,2,35,35,4,27771908,262,1,152,13499,
149.288,1670.36,51.4375,7.47778,285.061,14.9536,242.52,1,8,-107,-10,2,33,34,4,27771908,262,1,152,13499,
150.317,1685.74,51.4374,7.47759,284.776,14.5624,242.162,1,8,-107,-10,2,33,34,4,27771908,262,1,152,13499,
151.309,1699.25,51.4373,7.47741,284.971,14.177,242.011,1,7,-109,-10,2,31,33,4,27771908,262,1,152,13499,
152.29,1712.59,51.4373,7.47724,285.237,13.117,241.528,1,7,-109,-10,2,31,33,4,27771908,262,1,152,13499,
153.28,1725.62,51.4372,7.47707,285.454,12.6978,242.322,1,7,-109,-10,2,31,33,4,27771908,262,1,152,13499,
154.29,1738.88,51.4372,7.4769,285.104,11.8646,243.357,1,9,-109,-10,2,31,32,4,27771908,262,1,152,13499,
155.314,1751.03,51.4371,7.47673,285.062,11.3871,247.358,1,9,-109,-10,2,31,32,4,27771908,262,1,152,13499,
156.287,1762.29,51.4371,7.47657,285.187,10.5167,262.706,1,11,-108,-9,2,32,32,4,27771908,262,1,152,13499,
157.296,1773.45,51.4371,7.47641,285.395,9.34148,276.637,1,11,-108,-9,2,32,32,4,27771908,262,1,152,13499,
158.288,1782.94,51.4372,7.47628,285.063,8.39238,294.206,1,17,-106,-8,2,34,33,4,27771908,262,1,152,13499,
159.283,1791.84,51.4372,7.47619,285.123,8.15301,318.117,1,17,-106,-8,2,34,33,4,27771908,262,1,152,13499,
160.289,1800.43,51.4373,7.47614,285.098,8.63173,333.078,1,21,-102,-7,2,38,36,4,27771908,262,1,152,13499,
161.302,1809.09,51.4374,7.47613,284.783,8.68779,359.56,1,21,-102,-7,2,38,36,4,27771908,262,1,152,13499,
162.287,1819.19,51.4375,7.4762,284.73,9.56549,33.1241,1,23,-99,-6,2,41,37,4,27771908,262,1,152,13499,
163.296,1829.97,51.4375,7.47631,284.941,10.2575,54.3511,1,23,-99,-6,2,41,37,4,27771908,262,1,152,13499,
164.297,1843.06,51.4376,7.47645,285.759,11.0066,53.9019,1,32,-89,-6,2,51,47,4,27771908,262,1,152,13499,
165.296,1854.82,51.4377,7.47659,286.98,12.068,52.1951,1,32,-89,-6,2,51,47,4,27771908,262,1,152,13499,
166.289,1868.5,51.4377,7.47674,287.814,12.8446,51.5778,1,28,-82,-6,2,58,55,4,27771908,262,1,152,13499,
167.29,1881.59,51.4378,7.47689,288.317,14.1898,52.0927,1,28,-82,-6,2,58,55,4,27771908,262,1,152,13499,
168.298,1895.72,51.4379,7.47705,288.52,15.2826,52.4886,1,25,-83,-4,15,57,51,10,27771908,262,1,152,13499,
169.372,1911.24,51.438,7.47723,288.722,16.119,53.2513,1,25,-83,-4,15,57,51,10,27771908,262,1,152,13499,
170.279,1927.67,51.4381,7.47742,289.085,16.9702,53.9125,1,24,-78,-5,15,62,59,10,27771908,262,1,152,13499,
171.296,1946.43,51.4382,7.47765,289.229,17.3338,54.579,1,24,-78,-5,15,62,59,10,27771908,262,1,152,13499,
172.254,1963.39,51.4382,7.47785,289.777,17.5976,55.2918,1,32,-79,-4,15,61,57,10,27771908,262,1,152,13499,
173.303,1980.5,51.4383,7.47805,290.142,17.8037,56.2121,1,32,-79,-4,15,61,57,10,27771908,262,1,152,13499,
174.295,2000.07,51.4384,7.47829,290.375,18.2515,56.5784,1,30,-81,-5,15,59,57,10,27771908,262,1,152,13499,
175.288,2019.79,51.4385,7.47853,290.435,18.9218,57.2479,1,30,-81,-5,15,59,57,10,27771908,262,1,152,13499,
176.285,2037.74,51.4386,7.47874,290.171,19.2869,57.1206,1,30,-81,-5,15,59,57,10,27771908,262,1,152,13499,
177.305,2058.11,51.4387,7.47899,290.045,19.6818,57.647,1,33,-83,-6,15,57,55,10,27771908,262,1,152,13499,
178.291,2077.37,51.4388,7.47923,290.109,19.9929,58.3388,1,33,-83,-6,15,57,55,10,27771908,262,1,152,13499,
179.28,2097.97,51.4389,7.47948,289.774,20.426,57.3417,1,29,-87,-6,15,53,51,10,27771908,262,1,152,13499,
180.293,2117.93,51.439,7.47972,289.259,20.5775,56.3453,1,29,-87,-6,15,53,51,10,27771908,262,1,152,13499,
181.297,2136.93,51.4391,7.47994,288.511,20.3983,55.0429,1,28,-87,-6,15,53,50,10,27771908,262,1,152,13499,
182.286,2155.96,51.4392,7.48016,287.507,20.1234,55.3187,1,28,-87,-6,15,53,50,10,27771908,262,1,152,13499,
183.3,2175.37,51.4393,7.48039,286.521,20.2436,55.6904,1,26,-89,-6,15,51,49,10,27771908,262,1,152,13499,
184.304,2195.75,51.4394,7.48064,285.36,20.0511,55.3283,1,26,-89,-6,15,51,49,10,27771908,262,1,152,13499,
185.285,2214.17,51.4395,7.48086,284.092,20.037,55.8075,1,26,-88,-5,15,52,49,10,27771908,262,1,152,13499,
186.299,2234.14,51.4396,7.48109,282.964,20.0779,55.8453,1,26,-88,-5,15,52,49,10,27771908,262,1,152,13499,
187.303,2253.39,51.4397,7.48132,282.036,20.0304,56.2609,1,27,-89,-6,15,51,48,10,27771908,262,1,152,13499,
188.293,2274.08,51.4398,7.48157,281.401,20.6347,52.9277,1,27,-89,-6,15,51,48,10,27771908,262,1,152,13499,
189.29,2294.09,51.4399,7.48178,280.748,20.8353,46.8401,1,22,-85,-6,2,55,52,10,27771908,262,1,152,13499,
190.298,2315.89,51.4401,7.482,280.05,21.1208,45.6542,1,22,-85,-6,2,55,52,10,27771908,262,1,152,13499,
191.298,2336.99,51.4402,7.48221,279.304,21.3046,45.9505,1,24,-87,-6,2,53,50,10,27771908,262,1,152,13499,
192.281,2358.85,51.4404,7.48242,278.764,21.5644,44.094,1,24,-87,-6,2,53,50,10,27771908,262,1,152,13499,
193.288,2380.01,51.4405,7.48262,278.306,21.5864,42.8148,1,24,-87,-6,2,53,50,10,27771908,262,1,152,13499,
194.318,2401.38,51.4406,7.48283,277.525,21.7021,43.0635,1,24,-87,-6,2,53,50,10,27771908,262,1,152,13499,
195.281,2423.43,51.4408,7.48304,277.008,21.5884,41.8432,1,23,-86,-6,2,54,51,10,27771908,262,1,152,13499,
196.299,2444.55,51.4409,7.48323,276.552,21.4872,40.9141,1,23,-86,-6,2,54,51,10,27771908,262,1,152,13499,
197.297,2466.55,51.4411,7.48342,276.155,21.7869,37.2574,1,23,-86,-6,13,54,51,2,27771908,262,1,152,13499,
198.297,2488.12,51.4413,7.4836,275.783,21.7165,35.2811,1,23,-86,-6,13,54,51,2,27771908,262,1,152,13499,
199.296,2510.56,51.4414,7.48378,275.343,21.6233,33.5575,1,19,-86,-6,13,54,51,2,27771908,262,1,152,13499,
200.281,2532.97,51.4416,7.48395,274.933,21.6452,32.0477,1,19,-86,-6,13,54,51,2,27771908,262,1,152,13499,
201.288,2555.29,51.4418,7.48411,274.5,21.7116,31.6705,1,19,-86,-6,13,54,51,2,27771908,262,1,152,13499,
202.29,2577.31,51.4419,7.48427,274.415,21.5887,31.8833,1,23,-91,-10,10,49,49,2,27771908,262,1,152,13499,
203.302,2599.49,51.4421,7.48441,274.381,21.9083,28.0834,1,23,-91,-10,10,49,49,2,27771908,262,1,152,13499,
204.287,2621.52,51.4423,7.48456,274.131,21.9546,27.3541,1,15,-83,-7,14,57,54,1,27771909,262,1,151,13499,
205.296,2644.18,51.4425,7.4847,273.61,22.158,26.7341,1,15,-83,-7,14,57,54,1,27771909,262,1,151,13499,
206.356,2666.62,51.4427,7.48484,272.975,22.2737,26.4506,1,14,-85,-7,15,55,53,1,27771909,262,1,151,13499,
207.295,2688.89,51.4428,7.48497,272.633,22.6611,24.5111,1,14,-85,-7,15,55,53,1,27771909,262,1,151,13499,
208.289,2711.55,51.443,7.4851,272.358,22.652,24.2214,1,28,-81,-6,15,59,56,1,27771909,262,1,151,13499,
209.299,2734.9,51.4432,7.48524,271.977,22.4742,23.9566,1,28,-81,-6,15,59,56,1,27771909,262,1,151,13499,
210.292,2756.73,51.4434,7.48537,271.651,22.1482,23.3328,1,10,-84,-6,13,56,52,1,27771909,262,1,151,13499,
211.286,2777.68,51.4436,7.48549,271.35,20.8847,22.9882,1,10,-84,-6,13,56,52,1,27771909,262,1,151,13499,
212.305,2797.78,51.4437,7.4856,270.957,19.5638,22.137,1,31,-69,-4,15,71,63,1,27771909,262,1,151,13499,
213.288,2817.01,51.4439,7.4857,270.578,18.6536,22.0515,1,31,-69,-4,15,71,63,1,27771909,262,1,151,13499,
214.297,2835.03,51.4441,7.4858,270.203,17.4027,21.6359,1,30,-67,-5,15,73,63,1,27771909,262,1,151,13499,
215.309,2851.75,51.4442,7.48589,270.027,15.9473,22.461,1,30,-67,-5,15,73,63,1,27771909,262,1,151,13499,
216.323,2866.06,51.4443,7.48597,269.866,13.6448,23.6826,1,31,-69,-5,15,71,63,1,27771909,262,1,151,13499,
217.304,2879.99,51.4444,7.48606,269.628,12.9057,25.8539,1,31,-69,-5,15,71,63,1,27771909,262,1,151,13499,
218.289,2892.2,51.4445,7.48618,269.298,12.0408,43.9844,1,29,-73,-5,15,67,62,1,27771909,262,1,151,13499,
219.294,2905.08,51.4446,7.4863,268.915,12.1673,44.9936,1,29,-73,-5,15,67,62,1,27771909,262,1,151,13499,
220.299,2917.06,51.4446,7.48645,268.528,12.1686,57.9523,1,30,-77,-5,15,63,61,1,27771909,262,1,151,13499,
221.296,2927.59,51.4447,7.4866,268.248,12.3666,74.0008,1,30,-77,-5,15,63,61,1,27771909,262,1,151,13499,
222.303,2938.74,51.4447,7.48675,267.911,11.8489,77.3765,1,30,-77,-5,15,63,61,1,27771909,262,1,151,13499,
223.299,2950.46,51.4447,7.48692,267.658,12.498,100.31,1,25,-83,-5,15,57,53,1,27771909,262,1,151,13499,
224.296,2964.14,51.4446,7.4871,266.997,13.0126,116.369,1,25,-83,-5,15,57,53,1,27771909,262,1,151,13499,
225.284,2977.5,51.4446,7.48725,266.702,13.3349,130.224,1,27,-81,-6,2,59,56,1,27771909,262,1,151,13499,
226.334,2991.52,51.4445,7.48741,266.676,13.5258,134.286,1,27,-81,-6,2,59,56,1,27771909,262,1,151,13499,
227.291,3005.75,51.4444,7.48749,266.235,13.1457,156.701,1,22,-82,-7,2,58,57,1,27771909,262,1,151,13499,
228.298,3017.17,51.4443,7.48753,265.698,12.849,170.553,1,22,-82,-7,2,58,57,1,27771909,262,1,151,13499,
229.293,3029.89,51.4441,7.48751,265.49,12.9085,189.628,1,27,-70,-6,15,70,63,4,27771909,262,1,151,13499,
230.296,3041.93,51.444,7.48745,265.484,12.8562,204.814,1,27,-70,-6,15,70,63,4,27771909,262,1,151,13499,
231.281,3054.83,51.4439,7.48736,265.354,13.1942,208.633,1,29,-71,-6,15,69,63,4,27771909,262,1,151,13499,
232.281,3067.75,51.4439,7.48722,265.386,13.6841,231.736,1,29,-71,-6,15,69,63,4,27771909,262,1,151,13499,
233.305,3082.66,51.4438,7.48703,265.383,13.741,245.143,1,27,-77,-5,14,63,59,4,27771909,262,1,151,13499,
234.289,3096.76,51.4438,7.48684,265.093,13.8716,258.693,1,27,-77,-5,14,63,59,4,27771909,262,1,151,13499,
235.29,3111.46,51.4437,7.48663,264.6,14.9627,262.017,1,24,-84,-6,14,56,53,4,27771909,262,1,151,13499,
236.287,3125.42,51.4437,7.48643,264.363,15.8264,264.294,1,24,-84,-6,14,56,53,4,27771909,262,1,151,13499,
237.297,3141.31,51.4437,7.4862,264.213,16.8564,265.353,1,29,-80,-5,14,60,56,4,27771909,262,1,151,13499,
238.293,3158.1,51.4437,7.48596,263.868,17.5957,266.169,1,29,-80,-5,14,60,56,4,27771909,262,1,151,13499,
239.301,3177.25,51.4437,7.48568,263.457,18.5354,266.897,1,25,-81,-6,14,59,54,4,27771909,262,1,151,13499,
240.289,3196.9,51.4437,7.4854,262.597,18.3317,267.32,1,25,-81,-6,14,59,54,4,27771909,262,1,151,13499,
241.291,3217.83,51.4437,7.4851,262.572,20.9857,269.362,1,25,-81,-6,14,59,54,4,27771909,262,1,151,13499,
242.299,3237.69,51.4437,7.48481,262.133,21.135,267.44,1,21,-89,-6,13,51,48,4,27771909,262,1,151,13499,
243.277,3258.17,51.4437,7.48451,262.42,21.3088,267.919,1,21,-89,-6,13,51,48,4,27771909,262,1,151,13499,
244.298,3279.39,51.4437,7.48421,263.203,22.1161,269.35,1,31,-67,-6,15,73,63,4,27771909,262,1,151,13499,
245.299,3300.86,51.4437,7.4839,263.571,22.747,268.728,1,31,-67,-6,15,73,63,4,27771909,262,1,151,13499,
246.298,3323.98,51.4437,7.48356,263.828,23.1723,268.019,1,32,-67,-6,14,73,63,4,27771909,262,1,151,13499,
247.357,3347.77,51.4437,7.48322,264.154,23.4119,267.877,1,32,-67,-6,14,73,63,4,27771909,262,1,151,13499,
248.286,3372.24,51.4437,7.48287,264.529,24.1228,267.68,1,28,-76,-4,14,64,59,4,27771909,262,1,151,13499,
249.309,3396.61,51.4437,7.48252,264.862,24.5069,267.098,1,28,-76,-4,14,64,59,4,27771909,262,1,151,13499,
250.292,3420.98,51.4436,7.48216,265.073,24.5358,266.809,1,22,-83,-5,14,57,54,4,27771909,262,1,151,13499,
251.313,3445.43,51.4436,7.48181,265.084,24.5427,266.581,1,22,-83,-5,14,57,54,4,27771909,262,1,151,13499,
252.304,3469.56,51.4436,7.48146,264.957,24.4763,266.101,1,10,-88,-6,12,52,48,4,27771909,262,1,151,13499,
253.307,3493.64,51.4436,7.48112,264.726,24.4215,266.141,1,10,-88,-6,12,52,48,4,27771909,262,1,151,13499,
254.306,3518.14,51.4436,7.48076,264.448,24.4611,265.568,1,9,-89,-6,14,51,48,4,27771909,262,1,151,13499,
255.29,3542.81,51.4436,7.48041,264.143,24.5732,264.924,1,9,-89,-6,14,51,48,4,27771909,262,1,151,13499,
256.302,3567.07,51.4435,7.48006,263.767,24.6151,263.48,1,22,-90,-5,10,50,45,4,27771909,262,1,151,13499,
257.287,3591.6,51.4435,7.47971,263.378,24.7235,263.083,1,22,-90,-5,10,50,45,4,27771909,262,1,151,13499,
258.28,3616.18,51.4435,7.47936,262.908,24.7582,262.535,1,7,-91,-6,10,49,46,4,27771909,262,1,151,13499,
259.307,3640.65,51.4435,7.479,262.454,24.842,262.627,1,7,-91,-6,10,49,46,4,27771909,262,1,151,13499,
260.305,3665.76,51.4435,7.47864,261.945,24.9944,262.777,1,21,-85,-5,11,55,51,4,27771909,262,1,151,13499,
261.287,3691.04,51.4434,7.47828,261.404,25.4508,262.839,1,21,-85,-5,11,55,51,4,27771909,262,1,151,13499,
262.315,3716.89,51.4434,7.47791,260.908,26.1119,262.695,1,6,-87,-6,8,53,49,4,27771909,262,1,151,13499,
263.289,3743.13,51.4434,7.47753,260.379,26.4016,262.497,1,6,-87,-6,8,53,49,4,27771909,262,1,151,13499,
264.28,3770.36,51.4433,7.47715,260.032,26.708,262.423,1,6,-87,-6,8,53,49,4,27771909,262,1,151,13499,
265.291,3796.71,51.4433,7.47677,259.658,26.6046,262.334,1,8,-92,-7,10,48,45,4,27771909,262,1,151,13499,
266.297,3823.27,51.4433,7.47639,259.362,26.4898,261.313,1,8,-92,-7,10,48,45,4,27771909,262,1,151,13499,
267.303,3850.13,51.4432,7.47601,259.033,26.2923,261.162,1,10,-91,-6,14,49,46,4,27771909,262,1,151,13499,
268.306,3876,51.4432,7.47564,258.618,26.0047,260.628,1,10,-91,-6,14,49,46,4,27771909,262,1,151,13499,
269.289,3900.76,51.4431,7.47529,258.058,25.4779,259.624,1,16,-88,-6,13,52,49,4,27771909,262,1,151,13499,
270.293,3925.91,51.4431,7.47493,257.419,25.1747,259.246,1,16,-88,-6,13,52,49,4,27771909,262,1,151,13499,
271.286,3951.11,51.4431,7.47457,256.807,25.2866,258.678,1,5,-102,-7,7,38,36,4,27771909,262,1,151,13499,
272.299,3974.72,51.443,7.47424,255.998,25.1301,258.71,1,5,-102,-7,7,38,36,4,27771909,262,1,151,13499,
273.284,3999.84,51.443,7.47388,255.168,25.4344,259.241,1,3,-107,-9,7,33,34,4,27771909,262,1,151,13499,
274.297,4025.13,51.4429,7.47352,254.323,25.922,258.931,1,3,-107,-9,7,33,34,4,27771909,262,1,151,13499,
275.303,4051.28,51.4429,7.47315,253.538,26.1806,258.736,1,-1,-111,-14,5,29,34,4,27771909,262,1,151,13499,
276.282,4077.53,51.4429,7.47278,252.706,26.4073,258.928,1,-1,-111,-14,5,29,34,4,27771909,262,1,151,13499,
277.299,4103.78,51.4428,7.47241,251.905,26.3332,258.955,1,3,-110,-9,7,30,30,4,27771909,262,1,151,13499,
278.297,4129.63,51.4428,7.47204,251.126,26.2535,259.411,1,3,-110,-9,7,30,30,4,27771909,262,1,151,13499,
279.287,4155.92,51.4427,7.47167,250.363,26.6435,259,1,1,-114,-11,2,26,28,4,27771909,262,1,151,13499,
280.29,4182.9,51.4427,7.47128,249.555,26.7068,258.692,1,1,-114,-11,2,26,28,4,27771909,262,1,151,13499,
281.3,4209.38,51.4426,7.47091,248.738,26.9964,258.767,1,2,-113,-10,2,27,29,4,31281409,262,1,232,13499,
282.296,4236.26,51.4426,7.47053,247.912,26.8729,259.272,1,2,-113,-10,2,27,29,4,31281409,262,1,232,13499,
283.29,4262.82,51.4425,7.47016,247.116,26.5968,258.15,1,4,-112,-10,2,28,29,4,31281409,262,1,232,13499,
284.286,4290.15,51.4425,7.46977,246.494,26.61,257.734,1,4,-112,-10,2,28,29,4,31281409,262,1,232,13499,
285.288,4316.47,51.4424,7.4694,245.818,26.3399,258.144,1,4,-111,-10,2,29,30,4,31281409,262,1,232,13499,
286.298,4342.84,51.4424,7.46903,245.249,26.6085,258.242,1,4,-111,-10,2,29,30,4,31281409,262,1,232,13499,
287.29,4368.78,51.4423,7.46866,244.642,26.4858,259.264,1,4,-111,-10,2,29,30,4,31281409,262,1,232,13499,
288.298,4395.36,51.4423,7.46828,244.014,26.6568,258.622,1,5,-110,-9,2,30,30,4,31281409,262,1,232,13499,
289.306,4421.9,51.4422,7.46791,243.482,26.9794,258.26,1,5,-110,-9,2,30,30,4,31281409,262,1,232,13499,
290.303,4449.67,51.4422,7.46752,242.787,27.0758,258.647,1,9,-109,-9,2,31,30,4,31281409,262,1,232,13499,
291.3,4476.55,51.4421,7.46714,241.971,27.0987,258.973,1,9,-109,-9,2,31,30,4,31281409,262,1,232,13499,
292.298,4504.3,51.4421,7.46674,241.248,27.3054,259.93,1,12,-108,-8,2,32,31,4,31281409,262,1,232,13499,
293.312,4531.92,51.442,7.46635,240.532,27.4623,260.273,1,12,-108,-8,2,32,31,4,31281409,262,1,232,13499,
294.304,4559.21,51.442,7.46596,239.848,27.0883,260.153,1,14,-106,-8,2,34,33,4,31281409,262,1,232,13499,
295.281,4586.19,51.442,7.46558,239.199,26.8997,260.242,1,14,-106,-8,2,34,33,4,31281409,262,1,232,13499,
296.286,4612.52,51.4419,7.4652,238.7,26.505,260.579,1,11,-101,-6,2,39,36,4,31281409,262,1,232,13499,
297.291,4612.52,51.4425,7.46465,nan,26.2035,261.393,1,11,-101,-6,2,39,36,4,31281409,262,1,232,13499,
298.287,4612.52,51.4418,7.46446,237.919,25.5874,261.621,1,9,-102,-7,7,38,36,25,31281409,262,1,232,13499,
299.305,4637.86,51.4418,7.4641,237.468,25.5736,262.25,1,9,-102,-7,7,38,36,25,31281409,262,1,232,13499,
300.307,4662.68,51.4418,7.46374,236.973,25.4736,262.819,1,10,-100,-5,13,40,37,25,31281409,262,1,232,13499,
301.299,4687.77,51.4418,7.46338,236.438,25.4855,262.954,1,10,-100,-5,13,40,37,25,31281409,262,1,232,13499,
302.298,4713.24,51.4417,7.46301,235.963,25.5434,263.943,1,9,-105,-7,11,35,33,25,31281409,262,1,232,13499,
303.3,4738.54,51.4417,7.46265,235.533,25.4272,263.96,1,9,-105,-7,11,35,33,25,31281409,262,1,232,13499,
304.31,4763.48,51.4417,7.46229,235.143,25.0064,264.614,1,9,-103,-7,11,37,35,25,31281409,262,1,232,13499,
305.308,4788.13,51.4417,7.46194,234.743,24.5811,265.263,1,9,-103,-7,11,37,35,25,31281409,262,1,232,13499,
306.307,4812.9,51.4417,7.46158,234.432,24.4094,265.73,1,9,-102,-7,11,38,36,25,31281409,262,1,232,13499,
307.293,4836.97,51.4416,7.46123,234.105,24.477,265.619,1,9,-102,-7,11,38,36,25,31281409,262,1,232,13499,
308.29,4860.37,51.4416,7.4609,233.681,24.1632,266.431,1,7,-102,-7,7,38,36,25,31281409,262,1,232,13499,
309.287,4883.69,51.4416,7.46056,233.22,23.4592,267.168,1,7,-102,-7,7,38,36,25,31281409,262,1,232,13499,
310.323,4906.62,51.4416,7.46023,232.822,22.9527,267.02,1,6,-104,-7,11,36,34,25,31281409,262,1,232,13499,
311.295,4929.29,51.4416,7.4599,232.521,22.4996,267.155,1,6,-104,-7,11,36,34,25,31281409,262,1,232,13499,
312.291,4951.69,51.4416,7.45958,232.411,22.5495,267.616,1,6,-104,-7,11,36,34,25,31281409,262,1,232,13499,
313.289,4974.67,51.4416,7.45925,232.253,22.7623,268.018,1,1,-109,-10,2,31,33,25,31281409,262,1,232,13499,
314.314,4997.33,51.4416,7.45892,232.151,22.9632,268.797,1,1,-109,-10,2,31,33,25,31281409,262,1,232,13499,
315.287,5020.24,51.4416,7.45859,231.968,23.1551,269.028,1,4,-104,-8,2,36,36,25,27771908,262,1,152,13499,
316.303,5043.52,51.4416,7.45825,231.773,23.4063,269.259,1,4,-104,-8,2,36,36,25,27771908,262,1,152,13499,
317.297,5066.8,51.4416,7.45792,231.602,23.3281,269.698,1,5,-103,-7,2,37,36,25,27771908,262,1,152,13499,
318.298,5090.2,51.4416,7.45758,231.4,23.3527,269.982,1,5,-103,-7,2,37,36,25,27771908,262,1,152,13499,
319.285,5113.56,51.4416,7.45724,231.186,23.3404,270.118,1,5,-103,-7,2,37,36,25,27771908,262,1,152,13499,
320.307,5136.69,51.4416,7.45691,230.955,23.0507,271.103,1,5,-103,-7,2,37,36,25,27771908,262,1,152,13499,
321.337,5159.48,51.4416,7.45658,230.711,22.6176,270.336,1,12,-102,-7,2,38,36,25,27771908,262,1,152,13499,
322.298,5181.65,51.4416,7.45626,230.539,22.5425,270.404,1,12,-102,-7,2,38,36,25,27771908,262,1,152,13499,
323.39,5203.65,51.4416,7.45594,230.354,22.0423,270.175,1,13,-100,-6,2,40,38,25,27771908,262,1,152,13499,
324.297,5225.43,51.4416,7.45563,230.162,21.5533,270.366,1,13,-100,-6,2,40,38,25,27771908,262,1,152,13499,
325.29,5246.47,51.4416,7.45532,229.989,21.1096,271.229,1,11,-95,-7,11,45,42,27,27771908,262,1,152,13499,
326.297,5267.38,51.4416,7.45502,229.853,20.9469,271.576,1,11,-95,-7,11,45,42,27,27771908,262,1,152,13499,
327.29,5288.01,51.4416,7.45473,229.764,20.8867,272.655,1,17,-88,-6,14,52,48,16,33527552,262,1,433,13499,
328.287,5308.98,51.4416,7.45442,229.691,20.8385,273.744,1,17,-88,-6,14,52,48,16,33527552,262,1,433,13499,
329.292,5329.44,51.4416,7.45413,229.619,20.4768,274.402,1,19,-83,-5,15,57,53,16,33527552,262,1,433,13499,
330.296,5349.37,51.4416,7.45384,229.531,19.9363,274.562,1,19,-83,-5,15,57,53,16,33527552,262,1,433,13499,
331.304,5368.93,51.4417,7.45356,229.44,19.7587,274.17,1,19,-80,-5,13,60,55,16,33527552,262,1,433,13499,
332.302,5388.37,51.4417,7.45328,229.433,19.3902,274.529,1,19,-80,-5,13,60,55,16,33527552,262,1,433,13499,
333.297,5408.66,51.4417,7.45299,229.233,19.4642,275.017,1,22,-79,-5,14,61,57,16,33527552,262,1,433,13499,
334.291,5427.27,51.4417,7.45272,229.214,19.279,274.99,1,22,-79,-5,14,61,57,16,33527552,262,1,433,13499,
335.281,5445.73,51.4417,7.45246,229.173,19.1384,275.491,1,21,-79,-5,14,61,56,16,33527552,262,1,433,13499,
336.307,5464.62,51.4417,7.45218,229.099,18.9546,275.457,1,21,-79,-5,14,61,56,16,33527552,262,1,433,13499,
337.286,5483.57,51.4418,7.45191,229.174,19.0834,275.876,1,25,-82,-5,14,58,52,16,33527552,262,1,433,13499,
338.285,5502.48,51.4418,7.45164,229.187,19.3657,276.219,1,25,-82,-5,14,58,52,16,33527552,262,1,433,13499,
339.287,5522.32,51.4418,7.45136,229.188,19.7612,276.711,1,25,-82,-5,14,58,52,16,33527552,262,1,433,13499,
340.299,5544.49,51.4418,7.45104,229.496,20.2486,277.485,1,21,-83,-4,14,57,53,16,33527552,262,1,433,13499,
341.284,5565.3,51.4418,7.45074,230.021,20.5386,277.576,1,21,-83,-4,14,57,53,16,33527552,262,1,433,13499,
342.308,5586.24,51.4419,7.45044,230.35,20.7173,277.556,1,23,-80,-4,15,60,56,16,33527552,262,1,433,13499,
343.28,5607.3,51.4419,7.45014,230.616,21.3053,277.199,1,23,-80,-4,15,60,56,16,33527552,262,1,433,13499,
344.296,5628.86,51.4419,7.44983,230.649,21.8038,277.988,1,29,-79,-4,14,61,56,16,33527552,262,1,433,13499,
345.276,5650.75,51.4419,7.44952,230.448,22.0502,278.184,1,29,-79,-4,14,61,56,16,33527552,262,1,433,13499,
346.289,5673.07,51.442,7.4492,230.271,22.6614,278.343,1,30,-80,-5,14,60,56,16,33527552,262,1,433,13499,
347.29,5695.99,51.442,7.44887,230.099,23.2236,278.941,1,30,-80,-5,14,60,56,16,33527552,262,1,433,13499,
348.296,5718.72,51.442,7.44855,229.756,23.0545,279.44,1,29,-80,-4,15,60,55,16,33527552,262,1,433,13499,
349.281,5741.3,51.4421,7.44823,229.352,22.6963,279.855,1,29,-80,-4,15,60,55,16,33527552,262,1,433,13499,
350.297,5763.39,51.4421,7.44791,228.919,22.0772,280.143,1,27,-77,-4,2,63,58,16,33527552,262,1,433,13499,
351.298,5784.58,51.4421,7.44761,228.429,21.3671,280.678,1,27,-77,-4,2,63,58,16,33527552,262,1,433,13499,
352.312,5805.33,51.4422,7.44732,227.972,20.6993,281.434,1,31,-78,-5,2,62,58,16,33527552,262,1,433,13499,
353.347,5825.45,51.4422,7.44703,227.774,20.6224,281.205,1,31,-78,-5,2,62,58,16,33527552,262,1,433,13499,
354.29,5846.41,51.4422,7.44674,227.681,20.7935,281.672,1,29,-76,-5,15,64,60,8,33527552,262,1,433,13499,
355.286,5867.08,51.4423,7.44644,227.527,20.8904,281.676,1,29,-76,-5,15,64,60,8,33527552,262,1,433,13499,
356.297,5888.22,51.4423,7.44615,227.541,21.2601,281.23,1,32,-75,-5,15,65,61,8,33527552,262,1,433,13499,
357.29,5909.91,51.4424,7.44584,227.548,21.9996,282.602,1,32,-75,-5,15,65,61,8,33527552,262,1,433,13499,
358.292,5933.44,51.4424,7.44551,227.848,22.3709,282.832,1,32,-75,-5,15,65,61,8,33527552,262,1,433,13499,
359.307,5956.51,51.4425,7.44518,227.901,23.4662,282.122,1,32,-72,-4,15,68,62,8,33527552,262,1,433,13499,
360.293,5979.5,51.4425,7.44486,227.816,23.518,282.339,1,32,-72,-4,15,68,62,8,33527552,262,1,433,13499,
361.291,6002.31,51.4425,7.44454,227.745,22.9589,282.733,1,32,-68,-5,14,72,63,8,33527552,262,1,433,13499,
362.286,6024.66,51.4426,7.44422,227.821,22.8871,283.547,1,32,-68,-5,14,72,63,8,33527552,262,1,433,13499,
363.298,6048.19,51.4426,7.44389,227.622,23.1161,283.888,1,31,-67,-5,14,73,63,8,33527552,262,1,433,13499,
364.293,6071.23,51.4427,7.44357,227.212,23.1304,283.107,1,31,-67,-5,14,73,63,8,33527552,262,1,433,13499,
365.284,6095.47,51.4427,7.44323,226.85,24.2123,284.766,1,31,-69,-5,15,71,63,8,33527552,262,1,433,13499,
366.302,6119.84,51.4428,7.44289,226.617,24.5789,285.399,1,31,-69,-5,15,71,63,8,33527552,262,1,433,13499,
367.302,6144.37,51.4429,7.44255,226.305,24.9753,285.742,1,30,-70,-5,15,70,63,8,33527552,262,1,433,13499,
368.292,6168.71,51.4429,7.44221,225.727,25.0906,285.726,1,30,-70,-5,15,70,63,8,33527552,262,1,433,13499,
369.275,6193.92,51.443,7.44186,225.209,24.9507,286.26,1,32,-65,-4,2,75,63,8,33527552,262,1,433,13499,
370.298,6218.55,51.443,7.44152,224.594,24.826,286.642,1,32,-65,-4,2,75,63,8,33527552,262,1,433,13499,
371.306,6242.69,51.4431,7.44119,223.871,24.4145,286.884,1,26,-65,-4,2,75,63,8,33527552,262,1,433,13499,
372.305,6266.24,51.4432,7.44086,222.897,24.3283,287.023,1,26,-65,-4,2,75,63,8,33527552,262,1,433,13499,
373.3,6289.25,51.4432,7.44054,222.284,24.2844,287.527,1,24,-70,-5,2,70,63,8,33527552,262,1,433,13499,
374.289,6313.37,51.4433,7.44021,222.149,24.6636,288.393,1,24,-70,-5,2,70,63,8,33527552,262,1,433,13499,
375.299,6338.76,51.4434,7.43987,222.198,25.1153,288.76,1,26,-75,-6,2,65,62,8,33527552,262,1,433,13499,
376.293,6363.83,51.4434,7.43952,222.209,25.0944,288.456,1,26,-75,-6,2,65,62,8,33527552,262,1,433,13499,
377.279,6388.46,51.4435,7.43919,222.486,24.5197,289.711,1,20,-76,-4,14,64,59,1,33527552,262,1,433,13499,
378.308,6413.43,51.4436,7.43885,222.647,24.8613,288.535,1,20,-76,-4,14,64,59,1,33527552,262,1,433,13499,
379.282,6438.3,51.4437,7.43851,222.555,25.1894,288.941,1,31,-78,-6,14,62,58,1,33527552,262,1,433,13499,
380.31,6462.83,51.4437,7.43818,222.343,24.8146,290.469,1,31,-78,-6,14,62,58,1,33527552,262,1,433,13499,
381.323,6487.05,51.4438,7.43785,222.177,24.7418,290.738,1,35,-76,-6,14,64,63,1,33527552,262,1,433,13499,
382.322,6511.79,51.4439,7.43752,221.922,24.8018,291.313,1,35,-76,-6,14,64,63,1,33527552,262,1,433,13499,
383.295,6536.73,51.444,7.43718,221.639,25.0611,290.504,1,35,-76,-6,14,64,63,1,33527552,262,1,433,13499,
384.281,6562.08,51.4441,7.43684,221.297,25.4741,291.267,1,22,-83,-6,15,57,54,1,33527554,262,1,434,13499,
385.297,6587.81,51.4442,7.4365,221.099,25.4048,292.195,1,22,-83,-6,15,57,54,1,33527554,262,1,434,13499,
386.282,6613.15,51.4443,7.43616,220.654,24.8931,293.124,1,28,-78,-6,15,62,57,1,33527554,262,1,434,13499,
387.282,6639.22,51.4443,7.43582,220.29,24.659,292.569,1,28,-78,-6,15,62,57,1,33527554,262,1,434,13499,
388.288,6664.52,51.4444,7.43548,220.336,24.7274,293.342,1,25,-84,-6,14,56,53,1,33527554,262,1,434,13499,
389.295,6688.96,51.4445,7.43516,220.102,24.4145,294.71,1,25,-84,-6,14,56,53,1,33527554,262,1,434,13499,
390.346,6713.66,51.4446,7.43484,219.963,24.241,294.559,1,25,-78,-5,14,62,61,1,33527554,262,1,434,13499,
391.294,6737.89,51.4447,7.43452,219.833,24.0917,294.965,1,25,-78,-5,14,62,61,1,33527554,262,1,434,13499,
392.279,6761.31,51.4448,7.43422,219.321,24.2595,296.037,1,13,-86,-6,14,54,52,1,33527554,262,1,434,13499,
393.292,6783.75,51.4449,7.43393,218.334,24.115,295.484,1,13,-86,-6,14,54,52,1,33527554,262,1,434,13499,
394.31,6806.24,51.445,7.43364,217.224,23.725,296.807,1,22,-83,-5,14,57,55,1,33527554,262,1,434,13499,
395.326,6829.98,51.4451,7.43334,216.618,23.4415,298.097,1,22,-83,-5,14,57,55,1,33527554,262,1,434,13499,
396.291,6853.48,51.4452,7.43304,216.224,23.2723,299.051,1,19,-86,-6,14,54,52,1,33527554,262,1,434,13499,
397.294,6875.54,51.4453,7.43277,215.403,23.0848,300.012,1,19,-86,-6,14,54,52,1,33527554,262,1,434,13499,
398.287,6897.38,51.4454,7.4325,214.334,23.1121,300.971,1,19,-84,-5,14,56,49,1,33527554,262,1,434,13499,
399.31,6919.57,51.4455,7.43223,213.278,22.5822,301.769,1,19,-84,-5,14,56,49,1,33527554,262,1,434,13499,
400.301,6942.24,51.4456,7.43196,212.352,22.3144,302.15,1,23,-86,-6,14,54,51,1,33527554,262,1,434,13499,
401.307,6964.42,51.4457,7.43169,211.766,22.0641,302.825,1,23,-86,-6,14,54,51,1,33527554,262,1,434,13499,
402.298,6986.99,51.4458,7.43141,211.31,22.3095,302.466,1,28,-82,-6,1,58,55,1,33527554,262,1,434,13499,
403.316,7010.41,51.446,7.43113,210.726,22.9446,303.726,1,28,-82,-6,1,58,55,1,33527554,262,1,434,13499,
404.284,7033.17,51.4461,7.43087,210.018,22.7612,308.153,1,31,-79,-5,14,61,58,1,33527554,262,1,434,13499,
405.276,7055.32,51.4462,7.43062,209.157,22.8312,307.699,1,31,-79,-5,14,61,58,1,33527554,262,1,434,13499,
406.293,7078.79,51.4463,7.43036,208.246,22.6611,307.735,1,29,-76,-4,15,64,59,1,33527554,262,1,434,13499,
407.286,7100.95,51.4465,7.43011,206.845,22.4834,308.975,1,29,-76,-4,15,64,59,1,33527554,262,1,434,13499,
408.291,7122.22,51.4466,7.42988,204.749,22.6035,309.973,1,29,-76,-4,15,64,59,1,33527554,262,1,434,13499,
409.281,7143.72,51.4467,7.42964,202.517,22.9831,310.661,1,30,-75,-5,2,65,60,1,33527554,262,1,434,13499,
410.305,7165.59,51.4468,7.42941,200.273,23.1313,311.405,1,30,-75,-5,2,65,60,1,33527554,262,1,434,13499,
411.301,7188.2,51.447,7.42917,198.258,23.4832,312.693,1,25,-76,-4,2,64,59,1,33527554,262,1,434,13499,
412.294,7211.43,51.4471,7.42893,196.3,23.4943,313.01,1,25,-76,-4,2,64,59,1,33527554,262,1,434,13499,
413.282,7234.82,51.4473,7.42869,194.536,23.3061,314.27,1,7,-77,-4,2,63,58,1,33527554,262,1,434,13499,
414.288,7258.06,51.4474,7.42846,192.833,23.4142,314.816,1,7,-77,-4,2,63,58,1,33527554,262,1,434,13499,
415.289,7280.57,51.4476,7.42824,191.417,23.238,316.112,1,5,-84,-6,2,56,52,1,33527554,262,1,434,13499,
416.297,7303.3,51.4477,7.42802,189.984,23.5643,316.582,1,5,-84,-6,2,56,52,1,33527554,262,1,434,13499,
417.336,7326.07,51.4479,7.42781,188.538,23.5144,318.522,1,9,-83,-6,2,57,54,1,27771140,262,1,289,13499,
418.315,7349.79,51.4481,7.42759,187.383,23.5831,319.11,1,9,-83,-6,2,57,54,1,27771140,262,1,289,13499,
419.291,7373.48,51.4482,7.42738,186.489,23.4996,320.553,1,12,-86,-7,2,54,51,1,27771140,262,1,289,13499,
420.279,7396.51,51.4484,7.42718,185.286,23.5153,321.355,1,12,-86,-7,2,54,51,1,27771140,262,1,289,13499,
421.287,7420.21,51.4486,7.42697,184.073,23.9392,322.233,1,15,-89,-6,2,51,47,1,27771140,262,1,289,13499,
422.306,7444.43,51.4487,7.42676,182.655,24.4257,323.192,1,15,-89,-6,2,51,47,1,27771140,262,1,289,13499,
423.311,7468.97,51.4489,7.42656,181.372,24.6776,324.256,1,16,-89,-6,2,51,47,1,27771140,262,1,289,13499,
424.298,7493.5,51.4491,7.42636,180.23,24.7398,325.185,1,16,-89,-6,2,51,47,1,27771140,262,1,289,13499,
425.29,7518.06,51.4493,7.42616,178.968,24.6955,324.72,1,14,-90,-6,2,50,45,1,27771140,262,1,289,13499,
426.281,7542.99,51.4495,7.42598,178,24.5168,326.537,1,14,-90,-6,2,50,45,1,27771140,262,1,289,13499,
427.296,7567.73,51.4497,7.42579,177.024,24.2757,327.503,1,5,-93,-6,2,47,44,1,27771140,262,1,289,13499,
428.287,7591.85,51.4498,7.42562,176.185,24.1122,329.295,1,5,-93,-6,2,47,44,1,27771140,262,1,289,13499,
429.298,7616.39,51.45,7.42545,175.306,23.9859,329.973,1,10,-96,-6,2,44,41,1,33527554,262,1,434,13499,
430.284,7640.63,51.4502,7.42529,174.541,24.0324,331.024,1,10,-96,-6,2,44,41,1,33527554,262,1,434,13499,
431.346,7663.63,51.4504,7.42514,173.934,24.0485,330.946,1,6,-96,-6,2,44,41,1,33527554,262,1,434,13499,
432.314,7686.92,51.4506,7.425,173.006,23.4064,334.362,1,6,-96,-6,2,44,41,1,33527554,262,1,434,13499,
433.312,7710.73,51.4508,7.42485,172.515,23.3506,334.72,1,1,-100,-10,8,40,40,15,33527554,262,1,434,13499,
434.302,7735.07,51.451,7.4247,171.672,23.5924,335.057,1,1,-100,-10,8,40,40,15,33527554,262,1,434,13499,
435.292,7758.57,51.4512,7.42456,170.867,23.6216,336.203,1,1,-100,-10,8,40,40,15,33527554,262,1,434,13499,
436.282,7782.36,51.4514,7.42444,170.077,23.5984,338.758,1,2,-102,-12,6,38,41,50,27771140,262,1,289,13499,
437.301,7782.36,51.4512,7.42687,nan,22.9968,339.805,1,2,-102,-12,6,38,41,50,27771140,262,1,289,13499,
438.288,7782.36,51.4518,7.42422,168.599,22.6695,339.763,1,0,-93,-7,6,47,44,45,28365057,262,1,224,13499,
439.284,7804.9,51.452,7.42411,167.911,22.676,340.137,1,0,-93,-7,6,47,44,45,28365057,262,1,224,13499,
440.283,7827.09,51.4522,7.424,167.205,22.5186,340.743,1,8,-93,-6,10,47,45,45,28365057,262,1,224,13499,
441.283,7849.5,51.4524,7.4239,166.507,22.4021,341.367,1,8,-93,-6,10,47,45,45,28365057,262,1,224,13499,
442.293,7871.76,51.4526,7.4238,165.827,22.2269,341.662,1,22,-95,-8,10,45,43,45,28365057,262,1,224,13499,
443.284,7893.6,51.4527,7.42371,165.154,22.1095,341.781,1,22,-95,-8,10,45,43,45,28365057,262,1,224,13499,
444.292,7915.17,51.4529,7.42362,164.427,21.7018,342.666,1,5,-92,-8,6,48,46,47,27771140,262,1,289,13499,
445.295,7936.78,51.4531,7.42353,163.633,21.5989,343.265,1,5,-92,-8,6,48,46,47,27771140,262,1,289,13499,
446.287,7958.48,51.4533,7.42344,162.879,21.6352,343.397,1,9,-91,-9,11,49,49,47,27771140,262,1,289,13499,
447.292,7980.01,51.4535,7.42336,162.136,21.5604,343.533,1,9,-91,-9,11,49,49,47,27771140,262,1,289,13499,
448.297,8001.34,51.4537,7.42328,161.423,21.5297,343.728,1,6,-95,-10,9,45,46,47,27771140,262,1,289,13499,
449.302,8022.48,51.4539,7.4232,160.701,21.3032,343.839,1,6,-95,-10,9,45,46,47,27771140,262,1,289,13499,
450.309,8043.43,51.454,7.42312,160.043,20.9757,344.026,1,3,-95,-12,7,45,48,17,27770883,262,1,289,13499,
451.285,8064.28,51.4542,7.42304,159.419,20.7087,344.057,1,3,-95,-12,7,45,48,17,27770883,262,1,289,13499,
452.29,8084.85,51.4544,7.42296,158.85,20.6626,343.669,1,4,-95,-9,10,45,46,17,27770883,262,1,125,13499,
453.278,8105.53,51.4546,7.42288,158.302,20.7248,343.243,1,4,-95,-9,10,45,46,17,27770883,262,1,125,13499,
454.286,8126.38,51.4548,7.42281,157.866,20.8067,343.062,1,4,-97,-13,5,43,47,17,27770883,262,1,125,13499,
455.306,8147.3,51.4549,7.42272,157.456,21.0181,342.941,1,4,-97,-13,5,43,47,17,27770883,262,1,125,13499,
456.29,8168.36,51.4551,7.42264,157.104,21.4377,342.776,1,8,-90,-8,9,50,50,17,27770883,262,1,125,13499,
457.284,8190,51.4553,7.42255,156.789,21.8818,342.553,1,8,-90,-8,9,50,50,17,27770883,262,1,125,13499,
458.306,8212.08,51.4555,7.42245,156.512,22.4297,342.343,1,-1,-93,-13,6,47,50,34,29568770,262,1,414,13499,
459.282,8234.81,51.4557,7.42235,156.226,22.9026,342.175,1,-1,-93,-13,6,47,50,34,29568770,262,1,414,13499,
460.301,8258.03,51.4559,7.42225,155.912,23.1441,341.524,1,-1,-93,-13,6,47,50,34,29568770,262,1,414,13499,
461.289,8281.15,51.4561,7.42214,155.626,23.1617,340.763,1,0,-91,-9,6,49,48,14,27770883,262,1,26,13499,
462.295,8304.24,51.4563,7.42203,155.349,23.1406,339.853,1,0,-91,-9,6,49,48,14,27770883,262,1,26,13499,
463.284,8327.17,51.4565,7.42192,155.114,22.9276,339.57,1,1,-92,-13,5,48,52,14,27770883,262,1,125,13499,
464.292,8349.8,51.4567,7.42181,154.741,22.4788,339.115,1,1,-92,-13,5,48,52,14,27770883,262,1,125,13499,
465.279,8372.56,51.4569,7.42169,154.268,22.2231,338.514,1,1,-95,-13,5,45,49,14,27770883,262,1,125,13499,
466.295,8394.71,51.457,7.42157,153.845,22.0205,337.548,1,1,-95,-13,5,45,49,14,27770883,262,1,125,13499,
467.307,8416.75,51.4572,7.42145,153.45,21.9816,337.201,1,15,-88,-8,13,52,52,14,27770883,262,1,125,13499,
468.28,8439.04,51.4574,7.42132,152.992,21.8136,336.058,1,15,-88,-8,13,52,52,14,27770883,262,1,125,13499,
469.299,8460.64,51.4576,7.42119,152.53,21.4036,335.559,1,13,-88,-7,11,52,50,14,27770883,262,1,125,13499,
470.31,8481.69,51.4578,7.42106,152.223,20.8645,334.983,1,13,-88,-7,11,52,50,14,27770883,262,1,125,13499,
471.306,8502.51,51.4579,7.42093,152.06,20.2826,334.186,1,14,-86,-6,12,54,51,14,27770883,262,1,125,13499,
472.288,8522.11,51.4581,7.42081,152.062,20.1437,333.335,1,14,-86,-6,12,54,51,14,27770883,262,1,125,13499,
473.282,8540.91,51.4582,7.42068,151.976,19.1416,333.438,1,17,-83,-5,14,57,54,14,27770883,262,1,125,13499,
474.298,8559.46,51.4584,7.42056,152.214,18.5921,332.99,1,17,-83,-5,14,57,54,14,27770883,262,1,125,13499,
475.369,8577.57,51.4585,7.42045,152.305,18.7792,332.582,1,13,-85,-6,13,55,53,14,27770883,262,1,125,13499,
476.288,8596.02,51.4587,7.42033,152.383,19.3287,332.023,1,13,-85,-6,13,55,53,14,27770883,262,1,125,13499,
477.298,8615.66,51.4588,7.42019,152.49,20.0912,331.278,1,17,-81,-6,10,59,56,10,27770883,262,1,125,13499,
478.31,8637.24,51.459,7.42004,152.412,20.1132,331.964,1,17,-81,-6,10,59,56,10,27770883,262,1,125,13499,
479.3,8660.31,51.4592,7.41989,152.392,21.7902,331.279,1,21,-78,-5,3,62,58,10,27770883,262,1,125,13499,
480.309,8681.74,51.4594,7.41973,152.328,22.4548,329.224,1,21,-78,-5,3,62,58,10,27770883,262,1,125,13499,
481.304,8703.68,51.4595,7.41956,151.978,23.4318,328.031,1,16,-79,-5,10,61,58,10,27770883,262,1,125,13499,
482.299,8726.91,51.4597,7.41938,151.55,23.7206,328.263,1,16,-79,-5,10,61,58,10,27770883,262,1,125,13499,
483.298,8751.44,51.4599,7.41919,151.283,24.6766,327.34,1,13,-75,-5,13,65,61,10,27770883,262,1,125,13499,
484.297,8776.53,51.4601,7.41899,151.085,25.3459,326.399,1,13,-75,-5,13,65,61,10,27770883,262,1,125,13499,
485.306,8801.83,51.4603,7.41879,150.934,25.423,325.85,1,13,-75,-5,13,65,61,10,27770883,262,1,125,13499,
486.28,8826.65,51.4604,7.41858,150.678,25.0436,325.226,1,19,-77,-5,10,63,59,10,27770883,262,1,125,13499,
487.309,8851.59,51.4606,7.41837,150.409,24.9891,324.531,1,19,-77,-5,10,63,59,10,27770883,262,1,125,13499,
488.316,8876.76,51.4608,7.41816,150.288,25.1887,324.043,1,20,-74,-4,10,66,62,10,27770883,262,1,125,13499,
489.295,8901.69,51.461,7.41795,150.112,25.3309,323.609,1,20,-74,-4,10,66,62,10,27770883,262,1,125,13499,
490.28,8927.15,51.4612,7.41773,149.872,25.5743,322.987,1,24,-71,-5,14,69,63,10,27770883,262,1,125,13499,
491.291,8952.38,51.4614,7.4175,149.713,25.1712,321.717,1,24,-71,-5,14,69,63,10,27770883,262,1,125,13499,
492.276,8977.01,51.4615,7.41728,149.382,24.8131,321.006,1,14,-73,-5,2,67,63,10,27770883,262,1,125,13499,
493.31,9001.48,51.4617,7.41706,149.035,24.7423,320.677,1,14,-73,-5,2,67,63,10,27770883,262,1,125,13499,
494.292,9026.43,51.4619,7.41682,148.791,24.8995,319.527,1,17,-76,-5,11,64,59,7,27770883,262,1,125,13499,
495.299,9051.59,51.462,7.41659,148.787,24.9171,319.506,1,17,-76,-5,11,64,59,7,27770883,262,1,125,13499,
496.297,9076.06,51.4622,7.41635,149.031,24.7047,317.681,1,21,-76,-5,13,64,61,7,27770883,262,1,125,13499,
497.305,9100.71,51.4624,7.41611,149.316,24.4794,317.282,1,21,-76,-5,13,64,61,7,27770883,262,1,125,13499,
498.285,9125.77,51.4625,7.41586,149.662,24.5179,317.174,1,33,-80,-5,12,60,57,7,27770883,262,1,125,13499,
499.277,9150.49,51.4627,7.41561,150.035,24.4651,316.325,1,33,-80,-5,12,60,57,7,27770883,262,1,125,13499,
500.295,9174.75,51.4629,7.41537,150.43,24.4549,315.739,1,12,-80,-5,14,60,57,7,27770883,262,1,125,13499,
501.308,9198.75,51.463,7.41513,150.78,24.329,314.888,1,12,-80,-5,14,60,57,7,27770883,262,1,125,13499,
502.285,9223.04,51.4632,7.41487,151.082,24.2841,313.967,1,23,-77,-5,10,63,60,7,27770883,262,1,125,13499,
503.297,9247.21,51.4633,7.41462,151.375,24.2176,313.404,1,23,-77,-5,10,63,60,7,27770883,262,1,125,13499,
504.297,9271.33,51.4635,7.41436,151.64,24.0976,312.544,1,9,-87,-7,12,53,50,7,27770883,262,1,125,13499,
505.293,9295.84,51.4636,7.4141,151.886,23.8538,312.104,1,9,-87,-7,12,53,50,7,27770883,262,1,125,13499,
506.288,9318.91,51.4637,7.41385,151.9,23.7633,311.665,1,8,-88,-7,8,52,48,7,27770883,262,1,125,13499,
507.298,9342.36,51.4639,7.4136,151.83,23.6109,311.306,1,8,-88,-7,8,52,48,7,27770883,262,1,125,13499,
508.299,9365.85,51.464,7.41333,151.776,23.5188,310.37,1,8,-88,-7,8,52,48,7,27770883,262,1,125,13499,
509.306,9388.63,51.4641,7.41308,151.723,22.8671,310.237,1,19,-77,-7,14,63,60,7,27770883,262,1,125,13499,
510.297,9411.35,51.4643,7.41283,151.622,22.543,309.8,1,19,-77,-7,14,63,60,7,27770883,262,1,125,13499,
511.281,9433.62,51.4644,7.41258,151.622,22.2307,309.534,1,13,-75,-5,14,65,59,7,27770883,262,1,125,13499,
512.347,9455.68,51.4645,7.41234,151.699,21.9431,309.362,1,13,-75,-5,14,65,59,7,27770883,262,1,125,13499,
513.306,9477.37,51.4647,7.41209,151.703,21.9381,308.722,1,4,-87,-7,12,53,49,4,27770883,262,1,125,13499,
514.304,9499.14,51.4648,7.41185,151.721,21.9309,308.811,1,4,-87,-7,12,53,49,4,27770883,262,1,125,13499,
515.315,9521.49,51.4649,7.4116,151.837,21.9006,308.483,1,5,-95,-11,9,45,46,4,27770883,262,1,125,13499,
516.299,9543.41,51.465,7.41135,151.973,21.8618,308.289,1,5,-95,-11,9,45,46,4,27770883,262,1,125,13499,
517.302,9565.52,51.4651,7.4111,152.078,21.9464,308.352,1,3,-94,-8,6,46,45,4,27770885,262,1,124,13499,
518.316,9587.1,51.4653,7.41085,152.189,22.0207,308.434,1,3,-94,-8,6,46,45,4,27770885,262,1,124,13499,
519.29,9609.1,51.4654,7.4106,152.281,21.944,308.681,1,8,-94,-7,10,46,44,4,27770885,262,1,124,13499,
520.298,9631.56,51.4655,7.41035,152.392,22.0951,308.315,1,8,-94,-7,10,46,44,4,27770885,262,1,124,13499,
521.276,9653.72,51.4656,7.4101,152.476,22.2246,307.957,1,8,-89,-6,11,51,47,4,27770885,262,1,124,13499,
522.305,9675.95,51.4658,7.40985,152.703,22.4048,307.979,1,8,-89,-6,11,51,47,4,27770885,262,1,124,13499,
523.292,9698.49,51.4659,7.40959,152.78,22.6114,307.496,1,11,-85,-6,10,55,53,4,27770885,262,1,124,13499,
524.311,9721.47,51.466,7.40933,152.953,22.6731,307.176,1,11,-85,-6,10,55,53,4,27770885,262,1,124,13499,
525.309,9743.98,51.4661,7.40907,153.228,22.0329,308.343,1,17,-84,-5,14,56,52,4,27770885,262,1,124,13499,
526.288,9765.92,51.4663,7.40882,153.556,21.5848,308.354,1,17,-84,-5,14,56,52,4,27770885,262,1,124,13499,
527.297,9787.21,51.4664,7.40857,153.862,21.177,308.605,1,7,-93,-8,9,47,45,4,27770885,262,1,124,13499,
528.291,9808.65,51.4665,7.40833,154.318,20.907,308.765,1,7,-93,-8,9,47,45,4,27770885,262,1,124,13499,
529.304,9829.43,51.4666,7.40809,154.745,20.8741,309.029,1,4,-91,-8,6,49,48,4,27770885,262,1,124,13499,
530.289,9850.43,51.4667,7.40786,155.09,21.1099,308.699,1,4,-91,-8,6,49,48,4,27770885,262,1,124,13499,
531.283,9871.6,51.4668,7.40762,155.346,21.446,308.946,1,4,-91,-8,6,49,48,4,27770885,262,1,124,13499,
532.291,9892.97,51.467,7.40738,155.569,21.3944,309.244,1,8,-87,-7,8,53,51,4,27770885,262,1,124,13499,
533.295,9914.06,51.4671,7.40714,155.785,20.8324,309.803,1,8,-87,-7,8,53,51,4,27770885,262,1,124,13499,
534.303,9934.67,51.4672,7.40691,156.012,20.3329,310.589,1,20,-83,-7,2,57,54,4,27770885,262,1,124,13499,
535.291,9954.89,51.4673,7.40669,156.24,19.8644,310.322,1,20,-83,-7,2,57,54,4,27770885,262,1,124,13499,
536.293,9974.86,51.4674,7.40646,156.5,19.8199,310.3,1,14,-75,-4,12,65,58,7,27770885,262,1,124,13499,
537.293,9994.8,51.4675,7.40624,156.711,19.8013,310.353,1,14,-75,-4,12,65,58,7,27770885,262,1,124,13499,
538.29,10014.5,51.4677,7.40602,156.933,19.8218,309.944,1,16,-82,-5,10,58,53,7,27770885,262,1,124,13499,
539.295,10034.3,51.4678,7.40581,157.088,20.0035,311.013,1,16,-82,-5,10,58,53,7,27770885,262,1,124,13499,
540.311,10054.3,51.4679,7.40559,157.203,20.1666,311.3,1,14,-82,-6,8,58,56,7,27770885,262,1,124,13499,
541.315,10074.5,51.468,7.40537,157.282,20.5176,311.267,1,14,-82,-6,8,58,56,7,27770885,262,1,124,13499,
542.292,10095.2,51.4681,7.40514,157.393,20.7697,311.675,1,8,-81,-6,14,59,55,7,27770885,262,1,124,13499,
543.299,10116.2,51.4683,7.40492,157.536,20.8913,312.256,1,8,-81,-6,14,59,55,7,27770885,262,1,124,13499,
544.298,10136.8,51.4684,7.4047,157.619,20.8798,312.349,1,2,-85,-8,7,55,52,7,27770885,262,1,124,13499,
545.286,10157.4,51.4685,7.40448,157.591,20.9116,312.323,1,2,-85,-8,7,55,52,7,27770885,262,1,124,13499,
546.31,10179.2,51.4687,7.40425,157.88,21.1405,312.548,1,0,-81,-6,6,59,56,19,27771140,262,1,289,13499,
547.313,10201,51.4688,7.40402,158.325,21.5682,312.539,1,0,-81,-6,6,59,56,19,27771140,262,1,289,13499,
548.299,10223,51.4689,7.40379,158.743,22.0202,311.686,1,18,-78,-6,15,62,58,19,27771140,262,1,289,13499,
549.289,10244.8,51.4691,7.40356,158.984,22.4349,312.642,1,18,-78,-6,15,62,58,19,27771140,262,1,289,13499,
550.311,10267.6,51.4692,7.40332,159.21,22.4892,313.671,1,14,-82,-6,11,58,55,19,27771140,262,1,289,13499,
551.292,10289,51.4693,7.4031,159.303,21.8199,315.212,1,14,-82,-6,11,58,55,19,27771140,262,1,289,13499,
552.295,10310.5,51.4695,7.40288,159.798,21.606,314.496,1,13,-84,-6,10,56,53,19,27771140,262,1,289,13499,
553.311,10332.3,51.4696,7.40266,160.411,21.2915,314.903,1,13,-84,-6,10,56,53,19,27771140,262,1,289,13499,
554.29,10353.9,51.4697,7.40244,160.824,21.0138,315.148,1,10,-88,-7,8,52,50,19,27771140,262,1,289,13499,
555.301,10374.8,51.4699,7.40222,161.249,21.0947,314.964,1,10,-88,-7,8,52,50,19,27771140,262,1,289,13499,
556.288,10395.4,51.47,7.402,161.408,21.1086,314.966,1,10,-88,-7,8,52,50,19,27771140,262,1,289,13499,
557.311,10416.6,51.4701,7.40179,161.784,21.3656,315.171,1,10,-83,-6,10,57,53,19,27771140,262,1,289,13499,
558.308,10438.8,51.4703,7.40156,162.449,21.3927,315.723,1,10,-83,-6,10,57,53,19,27771140,262,1,289,13499,
559.312,10460.8,51.4704,7.40133,163.017,21.3855,316.174,1,11,-85,-6,12,55,53,19,27771140,262,1,289,13499,
560.296,10482.4,51.4706,7.40111,163.495,21.4735,316.207,1,11,-85,-6,12,55,53,19,27771140,262,1,289,13499,
561.311,10504.5,51.4707,7.40089,163.979,21.7089,317.404,1,23,-83,-5,12,57,53,19,27771140,262,1,289,13499,
562.373,10526,51.4708,7.40067,164.348,21.9561,316.944,1,23,-83,-5,12,57,53,19,27771140,262,1,289,13499,
563.285,10548.1,51.471,7.40045,164.681,22.2194,316.871,1,21,-81,-5,14,59,55,19,27771140,262,1,289,13499,
564.289,10571.4,51.4711,7.40022,165.191,22.4006,316.329,1,21,-81,-5,14,59,55,19,27771140,262,1,289,13499,
565.303,10594.2,51.4713,7.39999,165.631,22.7609,317.412,1,20,-83,-5,14,57,54,19,27771140,262,1,289,13499,
566.311,10617,51.4714,7.39977,165.996,22.8856,317.285,1,20,-83,-5,14,57,54,19,27771140,262,1,289,13499,
567.298,10640.3,51.4716,7.39954,166.452,23.0468,317.508,1,13,-86,-6,11,54,49,19,27771140,262,1,289,13499,
568.314,10664,51.4717,7.3993,166.97,23.2293,317.515,1,13,-86,-6,11,54,49,19,27771140,262,1,289,13499,
569.304,10687.8,51.4719,7.39907,167.554,23.2281,318.241,1,16,-83,-5,11,57,52,19,27771140,262,1,289,13499,
570.288,10711.4,51.4721,7.39884,168.188,23.1394,318.353,1,16,-83,-5,11,57,52,19,27771140,262,1,289,13499,
571.279,10734.7,51.4722,7.39863,168.759,23.1519,319.122,1,13,-85,-5,13,55,51,19,27771140,262,1,289,13499,
572.306,10757.7,51.4724,7.39841,169.297,23.2248,318.963,1,13,-85,-5,13,55,51,19,27771140,262,1,289,13499,
573.295,10780.4,51.4725,7.3982,169.747,23.0284,319.043,1,20,-83,-5,15,57,52,19,27771140,262,1,289,13499,
574.295,10803.1,51.4727,7.39798,170.022,23.031,319.52,1,20,-83,-5,15,57,52,19,27771140,262,1,289,13499,
575.287,10826.2,51.4728,7.39777,170.283,22.9645,319.79,1,16,-84,-6,11,56,50,19,27771140,262,1,289,13499,
576.294,10849.3,51.473,7.39756,170.521,23.0275,319.869,1,16,-84,-6,11,56,50,19,27771140,262,1,289,13499,
577.309,10849.3,51.4735,7.39878,nan,22.8867,320.328,1,11,-88,-6,11,52,48,19,27771140,262,1,289,13499,
578.322,10849.3,51.4733,7.39715,170.901,22.6388,319.831,1,11,-88,-6,11,52,48,19,27771140,262,1,289,13499,
579.313,10872,51.4735,7.39694,171.126,22.5867,320.556,1,11,-90,-6,8,50,47,19,27771140,262,1,289,13499,
580.324,10894.2,51.4736,7.39675,171.126,22.5097,321.59,1,11,-90,-6,8,50,47,19,27771140,262,1,289,13499,
581.315,10916.7,51.4738,7.39655,171.248,22.3614,321.824,1,7,-89,-8,10,51,50,19,27771140,262,1,289,13499,
582.3,10938.5,51.474,7.39635,171.484,21.6627,322.833,1,7,-89,-8,10,51,50,19,27771140,262,1,289,13499,
583.275,10959.7,51.4741,7.39617,171.704,21.319,323.366,1,12,-88,-7,13,52,50,19,27771140,262,1,289,13499,
584.294,10981,51.4743,7.39599,172.006,21.1579,323.542,1,12,-88,-7,13,52,50,19,27771140,262,1,289,13499,
585.298,11002,51.4744,7.39581,172.179,21.2852,324.347,1,12,-88,-7,13,52,50,19,27771140,262,1,289,13499,
586.296,11023.6,51.4746,7.39563,172.362,21.3852,323.974,1,10,-85,-6,14,55,53,19,27771140,262,1,289,13499,
587.28,11044.7,51.4747,7.39545,172.265,21.5037,323.872,1,10,-85,-6,14,55,53,19,27771140,262,1,289,13499,
588.298,11066.4,51.4749,7.39527,172.305,21.3569,323.914,1,21,-84,-7,10,56,54,19,27771140,262,1,289,13499,
589.306,11087.8,51.475,7.3951,172.298,21.3488,325.844,1,21,-84,-7,10,56,54,19,27771140,262,1,289,13499,
590.29,11109.3,51.4752,7.39494,172.278,21.6909,329.367,1,22,-80,-8,15,60,59,19,27771140,262,1,289,13499,
591.302,11131.3,51.4754,7.39478,172.386,21.9858,329.755,1,22,-80,-8,15,60,59,19,27771140,262,1,289,13499,
592.303,11153.8,51.4756,7.39462,172.573,22.1281,328.915,1,25,-78,-6,11,62,60,19,27771140,262,1,289,13499,
593.302,11175.8,51.4757,7.39447,172.744,22.3156,331.777,1,25,-78,-6,11,62,60,19,27771140,262,1,289,13499,
594.286,11198.2,51.4759,7.39432,172.829,22.2855,331.174,1,19,-81,-6,2,59,55,19,27771140,262,1,289,13499,
595.286,11219.5,51.4761,7.39417,172.786,21.7673,331.375,1,19,-81,-6,2,59,55,19,27771140,262,1,289,13499,
596.311,11241.1,51.4762,7.39403,172.811,21.466,331.153,1,27,-79,-6,2,61,58,19,27771140,262,1,289,13499,
597.308,11262,51.4764,7.39389,172.805,20.9417,332.819,1,27,-79,-6,2,61,58,19,27771140,262,1,289,13499,
598.304,11282.1,51.4766,7.39376,172.827,20.4365,333.581,1,24,-76,-6,2,64,60,19,27771140,262,1,289,13499,
599.294,11302,51.4767,7.39363,173.04,19.9126,333.592,1,24,-76,-6,2,64,60,19,27771140,262,1,289,13499,
600.28,11321.9,51.4769,7.3935,173.478,19.2465,335.484,1,17,-71,-5,2,69,63,19,27771140,262,1,289,13499,
601.298,11340.7,51.4771,7.39339,173.925,18.4891,336.388,1,17,-71,-5,2,69,63,19,27771140,262,1,289,13499,
602.3,11359.2,51.4772,7.39328,174.799,17.9091,337.019,1,18,-75,-7,2,65,63,19,27771140,262,1,289,13499,
603.297,11376.9,51.4774,7.39319,175.801,17.0723,338.449,1,18,-75,-7,2,65,63,19,27771140,262,1,289,13499,
604.288,11394.6,51.4775,7.3931,176.625,16.3669,340.721,1,16,-84,-9,2,56,56,19,27771140,262,1,289,13499,
605.315,11411.2,51.4776,7.39304,177.366,16.1443,343.616,1,16,-84,-9,2,56,56,19,27771140,262,1,289,13499,
606.293,11428.1,51.4778,7.39298,177.914,16.6151,346.818,1,8,-86,-9,2,54,55,19,27771140,262,1,289,13499,
607.286,11444,51.4779,7.39299,178.509,16.6506,1.19081,1,8,-86,-9,2,54,55,19,27771140,262,1,289,13499,
608.289,11460.4,51.4781,7.39302,178.896,16.8555,3.34001,1,16,-81,-7,2,59,58,19,27771139,262,1,288,13499,
609.308,11479.6,51.4783,7.39306,179.119,17.3259,6.90854,1,16,-81,-7,2,59,58,19,27771139,262,1,288,13499,
610.381,11497.1,51.4784,7.39312,179.04,17.456,10.5314,1,19,-80,-6,2,60,58,19,27771139,262,1,288,13499,
611.299,11515.6,51.4786,7.39324,178.829,17.2545,27.2809,1,19,-80,-6,2,60,58,19,27771139,262,1,288,13499,
612.284,11534,51.4787,7.39335,178.849,17.2526,27.8854,1,19,-80,-6,2,60,58,19,27771139,262,1,288,13499,
613.291,11550.9,51.4788,7.39347,178.608,16.0315,30.362,1,22,-78,-5,15,62,58,4,27771139,262,1,288,13499,
614.294,11566.3,51.479,7.39359,178.703,15.1427,31.0019,1,22,-78,-5,15,62,58,4,27771139,262,1,288,13499,
615.296,11580.9,51.4791,7.39371,179.303,13.9302,28.6504,1,15,-86,-6,1,54,51,4,27771139,262,1,288,13499,
616.306,11594.5,51.4792,7.39378,180.219,13.1693,12.4497,1,15,-86,-6,1,54,51,4,27771139,262,1,288,13499,
617.334,11608.5,51.4793,7.39381,181.156,12.7608,8.80012,1,23,-81,-5,1,59,55,4,27771139,262,1,288,13499,
618.289,11620.6,51.4794,7.39378,181.903,12.9202,349.345,1,23,-81,-5,1,59,55,4,27771139,262,1,288,13499,
619.306,11633.2,51.4795,7.39374,182.971,13.3227,346.101,1,13,-90,-6,14,50,47,4,27771139,262,1,288,13499,
620.293,11646,51.4796,7.39369,183.624,13.3874,342.807,1,13,-90,-6,14,50,47,4,27771139,262,1,288,13499,
621.284,11658.4,51.4797,7.39363,184.541,13.4213,339.941,1,21,-92,-7,8,48,46,4,27771139,262,1,288,13499,
622.278,11670.3,51.4798,7.39356,185.101,12.5285,337.876,1,21,-92,-7,8,48,46,4,27771139,262,1,288,13499,
623.308,11682,51.4799,7.39349,185.311,11.1863,337.476,1,12,-85,-5,6,55,49,15,28365058,262,1,223,13499,
624.312,11693,51.48,7.39343,185.818,10.1337,339.863,1,12,-85,-5,6,55,49,15,28365058,262,1,223,13499,
625.321,11701.6,51.4801,7.39342,186.189,9.16184,358.645,1,4,-91,-7,10,49,47,15,28365058,262,1,223,13499,
626.3,11711.2,51.4802,7.39345,186.689,9.57976,15.4495,1,4,-91,-7,10,49,47,15,28365058,262,1,223,13499,
627.293,11720.1,51.4802,7.39352,187.059,10.4889,35.8006,1,4,-85,-5,6,55,51,6,27771139,262,1,288,13499,
628.289,11731.5,51.4803,7.39364,187.619,11.5133,49.5271,1,4,-85,-5,6,55,51,6,27771139,262,1,288,13499,
629.292,11743.9,51.4804,7.39379,187.86,12.5251,52.4067,1,20,-85,-6,15,55,53,6,27771139,262,1,288,13499,
630.311,11756.2,51.4804,7.39393,187.988,13.6642,54.5365,1,20,-85,-6,15,55,53,6,27771139,262,1,288,13499,
631.295,11770.2,51.4805,7.39411,188.266,14.6427,56.1179,1,22,-85,-6,11,55,52,6,27771139,262,1,288,13499,
632.297,11783.9,51.4806,7.39427,188.081,15.1517,56.856,1,22,-85,-6,11,55,52,6,27771139,262,1,288,13499,
633.306,11801.5,51.4807,7.39448,187.615,15.6119,57.1996,1,25,-84,-6,8,56,53,6,27771139,262,1,288,13499,
634.287,11817.7,51.4807,7.39468,187.175,15.4715,58.0396,1,25,-84,-6,8,56,53,6,27771139,262,1,288,13499,
635.298,11833.6,51.4808,7.39488,186.835,15.4981,58.4191,1,19,-83,-6,12,57,54,6,27771139,262,1,288,13499,
636.309,11850,51.4809,7.39509,186.585,15.9587,58.863,1,19,-83,-6,12,57,54,6,27771139,262,1,288,13499,
637.295,11866.4,51.481,7.3953,186.288,16.2719,59.1945,1,20,-85,-6,10,55,52,6,27771139,262,1,288,13499,
638.294,11883.2,51.481,7.39551,186.294,16.5155,59.9366,1,20,-85,-6,10,55,52,6,27771139,262,1,288,13499,
639.296,11899.6,51.4811,7.39572,186.014,16.9156,60.076,1,20,-85,-6,10,55,52,6,27771139,262,1,288,13499,
640.284,11916.3,51.4812,7.39593,186.219,17.1942,59.9127,1,24,-85,-6,14,55,53,6,27771139,262,1,288,13499,
641.286,11933.7,51.4813,7.39615,186.269,17.1179,59.7724,1,24,-85,-6,14,55,53,6,27771139,262,1,288,13499,
642.307,11949.3,51.4813,7.39635,186.444,17.2381,60.0172,1,4,-88,-8,2,52,51,6,27771139,262,1,288,13499,
643.288,11967,51.4814,7.39657,187.015,16.9765,59.0651,1,4,-88,-8,2,52,51,6,27771139,262,1,288,13499,
644.278,11984.6,51.4815,7.39678,187.848,16.6715,58.3923,1,10,-87,-7,2,53,51,6,27771139,262,1,288,13499,
645.312,12001.6,51.4816,7.39699,188.243,16.3578,57.7167,1,10,-87,-7,2,53,51,6,27771139,262,1,288,13499,
646.29,12017.6,51.4817,7.39718,188.298,15.9355,57.0134,1,8,-87,-7,2,53,51,6,27771139,262,1,288,13499,
647.296,12032.7,51.4817,7.39736,187.985,15.4133,56.1734,1,8,-87,-7,2,53,51,6,27771139,262,1,288,13499,
648.29,12047.6,51.4818,7.39754,187.569,15.1919,55.4635,1,23,-86,-6,2,54,52,6,27771139,262,1,288,13499,
649.282,12063,51.4819,7.39772,186.961,15.2991,54.5715,1,23,-86,-6,2,54,52,6,27771139,262,1,288,13499,
650.309,12079,51.482,7.3979,186.909,15.6296,53.6585,1,26,-82,-5,2,58,55,6,27771139,262,1,288,13499,
651.317,12093.3,51.4821,7.39806,186.64,15.7123,52.4262,1,26,-82,-5,2,58,55,6,27771139,262,1,288,13499,
652.288,12108.6,51.4821,7.39823,186.414,15.23,50.5536,1,23,-80,-5,2,60,57,6,27771139,262,1,288,13499,
653.303,12122.5,51.4822,7.39838,186.792,14.8397,48.9955,1,23,-80,-5,2,60,57,6,27771139,262,1,288,13499,
654.29,12136.6,51.4823,7.39853,187.019,14.2922,46.6655,1,16,-79,-5,2,61,56,6,27771139,262,1,288,13499,
655.296,12150.1,51.4824,7.39865,187.144,14.0192,44.2054,1,16,-79,-5,2,61,56,6,27771139,262,1,288,13499,
656.291,12163.4,51.4825,7.39878,187.27,13.6993,41.9038,1,13,-81,-5,2,59,54,6,27771139,262,1,288,13499,
657.28,12163.4,51.4821,7.40026,nan,13.6401,39.8059,1,13,-81,-5,2,59,54,6,27771139,262,1,288,13499,
658.373,12163.4,51.4827,7.39901,187.081,13.5426,37.9182,1,7,-90,-6,9,50,47,11,27771139,262,1,288,13499,
659.279,12177.4,51.4828,7.39913,186.802,13.4923,36.8138,1,7,-90,-6,9,50,47,11,27771139,262,1,288,13499,
660.29,12190.9,51.4829,7.39924,186.799,13.3175,36.1571,1,7,-90,-6,9,50,47,11,27771139,262,1,288,13499,
661.291,12203.7,51.483,7.39934,186.925,13.512,35.5649,1,13,-84,-6,11,56,52,11,27771139,262,1,288,13499,
662.289,12217.8,51.4831,7.39946,186.901,14.1862,34.8569,1,13,-84,-6,11,56,52,11,27771139,262,1,288,13499,
663.298,12232.3,51.4832,7.39957,187.156,14.5147,34.5003,1,8,-88,-6,10,52,47,11,27771139,262,1,288,13499,
664.286,12247.5,51.4833,7.39968,187.35,14.7748,33.969,1,8,-88,-6,10,52,47,11,27771139,262,1,288,13499,
665.283,12262.6,51.4834,7.3998,187.407,14.6833,34.3614,1,13,-93,-7,11,47,44,11,27771139,262,1,288,13499,
666.296,12277.4,51.4836,7.39992,187.387,14.6806,34.5939,1,13,-93,-7,11,47,44,11,27771139,262,1,288,13499,
667.287,12291.7,51.4837,7.40003,187.131,14.7412,34.9649,1,5,-93,-7,8,47,45,11,27771139,262,1,288,13499,
668.281,12306.4,51.4838,7.40015,186.861,14.4001,35.4571,1,5,-93,-7,8,47,45,11,27771139,262,1,288,13499,
669.295,12321.2,51.4839,7.40027,186.386,14.3193,36.1131,1,7,-88,-6,6,52,49,9,28365058,262,1,223,13499,
670.294,12335.5,51.484,7.40039,185.827,14.7919,36.4516,1,7,-88,-6,6,52,49,9,28365058,262,1,223,13499,
671.299,12350.5,51.4841,7.40052,185.447,15.0412,36.9535,1,14,-93,-6,13,47,45,9,28365058,262,1,223,13499,
672.298,12364.7,51.4842,7.40064,185.491,14.8477,37.6492,1,14,-93,-6,13,47,45,9,28365058,262,1,223,13499,
673.299,12379.4,51.4843,7.40077,185.609,14.4359,38.9757,1,16,-94,-6,9,46,43,9,28365058,262,1,223,13499,
674.29,12393.9,51.4844,7.40091,185.666,14.3865,39.649,1,16,-94,-6,9,46,43,9,28365058,262,1,223,13499,
675.306,12407.9,51.4845,7.40104,185.505,14.0981,40.3972,1,13,-98,-7,9,42,40,9,28365058,262,1,223,13499,
676.294,12421.6,51.4846,7.40117,185.2,13.7616,41.0328,1,13,-98,-7,9,42,40,9,28365058,262,1,223,13499,
677.304,12434.9,51.4847,7.4013,185.031,13.5401,42.178,1,10,-97,-6,8,43,40,9,28365058,262,1,223,13499,
678.283,12448.8,51.4848,7.40144,184.569,13.6122,42.6013,1,10,-97,-6,8,43,40,9,28365058,262,1,223,13499,
679.289,12462.5,51.4849,7.40158,184.179,13.7447,41.6424,1,13,-99,-7,11,41,39,9,28365058,262,1,223,13499,
680.284,12476,51.4849,7.40171,183.948,13.6289,41.4734,1,13,-99,-7,11,41,39,9,28365058,262,1,223,13499,
681.286,12489.8,51.485,7.40185,183.895,13.375,41.9273,1,13,-99,-7,11,41,39,9,28365058,262,1,223,13499,
682.28,12503.3,51.4851,7.40198,183.995,13.0186,42.9888,1,14,-97,-6,11,43,39,9,28365058,262,1,223,13499,
683.299,12516.5,51.4852,7.40212,183.975,12.1098,44.3882,1,14,-97,-6,11,43,39,9,28365058,262,1,223,13499,
684.285,12528.1,51.4853,7.40224,184.544,11.2397,45.9521,1,14,-92,-6,2,48,45,9,28365058,262,1,223,13499,
685.289,12539.5,51.4853,7.40236,185.384,10.8383,47.3251,1,14,-92,-6,2,48,45,9,28365058,262,1,223,13499,
686.297,12550.1,51.4854,7.40247,186.131,10.4081,47.9851,1,7,-99,-8,2,41,39,9,28365058,262,1,223,13499,
687.291,12560.7,51.4855,7.40258,187.13,9.71258,48.8953,1,7,-99,-8,2,41,39,9,28365058,262,1,223,13499,
688.304,12571.5,51.4855,7.4027,187.519,8.80341,48.365,1,8,-98,-7,2,42,41,9,28365058,262,1,223,13499,
689.281,12580.5,51.4856,7.40278,187.651,7.87525,35.4025,1,8,-98,-7,2,42,41,9,28365058,262,1,223,13499,
690.315,12588.7,51.4857,7.40282,187.541,7.81747,6.71889,1,14,-95,-6,2,45,41,9,29391105,262,1,351,13499,
691.308,12596.2,51.4857,7.4028,187.342,7.57513,344.074,1,14,-95,-6,2,45,41,9,29391105,262,1,351,13499,
692.29,12601.6,51.4858,7.40276,187.211,7.59407,328.535,1,-1,-96,-6,2,44,41,9,29391105,262,1,351,13499,
693.308,12608.7,51.4858,7.4027,187.215,7.95266,325.571,1,-1,-96,-6,2,44,41,9,29391105,262,1,351,13499,
694.311,12616.8,51.4859,7.40263,187.307,8.74894,323.7,1,8,-101,-8,2,39,38,9,28365058,262,1,223,13499,
695.295,12626,51.486,7.40255,187.202,9.46798,323.09,1,8,-101,-8,2,39,38,9,28365058,262,1,223,13499,
696.309,12636.5,51.486,7.40246,187.087,10.1812,322.946,1,8,-101,-8,2,39,38,9,28365058,262,1,223,13499,
697.299,12648.6,51.4861,7.40235,187.07,11.6458,324.061,1,8,-101,-8,2,39,38,9,28365058,262,1,223,13499,
698.291,12660.6,51.4862,7.40226,187.082,12.0203,325.378,1,4,-100,-9,8,40,40,9,28365058,262,1,223,13499,
699.297,12673,51.4863,7.40216,187.231,12.3895,327.421,1,4,-100,-9,8,40,40,9,28365058,262,1,223,13499,
700.296,12685.1,51.4864,7.40207,187.388,11.7751,329.874,1,3,-96,-8,6,44,44,4,26385409,262,1,93,13499,
701.295,12696.8,51.4865,7.40199,187.266,11.6721,332.584,1,3,-96,-8,6,44,44,4,26385409,262,1,93,13499,
702.295,12708.6,51.4866,7.40192,187.123,11.3856,335.6,1,8,-95,-7,7,45,43,4,26385409,262,1,93,13499,
703.298,12719.8,51.4867,7.40187,187.008,11.6245,338.266,1,8,-95,-7,7,45,43,4,26385409,262,1,93,13499,
704.304,12731.5,51.4868,7.40182,186.736,11.7434,340.639,1,8,-95,-7,7,45,43,4,26385409,262,1,93,13499,
705.32,12743.6,51.4869,7.40177,186.368,11.9229,342.791,1,10,-95,-7,11,45,43,4,26385409,262,1,93,13499,
706.279,12755.8,51.487,7.40173,185.831,12.183,345.029,1,10,-95,-7,11,45,43,4,26385409,262,1,93,13499,
707.295,12768.5,51.4871,7.4017,185.263,12.0087,347.072,1,11,-88,-5,6,52,46,16,27771139,262,1,288,13499,
708.296,12780.2,51.4872,7.40168,184.343,12.1389,349.223,1,11,-88,-5,6,52,46,16,27771139,262,1,288,13499,
709.285,12792.7,51.4873,7.40166,183.868,12.2901,351.72,1,13,-90,-6,14,50,47,16,27771139,262,1,288,13499,
710.306,12806,51.4874,7.40165,183.474,12.4032,353.798,1,13,-90,-6,14,50,47,16,27771139,262,1,288,13499,
711.284,12819.5,51.4876,7.40164,182.895,12.6768,355.997,1,15,-82,-5,14,58,55,3,26385409,262,1,93,13499,
712.304,12832,51.4877,7.40165,182.276,12.8869,357.57,1,15,-82,-5,14,58,55,3,26385409,262,1,93,13499,
713.3,12845.1,51.4878,7.40165,181.623,13.4021,358.357,1,20,-87,-6,11,53,50,3,26385409,262,1,93,13499,
714.299,12859.1,51.4879,7.40166,181.142,13.3513,358.898,1,20,-87,-6,11,53,50,3,26385409,262,1,93,13499,
715.279,12872.8,51.488,7.40166,180.686,13.5713,359.232,1,17,-87,-6,12,53,50,3,26385409,262,1,93,13499,
716.312,12886,51.4882,7.40166,180.385,13.774,359.658,1,17,-87,-6,12,53,50,3,26385409,262,1,93,13499,
717.299,12886,51.4887,7.40158,nan,13.6359,0.121954,1,19,-83,-6,12,57,54,3,26385409,262,1,93,13499,
718.294,12886,51.4884,7.40169,179.727,13.5536,0.751713,1,19,-83,-6,12,57,54,3,26385409,262,1,93,13499,
719.29,12898.9,51.4885,7.4017,179.209,13.5455,0.391739,1,22,-81,-6,13,59,56,3,26385409,262,1,93,13499,
720.384,12912.2,51.4886,7.40171,179.106,13.466,359.736,1,22,-81,-6,13,59,56,3,26385409,262,1,93,13499,
721.297,12924.5,51.4887,7.40172,179.131,13.1709,359.663,1,22,-82,-7,13,58,54,3,26385409,262,1,93,13499,
722.294,12936.2,51.4888,7.40172,179.285,12.1457,359.814,1,22,-82,-7,13,58,54,3,26385409,262,1,93,13499,
723.308,12948.3,51.489,7.40173,179.237,11.9354,359.537,1,10,-80,-7,6,60,58,2,26385410,262,1,94,13499,
724.331,12959.7,51.4891,7.40174,179.302,10.9074,359.877,1,10,-80,-7,6,60,58,2,26385410,262,1,94,13499,
725.296,12969.8,51.4891,7.40174,179.325,9.53701,0.0238035,1,16,-78,-7,15,62,59,2,26385410,262,1,94,13499,
726.309,12979.4,51.4892,7.40175,179.008,8.56031,0.647199,1,16,-78,-7,15,62,59,2,26385410,262,1,94,13499,
727.289,12986.9,51.4893,7.40175,178.652,6.87791,1.69215,1,23,-71,-6,15,69,63,2,26385410,262,1,94,13499,
728.28,12994.3,51.4894,7.40181,178.3,6.15711,35.3092,1,23,-71,-6,15,69,63,2,26385410,262,1,94,13499,
729.287,13000.7,51.4894,7.40189,178.094,6.24073,63.4889,1,23,-71,-6,15,69,63,2,26385410,262,1,94,13499,
730.296,13007.8,51.4894,7.40199,178.017,6.58533,67.5247,1,30,-68,-5,15,72,63,2,26385410,262,1,94,13499,
731.28,13015.9,51.4894,7.4021,177.905,8.28396,87.61,1,30,-68,-5,15,72,63,2,26385410,262,1,94,13499,
732.296,13023.6,51.4894,7.40222,177.841,8.82021,88.7484,1,30,-72,-5,15,68,63,2,26385410,262,1,94,13499,
733.283,13032.3,51.4894,7.40234,177.719,9.83845,89.4835,1,30,-72,-5,15,68,63,2,26385410,262,1,94,13499,
734.284,13042,51.4894,7.40248,177.717,10.1239,89.4345,1,28,-70,-5,15,70,63,2,26385410,262,1,94,13499,
735.275,13052.8,51.4894,7.40264,178.034,10.4288,90.2341,1,28,-70,-5,15,70,63,2,26385410,262,1,94,13499,
736.281,13064.6,51.4894,7.40281,178.648,10.5535,90.2274,1,20,-77,-6,15,63,60,2,26385410,262,1,94,13499,
737.297,13064.6,51.4893,7.40329,nan,11.5553,90.6476,1,20,-77,-6,15,63,60,2,26385410,262,1,94,13499,
738.278,13064.6,51.4894,7.40313,179.718,12.0888,91.1721,1,25,-76,-6,15,64,60,2,26385410,262,1,94,13499,
739.287,13076.7,51.4894,7.40331,179.982,12.0001,92.0012,1,25,-76,-6,15,64,60,2,26385410,262,1,94,13499,
740.303,13089.6,51.4894,7.40349,180.268,11.8669,91.6417,1,17,-72,-7,15,68,63,2,26385410,262,1,94,13499,
741.288,13103.1,51.4894,7.40369,180.709,12.2513,90.9872,1,17,-72,-7,15,68,63,2,26385410,262,1,94,13499,
742.304,13115.3,51.4894,7.40386,180.989,12.8699,90.5755,1,19,-78,-9,15,62,63,2,26385410,262,1,94,13499,
743.288,13127.5,51.4894,7.40404,181.314,12.9209,91.307,1,19,-78,-9,15,62,63,2,26385410,262,1,94,13499,
744.308,13141.9,51.4894,7.40425,181.992,13.449,91.0262,1,34,-71,-9,12,69,63,2,26385410,262,1,94,13499,
745.291,13155.5,51.4894,7.40445,182.661,13.6618,90.6923,1,34,-71,-9,12,69,63,2,26385410,262,1,94,13499,
746.302,13170,51.4894,7.40466,183.505,13.5592,91.0585,1,12,-73,-6,6,67,63,1,26385408,262,1,95,13499,
747.291,13184.4,51.4894,7.40486,184.55,13.3908,90.7187,1,12,-73,-6,6,67,63,1,26385408,262,1,95,13499,
748.297,13197.9,51.4894,7.40506,185.284,12.8642,89.9497,1,12,-73,-6,6,67,63,1,26385408,262,1,95,13499,
749.296,13210.6,51.4894,7.40524,185.939,12.6886,88.6594,1,25,-72,-5,15,68,63,1,26385408,262,1,95,13499,
750.304,13222.1,51.4894,7.40541,186.083,12.8621,87.256,1,25,-72,-5,15,68,63,1,26385408,262,1,95,13499,
751.311,13234.6,51.4894,7.40559,185.945,12.7714,85.7533,1,22,-74,-6,15,66,63,1,26385408,262,1,95,13499,
752.298,13246.5,51.4894,7.40576,185.428,12.8587,84.2311,1,22,-74,-6,15,66,63,1,26385408,262,1,95,13499,
753.302,13259.5,51.4894,7.40594,184.922,13.2285,82.6044,1,29,-75,-6,15,65,61,1,26385408,262,1,95,13499,
754.296,13272.2,51.4894,7.40613,184.456,13.3735,81.3107,1,29,-75,-6,15,65,61,1,26385408,262,1,95,13499,
755.285,13285.2,51.4895,7.40631,183.925,13.2085,80.4333,1,22,-76,-6,14,64,59,1,26385408,262,1,95,13499,
756.285,13298.7,51.4895,7.4065,183.953,13.0168,81.3236,1,22,-76,-6,14,64,59,1,26385408,262,1,95,13499,
757.299,13311.6,51.4895,7.40668,184.096,12.8527,80.4007,1,13,-75,-6,11,65,61,1,26385408,262,1,95,13499,
758.274,13311.6,51.4897,7.40686,nan,12.7798,79.484,1,13,-75,-6,11,65,61,1,26385408,262,1,95,13499,
759.311,13311.6,51.4896,7.40705,184.156,12.6851,79.1336,1,19,-72,-6,13,68,63,1,26385408,262,1,95,13499,
760.303,13324.3,51.4896,7.40722,184.4,12.0394,78.612,1,19,-72,-6,13,68,63,1,26385408,262,1,95,13499,
761.284,13336.5,51.4896,7.40739,184.852,11.5249,78.7508,1,28,-73,-5,13,67,63,1,26385408,262,1,95,13499,
762.292,13347.4,51.4896,7.40755,184.987,10.8835,78.1693,1,28,-73,-5,13,67,63,1,26385408,262,1,95,13499,
763.278,13357.1,51.4897,7.40769,184.634,10.3755,78.9464,1,14,-77,-6,12,63,59,1,26385408,262,1,95,13499,
764.301,13365.5,51.4897,7.4078,183.977,8.54139,78.5919,1,14,-77,-6,12,63,59,1,26385408,262,1,95,13499,
765.295,13373.5,51.4897,7.40792,183.216,7.7049,78.7536,1,19,-75,-6,13,65,59,1,26385408,262,1,95,13499,
766.303,13380.7,51.4897,7.40802,182.516,7.39141,78.4613,1,19,-75,-6,13,65,59,1,26385408,262,1,95,13499,
767.302,13387.6,51.4897,7.40812,181.654,6.99908,79.1849,1,15,-77,-6,11,63,59,1,26385408,262,1,95,13499,
768.282,13394.4,51.4897,7.40821,180.599,6.9093,78.2021,1,15,-77,-6,11,63,59,1,26385408,262,1,95,13499,
769.287,13403.9,51.4898,7.40835,180.004,8.43784,75.947,1,27,-74,-5,11,66,61,1,26385408,262,1,95,13499,
770.378,13413.2,51.4898,7.40848,179.377,10.537,75.7391,1,27,-74,-5,11,66,61,1,26385408,262,1,95,13499,
771.281,13423.7,51.4898,7.40862,178.104,11.6708,76.5465,1,27,-74,-5,11,66,61,1,26385408,262,1,95,13499,
772.286,13435.6,51.4898,7.40879,176.91,12.5561,77.3906,1,16,-75,-6,11,65,59,1,26385408,262,1,95,13499,
773.307,13448.5,51.4898,7.40897,176.139,12.5778,77.5908,1,16,-75,-6,11,65,59,1,26385408,262,1,95,13499,
774.304,13461.2,51.4899,7.40915,175.706,12.6321,77.3387,1,18,-76,-6,11,64,60,1,26385408,262,1,95,13499,
775.308,13473.1,51.4899,7.40932,175.285,12.5774,77.8883,1,18,-76,-6,11,64,60,1,26385408,262,1,95,13499,
776.287,13485.7,51.4899,7.4095,174.941,12.7465,77.6953,1,12,-78,-6,15,62,56,1,26385408,262,1,95,13499,
777.296,13498.7,51.4899,7.40968,174.33,12.5622,78.4427,1,12,-78,-6,15,62,56,1,26385408,262,1,95,13499,
778.305,13502.9,51.49,7.40963,169.7,12.4572,79.0704,1,14,-83,-7,14,57,53,1,26385408,262,1,95,13499,
779.305,13530,51.49,7.41002,173.135,12.2166,78.6684,1,14,-83,-7,14,57,53,1,26385408,262,1,95,13499,
780.302,13542.3,51.49,7.4102,172.296,12.2244,78.1804,1,13,-80,-5,10,60,58,1,26385408,262,1,95,13499,
781.28,13553.7,51.49,7.41036,171.381,12.1434,78.5297,1,13,-80,-5,10,60,58,1,26385408,262,1,95,13499,
782.29,13565.8,51.4901,7.41053,170.751,12.0368,77.9862,1,10,-82,-6,8,58,55,1,26385408,262,1,95,13499,
783.29,13577.2,51.4901,7.41069,169.738,11.8311,78.0372,1,10,-82,-6,8,58,55,1,26385408,262,1,95,13499,
784.295,13587.7,51.4901,7.41084,168.617,11.4671,78.3798,1,11,-87,-6,15,53,50,1,26385408,262,1,95,13499,
785.306,13599.3,51.4901,7.411,167.849,11.1475,77.6818,1,11,-87,-6,15,53,50,1,26385408,262,1,95,13499,
786.303,13610.5,51.4901,7.41116,167.32,11.1536,78.6182,1,13,-90,-6,10,50,48,1,26385408,262,1,95,13499,
787.301,13621.3,51.4902,7.41132,166.981,10.9449,78.2811,1,13,-90,-6,10,50,48,1,26385408,262,1,95,13499,
788.298,13632.8,51.4902,7.41148,167.118,11.1935,77.4383,1,15,-87,-6,2,53,51,1,26385408,262,1,95,13499,
