0.101,0,51.4503,7.48814,242.987,13.818,159.472,1,10,-97,-8,9,43,43,5,28371202,262,1,67,13499,
1.291,13.785,51.4502,7.48821,243.614,13.553,160.192,1,10,-97,-8,9,43,43,5,28371202,262,1,67,13499,
2.218,27.9937,51.4501,7.48827,243.676,13.3621,160.827,1,10,-98,-9,8,42,42,5,28371202,262,1,67,13499,
3.18,27.9937,51.4501,7.48827,243.676,13.3621,160.827,1,10,-98,-9,8,42,42,5,28371202,262,1,67,13499,
4.126,41.9057,51.45,7.48833,243.804,13.3949,162.382,1,12,-96,-8,11,44,43,5,28371202,262,1,67,13499,
5.131,56.0836,51.4498,7.48837,244.17,14.1862,165.008,1,12,-96,-8,11,44,43,5,28371202,262,1,67,13499,
6.152,72.0968,51.4497,7.48841,245.127,15.9858,168.773,1,13,-99,-9,11,41,42,5,28371202,262,1,67,13499,
7.142,88.0928,51.4496,7.48844,245.781,15.9288,171.195,1,13,-99,-9,11,41,42,5,28371202,262,1,67,13499,
8.142,103.543,51.4494,7.48845,246.614,15.9114,173.529,1,19,-100,-9,6,40,41,5,28371202,262,1,67,13499,
9.13,119.828,51.4493,7.48846,247.388,15.7437,176.508,1,19,-100,-9,6,40,41,5,28371202,262,1,67,13499,
10.146,135.583,51.4491,7.48846,248.131,15.2557,179.048,1,-2,-101,-10,8,39,40,5,28371202,262,1,67,13499,
11.141,150.996,51.449,7.48844,248.998,14.9947,181.791,1,-2,-101,-10,8,39,40,5,28371202,262,1,67,13499,
12.127,168.137,51.4488,7.48841,250.199,15.8158,184.673,1,15,-104,-11,7,36,38,5,28371202,262,1,67,13499,
13.155,185.082,51.4487,7.48837,251.661,16.3098,187.706,1,15,-104,-11,7,36,38,5,28371202,262,1,67,13499,
14.123,202.122,51.4485,7.48832,253.22,16.756,190.038,1,15,-104,-11,7,36,38,5,28371202,262,1,67,13499,
15.137,219.312,51.4484,7.48825,254.922,17.3305,191.218,1,14,-108,-12,5,32,35,5,28371202,262,1,67,13499,
16.141,219.312,51.4483,7.48871,nan,17.5071,191.855,1,14,-108,-12,5,32,35,5,28371202,262,1,67,13499,
17.151,219.312,51.4481,7.48812,256.355,17.5124,192.592,1,-4,-106,-10,6,34,34,9,27771909,262,1,151,13499,
18.135,237.116,51.4479,7.48806,256.714,17.0393,192.815,1,-4,-106,-10,6,34,34,9,27771909,262,1,151,13499,
19.128,253.893,51.4478,7.48799,257.336,16.4908,191.939,1,3,-104,-8,10,36,35,9,27771909,262,1,151,13499,
20.155,270.79,51.4476,7.48793,257.575,15.5825,190.279,1,3,-104,-8,10,36,35,9,27771909,262,1,151,13499,
21.118,287.455,51.4475,7.4879,258.074,16.0074,187.494,1,5,-103,-8,10,37,36,9,27771909,262,1,151,13499,
22.141,303.313,51.4474,7.48789,258.928,16.4018,183.998,1,5,-103,-8,10,37,36,9,27771909,262,1,151,13499,
23.146,318.078,51.4472,7.48789,259.515,16.3284,181.266,1,8,-101,-8,9,39,38,9,27771909,262,1,151,13499,
24.128,333.04,51.4471,7.48791,259.969,16.802,177.53,1,8,-101,-8,9,39,38,9,27771909,262,1,151,13499,
25.143,349.979,51.4469,7.48794,260.296,16.7437,173.755,1,8,-105,-9,8,35,35,9,27771909,262,1,151,13499,
26.152,366.293,51.4468,7.488,260.234,17.1495,170.141,1,8,-105,-9,8,35,35,9,27771909,262,1,151,13499,
27.132,383.838,51.4467,7.4881,260.184,16.6078,157.165,1,4,-106,-10,8,34,35,9,27771909,262,1,151,13499,
28.146,401.929,51.4465,7.48821,260.297,16.9915,156.826,1,4,-106,-10,8,34,35,9,27771909,262,1,151,13499,
29.128,418.68,51.4464,7.48832,260.49,16.1387,155.441,1,2,-103,-9,9,37,38,9,27771909,262,1,151,13499,
30.164,434.762,51.4462,7.48843,261.294,15.9969,153.517,1,2,-103,-9,9,37,38,9,27771909,262,1,151,13499,
31.136,450.13,51.4461,7.48855,261.945,16.0676,150.478,1,0,-105,-11,8,35,38,9,27771909,262,1,151,13499,
32.145,466.85,51.446,7.48869,262.426,16.4938,147.137,1,0,-105,-11,8,35,38,9,27771909,262,1,151,13499,
33.118,483.032,51.4459,7.48884,262.954,16.3833,143.367,1,3,-106,-13,2,34,38,9,27771909,262,1,151,13499,
34.124,501.116,51.4458,7.48902,263.867,16.1261,139.999,1,3,-106,-13,2,34,38,9,27771909,262,1,151,13499,
35.14,517.617,51.4457,7.48919,264.825,15.8866,136.812,1,-3,-105,-11,2,35,37,9,27771909,262,1,151,13499,
36.129,517.617,51.4459,7.48979,nan,16.128,134.439,1,-3,-105,-11,2,35,37,9,27771909,262,1,151,13499,
37.141,517.617,51.4455,7.48957,266.718,16.5588,132.365,1,-2,-102,-9,6,38,38,13,28371201,262,1,66,13499,
38.128,533.924,51.4454,7.48976,267.319,16.2974,130.621,1,-2,-102,-9,6,38,38,13,28371201,262,1,66,13499,
39.137,549.998,51.4453,7.48994,268.31,15.7307,129.907,1,4,-104,-9,7,36,37,13,28371201,262,1,66,13499,
40.15,565.443,51.4452,7.49012,269.282,14.9151,129.285,1,4,-104,-9,7,36,37,13,28371201,262,1,66,13499,
41.091,579.993,51.4452,7.49029,270.245,14.0202,128.326,1,4,-104,-9,7,36,37,13,28371201,262,1,66,13499,
42.14,593.832,51.4451,7.49046,271.298,13.7071,128.608,1,5,-103,-9,8,37,37,13,28371201,262,1,66,13499,
43.135,606.437,51.445,7.49061,272.512,12.8093,128.218,1,5,-103,-9,8,37,37,13,28371201,262,1,66,13499,
44.126,619.326,51.445,7.49077,273.588,11.9607,128.333,1,2,-106,-10,5,34,34,13,28371201,262,1,66,13499,
45.154,631.871,51.4449,7.49091,274.876,11.7321,127.657,1,2,-106,-10,5,34,34,13,28371201,262,1,66,13499,
46.14,642.63,51.4448,7.49104,276.201,11.2367,127.284,1,4,-107,-10,8,33,34,13,28371201,262,1,66,13499,
47.136,652.281,51.4448,7.49116,276.954,10.7315,127.18,1,4,-107,-10,8,33,34,13,28371201,262,1,66,13499,
48.147,661.916,51.4447,7.49127,277.326,9.45785,127.254,1,0,-110,-10,7,30,31,13,28371201,262,1,66,13499,
49.129,670.398,51.4447,7.49137,277.61,7.22904,127.532,1,0,-110,-10,7,30,31,13,28371201,262,1,66,13499,
50.124,676.628,51.4447,7.49145,277.727,5.33197,127.672,1,-1,-113,-12,6,27,31,8,27771904,262,1,66,13499,
51.122,681.174,51.4446,7.4915,277.724,3.4839,127.29,1,-1,-113,-12,6,27,31,8,27771904,262,1,66,13499,
52.12,683.874,51.4446,7.49154,277.708,1.75065,126.338,1,15,-81,-6,14,59,54,8,27771904,262,1,487,13499,
53.226,683.874,51.4446,7.49154,277.71,0,126.338,1,15,-81,-6,14,59,54,8,27771904,262,1,487,13499,
54.122,683.874,51.4446,7.49154,277.713,0,126.338,1,22,-84,-6,12,56,52,8,27771904,262,1,487,13499,
55.16,683.874,51.4446,7.49154,277.718,0,126.338,1,22,-84,-6,12,56,52,8,27771904,262,1,487,13499,
56.129,683.874,51.4446,7.49156,nan,0,126.338,1,24,-85,-6,14,55,50,8,27771904,262,1,487,13499,
57.142,683.874,51.4446,7.49154,277.736,0,126.338,1,24,-85,-6,14,55,50,8,27771904,262,1,487,13499,
58.137,683.874,51.4446,7.49154,277.747,0,126.338,1,26,-82,-6,15,58,53,8,27771904,262,1,487,13499,
59.141,683.874,51.4446,7.49154,277.756,0,126.338,1,26,-82,-6,15,58,53,8,27771904,262,1,487,13499,
60.145,683.874,51.4446,7.49154,277.766,0,126.338,1,26,-83,-7,14,57,55,8,27771904,262,1,487,13499,
61.122,683.874,51.4446,7.49154,277.774,0,126.338,1,26,-83,-7,14,57,55,8,27771904,262,1,487,13499,
62.129,683.874,51.4446,7.49154,277.782,0,126.338,1,18,-82,-7,10,58,54,8,27771904,262,1,487,13499,
63.127,683.874,51.4446,7.49154,277.788,0,126.338,1,18,-82,-7,10,58,54,8,27771904,262,1,487,13499,
64.118,683.874,51.4446,7.49154,277.795,0,126.338,1,28,-84,-7,12,56,52,8,27771904,262,1,487,13499,
65.092,683.874,51.4446,7.49154,277.801,0,126.338,1,28,-84,-7,12,56,52,8,27771904,262,1,487,13499,
66.127,683.874,51.4446,7.49154,277.806,0,126.338,1,28,-84,-7,12,56,52,8,27771904,262,1,487,13499,
67.135,683.874,51.4446,7.49154,277.812,0,126.338,1,35,-80,-6,15,60,55,8,27771904,262,1,487,13499,
68.135,683.874,51.4446,7.49154,277.819,0,126.338,1,35,-80,-6,15,60,55,8,27771904,262,1,487,13499,
69.127,683.874,51.4446,7.49154,277.826,0,126.338,1,32,-81,-7,11,59,54,8,27771904,262,1,487,13499,
70.127,683.874,51.4446,7.49154,277.833,0,126.338,1,32,-81,-7,11,59,54,8,27771904,262,1,487,13499,
71.126,683.874,51.4446,7.49154,277.839,0,126.338,1,17,-81,-5,2,59,54,8,27771904,262,1,487,13499,
72.152,683.874,51.4446,7.49154,277.903,0,126.338,1,17,-81,-5,2,59,54,8,27771904,262,1,487,13499,
73.13,683.874,51.4446,7.49154,277.962,0,111.285,1,22,-81,-7,2,59,55,8,27771904,262,1,487,13499,
74.131,683.874,51.4446,7.49154,278.396,0,128.964,1,22,-81,-7,2,59,55,8,27771904,262,1,487,13499,
75.139,696.411,51.4446,7.49168,278.549,5.94515,147.21,1,10,-106,-8,2,34,32,8,27771907,262,1,150,13499,
76.127,696.411,51.4445,7.49156,nan,6.07395,168.151,1,10,-106,-8,2,34,32,8,27771907,262,1,150,13499,
77.151,696.411,51.4444,7.49169,278.297,7.38144,192.349,1,14,-103,-8,2,37,35,8,27771907,262,1,150,13499,
78.122,704.397,51.4444,7.49163,278.126,8.57384,211.769,1,14,-103,-8,2,37,35,8,27771907,262,1,150,13499,
79.142,711.89,51.4443,7.49156,277.798,10.0558,213.471,1,16,-100,-7,2,40,37,8,27771907,262,1,150,13499,
80.151,721.99,51.4442,7.49148,277.265,11.369,214.007,1,16,-100,-7,2,40,37,8,27771907,262,1,150,13499,
81.129,734.279,51.4441,7.49139,276.761,12.5279,214.284,1,18,-95,-6,2,45,43,8,27771907,262,1,150,13499,
82.136,747.295,51.444,7.49129,276.187,13.6079,214.666,1,18,-95,-6,2,45,43,8,27771907,262,1,150,13499,
83.128,762.493,51.4439,7.49116,275.711,14.5745,215.212,1,25,-91,-6,2,49,47,8,27771907,262,1,150,13499,
84.123,777.835,51.4438,7.49104,275.373,15.5556,215.246,1,25,-91,-6,2,49,47,8,27771907,262,1,150,13499,
85.117,793.162,51.4437,7.49091,275.295,16.3908,215.907,1,30,-82,-6,2,58,55,8,27771907,262,1,150,13499,
86.13,809.199,51.4436,7.49077,275.198,16.9492,216.184,1,30,-82,-6,2,58,55,8,27771907,262,1,150,13499,
87.127,827.099,51.4435,7.49062,275.195,17.139,216.594,1,33,-82,-6,2,58,55,8,27771907,262,1,150,13499,
88.133,844.035,51.4433,7.49048,274.947,17.2088,216.445,1,33,-82,-6,2,58,55,8,27771907,262,1,150,13499,
89.148,861.254,51.4432,7.49033,274.452,17.2927,216.356,1,22,-75,-5,2,65,61,8,27771907,262,1,150,13499,
90.13,878.234,51.4431,7.49019,273.775,17.4052,216.312,1,22,-75,-5,2,65,61,8,27771907,262,1,150,13499,
91.134,895.716,51.443,7.49004,272.971,17.4472,216.558,1,22,-75,-5,2,65,61,8,27771907,262,1,150,13499,
92.141,913.714,51.4428,7.48989,272.175,17.5659,216.538,1,30,-82,-6,2,58,54,8,27771907,262,1,150,13499,
93.137,931.656,51.4427,7.48973,272.081,17.4197,217.821,1,30,-82,-6,2,58,54,8,27771907,262,1,150,13499,
94.148,950.082,51.4426,7.48957,272.784,17.3312,218.704,1,32,-82,-5,2,58,54,8,27771907,262,1,150,13499,
95.126,968.525,51.4424,7.48941,274.177,17.5955,217.291,1,32,-82,-5,2,58,54,8,27771907,262,1,150,13499,
96.128,968.525,51.4425,7.48898,nan,17.4416,216.947,1,19,-68,-4,14,72,63,2,27771907,262,1,150,13499,
97.118,968.525,51.4422,7.48911,277.577,16.8843,217.743,1,19,-68,-4,14,72,63,2,27771907,262,1,150,13499,
98.118,985.118,51.4421,7.48897,278.941,17.0329,218.493,1,22,-77,-5,14,63,60,2,27771907,262,1,150,13499,
99.131,1001.73,51.442,7.48881,280.066,16.7644,220.019,1,22,-77,-5,14,63,60,2,27771907,262,1,150,13499,
100.2,1017.51,51.4419,7.48866,280.658,16.593,222.005,1,33,-60,-4,15,80,63,2,27771907,262,1,150,13499,
101.129,1034.28,51.4417,7.4885,280.894,16.8456,223.208,1,33,-60,-4,15,80,63,2,27771907,262,1,150,13499,
102.139,1049.49,51.4417,7.48834,281.62,16.5158,225.595,1,25,-63,-4,15,77,63,2,27771907,262,1,150,13499,
103.128,1066.01,51.4416,7.48816,282.655,16.5967,227.561,1,25,-63,-4,15,77,63,2,27771907,262,1,150,13499,
104.128,1083.91,51.4415,7.48796,284.285,16.9593,229.339,1,22,-71,-5,15,69,63,2,27771907,262,1,150,13499,
105.125,1101,51.4414,7.48777,285.827,17.1206,230.092,1,22,-71,-5,15,69,63,2,27771907,262,1,150,13499,
106.172,1118.61,51.4413,7.48757,287.145,17.2934,230.863,1,25,-77,-5,15,63,59,2,27771907,262,1,150,13499,
107.142,1135.96,51.4412,7.48737,288.496,17.4088,231.588,1,25,-77,-5,15,63,59,2,27771907,262,1,150,13499,
108.138,1153.51,51.4411,7.48716,289.197,17.5508,232.014,1,28,-80,-5,14,60,55,2,27771907,262,1,150,13499,
109.147,1169.72,51.441,7.48697,289.864,17.4336,232.532,1,28,-80,-5,14,60,55,2,27771907,262,1,150,13499,
110.124,1186.97,51.4409,7.48677,290.235,17.4317,232.915,1,28,-80,-5,14,60,55,2,27771907,262,1,150,13499,
111.159,1204.07,51.4408,7.48657,290.611,17.2502,233.887,1,14,-87,-11,13,53,55,2,27771907,262,1,150,13499,
112.136,1223.22,51.4407,7.48635,290.76,17.4342,234.111,1,14,-87,-11,13,53,55,2,27771907,262,1,150,13499,
113.142,1241.44,51.4406,7.48613,290.924,16.7102,233.167,1,15,-82,-7,6,58,56,1,27771908,262,1,152,13499,
114.131,1259.44,51.4405,7.48592,290.81,17.2095,232.708,1,15,-82,-7,6,58,56,1,27771908,262,1,152,13499,
115.146,1277.21,51.4404,7.48572,290.48,17.4962,232.685,1,25,-79,-6,15,61,59,1,27771908,262,1,152,13499,
116.128,1277.21,51.4409,7.48541,nan,17.468,233.217,1,25,-79,-6,15,61,59,1,27771908,262,1,152,13499,
117.138,1277.21,51.4402,7.48531,290.165,17.4364,233.87,1,24,-74,-6,14,66,63,1,27771908,262,1,152,13499,
118.148,1294.88,51.4401,7.48511,290.427,17.3812,233.429,1,24,-74,-6,14,66,63,1,27771908,262,1,152,13499,
119.127,1312.43,51.44,7.48491,290.681,17.107,233.158,1,30,-74,-6,14,66,63,1,27771908,262,1,152,13499,
120.148,1329.45,51.4399,7.48471,291.15,17.4785,233.739,1,30,-74,-6,14,66,63,1,27771908,262,1,152,13499,
121.132,1346.87,51.4399,7.48451,291.669,16.9371,232.891,1,28,-69,-6,15,71,63,1,27771908,262,1,152,13499,
122.137,1364.29,51.4398,7.48431,291.311,16.992,232.515,1,28,-69,-6,15,71,63,1,27771908,262,1,152,13499,
123.123,1380.82,51.4397,7.48412,290.746,17.3352,232.269,1,29,-66,-6,15,74,63,1,27771908,262,1,152,13499,
124.152,1398.25,51.4396,7.48392,290.106,17.403,232.999,1,29,-66,-6,15,74,63,1,27771908,262,1,152,13499,
125.135,1414.87,51.4395,7.48373,289.206,17.147,234.612,1,25,-68,-5,15,72,63,1,27771908,262,1,152,13499,
126.139,1432.67,51.4394,7.48351,288.48,17.428,235.282,1,25,-68,-5,15,72,63,1,27771908,262,1,152,13499,
127.124,1451.41,51.4393,7.48329,288.546,17.711,236.571,1,30,-76,-5,15,64,59,1,27771908,262,1,152,13499,
128.119,1469.04,51.4392,7.48307,288.695,17.6778,238.013,1,30,-76,-5,15,64,59,1,27771908,262,1,152,13499,
129.182,1486.17,51.4391,7.48285,288.845,17.2886,238.841,1,29,-77,-5,14,63,57,1,27771908,262,1,152,13499,
130.129,1501.71,51.4391,7.48266,289.264,16.6495,239.379,1,29,-77,-5,14,63,57,1,27771908,262,1,152,13499,
131.139,1519.01,51.439,7.48244,289.821,17.0732,239.636,1,29,-81,-5,15,59,54,1,27771908,262,1,152,13499,
132.144,1537.16,51.4389,7.48221,290.16,17.9267,240.1,1,29,-81,-5,15,59,54,1,27771908,262,1,152,13499,
133.118,1555.36,51.4388,7.48198,290.245,17.6621,240.951,1,22,-89,-5,14,51,46,1,27771908,262,1,152,13499,
134.142,1572.87,51.4388,7.48175,290.466,17.3643,240.604,1,22,-89,-5,14,51,46,1,27771908,262,1,152,13499,
135.14,1590.65,51.4387,7.48153,290.526,17.8978,240.939,1,19,-92,-5,13,48,44,1,27771908,262,1,152,13499,
136.138,1608.9,51.4386,7.48129,290.981,17.7313,240.633,1,19,-92,-5,13,48,44,1,27771908,262,1,152,13499,
137.143,1624.69,51.4386,7.48109,291.296,17.8746,240.949,1,19,-92,-5,13,48,44,1,27771908,262,1,152,13499,
138.137,1642.14,51.4385,7.48087,291.371,17.6647,240.597,1,14,-97,-5,11,43,39,1,27771908,262,1,152,13499,
139.132,1660.44,51.4384,7.48064,291.377,17.7638,240.011,1,14,-97,-5,11,43,39,1,27771908,262,1,152,13499,
140.136,1678.48,51.4383,7.48041,291.331,17.7633,239.562,1,15,-97,-5,11,43,39,1,27771908,262,1,152,13499,
141.117,1696.69,51.4382,7.48018,291.262,18.0886,239.979,1,15,-97,-5,11,43,39,1,27771908,262,1,152,13499,
142.15,1715.24,51.4382,7.47994,291.236,18.1653,241.223,1,13,-102,-6,8,38,35,1,27771908,262,1,152,13499,
143.14,1733.6,51.4381,7.47971,291.418,18.7778,241.733,1,13,-102,-6,8,38,35,1,27771908,262,1,152,13499,
144.129,1751.73,51.438,7.47948,291.821,18.0711,240.791,1,9,-103,-7,11,37,34,1,27771908,262,1,152,13499,
145.169,1770.93,51.4379,7.47923,292.352,18.674,241.552,1,9,-103,-7,11,37,34,1,27771908,262,1,152,13499,
146.139,1789.2,51.4379,7.479,292.818,17.6986,242.287,1,8,-103,-7,7,37,35,1,27771908,262,1,152,13499,
147.119,1806.81,51.4378,7.47877,293.607,17.2535,243.246,1,8,-103,-7,7,37,35,1,27771908,262,1,152,13499,
148.125,1824.57,51.4377,7.47854,293.922,17.2762,243.8,1,7,-105,-8,2,35,34,1,27771908,262,1,152,13499,
149.128,1842.51,51.4376,7.47831,293.522,17.7153,242.982,1,7,-105,-8,2,35,34,1,27771908,262,1,152,13499,
150.137,1860.72,51.4376,7.47807,293.199,17.34,242.643,1,4,-106,-9,2,34,35,1,27771908,262,1,152,13499,
151.138,1878.34,51.4375,7.47785,293.144,16.221,241.848,1,4,-106,-9,2,34,35,1,27771908,262,1,152,13499,
152.136,1895.69,51.4374,7.47762,292.735,16.7267,241.95,1,4,-106,-9,2,34,34,1,27771908,262,1,152,13499,
153.143,1912.56,51.4374,7.47741,292.255,16.7314,242.49,1,4,-106,-9,2,34,34,1,27771908,262,1,152,13499,
154.144,1929.44,51.4373,7.4772,291.796,14.9681,243.592,1,-2,-107,-10,2,33,33,1,27771908,262,1,152,13499,
155.141,1946.21,51.4372,7.47698,292.114,13.7749,245.553,1,-2,-107,-10,2,33,33,1,27771908,262,1,152,13499,
156.126,1959.68,51.4372,7.4768,291.811,13.3747,249.658,1,7,-107,-9,2,33,33,1,27771908,262,1,152,13499,
157.158,1972.46,51.4372,7.47661,291.746,12.2901,266.202,1,7,-107,-9,2,33,33,1,27771908,262,1,152,13499,
158.123,1984.11,51.4372,7.47645,291.955,10.8278,280.151,1,17,-106,-8,2,34,34,1,27771908,262,1,152,13499,
159.114,1995.28,51.4372,7.4763,291.436,9.84392,299.568,1,17,-106,-8,2,34,34,1,27771908,262,1,152,13499,
160.125,2005.22,51.4373,7.4762,290.619,9.13211,323.875,1,17,-106,-8,2,34,34,1,27771908,262,1,152,13499,
161.131,2014.24,51.4374,7.47616,289.713,9.11563,349.25,1,18,-101,-7,2,39,37,1,27771908,262,1,152,13499,
162.16,2022.74,51.4374,7.47617,289.441,9.30614,12.2918,1,18,-101,-7,2,39,37,1,27771908,262,1,152,13499,
163.129,2032.03,51.4375,7.47624,289.024,10.0597,36.2347,1,32,-94,-5,2,46,43,1,27771908,262,1,152,13499,
164.129,2041.4,51.4376,7.47633,289.599,11.2649,40.2653,1,32,-94,-5,2,46,43,1,27771908,262,1,152,13499,
165.127,2053.99,51.4377,7.47647,290.122,12.3067,54.9149,1,24,-94,-5,2,46,43,1,27771908,262,1,152,13499,
166.113,2066.74,51.4377,7.47662,290.328,13.591,53.9654,1,24,-94,-5,2,46,43,1,27771908,262,1,152,13499,
167.143,2081.33,51.4378,7.47678,290.072,14.8357,54.4985,1,30,-84,-5,2,56,53,1,27771908,262,1,152,13499,
168.128,2097.38,51.4379,7.47697,289.409,15.9918,54.7214,1,30,-84,-5,2,56,53,1,27771908,262,1,152,13499,
169.162,2113.86,51.438,7.47717,288.712,16.9387,55.176,1,32,-78,-5,2,62,58,1,27771908,262,1,152,13499,
170.124,2130.98,51.4381,7.47737,288.173,18.1507,55.358,1,32,-78,-5,2,62,58,1,27771908,262,1,152,13499,
171.12,2149.62,51.4382,7.47759,287.742,19.1461,55.1624,1,31,-78,-6,2,62,59,1,27771908,262,1,152,13499,
172.147,2169.45,51.4383,7.47783,287.404,20.0606,55.8114,1,31,-78,-6,2,62,59,1,27771908,262,1,152,13499,
173.136,2190.22,51.4384,7.47808,287.149,20.5636,56.7443,1,31,-78,-6,2,62,59,1,27771908,262,1,152,13499,
174.139,2211.65,51.4385,7.47834,286.99,21.561,57.1158,1,31,-78,-6,2,62,59,1,27771908,262,1,152,13499,
175.125,2233.45,51.4386,7.47861,286.598,22.1023,58.4512,1,32,-79,-6,2,61,58,1,27771908,262,1,152,13499,
176.13,2256.29,51.4387,7.47889,286.354,22.6682,58.194,1,32,-79,-6,2,61,58,1,27771908,262,1,152,13499,
177.143,2280.03,51.4388,7.47918,286.323,23.4633,58.5894,1,28,-86,-5,15,54,51,7,27771908,262,1,152,13499,
178.144,2303.9,51.4389,7.47948,286.137,23.9734,57.6041,1,28,-86,-5,15,54,51,7,27771908,262,1,152,13499,
179.136,2328.52,51.439,7.47978,286.146,24.0296,58.2101,1,31,-87,-6,14,53,50,7,27771908,262,1,152,13499,
180.129,2353.47,51.4391,7.48007,286.251,24.4544,55.3533,1,31,-87,-6,14,53,50,7,27771908,262,1,152,13499,
181.147,2378.21,51.4393,7.48036,286.412,23.5499,54.8452,1,25,-88,-6,14,52,49,7,27771908,262,1,152,13499,
182.123,2404.15,51.4394,7.48065,286.807,23.9051,51.896,1,25,-88,-6,14,52,49,7,27771908,262,1,152,13499,
183.129,2427.57,51.4396,7.48091,287.06,23.0783,53.3367,1,22,-89,-6,14,51,49,7,27771908,262,1,152,13499,
184.127,2450.29,51.4397,7.48117,287.153,22.4035,53.1943,1,22,-89,-6,14,51,49,7,27771908,262,1,152,13499,
185.122,2474.16,51.4398,7.48143,286.995,23.1234,50.5129,1,22,-89,-6,14,51,49,7,27771908,262,1,152,13499,
186.119,2497.9,51.44,7.48169,287.198,23.1884,47.9192,1,17,-86,-6,13,54,51,7,27771908,262,1,152,13499,
187.127,2522.2,51.4401,7.48194,287.217,23.2821,44.8895,1,17,-86,-6,13,54,51,7,27771908,262,1,152,13499,
188.17,2545.9,51.4403,7.48218,286.714,23.0359,44.3529,1,21,-85,-6,13,55,52,7,27771908,262,1,152,13499,
189.119,2569.17,51.4404,7.48241,286.339,23.984,43.0318,1,21,-85,-6,13,55,52,7,27771908,262,1,152,13499,
190.139,2592.27,51.4406,7.48264,286.109,24.3581,41.3827,1,32,-84,-7,13,56,53,7,27771908,262,1,152,13499,
191.137,2616.42,51.4407,7.48287,285.938,24.5589,40.6342,1,32,-84,-7,13,56,53,7,27771908,262,1,152,13499,
192.115,2640.16,51.4409,7.48309,285.949,24.7819,39.061,1,33,-83,-6,13,57,54,7,27771908,262,1,152,13499,
193.118,2665.5,51.4411,7.48331,285.815,24.9892,37.2795,1,33,-83,-6,13,57,54,7,27771908,262,1,152,13499,
194.135,2689.68,51.4413,7.48352,285.771,24.7829,35.6755,1,18,-82,-5,14,58,54,7,27771908,262,1,152,13499,
195.134,2714.55,51.4414,7.48372,285.493,24.7186,34.4607,1,18,-82,-5,14,58,54,7,27771908,262,1,152,13499,
196.136,2738.88,51.4416,7.48391,285.605,24.9126,32.4534,1,14,-87,-7,11,53,51,7,27771908,262,1,152,13499,
197.141,2763.5,51.4418,7.4841,285.592,25.1583,30.0262,1,14,-87,-7,11,53,51,7,27771908,262,1,152,13499,
198.145,2789.45,51.442,7.48428,285.281,25.192,28.3372,1,14,-92,-10,8,48,49,7,27771908,262,1,152,13499,
199.137,2815.29,51.4422,7.48445,284.333,25.271,26.7764,1,14,-92,-10,8,48,49,7,27771908,262,1,152,13499,
200.158,2840.42,51.4424,7.48462,283.04,25.1156,26.1706,1,8,-83,-8,6,57,55,1,27771909,262,1,151,13499,
201.147,2864.64,51.4426,7.48477,281.293,24.8352,25.4694,1,8,-83,-8,6,57,55,1,27771909,262,1,151,13499,
202.132,2888.81,51.4428,7.48492,279.662,24.7306,24.2201,1,19,-82,-5,15,58,55,1,27771909,262,1,151,13499,
203.133,2913.01,51.443,7.48506,278.447,24.6527,23.7321,1,19,-82,-5,15,58,55,1,27771909,262,1,151,13499,
204.149,2937.5,51.4432,7.48521,277.333,24.5866,23.4352,1,30,-75,-6,15,65,62,1,27771909,262,1,151,13499,
205.133,2961.69,51.4434,7.48535,276.308,24.5036,23.41,1,30,-75,-6,15,65,62,1,27771909,262,1,151,13499,
206.145,2985.81,51.4436,7.48549,275.279,24.1637,23.1936,1,10,-84,-6,14,56,53,1,27771909,262,1,151,13499,
207.129,3008.05,51.4438,7.48561,274.162,22.7859,21.7597,1,10,-84,-6,14,56,53,1,27771909,262,1,151,13499,
208.256,3029.38,51.444,7.48573,273.157,21.1634,20.9296,1,32,-63,-6,15,77,63,1,27771909,262,1,151,13499,
209.115,3048.8,51.4441,7.48583,272.137,18.7088,22.0608,1,32,-63,-6,15,77,63,1,27771909,262,1,151,13499,
210.123,3065.67,51.4443,7.48593,270.734,15.8113,23.0378,1,32,-67,-5,15,73,63,1,27771909,262,1,151,13499,
211.129,3080.98,51.4444,7.48603,269.45,15.0739,25.7947,1,32,-67,-5,15,73,63,1,27771909,262,1,151,13499,
212.143,3095.44,51.4445,7.48616,268.141,14.2961,38.8341,1,31,-73,-5,12,67,60,1,27771909,262,1,151,13499,
213.127,3108.86,51.4446,7.48629,266.688,13.7285,41.8683,1,31,-73,-5,12,67,60,1,27771909,262,1,151,13499,
214.13,3121.34,51.4447,7.48644,265.3,12.9476,57.8092,1,31,-73,-5,12,67,60,1,27771909,262,1,151,13499,
215.147,3133.49,51.4447,7.48661,264.154,11.2053,75.8323,1,29,-79,-5,14,61,58,1,27771909,262,1,151,13499,
216.133,3146.58,51.4447,7.4868,263.262,12.3944,90.4533,1,29,-79,-5,14,61,58,1,27771909,262,1,151,13499,
217.117,3159.78,51.4447,7.48699,262.4,13.4695,104.155,1,29,-82,-6,13,58,54,1,27771909,262,1,151,13499,
218.143,3172.12,51.4446,7.48715,261.399,13.6123,119.485,1,29,-82,-6,13,58,54,1,27771909,262,1,151,13499,
219.129,3184.5,51.4445,7.48729,260.456,13.4774,133.095,1,30,-78,-5,13,62,57,1,27771909,262,1,151,13499,
220.131,3198.35,51.4445,7.48741,260.058,13.4048,147.386,1,30,-78,-5,13,62,57,1,27771909,262,1,151,13499,
221.142,3212.33,51.4443,7.48749,260.281,13.458,161.476,1,31,-66,-4,12,74,63,1,27771909,262,1,151,13499,
222.137,3224.86,51.4442,7.48751,260.374,13.2974,177.189,1,31,-66,-4,12,74,63,1,27771909,262,1,151,13499,
223.142,3236.97,51.4441,7.4875,260.749,13.3591,191.08,1,31,-69,-6,15,71,63,1,27771909,262,1,151,13499,
224.131,3250.01,51.444,7.48743,261.29,13.9252,205.556,1,31,-69,-6,15,71,63,1,27771909,262,1,151,13499,
225.149,3262.29,51.4439,7.48732,261.827,13.9605,220.207,1,31,-74,-6,14,66,63,1,27771909,262,1,151,13499,
226.143,3274.69,51.4438,7.48718,262.27,13.8519,235.466,1,31,-74,-6,14,66,63,1,27771909,262,1,151,13499,
227.135,3287.7,51.4438,7.48701,262.705,14.1772,251.131,1,28,-74,-5,2,66,60,1,27771909,262,1,151,13499,
228.143,3300.58,51.4438,7.48683,263.077,14.5845,264.289,1,28,-74,-5,2,66,60,1,27771909,262,1,151,13499,
229.145,3316.24,51.4438,7.4866,263.598,15.418,265.824,1,27,-80,-6,2,60,56,1,27771909,262,1,151,13499,
230.145,3332.95,51.4437,7.48636,263.812,16.5637,266.601,1,27,-80,-6,2,60,56,1,27771909,262,1,151,13499,
231.122,3350.2,51.4437,7.48611,263.738,17.5038,267.042,1,29,-80,-6,2,60,56,1,27771909,262,1,151,13499,
232.132,3367.63,51.4437,7.48586,263.624,18.7805,267.898,1,29,-80,-6,2,60,56,1,27771909,262,1,151,13499,
233.137,3388.37,51.4437,7.48556,263.648,20.2608,267.337,1,26,-82,-6,2,58,55,1,27771909,262,1,151,13499,
234.146,3413.84,51.4437,7.4852,262.904,20.9096,267.973,1,26,-82,-6,2,58,55,1,27771909,262,1,151,13499,
235.133,3434.21,51.4437,7.4849,262.028,20.1178,268.385,1,28,-84,-6,2,56,53,1,27771909,262,1,151,13499,
236.143,3453.38,51.4437,7.48463,261.901,21.6035,269.315,1,28,-84,-6,2,56,53,1,27771909,262,1,151,13499,
237.137,3474.3,51.4437,7.48432,261.429,23.0471,268.906,1,32,-85,-6,2,55,52,1,27771909,262,1,151,13499,
238.133,3497.28,51.4437,7.48399,261.393,23.8991,268.633,1,32,-85,-6,2,55,52,1,27771909,262,1,151,13499,
239.157,3521.41,51.4437,7.48364,261.345,24.5319,268.796,1,32,-85,-6,2,55,52,1,27771909,262,1,151,13499,
240.146,3546.42,51.4437,7.48328,261.559,25.1482,268.289,1,31,-81,-6,2,59,56,1,27771909,262,1,151,13499,
241.132,3571.63,51.4437,7.48292,261.439,25.9836,267.31,1,31,-81,-6,2,59,56,1,27771909,262,1,151,13499,
242.187,3598.22,51.4437,7.48254,261.385,26.6521,267.041,1,30,-73,-5,2,67,63,1,27771909,262,1,151,13499,
243.159,3624.78,51.4437,7.48215,261.269,26.9776,267.353,1,30,-73,-5,2,67,63,1,27771909,262,1,151,13499,
244.125,3651.7,51.4436,7.48176,261.154,27.4699,266.851,1,22,-84,-5,12,56,53,4,27771909,262,1,151,13499,
245.127,3679.44,51.4436,7.48136,260.838,27.763,266.577,1,22,-84,-5,12,56,53,4,27771909,262,1,151,13499,
246.123,3706.89,51.4436,7.48097,260.251,28.0374,265.72,1,21,-90,-6,13,50,47,4,27771909,262,1,151,13499,
247.136,3734.62,51.4436,7.48057,259.837,28.0001,264.777,1,21,-90,-6,13,50,47,4,27771909,262,1,151,13499,
248.146,3762.57,51.4436,7.48017,259.746,27.9212,263.77,1,18,-89,-5,10,51,47,4,27771909,262,1,151,13499,
249.132,3790.66,51.4435,7.47977,260.005,28.1859,263.07,1,18,-89,-5,10,51,47,4,27771909,262,1,151,13499,
250.135,3818.8,51.4435,7.47936,260.049,28.5869,262.652,1,20,-90,-6,13,50,47,4,27771909,262,1,151,13499,
251.14,3847.86,51.4435,7.47895,260.062,28.8893,262.345,1,20,-90,-6,13,50,47,4,27771909,262,1,151,13499,
252.127,3877.56,51.4434,7.47852,260.181,29.2941,262.836,1,15,-88,-6,11,52,49,4,27771909,262,1,151,13499,
253.118,3906.81,51.4434,7.4781,260.216,29.5875,262.621,1,15,-88,-6,11,52,49,4,27771909,262,1,151,13499,
254.12,3936.32,51.4434,7.47768,260.133,29.9918,262.247,1,17,-87,-6,11,53,49,4,27771909,262,1,151,13499,
255.126,3966.3,51.4433,7.47725,259.871,30.1572,262.208,1,17,-87,-6,11,53,49,4,27771909,262,1,151,13499,
256.127,3996.86,51.4433,7.47681,259.637,30.2302,261.938,1,7,-95,-8,10,45,42,4,27771909,262,1,151,13499,
257.137,4027.02,51.4433,7.47638,259.224,30.3873,261.567,1,7,-95,-8,10,45,42,4,27771909,262,1,151,13499,
258.141,4057.26,51.4432,7.47595,258.775,30.3121,261.497,1,13,-83,-6,2,57,49,4,27771909,262,1,151,13499,
259.154,4086.9,51.4432,7.47553,257.888,30.0306,260.095,1,13,-83,-6,2,57,49,4,27771909,262,1,151,13499,
260.118,4116.63,51.4431,7.47511,257.106,29.9748,258.964,1,10,-87,-6,2,53,48,4,27771909,262,1,151,13499,
261.147,4147.25,51.4431,7.47467,256.315,30.2971,258.526,1,10,-87,-6,2,53,48,4,27771909,262,1,151,13499,
262.127,4177.72,51.443,7.47424,255.299,30.8375,257.997,1,2,-92,-7,2,48,44,4,27771909,262,1,151,13499,
263.133,4208.93,51.4429,7.4738,253.995,31.5562,257.47,1,2,-92,-7,2,48,44,4,27771909,262,1,151,13499,
264.129,4241.17,51.4429,7.47335,252.784,32.225,258.272,1,-2,-103,-10,2,37,37,4,31281409,262,1,151,13499,
265.131,4273.57,51.4428,7.47289,251.695,32.7389,258.655,1,-2,-103,-10,2,37,37,4,31281409,262,1,151,13499,
266.132,4305.28,51.4428,7.47245,250.465,32.5989,258.533,1,-2,-103,-10,2,37,37,4,31281409,262,1,151,13499,
267.143,4337.21,51.4427,7.47199,249.179,32.2829,258.798,1,-4,-112,-12,2,28,31,4,31281409,262,1,232,13499,
268.135,4369.2,51.4427,7.47154,247.904,32.3039,258.815,1,-4,-112,-12,2,28,31,4,31281409,262,1,232,13499,
269.135,4400.94,51.4426,7.47109,246.768,32.201,258.627,1,-4,-114,-13,2,26,29,4,31281409,262,1,232,13499,
270.135,4432.83,51.4425,7.47064,245.786,32.3178,258.396,1,-4,-114,-13,2,26,29,4,31281409,262,1,232,13499,
271.142,4464.95,51.4425,7.47018,244.885,32.2367,258.474,1,-1,-113,-12,2,27,29,4,31281409,262,1,232,13499,
272.164,4497.02,51.4424,7.46973,243.997,32.3704,258.297,1,-1,-113,-12,2,27,29,4,31281409,262,1,232,13499,
273.118,4530.12,51.4424,7.46926,243.65,32.5184,258.3,1,6,-112,-11,2,28,30,4,31281409,262,1,232,13499,
274.121,4562.47,51.4423,7.4688,243.335,32.8141,258.837,1,6,-112,-11,2,28,30,4,31281409,262,1,232,13499,
275.123,4595.38,51.4423,7.46834,242.902,33.1776,259.036,1,1,-110,-10,2,30,31,4,31281409,262,1,232,13499,
276.124,4595.38,51.4428,7.46715,nan,33.5815,259.271,1,1,-110,-10,2,30,31,4,31281409,262,1,232,13499,
277.145,4595.38,51.4421,7.46739,241.908,33.805,259.292,1,7,-104,-8,7,36,35,27,31281409,262,1,232,13499,
278.136,4629.23,51.4421,7.46691,241.45,34.3263,259.484,1,7,-104,-8,7,36,35,27,31281409,262,1,232,13499,
279.147,4663.61,51.442,7.46642,241.175,34.2174,259.982,1,14,-101,-7,5,39,38,27,31281409,262,1,232,13499,
280.143,4698,51.442,7.46593,240.772,34.2881,260.509,1,14,-101,-7,5,39,38,27,31281409,262,1,232,13499,
281.134,4732.74,51.4419,7.46543,240.431,34.799,261.047,1,11,-100,-7,5,40,38,27,31281409,262,1,232,13499,
282.142,4767.21,51.4419,7.46494,240.215,34.8554,261.894,1,11,-100,-7,5,40,38,27,31281409,262,1,232,13499,
283.144,4801.69,51.4418,7.46445,240.095,34.8664,262.277,1,7,-101,-7,8,39,36,27,31281409,262,1,232,13499,
284.128,4836.47,51.4418,7.46395,239.532,34.7364,262.544,1,7,-101,-7,8,39,36,27,31281409,262,1,232,13499,
285.138,4870.74,51.4418,7.46346,238.887,34.8125,263.29,1,9,-103,-7,11,37,34,27,31281409,262,1,232,13499,
286.143,4905.18,51.4417,7.46297,238.353,34.8077,264.016,1,9,-103,-7,11,37,34,27,31281409,262,1,232,13499,
287.158,4940.01,51.4417,7.46246,237.884,34.9599,264.436,1,8,-101,-7,8,39,37,27,31281409,262,1,232,13499,
288.141,4974.73,51.4417,7.46197,237.425,35.0806,265.09,1,8,-101,-7,8,39,37,27,31281409,262,1,232,13499,
289.117,5009.75,51.4416,7.46146,237.041,35.2773,265.679,1,8,-101,-7,8,39,37,27,31281409,262,1,232,13499,
290.128,5045.14,51.4416,7.46095,236.686,35.4457,266.311,1,7,-99,-6,7,41,38,27,31281409,262,1,232,13499,
291.117,5080.11,51.4416,7.46045,236.373,35.271,266.688,1,7,-99,-6,7,41,38,27,31281409,262,1,232,13499,
292.126,5115.09,51.4416,7.45994,236.07,35.2338,267.351,1,7,-100,-5,2,40,37,27,31281409,262,1,232,13499,
293.143,5150.14,51.4416,7.45944,235.717,35.4061,267.892,1,7,-100,-5,2,40,37,27,31281409,262,1,232,13499,
294.142,5185.68,51.4416,7.45893,235.449,35.5803,268.483,1,4,-103,-8,2,37,36,27,31281409,262,1,232,13499,
295.137,5221.1,51.4415,7.45841,235.232,35.4902,268.96,1,4,-103,-8,2,37,36,27,31281409,262,1,232,13499,
296.138,5256.15,51.4415,7.45791,234.929,35.235,269.534,1,4,-104,-9,2,36,37,27,31281409,262,1,232,13499,
297.141,5291.02,51.4415,7.4574,234.477,35.2954,270.088,1,4,-104,-9,2,36,37,27,31281409,262,1,232,13499,
298.119,5325.92,51.4415,7.4569,233.989,35.0279,270.346,1,5,-100,-7,2,40,37,27,27771908,262,1,152,13499,
299.14,5360.36,51.4415,7.4564,233.352,34.8504,270.566,1,5,-100,-7,2,40,37,27,27771908,262,1,152,13499,
300.144,5394.66,51.4415,7.45591,232.632,34.8734,271.057,1,10,-99,-7,2,41,38,27,27771908,262,1,152,13499,
301.122,5429.28,51.4416,7.45541,231.897,34.8598,271.768,1,10,-99,-7,2,41,38,27,27771908,262,1,152,13499,
302.128,5463.83,51.4416,7.45491,231.191,34.7803,272.287,1,-8,-98,-7,2,42,40,27,27771908,262,1,152,13499,
303.134,5498.85,51.4416,7.4544,230.678,34.6967,273.262,1,-8,-98,-7,2,42,40,27,27771908,262,1,152,13499,
304.153,5533.74,51.4416,7.4539,230.324,34.2027,274.19,1,17,-92,-7,2,48,46,27,33527552,262,1,433,13499,
305.147,5568.13,51.4416,7.45341,230.179,33.7659,274.887,1,17,-92,-7,2,48,46,27,33527552,262,1,433,13499,
306.151,5601.87,51.4416,7.45292,230.047,33.5795,275.218,1,18,-85,-6,2,55,53,27,33527552,262,1,433,13499,
307.113,5634.78,51.4417,7.45245,229.733,33.2063,275.34,1,18,-85,-6,2,55,53,27,33527552,262,1,433,13499,
308.152,5667.31,51.4417,7.45198,229.271,32.7137,275.817,1,13,-83,-5,2,57,54,27,33527552,262,1,433,13499,
309.145,5699.74,51.4417,7.45151,229.057,32.2587,276.505,1,13,-83,-5,2,57,54,27,33527552,262,1,433,13499,
310.128,5732.05,51.4418,7.45105,228.904,32.1822,277.192,1,18,-82,-5,2,58,55,27,33527552,262,1,433,13499,
311.154,5764.25,51.4418,7.45059,228.97,32.2018,277.338,1,18,-82,-5,2,58,55,27,33527552,262,1,433,13499,
312.122,5796.6,51.4418,7.45013,229.157,31.9633,277.555,1,16,-82,-5,2,58,55,27,33527552,262,1,433,13499,
313.142,5828.51,51.4419,7.44967,229,31.6291,278.472,1,16,-82,-5,2,58,55,27,33527552,262,1,433,13499,
314.138,5859.77,51.4419,7.44923,228.636,31.4228,278.831,1,21,-82,-5,2,58,55,27,33527552,262,1,433,13499,
315.149,5891.03,51.442,7.44878,228.303,31.531,279.148,1,21,-82,-5,2,58,55,27,33527552,262,1,433,13499,
316.127,5922.5,51.442,7.44833,228.028,31.5068,279.593,1,21,-82,-5,2,58,55,27,33527552,262,1,433,13499,
317.132,5954.04,51.4421,7.44788,227.604,31.0708,280.411,1,20,-82,-6,2,58,55,27,33527552,262,1,433,13499,
318.136,5985.5,51.4421,7.44744,227.287,30.9891,281.013,1,20,-82,-6,2,58,55,27,33527552,262,1,433,13499,
319.149,6015.67,51.4422,7.44701,227.138,31.0606,281.261,1,21,-81,-6,2,59,57,27,33527552,262,1,433,13499,
320.13,6046.48,51.4422,7.44657,226.902,31.3131,282.191,1,21,-81,-6,2,59,57,27,33527552,262,1,433,13499,
321.135,6077.28,51.4423,7.44614,226.513,31.3352,282.599,1,23,-79,-6,2,61,59,27,33527552,262,1,433,13499,
322.131,6108.22,51.4423,7.4457,226.168,31.4075,282.812,1,23,-79,-6,2,61,59,27,33527552,262,1,433,13499,
323.258,6138.83,51.4424,7.44527,225.763,30.9845,283.063,1,24,-74,-5,2,66,63,27,33527552,262,1,433,13499,
324.123,6169.73,51.4425,7.44484,225.409,30.6597,283.307,1,24,-74,-5,2,66,63,27,33527552,262,1,433,13499,
325.141,6200.45,51.4425,7.44441,225.075,30.7883,283.823,1,24,-70,-6,14,70,63,7,33527552,262,1,433,13499,
326.133,6230.72,51.4426,7.44398,224.575,30.8693,283.648,1,24,-70,-6,14,70,63,7,33527552,262,1,433,13499,
327.137,6262.06,51.4427,7.44355,224.114,31.5632,284.761,1,28,-72,-5,15,68,63,7,33527552,262,1,433,13499,
328.15,6294.15,51.4428,7.4431,223.491,31.8581,285.448,1,28,-72,-5,15,68,63,7,33527552,262,1,433,13499,
329.117,6325.67,51.4428,7.44266,222.937,31.6403,285.521,1,28,-70,-4,15,70,63,7,33527552,262,1,433,13499,
330.143,6356.84,51.4429,7.44223,222.404,31.4149,285.952,1,28,-70,-4,15,70,63,7,33527552,262,1,433,13499,
331.142,6388.33,51.443,7.44179,221.92,31.5338,286.417,1,29,-70,-5,15,70,63,7,33527552,262,1,433,13499,
332.139,6420.02,51.4431,7.44136,221.425,31.735,287.33,1,29,-70,-5,15,70,63,7,33527552,262,1,433,13499,
333.126,6452.04,51.4432,7.44091,221.053,31.8659,287.699,1,24,-75,-5,14,65,62,7,33527552,262,1,433,13499,
334.134,6483.73,51.4432,7.44048,220.718,31.9987,288.136,1,24,-75,-5,14,65,62,7,33527552,262,1,433,13499,
335.138,6515.59,51.4433,7.44004,220.32,32.1464,288.622,1,19,-77,-6,12,63,61,7,33527552,262,1,433,13499,
336.136,6515.59,51.4446,7.44758,nan,31.9908,289.035,1,19,-77,-6,12,63,61,7,33527552,262,1,433,13499,
337.149,6515.59,51.4435,7.43917,219.488,31.7649,289.513,1,19,-77,-6,12,63,61,7,33527552,262,1,433,13499,
338.129,6547.23,51.4436,7.43874,218.935,31.8479,289.901,1,16,-77,-5,12,63,62,7,33527552,262,1,433,13499,
339.145,6579.14,51.4437,7.43831,218.305,32.2418,290.006,1,16,-77,-5,12,63,62,7,33527552,262,1,433,13499,
340.137,6611.59,51.4438,7.43787,217.591,32.3214,290.535,1,13,-80,-6,9,60,58,7,33527552,262,1,433,13499,
341.13,6644.14,51.4439,7.43743,216.916,32.6681,291.176,1,13,-80,-6,9,60,58,7,33527552,262,1,433,13499,
342.15,6676.83,51.444,7.43699,216.344,32.6012,291.338,1,21,-82,-10,15,58,57,1,33527554,262,1,434,13499,
343.128,6708.83,51.4441,7.43657,215.64,32.1688,292.406,1,21,-82,-10,15,58,57,1,33527554,262,1,434,13499,
344.151,6741.3,51.4443,7.43613,214.885,32.5951,291.643,1,16,-81,-9,11,59,57,1,33527554,262,1,434,13499,
345.136,6774,51.4444,7.43569,214.653,32.6354,292.16,1,16,-81,-9,11,59,57,1,33527554,262,1,434,13499,
346.129,6806.88,51.4445,7.43525,214.526,33.0337,293.593,1,25,-77,-8,15,63,63,1,33527554,262,1,434,13499,
347.119,6840.3,51.4446,7.4348,214.006,32.8819,294.121,1,25,-77,-8,15,63,63,1,33527554,262,1,434,13499,
348.142,6872.11,51.4447,7.43439,213.298,32.7732,294.906,1,17,-89,-10,12,51,52,1,33527554,262,1,434,13499,
349.129,6904.46,51.4448,7.43397,212.146,32.7968,296.276,1,17,-89,-10,12,51,52,1,33527554,262,1,434,13499,
350.136,6937.25,51.445,7.43355,210.788,32.9578,297.496,1,22,-86,-10,14,54,55,1,33527554,262,1,434,13499,
351.143,6969.94,51.4451,7.43313,209.342,33.135,298.5,1,22,-86,-10,14,54,55,1,33527554,262,1,434,13499,
352.13,7002.56,51.4453,7.43272,207.969,33.3214,299.942,1,22,-84,-10,13,56,55,1,33527554,262,1,434,13499,
353.131,7034.97,51.4454,7.43232,206.633,33.1509,301.161,1,22,-84,-10,13,56,55,1,33527554,262,1,434,13499,
354.153,7068.1,51.4456,7.43192,205.47,33.4388,302.353,1,18,-84,-10,13,56,57,1,33527554,262,1,434,13499,
355.137,7101.07,51.4457,7.43153,204.302,33.4022,304.244,1,18,-84,-10,13,56,57,1,33527554,262,1,434,13499,
356.144,7101.07,51.4471,7.4335,nan,33.1764,305.584,1,22,-80,-9,2,60,59,1,33527554,262,1,434,13499,
357.137,7101.07,51.4461,7.43076,202.061,33.2215,307.253,1,22,-80,-9,2,60,59,1,33527554,262,1,434,13499,
358.141,7134.05,51.4463,7.43039,200.807,33.1963,308.659,1,24,-78,-8,2,62,59,1,33527554,262,1,434,13499,
359.153,7167.09,51.4465,7.43002,199.503,33.2083,309.239,1,24,-78,-8,2,62,59,1,33527554,262,1,434,13499,
360.131,7199.74,51.4467,7.42966,198.045,33.1435,311.636,1,24,-78,-8,2,62,59,1,33527554,262,1,434,13499,
361.128,7232.77,51.4469,7.42931,196.741,33.2883,313.029,1,26,-78,-9,2,62,61,1,33527554,262,1,434,13499,
362.131,7266.07,51.4471,7.42896,195.543,33.5492,313.935,1,26,-78,-9,2,62,61,1,33527554,262,1,434,13499,
363.127,7299.1,51.4473,7.42863,194.285,33.4605,315.346,1,14,-78,-8,2,62,61,1,33527554,262,1,434,13499,
364.119,7331.99,51.4475,7.4283,192.803,33.4922,316.529,1,14,-78,-8,2,62,61,1,33527554,262,1,434,13499,
365.136,7365.14,51.4477,7.42798,191.057,33.9412,317.842,1,12,-81,-9,2,59,56,1,33527554,262,1,434,13499,
366.13,7398.71,51.4479,7.42767,189.505,33.9639,318.809,1,12,-81,-9,2,59,56,1,33527554,262,1,434,13499,
367.16,7433.39,51.4482,7.42736,188.281,34.3777,321.298,1,7,-83,-9,2,57,54,1,33527554,262,1,434,13499,
368.131,7468.39,51.4484,7.42705,187.256,34.4827,322.537,1,7,-83,-9,2,57,54,1,33527554,262,1,434,13499,
369.142,7503.49,51.4487,7.42676,186.328,34.9623,324.126,1,19,-89,-10,2,51,51,1,33527554,262,1,434,13499,
370.125,7538.95,51.449,7.42647,185.291,35.422,325.513,1,19,-89,-10,2,51,51,1,33527554,262,1,434,13499,
371.134,7574.22,51.4492,7.4262,184.039,35.3454,326.658,1,17,-91,-10,2,49,48,1,33527554,262,1,434,13499,
372.134,7609.41,51.4495,7.42593,182.471,35.2747,328.286,1,17,-91,-10,2,49,48,1,33527554,262,1,434,13499,
373.142,7643.96,51.4498,7.42569,180.993,35.1053,329.939,1,13,-92,-10,2,48,47,1,33527554,262,1,434,13499,
374.141,7679.28,51.45,7.42545,179.711,35.3206,331.589,1,13,-92,-10,2,48,47,1,33527554,262,1,434,13499,
375.128,7713.27,51.4503,7.42522,178.877,35.2864,333.043,1,11,-94,-10,2,46,47,1,33527554,262,1,434,13499,
376.136,7713.27,51.4471,7.4335,nan,35.4307,334.278,1,11,-94,-10,2,46,47,1,33527554,262,1,434,13499,
377.135,7713.27,51.4509,7.42479,177.677,35.4002,335.7,1,4,-99,-11,8,41,42,15,33527554,262,1,434,13499,
378.13,7748.4,51.4512,7.42459,177.315,35.5478,336.768,1,4,-99,-11,8,41,42,15,33527554,262,1,434,13499,
379.137,7784.05,51.4515,7.4244,176.76,35.7973,338.478,1,-4,-105,-17,3,35,42,45,28365057,262,1,434,13499,
380.141,7819.8,51.4518,7.42422,175.888,36.0031,339.899,1,-4,-105,-17,3,35,42,45,28365057,262,1,434,13499,
381.119,7854.98,51.4521,7.42404,174.922,35.9147,340.519,1,-1,-101,-10,7,39,40,45,28365057,262,1,224,13499,
382.132,7890.26,51.4524,7.42387,173.725,35.2282,340.259,1,-1,-101,-10,7,39,40,45,28365057,262,1,224,13499,
383.154,7925.71,51.4527,7.42372,172.487,35.3944,342.5,1,-2,-102,-13,5,38,41,45,28365057,262,1,224,13499,
384.144,7960.94,51.453,7.42357,171.311,35.3711,343.045,1,-2,-102,-13,5,38,41,45,28365057,262,1,224,13499,
385.118,7996.53,51.4533,7.42342,170.157,35.2585,343.376,1,-2,-102,-13,5,38,41,45,28365057,262,1,224,13499,
386.129,8031.35,51.4536,7.42329,168.918,34.8718,343.75,1,3,-96,-11,7,44,47,45,28365057,262,1,224,13499,
387.128,8065.9,51.4539,7.42316,167.588,34.8873,343.766,1,3,-96,-11,7,44,47,45,28365057,262,1,224,13499,
388.126,8100.89,51.4542,7.42302,166.183,34.9354,343.878,1,1,-95,-9,6,45,46,16,27770883,262,1,125,13499,
389.132,8135.82,51.4545,7.42288,164.887,35.0829,343.905,1,1,-95,-9,6,45,46,16,27770883,262,1,125,13499,
390.133,8171.03,51.4548,7.42275,163.672,35.2901,343.733,1,3,-97,-11,6,43,45,16,27770883,262,1,125,13499,
391.135,8206.34,51.4551,7.42261,162.467,35.3902,343.137,1,3,-97,-11,6,43,45,16,27770883,262,1,125,13499,
392.122,8241.31,51.4554,7.42246,161.6,35.3696,342.808,1,3,-88,-7,10,52,50,16,27770883,262,1,125,13499,
393.147,8276.57,51.4557,7.42231,160.845,35.3541,342.055,1,3,-88,-7,10,52,50,16,27770883,262,1,125,13499,
394.126,8311.71,51.456,7.42215,160.007,35.3859,341.499,1,8,-90,-8,10,50,49,16,27770883,262,1,125,13499,
395.149,8346.4,51.4563,7.42198,159.427,35.0787,340.55,1,8,-90,-8,10,50,49,16,27770883,262,1,125,13499,
396.13,8346.4,51.4602,7.41546,nan,34.9542,338.991,1,0,-91,-9,4,49,48,16,27770883,262,1,125,13499,
397.135,8346.4,51.4569,7.42162,158.652,34.9622,337.814,1,0,-91,-9,4,49,48,16,27770883,262,1,125,13499,
398.137,8381.4,51.4572,7.42142,158.197,34.5997,336.771,1,4,-89,-9,8,51,50,16,27770883,262,1,125,13499,
399.12,8415.09,51.4575,7.42123,157.987,33.8454,335.591,1,4,-89,-9,8,51,50,16,27770883,262,1,125,13499,
400.134,8448.98,51.4577,7.42103,157.662,33.9201,335.161,1,0,-88,-10,8,52,53,16,27770883,262,1,125,13499,
401.146,8482.78,51.458,7.42083,157.258,34.0029,334.553,1,0,-88,-10,8,52,53,16,27770883,262,1,125,13499,
402.13,8516.51,51.4583,7.42061,156.844,34.3342,333.469,1,-2,-86,-11,2,54,56,16,27770883,262,1,125,13499,
403.126,8550.02,51.4585,7.42039,156.401,34.5314,331.753,1,-2,-86,-11,2,54,56,16,27770883,262,1,125,13499,
404.141,8584.61,51.4588,7.42015,156.016,34.7498,331.421,1,13,-90,-14,2,50,56,16,27770883,262,1,125,13499,
405.118,8619.42,51.4591,7.41991,155.89,35.0122,330.559,1,13,-90,-14,2,50,56,16,27770883,262,1,125,13499,
406.137,8655.41,51.4594,7.41964,155.722,35.3419,329.164,1,16,-82,-8,2,58,57,16,27770883,262,1,125,13499,
407.137,8692.03,51.4597,7.41937,155.698,35.5238,328.042,1,16,-82,-8,2,58,57,16,27770883,262,1,125,13499,
408.131,8727.59,51.4599,7.41909,155.676,35.6268,327.02,1,12,-80,-7,2,60,58,16,27770883,262,1,125,13499,
409.14,8763.27,51.4602,7.41882,155.465,35.7497,326.138,1,12,-80,-7,2,60,58,16,27770883,262,1,125,13499,
410.167,8798.89,51.4605,7.41853,155.273,35.8354,325.215,1,12,-80,-7,2,60,58,16,27770883,262,1,125,13499,
411.145,8834.63,51.4607,7.41823,154.952,35.6975,324.257,1,11,-79,-6,2,61,58,16,27770883,262,1,125,13499,
412.14,8869.94,51.461,7.41793,154.669,35.8231,323.042,1,11,-79,-6,2,61,58,16,27770883,262,1,125,13499,
413.124,8905.25,51.4612,7.41762,154.803,36.0048,322.139,1,10,-77,-7,2,63,60,16,27770883,262,1,125,13499,
414.129,8941.19,51.4615,7.41729,154.962,36.1111,320.772,1,10,-77,-7,2,63,60,16,27770883,262,1,125,13499,
415.13,8977.42,51.4617,7.41696,155.169,36.1941,319.823,1,5,-79,-8,10,61,59,7,27770883,262,1,125,13499,
416.154,8977.42,51.4602,7.41546,nan,36.2419,319.038,1,5,-79,-8,10,61,59,7,27770883,262,1,125,13499,
417.119,8977.42,51.4622,7.41628,155.724,36.303,318.773,1,16,-77,-6,12,63,59,7,27770883,262,1,125,13499,
418.114,9012.96,51.4625,7.41593,156.027,36.1509,317.352,1,16,-77,-6,12,63,59,7,27770883,262,1,125,13499,
419.151,9048.57,51.4627,7.41557,156.213,36.134,316.103,1,13,-80,-7,12,60,57,7,27770883,262,1,125,13499,
420.136,9084.4,51.4629,7.41521,156.386,36.0666,315.039,1,13,-80,-7,12,60,57,7,27770883,262,1,125,13499,
421.13,9120,51.4632,7.41484,156.357,35.7257,313.767,1,17,-81,-6,11,59,54,7,27770883,262,1,125,13499,
422.144,9156.12,51.4634,7.41446,156.28,35.2513,312.585,1,17,-81,-6,11,59,54,7,27770883,262,1,125,13499,
423.13,9191.24,51.4636,7.41409,156.116,34.9209,311.833,1,10,-85,-7,7,55,51,7,27770883,262,1,125,13499,
424.149,9226.02,51.4638,7.41372,155.913,34.8218,311.302,1,10,-85,-7,7,55,51,7,27770883,262,1,125,13499,
425.142,9260.71,51.464,7.41334,155.748,34.7177,310.471,1,7,-87,-9,9,53,51,7,27770883,262,1,125,13499,
426.122,9295.41,51.4642,7.41296,155.539,34.4371,309.922,1,7,-87,-9,9,53,51,7,27770883,262,1,125,13499,
427.133,9329.82,51.4644,7.41257,155.459,33.9426,309.341,1,19,-72,-5,14,68,61,7,27770883,262,1,125,13499,
428.135,9363.9,51.4646,7.41219,155.412,33.9052,308.978,1,19,-72,-5,14,68,61,7,27770883,262,1,125,13499,
429.13,9397.85,51.4648,7.4118,155.258,33.9471,308.52,1,14,-90,-9,11,50,48,7,27770883,262,1,125,13499,
430.139,9431.53,51.465,7.41142,155.044,33.7873,308.743,1,14,-90,-9,11,50,48,7,27770883,262,1,125,13499,
431.129,9464.85,51.4652,7.41104,154.705,33.4342,309.496,1,6,-92,-7,6,48,45,4,27770885,262,1,124,13499,
432.155,9498,51.4653,7.41067,154.371,32.803,309.552,1,6,-92,-7,6,48,45,4,27770885,262,1,124,13499,
433.127,9530.41,51.4655,7.41031,154.113,32.4129,309.182,1,7,-92,-7,11,48,45,4,27770885,262,1,124,13499,
434.164,9562.61,51.4657,7.40995,153.869,32.2034,309.057,1,7,-92,-7,11,48,45,4,27770885,262,1,124,13499,
435.149,9594.38,51.4659,7.40959,153.575,32.0925,308.803,1,7,-92,-7,11,48,45,4,27770885,262,1,124,13499,
436.125,9594.38,51.4657,7.40638,nan,31.872,308.763,1,8,-91,-7,8,49,47,4,27770885,262,1,124,13499,
437.118,9594.38,51.4662,7.40887,153.41,31.5644,308.211,1,8,-91,-7,8,49,47,4,27770885,262,1,124,13499,
438.118,9625.45,51.4664,7.40852,153.571,31.379,308.336,1,7,-92,-7,8,48,45,4,27770885,262,1,124,13499,
439.128,9656.34,51.4666,7.40817,153.774,30.7814,308.631,1,7,-92,-7,8,48,45,4,27770885,262,1,124,13499,
440.135,9686.78,51.4668,7.40782,153.977,30.2538,308.873,1,13,-89,-7,8,51,47,4,27770885,262,1,124,13499,
441.134,9716.99,51.4669,7.40748,154.139,30.2202,308.958,1,13,-89,-7,8,51,47,4,27770885,262,1,124,13499,
442.136,9747.07,51.4671,7.40714,154.203,30.1381,309.107,1,25,-74,-5,15,66,62,4,27770885,262,1,124,13499,
443.318,9777.13,51.4673,7.40681,154.087,30.2394,309.634,1,25,-74,-5,15,66,62,4,27770885,262,1,124,13499,
444.141,9807.31,51.4675,7.40647,153.918,30.292,309.835,1,18,-78,-6,11,62,57,4,27770885,262,1,124,13499,
445.132,9837.66,51.4676,7.40614,153.877,30.4925,310.258,1,18,-78,-6,11,62,57,4,27770885,262,1,124,13499,
446.118,9868.15,51.4678,7.4058,153.654,30.6019,310.519,1,14,-81,-6,9,59,58,4,27770885,262,1,124,13499,
447.141,9898.99,51.468,7.40546,153.577,30.8084,310.749,1,14,-81,-6,9,59,58,4,27770885,262,1,124,13499,
448.136,9929.65,51.4682,7.40513,153.72,30.6244,311.424,1,11,-81,-5,9,59,55,4,27770885,262,1,124,13499,
449.168,9960.63,51.4684,7.4048,154.105,30.3519,312.342,1,11,-81,-5,9,59,55,4,27770885,262,1,124,13499,
450.158,9991.28,51.4685,7.40447,154.665,30.5725,312.274,1,2,-87,-10,7,53,53,4,27770885,262,1,124,13499,
451.136,10022,51.4687,7.40414,155.243,30.7809,312.509,1,2,-87,-10,7,53,53,4,27770885,262,1,124,13499,
452.139,10053,51.4689,7.40381,155.835,30.9784,312.702,1,0,-82,-8,6,58,57,19,27771140,262,1,289,13499,
453.117,10083.6,51.4691,7.40348,156.434,30.6961,313.189,1,0,-82,-8,6,58,57,19,27771140,262,1,289,13499,
454.128,10113.6,51.4693,7.40317,157.129,29.9218,314.5,1,10,-84,-7,15,56,55,19,27771140,262,1,289,13499,
455.159,10144.5,51.4695,7.40285,158.295,30.0224,314.329,1,10,-84,-7,15,56,55,19,27771140,262,1,289,13499,
456.119,10144.5,51.4681,7.40026,nan,29.8632,314.24,1,7,-86,-7,8,54,53,19,27771140,262,1,289,13499,
457.125,10144.5,51.4698,7.40224,160.803,29.8503,314.245,1,7,-86,-7,8,54,53,19,27771140,262,1,289,13499,
458.131,10174.2,51.47,7.40193,161.912,29.9105,314.724,1,2,-85,-9,7,55,55,19,27771140,262,1,289,13499,
459.158,10203.8,51.4702,7.40163,162.888,29.8267,314.97,1,2,-85,-9,7,55,55,19,27771140,262,1,289,13499,
460.133,10233.5,51.4704,7.40134,163.773,29.8708,315.659,1,12,-80,-6,10,60,58,19,27771140,262,1,289,13499,
461.143,10263.5,51.4706,7.40104,164.57,30.0846,316.014,1,12,-80,-6,10,60,58,19,27771140,262,1,289,13499,
462.129,10293.8,51.4708,7.40074,165.379,30.2376,316.346,1,17,-80,-6,11,60,59,19,27771140,262,1,289,13499,
463.153,10324.4,51.471,7.40044,166.131,30.4823,316.761,1,17,-80,-6,11,60,59,19,27771140,262,1,289,13499,
464.132,10354.9,51.4712,7.40014,166.796,30.1789,317.092,1,17,-80,-6,11,60,59,19,27771140,262,1,289,13499,
465.138,10384.6,51.4714,7.39985,167.457,29.5098,317.385,1,13,-81,-6,11,59,58,19,27771140,262,1,289,13499,
466.136,10414.3,51.4716,7.39957,168.094,29.1208,317.884,1,13,-81,-6,11,59,58,19,27771140,262,1,289,13499,
467.129,10443.3,51.4718,7.39929,168.642,28.594,318.268,1,6,-83,-8,2,57,56,19,27771140,262,1,289,13499,
468.147,10472.2,51.472,7.39901,169.13,28.6056,318.477,1,6,-83,-8,2,57,56,19,27771140,262,1,289,13499,
469.134,10501.1,51.4722,7.39873,169.597,28.8339,318.822,1,4,-83,-8,2,57,57,19,27771140,262,1,289,13499,
470.124,10529.8,51.4724,7.39846,170.034,28.4957,319.065,1,4,-83,-8,2,57,57,19,27771140,262,1,289,13499,
471.127,10558.2,51.4726,7.39819,170.493,28.4483,319.156,1,6,-84,-8,2,56,56,19,27771140,262,1,289,13499,
472.131,10586.9,51.4728,7.39792,170.915,28.6334,319.519,1,6,-84,-8,2,56,56,19,27771140,262,1,289,13499,
473.144,10615.3,51.473,7.39765,171.354,28.7427,319.804,1,-3,-84,-8,2,56,55,19,27771140,262,1,289,13499,
474.133,10643.4,51.4732,7.39739,171.69,28.2935,320.327,1,-3,-84,-8,2,56,55,19,27771140,262,1,289,13499,
475.129,10671.9,51.4734,7.39713,172.049,28.1015,320.828,1,4,-88,-9,2,52,53,19,33527554,262,1,434,13499,
476.156,10671.9,51.4722,7.39565,nan,27.8483,321.003,1,4,-88,-9,2,52,53,19,33527554,262,1,434,13499,
477.144,10671.9,51.4738,7.39663,172.884,27.3645,322.01,1,15,-86,-9,13,54,55,56,33527554,262,1,434,13499,
478.138,10698.9,51.474,7.39639,173.395,27.1641,322.216,1,15,-86,-9,13,54,55,56,33527554,262,1,434,13499,
479.149,10726.4,51.4741,7.39615,173.891,27.2372,322.657,1,13,-87,-9,11,53,52,56,33527554,262,1,434,13499,
480.129,10754.1,51.4744,7.39593,174.416,27.5381,324.359,1,13,-87,-9,11,53,52,56,33527554,262,1,434,13499,
481.135,10781.5,51.4746,7.3957,174.983,27.2282,323.939,1,13,-90,-9,12,50,47,7,27771140,262,1,434,13499,
482.127,10809,51.4748,7.39547,175.48,27.146,324.551,1,13,-90,-9,12,50,47,7,27771140,262,1,434,13499,
483.152,10836.3,51.475,7.39525,175.943,27.4479,326.845,1,18,-84,-7,15,56,54,7,27771140,262,1,289,13499,
484.133,10864.1,51.4752,7.39504,176.257,27.7166,328.324,1,18,-84,-7,15,56,54,7,27771140,262,1,289,13499,
485.143,10892.4,51.4754,7.39482,176.476,27.5535,328.745,1,17,-83,-7,14,57,54,7,27771140,262,1,289,13499,
486.133,10919.7,51.4756,7.39462,176.778,26.8789,328.304,1,17,-83,-7,14,57,54,7,27771140,262,1,289,13499,
487.143,10946.6,51.4758,7.39443,176.931,26.3075,330.528,1,25,-80,-6,13,60,58,7,27771140,262,1,289,13499,
488.126,10972.7,51.476,7.39425,177.143,25.7636,331.045,1,25,-80,-6,13,60,58,7,27771140,262,1,289,13499,
489.138,10997.6,51.4762,7.39407,177.48,25.0983,331.368,1,16,-76,-6,14,64,63,7,27771140,262,1,289,13499,
490.118,11022.6,51.4764,7.39391,177.649,24.4926,332.258,1,16,-76,-6,14,64,63,7,27771140,262,1,289,13499,
491.12,11046.8,51.4766,7.39375,177.91,23.7267,333.113,1,16,-76,-6,14,64,63,7,27771140,262,1,289,13499,
492.129,11070.3,51.4768,7.39361,178.387,22.9404,334.139,1,24,-71,-5,14,69,63,7,27771140,262,1,289,13499,
493.161,11093,51.477,7.39347,178.829,22.247,334.597,1,24,-71,-5,14,69,63,7,27771140,262,1,289,13499,
494.125,11114.4,51.4772,7.39336,179.568,20.7236,337.361,1,18,-84,-8,13,56,54,7,27771140,262,1,289,13499,
495.131,11134.2,51.4773,7.39326,180.462,19.4253,340.477,1,18,-84,-8,13,56,54,7,27771140,262,1,289,13499,
496.139,11134.2,51.4681,7.40026,nan,18.2544,343.405,1,3,-84,-9,12,56,57,7,27771140,262,1,289,13499,
497.143,11134.2,51.4777,7.39311,181.76,17.8343,344.999,1,3,-84,-9,12,56,57,7,27771140,262,1,289,13499,
498.138,11151.4,51.4778,7.39306,181.965,17.2058,348.337,1,8,-85,-10,10,55,56,7,27771140,262,1,289,13499,
499.145,11167.6,51.478,7.39306,182.405,17.198,1.44936,1,8,-85,-10,10,55,56,7,27771140,262,1,289,13499,
500.117,11183.2,51.4781,7.39307,182.632,17.6523,3.62582,1,14,-81,-6,15,59,56,4,27771139,262,1,288,13499,
501.13,11201.6,51.4783,7.39311,182.711,18.3692,7.08815,1,14,-81,-6,15,59,56,4,27771139,262,1,288,13499,
502.155,11220.7,51.4784,7.3932,182.548,18.8672,20.0005,1,16,-83,-6,15,57,54,4,27771139,262,1,288,13499,
503.131,11239.5,51.4786,7.39331,182.303,19.029,22.4998,1,16,-83,-6,15,57,54,4,27771139,262,1,288,13499,
504.141,11258.4,51.4787,7.39343,182.111,18.8537,25.0024,1,36,-79,-5,14,61,57,4,27771139,262,1,288,13499,
505.147,11276,51.4789,7.39355,181.851,17.7035,26.9488,1,36,-79,-5,14,61,57,4,27771139,262,1,288,13499,
506.136,11291.7,51.479,7.39367,181.379,14.9559,28.2712,1,19,-84,-5,13,56,53,4,27771139,262,1,288,13499,
507.129,11307.5,51.4791,7.39379,181.412,14.6217,27.0663,1,19,-84,-5,13,56,53,4,27771139,262,1,288,13499,
508.122,11320.3,51.4792,7.39383,181.674,13.487,8.77076,1,34,-79,-5,14,61,56,4,27771139,262,1,288,13499,
509.132,11333.1,51.4793,7.39383,181.944,14.0037,354.75,1,34,-79,-5,14,61,56,4,27771139,262,1,288,13499,
510.175,11346.5,51.4795,7.3938,181.899,14.3649,351.149,1,22,-91,-7,12,49,48,4,27771139,262,1,288,13499,
511.131,11359.6,51.4796,7.39373,181.958,15.0251,335.674,1,22,-91,-7,12,49,48,4,27771139,262,1,288,13499,
512.142,11375.3,51.4797,7.39365,182.601,15.689,335.104,1,9,-83,-5,6,57,54,15,28365058,262,1,223,13499,
513.132,11390.4,51.4798,7.39356,183.169,15.0778,334.492,1,9,-83,-5,6,57,54,15,28365058,262,1,223,13499,
514.138,11404.7,51.4799,7.39347,183.693,14.171,334.571,1,13,-89,-6,13,51,49,15,28365058,262,1,223,13499,
515.24,11416.6,51.48,7.39343,184.046,10.4198,349.706,1,13,-89,-6,13,51,49,15,28365058,262,1,223,13499,
516.126,11416.6,51.4815,7.40215,nan,9.82157,4.61865,1,13,-89,-6,13,51,49,15,28365058,262,1,223,13499,
517.157,11416.6,51.4802,7.39348,184.503,9.71228,23.8113,1,7,-84,-5,6,56,51,4,27771139,262,1,288,13499,
518.13,11425.6,51.4803,7.39357,184.538,10.551,43.5953,1,7,-84,-5,6,56,51,4,27771139,262,1,288,13499,
519.137,11437.1,51.4803,7.3937,184.657,11.8238,58.3008,1,23,-85,-5,15,55,51,4,27771139,262,1,288,13499,
520.129,11450,51.4804,7.39385,184.919,13.1473,59.0762,1,23,-85,-5,15,55,51,4,27771139,262,1,288,13499,
521.144,11464,51.4805,7.39402,185.248,14.4548,58.5025,1,19,-86,-6,11,54,51,4,27771139,262,1,288,13499,
522.136,11478.9,51.4805,7.3942,185.618,15.3036,57.648,1,19,-86,-6,11,54,51,4,27771139,262,1,288,13499,
523.125,11494,51.4806,7.39439,185.894,15.8364,57.4525,1,19,-83,-6,14,57,54,4,27771139,262,1,288,13499,
524.146,11511.5,51.4807,7.3946,185.818,16.1693,58.4355,1,19,-83,-6,14,57,54,4,27771139,262,1,288,13499,
525.124,11528.2,51.4808,7.3948,185.865,16.7571,58.9572,1,16,-84,-6,10,56,54,4,27771139,262,1,288,13499,
526.133,11544.2,51.4808,7.395,185.527,17.25,59.521,1,16,-84,-6,10,56,54,4,27771139,262,1,288,13499,
527.136,11561.4,51.4809,7.39522,184.992,17.5885,59.8419,1,18,-83,-5,14,57,53,4,27771139,262,1,288,13499,
528.128,11578.3,51.481,7.39543,184.395,17.6974,60.082,1,18,-83,-5,14,57,53,4,27771139,262,1,288,13499,
529.128,11596,51.4811,7.39565,183.716,17.7152,60.1367,1,15,-82,-5,15,58,55,4,27771139,262,1,288,13499,
530.122,11613.8,51.4812,7.39587,183.123,17.6611,60.1102,1,15,-82,-5,15,58,55,4,27771139,262,1,288,13499,
531.133,11631.7,51.4812,7.39609,182.898,17.5186,59.8812,1,7,-86,-6,8,54,52,4,27771139,262,1,288,13499,
532.131,11649,51.4813,7.39631,182.752,17.266,59.5234,1,7,-86,-6,8,54,52,4,27771139,262,1,288,13499,
533.129,11666.5,51.4814,7.39653,182.781,17.3695,59.1963,1,14,-83,-4,2,57,53,4,27771139,262,1,288,13499,
534.141,11683.7,51.4815,7.39674,182.921,17.1983,58.2424,1,14,-83,-4,2,57,53,4,27771139,262,1,288,13499,
535.137,11699.9,51.4816,7.39694,183.661,16.7614,57.4132,1,6,-88,-7,2,52,51,4,27771139,262,1,288,13499,
536.122,11699.9,51.4819,7.39662,nan,16.3817,56.4305,1,6,-88,-7,2,52,51,4,27771139,262,1,288,13499,
537.133,11699.9,51.4817,7.39736,184.71,15.7323,55.9036,1,14,-87,-6,2,53,51,4,27771139,262,1,288,13499,
538.146,11716.1,51.4818,7.39755,185.816,15.6387,55.3723,1,14,-87,-6,2,53,51,4,27771139,262,1,288,13499,
539.131,11732,51.4819,7.39773,186.838,15.1591,54.5573,1,14,-87,-6,2,53,51,4,27771139,262,1,288,13499,
540.145,11746.6,51.482,7.3979,187.74,14.5479,53.4556,1,24,-83,-5,2,57,54,4,27771139,262,1,288,13499,
541.129,11760.2,51.4821,7.39805,188.267,13.6152,52.1669,1,24,-83,-5,2,57,54,4,27771139,262,1,288,13499,
542.134,11772.5,51.4821,7.39818,188.571,12.2024,50.8538,1,25,-81,-5,2,59,56,4,27771139,262,1,288,13499,
543.15,11783.4,51.4822,7.3983,188.753,10.3261,49.5306,1,25,-81,-5,2,59,56,4,27771139,262,1,288,13499,
544.13,11792.9,51.4823,7.3984,189.477,8.55907,47.9933,1,21,-77,-5,2,63,59,4,27771139,262,1,288,13499,
545.143,11801.3,51.4823,7.39848,190.047,6.69916,46.4197,1,21,-77,-5,2,63,59,4,27771139,262,1,288,13499,
546.14,11807.1,51.4824,7.39853,190.526,4.97277,45.2501,1,20,-80,-5,2,60,56,4,27771139,262,1,288,13499,
547.139,11811.5,51.4824,7.39857,190.578,3.52486,43.4267,1,20,-80,-5,2,60,56,4,27771139,262,1,288,13499,
548.141,11815.6,51.4824,7.39861,190.612,1.6501,43.0779,1,16,-80,-6,2,60,54,4,27771139,262,1,288,13499,
549.131,11815.6,51.4824,7.39861,190.614,0,43.0779,1,16,-80,-6,2,60,54,4,27771139,262,1,288,13499,
550.158,11815.6,51.4824,7.39861,190.616,0,43.0779,1,16,-82,-6,2,58,52,4,27771139,262,1,288,13499,
551.127,11815.6,51.4824,7.39861,190.62,0,43.0779,1,16,-82,-6,2,58,52,4,27771139,262,1,288,13499,
552.141,11815.6,51.4824,7.39861,190.622,0,43.0779,1,15,-83,-6,2,57,51,4,27771139,262,1,288,13499,
553.135,11815.6,51.4824,7.39861,190.624,0,43.0779,1,15,-83,-6,2,57,51,4,27771139,262,1,288,13499,
554.138,11815.6,51.4824,7.39861,190.606,0,43.0779,1,14,-84,-6,2,56,51,4,27771139,262,1,288,13499,
555.144,11815.6,51.4824,7.39861,190.537,0,46.2762,1,14,-84,-6,2,56,51,4,27771139,262,1,288,13499,
556.136,11815.6,51.4822,7.40001,nan,0,43.5694,1,13,-88,-6,10,52,48,10,27771139,262,1,288,13499,
557.13,11815.6,51.4825,7.39876,190.715,9.68404,41.7082,1,13,-88,-6,10,52,48,10,27771139,262,1,288,13499,
558.148,11825.1,51.4826,7.39885,191.027,11.2169,40.0727,1,13,-88,-6,10,52,48,10,27771139,262,1,288,13499,
559.138,11836.4,51.4827,7.39894,191.285,11.8962,38.2696,1,13,-88,-6,9,52,48,10,27771139,262,1,288,13499,
560.132,11849.9,51.4828,7.39906,191.478,12.0461,36.55,1,13,-88,-6,9,52,48,10,27771139,262,1,288,13499,
561.155,11862.2,51.4829,7.39916,191.251,13.0587,35.3078,1,10,-84,-6,6,56,50,10,28365058,262,1,223,13499,
562.129,11876.1,51.483,7.39927,190.967,14.1136,34.2572,1,10,-84,-6,6,56,50,10,28365058,262,1,223,13499,
563.145,11890.6,51.4831,7.39938,190.55,15.2093,33.5794,1,9,-85,-4,6,55,49,11,27771139,262,1,288,13499,
564.129,11906.7,51.4832,7.39951,189.783,16.2154,32.9276,1,9,-85,-4,6,55,49,11,27771139,262,1,288,13499,
565.152,11923.2,51.4833,7.39963,189.334,16.2916,33.8111,1,15,-88,-5,14,52,48,11,27771139,262,1,288,13499,
566.119,11940.1,51.4835,7.39977,189.158,16.7674,34.5337,1,15,-88,-5,14,52,48,11,27771139,262,1,288,13499,
567.137,11957.4,51.4836,7.39991,189.174,17.0148,33.9955,1,7,-91,-7,8,49,48,11,27771139,262,1,288,13499,
568.125,11974.8,51.4837,7.40005,189.086,17.2127,34.55,1,7,-91,-7,8,49,48,11,27771139,262,1,288,13499,
569.124,11991.9,51.4838,7.40019,189.03,17.2456,34.9736,1,5,-87,-6,6,53,49,9,28365058,262,1,223,13499,
570.132,12009,51.484,7.40033,188.996,17.1864,35.5372,1,5,-87,-6,6,53,49,9,28365058,262,1,223,13499,
571.13,12026.2,51.4841,7.40048,188.832,17.0195,36.1848,1,13,-92,-7,11,48,47,9,28365058,262,1,223,13499,
572.155,12042.7,51.4842,7.40063,189.158,16.9169,37.3786,1,13,-92,-7,11,48,47,9,28365058,262,1,223,13499,
573.127,12060.1,51.4843,7.40079,189.376,16.8024,38.6342,1,7,-93,-7,8,47,45,9,28365058,262,1,223,13499,
574.154,12076.7,51.4844,7.40094,189.432,16.7447,39.8131,1,7,-93,-7,8,47,45,9,28365058,262,1,223,13499,
575.143,12093.6,51.4846,7.4011,189.507,16.8244,40.762,1,8,-95,-7,10,45,42,9,28365058,262,1,223,13499,
576.119,12093.6,51.4841,7.40161,nan,16.6411,41.2421,1,8,-95,-7,10,45,42,9,28365058,262,1,223,13499,
577.129,12093.6,51.4848,7.40144,189.692,16.3677,41.5974,1,8,-97,-8,7,43,42,9,28365058,262,1,223,13499,
578.145,12109.6,51.4849,7.40159,189.742,16.0543,41.796,1,8,-97,-8,7,43,42,9,28365058,262,1,223,13499,
579.13,12125.5,51.485,7.40175,189.736,15.965,42.1216,1,8,-97,-8,7,43,42,9,28365058,262,1,223,13499,
580.144,12141.5,51.4851,7.40191,189.663,15.9738,42.9371,1,10,-95,-8,11,45,42,9,28365058,262,1,223,13499,
581.124,12157.3,51.4852,7.40207,189.475,15.909,44.1704,1,10,-95,-8,11,45,42,9,28365058,262,1,223,13499,
582.152,12173.3,51.4853,7.40224,189.147,15.7989,45.6575,1,7,-94,-7,11,46,43,9,28365058,262,1,223,13499,
583.117,12189.4,51.4854,7.40241,189.104,14.3102,47.0185,1,7,-94,-7,11,46,43,9,28365058,262,1,223,13499,
584.137,12203.6,51.4855,7.40256,188.944,12.188,48.019,1,2,-94,-6,2,46,41,9,28365058,262,1,223,13499,
585.138,12215.3,51.4855,7.40269,188.558,9.41283,48.9448,1,2,-94,-6,2,46,41,9,28365058,262,1,223,13499,
586.149,12223.2,51.4856,7.40278,188.153,8.08389,48.1259,1,9,-100,-11,2,40,42,9,28365058,262,1,223,13499,
587.13,12229,51.4856,7.40282,187.455,7.76736,30.3318,1,9,-100,-11,2,40,42,9,28365058,262,1,223,13499,
588.136,12235.2,51.4857,7.40282,186.706,8.10811,352.438,1,4,-96,-8,2,44,42,9,28365058,262,1,223,13499,
589.131,12243,51.4858,7.40276,186.065,8.96697,331.203,1,4,-96,-8,2,44,42,9,28365058,262,1,223,13499,
590.128,12252.8,51.4858,7.40269,185.831,10.166,327.713,1,10,-95,-7,2,45,42,9,28365058,262,1,223,13499,
591.139,12263.7,51.4859,7.4026,186.058,11.0444,325.67,1,10,-95,-7,2,45,42,9,28365058,262,1,223,13499,
592.138,12275,51.486,7.4025,186.607,11.6026,324.81,1,4,-97,-8,2,43,41,9,28365058,262,1,223,13499,
593.135,12287.1,51.4861,7.4024,187.204,11.655,325.505,1,4,-97,-8,2,43,41,9,28365058,262,1,223,13499,
594.135,12298.4,51.4862,7.4023,187.835,12.3591,327.852,1,5,-98,-8,2,42,42,9,28365058,262,1,223,13499,
595.144,12309.7,51.4862,7.40221,188.57,13.1857,329.897,1,5,-98,-8,2,42,42,9,28365058,262,1,223,13499,
596.144,12322.7,51.4864,7.40212,188.889,13.1653,332.131,1,10,-94,-8,2,46,45,9,26385409,262,1,93,13499,
597.145,12335.4,51.4865,7.40203,188.969,13.1482,334.354,1,10,-94,-8,2,46,45,9,26385409,262,1,93,13499,
598.122,12347.7,51.4866,7.40196,188.895,13.2578,336.25,1,10,-94,-8,2,46,45,9,26385409,262,1,93,13499,
599.146,12360.7,51.4867,7.4019,188.261,12.9956,338.752,1,10,-94,-8,2,46,45,9,26385409,262,1,93,13499,
600.146,12373.3,51.4868,7.40185,187.825,12.7549,341.608,1,10,-94,-8,2,46,45,9,26385409,262,1,93,13499,
601.118,12386.4,51.4869,7.4018,187.368,12.6836,344.17,1,12,-93,-7,2,47,45,9,26385409,262,1,93,13499,
602.138,12399.5,51.487,7.40177,186.647,12.598,345.825,1,12,-93,-7,2,47,45,9,26385409,262,1,93,13499,
603.282,12412.2,51.4871,7.40174,186.032,12.3911,347.501,1,18,-93,-6,2,47,45,9,26385409,262,1,93,13499,
604.123,12424.7,51.4872,7.40171,185.544,11.9139,350.263,1,18,-93,-6,2,47,45,9,26385409,262,1,93,13499,
605.137,12437.1,51.4873,7.4017,185.174,10.99,352.529,1,17,-86,-5,12,54,49,3,26385409,262,1,93,13499,
606.16,12448.5,51.4874,7.40169,184.593,10.5834,354.197,1,17,-86,-5,12,54,49,3,26385409,262,1,93,13499,
607.135,12458.7,51.4875,7.4017,183.745,10.5184,356.026,1,20,-81,-6,15,59,56,3,26385409,262,1,93,13499,
608.141,12468.4,51.4876,7.4017,183.143,10.3929,357.827,1,20,-81,-6,15,59,56,3,26385409,262,1,93,13499,
609.143,12479.6,51.4877,7.40171,182.193,10.7403,358.522,1,17,-86,-6,11,54,51,3,26385409,262,1,93,13499,
610.153,12490.1,51.4878,7.40172,181.264,10.9297,359.151,1,17,-86,-6,11,54,51,3,26385409,262,1,93,13499,
611.135,12500.4,51.4879,7.40173,180.465,10.8399,0.028972,1,18,-85,-6,12,55,53,3,26385409,262,1,93,13499,
612.129,12510.7,51.488,7.40174,180.335,10.6985,0.399145,1,18,-85,-6,12,55,53,3,26385409,262,1,93,13499,
613.128,12521.8,51.4881,7.40175,179.897,10.7582,359.958,1,19,-81,-6,15,59,55,3,26385409,262,1,93,13499,
614.128,12532.3,51.4882,7.40176,179.085,10.8188,359.819,1,19,-81,-6,15,59,55,3,26385409,262,1,93,13499,
615.12,12543.9,51.4883,7.40176,178.497,11.1393,359.319,1,15,-80,-6,15,60,56,3,26385409,262,1,93,13499,
616.136,12543.9,51.4887,7.40163,nan,11.8591,359.359,1,15,-80,-6,15,60,56,3,26385409,262,1,93,13499,
617.146,12543.9,51.4885,7.40177,176.984,12.1325,359.945,1,13,-83,-7,12,57,54,3,26385409,262,1,93,13499,
618.136,12555,51.4886,7.40177,176.905,12.09,359.412,1,13,-83,-7,12,57,54,3,26385409,262,1,93,13499,
619.139,12567.8,51.4887,7.40177,176.534,12.8981,359.609,1,13,-82,-8,10,58,55,3,26385409,262,1,93,13499,
620.136,12580.8,51.4888,7.40177,176.114,12.9681,0.11091,1,13,-82,-8,10,58,55,3,26385409,262,1,93,13499,
621.12,12593.3,51.4889,7.40178,175.563,12.8808,0.505039,1,8,-80,-8,6,60,59,2,26385410,262,1,94,13499,
622.152,12605.3,51.4891,7.40178,174.836,11.8446,359.901,1,8,-80,-8,6,60,59,2,26385410,262,1,94,13499,
623.124,12616.8,51.4892,7.40179,174.219,10.5507,359.35,1,8,-80,-8,6,60,59,2,26385410,262,1,94,13499,
624.134,12626.4,51.4892,7.4018,173.544,8.26124,359.871,1,21,-72,-5,15,68,62,2,26385410,262,1,94,13499,
625.131,12634.3,51.4893,7.40183,172.927,6.60006,21.5089,1,21,-72,-5,15,68,62,2,26385410,262,1,94,13499,
626.131,12640.4,51.4894,7.40189,172.003,6.877,53.5492,1,24,-75,-6,15,65,62,2,26385410,262,1,94,13499,
627.128,12647.2,51.4894,7.40198,171.915,8.11086,80.5313,1,24,-75,-6,15,65,62,2,26385410,262,1,94,13499,
628.124,12655.5,51.4894,7.4021,172.506,9.67305,84.0146,1,28,-69,-6,15,71,63,2,26385410,262,1,94,13499,
629.14,12666.4,51.4894,7.40226,173.455,10.8149,86.2953,1,28,-69,-6,15,71,63,2,26385410,262,1,94,13499,
630.122,12677.1,51.4894,7.40241,174.489,10.7068,87.7352,1,16,-71,-6,15,69,63,2,26385410,262,1,94,13499,
631.125,12687.3,51.4894,7.40256,175.578,10.1131,88.3928,1,16,-71,-6,15,69,63,2,26385410,262,1,94,13499,
632.123,12696.9,51.4894,7.4027,176.525,9.64419,88.7894,1,19,-77,-6,15,63,60,2,26385410,262,1,94,13499,
633.126,12706.7,51.4894,7.40284,177.276,10.2108,88.2037,1,19,-77,-6,15,63,60,2,26385410,262,1,94,13499,
634.148,12716.4,51.4894,7.40298,178.167,10.9934,87.8451,1,22,-77,-7,15,63,62,2,26385410,262,1,94,13499,
635.127,12728.1,51.4894,7.40315,178.701,11.7017,88.5365,1,22,-77,-7,15,63,62,2,26385410,262,1,94,13499,
636.135,12739.4,51.4894,7.40329,180.8,12.3267,90.3364,1,16,-73,-7,15,67,63,2,26385410,262,1,94,13499,
637.136,12755.2,51.4894,7.4035,179.461,12.0262,91.9073,1,16,-73,-7,15,67,63,2,26385410,262,1,94,13499,
638.128,12767.9,51.4894,7.40369,179.38,12.4132,92.5796,1,21,-71,-6,15,69,62,2,26385410,262,1,94,13499,
639.13,12780.5,51.4894,7.40387,179.338,12.9795,91.7186,1,21,-71,-6,15,69,62,2,26385410,262,1,94,13499,
640.135,12793.6,51.4894,7.40406,179.494,13.5323,91.4677,1,4,-78,-9,11,62,62,2,26385410,262,1,94,13499,
641.159,12807.3,51.4894,7.40426,179.743,14.1076,90.8344,1,4,-78,-9,11,62,62,2,26385410,262,1,94,13499,
642.135,12821.7,51.4894,7.40447,179.933,14.5751,90.4065,1,7,-72,-6,6,68,63,1,26385408,262,1,95,13499,
643.107,12835.9,51.4894,7.40467,180.149,14.067,90.745,1,7,-72,-6,6,68,63,1,26385408,262,1,95,13499,
644.125,12849.4,51.4894,7.40487,180.259,13.6618,90.4117,1,18,-73,-6,14,67,63,1,26385408,262,1,95,13499,
645.149,12862.8,51.4894,7.40506,180.318,13.2751,89.9833,1,18,-73,-6,14,67,63,1,26385408,262,1,95,13499,
646.127,12875.8,51.4894,7.40525,180.437,13.4107,89.0664,1,18,-73,-6,14,67,63,1,26385408,262,1,95,13499,
647.123,12889.4,51.4894,7.40544,180.62,13.787,87.5255,1,16,-68,-5,11,72,63,1,26385408,262,1,95,13499,
648.117,12903.8,51.4894,7.40565,180.577,13.9956,85.7532,1,16,-68,-5,11,72,63,1,26385408,262,1,95,13499,
649.128,12917.5,51.4894,7.40585,180.71,14.0805,83.527,1,20,-74,-6,15,66,63,1,26385408,262,1,95,13499,
650.142,12930.6,51.4895,7.40603,180.88,13.9677,81.0463,1,20,-74,-6,15,66,63,1,26385408,262,1,95,13499,
651.145,12944.7,51.4895,7.40623,180.885,13.7833,79.1334,1,31,-74,-6,10,66,62,1,26385408,262,1,95,13499,
652.128,12958.5,51.4895,7.40643,180.817,13.5539,78.0561,1,31,-74,-6,10,66,62,1,26385408,262,1,95,13499,
653.135,12972,51.4895,7.40662,180.691,13.6138,77.4141,1,14,-75,-6,11,65,61,1,26385408,262,1,95,13499,
654.135,12985.6,51.4896,7.40681,180.434,13.6826,77.3291,1,14,-75,-6,11,65,61,1,26385408,262,1,95,13499,
655.14,12999.4,51.4896,7.407,180.156,13.629,77.3839,1,16,-72,-6,15,68,63,1,26385408,262,1,95,13499,
656.136,12999.4,51.4895,7.40703,nan,13.7803,77.6464,1,16,-72,-6,15,68,63,1,26385408,262,1,95,13499,
657.128,12999.4,51.4897,7.40739,179.566,14.1917,78.3444,1,12,-75,-6,14,65,61,1,26385408,262,1,95,13499,
658.136,13013.8,51.4897,7.4076,179.108,14.6331,79.2554,1,12,-75,-6,14,65,61,1,26385408,262,1,95,13499,
659.157,13028.3,51.4897,7.4078,178.617,14.675,79.6136,1,7,-73,-6,15,67,58,1,26385408,262,1,95,13499,
660.134,13042.9,51.4897,7.40801,178.119,14.7383,79.8727,1,7,-73,-6,15,67,58,1,26385408,262,1,95,13499,
661.122,13057.5,51.4897,7.40822,177.559,14.7293,79.2576,1,9,-78,-6,14,62,59,1,26385408,262,1,95,13499,
662.14,13072.2,51.4898,7.40843,177.079,14.8689,78.4503,1,9,-78,-6,14,62,59,1,26385408,262,1,95,13499,
663.138,13087.2,51.4898,7.40864,176.497,15.1177,78.0688,1,13,-77,-6,11,63,58,1,26385408,262,1,95,13499,
664.121,13102.2,51.4898,7.40885,175.808,15.3117,77.444,1,13,-77,-6,11,63,58,1,26385408,262,1,95,13499,
665.137,13117.5,51.4899,7.40907,175.155,15.3197,77.6915,1,13,-77,-6,11,63,58,1,26385408,262,1,95,13499,
666.15,13132.8,51.4899,7.40928,174.577,15.2286,77.7081,1,19,-74,-5,11,66,62,1,26385408,262,1,95,13499,
667.121,13148.2,51.4899,7.4095,173.97,15.3277,78.4306,1,19,-74,-5,11,66,62,1,26385408,262,1,95,13499,
668.139,13163.4,51.4899,7.40972,173.549,15.0347,78.7989,1,8,-79,-7,14,61,58,1,26385408,262,1,95,13499,
669.129,13179.3,51.49,7.40994,173.514,14.6617,78.2229,1,8,-79,-7,14,61,58,1,26385408,262,1,95,13499,
670.146,13193.8,51.49,7.41015,173.199,14.7703,79.0443,1,20,-78,-5,14,62,60,1,26385408,262,1,95,13499,
671.129,13209,51.49,7.41036,172.948,14.5992,78.1601,1,20,-78,-5,14,62,60,1,26385408,262,1,95,13499,
672.142,13223.1,51.49,7.41056,172.574,14.2248,78.5553,1,25,-79,-6,12,61,59,1,26385408,262,1,95,13499,
673.132,13237.3,51.4901,7.41076,172.196,13.8534,77.6897,1,25,-79,-6,12,61,59,1,26385408,262,1,95,13499,
674.127,13251,51.4901,7.41096,171.575,14.0268,77.8649,1,10,-85,-6,2,55,53,1,26385408,262,1,95,13499,
675.124,13264.9,51.4901,7.41115,171.095,13.7218,77.28,1,10,-85,-6,2,55,53,1,26385408,262,1,95,13499,
676.143,13264.9,51.4905,7.41103,nan,13.6528,77.1604,1,13,-87,-7,11,53,51,7,26385408,262,1,95,13499,
677.137,13264.9,51.4902,7.41154,170.107,13.4213,77.6553,1,13,-87,-7,11,53,51,7,26385408,262,1,95,13499,
678.118,13277.6,51.4902,7.41172,169.653,12.7711,77.6247,1,12,-90,-7,10,50,47,7,26385408,262,1,95,13499,
679.134,13289.1,51.4902,7.41188,168.865,11.8214,77.2482,1,12,-90,-7,10,50,47,7,26385408,262,1,95,13499,
680.209,13301.2,51.4902,7.41205,168.156,11.8855,77.644,1,16,-90,-7,10,50,49,7,26385408,262,1,95,13499,
681.136,13313.9,51.4903,7.41223,167.59,11.9328,78.4691,1,16,-90,-7,10,50,49,7,26385408,262,1,95,13499,
682.1,13325.8,51.4903,7.4124,166.993,12.0493,78.7481,1,31,-85,-6,12,55,53,7,26385408,262,1,95,13499,
