0.111,0,51.4901,7.41216,165.782,0,235.992,1,17,-85,-6,2,55,55,2,29391105,262,1,351,13499,
1.401,0,51.4901,7.41216,162.93,0,235.992,1,17,-85,-6,2,55,55,2,29391105,262,1,351,13499,
2.444,0,51.4901,7.41216,166.764,0,235.992,1,17,-85,-8,12,55,56,5,29391105,262,1,351,13499,
3.504,0.804946,51.4901,7.41217,167.685,0,78.5372,1,17,-85,-8,12,55,56,5,29391105,262,1,351,13499,
4.524,3.14791,51.4901,7.4122,165.761,0,49.4421,1,15,-83,-7,10,57,56,5,29391105,262,1,351,13499,
5.544,3.14791,51.4921,7.42188,nan,0.998914,21.6598,1,15,-83,-7,10,57,56,5,29391105,262,1,351,13499,
6.552,3.14791,51.4901,7.4122,166.721,1.71018,358.199,1,26,-87,-5,13,53,52,5,29391105,262,1,351,13499,
7.533,4.57402,51.4901,7.41219,166.574,2.38079,352.19,1,26,-87,-5,13,53,52,5,29391105,262,1,351,13499,
8.535,7.79939,51.4901,7.41218,166.222,2.88435,351.423,1,-1,-93,-7,6,47,44,8,26385408,262,1,95,13499,
9.528,11.7972,51.4902,7.41217,165.44,3.36246,351.867,1,-1,-93,-7,6,47,44,8,26385408,262,1,95,13499,
10.537,17.6249,51.4902,7.41215,167.104,3.35266,351.622,1,2,-91,-7,6,49,45,8,26385408,262,1,95,13499,
11.549,26.1542,51.4903,7.41215,168.998,3.20608,7.63808,1,2,-91,-7,6,49,45,8,26385408,262,1,95,13499,
12.534,37.5046,51.4904,7.41213,173.141,3.06896,36.686,1,11,-89,-7,11,51,48,8,26385408,262,1,95,13499,
13.534,42.0699,51.4904,7.41219,174.927,3.49224,69.8282,1,11,-89,-7,11,51,48,8,26385408,262,1,95,13499,
14.54,51.4997,51.4904,7.41232,174.588,4.49045,78.2295,1,11,-89,-7,11,51,48,8,26385408,262,1,95,13499,
15.556,62.0061,51.4903,7.41247,172.232,5.89352,76.8684,1,14,-89,-6,10,51,48,8,26385408,262,1,95,13499,
16.533,71.9092,51.4904,7.41261,169.321,7.42965,78.0521,1,14,-89,-6,10,51,48,8,26385408,262,1,95,13499,
17.523,83.5307,51.4904,7.41277,167.178,8.81258,79.3681,1,13,-87,-6,12,53,51,8,26385408,262,1,95,13499,
18.533,95.9965,51.4904,7.41294,165.531,10.108,78.4058,1,13,-87,-6,12,53,51,8,26385408,262,1,95,13499,
19.526,108.462,51.4904,7.41312,165.01,12.9065,77.9855,1,11,-89,-7,12,51,49,8,26385408,262,1,95,13499,
20.53,122.313,51.4905,7.41331,164.165,12.8803,78.6417,1,11,-89,-7,12,51,49,8,26385408,262,1,95,13499,
21.551,135.619,51.4905,7.4135,163.419,12.9939,78.659,1,12,-86,-6,14,54,51,8,26385408,262,1,95,13499,
22.525,148.468,51.4905,7.41369,162.745,12.9881,79.451,1,12,-86,-6,14,54,51,8,26385408,262,1,95,13499,
23.537,161.218,51.4905,7.41387,161.977,13.0149,79.6773,1,12,-89,-7,12,51,49,8,26385408,262,1,95,13499,
24.533,173.937,51.4905,7.41405,161.136,13.0309,79.265,1,12,-89,-7,12,51,49,8,26385408,262,1,95,13499,
25.542,173.937,51.4903,7.4138,nan,13.0482,78.3608,1,10,-89,-7,12,51,48,8,26385408,262,1,95,13499,
26.527,173.937,51.4906,7.41442,160.31,13.1191,78.101,1,10,-89,-7,12,51,48,8,26385408,262,1,95,13499,
27.524,186.905,51.4906,7.41461,160.113,13.0466,78.6652,1,11,-84,-5,12,56,52,8,26385408,262,1,95,13499,
28.525,200.401,51.4906,7.4148,159.943,12.9717,79.2873,1,11,-84,-5,12,56,52,8,26385408,262,1,95,13499,
29.539,213.38,51.4906,7.41498,159.531,12.8559,80.3514,1,12,-87,-5,12,53,49,8,26385408,262,1,95,13499,
30.529,225.577,51.4907,7.41516,158.926,12.7736,81.3986,1,12,-87,-5,12,53,49,8,26385408,262,1,95,13499,
31.546,237.382,51.4907,7.41533,158.341,12.6064,82.7431,1,12,-87,-5,12,53,49,8,26385408,262,1,95,13499,
32.544,249.839,51.4907,7.41551,157.752,12.3939,84.05,1,10,-84,-6,14,56,53,4,29391105,262,1,351,13499,
33.522,261.847,51.4907,7.41568,157.234,12.2133,85.9203,1,10,-84,-6,14,56,53,4,29391105,262,1,351,13499,
34.531,273.649,51.4907,7.41585,156.595,12.1405,88.2546,1,22,-82,-7,12,58,56,4,29391105,262,1,351,13499,
35.535,286.019,51.4907,7.41603,156.024,11.3651,90.7275,1,22,-82,-7,12,58,56,4,29391105,262,1,351,13499,
36.519,296.014,51.4907,7.41617,155.374,9.6829,92.9344,1,18,-82,-6,11,58,55,4,29391105,262,1,351,13499,
37.536,305.517,51.4907,7.41631,154.989,9.53822,94.8515,1,18,-82,-6,11,58,55,4,29391105,262,1,351,13499,
38.538,313.632,51.4907,7.41642,154.649,9.07639,96.814,1,21,-81,-6,13,59,56,4,29391105,262,1,351,13499,
39.532,321.77,51.4906,7.41654,153.924,8.41812,98.2684,1,21,-81,-6,13,59,56,4,29391105,262,1,351,13499,
40.536,331.459,51.4906,7.41668,153.196,7.5646,99.7318,1,16,-82,-6,10,58,56,4,29391105,262,1,351,13499,
41.605,338.763,51.4906,7.41678,152.13,6.70306,97.8151,1,16,-82,-6,10,58,56,4,29391105,262,1,351,13499,
42.524,344.744,51.4906,7.41687,151.463,5.75132,97.0953,1,13,-80,-6,13,60,56,4,29391105,262,1,351,13499,
43.537,349.718,51.4906,7.41694,151.158,5.25906,97.9644,1,13,-80,-6,13,60,56,4,29391105,262,1,351,13499,
44.532,355.025,51.4906,7.41701,150.917,5.12722,97.0993,1,25,-75,-5,15,65,62,4,29391105,262,1,351,13499,
45.541,355.025,51.4921,7.42188,nan,4.65755,72.852,1,25,-75,-5,15,65,62,4,29391105,262,1,351,13499,
46.553,355.025,51.4906,7.41714,151.035,4.78141,45.6424,1,25,-84,-6,10,56,52,4,29391105,262,1,351,13499,
47.537,358.769,51.4906,7.41717,151.214,5.47443,22.1211,1,25,-84,-6,10,56,52,4,29391105,262,1,351,13499,
48.53,363.631,51.4907,7.41718,151.526,6.72249,2.96174,1,14,-87,-7,10,53,50,4,29391105,262,1,351,13499,
49.545,369.374,51.4907,7.41718,151.92,6.94046,359.919,1,14,-87,-7,10,53,50,4,29391105,262,1,351,13499,
50.534,376.324,51.4908,7.41717,152.858,7.00715,357.694,1,10,-91,-7,9,49,47,4,29391105,262,1,351,13499,
51.537,383.452,51.4909,7.41717,153.707,6.78229,1.63802,1,10,-91,-7,9,49,47,4,29391105,262,1,351,13499,
52.52,389.381,51.4909,7.41722,154.287,6.4022,43.9809,1,12,-91,-8,7,49,48,4,29391105,262,1,351,13499,
53.532,395.949,51.4909,7.41731,154.535,6.31848,81.7291,1,12,-91,-8,7,49,48,4,29391105,262,1,351,13499,
54.52,403.652,51.4909,7.41742,154.429,7.47126,85.4729,1,12,-91,-8,7,49,48,4,29391105,262,1,351,13499,
55.544,412.392,51.4909,7.41755,154.58,8.88588,88.1998,1,4,-96,-8,6,44,42,4,29391105,262,1,351,13499,
56.553,421.378,51.4909,7.41768,154.356,9.62102,89.6091,1,4,-96,-8,6,44,42,4,29391105,262,1,351,13499,
57.546,431.312,51.4909,7.41782,154.185,9.95584,91.1249,1,5,-95,-8,10,45,44,4,29391105,262,1,351,13499,
58.524,442.19,51.4909,7.41798,154.023,10.1862,92.4236,1,5,-95,-8,10,45,44,4,29391105,262,1,351,13499,
59.52,452.351,51.4909,7.41812,153.762,10.4547,94.3261,1,10,-91,-6,2,49,46,4,29391105,262,1,351,13499,
60.527,462.231,51.4909,7.41827,153.279,10.7143,97.0652,1,10,-91,-6,2,49,46,4,29391105,262,1,351,13499,
61.54,473.724,51.4909,7.41842,152.737,11.0695,111.143,1,7,-94,-8,2,46,46,4,29391105,262,1,351,13499,
62.534,484.423,51.4908,7.41856,152.148,10.949,113.799,1,7,-94,-8,2,46,46,4,29391105,262,1,351,13499,
63.524,495.353,51.4908,7.4187,152.027,10.6052,116.846,1,1,-94,-8,2,46,46,4,29391105,262,1,351,13499,
64.536,506.556,51.4907,7.41882,151.874,10.7376,133.544,1,1,-94,-8,2,46,46,4,29391105,262,1,351,13499,
65.558,506.556,51.4906,7.41937,nan,10.9694,135.137,1,-3,-98,-9,2,42,42,4,29391105,262,1,351,13499,
66.528,506.556,51.4906,7.41904,150.358,10.496,136.899,1,-3,-98,-9,2,42,42,4,29391105,262,1,351,13499,
67.524,518.077,51.4905,7.41915,149.598,10.1518,137.517,1,-5,-100,-9,2,40,40,4,29391105,262,1,351,13499,
68.52,529.944,51.4904,7.41925,149.251,9.785,138.222,1,-5,-100,-9,2,40,40,4,29391105,262,1,351,13499,
69.522,539.628,51.4903,7.41934,149.456,9.6041,137.684,1,5,-101,-8,2,39,38,4,28365056,262,1,222,13499,
70.528,548.956,51.4903,7.41943,149.626,9.57505,138.642,1,5,-101,-8,2,39,38,4,28365056,262,1,222,13499,
71.53,558.292,51.4902,7.41951,149.743,9.31186,138.009,1,-1,-101,-7,2,39,38,4,28365056,262,1,222,13499,
72.525,567.347,51.4901,7.4196,149.702,8.94456,137.872,1,-1,-101,-7,2,39,38,4,28365056,262,1,222,13499,
73.525,576.028,51.4901,7.41968,149.88,8.63238,137.374,1,-1,-101,-7,2,39,38,4,28365056,262,1,222,13499,
74.522,585.017,51.49,7.41977,150.16,8.36225,137.339,1,4,-102,-9,2,38,39,4,28365056,262,1,222,13499,
75.545,593.82,51.49,7.41985,150.147,8.344,137.952,1,4,-102,-9,2,38,39,4,28365056,262,1,222,13499,
76.534,602.423,51.4899,7.41993,150.071,8.37794,139.879,1,2,-100,-10,8,40,41,14,28365056,262,1,222,13499,
77.528,610.561,51.4898,7.42001,150.108,7.81694,140.458,1,2,-100,-10,8,40,41,14,28365056,262,1,222,13499,
78.531,617.898,51.4898,7.42007,150.043,7.64841,142.126,1,0,-98,-11,8,42,44,14,28365056,262,1,222,13499,
79.594,624.205,51.4897,7.42012,149.938,5.48861,143.322,1,0,-98,-11,8,42,44,14,28365056,262,1,222,13499,
80.531,628.752,51.4897,7.42016,149.953,3.73516,143.99,1,4,-98,-8,10,42,42,14,28365056,262,1,222,13499,
81.537,631.554,51.4897,7.42018,149.994,2.16668,143.627,1,4,-98,-8,10,42,42,14,28365056,262,1,222,13499,
82.545,633.054,51.4897,7.42019,150.044,0.770539,143.627,1,0,-99,-10,7,41,42,14,28365056,262,1,222,13499,
83.542,634.354,51.4897,7.4202,150.081,0.923195,141.272,1,0,-99,-10,7,41,42,14,28365056,262,1,222,13499,
84.529,637.651,51.4896,7.42023,150.137,1.96894,139.879,1,6,-97,-7,10,43,41,14,28365056,262,1,222,13499,
85.536,637.651,51.4891,7.42235,nan,4.18242,140.436,1,6,-97,-7,10,43,41,14,28365056,262,1,222,13499,
86.526,637.651,51.4896,7.42031,152.459,6.57409,142.286,1,4,-100,-8,8,40,39,14,28365056,262,1,222,13499,
87.52,644.516,51.4895,7.42036,152.902,7.21278,143.38,1,4,-100,-8,8,40,39,14,28365056,262,1,222,13499,
88.54,652.14,51.4895,7.42043,152.876,7.63904,144.083,1,3,-101,-8,9,39,39,14,28365056,262,1,222,13499,
89.523,658.949,51.4894,7.42048,152.543,7.89005,142.247,1,3,-101,-8,9,39,39,14,28365056,262,1,222,13499,
90.529,665.127,51.4894,7.42056,152.016,7.73719,119.39,1,-1,-100,-8,5,40,38,14,28365056,262,1,222,13499,
91.518,672.373,51.4894,7.42065,151.446,7.81551,116.04,1,-1,-100,-8,5,40,38,14,28365056,262,1,222,13499,
92.537,679.485,51.4894,7.42075,150.588,7.64991,98.4595,1,4,-102,-7,7,38,35,14,28365056,262,1,222,13499,
93.54,686.729,51.4893,7.42085,149.854,6.1739,98.7373,1,4,-102,-7,7,38,35,14,28365056,262,1,222,13499,
94.54,692.248,51.4893,7.42093,149.801,4.15407,101.686,1,4,-102,-7,7,38,35,14,28365056,262,1,222,13499,
95.524,695.225,51.4893,7.42097,149.774,3.5723,128.875,1,5,-103,-8,10,37,36,14,28365056,262,1,222,13499,
96.515,702.406,51.4893,7.42099,149.707,5.34276,178.156,1,5,-103,-8,10,37,36,14,28365056,262,1,222,13499,
97.52,707.37,51.4892,7.42097,149.275,6.63855,199.864,1,-1,-103,-10,2,37,37,14,28365056,262,1,222,13499,
98.532,715.209,51.4891,7.42093,148.814,8.21153,199.052,1,-1,-103,-10,2,37,37,14,28365056,262,1,222,13499,
99.533,724.043,51.4891,7.4209,148.798,8.75427,197.708,1,-2,-103,-9,2,37,38,14,28365056,262,1,222,13499,
100.532,733.91,51.489,7.42086,148.715,9.91673,196.78,1,-2,-103,-9,2,37,38,14,28365056,262,1,222,13499,
101.532,745.097,51.4889,7.42081,148.909,10.3552,195.908,1,3,-103,-9,2,37,38,14,28365056,262,1,222,13499,
102.515,755.891,51.4888,7.42077,148.798,10.0493,196.452,1,3,-103,-9,2,37,38,14,28365056,262,1,222,13499,
103.533,765.35,51.4887,7.42074,148.803,8.69857,196.021,1,-4,-99,-10,2,41,43,14,28365056,262,1,222,13499,
104.532,773.275,51.4886,7.42071,148.982,5.82718,195.385,1,-4,-99,-10,2,41,43,14,28365056,262,1,222,13499,
105.519,773.275,51.4921,7.42188,nan,3.86711,178.742,1,7,-89,-8,2,51,50,14,29391105,262,1,351,13499,
106.528,773.275,51.4885,7.42074,149.077,5.11611,148.884,1,7,-89,-8,2,51,50,14,29391105,262,1,351,13499,
107.521,779.327,51.4885,7.42083,148.875,6.10046,101.926,1,6,-88,-7,2,52,51,14,29391105,262,1,351,13499,
108.516,786.444,51.4885,7.42093,149.131,7.61832,99.7357,1,6,-88,-7,2,52,51,14,29391105,262,1,351,13499,
109.52,795.465,51.4885,7.42106,149.068,7.50239,97.22,1,4,-89,-7,2,51,50,14,29391105,262,1,351,13499,
110.539,803.305,51.4885,7.42117,148.668,7.37305,97.7104,1,4,-89,-7,2,51,50,14,29391105,262,1,351,13499,
111.551,809.767,51.4885,7.42126,148.523,7.48626,99.1102,1,5,-92,-7,2,48,47,14,29391105,262,1,351,13499,
112.55,817.612,51.4885,7.42137,148.437,7.87393,122.521,1,5,-92,-7,2,48,47,14,29391105,262,1,351,13499,
113.533,826.985,51.4884,7.42148,148.139,9.20257,125.901,1,5,-92,-7,2,48,46,14,29391105,262,1,351,13499,
114.541,834.938,51.4884,7.42157,147.831,8.48322,126.82,1,5,-92,-7,2,48,46,14,29391105,262,1,351,13499,
115.534,843.36,51.4883,7.42167,147.464,8.20103,126.309,1,1,-94,-8,2,46,46,14,29391105,262,1,351,13499,
116.523,851.053,51.4883,7.42176,146.701,8.87523,128.283,1,1,-94,-8,2,46,46,14,29391105,262,1,351,13499,
117.531,860.348,51.4882,7.42186,146.598,8.81677,128.088,1,-1,-95,-9,2,45,45,14,29391105,262,1,351,13499,
118.531,869.313,51.4882,7.42196,146.098,9.93897,129.096,1,-1,-95,-9,2,45,45,14,29391105,262,1,351,13499,
119.532,879.028,51.4881,7.42209,146.307,8.76467,111.148,1,-1,-95,-9,2,45,45,14,29391105,262,1,351,13499,
120.518,887.825,51.4881,7.42221,146.721,9.10576,109.508,1,-1,-96,-9,2,44,44,14,29391105,262,1,351,13499,
121.523,896.928,51.4881,7.42234,146.661,9.2665,107.901,1,-1,-96,-9,2,44,44,14,29391105,262,1,351,13499,
122.525,905.997,51.4881,7.42246,146.41,9.36181,106.391,1,1,-97,-10,2,43,44,14,29391105,262,1,351,13499,
123.513,915.208,51.488,7.42259,145.863,9.49542,104.404,1,1,-97,-10,2,43,44,14,29391105,262,1,351,13499,
124.534,925.209,51.488,7.42273,145.62,10.4252,103.571,1,0,-97,-9,2,43,43,14,29391105,262,1,351,13499,
125.509,935.232,51.488,7.42287,145.463,10.486,104.624,1,0,-97,-9,2,43,43,14,29391105,262,1,351,13499,
126.522,945.41,51.488,7.42301,145.151,10.4214,106.604,1,-4,-99,-10,2,41,42,14,29391105,262,1,351,13499,
127.532,955.926,51.488,7.42316,144.938,10.5808,106.374,1,-4,-99,-10,2,41,42,14,29391105,262,1,351,13499,
128.539,966.53,51.4879,7.42331,145.034,10.4217,106.83,1,4,-99,-9,2,41,42,14,28365056,262,1,222,13499,
129.527,976.385,51.4879,7.42344,144.784,10.5068,107.66,1,4,-99,-9,2,41,42,14,28365056,262,1,222,13499,
130.519,986.214,51.4879,7.42358,144.451,10.3551,109.667,1,8,-98,-9,2,42,42,14,28365056,262,1,222,13499,
131.542,996.561,51.4878,7.4237,144.017,9.87453,127.879,1,8,-98,-9,2,42,42,14,28365056,262,1,222,13499,
132.528,1007.59,51.4878,7.42382,143.808,10.2766,130.167,1,4,-95,-8,2,45,45,14,28365056,262,1,222,13499,
133.531,1018.02,51.4877,7.42393,143.95,10.1152,131.442,1,4,-95,-8,2,45,45,14,28365056,262,1,222,13499,
134.527,1028.81,51.4876,7.42404,143.936,10.8998,135.484,1,13,-93,-8,2,47,46,14,28365056,262,1,222,13499,
135.534,1040.17,51.4875,7.42414,144.104,10.9087,137.633,1,13,-93,-8,2,47,46,14,28365056,262,1,222,13499,
136.604,1052.3,51.4875,7.42425,143.809,10.7794,139.649,1,12,-93,-7,2,47,45,14,28365056,262,1,222,13499,
137.525,1063.16,51.4874,7.42433,144.11,10.9422,142.136,1,12,-93,-7,2,47,45,14,28365056,262,1,222,13499,
138.537,1074.76,51.4873,7.42442,144.193,11.1043,142.934,1,5,-94,-7,8,46,44,14,28365056,262,1,222,13499,
139.525,1086.68,51.4872,7.42452,143.853,11.3228,141.406,1,5,-94,-7,8,46,44,14,28365056,262,1,222,13499,
140.544,1097.5,51.4871,7.42462,143.375,11.224,138.156,1,5,-94,-7,8,46,44,14,28365056,262,1,222,13499,
141.539,1109.16,51.487,7.42474,142.691,11.1328,134.944,1,2,-96,-8,8,44,43,14,28365056,262,1,222,13499,
142.525,1120.57,51.487,7.42486,142.31,11.7118,133.136,1,2,-96,-8,8,44,43,14,28365056,262,1,222,13499,
143.526,1131.93,51.4869,7.42498,142.097,11.4327,131.262,1,0,-90,-8,6,50,49,10,28367106,262,1,103,13499,
144.523,1144.02,51.4868,7.42512,141.777,11.5588,129.475,1,0,-90,-8,6,50,49,10,28367106,262,1,103,13499,
145.516,1144.02,51.4833,7.43134,nan,11.7662,129.034,1,20,-94,-8,12,46,46,10,28367106,262,1,103,13499,
146.526,1144.02,51.4867,7.4254,141.493,11.983,128.111,1,20,-94,-8,12,46,46,10,28367106,262,1,103,13499,
147.525,1156.33,51.4866,7.42553,141.312,12.3562,127.43,1,12,-91,-8,10,49,49,10,28367106,262,1,103,13499,
148.524,1168.58,51.4866,7.42567,140.737,12.5594,129.033,1,12,-91,-8,10,49,49,10,28367106,262,1,103,13499,
149.525,1180.97,51.4865,7.4258,139.858,13.0254,131.562,1,15,-87,-7,10,53,51,10,28367106,262,1,103,13499,
150.537,1194.71,51.4864,7.42594,138.863,12.716,134.218,1,15,-87,-7,10,53,51,10,28367106,262,1,103,13499,
151.53,1208.82,51.4863,7.42608,138.032,12.6669,136.565,1,19,-86,-6,12,54,53,10,28367106,262,1,103,13499,
152.536,1221.92,51.4862,7.4262,136.861,12.9809,137.35,1,19,-86,-6,12,54,53,10,28367106,262,1,103,13499,
153.523,1234.64,51.4861,7.42632,135.69,13.1813,136.963,1,24,-86,-6,13,54,52,10,28367106,262,1,103,13499,
154.52,1247.67,51.486,7.42645,134.29,13.2562,134.485,1,24,-86,-6,13,54,52,10,28367106,262,1,103,13499,
155.526,1259.95,51.486,7.42658,133.25,13.3741,131.565,1,18,-88,-6,12,52,50,10,28367106,262,1,103,13499,
156.52,1272.96,51.4859,7.42673,132.343,13.451,128.488,1,18,-88,-6,12,52,50,10,28367106,262,1,103,13499,
157.522,1285.44,51.4858,7.42687,131.542,13.2676,125.9,1,18,-88,-6,2,52,47,10,28367106,262,1,103,13499,
158.526,1297.77,51.4858,7.42703,130.788,12.6098,124.311,1,18,-88,-6,2,52,47,10,28367106,262,1,103,13499,
159.533,1309.8,51.4857,7.42717,130.087,11.7902,124.51,1,18,-88,-6,2,52,47,10,28367106,262,1,103,13499,
160.557,1321.53,51.4857,7.42731,129.848,11.3429,128.173,1,21,-90,-7,2,50,49,10,28367106,262,1,103,13499,
161.534,1332.94,51.4856,7.42741,129.69,11.3658,144.142,1,21,-90,-7,2,50,49,10,28367106,262,1,103,13499,
162.523,1343.96,51.4855,7.42751,129.373,10.9947,144.405,1,18,-90,-6,2,50,48,10,28367106,262,1,103,13499,
163.526,1354.96,51.4854,7.42761,128.851,10.5698,143.817,1,18,-90,-6,2,50,48,10,28367106,262,1,103,13499,
164.543,1365.39,51.4853,7.4277,128.454,9.59632,144.721,1,21,-92,-6,2,48,47,10,28367106,262,1,103,13499,
165.511,1365.39,51.4833,7.43134,nan,8.94527,161.554,1,21,-92,-6,2,48,47,10,28367106,262,1,103,13499,
166.566,1365.39,51.4852,7.42776,127.725,8.97534,174.08,1,19,-91,-6,2,49,47,10,28367106,262,1,103,13499,
167.541,1375.01,51.4851,7.42778,127.767,10.0374,171.803,1,19,-91,-6,2,49,47,10,28367106,262,1,103,13499,
168.533,1385.51,51.485,7.4278,127.98,10.3455,169.433,1,20,-91,-6,2,49,47,10,28367106,262,1,103,13499,
169.541,1396.03,51.4849,7.42783,128.382,10.2474,166.356,1,20,-91,-6,2,49,47,10,28367106,262,1,103,13499,
170.527,1406.17,51.4848,7.42787,128.921,9.89853,164.768,1,17,-90,-6,2,50,48,10,28367106,262,1,103,13499,
171.541,1416.3,51.4847,7.42792,129.08,10.5345,163.633,1,17,-90,-6,2,50,48,10,28367106,262,1,103,13499,
172.526,1426.95,51.4846,7.42796,129.334,10.6736,163.104,1,14,-89,-6,2,51,49,10,28367106,262,1,103,13499,
173.52,1438.18,51.4845,7.42801,129.677,10.5462,162.341,1,14,-89,-6,2,51,49,10,28367106,262,1,103,13499,
174.54,1449.11,51.4845,7.42806,129.968,10.7962,161.802,1,22,-88,-6,2,52,49,10,28367106,262,1,103,13499,
175.534,1459.61,51.4844,7.42811,130.198,10.3771,160.022,1,22,-88,-6,2,52,49,10,28367106,262,1,103,13499,
176.542,1470.87,51.4843,7.42817,130.174,9.55069,160.972,1,15,-88,-6,2,52,49,10,28367106,262,1,103,13499,
177.528,1481.5,51.4842,7.42822,130.582,10.5849,161.535,1,15,-88,-6,2,52,49,10,28367106,262,1,103,13499,
178.548,1492.97,51.4841,7.42826,130.941,10.7654,162.121,1,13,-87,-6,2,53,51,10,28367106,262,1,103,13499,
179.539,1504.07,51.484,7.42832,131.253,10.8701,161.275,1,13,-87,-6,2,53,51,10,28367106,262,1,103,13499,
180.522,1514.57,51.4839,7.42837,130.988,9.86216,160.818,1,19,-87,-6,2,53,51,10,28367106,262,1,103,13499,
181.541,1525.63,51.4838,7.42842,130.804,9.52274,161.531,1,19,-87,-6,2,53,51,10,28367106,262,1,103,13499,
182.53,1535.96,51.4837,7.42847,130.992,9.08039,161.715,1,19,-86,-6,2,54,51,10,28367106,262,1,103,13499,
183.511,1545.59,51.4836,7.42851,130.808,9.29808,161.835,1,19,-86,-6,2,54,51,10,28367106,262,1,103,13499,
184.525,1554.64,51.4836,7.42855,131.635,8.51341,161.443,1,19,-86,-6,2,54,51,10,28367106,262,1,103,13499,
185.512,1554.64,51.4833,7.43134,nan,8.9489,160.936,1,13,-89,-7,2,51,48,10,28367106,262,1,103,13499,
186.522,1554.64,51.4834,7.42863,133.34,8.2244,160.299,1,13,-89,-7,2,51,48,10,28367106,262,1,103,13499,
187.528,1562.67,51.4833,7.42866,134.251,7.96083,159.558,1,8,-91,-7,2,49,46,10,28367106,262,1,103,13499,
188.534,1572.83,51.4832,7.42871,135.422,9.07684,161.268,1,8,-91,-7,2,49,46,10,28367106,262,1,103,13499,
189.516,1583.3,51.4832,7.42875,135.958,9.15768,163.59,1,13,-92,-7,2,48,45,10,28367106,262,1,103,13499,
190.533,1593.51,51.4831,7.42879,136.438,8.73477,164.363,1,13,-92,-7,2,48,45,10,28367106,262,1,103,13499,
191.55,1603.31,51.483,7.42882,136.836,8.68233,164.869,1,-1,-93,-7,2,47,45,10,28367106,262,1,103,13499,
192.541,1612.98,51.4829,7.42885,137.451,9.14561,165.955,1,-1,-93,-7,2,47,45,10,28367106,262,1,103,13499,
193.622,1620.71,51.4828,7.42887,138.607,7.64117,167.981,1,8,-93,-8,2,47,46,10,28367106,262,1,103,13499,
194.529,1628.11,51.4828,7.42888,138.977,6.24678,169.382,1,8,-93,-8,2,47,46,10,28367106,262,1,103,13499,
195.531,1635.61,51.4827,7.42889,139.179,4.84139,170.013,1,9,-94,-7,8,46,45,7,28367106,262,1,103,13499,
196.52,1640.67,51.4826,7.42889,139.179,1.5955,188.821,1,9,-94,-7,8,46,45,7,28367106,262,1,103,13499,
197.516,1640.67,51.4826,7.42889,139.189,0,188.821,1,11,-90,-6,12,50,47,7,28367106,262,1,103,13499,
198.519,1640.67,51.4826,7.42889,139.198,0,188.821,1,11,-90,-6,12,50,47,7,28367106,262,1,103,13499,
199.535,1640.67,51.4826,7.42889,139.209,0,188.821,1,12,-90,-6,11,50,46,7,28367106,262,1,103,13499,
200.527,1640.67,51.4826,7.42889,139.215,0,188.821,1,12,-90,-6,11,50,46,7,28367106,262,1,103,13499,
201.515,1640.67,51.4826,7.42889,139.221,0,188.821,1,24,-91,-6,8,49,47,7,28367106,262,1,103,13499,
202.525,1640.67,51.4826,7.42889,139.236,0,188.821,1,24,-91,-6,8,49,47,7,28367106,262,1,103,13499,
203.536,1640.67,51.4826,7.42889,139.254,0,188.821,1,29,-90,-6,13,50,47,7,28367106,262,1,103,13499,
204.539,1640.67,51.4826,7.42889,139.27,0,188.821,1,29,-90,-6,13,50,47,7,28367106,262,1,103,13499,
205.517,1640.67,51.4833,7.43134,nan,0,188.821,1,29,-90,-6,13,50,47,7,28367106,262,1,103,13499,
206.541,1640.67,51.4826,7.42889,139.295,0,188.821,1,23,-91,-8,8,49,47,7,28367106,262,1,103,13499,
207.52,1640.67,51.4826,7.42889,139.304,0,188.821,1,23,-91,-8,8,49,47,7,28367106,262,1,103,13499,
208.528,1640.67,51.4826,7.42889,139.31,0,188.821,1,11,-91,-7,8,49,48,7,28367106,262,1,103,13499,
209.529,1640.67,51.4826,7.42889,139.315,0,188.821,1,11,-91,-7,8,49,48,7,28367106,262,1,103,13499,
210.543,1640.67,51.4826,7.42889,139.316,0,188.821,1,15,-91,-7,11,49,47,7,28367106,262,1,103,13499,
211.527,1640.67,51.4826,7.42889,139.316,0,188.821,1,15,-91,-7,11,49,47,7,28367106,262,1,103,13499,
212.521,1640.67,51.4826,7.42889,139.316,0,188.821,1,7,-92,-7,2,48,46,7,28367106,262,1,103,13499,
213.529,1640.67,51.4826,7.42889,139.316,0,188.821,1,7,-92,-7,2,48,46,7,28367106,262,1,103,13499,
214.521,1640.67,51.4826,7.42889,139.312,0,188.821,1,8,-92,-6,2,48,46,7,28367106,262,1,103,13499,
215.519,1640.67,51.4826,7.42889,139.308,0,188.821,1,8,-92,-6,2,48,46,7,28367106,262,1,103,13499,
216.547,1640.67,51.4826,7.42889,139.301,0,188.821,1,12,-92,-7,2,48,46,7,28367106,262,1,103,13499,
217.551,1640.67,51.4826,7.42889,139.294,0,188.821,1,12,-92,-7,2,48,46,7,28367106,262,1,103,13499,
218.525,1640.67,51.4826,7.42889,139.286,0,188.821,1,8,-92,-8,2,48,47,7,28367106,262,1,103,13499,
219.524,1640.67,51.4826,7.42889,139.278,0,188.821,1,8,-92,-8,2,48,47,7,28367106,262,1,103,13499,
220.533,1640.67,51.4826,7.42889,139.268,0,188.821,1,10,-91,-8,2,49,49,7,28367106,262,1,103,13499,
221.547,1640.67,51.4826,7.42889,139.258,0,188.821,1,10,-91,-8,2,49,49,7,28367106,262,1,103,13499,
222.534,1640.67,51.4826,7.42889,139.249,0,188.821,1,8,-92,-8,2,48,48,7,28367106,262,1,103,13499,
223.535,1640.67,51.4826,7.42889,139.243,0,188.821,1,8,-92,-8,2,48,48,7,28367106,262,1,103,13499,
224.531,1640.67,51.4826,7.42889,139.241,0,188.821,1,8,-92,-7,2,48,47,7,28367106,262,1,103,13499,
225.529,1640.67,51.4826,7.42889,139.242,0,188.821,1,8,-92,-7,2,48,47,7,28367106,262,1,103,13499,
226.541,1640.67,51.4826,7.42889,139.244,0,188.821,1,9,-92,-7,2,48,46,7,28367106,262,1,103,13499,
227.535,1640.67,51.4826,7.42889,139.25,0,188.821,1,9,-92,-7,2,48,46,7,28367106,262,1,103,13499,
228.534,1640.67,51.4826,7.42889,139.259,0,188.821,1,1,-92,-8,2,48,48,7,28367106,262,1,103,13499,
229.525,1640.67,51.4826,7.42889,139.272,0,188.821,1,1,-92,-8,2,48,48,7,28367106,262,1,103,13499,
230.54,1640.67,51.4826,7.42889,139.284,0,188.821,1,1,-92,-8,2,48,48,7,28367106,262,1,103,13499,
231.563,1640.67,51.4826,7.42889,139.298,0,188.821,1,3,-92,-9,2,48,48,7,28367106,262,1,103,13499,
232.542,1640.67,51.4826,7.42889,139.31,0,188.821,1,3,-92,-9,2,48,48,7,28367106,262,1,103,13499,
233.522,1640.67,51.4826,7.42889,139.32,0,188.821,1,8,-91,-8,2,49,49,7,28367106,262,1,103,13499,
234.585,1640.67,51.4826,7.42889,139.328,0,188.821,1,8,-91,-8,2,49,49,7,28367106,262,1,103,13499,
235.511,1640.67,51.4826,7.42889,139.332,0,188.821,1,16,-91,-8,2,49,48,7,28367106,262,1,103,13499,
236.54,1640.67,51.4826,7.42889,139.334,0,188.821,1,16,-91,-8,2,49,48,7,28367106,262,1,103,13499,
237.535,1640.67,51.4826,7.42889,139.331,0,188.821,1,-1,-93,-8,8,47,46,7,28367106,262,1,103,13499,
238.54,1640.67,51.4826,7.42889,139.328,0,188.821,1,-1,-93,-8,8,47,46,7,28367106,262,1,103,13499,
239.53,1640.67,51.4826,7.42889,139.326,0,188.821,1,7,-93,-7,11,47,44,7,28367106,262,1,103,13499,
240.549,1640.67,51.4826,7.42889,139.323,0,188.821,1,7,-93,-7,11,47,44,7,28367106,262,1,103,13499,
241.516,1640.67,51.4826,7.42889,139.319,0,188.821,1,8,-92,-7,8,48,45,7,28367106,262,1,103,13499,
242.514,1640.67,51.4826,7.42889,139.316,0,188.821,1,8,-92,-7,8,48,45,7,28367106,262,1,103,13499,
243.528,1640.67,51.4826,7.42889,139.276,0,188.821,1,4,-93,-7,9,47,46,7,28367106,262,1,103,13499,
244.533,1640.67,51.4826,7.42889,139.239,0,188.821,1,4,-93,-7,9,47,46,7,28367106,262,1,103,13499,
245.509,1640.67,51.4826,7.42889,139.214,0,179.186,1,9,-89,-6,9,51,49,7,28367106,262,1,103,13499,
246.542,1653.01,51.4825,7.4289,139.455,0,161.072,1,9,-89,-6,9,51,49,7,28367106,262,1,103,13499,
247.527,1658.41,51.4825,7.42896,139.444,3.75117,125.545,1,4,-94,-7,11,46,45,7,28367106,262,1,103,13499,
248.541,1662.45,51.4825,7.429,139.418,2.57261,121.457,1,4,-94,-7,11,46,45,7,28367106,262,1,103,13499,
249.523,1663.7,51.4825,7.42902,139.367,2.45904,99.5439,1,1,-97,-8,8,43,43,7,28367106,262,1,103,13499,
250.521,1665.75,51.4825,7.42905,139.303,3.87133,97.6532,1,1,-97,-8,8,43,43,7,28367106,262,1,103,13499,
251.532,1670.02,51.4825,7.42911,139.048,6.41761,97.0437,1,-1,-99,-12,6,41,44,7,28367106,262,1,103,13499,
252.544,1677.61,51.4825,7.42922,138.788,7.79378,97.7157,1,-1,-99,-12,6,41,44,7,28367106,262,1,103,13499,
253.534,1685.92,51.4825,7.42934,138.605,9.04365,96.6761,1,0,-103,-11,2,37,39,7,28367106,262,1,103,13499,
254.52,1696.05,51.4825,7.42948,138.243,10.0704,96.1386,1,0,-103,-11,2,37,39,7,28367106,262,1,103,13499,
255.535,1706.78,51.4825,7.42964,137.846,10.9262,96.2853,1,-2,-101,-8,2,39,37,7,28368386,262,1,32,13499,
256.531,1718,51.4825,7.4298,137.686,11.5144,95.6823,1,-2,-101,-8,2,39,37,7,28368386,262,1,32,13499,
257.548,1728.83,51.4824,7.42996,137.418,10.831,96.4662,1,7,-103,-9,2,37,36,7,28368386,262,1,32,13499,
258.553,1739.48,51.4824,7.43011,137.303,10.3988,96.5478,1,7,-103,-9,2,37,36,7,28368386,262,1,32,13499,
259.547,1749.58,51.4824,7.43026,137.302,10.1024,96.4932,1,-1,-102,-10,2,38,38,7,28368386,262,1,32,13499,
260.528,1759.47,51.4824,7.4304,137.38,9.92967,97.0231,1,-1,-102,-10,2,38,38,7,28368386,262,1,32,13499,
261.541,1769.03,51.4824,7.43054,137.477,9.7367,96.5242,1,-1,-102,-10,2,38,38,7,28368386,262,1,32,13499,
262.548,1778.43,51.4824,7.43067,137.615,9.14592,97.3884,1,9,-98,-9,2,42,41,7,28367106,262,1,103,13499,
263.535,1787.16,51.4824,7.4308,137.796,8.14773,96.4333,1,9,-98,-9,2,42,41,7,28367106,262,1,103,13499,
264.522,1794.71,51.4824,7.4309,137.926,6.56562,97.2393,1,9,-97,-8,2,43,42,7,28367106,262,1,103,13499,
265.523,1799.09,51.4824,7.43097,138.079,4.37023,95.8555,1,9,-97,-8,2,43,42,7,28367106,262,1,103,13499,
266.531,1802.47,51.4824,7.43102,138.114,2.52715,95.4247,1,17,-93,-7,2,47,46,7,28367106,262,1,103,13499,
267.523,1804.7,51.4824,7.43105,138.148,1.04554,99.3313,1,17,-93,-7,2,47,46,7,28367106,262,1,103,13499,
268.554,1804.7,51.4824,7.43105,138.152,0,99.3313,1,14,-92,-7,2,48,47,7,28367106,262,1,103,13499,
269.535,1804.7,51.4824,7.43105,138.156,0,99.3313,1,14,-92,-7,2,48,47,7,28367106,262,1,103,13499,
270.542,1804.7,51.4824,7.43105,138.16,0,99.3313,1,19,-89,-6,2,51,46,7,28367106,262,1,103,13499,
271.54,1804.7,51.4824,7.43105,138.158,0,99.3313,1,19,-89,-6,2,51,46,7,28367106,262,1,103,13499,
272.534,1804.7,51.4824,7.43105,138.158,0,99.3313,1,15,-85,-6,2,55,48,7,28367106,262,1,103,13499,
273.587,1804.7,51.4824,7.43105,138.142,0,99.3313,1,15,-85,-6,2,55,48,7,28367106,262,1,103,13499,
274.544,1804.7,51.4824,7.43105,138.102,0,99.3313,1,16,-88,-5,10,52,47,5,28367106,262,1,103,13499,
275.527,1804.7,51.4824,7.43105,137.876,0,99.5562,1,16,-88,-5,10,52,47,5,28367106,262,1,103,13499,
276.531,1813.77,51.4824,7.43118,138.16,0,98.2154,1,12,-91,-5,10,49,45,5,28367106,262,1,103,13499,
277.533,1819.5,51.4824,7.43126,138.675,4.81467,98.6091,1,12,-91,-5,10,49,45,5,28367106,262,1,103,13499,
278.514,1823.77,51.4824,7.43132,138.74,3.60108,100.398,1,8,-93,-7,9,47,47,5,28367106,262,1,103,13499,
279.522,1827.98,51.4824,7.43138,138.775,3.33566,99.5505,1,8,-93,-7,9,47,47,5,28367106,262,1,103,13499,
280.527,1832.19,51.4824,7.43144,138.782,3.71068,98.8801,1,12,-91,-7,9,49,47,5,28367106,262,1,103,13499,
281.528,1836.28,51.4824,7.4315,138.792,3.87279,98.5205,1,12,-91,-7,9,49,47,5,28367106,262,1,103,13499,
282.53,1839.82,51.4824,7.43155,138.763,3.12673,97.9573,1,12,-91,-7,9,49,47,5,28367106,262,1,103,13499,
283.528,1842.53,51.4824,7.43159,138.727,2.23534,97.0272,1,4,-98,-10,9,42,42,5,28367106,262,1,103,13499,
284.533,1844.76,51.4824,7.43162,138.715,1.93642,97.7527,1,4,-98,-10,9,42,42,5,28367106,262,1,103,13499,
285.548,1847.38,51.4824,7.43166,138.732,2.34592,96.7357,1,2,-96,-7,8,44,41,5,28367106,262,1,103,13499,
286.525,1850.54,51.4823,7.43171,138.941,4.31064,97.1585,1,2,-96,-7,8,44,41,5,28367106,262,1,103,13499,
287.511,1855.22,51.4823,7.43177,139.141,5.08218,96.4241,1,0,-96,-9,10,44,44,5,28367106,262,1,103,13499,
288.52,1860.33,51.4823,7.43185,139.35,5.79706,96.5527,1,0,-96,-9,10,44,44,5,28367106,262,1,103,13499,
289.536,1866.32,51.4823,7.43193,139.629,6.52781,96.6222,1,2,-97,-9,9,43,44,5,28367106,262,1,103,13499,
290.528,1873.18,51.4823,7.43203,139.865,6.82039,96.1803,1,2,-97,-9,9,43,44,5,28367106,262,1,103,13499,
291.535,1880.19,51.4823,7.43213,140.366,6.98222,95.59,1,5,-94,-7,2,46,44,5,28367106,262,1,103,13499,
292.539,1887.49,51.4823,7.43223,141.045,7.08102,95.3484,1,5,-94,-7,2,46,44,5,28367106,262,1,103,13499,
293.538,1895.09,51.4823,7.43234,141.539,7.89879,95.9401,1,7,-94,-8,2,46,45,5,28367106,262,1,103,13499,
294.515,1903.45,51.4823,7.43246,142.006,9.01411,96.1232,1,7,-94,-8,2,46,45,5,28367106,262,1,103,13499,
295.539,1913.05,51.4823,7.4326,142.447,10.2807,96.8942,1,11,-90,-7,2,50,49,5,28367106,262,1,103,13499,
296.535,1923.84,51.4823,7.43275,142.63,11.0859,97.2099,1,11,-90,-7,2,50,49,5,28367106,262,1,103,13499,
297.54,1935.38,51.4822,7.43292,142.835,11.1748,96.7106,1,8,-88,-8,2,52,51,5,28368386,262,1,32,13499,
298.53,1946.38,51.4822,7.43308,143.006,11.2902,96.7779,1,8,-88,-8,2,52,51,5,28368386,262,1,32,13499,
299.515,1957.44,51.4822,7.43324,143.283,11.131,96.5632,1,7,-87,-7,2,53,50,5,28368386,262,1,32,13499,
300.537,1969.39,51.4822,7.43341,143.601,11.5651,97.0019,1,7,-87,-7,2,53,50,5,28368386,262,1,32,13499,
301.541,1980.39,51.4822,7.43357,143.628,11.4153,96.8591,1,1,-91,-7,2,49,47,5,28368386,262,1,32,13499,
302.533,1991.28,51.4822,7.43372,143.988,11.2647,97.1677,1,1,-91,-7,2,49,47,5,28368386,262,1,32,13499,
303.54,2003.06,51.4822,7.43389,144.144,11.402,96.7369,1,4,-92,-7,2,48,46,5,28367106,262,1,103,13499,
304.526,2014.28,51.4822,7.43405,144.389,11.321,96.8477,1,4,-92,-7,2,48,46,5,28367106,262,1,103,13499,
305.514,2025.15,51.4822,7.43421,144.529,11.0603,96.8056,1,2,-94,-8,2,46,45,5,28368386,262,1,32,13499,
306.515,2036.78,51.4821,7.43438,144.709,11.116,97.4924,1,2,-94,-8,2,46,45,5,28368386,262,1,32,13499,
307.583,2047.36,51.4821,7.43453,144.91,11.1062,98.2982,1,2,-94,-8,2,46,45,5,28368386,262,1,32,13499,
308.53,2058.99,51.4821,7.43469,145.055,10.9653,98.7539,1,2,-95,-11,8,45,48,10,28368386,262,1,32,13499,
309.544,2069.62,51.4821,7.43485,144.785,11.056,98.3547,1,2,-95,-11,8,45,48,10,28368386,262,1,32,13499,
310.545,2079.93,51.4821,7.43499,144.272,10.6864,97.9524,1,1,-88,-8,6,52,50,4,28367106,262,1,103,13499,
311.533,2090.56,51.4821,7.43515,144.031,10.1765,98.8091,1,1,-88,-8,6,52,50,4,28367106,262,1,103,13499,
312.546,2100.44,51.4821,7.43529,144.181,9.79841,99.4786,1,5,-96,-11,9,44,45,4,28367106,262,1,103,13499,
313.527,2111.01,51.4821,7.43544,143.62,9.6892,98.0736,1,5,-96,-11,9,44,45,4,28367106,262,1,103,13499,
314.519,2120.23,51.482,7.43557,143.304,9.36333,97.2459,1,6,-92,-10,9,48,50,10,28368386,262,1,32,13499,
315.532,2129.05,51.482,7.4357,143.598,8.96791,97.7136,1,6,-92,-10,9,48,50,10,28368386,262,1,32,13499,
316.531,2137.6,51.482,7.43582,143.673,8.67391,97.1883,1,1,-94,-10,7,46,47,4,28367105,262,1,102,13499,
317.52,2147.03,51.482,7.43596,143.583,9.17368,97.6017,1,1,-94,-10,7,46,47,4,28367105,262,1,102,13499,
318.532,2155.62,51.482,7.43608,143.918,9.19822,96.8606,1,8,-75,-8,14,65,63,4,28367105,262,1,102,13499,
319.532,2164.91,51.482,7.43621,144.189,9.53411,95.9715,1,8,-75,-8,14,65,63,4,28367105,262,1,102,13499,
320.541,2174.61,51.482,7.43635,144.933,10.1128,95.1799,1,8,-91,-9,11,49,48,4,28367105,262,1,102,13499,
321.529,2184.95,51.482,7.4365,145.807,10.3326,94.938,1,8,-91,-9,11,49,48,4,28367105,262,1,102,13499,
322.532,2195.45,51.482,7.43665,147.269,9.81293,96.37,1,6,-92,-9,11,48,47,4,28367105,262,1,102,13499,
323.523,2204.67,51.482,7.43679,147.828,9.75276,96.9485,1,6,-92,-9,11,48,47,4,28367105,262,1,102,13499,
324.527,2214.01,51.482,7.43692,147.64,9.98158,96.4737,1,5,-83,-5,6,57,51,9,28368386,262,1,32,13499,
325.524,2223.87,51.4819,7.43706,147.12,10.2715,97.0116,1,5,-83,-5,6,57,51,9,28368386,262,1,32,13499,
326.529,2233.48,51.4819,7.4372,146.759,9.71983,96.3451,1,10,-90,-6,14,50,47,4,28367105,262,1,102,13499,
327.523,2243.58,51.4819,7.43734,146.139,8.88959,97.7067,1,10,-90,-6,14,50,47,4,28367105,262,1,102,13499,
328.532,2253.35,51.4819,7.43748,145.23,8.13397,98.8167,1,10,-90,-6,14,50,47,4,28367105,262,1,102,13499,
329.534,2262.06,51.4819,7.4376,144.094,8.17724,98.1324,1,10,-87,-6,13,53,50,4,28367105,262,1,102,13499,
330.527,2270.13,51.4819,7.43772,143.365,8.7311,98.6666,1,10,-87,-6,13,53,50,4,28367105,262,1,102,13499,
331.537,2278.05,51.4819,7.43783,143.681,9.17733,97.8946,1,19,-85,-5,12,55,53,4,28367105,262,1,102,13499,
332.534,2287.36,51.4819,7.43797,143.608,8.17077,99.2501,1,19,-85,-5,12,55,53,4,28367105,262,1,102,13499,
333.533,2296.6,51.4819,7.4381,143.778,8.18141,97.495,1,20,-80,-5,14,60,57,4,28367105,262,1,102,13499,
334.516,2305.57,51.4818,7.43823,143.941,8.61871,98.6464,1,20,-80,-5,14,60,57,4,28367105,262,1,102,13499,
335.534,2314.51,51.4818,7.43836,144.517,8.48842,97.5123,1,19,-87,-6,11,53,50,4,28367105,262,1,102,13499,
336.532,2323.07,51.4818,7.43848,145.385,8.05465,97.8597,1,19,-87,-6,11,53,50,4,28367105,262,1,102,13499,
337.538,2330.43,51.4818,7.43859,146.363,8.35153,98.0756,1,12,-91,-6,12,49,46,4,28367105,262,1,102,13499,
338.534,2338.67,51.4818,7.4387,147.112,9.19064,97.2531,1,12,-91,-6,12,49,46,4,28367105,262,1,102,13499,
339.526,2348.54,51.4818,7.43885,147.768,9.62651,96.4219,1,2,-95,-9,10,45,45,4,28367105,262,1,102,13499,
340.522,2359.13,51.4818,7.439,148.429,10.6431,95.8502,1,2,-95,-9,10,45,45,4,28367105,262,1,102,13499,
341.549,2370.52,51.4818,7.43916,148.916,10.758,95.3769,1,9,-90,-6,11,50,46,10,28368386,262,1,32,13499,
342.545,2381.2,51.4818,7.43932,149.522,10.7507,94.5635,1,9,-90,-6,11,50,46,10,28368386,262,1,32,13499,
343.513,2392.68,51.4818,7.43948,150.078,10.975,94.2221,1,9,-91,-7,11,49,46,10,28368386,262,1,32,13499,
344.554,2402.95,51.4818,7.43963,150.366,11.3847,94.9869,1,9,-91,-7,11,49,46,10,28368386,262,1,32,13499,
345.532,2413.55,51.4818,7.43978,150.756,11.2415,95.3905,1,4,-93,-8,12,47,44,10,28368386,262,1,32,13499,
346.531,2424.69,51.4817,7.43994,151.265,11.3861,95.6397,1,4,-93,-8,12,47,44,10,28368386,262,1,32,13499,
347.543,2436.46,51.4817,7.44011,151.753,11.6474,95.4099,1,2,-97,-9,7,43,41,10,28368386,262,1,32,13499,
348.529,2448.5,51.4817,7.44028,152.071,11.5204,95.431,1,2,-97,-9,7,43,41,10,28368386,262,1,32,13499,
349.539,2459.87,51.4817,7.44045,152.414,11.122,95.3318,1,6,-96,-10,10,44,45,7,28367105,262,1,102,13499,
350.526,2470.68,51.4817,7.4406,152.842,10.9005,95.9112,1,6,-96,-10,10,44,45,7,28367105,262,1,102,13499,
351.522,2481.69,51.4817,7.44076,153.478,10.7305,96.2585,1,6,-96,-10,10,44,45,7,28367105,262,1,102,13499,
352.539,2492.7,51.4817,7.44092,154.283,10.8579,96.0317,1,10,-95,-7,11,45,43,7,28367105,262,1,102,13499,
353.602,2503.32,51.4817,7.44107,154.761,11.0306,96.9947,1,10,-95,-7,11,45,43,7,28367105,262,1,102,13499,
354.524,2514.11,51.4817,7.44123,155.03,10.6127,100.222,1,27,-96,-7,7,44,41,7,28367105,262,1,102,13499,
355.526,2524.46,51.4816,7.44137,155.223,10.6292,104.341,1,27,-96,-7,7,44,41,7,28367105,262,1,102,13499,
356.525,2535.88,51.4816,7.44151,155.15,11.1975,119.101,1,2,-99,-9,5,41,41,7,28367105,262,1,102,13499,
357.541,2547.89,51.4815,7.44165,155.143,11.7783,120.673,1,2,-99,-9,5,41,41,7,28367105,262,1,102,13499,
358.535,2560.46,51.4814,7.4418,155.072,12.496,123.552,1,4,-95,-7,6,45,43,9,28368386,262,1,32,13499,
359.546,2572.92,51.4814,7.44193,154.93,12.9739,127.156,1,4,-95,-7,6,45,43,9,28368386,262,1,32,13499,
360.525,2586.61,51.4813,7.44208,154.922,13.0156,130.692,1,3,-92,-6,6,48,44,7,28367105,262,1,102,13499,
361.555,2598.86,51.4812,7.4422,154.929,12.558,132.845,1,3,-92,-6,6,48,44,7,28367105,262,1,102,13499,
362.541,2611.7,51.4811,7.44233,155.254,12.0252,133.268,1,15,-89,-5,14,51,46,7,28367105,262,1,102,13499,
363.525,2624.22,51.481,7.44246,155.707,11.6735,132.594,1,15,-89,-5,14,51,46,7,28367105,262,1,102,13499,
364.515,2635.88,51.481,7.44258,155.889,11.1478,132.564,1,21,-86,-4,14,54,48,7,28367105,262,1,102,13499,
365.57,2647.07,51.4809,7.44269,156.213,10.7455,132.218,1,21,-86,-4,14,54,48,7,28367105,262,1,102,13499,
366.558,2658.53,51.4808,7.4428,156.331,10.8573,131.79,1,19,-88,-4,11,52,47,7,28367105,262,1,102,13499,
367.557,2669.61,51.4808,7.44292,156.54,10.6642,133.281,1,19,-88,-4,11,52,47,7,28367105,262,1,102,13499,
368.537,2680.17,51.4807,7.443,156.754,10.137,145.782,1,12,-93,-6,8,47,43,7,28367105,262,1,102,13499,
369.529,2691.62,51.4806,7.44309,157.263,9.92255,148.71,1,12,-93,-6,8,47,43,7,28367105,262,1,102,13499,
370.547,2701.15,51.4805,7.44313,157.375,9.77749,168.428,1,7,-95,-7,8,45,44,7,28367105,262,1,102,13499,
371.54,2711.7,51.4804,7.44315,157.784,10.0422,170.829,1,7,-95,-7,8,45,44,7,28367105,262,1,102,13499,
372.521,2722.1,51.4803,7.44316,158.232,10.5474,171.418,1,8,-94,-7,7,46,44,7,28367105,262,1,102,13499,
373.523,2731.73,51.4802,7.44318,158.462,11.211,169.168,1,8,-94,-7,7,46,44,7,28367105,262,1,102,13499,
374.537,2743.2,51.4801,7.44325,158.696,11.6048,153.67,1,7,-98,-8,2,42,41,7,28367105,262,1,102,13499,
375.519,2755.61,51.48,7.44333,158.396,12.2609,153.067,1,7,-98,-8,2,42,41,7,28367105,262,1,102,13499,
376.517,2768.02,51.4799,7.44341,158.172,12.6893,152.645,1,3,-99,-8,2,41,40,7,28367105,262,1,102,13499,
377.516,2780.86,51.4798,7.44349,157.941,13.2418,152.306,1,3,-99,-8,2,41,40,7,28367105,262,1,102,13499,
378.535,2794.38,51.4797,7.44358,157.765,13.8572,151.566,1,3,-99,-8,2,41,40,7,28367105,262,1,102,13499,
379.537,2809.1,51.4796,7.44368,158.275,14.1492,151.152,1,4,-101,-9,2,39,40,7,28367105,262,1,102,13499,
380.526,2823.56,51.4795,7.44378,158.954,14.7376,151.429,1,4,-101,-9,2,39,40,7,28367105,262,1,102,13499,
381.531,2837.74,51.4794,7.44387,159.482,14.8084,151.488,1,-4,-102,-10,2,38,39,7,28367105,262,1,102,13499,
382.532,2852.14,51.4793,7.44397,159.828,14.81,151.643,1,-4,-102,-10,2,38,39,7,28367105,262,1,102,13499,
383.515,2866.5,51.4791,7.44407,160.144,14.8022,151.416,1,1,-103,-12,2,37,40,7,28368384,262,1,31,13499,
384.52,2881.33,51.479,7.44417,160.673,14.6444,151.385,1,1,-103,-12,2,37,40,7,28368384,262,1,31,13499,
385.551,2896.41,51.4789,7.44427,161.347,14.3654,151.471,1,4,-99,-10,2,41,42,7,28368384,262,1,31,13499,
386.533,2911.4,51.4788,7.44437,161.856,14.7195,151.518,1,4,-99,-10,2,41,42,7,28368384,262,1,31,13499,
387.539,2926.51,51.4787,7.44447,162.161,15.0866,151.501,1,7,-98,-10,2,42,41,7,28368384,262,1,31,13499,
388.522,2940.9,51.4786,7.44457,162.325,14.9994,151.576,1,7,-98,-10,2,42,41,7,28368384,262,1,31,13499,
389.525,2955.34,51.4784,7.44467,162.407,14.4684,151.607,1,2,-101,-9,2,39,37,7,28368384,262,1,31,13499,
390.53,2969.41,51.4783,7.44477,162.397,14.0317,151.593,1,2,-101,-9,2,39,37,7,28368384,262,1,31,13499,
391.514,2983.21,51.4782,7.44486,162.372,13.586,151.702,1,6,-105,-9,2,35,34,7,28368384,262,1,31,13499,
392.539,2996.86,51.4781,7.44496,162.499,13.0935,151.226,1,6,-105,-9,2,35,34,7,28368384,262,1,31,13499,
393.531,3010.57,51.478,7.44505,162.671,13.0526,151.264,1,4,-104,-9,2,36,36,7,28368384,262,1,31,13499,
394.532,3024.31,51.4779,7.44514,162.564,13.0079,151.348,1,4,-104,-9,2,36,36,7,28368384,262,1,31,13499,
395.538,3037.16,51.4778,7.44523,162.522,13.3674,151.343,1,8,-104,-8,2,36,35,7,28368384,262,1,31,13499,
396.526,3050.58,51.4777,7.44532,162.636,13.7755,151.393,1,8,-104,-8,2,36,35,7,28368384,262,1,31,13499,
397.51,3065.32,51.4776,7.44543,163.072,13.8112,151.184,1,8,-104,-8,2,36,35,7,28368384,262,1,31,13499,
398.538,3079.5,51.4775,7.44552,163.451,13.2417,151.48,1,16,-102,-8,2,38,37,7,28368384,262,1,31,13499,
399.52,3092.31,51.4774,7.44561,163.708,13.0371,151.418,1,16,-102,-8,2,38,37,7,28368384,262,1,31,13499,
400.541,3105.44,51.4773,7.4457,164.052,13.0615,151.523,1,14,-99,-7,2,41,39,7,28368384,262,1,31,13499,
401.539,3118.72,51.4771,7.44579,164.449,13.3159,151.467,1,14,-99,-7,2,41,39,7,28368384,262,1,31,13499,
402.52,3132.29,51.477,7.44588,164.694,13.5448,151.735,1,12,-98,-7,2,42,39,7,28368384,262,1,31,13499,
403.527,3145.52,51.4769,7.44598,164.707,13.3035,151.289,1,12,-98,-7,2,42,39,7,28368384,262,1,31,13499,
404.524,3159.05,51.4768,7.44607,164.506,13.0163,151.357,1,13,-95,-6,2,45,42,7,28368384,262,1,31,13499,
405.524,3172.51,51.4767,7.44616,164.414,12.9288,151.29,1,13,-95,-6,2,45,42,7,28368384,262,1,31,13499,
406.546,3184.83,51.4766,7.44625,164.133,13.4138,151.693,1,4,-95,-7,2,45,43,7,28368384,262,1,31,13499,
407.553,3196.92,51.4765,7.44633,163.846,13.3142,152.353,1,4,-95,-7,2,45,43,7,28368384,262,1,31,13499,
408.622,3209.97,51.4764,7.44642,163.388,13.0398,152.479,1,10,-94,-7,2,46,44,7,29568768,262,1,415,13499,
409.52,3222.39,51.4763,7.44651,163.372,13.0025,151.914,1,10,-94,-7,2,46,44,7,29568768,262,1,415,13499,
410.533,3235.29,51.4762,7.44659,163.587,12.6397,152.31,1,11,-88,-6,12,52,51,10,29568768,262,1,415,13499,
411.525,3248.8,51.4761,7.44668,164.034,12.8688,151.882,1,11,-88,-6,12,52,51,10,29568768,262,1,415,13499,
412.533,3262.42,51.476,7.44677,164.351,13.5734,151.22,1,13,-91,-6,12,49,48,10,29568768,262,1,415,13499,
413.526,3275.98,51.4759,7.44687,164.545,13.4678,151.18,1,13,-91,-6,12,49,48,10,29568768,262,1,415,13499,
414.545,3289.2,51.4758,7.44696,164.736,13.2649,152.132,1,13,-87,-5,13,53,50,10,29568768,262,1,415,13499,
415.544,3301.34,51.4757,7.44704,164.749,12.8825,151.945,1,13,-87,-5,13,53,50,10,29568768,262,1,415,13499,
416.527,3313.68,51.4756,7.44713,164.687,12.5915,150.95,1,3,-91,-6,6,49,45,7,28368384,262,1,31,13499,
417.525,3325.98,51.4755,7.44721,164.679,12.5154,150.456,1,3,-91,-6,6,49,45,7,28368384,262,1,31,13499,
418.537,3338.35,51.4754,7.4473,165.263,12.3232,149.835,1,7,-91,-6,12,49,46,7,28368384,262,1,31,13499,
419.52,3350.45,51.4753,7.4474,165.445,12.057,149.038,1,7,-91,-6,12,49,46,7,28368384,262,1,31,13499,
420.53,3361.93,51.4752,7.44748,165.583,11.9426,148.351,1,10,-91,-6,12,49,47,7,28368384,262,1,31,13499,
421.524,3373.81,51.4751,7.44758,165.512,11.8295,147.511,1,10,-91,-6,12,49,47,7,28368384,262,1,31,13499,
422.537,3385.07,51.4751,7.44767,165.514,11.6357,146.238,1,10,-91,-6,12,49,47,7,28368384,262,1,31,13499,
423.524,3396.5,51.475,7.44777,165.548,11.5985,144.162,1,8,-96,-7,11,44,42,7,28368384,262,1,31,13499,
424.524,3409.2,51.4749,7.44789,165.191,11.7332,141.512,1,8,-96,-7,11,44,42,7,28368384,262,1,31,13499,
425.531,3421.94,51.4748,7.44801,164.996,12.316,140.347,1,18,-98,-7,8,42,40,7,28368384,262,1,31,13499,
426.532,3434.42,51.4747,7.44813,164.705,13.1119,140.868,1,18,-98,-7,8,42,40,7,28368384,262,1,31,13499,
427.539,3448.24,51.4746,7.44826,164.049,13.3243,140.547,1,4,-97,-7,8,43,42,7,28368384,262,1,31,13499,
428.532,3460.66,51.4745,7.44837,163.624,12.8188,140.567,1,4,-97,-7,8,43,42,7,28368384,262,1,31,13499,
429.538,3473.46,51.4745,7.4485,163.217,12.911,140.338,1,6,-96,-6,8,44,42,7,28368384,262,1,31,13499,
430.53,3486.43,51.4744,7.44862,163.458,12.9462,140.427,1,6,-96,-6,8,44,42,7,28368384,262,1,31,13499,
431.537,3499.33,51.4743,7.44873,163.765,12.5397,140.868,1,9,-95,-8,14,45,44,7,28368384,262,1,31,13499,
432.541,3511.51,51.4742,7.44884,163.773,12.1055,142.588,1,9,-95,-8,14,45,44,7,28368384,262,1,31,13499,
433.53,3523.07,51.4741,7.44894,163.648,12.4823,143.724,1,9,-92,-8,2,48,46,7,28368384,262,1,31,13499,
434.533,3536.26,51.474,7.44905,163.221,12.1595,142.86,1,9,-92,-8,2,48,46,7,28368384,262,1,31,13499,
435.532,3547.62,51.4739,7.44916,163.268,11.7843,141.055,1,10,-91,-9,2,49,49,7,28368384,262,1,31,13499,
436.536,3558.93,51.4738,7.44926,163.425,11.4949,139.163,1,10,-91,-9,2,49,49,7,28368384,262,1,31,13499,
437.542,3570.32,51.4738,7.44938,163.27,11.5322,137.345,1,18,-88,-7,2,52,52,7,29568768,262,1,415,13499,
438.53,3581.97,51.4737,7.44949,163.302,11.4518,135.671,1,18,-88,-7,2,52,52,7,29568768,262,1,415,13499,
439.541,3593.12,51.4736,7.4496,163.232,11.0735,134.15,1,21,-86,-6,2,54,53,7,29568768,262,1,415,13499,
440.532,3603.6,51.4736,7.44971,163.224,10.6242,132.788,1,21,-86,-6,2,54,53,7,29568768,262,1,415,13499,
441.522,3613.76,51.4735,7.44982,163.231,9.87267,131.67,1,17,-85,-6,2,55,54,7,29568768,262,1,415,13499,
442.537,3622.68,51.4735,7.44993,163.255,8.57874,130.372,1,17,-85,-6,2,55,54,7,29568768,262,1,415,13499,
443.534,3630.24,51.4734,7.45001,163.236,7.31123,128.995,1,17,-85,-6,2,55,54,7,29568768,262,1,415,13499,
444.544,3636.55,51.4734,7.45009,163.194,5.87167,128.424,1,16,-84,-6,2,56,54,7,29568768,262,1,415,13499,
445.526,3642.21,51.4733,7.45015,163.317,4.75191,127.662,1,16,-84,-6,2,56,54,7,29568768,262,1,415,13499,
446.532,3646.51,51.4733,7.45021,163.344,3.09107,126.004,1,19,-83,-6,2,57,54,7,29568768,262,1,415,13499,
447.531,3649.52,51.4733,7.45025,163.375,2.19508,125.587,1,19,-83,-6,2,57,54,7,29568768,262,1,415,13499,
448.533,3650.36,51.4733,7.45026,163.407,1.46873,124.741,1,19,-85,-6,2,55,52,7,29568768,262,1,415,13499,
449.54,3651.18,51.4733,7.45027,163.44,0.408361,124.741,1,19,-85,-6,2,55,52,7,29568768,262,1,415,13499,
450.525,3651.18,51.4733,7.45027,163.444,0,124.741,1,22,-85,-6,2,55,53,7,29568768,262,1,415,13499,
451.546,3651.18,51.4733,7.45027,163.449,0,124.741,1,22,-85,-6,2,55,53,7,29568768,262,1,415,13499,
452.604,3651.18,51.4733,7.45027,163.455,0,124.741,1,24,-85,-6,2,55,53,7,29568768,262,1,415,13499,
453.516,3651.18,51.4733,7.45027,163.462,0,124.741,1,24,-85,-6,2,55,53,7,29568768,262,1,415,13499,
454.533,3651.18,51.4733,7.45027,163.469,0,124.741,1,24,-84,-5,10,56,55,5,29568768,262,1,415,13499,
455.511,3651.18,51.4733,7.45027,163.481,0,124.741,1,24,-84,-5,10,56,55,5,29568768,262,1,415,13499,
456.545,3651.18,51.4733,7.45027,163.494,0,124.741,1,22,-84,-5,12,56,54,5,29568768,262,1,415,13499,
457.548,3651.18,51.4733,7.45027,163.508,0,124.741,1,22,-84,-5,12,56,54,5,29568768,262,1,415,13499,
458.533,3651.18,51.4733,7.45027,163.522,0,124.741,1,24,-84,-5,13,56,55,5,29568768,262,1,415,13499,
459.542,3651.18,51.4733,7.45027,163.538,0,124.741,1,24,-84,-5,13,56,55,5,29568768,262,1,415,13499,
460.527,3651.18,51.4733,7.45027,163.554,0,124.741,1,33,-84,-5,12,56,55,5,29568768,262,1,415,13499,
461.525,3651.18,51.4733,7.45027,163.571,0,124.741,1,33,-84,-5,12,56,55,5,29568768,262,1,415,13499,
462.533,3651.18,51.4733,7.45027,163.59,0,124.741,1,36,-83,-4,12,57,54,5,29568768,262,1,415,13499,
463.526,3651.18,51.4733,7.45027,163.609,0,124.741,1,36,-83,-4,12,57,54,5,29568768,262,1,415,13499,
464.543,3651.18,51.4733,7.45027,163.629,0,124.741,1,40,-82,-5,15,58,56,5,29568768,262,1,415,13499,
465.527,3651.18,51.4733,7.45027,163.649,0,124.741,1,40,-82,-5,15,58,56,5,29568768,262,1,415,13499,
466.537,3651.18,51.4733,7.45027,163.67,0,124.741,1,40,-82,-5,15,58,56,5,29568768,262,1,415,13499,
467.541,3651.18,51.4733,7.45027,163.69,0,124.741,1,39,-83,-5,12,57,55,5,29568768,262,1,415,13499,
468.525,3651.18,51.4733,7.45027,163.711,0,124.741,1,39,-83,-5,12,57,55,5,29568768,262,1,415,13499,
469.532,3651.18,51.4733,7.45027,163.732,0,124.741,1,22,-81,-5,2,59,55,5,29568768,262,1,415,13499,
470.532,3651.18,51.4733,7.45027,163.75,0,124.741,1,22,-81,-5,2,59,55,5,29568768,262,1,415,13499,
471.55,3651.18,51.4733,7.45027,163.767,0,124.741,1,22,-83,-6,2,57,55,5,29568768,262,1,415,13499,
472.544,3651.18,51.4733,7.45027,163.783,0,124.741,1,22,-83,-6,2,57,55,5,29568768,262,1,415,13499,
473.528,3651.18,51.4733,7.45027,163.798,0,124.741,1,24,-83,-6,2,57,55,5,29568768,262,1,415,13499,
474.528,3651.18,51.4733,7.45027,163.813,0,124.741,1,24,-83,-6,2,57,55,5,29568768,262,1,415,13499,
475.525,3651.18,51.4733,7.45027,163.827,0,124.741,1,23,-82,-5,2,58,55,5,29568768,262,1,415,13499,
476.552,3651.18,51.4733,7.45027,163.839,0,124.741,1,23,-82,-5,2,58,55,5,29568768,262,1,415,13499,
477.544,3651.18,51.4733,7.45027,163.849,0,124.741,1,22,-81,-5,2,59,55,5,29568768,262,1,415,13499,
478.531,3651.18,51.4733,7.45027,163.951,0,124.732,1,22,-81,-5,2,59,55,5,29568768,262,1,415,13499,
479.534,3658.36,51.4733,7.45035,164.064,0,124.632,1,22,-81,-5,2,59,55,5,29568768,262,1,415,13499,
480.548,3663.36,51.4732,7.45041,165.004,5.82539,123.846,1,22,-81,-5,2,59,55,5,29568768,262,1,415,13499,
481.553,3669.68,51.4732,7.45049,165.62,7.04607,123.28,1,20,-81,-5,2,59,56,5,29568768,262,1,415,13499,
482.533,3677.83,51.4732,7.45059,166.048,8.56864,122.642,1,20,-81,-5,2,59,56,5,29568768,262,1,415,13499,
483.527,3687.16,51.4731,7.4507,166.366,10.1074,121.66,1,27,-82,-6,2,58,56,5,29568768,262,1,415,13499,
484.529,3698.03,51.4731,7.45084,166.546,11.4173,121.181,1,27,-82,-6,2,58,56,5,29568768,262,1,415,13499,
485.545,3709.84,51.473,7.45099,166.689,12.641,120.027,1,18,-80,-6,2,60,57,5,29568768,262,1,415,13499,
486.559,3723.09,51.473,7.45116,166.869,13.6495,118.383,1,18,-80,-6,2,60,57,5,29568768,262,1,415,13499,
487.527,3737.25,51.4729,7.45134,166.926,14.7924,117.06,1,21,-80,-6,2,60,57,5,29568768,262,1,415,13499,
488.535,3752.38,51.4729,7.45154,167.051,15.7459,115.559,1,21,-80,-6,2,60,57,5,29568768,262,1,415,13499,
489.531,3768.93,51.4728,7.45176,167.181,16.7878,113.869,1,21,-81,-6,2,59,55,5,29568768,262,1,415,13499,
490.525,3786.7,51.4728,7.452,167.386,17.669,112.367,1,21,-81,-6,2,59,55,5,29568768,262,1,415,13499,
491.522,3804.46,51.4727,7.45225,167.487,17.4951,110.567,1,21,-81,-6,2,59,55,5,29568768,262,1,415,13499,
492.522,3821.81,51.4727,7.45249,167.506,17.6445,108.885,1,21,-81,-6,2,59,55,5,29568768,262,1,415,13499,
493.524,3838.81,51.4726,7.45272,167.568,17.6096,107.693,1,21,-81,-6,2,59,55,5,29568768,262,1,415,13499,
494.545,3855.88,51.4726,7.45296,167.639,17.5019,107.141,1,24,-80,-6,2,60,57,5,29568768,262,1,415,13499,
495.557,3873.44,51.4725,7.45321,167.171,17.1226,106.146,1,24,-80,-6,2,60,57,5,29568768,262,1,415,13499,
496.536,3890.44,51.4725,7.45345,166.427,16.7209,105.487,1,24,-79,-6,2,61,58,5,29568768,262,1,415,13499,
497.549,3906.28,51.4725,7.45367,165.645,16.3994,106.118,1,24,-79,-6,2,61,58,5,29568768,262,1,415,13499,
498.544,3922.91,51.4724,7.45391,164.953,16.3191,105.743,1,19,-81,-6,2,59,56,5,29568768,262,1,415,13499,
499.609,3938.42,51.4724,7.45413,164.466,16.3494,105.23,1,19,-81,-6,2,59,56,5,29568768,262,1,415,13499,
500.526,3954.87,51.4724,7.45436,163.946,16.4188,105.784,1,25,-83,-5,14,57,55,4,29568768,262,1,415,13499,
501.538,3971.04,51.4723,7.45458,163.431,16.4909,106.254,1,25,-83,-5,14,57,55,4,29568768,262,1,415,13499,
502.536,3987.23,51.4723,7.45481,162.883,16.5148,107.233,1,22,-80,-5,15,60,57,4,29568768,262,1,415,13499,
503.546,4003.74,51.4723,7.45503,162.417,16.5548,107.827,1,22,-80,-5,15,60,57,4,29568768,262,1,415,13499,
504.571,4020.03,51.4722,7.45526,162.218,16.2896,108.453,1,21,-82,-5,11,58,53,4,29568768,262,1,415,13499,
505.535,4036.11,51.4722,7.45548,162.496,16.1704,109.484,1,21,-82,-5,11,58,53,4,29568768,262,1,415,13499,
506.524,4052.18,51.4721,7.45569,162.592,16.19,110.411,1,20,-83,-5,11,57,52,4,29568768,262,1,415,13499,
507.548,4068.65,51.4721,7.45591,162.507,16.2025,111.206,1,20,-83,-5,11,57,52,4,29568768,262,1,415,13499,
508.539,4084.46,51.472,7.45613,162.613,16.2085,112.051,1,14,-89,-6,14,51,48,4,29568768,262,1,415,13499,
509.524,4100.97,51.4719,7.45635,162.452,16.0368,112.888,1,14,-89,-6,14,51,48,4,29568768,262,1,415,13499,
510.536,4116.46,51.4719,7.45655,162.238,15.929,113.505,1,21,-85,-5,15,55,51,4,29568768,262,1,415,13499,
511.524,4132.37,51.4718,7.45676,161.762,15.6691,113.91,1,21,-85,-5,15,55,51,4,29568768,262,1,415,13499,
512.529,4147.6,51.4718,7.45696,161.265,15.5315,114.246,1,19,-86,-5,14,54,49,4,29568768,262,1,415,13499,
513.521,4162.98,51.4717,7.45716,160.85,15.2623,115.214,1,19,-86,-5,14,54,49,4,29568768,262,1,415,13499,
514.541,4178.06,51.4717,7.45736,160.664,15.1543,116.179,1,19,-89,-6,11,51,48,4,29568768,262,1,415,13499,
515.519,4193.53,51.4716,7.45756,160.369,15.0043,117.466,1,19,-89,-6,11,51,48,4,29568768,262,1,415,13499,
516.535,4208.37,51.4715,7.45775,159.939,14.7839,118.289,1,17,-91,-7,11,49,47,4,29568768,262,1,415,13499,
517.524,4223.15,51.4715,7.45793,159.496,14.613,117.808,1,17,-91,-7,11,49,47,4,29568768,262,1,415,13499,
518.526,4237.45,51.4714,7.45812,158.9,14.3883,117.29,1,17,-91,-7,11,49,47,4,29568768,262,1,415,13499,
519.539,4251.29,51.4713,7.45829,158.364,14.0185,116.429,1,13,-89,-6,2,51,48,4,29568768,262,1,415,13499,
520.546,4265.02,51.4713,7.45847,157.918,13.5532,116.04,1,13,-89,-6,2,51,48,4,29568768,262,1,415,13499,
521.534,4277.75,51.4712,7.45864,157.752,12.3772,115.064,1,13,-90,-7,2,50,48,4,29568768,262,1,415,13499,
522.523,4289.7,51.4712,7.45879,157.459,10.7054,115.67,1,13,-90,-7,2,50,48,4,29568768,262,1,415,13499,
523.52,4299.86,51.4712,7.45893,157.026,9.80108,115.525,1,11,-90,-7,2,50,48,4,29568768,262,1,415,13499,
524.533,4308.87,51.4711,7.45904,156.547,8.77565,116.192,1,11,-90,-7,2,50,48,4,29568768,262,1,415,13499,
525.531,4317.01,51.4711,7.45915,156.1,7.90162,117.011,1,9,-92,-8,2,48,48,4,29568768,262,1,415,13499,
526.515,4324.52,51.4711,7.45924,155.978,6.67046,117.944,1,9,-92,-8,2,48,48,4,29568768,262,1,415,13499,
527.54,4330.41,51.471,7.45932,155.738,4.68099,116.547,1,8,-92,-9,2,48,48,4,29568768,262,1,415,13499,
528.537,4334.42,51.471,7.45936,155.727,3.68309,129.911,1,8,-92,-9,2,48,48,4,29568768,262,1,415,13499,
529.52,4336.6,51.471,7.45939,155.714,2.23647,126.704,1,6,-93,-9,2,47,46,4,29568769,262,1,416,13499,
530.52,4337.44,51.471,7.4594,155.722,0.375469,126.704,1,6,-93,-9,2,47,46,4,29568769,262,1,416,13499,
531.572,4337.44,51.471,7.4594,155.716,0,126.704,1,4,-94,-9,2,46,46,4,29568769,262,1,416,13499,
532.551,4337.44,51.471,7.4594,155.703,0,126.704,1,4,-94,-9,2,46,46,4,29568769,262,1,416,13499,
533.521,4337.44,51.471,7.4594,155.686,0,126.704,1,5,-96,-10,10,44,44,5,29568769,262,1,416,13499,
534.532,4337.44,51.471,7.4594,155.669,0,126.704,1,5,-96,-10,10,44,44,5,29568769,262,1,416,13499,
535.543,4337.44,51.471,7.4594,155.655,0,126.704,1,3,-96,-10,7,44,45,5,29568769,262,1,416,13499,
536.525,4337.44,51.471,7.4594,155.475,0,126.704,1,3,-96,-10,7,44,45,5,29568769,262,1,416,13499,
537.542,4337.44,51.471,7.4594,155.33,0,112.292,1,2,-95,-9,6,45,46,5,29568769,262,1,416,13499,
538.532,4344.91,51.471,7.4595,154.589,0,114.63,1,2,-95,-9,6,45,46,5,29568769,262,1,416,13499,
539.533,4351.46,51.471,7.45959,154.364,7.2105,114.225,1,4,-91,-8,11,49,48,5,29568769,262,1,416,13499,
540.539,4359.9,51.4709,7.4597,154.36,8.81697,114.631,1,4,-91,-8,11,49,48,5,29568769,262,1,416,13499,
541.518,4369.07,51.4709,7.45982,154.452,8.99687,113.364,1,4,-93,-9,7,47,47,5,29568769,262,1,416,13499,
542.528,4378.64,51.4709,7.45995,154.628,9.90307,112.514,1,4,-93,-9,7,47,47,5,29568769,262,1,416,13499,
543.524,4388.92,51.4708,7.46009,155.056,11.006,111.77,1,4,-99,-11,6,41,43,5,29568769,262,1,416,13499,
544.533,4400.89,51.4708,7.46025,155.139,12.4667,110.953,1,4,-99,-11,6,41,43,5,29568769,262,1,416,13499,
545.529,4413.94,51.4707,7.46042,155.187,13.4694,110.873,1,4,-99,-11,6,41,43,5,29568769,262,1,416,13499,
546.546,4428.1,51.4707,7.46061,155.04,14.1112,111.791,1,4,-94,-8,7,46,46,5,29568769,262,1,416,13499,
547.539,4441.57,51.4706,7.46079,154.941,14.4776,112.741,1,4,-94,-8,7,46,46,5,29568769,262,1,416,13499,
548.534,4455.97,51.4706,7.46098,154.748,14.5821,113.392,1,9,-93,-8,11,47,46,5,29568769,262,1,416,13499,
549.516,4470.58,51.4705,7.46118,154.613,14.9358,114.095,1,9,-93,-8,11,47,46,5,29568769,262,1,416,13499,
550.519,4485.47,51.4705,7.46137,154.525,14.6603,113.758,1,1,-99,-12,6,41,44,5,29568769,262,1,416,13499,
551.531,4500.34,51.4704,7.46157,154.783,14.7975,114.123,1,1,-99,-12,6,41,44,5,29568769,262,1,416,13499,
552.516,4514.95,51.4704,7.46176,155.211,14.9366,113.806,1,0,-99,-10,5,41,43,5,29568769,262,1,416,13499,
553.534,4530.65,51.4703,7.46197,155.676,15.0921,113.624,1,0,-99,-10,5,41,43,5,29568769,262,1,416,13499,
554.532,4546.9,51.4703,7.46218,156.318,15.6168,114.06,1,4,-99,-9,9,41,41,13,26378498,262,1,495,13499,
555.523,4563.09,51.4702,7.46239,156.899,16.0085,114.401,1,4,-99,-9,9,41,41,13,26378498,262,1,495,13499,
556.528,4578.91,51.4701,7.4626,157.173,15.806,114.828,1,4,-98,-9,9,42,41,13,26378498,262,1,495,13499,
557.541,4594.39,51.4701,7.4628,157.394,15.4589,115.534,1,4,-98,-9,9,42,41,13,26378498,262,1,495,13499,
558.541,4609.34,51.47,7.46299,157.828,15.1707,114.538,1,2,-101,-9,8,39,40,13,26378498,262,1,495,13499,
559.52,4624.84,51.47,7.4632,157.734,15.5642,113.877,1,2,-101,-9,8,39,40,13,26378498,262,1,495,13499,
560.544,4639.97,51.4699,7.4634,157.661,16.2156,113.509,1,9,-98,-10,7,42,44,13,26378498,262,1,495,13499,
561.527,4656.58,51.4698,7.46362,157.62,16.7722,112.763,1,9,-98,-10,7,42,44,13,26378498,262,1,495,13499,
562.533,4673.45,51.4698,7.46384,157.523,16.9664,111.464,1,8,-96,-7,11,44,43,13,26378498,262,1,495,13499,
563.533,4690.28,51.4697,7.46407,157.546,17.0628,110.261,1,8,-96,-7,11,44,43,13,26378498,262,1,495,13499,
564.516,4707.21,51.4697,7.4643,157.245,17.2303,109.551,1,10,-99,-8,6,41,41,13,26378498,262,1,495,13499,
565.586,4724.85,51.4696,7.46454,157.196,17.4315,108.541,1,10,-99,-8,6,41,41,13,26378498,262,1,495,13499,
566.533,4742.04,51.4696,7.46478,157.183,17.5283,107.076,1,8,-99,-7,11,41,39,13,26378498,262,1,495,13499,
567.549,4759.3,51.4695,7.46502,156.844,17.7316,105.645,1,8,-99,-7,11,41,39,13,26378498,262,1,495,13499,
568.535,4777.53,51.4695,7.46528,156.534,17.9677,104.131,1,5,-103,-11,9,37,39,13,26378498,262,1,495,13499,
569.533,4795.44,51.4695,7.46553,156.7,18.1593,102.822,1,5,-103,-11,9,37,39,13,26378498,262,1,495,13499,
570.552,4812.78,51.4694,7.46578,156.631,18.2542,100.962,1,2,-94,-7,6,46,43,15,29401601,262,1,430,13499,
571.544,4831.36,51.4694,7.46605,157.148,18.4348,99.1353,1,2,-94,-7,6,46,43,15,29401601,262,1,430,13499,
572.522,4850.78,51.4694,7.46632,157.179,18.837,97.2906,1,11,-95,-7,12,45,42,15,29401601,262,1,430,13499,
573.532,4871.18,51.4694,7.46662,157.11,19.19,95.0764,1,11,-95,-7,12,45,42,15,29401601,262,1,430,13499,
574.525,4890.93,51.4694,7.4669,157.025,19.2965,92.6206,1,11,-95,-7,12,45,42,15,29401601,262,1,430,13499,
575.532,4910.27,51.4694,7.46718,156.888,19.2492,90.32,1,12,-91,-6,10,49,44,15,29401601,262,1,430,13499,
576.528,4929.32,51.4694,7.46746,156.781,19.2102,88.1866,1,12,-91,-6,10,49,44,15,29401601,262,1,430,13499,
577.515,4947.35,51.4695,7.46771,156.84,19.2684,86.5052,1,2,-100,-8,9,40,40,15,29401601,262,1,430,13499,
578.532,4967.09,51.4695,7.468,156.556,19.1501,84.9116,1,2,-100,-8,9,40,40,15,29401601,262,1,430,13499,
579.534,4985.55,51.4695,7.46826,156.685,19.1718,83.4216,1,5,-97,-7,7,43,40,15,29401601,262,1,430,13499,
580.523,5005.21,51.4695,7.46854,156.706,19.3242,82.7551,1,5,-97,-7,7,43,40,15,29401601,262,1,430,13499,
581.529,5024,51.4696,7.46881,157.008,19.3805,82.1626,1,8,-103,-7,7,37,36,15,29401601,262,1,430,13499,
582.526,5043.41,51.4696,7.46908,157.431,19.3952,81.2481,1,8,-103,-7,7,37,36,15,29401601,262,1,430,13499,
583.534,5063.27,51.4696,7.46936,157.65,19.4399,80.7618,1,6,-103,-8,7,37,36,15,29401601,262,1,430,13499,
584.516,5083.1,51.4697,7.46965,157.579,19.5917,79.9405,1,6,-103,-8,7,37,36,15,29401601,262,1,430,13499,
585.519,5102.85,51.4697,7.46993,157.898,19.7831,80.3571,1,5,-102,-10,2,38,39,15,29401601,262,1,430,13499,
586.519,5122.14,51.4697,7.4702,158.254,19.7653,81.0072,1,5,-102,-10,2,38,39,15,29401601,262,1,430,13499,
587.538,5141.28,51.4698,7.47048,158.634,20.0341,83.1805,1,5,-99,-8,2,41,40,15,29401601,262,1,430,13499,
588.539,5161.49,51.4698,7.47077,159.068,20.61,86.3379,1,5,-99,-8,2,41,40,15,29401601,262,1,430,13499,
589.527,5182.87,51.4698,7.47107,159.708,20.6486,86.3369,1,7,-98,-8,2,42,41,15,29401601,262,1,430,13499,
590.538,5203.27,51.4698,7.47137,160.318,20.7449,86.8991,1,7,-98,-8,2,42,41,15,29401601,262,1,430,13499,
591.526,5223.33,51.4698,7.47166,160.997,20.4333,89.3826,1,10,-98,-8,2,42,41,15,29401601,262,1,430,13499,
592.543,5243.62,51.4698,7.47195,161.802,20.7214,95.3011,1,10,-98,-8,2,42,41,15,29401601,262,1,430,13499,
593.526,5264.56,51.4698,7.47225,162.554,20.556,96.3804,1,9,-99,-8,2,41,40,15,29401601,262,1,430,13499,
594.515,5284.94,51.4698,7.47255,162.984,20.5828,96.1062,1,9,-99,-8,2,41,40,15,29401601,262,1,430,13499,
595.532,5305.3,51.4697,7.47284,163.335,20.2436,97.659,1,9,-98,-7,2,42,40,15,31263232,262,1,162,13499,
596.558,5325.68,51.4697,7.47313,163.674,19.9917,98.208,1,9,-98,-7,2,42,40,15,31263232,262,1,162,13499,
597.551,5346.11,51.4697,7.47342,163.518,20.0085,97.5817,1,2,-99,-8,2,41,40,15,31263232,262,1,162,13499,
598.526,5366.04,51.4697,7.47371,163.49,20.1255,99.1759,1,2,-99,-8,2,41,40,15,31263232,262,1,162,13499,
599.534,5385.13,51.4696,7.47398,163.667,19.6425,98.1916,1,2,-99,-8,2,41,40,15,31263232,262,1,162,13499,
600.516,5404.52,51.4696,7.47426,163.763,19.2554,98.8125,1,3,-100,-8,2,40,40,15,31263232,262,1,162,13499,
601.488,5404.52,51.4696,7.47426,163.763,19.2554,98.8125,1,3,-100,-8,2,40,40,15,31263232,262,1,162,13499,
602.659,5441.79,51.4696,7.47479,164.563,18.6865,98.3167,1,-2,-102,-10,2,38,39,15,29908736,262,1,196,13499,
603.509,5460.71,51.4696,7.47507,165.046,18.6773,97.8303,1,-2,-102,-10,2,38,39,15,29908736,262,1,196,13499,
604.521,5479.43,51.4695,7.47533,165.472,18.6201,96.5494,1,-4,-103,-10,2,37,37,15,29908736,262,1,196,13499,
605.523,5498.32,51.4695,7.47561,165.341,18.3118,95.4663,1,-4,-103,-10,2,37,37,15,29908736,262,1,196,13499,
606.528,5515.7,51.4695,7.47586,165.542,17.8635,94.2505,1,-3,-104,-12,2,36,39,15,30492930,262,1,176,13499,
607.524,5533.1,51.4695,7.47611,166.081,17.0691,93.073,1,-3,-104,-12,2,36,39,15,30492930,262,1,176,13499,
608.527,5550.08,51.4695,7.47635,166.458,16.2492,91.4899,1,3,-101,-10,8,39,41,25,28371200,262,1,68,13499,
609.537,5567.29,51.4695,7.4766,167.136,15.6586,89.3495,1,3,-101,-10,8,39,41,25,28371200,262,1,68,13499,
610.525,5583.56,51.4695,7.47684,167.422,15.3673,87.9341,1,-2,-100,-10,7,40,42,25,28371200,262,1,68,13499,
611.52,5598.47,51.4696,7.47705,167.629,14.9518,86.9515,1,-2,-100,-10,7,40,42,25,28371200,262,1,68,13499,
612.522,5612.83,51.4696,7.47726,168.214,14.5358,87.0524,1,-4,-98,-13,7,42,47,25,28371200,262,1,68,13499,
613.541,5626.59,51.4696,7.47746,168.716,13.5739,85.2427,1,-4,-98,-13,7,42,47,25,28371200,262,1,68,13499,
614.534,5640.3,51.4696,7.47765,169.245,12.9215,83.1865,1,0,-97,-10,7,43,44,25,28371200,262,1,68,13499,
615.537,5652.95,51.4696,7.47783,169.72,12.5746,81.6551,1,0,-97,-10,7,43,44,25,28371200,262,1,68,13499,
616.543,5665.87,51.4696,7.47802,170.145,12.0318,80.6826,1,-7,-96,-11,7,44,46,25,28371200,262,1,68,13499,
617.541,5678.31,51.4697,7.47819,170.376,11.393,78.9314,1,-7,-96,-11,7,44,46,25,28371200,262,1,68,13499,
618.537,5689.11,51.4697,7.47834,170.296,10.7501,77.9782,1,-3,-93,-10,6,47,49,8,26378497,262,1,496,13499,
619.544,5699.83,51.4697,7.47849,170.206,10.1339,77.24,1,-3,-93,-10,6,47,49,8,26378497,262,1,496,13499,
620.54,5708.49,51.4697,7.47861,169.806,8.82737,76.7839,1,6,-89,-7,11,51,49,8,26378497,262,1,496,13499,
621.534,5716.77,51.4697,7.47873,169.663,7.75365,76.2066,1,6,-89,-7,11,51,49,8,26378497,262,1,496,13499,
622.519,5723.76,51.4698,7.47883,169.752,6.34866,75.2866,1,16,-87,-6,8,53,50,8,26378497,262,1,496,13499,
623.527,5728.71,51.4698,7.47889,169.854,4.55315,74.3682,1,16,-87,-6,8,53,50,8,26378497,262,1,496,13499,
624.52,5733.64,51.4698,7.47896,169.861,2.70178,73.7738,1,18,-86,-6,14,54,51,8,26378497,262,1,496,13499,
625.547,5734.14,51.4698,7.47897,169.869,1.01645,73.7738,1,18,-86,-6,14,54,51,8,26378497,262,1,496,13499,
626.516,5734.14,51.4698,7.47897,169.869,0,73.7738,1,28,-88,-7,9,52,50,8,26378497,262,1,496,13499,
627.534,5734.14,51.4698,7.47897,169.867,0,73.7738,1,28,-88,-7,9,52,50,8,26378497,262,1,496,13499,
628.523,5734.14,51.4698,7.47897,169.864,0,73.7738,1,28,-88,-7,9,52,50,8,26378497,262,1,496,13499,
629.527,5734.14,51.4698,7.47897,169.862,0,73.7738,1,25,-87,-6,9,53,50,8,26378497,262,1,496,13499,
630.534,5734.14,51.4698,7.47897,169.86,0,73.7738,1,25,-87,-6,9,53,50,8,26378497,262,1,496,13499,
631.528,5734.14,51.4698,7.47897,169.858,0,73.7738,1,25,-89,-7,9,51,49,8,26378497,262,1,496,13499,
632.518,5734.14,51.4698,7.47897,169.855,0,73.7738,1,25,-89,-7,9,51,49,8,26378497,262,1,496,13499,
633.52,5734.14,51.4698,7.47897,169.852,0,73.7738,1,10,-87,-7,2,53,49,8,26378497,262,1,496,13499,
634.643,5734.14,51.4698,7.47897,169.846,0,73.7738,1,10,-87,-7,2,53,49,8,26378497,262,1,496,13499,
635.524,5734.14,51.4698,7.47897,169.84,0,73.7738,1,11,-87,-6,2,53,49,8,26378497,262,1,496,13499,
636.521,5734.14,51.4698,7.47897,169.834,0,73.7738,1,11,-87,-6,2,53,49,8,26378497,262,1,496,13499,
637.538,5734.14,51.4698,7.47897,169.828,0,73.7738,1,11,-88,-6,12,52,50,8,26378497,262,1,496,13499,
638.531,5734.14,51.4698,7.47897,169.822,0,73.7738,1,11,-88,-6,12,52,50,8,26378497,262,1,496,13499,
639.52,5734.14,51.4698,7.47897,169.816,0,73.7738,1,11,-87,-6,10,53,49,8,26378497,262,1,496,13499,
640.526,5734.14,51.4698,7.47897,169.81,0,73.7738,1,11,-87,-6,10,53,49,8,26378497,262,1,496,13499,
641.527,5734.14,51.4698,7.47897,169.804,0,73.7738,1,10,-88,-7,9,52,50,8,26378497,262,1,496,13499,
642.523,5734.14,51.4698,7.47897,169.744,0,73.7738,1,10,-88,-7,9,52,50,8,26378497,262,1,496,13499,
643.543,5734.14,51.4698,7.47897,169.718,0,73.7738,1,12,-86,-6,10,54,49,8,26378497,262,1,496,13499,
644.526,5734.14,51.4698,7.47897,169.906,0,77.3415,1,12,-86,-6,10,54,49,8,26378497,262,1,496,13499,
645.532,5745.79,51.4698,7.47912,170.373,0,76.0094,1,19,-83,-5,10,57,53,8,26378497,262,1,496,13499,
646.541,5753.66,51.4699,7.47923,170.902,8.02051,75.0896,1,19,-83,-5,10,57,53,8,26378497,262,1,496,13499,
647.539,5762.29,51.4699,7.47935,171.376,8.92406,74.2206,1,18,-83,-6,11,57,53,8,26378497,262,1,496,13499,
648.534,5771.64,51.4699,7.47948,171.883,9.50817,73.8267,1,18,-83,-6,11,57,53,8,26378497,262,1,496,13499,
649.528,5781.82,51.4699,7.47962,172.399,10.4785,72.994,1,19,-81,-6,10,59,56,8,26378497,262,1,496,13499,
650.526,5791.37,51.47,7.47975,172.685,11.0354,74.642,1,19,-81,-6,10,59,56,8,26378497,262,1,496,13499,
651.538,5802.61,51.47,7.4799,172.875,11.838,73.862,1,19,-81,-6,10,59,56,8,26378497,262,1,496,13499,
652.531,5814.71,51.47,7.48007,173.277,11.8188,73.3919,1,18,-78,-6,14,62,58,8,26378497,262,1,496,13499,
653.529,5826.24,51.4701,7.48023,173.751,11.7501,73.8606,1,18,-78,-6,14,62,58,8,26378497,262,1,496,13499,
654.523,5838.67,51.4701,7.4804,173.875,12.1906,73.0483,1,18,-77,-6,2,63,58,8,26378497,262,1,496,13499,
655.532,5850.91,51.4701,7.48057,174.186,12.3236,72.4649,1,18,-77,-6,2,63,58,8,26378497,262,1,496,13499,
656.524,5863.41,51.4702,7.48074,174.284,12.1392,72.0257,1,13,-81,-6,2,59,56,8,26378497,262,1,496,13499,
657.533,5874.78,51.4702,7.4809,174.118,11.4302,72.6321,1,13,-81,-6,2,59,56,8,26378497,262,1,496,13499,
658.532,5885.15,51.4702,7.48104,173.982,10.139,73.0368,1,13,-86,-6,2,54,51,8,26378497,262,1,496,13499,
659.534,5894.64,51.4702,7.48117,174.259,8.88205,73.8505,1,13,-86,-6,2,54,51,8,26378497,262,1,496,13499,
660.522,5903.83,51.4703,7.4813,174.589,7.87714,74.8366,1,13,-89,-6,2,51,48,8,26378497,262,1,496,13499,
661.521,5911.34,51.4703,7.48141,174.711,7.08821,75.5971,1,13,-89,-6,2,51,48,8,26378497,262,1,496,13499,
662.535,5918.44,51.4703,7.48151,174.692,5.83195,92.2266,1,14,-92,-7,2,48,46,8,26378497,262,1,496,13499,
663.544,5924.02,51.4702,7.48158,174.735,6.12373,125.632,1,14,-92,-7,2,48,46,8,26378497,262,1,496,13499,
664.537,5929.7,51.4702,7.48163,174.486,7.20487,154.017,1,14,-93,-7,2,47,45,8,26378497,262,1,496,13499,
665.568,5937.73,51.4701,7.48168,174.329,8.67663,156.103,1,14,-93,-7,2,47,45,8,26378497,262,1,496,13499,
666.542,5947.73,51.4701,7.48173,174.245,9.21809,157.425,1,13,-92,-7,2,48,45,8,26378497,262,1,496,13499,
667.514,5958.93,51.47,7.48179,173.708,10.2623,159.079,1,13,-92,-7,2,48,45,8,26378497,262,1,496,13499,
668.537,5968.7,51.4699,7.48183,173.171,9.99964,160.697,1,13,-93,-7,2,47,45,8,26378497,262,1,496,13499,
669.533,5978.07,51.4698,7.48186,172.676,9.84523,162.248,1,13,-93,-7,2,47,45,8,26378497,262,1,496,13499,
670.531,5987.43,51.4697,7.4819,172.557,9.65445,162.748,1,13,-93,-7,2,47,45,8,26378497,262,1,496,13499,
671.529,5997.47,51.4696,7.48194,172.602,10.1323,163.43,1,9,-95,-8,2,45,45,8,26378497,262,1,496,13499,
672.533,6007.86,51.4695,7.48198,172.989,10.7563,163.634,1,9,-95,-8,2,45,45,8,26378497,262,1,496,13499,
673.541,6018.41,51.4694,7.48202,173.4,10.1809,164.213,1,8,-95,-8,2,45,45,8,26378497,262,1,496,13499,
674.522,6028.04,51.4694,7.48205,173.589,8.64923,162.703,1,8,-95,-8,2,45,45,8,26378497,262,1,496,13499,
675.523,6039.13,51.4693,7.48209,173.746,8.85271,163.51,1,12,-94,-8,2,46,46,8,26378497,262,1,496,13499,
676.516,6047.14,51.4692,7.48212,174.105,7.98522,164.31,1,12,-94,-8,2,46,46,8,26378497,262,1,496,13499,
677.518,6056.41,51.4691,7.48215,174.343,7.28082,164.008,1,10,-93,-7,2,47,46,8,26378497,262,1,496,13499,
678.541,6064.59,51.469,7.48218,174.821,7.66843,165.197,1,10,-93,-7,2,47,46,8,26378497,262,1,496,13499,
679.525,6073.82,51.469,7.48221,175.285,9.50238,166.454,1,14,-93,-8,2,47,47,8,26378497,262,1,496,13499,
680.534,6084.16,51.4689,7.48223,175.891,11.1735,166.802,1,14,-93,-8,2,47,47,8,26378497,262,1,496,13499,
681.525,6095.88,51.4688,7.48226,176.419,12.3296,166.156,1,5,-93,-8,2,47,47,8,26378497,262,1,496,13499,
682.598,6108.26,51.4687,7.4823,176.811,13.0034,165.468,1,5,-93,-8,2,47,47,8,26378497,262,1,496,13499,
683.539,6120.62,51.4686,7.48234,177.032,12.8874,164.636,1,11,-97,-8,11,43,43,11,26378497,262,1,496,13499,
684.545,6132.76,51.4684,7.48239,176.821,12.9284,164.173,1,11,-97,-8,11,43,43,11,26378497,262,1,496,13499,
685.516,6145.8,51.4683,7.48244,176.597,12.9026,164.462,1,8,-98,-9,7,42,41,11,26378497,262,1,496,13499,
686.524,6158.44,51.4682,7.48249,176.279,12.7525,165.012,1,8,-98,-9,7,42,41,11,26378497,262,1,496,13499,
687.527,6170.74,51.4681,7.48254,175.659,12.4645,165.595,1,-2,-100,-8,5,40,40,11,26378497,262,1,496,13499,
688.52,6183.25,51.468,7.48258,175.015,12.7893,166.483,1,-2,-100,-8,5,40,40,11,26378497,262,1,496,13499,
689.541,6195.59,51.4679,7.48261,174.574,12.4968,166.937,1,4,-99,-7,6,41,37,20,28371200,262,1,68,13499,
690.529,6207.56,51.4678,7.48265,174.142,12.4478,167.752,1,4,-99,-7,6,41,37,20,28371200,262,1,68,13499,
691.528,6219.5,51.4677,7.48268,173.589,12.3838,168.83,1,11,-99,-7,12,41,40,20,28371200,262,1,68,13499,
692.523,6231.95,51.4676,7.48271,173.026,12.3937,169.942,1,11,-99,-7,12,41,40,20,28371200,262,1,68,13499,
693.523,6244.82,51.4675,7.48273,172.677,12.3632,171.415,1,11,-99,-7,12,41,40,20,28371200,262,1,68,13499,
694.54,6257.2,51.4674,7.48275,172.139,12.3479,173.487,1,11,-103,-10,6,37,38,20,28371200,262,1,68,13499,
695.525,6270.42,51.4672,7.48275,171.5,12.2355,175.798,1,11,-103,-10,6,37,38,20,28371200,262,1,68,13499,
696.533,6283.84,51.4671,7.48275,170.943,12.3212,177.792,1,18,-102,-7,14,38,37,20,28371200,262,1,68,13499,
697.539,6296.11,51.467,7.48274,170.459,12.2788,180.137,1,18,-102,-7,14,38,37,20,28371200,262,1,68,13499,
698.518,6308.03,51.4669,7.48272,170.004,12.4467,182.444,1,11,-100,-10,9,40,41,20,28371200,262,1,68,13499,
699.549,6321.03,51.4668,7.48269,169.934,12.0304,184.681,1,11,-100,-10,9,40,41,20,28371200,262,1,68,13499,
700.526,6332.22,51.4667,7.48265,169.75,11.8434,187.147,1,8,-102,-10,8,38,40,20,28371200,262,1,68,13499,
701.534,6344.48,51.4666,7.48261,169.564,12.0145,189.699,1,8,-102,-10,8,38,40,20,28371200,262,1,68,13499,
702.534,6357.91,51.4665,7.48256,169.49,10.8891,192.34,1,7,-99,-10,11,41,42,20,28371200,262,1,68,13499,
703.519,6370.22,51.4664,7.48251,169.416,10.7723,194.906,1,7,-99,-10,11,41,42,20,28371200,262,1,68,13499,
704.534,6381.8,51.4663,7.48246,169.277,11.0464,196.082,1,5,-98,-10,2,42,43,20,28371200,262,1,68,13499,
705.523,6394.31,51.4661,7.4824,169.314,11.2374,197.286,1,5,-98,-10,2,42,43,20,28371200,262,1,68,13499,
706.546,6405.97,51.466,7.48234,169.279,11.4239,198.201,1,2,-101,-10,2,39,40,20,28371200,262,1,68,13499,
707.544,6417.73,51.4659,7.48229,169.459,11.5014,196.684,1,2,-101,-10,2,39,40,20,28371200,262,1,68,13499,
708.521,6432.26,51.4658,7.48224,169.663,14.5806,192.742,1,7,-102,-7,2,38,37,20,30492930,262,1,176,13499,
709.533,6445.42,51.4657,7.48224,169.885,14.5806,194.568,1,7,-102,-7,2,38,37,20,30492930,262,1,176,13499,
710.534,6459.36,51.4656,7.48214,170.799,14.3378,203.374,1,-2,-108,-9,2,32,32,20,30492930,262,1,176,13499,
711.523,6473.8,51.4655,7.48201,170.871,12.5602,202.43,1,-2,-108,-9,2,32,32,20,30492930,262,1,176,13499,
712.523,6487.23,51.4654,7.48191,171.652,11.567,202.06,1,-3,-107,-11,2,33,35,20,30492930,262,1,176,13499,
713.536,6500.15,51.4653,7.48182,172.586,12.8481,201.607,1,-3,-107,-11,2,33,35,20,30492930,262,1,176,13499,
714.545,6514.92,51.4652,7.48173,173.244,13.3386,201.969,1,5,-102,-11,2,38,41,20,28371200,262,1,68,13499,
715.545,6529.35,51.465,7.48165,173.484,12.3104,201.367,1,5,-102,-11,2,38,41,20,28371200,262,1,68,13499,
716.591,6542.18,51.4649,7.48158,173.714,11.5437,200.337,1,4,-101,-12,2,39,42,20,28371200,262,1,68,13499,
717.532,6555.29,51.4648,7.48151,173.52,11.9066,199.462,1,4,-101,-12,2,39,42,20,28371200,262,1,68,13499,
718.522,6565.51,51.4647,7.48145,173.516,11.8109,198.769,1,-1,-108,-15,4,32,39,16,28371200,262,1,68,13499,
719.539,6576.08,51.4647,7.4814,173.837,11.91,198.882,1,-1,-108,-15,4,32,39,16,28371200,262,1,68,13499,
720.522,6587.01,51.4646,7.48134,173.814,12.0523,198.367,1,2,-106,-9,6,34,35,16,28371200,262,1,68,13499,
721.528,6598.77,51.4645,7.48128,173.546,11.9047,198.437,1,2,-106,-9,6,34,35,16,28371200,262,1,68,13499,
722.517,6610.93,51.4644,7.48122,172.897,11.7242,197.813,1,2,-106,-9,6,34,35,16,28371200,262,1,68,13499,
723.516,6622.55,51.4643,7.48116,172.302,11.6324,197.128,1,5,-105,-8,6,35,34,16,28371200,262,1,68,13499,
724.539,6634.74,51.4642,7.48111,171.907,11.8377,196.38,1,5,-105,-8,6,35,34,16,28371200,262,1,68,13499,
725.525,6647.39,51.464,7.48106,171.555,12.5443,196.588,1,9,-106,-10,10,34,35,16,28371200,262,1,68,13499,
726.537,6659.4,51.4639,7.48101,171.413,12.2096,195.757,1,9,-106,-10,10,34,35,16,28371200,262,1,68,13499,
727.525,6670.68,51.4638,7.48096,171.619,11.9013,195.801,1,18,-107,-11,5,33,35,16,28371200,262,1,68,13499,
728.537,6682.59,51.4637,7.48092,172.371,11.5779,196.089,1,18,-107,-11,5,33,35,16,28371200,262,1,68,13499,
729.533,6695.2,51.4636,7.48087,172.738,11.8094,196.496,1,3,-111,-12,8,29,31,16,28371200,262,1,68,13499,
730.515,6707.81,51.4635,7.48082,172.925,11.9545,196.162,1,3,-111,-12,8,29,31,16,28371200,262,1,68,13499,
731.543,6718.89,51.4634,7.48077,173.585,11.5472,196.087,1,2,-111,-9,5,29,29,17,28371206,262,1,129,13499,
732.53,6730.25,51.4633,7.48073,173.804,11.6658,196.074,1,2,-111,-9,5,29,29,17,28371206,262,1,129,13499,
733.534,6741.61,51.4632,7.48068,173.807,11.7353,196.26,1,-2,-101,-10,6,39,32,17,28371206,262,1,129,13499,
734.525,6753.98,51.4631,7.48064,173.9,11.6615,196.146,1,-2,-101,-10,6,39,32,17,28371206,262,1,129,13499,
735.541,6765.55,51.463,7.48059,174.266,11.3058,196.517,1,1,-101,-11,7,39,35,17,28371206,262,1,129,13499,
736.524,6775.59,51.4629,7.48055,174.243,10.7616,196.942,1,1,-101,-11,7,39,35,17,28371206,262,1,129,13499,
737.526,6786.82,51.4628,7.4805,174.315,10.1809,196.373,1,4,-99,-11,8,41,37,17,28371206,262,1,129,13499,
738.521,6797.25,51.4628,7.48045,174.181,9.60973,195.985,1,4,-99,-11,8,41,37,17,28371206,262,1,129,13499,
739.542,6806.53,51.4627,7.48042,174.24,8.71245,195.434,1,4,-98,-10,7,42,37,17,28371206,262,1,129,13499,
740.518,6815.54,51.4626,7.48039,174.438,7.1318,194.958,1,4,-98,-10,7,42,37,17,28371206,262,1,129,13499,
741.529,6820.95,51.4625,7.48037,174.564,5.63799,195.501,1,1,-97,-11,6,43,36,17,28371206,262,1,129,13499,
742.532,6826.03,51.4625,7.48035,174.559,4.65798,195.592,1,1,-97,-11,6,43,36,17,28371206,262,1,129,13499,
743.526,6829.08,51.4625,7.48033,174.575,3.68714,196,1,2,-96,-8,7,44,37,26,29568778,262,1,353,13499,
744.54,6832.41,51.4624,7.48032,174.627,2.50995,195.569,1,2,-96,-8,7,44,37,26,29568778,262,1,353,13499,
745.534,6834.69,51.4624,7.48031,174.716,1.78254,195.206,1,2,-96,-8,7,44,37,26,29568778,262,1,353,13499,
746.515,6835.47,51.4624,7.48031,174.843,0.600488,195.206,1,7,-95,-8,11,45,35,26,29568778,262,1,353,13499,
747.577,6835.47,51.4624,7.48031,174.86,0,195.206,1,7,-95,-8,11,45,35,26,29568778,262,1,353,13499,
748.528,6835.47,51.4624,7.48031,174.877,0,195.206,1,1,-96,-9,7,44,34,26,29568778,262,1,353,13499,
749.528,6835.47,51.4624,7.48031,174.894,0,195.206,1,1,-96,-9,7,44,34,26,29568778,262,1,353,13499,
750.535,6835.47,51.4624,7.48031,174.913,0,195.206,1,-2,-99,-11,6,41,34,26,29568778,262,1,353,13499,
751.55,6835.47,51.4624,7.48031,174.932,0,195.206,1,-2,-99,-11,6,41,34,26,29568778,262,1,353,13499,
752.541,6835.47,51.4624,7.48031,174.95,0,195.206,1,0,-100,-11,7,40,33,26,29568778,262,1,353,13499,
753.528,6835.47,51.4624,7.48031,174.968,0,195.206,1,0,-100,-11,7,40,33,26,29568778,262,1,353,13499,
754.544,6835.47,51.4624,7.48031,174.986,0,195.206,1,-1,-97,-10,7,43,35,26,29568778,262,1,353,13499,
755.536,6835.47,51.4624,7.48031,175.004,0,195.206,1,-1,-97,-10,7,43,35,26,29568778,262,1,353,13499,
756.528,6835.47,51.4624,7.48031,175.022,0,195.206,1,-2,-96,-10,8,44,34,26,29568778,262,1,353,13499,
757.526,6835.47,51.4624,7.48031,175.04,0,195.206,1,-2,-96,-10,8,44,34,26,29568778,262,1,353,13499,
758.532,6835.47,51.4624,7.48031,175.059,0,195.206,1,-5,-98,-11,5,42,34,26,29568778,262,1,353,13499,
759.527,6835.47,51.4624,7.48031,175.079,0,195.206,1,-5,-98,-11,5,42,34,26,29568778,262,1,353,13499,
760.538,6835.47,51.4624,7.48031,175.099,0,195.206,1,-3,-96,-10,8,44,34,26,29568778,262,1,353,13499,
761.533,6835.47,51.4624,7.48031,175.12,0,195.206,1,-3,-96,-10,8,44,34,26,29568778,262,1,353,13499,
762.52,6835.47,51.4624,7.48031,175.141,0,195.206,1,-4,-96,-9,8,44,34,26,29568778,262,1,353,13499,
763.534,6835.47,51.4624,7.48031,175.162,0,195.206,1,-4,-96,-9,8,44,34,26,29568778,262,1,353,13499,
764.526,6835.47,51.4624,7.48031,175.182,0,195.206,1,-3,-100,-11,6,40,35,26,29568778,262,1,353,13499,
765.534,6835.47,51.4624,7.48031,175.202,0,195.206,1,-3,-100,-11,6,40,35,26,29568778,262,1,353,13499,
766.525,6835.47,51.4624,7.48031,175.389,0,196.348,1,3,-96,-11,2,44,37,26,29568778,262,1,353,13499,
767.539,6835.47,51.4624,7.48031,175.562,0,197.117,1,3,-96,-11,2,44,37,26,29568778,262,1,353,13499,
768.528,6840.35,51.4624,7.48029,175.743,2.32463,197.389,1,3,-96,-11,2,44,37,26,29568778,262,1,353,13499,
769.526,6843.15,51.4624,7.48028,175.897,2.22857,196.756,1,1,-106,-11,2,34,34,26,28368390,262,1,211,13499,
770.533,6845.81,51.4623,7.48027,176.045,2.28326,196.052,1,1,-106,-11,2,34,34,26,28368390,262,1,211,13499,
771.534,6848.33,51.4623,7.48026,176.192,2.12817,196.22,1,0,-106,-11,2,34,34,26,28368390,262,1,211,13499,
772.522,6850.51,51.4623,7.48025,176.337,2.02475,195.512,1,0,-106,-11,2,34,34,26,28368390,262,1,211,13499,
773.535,6852.4,51.4623,7.48025,176.48,1.72067,195.935,1,-2,-105,-11,2,35,34,26,28368390,262,1,211,13499,
774.522,6853.58,51.4623,7.48024,176.615,1.24874,195.036,1,-2,-105,-11,2,35,34,26,28368390,262,1,211,13499,
775.525,6853.58,51.4623,7.48024,176.627,0,195.036,1,-3,-107,-11,2,33,33,26,28368390,262,1,211,13499,
776.533,6853.58,51.4623,7.48024,176.637,0,195.036,1,-3,-107,-11,2,33,33,26,28368390,262,1,211,13499,
777.533,6853.58,51.4623,7.48024,176.647,0,195.036,1,-1,-108,-11,2,32,32,26,28368390,262,1,211,13499,
778.538,6853.58,51.4623,7.48024,176.657,0,195.036,1,-1,-108,-11,2,32,32,26,28368390,262,1,211,13499,
779.516,6853.58,51.4623,7.48024,176.664,0,195.036,1,-4,-108,-11,2,32,32,26,28368390,262,1,211,13499,
780.527,6853.58,51.4623,7.48024,176.67,0,195.036,1,-4,-108,-11,2,32,32,26,28368390,262,1,211,13499,
781.528,6853.58,51.4623,7.48024,176.675,0,195.036,1,-3,-108,-11,2,32,31,26,28368390,262,1,211,13499,
782.538,6853.58,51.4623,7.48024,176.676,0,195.036,1,-3,-108,-11,2,32,31,26,28368390,262,1,211,13499,
783.539,6853.58,51.4623,7.48024,176.676,0,195.036,1,-3,-108,-11,2,32,31,26,28368390,262,1,211,13499,
784.525,6853.58,51.4623,7.48024,176.71,0,195.036,1,-3,-108,-11,2,32,31,26,28368390,262,1,211,13499,
785.532,6853.58,51.4623,7.48024,176.796,0,196.066,1,-5,-108,-11,2,32,32,26,28368390,262,1,211,13499,
786.535,6853.58,51.4623,7.48024,176.899,0,198.368,1,-5,-108,-11,2,32,32,26,28368390,262,1,211,13499,
787.531,6861,51.4622,7.4802,176.985,2.36462,200.019,1,-3,-109,-13,2,31,33,26,28368390,262,1,211,13499,
788.521,6862.94,51.4622,7.48019,177.072,1.27083,200.437,1,-3,-109,-13,2,31,33,26,28368390,262,1,211,13499,
789.53,6862.94,51.4622,7.48019,177.083,0,200.437,1,8,-108,-11,2,32,33,26,27771906,262,1,486,13499,
790.526,6862.94,51.4622,7.48019,177.1,0,200.437,1,8,-108,-11,2,32,33,26,27771906,262,1,486,13499,
791.534,6862.94,51.4622,7.48019,177.117,0,200.437,1,11,-106,-11,2,34,34,26,27771906,262,1,486,13499,
792.526,6862.94,51.4622,7.48019,177.135,0,200.437,1,11,-106,-11,2,34,34,26,27771906,262,1,486,13499,
793.534,6862.94,51.4622,7.48019,177.315,0,200.437,1,11,-106,-11,2,34,34,26,27771906,262,1,486,13499,
794.524,6862.94,51.4622,7.48019,177.473,0,200.437,1,10,-106,-11,2,34,34,26,27771906,262,1,486,13499,
795.527,6862.94,51.4622,7.48019,177.577,0,200.011,1,10,-106,-11,2,34,34,26,27771906,262,1,486,13499,
796.538,6862.94,51.4622,7.48019,177.645,0,200.549,1,10,-107,-10,2,33,32,26,27771906,262,1,486,13499,
797.52,6870.97,51.4621,7.48017,177.67,3.72321,196.5,1,10,-107,-10,2,33,32,26,27771906,262,1,486,13499,
798.521,6875.37,51.4621,7.48018,178.007,4.26413,162.821,1,1,-108,-11,2,32,31,26,27771906,262,1,486,13499,
799.526,6882.33,51.462,7.48025,178.547,4.86569,128.516,1,1,-108,-11,2,32,31,26,27771906,262,1,486,13499,
800.54,6887.72,51.462,7.48032,178.855,5.56824,105.261,1,3,-109,-12,2,31,32,26,27771906,262,1,486,13499,
801.526,6891.62,51.462,7.48038,178.858,6.29749,89.8969,1,3,-109,-12,2,31,32,26,27771906,262,1,486,13499,
802.53,6897.61,51.462,7.48046,178.507,7.66478,89.3657,1,8,-110,-13,2,30,31,26,27771906,262,1,486,13499,
803.524,6906.78,51.462,7.4806,178.002,8.93378,90.1131,1,8,-110,-13,2,30,31,26,27771906,262,1,486,13499,
804.488,6915.38,51.462,7.48072,177.63,8.86769,90.9437,1,10,-109,-11,2,31,31,26,27771906,262,1,486,13499,
805.523,6924.05,51.462,7.48084,177.405,7.21821,91.2709,1,10,-109,-11,2,31,31,26,27771906,262,1,486,13499,
806.549,6931.05,51.462,7.48095,177.029,5.43304,90.978,1,5,-110,-11,2,30,31,26,27771906,262,1,486,13499,
807.528,6936.15,51.462,7.48102,177.003,4.04834,92.7288,1,5,-110,-11,2,30,31,26,27771906,262,1,486,13499,
808.554,6939.35,51.462,7.48107,176.953,2.76573,93.1843,1,11,-108,-11,2,32,31,26,27771906,262,1,486,13499,
809.527,6941.77,51.462,7.4811,176.933,2.23552,95.0596,1,11,-108,-11,2,32,31,26,27771906,262,1,486,13499,
810.524,6943.68,51.462,7.48113,176.91,1.56176,92.8364,1,5,-108,-11,2,32,31,26,27771906,262,1,486,13499,
811.512,6944.92,51.462,7.48115,176.897,0.690266,92.8364,1,5,-108,-11,2,32,31,26,27771906,262,1,486,13499,
812.546,6946.2,51.462,7.48116,176.888,0.882738,92.8364,1,5,-108,-11,2,32,31,26,27771906,262,1,486,13499,
813.54,6948.83,51.462,7.48119,176.867,2.80106,76.4787,1,8,-109,-12,2,31,31,26,27771906,262,1,486,13499,
814.544,6952.35,51.4621,7.48124,176.372,4.21189,78.3089,1,8,-109,-12,2,31,31,26,27771906,262,1,486,13499,
815.534,6956.53,51.4621,7.4813,175.723,5.61096,82.1536,1,9,-110,-11,2,30,29,26,27771906,262,1,486,13499,
816.52,6963.31,51.4621,7.4814,175.15,6.86388,84.495,1,9,-110,-11,2,30,29,26,27771906,262,1,486,13499,
817.536,6970.48,51.4621,7.4815,174.606,7.38078,86.4515,1,10,-105,-8,10,35,32,30,27771906,262,1,486,13499,
818.532,6977.43,51.4621,7.4816,174.191,7.08996,88.3792,1,10,-105,-8,10,35,32,30,27771906,262,1,486,13499,
819.536,6984.06,51.4621,7.4817,173.926,6.43248,89.1594,1,8,-109,-11,10,31,30,30,27771906,262,1,486,13499,
820.526,6990.95,51.4621,7.4818,173.941,6.90832,89.8003,1,8,-109,-11,10,31,30,30,27771906,262,1,486,13499,
821.531,6998.47,51.4621,7.48191,173.401,8.2041,90.1561,1,3,-110,-11,9,30,29,30,27771906,262,1,486,13499,
822.523,7007.51,51.4621,7.48204,173.148,9.64029,90.6584,1,3,-110,-11,9,30,29,30,27771906,262,1,486,13499,
823.54,7018.14,51.462,7.48219,173.381,10.6393,91.4383,1,7,-108,-10,7,32,30,30,27771906,262,1,486,13499,
824.522,7028.32,51.462,7.48234,173.75,10.1089,91.1627,1,7,-108,-10,7,32,30,30,27771906,262,1,486,13499,
825.525,7038.02,51.462,7.48248,174.181,9.90573,90.6934,1,7,-106,-10,10,34,33,30,27771906,262,1,486,13499,
826.524,7047.55,51.462,7.48262,174.531,9.74671,91.1093,1,7,-106,-10,10,34,33,30,27771906,262,1,486,13499,
827.529,7056.81,51.462,7.48275,174.791,9.04961,91.4412,1,11,-107,-10,12,33,33,30,27771906,262,1,486,13499,
828.53,7065.77,51.462,7.48288,175.081,8.53601,90.9425,1,11,-107,-10,12,33,33,30,27771906,262,1,486,13499,
829.534,7075.19,51.462,7.48301,175.673,9.42056,90.2428,1,3,-103,-11,7,37,37,45,28368390,262,1,211,13499,
830.516,7084.22,51.462,7.48315,175.726,9.49211,90.3841,1,3,-103,-11,7,37,37,45,28368390,262,1,211,13499,
831.532,7092.38,51.462,7.48326,175.667,8.40805,89.9898,1,-1,-104,-12,5,36,38,45,28368390,262,1,211,13499,
832.52,7098.06,51.462,7.48334,175.471,4.6221,89.6369,1,-1,-104,-12,5,36,38,45,28368390,262,1,211,13499,
833.526,7104.15,51.462,7.48343,175.3,5.67676,93.4787,1,-1,-104,-12,5,36,38,45,28368390,262,1,211,13499,
834.532,7109.91,51.462,7.48352,173.091,5.67676,91.7738,1,-5,-112,-13,4,28,29,45,28368390,262,1,211,13499,
835.517,7118.22,51.462,7.48364,171.909,7.45372,93.061,1,-5,-112,-13,4,28,29,45,28368390,262,1,211,13499,
836.53,7129.26,51.462,7.48379,170.992,10.007,92.3576,1,-3,-115,-14,4,25,28,45,28368390,262,1,211,13499,
837.526,7137.23,51.462,7.48391,170.406,6.36214,94.4693,1,-3,-115,-14,4,25,28,45,28368390,262,1,211,13499,
838.672,7145.7,51.462,7.48403,170.823,5.49976,111.024,1,10,-92,-7,6,48,40,12,28371206,262,1,129,13499,
839.538,7151.39,51.462,7.4841,172.206,5.75441,130.528,1,10,-92,-7,6,48,40,12,28371206,262,1,129,13499,
840.539,7157.65,51.4619,7.48416,174.249,7.21902,151.694,1,11,-90,-6,8,50,41,12,28371206,262,1,129,13499,
841.529,7166.18,51.4619,7.48421,175.45,8.36478,164.457,1,11,-90,-6,8,50,41,12,28371206,262,1,129,13499,
842.538,7177.25,51.4618,7.48426,177.011,9.47369,163.767,1,9,-88,-6,15,52,43,12,28371206,262,1,129,13499,
843.523,7187.2,51.4617,7.48431,178.34,9.8149,164.345,1,9,-88,-6,15,52,43,12,28371206,262,1,129,13499,
844.543,7198.26,51.4616,7.48435,179.359,10.2113,165.065,1,9,-90,-7,8,50,41,12,28371206,262,1,129,13499,
845.542,7207.71,51.4615,7.48439,179.989,9.31554,166.509,1,9,-90,-7,8,50,41,12,28371206,262,1,129,13499,
846.534,7215.17,51.4614,7.4844,180.473,8.23557,167.408,1,11,-89,-7,7,51,43,12,28371206,262,1,129,13499,
847.542,7225.34,51.4613,7.48443,181.309,8.71926,168.891,1,11,-89,-7,7,51,43,12,28371206,262,1,129,13499,
848.515,7234.64,51.4613,7.48445,181.903,9.36848,170.264,1,7,-88,-7,8,52,42,12,28371206,262,1,129,13499,
849.539,7243.67,51.4612,7.48446,182.134,10.1574,170.917,1,7,-88,-7,8,52,42,12,28371206,262,1,129,13499,
850.533,7254.07,51.4611,7.48447,182.422,10.2315,172.101,1,11,-88,-7,7,52,43,12,28371206,262,1,129,13499,
851.542,7264.59,51.461,7.48449,182.838,10.672,173.915,1,11,-88,-7,7,52,43,12,28371206,262,1,129,13499,
852.52,7276.13,51.4609,7.4845,183.37,10.9952,175.068,1,13,-85,-7,9,55,48,12,28371206,262,1,129,13499,
853.538,7287,51.4608,7.48451,183.602,10.3919,176.838,1,13,-85,-7,9,55,48,12,28371206,262,1,129,13499,
854.528,7299.38,51.4607,7.48451,184.424,10.8717,178.376,1,13,-85,-7,9,55,48,12,28371206,262,1,129,13499,
855.546,7310.71,51.4606,7.48452,185.274,11.6401,178.973,1,7,-86,-8,6,54,45,12,28371206,262,1,129,13499,
856.546,7322.15,51.4605,7.48452,185.845,11.8584,179.6,1,7,-86,-8,6,54,45,12,28371206,262,1,129,13499,
857.52,7333.97,51.4604,7.48451,186.449,12.0258,181.156,1,1,-91,-8,8,49,40,12,28371206,262,1,129,13499,
858.526,7346.24,51.4603,7.4845,186.993,11.5897,183.047,1,1,-91,-8,8,49,40,12,28371206,262,1,129,13499,
859.526,7357.34,51.4602,7.48448,187.987,10.7652,184.664,1,10,-93,-7,7,47,39,12,28371206,262,1,129,13499,
860.531,7368.52,51.4601,7.48446,188.834,11.2346,185.8,1,10,-93,-7,7,47,39,12,28371206,262,1,129,13499,
861.546,7379.61,51.46,7.48443,189.708,11.0567,186.742,1,6,-93,-10,2,47,37,12,28371206,262,1,129,13499,
862.548,7390.48,51.4599,7.4844,190.677,10.8083,187.794,1,6,-93,-10,2,47,37,12,28371206,262,1,129,13499,
863.534,7401.46,51.4598,7.48437,191.71,10.4077,188.489,1,0,-106,-11,2,34,35,12,28371200,262,1,68,13499,
864.523,7412.75,51.4597,7.48434,192.859,10.6533,188.418,1,0,-106,-11,2,34,35,12,28371200,262,1,68,13499,
865.533,7423.62,51.4596,7.48431,193.784,10.5471,188.841,1,-3,-107,-11,2,33,34,12,28371200,262,1,68,13499,
866.532,7434.15,51.4595,7.48428,194.5,10.2682,189.235,1,-3,-107,-11,2,33,34,12,28371200,262,1,68,13499,
867.535,7443.93,51.4594,7.48425,194.733,9.88233,189.573,1,3,-108,-12,2,32,36,12,30492929,262,1,174,13499,
868.539,7455.02,51.4593,7.48422,195.322,10.5597,189.79,1,3,-108,-12,2,32,36,12,30492929,262,1,174,13499,
869.537,7465.94,51.4592,7.48419,196.103,10.7721,190.12,1,-4,-107,-11,2,33,36,12,30492929,262,1,174,13499,
870.522,7475.99,51.4591,7.48416,196.994,10.979,190.568,1,-4,-107,-11,2,33,36,12,30492929,262,1,174,13499,
871.534,7487.05,51.459,7.48413,197.556,11.5587,190.9,1,-3,-106,-11,2,34,37,12,28371200,262,1,68,13499,
872.54,7499.55,51.4589,7.48409,197.772,11.4993,191.293,1,-3,-106,-11,2,34,37,12,28371200,262,1,68,13499,
873.528,7509.85,51.4588,7.48406,198.041,11.5602,191.754,1,1,-102,-10,2,38,40,12,30492929,262,1,174,13499,
874.528,7521.24,51.4587,7.48402,198.642,11.4471,192.469,1,1,-102,-10,2,38,40,12,30492929,262,1,174,13499,
875.537,7532.85,51.4586,7.48399,199.307,11.6324,191.628,1,-4,-109,-14,2,31,37,66,31217669,262,1,227,13497,
876.535,7543.6,51.4585,7.48395,199.666,11.5858,192.283,1,-4,-109,-14,2,31,37,66,31217669,262,1,227,13497,
877.521,7556.63,51.4584,7.48391,200.41,12.2752,191.786,1,-6,-107,-12,2,33,37,66,31217669,262,1,227,13497,
878.532,7568.97,51.4583,7.48388,201.384,12.164,191.665,1,-6,-107,-12,2,33,37,66,31217669,262,1,227,13497,
879.526,7581.89,51.4582,7.48384,202.64,12.4661,191.147,1,-6,-107,-12,2,33,37,66,31217669,262,1,227,13497,
880.53,7594.62,51.4581,7.48381,203.755,12.636,191.439,1,9,-98,-8,2,42,42,7,28371200,262,1,68,13499,
881.543,7607.41,51.4579,7.48377,204.976,12.6209,191.823,1,9,-98,-8,2,42,42,7,28371200,262,1,68,13499,
882.546,7620.12,51.4578,7.48373,206.019,12.3026,192.506,1,6,-98,-8,2,42,42,7,28371200,262,1,68,13499,
883.523,7632.81,51.4577,7.48369,206.479,12.3517,192.18,1,6,-98,-8,2,42,42,7,28371200,262,1,68,13499,
884.523,7646.37,51.4576,7.48365,206.814,12.5681,191.959,1,12,-98,-8,2,42,42,7,28371200,262,1,68,13499,
885.516,7659.8,51.4575,7.48361,207.557,12.1866,191.418,1,12,-98,-8,2,42,42,7,28371200,262,1,68,13499,
886.511,7671.33,51.4574,7.48358,208.399,12.7792,191.423,1,8,-95,-8,2,45,44,7,28371200,262,1,68,13499,
887.534,7683.07,51.4573,7.48355,209.087,12.9378,190.814,1,8,-95,-8,2,45,44,7,28371200,262,1,68,13499,
888.516,7696.72,51.4572,7.48352,209.746,12.9981,189.981,1,4,-95,-8,2,45,44,7,28371200,262,1,68,13499,
889.538,7710.07,51.457,7.48348,210.401,12.9071,190.83,1,4,-95,-8,2,45,44,7,28371200,262,1,68,13499,
890.528,7723.43,51.4569,7.48344,210.827,12.584,191.596,1,10,-95,-8,2,45,45,7,28371200,262,1,68,13499,
891.546,7735.53,51.4568,7.48341,211.466,12.0526,190.963,1,10,-95,-8,2,45,45,7,28371200,262,1,68,13499,
892.539,7747.72,51.4567,7.48338,211.796,12.0529,190.504,1,8,-95,-9,2,45,45,7,28371200,262,1,68,13499,
893.525,7759.42,51.4566,7.48336,212.072,12.1022,190.508,1,8,-95,-9,2,45,45,7,28371200,262,1,68,13499,
894.538,7771.46,51.4565,7.48333,212.42,12.4885,189.79,1,9,-96,-9,2,44,45,7,28371200,262,1,68,13499,
895.525,7784.03,51.4564,7.4833,212.93,12.6102,188.897,1,9,-96,-9,2,44,45,7,28371200,262,1,68,13499,
896.525,7797.13,51.4563,7.48328,213.805,12.7144,188.234,1,8,-96,-10,2,44,45,7,28371200,262,1,68,13499,
897.531,7809.67,51.4562,7.48327,214.297,12.241,187.156,1,8,-96,-10,2,44,45,7,28371200,262,1,68,13499,
898.546,7821.1,51.4561,7.48325,214.715,11.1427,186.349,1,12,-92,-8,2,48,47,7,28371202,262,1,67,13499,
899.552,7832.24,51.456,7.48324,215.336,10.4251,185.346,1,12,-92,-8,2,48,47,7,28371202,262,1,67,13499,
900.534,7842.82,51.4559,7.48324,215.875,9.85358,183.958,1,15,-91,-8,2,49,49,7,28371202,262,1,67,13499,
901.53,7852.49,51.4558,7.48323,216.419,8.93532,183.03,1,15,-91,-8,2,49,49,7,28371202,262,1,67,13499,
902.516,7860.42,51.4557,7.48323,216.662,8.13031,181.737,1,10,-88,-8,2,52,50,7,28371202,262,1,67,13499,
903.535,7868.18,51.4556,7.48323,216.635,7.19166,180.559,1,10,-88,-8,2,52,50,7,28371202,262,1,67,13499,
904.516,7874.58,51.4556,7.48324,216.677,5.85733,179.991,1,13,-90,-8,2,50,47,7,28371202,262,1,67,13499,
905.52,7879.35,51.4555,7.48324,216.596,4.75019,180.043,1,13,-90,-8,2,50,47,7,28371202,262,1,67,13499,
906.643,7885.15,51.4555,7.48325,216.397,5.18245,177.478,1,13,-90,-8,2,50,47,7,28371202,262,1,67,13499,
907.545,7892.73,51.4554,7.48327,216.477,8.04398,176.21,1,12,-92,-8,2,48,46,7,28371202,262,1,67,13499,
908.539,7902.23,51.4553,7.48329,216.825,9.47736,175.274,1,12,-92,-8,2,48,46,7,28371202,262,1,67,13499,
909.538,7912.66,51.4552,7.48331,217.425,10.414,174.565,1,16,-91,-7,10,49,47,6,28371202,262,1,67,13499,
910.544,7924.26,51.4551,7.48333,218.144,11.1873,173.726,1,16,-91,-7,10,49,47,6,28371202,262,1,67,13499,
911.532,7936.24,51.455,7.48336,218.868,13.1216,171.643,1,16,-88,-6,13,52,48,6,28371202,262,1,67,13499,
912.523,7949.42,51.4549,7.4834,219.759,13.9925,169.247,1,16,-88,-6,13,52,48,6,28371202,262,1,67,13499,
913.522,7964.54,51.4548,7.48345,220.352,14.9222,167.338,1,16,-88,-5,12,52,49,6,28371202,262,1,67,13499,
914.535,7979.6,51.4546,7.48352,220.753,15.2306,165.316,1,16,-88,-5,12,52,49,6,28371202,262,1,67,13499,
915.542,7995.15,51.4545,7.48359,220.924,15.7612,162.498,1,17,-88,-6,9,52,49,6,28371202,262,1,67,13499,
916.537,8010.44,51.4544,7.48368,220.819,15.8188,159.759,1,17,-88,-6,9,52,49,6,28371202,262,1,67,13499,
917.542,8026.6,51.4543,7.48378,220.865,15.963,156.414,1,13,-95,-6,9,45,43,6,28371202,262,1,67,13499,
918.531,8043.02,51.4541,7.48389,220.896,16.1038,153.019,1,13,-95,-6,9,45,43,6,28371202,262,1,67,13499,
919.527,8059.62,51.454,7.48402,221.23,15.7556,150.307,1,10,-96,-7,8,44,43,6,28371202,262,1,67,13499,
920.547,8075.95,51.4539,7.48416,221.942,15.8814,147.261,1,10,-96,-7,8,44,43,6,28371202,262,1,67,13499,
921.542,8092.29,51.4538,7.48432,222.316,15.8995,143.238,1,13,-92,-7,8,48,47,6,28371202,262,1,67,13499,
922.527,8106.99,51.4537,7.48446,222.879,15.0642,140.385,1,13,-92,-7,8,48,47,6,28371202,262,1,67,13499,
923.523,8123.97,51.4536,7.48464,223.847,15.5949,137.41,1,13,-90,-6,11,50,48,6,28371202,262,1,67,13499,
924.52,8140.11,51.4535,7.48481,224.361,15.2491,134.885,1,13,-90,-6,11,50,48,6,28371202,262,1,67,13499,
925.547,8155.44,51.4534,7.48498,224.777,16.6681,134.515,1,13,-90,-6,11,50,48,6,28371202,262,1,67,13499,
926.535,8171.09,51.4533,7.48516,225.272,15.9639,133.438,1,22,-84,-6,2,56,53,6,28371202,262,1,67,13499,
927.528,8186.11,51.4532,7.48532,225.302,15.345,133.025,1,22,-84,-6,2,56,53,6,28371202,262,1,67,13499,
928.543,8201.46,51.4531,7.48549,225.221,15.994,132.57,1,23,-84,-5,2,56,53,6,28371202,262,1,67,13499,
929.531,8217.8,51.453,7.48567,225.234,16.1444,133.444,1,23,-84,-5,2,56,53,6,28371202,262,1,67,13499,
930.526,8232.2,51.4529,7.48583,225.229,15.8332,133.828,1,24,-83,-6,2,57,54,6,28371202,262,1,67,13499,
931.518,8247.8,51.4528,7.486,225.352,15.5434,133.831,1,24,-83,-6,2,57,54,6,28371202,262,1,67,13499,
932.524,8262.95,51.4528,7.48617,225.407,16.2761,134.974,1,21,-82,-6,2,58,55,6,28371202,262,1,67,13499,
933.539,8278.49,51.4527,7.48632,225.747,15.7403,136.686,1,21,-82,-6,2,58,55,6,28371202,262,1,67,13499,
934.52,8294.54,51.4525,7.48648,226.219,15.3484,138.453,1,25,-81,-5,2,59,55,6,28371202,262,1,67,13499,
935.516,8310.24,51.4524,7.48662,227.448,15.468,140.14,1,25,-81,-5,2,59,55,6,28371202,262,1,67,13499,
936.519,8326.58,51.4523,7.48676,228.638,15.3862,142.717,1,21,-81,-6,2,59,56,6,28371202,262,1,67,13499,
937.528,8342.79,51.4522,7.48689,230.249,15.4477,144.882,1,21,-81,-6,2,59,56,6,28371202,262,1,67,13499,
938.535,8358.98,51.4521,7.48701,231.547,15.5684,147.166,1,18,-84,-6,2,56,53,6,28371202,262,1,67,13499,
939.53,8374.8,51.4519,7.48712,232.786,15.4215,148.562,1,18,-84,-6,2,56,53,6,28371202,262,1,67,13499,
940.532,8389.97,51.4518,7.48722,233.884,15.1341,151.155,1,19,-86,-7,2,54,53,6,28371202,262,1,67,13499,
941.521,8405.61,51.4517,7.48731,234.706,15.8149,153.73,1,19,-86,-7,2,54,53,6,28371202,262,1,67,13499,
942.533,8421.37,51.4516,7.4874,235.337,15.8099,154.386,1,14,-87,-6,2,53,52,6,28371202,262,1,67,13499,
943.533,8438.47,51.4514,7.48749,235.955,15.6987,155.574,1,14,-87,-6,2,53,52,6,28371202,262,1,67,13499,
944.525,8455.69,51.4513,7.48759,236.778,15.7682,155.992,1,14,-88,-7,2,52,50,6,28371202,262,1,67,13499,
945.525,8471.62,51.4511,7.48767,237.673,15.7131,156.524,1,14,-88,-7,2,52,50,6,28371202,262,1,67,13499,
946.53,8487.44,51.451,7.48775,238.276,15.8093,157.476,1,14,-88,-7,2,52,50,6,28371202,262,1,67,13499,
947.521,8502.81,51.4509,7.48783,238.353,15.5249,158.09,1,13,-91,-7,2,49,47,6,28371202,262,1,67,13499,
948.525,8517.43,51.4508,7.48789,238.033,14.8207,158.444,1,13,-91,-7,2,49,47,6,28371202,262,1,67,13499,
949.538,8532.57,51.4506,7.48796,237.594,14.5365,158.905,1,11,-93,-7,2,47,46,6,28371202,262,1,67,13499,
