0.105,0,51.4901,7.41234,160.709,0,351.645,1,24,-96,-5,2,44,39,8,26385411,262,1,426,13499,
1.383,1.3213,51.4901,7.41232,161.235,0,351.645,1,24,-98,-5,2,42,38,8,26385411,262,1,426,13499,
2.435,2.31171,51.4901,7.41231,161.492,0,295.793,1,25,-95,-6,10,45,42,7,26385411,262,1,426,13499,
3.489,4.32854,51.4901,7.41228,161.747,0,273.088,1,25,-95,-6,10,45,42,7,26385411,262,1,426,13499,
4.533,4.84813,51.4901,7.41227,161.972,0.717025,287.077,1,20,-93,-5,12,47,42,7,26385411,262,1,426,13499,
5.564,7.08095,51.4901,7.41225,162.139,1.48833,324.365,1,20,-93,-5,12,47,42,7,26385411,262,1,426,13499,
6.552,11.3181,51.4901,7.41223,162.303,2.335,340.576,1,27,-93,-5,12,47,44,7,26385411,262,1,426,13499,
7.556,14.7147,51.4901,7.41222,162.464,2.89032,349.531,1,27,-93,-5,12,47,44,7,26385411,262,1,426,13499,
8.531,17.6692,51.4902,7.41221,162.61,3.17305,351.761,1,27,-93,-5,12,47,44,7,26385411,262,1,426,13499,
9.556,21.1262,51.4902,7.4122,162.741,3.38317,349.763,1,23,-95,-6,13,45,40,7,26385411,262,1,426,13499,
10.544,23.1519,51.4902,7.4122,162.87,3.42381,350.753,1,23,-95,-6,13,45,40,7,26385411,262,1,426,13499,
11.548,26.768,51.4902,7.4122,163.001,3.39122,7.63625,1,27,-94,-6,12,46,41,7,26385411,262,1,426,13499,
12.544,31.2767,51.4903,7.41222,164.802,3.427,36.6502,1,27,-94,-6,12,46,41,7,26385411,262,1,426,13499,
13.56,38.7854,51.4903,7.4123,166.779,3.56357,57.1294,1,23,-94,-6,14,46,41,7,26385411,262,1,426,13499,
14.536,44.1382,51.4903,7.41237,168.582,3.81994,70.6462,1,23,-94,-6,14,46,41,7,26385411,262,1,426,13499,
15.509,52.0677,51.4904,7.41248,169.658,4.17695,76.8849,1,28,-90,-6,14,50,44,7,26385411,262,1,426,13499,
16.55,60.8317,51.4904,7.41261,169.962,8.63495,79.5379,1,28,-90,-6,14,50,44,7,26385411,262,1,426,13499,
17.55,69.5571,51.4904,7.41273,169.807,8.75067,78.8694,1,28,-91,-5,2,49,44,7,26385411,262,1,426,13499,
18.561,78.5837,51.4904,7.41286,169.145,8.89209,78.5152,1,28,-91,-5,2,49,44,7,26385411,262,1,426,13499,
19.551,87.2011,51.4904,7.41299,168.135,9.37518,78.5967,1,28,-91,-5,2,49,44,7,26385411,262,1,426,13499,
20.542,96.2117,51.4904,7.41311,166.872,9.89742,78.079,1,28,-91,-5,2,49,44,7,26385411,262,1,426,13499,
21.553,106.534,51.4904,7.41326,165.399,10.5676,78.5052,1,27,-92,-5,2,48,44,7,26385411,262,1,426,13499,
22.541,117.873,51.4905,7.41342,163.803,11.5941,78.9486,1,27,-92,-5,2,48,44,7,26385411,262,1,426,13499,
23.545,129.839,51.4905,7.41358,162.245,12.1867,79.3344,1,27,-92,-5,2,48,45,7,26385411,262,1,426,13499,
24.572,142.095,51.4905,7.41376,160.624,12.1311,79.7851,1,27,-92,-5,2,48,45,7,26385411,262,1,426,13499,
25.551,154.054,51.4905,7.41393,159.551,11.8729,79.1339,1,24,-93,-6,2,47,44,7,26385411,262,1,426,13499,
26.547,165.584,51.4906,7.41409,158.514,11.742,78.5262,1,24,-93,-6,2,47,44,7,26385411,262,1,426,13499,
27.548,177.638,51.4906,7.41426,157.68,11.5498,78.0867,1,24,-93,-6,2,47,45,7,26385411,262,1,426,13499,
28.566,189.813,51.4906,7.41443,157.018,11.4956,78.2956,1,24,-93,-6,2,47,45,7,26385411,262,1,426,13499,
29.552,201.481,51.4906,7.41459,156.275,11.4182,78.7922,1,26,-94,-6,2,46,43,7,26385411,262,1,426,13499,
30.552,212.821,51.4907,7.41475,155.683,11.3577,79.2351,1,26,-94,-6,2,46,43,7,26385411,262,1,426,13499,
31.547,223.524,51.4907,7.41491,155.173,11.3057,79.7072,1,23,-93,-6,2,47,44,7,26385411,262,1,426,13499,
32.589,234.497,51.4907,7.41506,155.029,11.1691,80.4233,1,23,-93,-6,2,47,44,7,26385411,262,1,426,13499,
33.542,246.094,51.4907,7.41523,155.161,10.788,81.4852,1,22,-97,-6,13,43,40,10,26385411,262,1,426,13499,
34.558,257.343,51.4907,7.41539,155.136,10.7673,82.9059,1,22,-97,-6,13,43,40,10,26385411,262,1,426,13499,
35.55,268.05,51.4907,7.41555,155.003,10.8567,84.4535,1,23,-91,-6,14,49,41,10,26385411,262,1,426,13499,
36.562,277.508,51.4907,7.41568,154.895,10.8403,86.2249,1,23,-91,-6,14,49,41,10,26385411,262,1,426,13499,
37.532,289.04,51.4907,7.41585,154.787,10.937,87.7824,1,22,-93,-5,15,47,38,10,26385411,262,1,426,13499,
38.551,300.403,51.4907,7.41601,154.749,10.6804,89.7301,1,22,-93,-5,15,47,38,10,26385411,262,1,426,13499,
39.549,310.741,51.4907,7.41616,154.646,10.2792,91.9437,1,22,-93,-5,15,47,38,10,26385411,262,1,426,13499,
40.538,320.784,51.4907,7.41631,154.514,9.36616,94.6741,1,19,-98,-6,11,42,37,10,26385411,262,1,426,13499,
41.549,329.175,51.4907,7.41642,154.264,8.15896,96.8253,1,19,-98,-6,11,42,37,10,26385411,262,1,426,13499,
42.539,337.089,51.4907,7.41654,154.166,6.7107,98.4654,1,20,-100,-6,11,40,35,10,26385411,262,1,426,13499,
43.545,343.343,51.4906,7.41662,154.404,5.24992,99.1925,1,20,-100,-6,11,40,35,10,26385411,262,1,426,13499,
44.55,348.702,51.4906,7.4167,154.614,4.22213,100.764,1,15,-102,-6,14,38,33,10,26385411,262,1,426,13499,
45.55,353.241,51.4906,7.41676,154.631,2.58605,102.206,1,15,-102,-6,14,38,33,10,26385411,262,1,426,13499,
46.558,354.667,51.4906,7.41678,154.632,0.81007,102.206,1,14,-104,-6,10,36,32,10,26385411,262,1,426,13499,
47.544,354.667,51.4906,7.41678,154.63,0,102.206,1,14,-104,-6,10,36,32,10,26385411,262,1,426,13499,
48.541,354.667,51.4906,7.41678,154.623,0,102.206,1,11,-103,-7,10,37,32,10,26385411,262,1,426,13499,
49.553,354.667,51.4906,7.41678,154.611,0,102.206,1,11,-103,-7,10,37,32,10,26385411,262,1,426,13499,
50.551,354.667,51.4906,7.41678,154.593,0,102.206,1,13,-102,-7,14,38,32,10,26385411,262,1,426,13499,
51.552,354.667,51.4906,7.41678,154.572,0,102.206,1,13,-102,-7,14,38,32,10,26385411,262,1,426,13499,
52.551,354.667,51.4906,7.41678,154.545,0,102.206,1,10,-102,-6,10,38,31,10,26385411,262,1,426,13499,
53.571,354.667,51.4906,7.41678,154.515,0,102.206,1,10,-102,-6,10,38,31,10,26385411,262,1,426,13499,
54.55,354.667,51.4906,7.41678,154.484,0,102.206,1,11,-103,-7,10,37,31,10,26385411,262,1,426,13499,
55.563,354.667,51.4906,7.41678,154.452,0,102.206,1,11,-103,-7,10,37,31,10,26385411,262,1,426,13499,
56.547,354.667,51.4906,7.41678,154.421,0,102.206,1,10,-103,-6,2,37,32,10,26385411,262,1,426,13499,
57.568,354.667,51.4906,7.41678,154.39,0,102.206,1,10,-103,-6,2,37,32,10,26385411,262,1,426,13499,
58.561,354.667,51.4906,7.41678,154.359,0,102.206,1,10,-103,-7,2,37,32,10,26385411,262,1,426,13499,
59.544,354.667,51.4906,7.41678,154.327,0,102.206,1,10,-103,-7,2,37,32,10,26385411,262,1,426,13499,
60.549,354.667,51.4906,7.41678,154.294,0,102.206,1,8,-103,-7,2,37,32,10,26385411,262,1,426,13499,
61.536,354.667,51.4906,7.41678,154.264,0,102.206,1,8,-103,-7,2,37,32,10,26385411,262,1,426,13499,
62.558,354.667,51.4906,7.41678,154.239,0,102.206,1,10,-102,-7,2,38,32,10,26385411,262,1,426,13499,
63.538,354.667,51.4906,7.41678,154.217,0,102.206,1,10,-102,-7,2,38,32,10,26385411,262,1,426,13499,
64.567,354.667,51.4906,7.41678,154.198,0,102.206,1,10,-102,-7,2,38,32,10,26385411,262,1,426,13499,
65.537,354.667,51.4906,7.41678,154.183,0,102.206,1,9,-102,-7,2,38,32,10,26385411,262,1,426,13499,
66.546,354.667,51.4906,7.41678,154.169,0,102.206,1,9,-102,-7,2,38,32,10,26385411,262,1,426,13499,
67.539,354.667,51.4906,7.41678,154.156,0,102.206,1,13,-103,-7,2,37,31,10,26385411,262,1,426,13499,
68.545,354.667,51.4906,7.41678,154.144,0,102.206,1,13,-103,-7,2,37,31,10,26385411,262,1,426,13499,
69.567,354.667,51.4906,7.41678,154.133,0,102.206,1,11,-102,-6,2,38,32,10,26385411,262,1,426,13499,
70.544,354.667,51.4906,7.41678,154.125,0,102.206,1,11,-102,-6,2,38,32,10,26385411,262,1,426,13499,
71.553,354.667,51.4906,7.41678,154.119,0,102.206,1,10,-102,-6,2,38,32,10,26385411,262,1,426,13499,
72.559,354.667,51.4906,7.41678,154.113,0,102.206,1,10,-102,-6,2,38,32,10,26385411,262,1,426,13499,
73.553,355.449,51.4906,7.41679,154.054,0,95.341,1,10,-102,-7,2,38,32,10,26385411,262,1,426,13499,
74.568,356.753,51.4906,7.41681,153.993,0,96.5055,1,10,-102,-7,2,38,32,10,26385411,262,1,426,13499,
75.546,358.954,51.4906,7.41684,153.906,1.80597,101.449,1,12,-103,-7,2,37,32,10,26385411,262,1,426,13499,
76.539,362.568,51.4906,7.41689,153.838,2.94874,97.3004,1,12,-103,-7,2,37,32,10,26385411,262,1,426,13499,
77.549,367.035,51.4906,7.41695,153.403,3.66268,97.177,1,13,-103,-7,2,37,32,10,26385411,262,1,426,13499,
78.54,370.827,51.4906,7.417,153,4.04824,97.4482,1,13,-103,-7,2,37,32,10,26385411,262,1,426,13499,
79.525,374.735,51.4906,7.41706,152.647,4.24283,94.4631,1,13,-103,-7,2,37,32,10,26385411,262,1,426,13499,
80.551,378.933,51.4906,7.41712,152.242,4.39227,74.0255,1,13,-103,-7,2,37,32,10,26385411,262,1,426,13499,
81.572,383.701,51.4906,7.41718,152.065,4.44963,50.6283,1,14,-103,-6,2,37,30,10,26385411,262,1,426,13499,
82.552,387.383,51.4906,7.41721,152.082,4.46424,30.677,1,14,-103,-6,2,37,30,10,26385411,262,1,426,13499,
83.544,392.208,51.4907,7.41722,152.494,4.45609,4.34632,1,14,-103,-6,2,37,30,10,26385411,262,1,426,13499,
84.552,396.944,51.4907,7.41722,153.505,4.43913,351.752,1,14,-103,-6,2,37,30,10,26385411,262,1,426,13499,
85.532,401.083,51.4907,7.41721,153.595,4.41695,351.019,1,13,-103,-6,2,37,32,10,26385411,262,1,426,13499,
86.544,405.287,51.4908,7.4172,154.838,4.40193,350.334,1,13,-103,-6,2,37,32,10,26385411,262,1,426,13499,
87.547,410.229,51.4908,7.41719,155.775,4.40253,353.966,1,13,-103,-6,2,37,32,10,26385411,262,1,426,13499,
88.55,415.031,51.4909,7.4172,155.864,4.39093,15.648,1,18,-101,-6,2,39,33,10,26385411,262,1,426,13499,
89.538,420.006,51.4909,7.41724,156.951,4.38516,37.5875,1,18,-101,-6,2,39,33,10,26385411,262,1,426,13499,
90.626,424.657,51.4909,7.41729,157.325,4.37981,60.9836,1,25,-97,-5,2,43,37,10,26385411,262,1,426,13499,
91.538,430.5,51.4909,7.41738,156.275,4.38199,86.5746,1,25,-97,-5,2,43,37,10,26385411,262,1,426,13499,
92.539,436.035,51.4909,7.41746,154.491,4.44619,89.5555,1,19,-92,-5,13,48,40,13,26385411,262,1,426,13499,
93.549,442.116,51.4909,7.41754,152.657,4.637,90.8808,1,19,-92,-5,13,48,40,13,26385411,262,1,426,13499,
94.565,449.665,51.4909,7.41765,150.755,4.94085,93.1103,1,14,-99,-5,11,41,36,13,26385411,262,1,426,13499,
95.557,457.851,51.4909,7.41777,149.076,8.78321,93.5224,1,14,-99,-5,11,41,36,13,26385411,262,1,426,13499,
96.548,466.402,51.4909,7.4179,147.632,8.79802,94.3141,1,13,-105,-6,12,35,31,13,26385411,262,1,426,13499,
97.547,475.787,51.4909,7.41803,146.101,8.9373,94.7576,1,13,-105,-6,12,35,31,13,26385411,262,1,426,13499,
98.557,484.156,51.4909,7.41815,145.227,9.22426,96.2171,1,8,-108,-6,8,32,29,13,26385411,262,1,426,13499,
99.546,493.92,51.4909,7.41829,144.219,9.49257,98.389,1,8,-108,-6,8,32,29,13,26385411,262,1,426,13499,
100.562,502.171,51.4909,7.41841,143.275,9.67231,101.429,1,12,-108,-7,4,32,28,13,26385411,262,1,426,13499,
101.565,511.082,51.4909,7.41853,142.219,9.88662,105.283,1,12,-108,-7,4,32,28,13,26385411,262,1,426,13499,
102.552,521.694,51.4908,7.41866,141.536,9.87164,124.814,1,12,-111,-7,11,29,26,13,26385411,262,1,426,13499,
103.544,531.302,51.4908,7.41877,141.011,9.35445,127.751,1,12,-111,-7,11,29,26,13,26385411,262,1,426,13499,
104.532,541.498,51.4907,7.41889,140.509,8.26981,130.599,1,3,-111,-7,10,29,27,13,26385411,262,1,426,13499,
105.55,550.34,51.4907,7.41898,140.189,7.59726,131.084,1,3,-111,-7,10,29,27,13,26385411,262,1,426,13499,
106.548,557.042,51.4906,7.41905,139.994,7.35695,131.629,1,7,-113,-7,10,27,24,13,26385411,262,1,426,13499,
107.547,565.329,51.4906,7.41914,140.061,6.78515,133.421,1,7,-113,-7,10,27,24,13,26385411,262,1,426,13499,
108.543,571.866,51.4905,7.41921,140.316,6.27019,134.221,1,7,-100,-7,12,40,38,14,28365056,262,1,222,13499,
109.544,579.67,51.4905,7.41928,140.484,7.87987,135.1,1,7,-100,-7,12,40,38,14,28365056,262,1,222,13499,
110.544,588.393,51.4904,7.41937,140.397,8.69416,135.946,1,7,-100,-7,12,40,38,14,28365056,262,1,222,13499,
111.555,597.312,51.4904,7.41945,140.249,8.53072,136.423,1,8,-102,-8,10,38,37,14,28365056,262,1,222,13499,
112.545,605.774,51.4903,7.41953,140.254,8.49778,137.206,1,8,-102,-8,10,38,37,14,28365056,262,1,222,13499,
113.559,614.336,51.4902,7.41961,140.369,8.3946,137.283,1,7,-103,-7,9,37,36,14,28365056,262,1,222,13499,
114.551,623.825,51.4902,7.4197,140.402,8.45247,137.974,1,7,-103,-7,9,37,36,14,28365056,262,1,222,13499,
115.562,632.939,51.4901,7.41978,140.211,8.27424,137.356,1,7,-101,-8,10,39,38,14,28365056,262,1,222,13499,
116.556,641.043,51.4901,7.41986,139.906,8.22779,136.38,1,7,-101,-8,10,39,38,14,28365056,262,1,222,13499,
117.539,648.941,51.49,7.41993,139.665,8.12293,137.365,1,4,-99,-9,8,41,41,14,28365056,262,1,222,13499,
118.551,656.825,51.49,7.42,139.484,8.19495,138.735,1,4,-99,-9,8,41,41,14,28365056,262,1,222,13499,
119.539,664.786,51.4899,7.42007,139.378,7.95056,141.195,1,6,-98,-8,11,42,42,14,28365056,262,1,222,13499,
120.548,672.035,51.4898,7.42012,139.433,7.16119,143.604,1,6,-98,-8,11,42,42,14,28365056,262,1,222,13499,
121.535,679.815,51.4898,7.42018,139.413,7.53092,144.815,1,11,-98,-8,12,42,40,14,28365056,262,1,222,13499,
122.564,687.855,51.4897,7.42025,139.411,7.39318,145.024,1,11,-98,-8,12,42,40,14,28365056,262,1,222,13499,
123.568,695.771,51.4897,7.42031,139.579,7.51679,145.429,1,9,-101,-10,2,39,40,14,28365056,262,1,222,13499,
124.568,703.446,51.4896,7.42037,140.002,7.28332,144.935,1,9,-101,-10,2,39,40,14,28365056,262,1,222,13499,
125.544,711.142,51.4895,7.42044,140.437,6.85795,144.368,1,7,-100,-9,2,40,41,14,28365056,262,1,222,13499,
126.537,717.706,51.4895,7.42049,140.877,6.76451,140.744,1,7,-100,-9,2,40,41,14,28365056,262,1,222,13499,
127.542,724.311,51.4895,7.42057,141.253,6.24926,121.945,1,6,-101,-9,2,39,39,14,28365056,262,1,222,13499,
128.565,731.407,51.4894,7.42066,141.315,5.87014,120.444,1,6,-101,-9,2,39,39,14,28365056,262,1,222,13499,
129.553,736.804,51.4894,7.42073,141.346,5.37271,107.783,1,12,-101,-8,2,39,37,14,28365056,262,1,222,13499,
130.557,742.245,51.4894,7.4208,141.323,4.43632,107.206,1,12,-101,-8,2,39,37,14,28365056,262,1,222,13499,
131.539,746.563,51.4894,7.42086,141.297,3.82602,106.162,1,12,-101,-8,2,39,37,14,28365056,262,1,222,13499,
132.537,750.454,51.4894,7.42091,141.241,3.34311,106.688,1,11,-103,-8,2,37,35,14,28365056,262,1,222,13499,
133.566,753.631,51.4894,7.42095,141.179,2.89003,106.973,1,11,-103,-8,2,37,35,14,28365056,262,1,222,13499,
134.545,756.442,51.4893,7.42099,141.12,2.76901,107.536,1,7,-104,-8,2,36,35,14,28365056,262,1,222,13499,
135.543,759.335,51.4893,7.42102,141.11,3.59181,128.562,1,7,-104,-8,2,36,35,14,28365056,262,1,222,13499,
136.54,762.92,51.4893,7.42104,141.151,4.12522,165.539,1,7,-104,-8,2,36,35,14,28365056,262,1,222,13499,
137.545,768.572,51.4892,7.42101,141.681,5.34073,195.327,1,7,-104,-8,2,36,35,14,28365056,262,1,222,13499,
138.554,774.444,51.4892,7.42099,142.058,5.55821,194.758,1,8,-105,-8,2,35,34,14,28365056,262,1,222,13499,
139.539,781.816,51.4891,7.42095,142.288,5.38928,195.894,1,8,-105,-8,2,35,34,14,28365056,262,1,222,13499,
140.552,788.268,51.4891,7.42091,142.084,6.81967,196.517,1,8,-104,-8,2,36,35,14,28365056,262,1,222,13499,
141.545,794.88,51.489,7.42088,141.815,6.87542,195.537,1,8,-104,-8,2,36,35,14,28365056,262,1,222,13499,
142.562,802.499,51.489,7.42085,141.551,6.54367,196.9,1,8,-101,-8,2,39,38,14,28365056,262,1,222,13499,
143.552,810.274,51.4889,7.42082,141.64,6.88852,196.024,1,8,-101,-8,2,39,38,14,28365056,262,1,222,13499,
144.557,817.72,51.4888,7.42078,141.746,7.64274,196.063,1,15,-98,-8,2,42,40,14,28365056,262,1,222,13499,
145.542,824.02,51.4888,7.42076,141.653,5.41809,195.608,1,15,-98,-8,2,42,40,14,28365056,262,1,222,13499,
146.556,829.201,51.4887,7.42073,141.699,4.09974,195.149,1,11,-94,-7,2,46,44,14,28365056,262,1,222,13499,
147.562,832.653,51.4887,7.42072,141.774,3.53056,194.927,1,11,-94,-7,2,46,44,14,28365056,262,1,222,13499,
148.624,837.175,51.4887,7.4207,141.801,2.33463,192.07,1,13,-89,-6,2,51,48,14,29391105,262,1,351,13499,
149.559,840.719,51.4886,7.42071,141.879,2.64167,168.953,1,13,-89,-6,2,51,48,14,29391105,262,1,351,13499,
150.55,843.434,51.4886,7.42074,141.935,2.78817,145.418,1,10,-90,-6,11,50,47,10,29391105,262,1,351,13499,
151.551,849.206,51.4886,7.42082,142.528,4.26837,100.233,1,10,-90,-6,11,50,47,10,29391105,262,1,351,13499,
152.559,857.765,51.4886,7.42094,142.542,6.39581,96.9111,1,10,-91,-6,9,49,47,10,29391105,262,1,351,13499,
153.551,866.455,51.4886,7.42107,142.439,6.73512,96.5,1,10,-91,-6,9,49,47,10,29391105,262,1,351,13499,
154.56,873.943,51.4886,7.42118,141.988,6.5513,97.7514,1,10,-91,-6,9,49,47,10,29391105,262,1,351,13499,
155.564,881.228,51.4886,7.42128,141.791,6.56792,101.73,1,10,-92,-7,12,48,46,10,29391105,262,1,351,13499,
156.561,889.51,51.4885,7.42138,141.724,6.97259,120.998,1,10,-92,-7,12,48,46,10,29391105,262,1,351,13499,
157.55,896.569,51.4885,7.42147,141.814,7.37932,120.196,1,7,-95,-7,9,45,43,10,29391105,262,1,351,13499,
158.554,904.577,51.4885,7.42157,142.1,8.74974,122.782,1,7,-95,-7,9,45,43,10,29391105,262,1,351,13499,
159.551,914.628,51.4884,7.42168,142.344,8.84226,125.64,1,8,-94,-6,9,46,43,10,29391105,262,1,351,13499,
160.557,923.459,51.4884,7.42178,142.592,8.32841,126.086,1,8,-94,-6,9,46,43,10,29391105,262,1,351,13499,
161.577,932.732,51.4883,7.42189,143.159,8.52054,126.436,1,7,-96,-7,12,44,42,10,29391105,262,1,351,13499,
162.559,941.565,51.4883,7.422,143.686,9.01537,126.072,1,7,-96,-7,12,44,42,10,29391105,262,1,351,13499,
163.553,952.658,51.4882,7.42213,144.059,10.3303,123.338,1,4,-95,-6,8,45,41,10,29391105,262,1,351,13499,
164.543,963.819,51.4882,7.42228,143.899,11.3042,108.52,1,4,-95,-6,8,45,41,10,29391105,262,1,351,13499,
165.561,974.414,51.4881,7.42242,143.431,10.9856,107.023,1,13,-97,-7,7,43,41,10,29391105,262,1,351,13499,
166.551,985.011,51.4881,7.42257,143.24,10.6221,105.862,1,13,-97,-7,7,43,41,10,29391105,262,1,351,13499,
167.562,995.837,51.4881,7.42272,143.211,10.5489,105.456,1,4,-100,-7,2,40,34,10,29391105,262,1,351,13499,
168.55,1006.61,51.4881,7.42287,143.373,10.7154,104.934,1,4,-100,-7,2,40,34,10,29391105,262,1,351,13499,
169.542,1017.54,51.488,7.42302,143.26,10.6495,104.634,1,5,-99,-7,2,41,39,10,28365056,262,1,222,13499,
170.56,1027.45,51.488,7.42316,143.284,10.3244,105.089,1,5,-99,-7,2,41,39,10,28365056,262,1,222,13499,
171.56,1036.48,51.488,7.42328,143.164,9.99417,105.457,1,9,-99,-7,2,41,40,10,28365056,262,1,222,13499,
172.54,1046.68,51.488,7.42342,143.121,9.50145,106.141,1,9,-99,-7,2,41,40,10,28365056,262,1,222,13499,
173.545,1056.47,51.4879,7.42356,142.725,9.42151,108.248,1,8,-97,-7,2,43,41,10,28365056,262,1,222,13499,
174.565,1066.19,51.4879,7.42369,142.903,9.15735,111.486,1,8,-97,-7,2,43,41,10,28365056,262,1,222,13499,
175.548,1074.44,51.4879,7.4238,143.025,8.81887,115.085,1,7,-95,-7,2,45,44,10,28365056,262,1,222,13499,
176.547,1083.5,51.4878,7.42389,143.242,8.48744,131.087,1,7,-95,-7,2,45,44,10,28365056,262,1,222,13499,
177.558,1094.22,51.4877,7.42401,143.625,9.27091,132.487,1,7,-95,-7,2,45,44,10,28365056,262,1,222,13499,
178.563,1105.49,51.4877,7.42412,143.881,10.8844,135.496,1,9,-95,-8,2,45,45,10,28365056,262,1,222,13499,
179.539,1116.33,51.4876,7.42421,144.258,12.1812,139.007,1,9,-95,-8,2,45,45,10,28365056,262,1,222,13499,
180.537,1128.53,51.4875,7.42432,144.238,11.4026,141.44,1,5,-95,-8,2,45,45,10,28365056,262,1,222,13499,
181.552,1141.05,51.4874,7.42441,144.76,11.5834,143.337,1,5,-95,-8,2,45,45,10,28365056,262,1,222,13499,
182.55,1152.9,51.4873,7.42451,145.517,11.2182,143.602,1,10,-95,-8,2,45,45,10,28365056,262,1,222,13499,
183.545,1165.15,51.4872,7.42461,145.889,11.6508,142.308,1,10,-95,-8,2,45,45,10,28365056,262,1,222,13499,
184.549,1177.61,51.4871,7.42472,146.07,12.0682,139.595,1,2,-95,-9,2,45,45,10,28365056,262,1,222,13499,
185.554,1190.72,51.487,7.42485,145.872,12.3537,137.72,1,2,-95,-9,2,45,45,10,28365056,262,1,222,13499,
186.543,1203.4,51.487,7.42498,144.993,11.0294,134.023,1,1,-97,-10,2,43,45,10,28365056,262,1,222,13499,
187.552,1215.66,51.4869,7.42511,144.222,10.7503,131.523,1,1,-97,-10,2,43,45,10,28365056,262,1,222,13499,
188.556,1227.3,51.4868,7.42524,143.893,11.012,130.195,1,14,-95,-11,2,45,47,10,28367106,262,1,103,13499,
189.563,1240.22,51.4868,7.42538,143.401,11.1012,129.352,1,14,-95,-11,2,45,47,10,28367106,262,1,103,13499,
190.551,1252.37,51.4867,7.42552,142.659,12.0781,129.699,1,13,-92,-10,2,48,50,10,28367106,262,1,103,13499,
191.552,1265.61,51.4866,7.42567,141.889,12.6241,131.132,1,13,-92,-10,2,48,50,10,28367106,262,1,103,13499,
192.557,1278.38,51.4865,7.4258,141.175,12.6169,132.657,1,7,-90,-9,2,50,51,10,28367106,262,1,103,13499,
193.613,1291.49,51.4864,7.42594,140.545,13.312,135.443,1,7,-90,-9,2,50,51,10,28367106,262,1,103,13499,
194.553,1305.32,51.4864,7.42607,140.098,13.1879,137.261,1,22,-84,-6,10,56,54,9,28367106,262,1,103,13499,
195.555,1318.48,51.4863,7.4262,139.814,13.2728,138.049,1,22,-84,-6,10,56,54,9,28367106,262,1,103,13499,
196.546,1332.3,51.4862,7.42633,139.378,13.3194,137.123,1,22,-78,-6,10,62,60,9,28367106,262,1,103,13499,
197.55,1346.33,51.4861,7.42647,138.879,13.1483,133.883,1,22,-78,-6,10,62,60,9,28367106,262,1,103,13499,
198.543,1358.96,51.486,7.4266,138.24,13.235,131.291,1,26,-82,-6,12,58,55,9,28367106,262,1,103,13499,
199.559,1371.8,51.4859,7.42675,137.596,13.1547,128.475,1,26,-82,-6,12,58,55,9,28367106,262,1,103,13499,
200.531,1385.27,51.4859,7.4269,137.037,13.3187,126.839,1,26,-82,-6,12,58,55,9,28367106,262,1,103,13499,
201.564,1398.31,51.4858,7.42706,136.445,12.8885,124.978,1,22,-88,-6,14,52,50,9,28367106,262,1,103,13499,
202.578,1409.82,51.4857,7.4272,135.801,12.694,125.427,1,22,-88,-6,14,52,50,9,28367106,262,1,103,13499,
203.558,1422.9,51.4857,7.42735,134.679,12.4607,128.01,1,15,-92,-6,10,48,46,9,28367106,262,1,103,13499,
204.547,1435.97,51.4856,7.42747,133.627,11.9847,144.892,1,15,-92,-6,10,48,46,9,28367106,262,1,103,13499,
205.542,1447.48,51.4855,7.42756,132.967,11.6488,145.458,1,13,-95,-7,11,45,44,9,28367106,262,1,103,13499,
206.554,1457.95,51.4854,7.42765,132.566,10.2515,144.251,1,13,-95,-7,11,45,44,9,28367106,262,1,103,13499,
207.552,1467.91,51.4853,7.42774,132.282,9.05001,144.755,1,16,-92,-6,11,48,46,9,28367106,262,1,103,13499,
208.56,1476.17,51.4853,7.42778,131.984,7.52543,163.02,1,16,-92,-6,11,48,46,9,28367106,262,1,103,13499,
209.534,1486.3,51.4852,7.42782,131.477,9.27178,165.899,1,19,-89,-6,12,51,46,9,28367106,262,1,103,13499,
210.544,1494.5,51.4851,7.42784,131.415,10.1949,166.55,1,19,-89,-6,12,51,46,9,28367106,262,1,103,13499,
211.555,1503.05,51.485,7.42787,131.225,10.0542,165.706,1,16,-93,-6,14,47,45,9,28367106,262,1,103,13499,
212.571,1512.14,51.485,7.4279,130.996,9.42182,163.24,1,16,-93,-6,14,47,45,9,28367106,262,1,103,13499,
213.549,1523.86,51.4849,7.42794,131.358,10.954,162.303,1,15,-90,-5,2,50,46,9,28367106,262,1,103,13499,
214.552,1537.38,51.4847,7.42799,131.652,11.8048,161.702,1,15,-90,-5,2,50,46,9,28367106,262,1,103,13499,
215.544,1547.45,51.4846,7.42803,132.619,10.0508,161.051,1,22,-89,-6,2,51,49,9,28367106,262,1,103,13499,
216.553,1556.71,51.4846,7.42807,133.67,10.1818,161.609,1,22,-89,-6,2,51,49,9,28367106,262,1,103,13499,
217.528,1566.99,51.4845,7.42812,134.748,9.25697,162.272,1,19,-88,-6,2,52,49,9,28367106,262,1,103,13499,
218.545,1576.32,51.4844,7.42816,135.345,7.85068,161.278,1,19,-88,-6,2,52,49,9,28367106,262,1,103,13499,
219.55,1586.05,51.4843,7.42821,135.619,8.50486,160.468,1,19,-88,-6,2,52,49,9,28367106,262,1,103,13499,
220.566,1596.77,51.4842,7.42825,136.3,9.43425,160.695,1,19,-88,-6,2,52,49,9,28367106,262,1,103,13499,
221.567,1607.2,51.4841,7.4283,136.237,8.65091,159.887,1,18,-87,-6,2,53,50,9,28367106,262,1,103,13499,
222.544,1617.73,51.484,7.42835,136.639,10.4124,159.541,1,18,-87,-6,2,53,50,9,28367106,262,1,103,13499,
223.549,1628.46,51.484,7.4284,136.608,11.0676,158.382,1,18,-87,-6,2,53,50,9,28367106,262,1,103,13499,
224.543,1640.81,51.4839,7.42846,136.934,11.4821,160.018,1,13,-86,-5,2,54,51,9,28367106,262,1,103,13499,
225.545,1652.43,51.4838,7.42852,137.369,10.7009,161.049,1,13,-86,-5,2,54,51,9,28367106,262,1,103,13499,
226.543,1662.71,51.4837,7.42856,137.695,8.74168,161.492,1,15,-86,-6,2,54,52,9,28367106,262,1,103,13499,
227.554,1674.03,51.4836,7.42861,137.715,9.55044,161.72,1,15,-86,-6,2,54,52,9,28367106,262,1,103,13499,
228.544,1684.67,51.4835,7.42865,137.964,7.39082,161.094,1,12,-88,-6,2,52,49,9,28367106,262,1,103,13499,
229.533,1691.96,51.4834,7.42867,138.417,7.50177,160.616,1,12,-88,-6,2,52,49,9,28367106,262,1,103,13499,
230.533,1701.46,51.4833,7.42871,139.006,7.82459,161.122,1,9,-89,-6,2,51,48,9,28367106,262,1,103,13499,
231.541,1711.6,51.4832,7.42875,139.325,7.76595,160.783,1,9,-89,-6,2,51,48,9,28367106,262,1,103,13499,
232.622,1720.99,51.4832,7.42878,139.73,5.29647,162.073,1,16,-91,-6,2,49,46,9,28367106,262,1,103,13499,
233.551,1730.02,51.4831,7.42881,140.047,5.57059,164.045,1,16,-91,-6,2,49,46,9,28367106,262,1,103,13499,
234.58,1737.35,51.483,7.42884,139.678,5.23576,164.67,1,9,-90,-8,11,50,49,7,28367106,262,1,103,13499,
235.545,1743.96,51.483,7.42885,138.991,4.54277,166.988,1,9,-90,-8,11,50,49,7,28367106,262,1,103,13499,
236.543,1750.45,51.4829,7.42886,138.961,3.3777,168.648,1,7,-92,-8,7,48,48,7,28367106,262,1,103,13499,
237.563,1753.14,51.4829,7.42887,139.006,1.85612,169.42,1,7,-92,-8,7,48,48,7,28367106,262,1,103,13499,
238.561,1753.14,51.4829,7.42887,139.006,0,169.42,1,10,-91,-7,12,49,47,7,28367106,262,1,103,13499,
239.56,1753.14,51.4829,7.42887,139.004,0,169.42,1,10,-91,-7,12,49,47,7,28367106,262,1,103,13499,
240.55,1753.14,51.4829,7.42887,138.997,0,169.42,1,18,-91,-7,8,49,48,7,28367106,262,1,103,13499,
241.566,1753.14,51.4829,7.42887,138.987,0,169.42,1,18,-91,-7,8,49,48,7,28367106,262,1,103,13499,
242.567,1753.14,51.4829,7.42887,138.977,0,169.42,1,28,-91,-7,10,49,49,7,28367106,262,1,103,13499,
243.555,1753.14,51.4829,7.42887,138.969,0,169.42,1,28,-91,-7,10,49,49,7,28367106,262,1,103,13499,
244.549,1753.14,51.4829,7.42887,138.97,0,169.42,1,19,-91,-7,10,49,49,7,28367106,262,1,103,13499,
245.544,1753.14,51.4829,7.42887,138.981,0,169.42,1,19,-91,-7,10,49,49,7,28367106,262,1,103,13499,
246.566,1753.14,51.4829,7.42887,138.998,0,169.42,1,21,-91,-7,9,49,49,7,28367106,262,1,103,13499,
247.576,1753.14,51.4829,7.42887,139.021,0,169.42,1,21,-91,-7,9,49,49,7,28367106,262,1,103,13499,
248.566,1753.14,51.4829,7.42887,139.049,0,169.42,1,10,-91,-7,6,49,49,7,28367106,262,1,103,13499,
249.538,1753.14,51.4829,7.42887,139.081,0,169.42,1,10,-91,-7,6,49,49,7,28367106,262,1,103,13499,
250.55,1753.14,51.4829,7.42887,139.109,0,169.42,1,10,-91,-7,6,49,49,7,28367106,262,1,103,13499,
251.552,1753.14,51.4829,7.42887,139.134,0,169.42,1,6,-89,-7,2,51,49,7,28367106,262,1,103,13499,
252.563,1753.14,51.4829,7.42887,139.156,0,169.42,1,6,-89,-7,2,51,49,7,28367106,262,1,103,13499,
253.558,1753.14,51.4829,7.42887,139.176,0,169.42,1,7,-89,-7,2,51,49,7,28367106,262,1,103,13499,
254.55,1753.14,51.4829,7.42887,139.194,0,169.42,1,7,-89,-7,2,51,49,7,28367106,262,1,103,13499,
255.542,1753.14,51.4829,7.42887,139.213,0,169.42,1,7,-91,-8,2,49,49,7,28367106,262,1,103,13499,
256.545,1753.14,51.4829,7.42887,139.233,0,169.42,1,7,-91,-8,2,49,49,7,28367106,262,1,103,13499,
257.541,1753.14,51.4829,7.42887,139.254,0,169.42,1,7,-91,-7,2,49,49,7,28367106,262,1,103,13499,
258.547,1753.14,51.4829,7.42887,139.275,0,169.42,1,7,-91,-7,2,49,49,7,28367106,262,1,103,13499,
259.541,1753.14,51.4829,7.42887,139.294,0,169.42,1,6,-91,-7,2,49,49,7,28367106,262,1,103,13499,
260.54,1753.14,51.4829,7.42887,139.301,0,169.42,1,6,-91,-7,2,49,49,7,28367106,262,1,103,13499,
261.55,1753.14,51.4829,7.42887,139.3,0,169.42,1,7,-91,-7,2,49,49,7,28367106,262,1,103,13499,
262.55,1753.14,51.4829,7.42887,139.291,0,169.42,1,7,-91,-7,2,49,49,7,28367106,262,1,103,13499,
263.537,1753.14,51.4829,7.42887,139.279,0,169.42,1,8,-91,-7,2,49,49,7,28367106,262,1,103,13499,
264.549,1753.14,51.4829,7.42887,139.265,0,169.42,1,8,-91,-7,2,49,49,7,28367106,262,1,103,13499,
265.563,1753.14,51.4829,7.42887,139.25,0,169.42,1,8,-91,-7,2,49,49,7,28367106,262,1,103,13499,
266.555,1753.14,51.4829,7.42887,139.232,0,169.42,1,8,-91,-7,2,49,49,7,28367106,262,1,103,13499,
267.542,1753.14,51.4829,7.42887,139.223,0,169.42,1,8,-91,-8,2,49,49,7,28367106,262,1,103,13499,
268.559,1753.14,51.4829,7.42887,139.215,0,169.42,1,8,-91,-8,2,49,49,7,28367106,262,1,103,13499,
269.559,1753.14,51.4829,7.42887,139.206,0,169.42,1,10,-91,-8,2,49,49,7,28367106,262,1,103,13499,
270.563,1753.14,51.4829,7.42887,139.196,0,169.42,1,10,-91,-8,2,49,49,7,28367106,262,1,103,13499,
271.529,1753.14,51.4829,7.42887,139.185,0,169.42,1,7,-91,-7,2,49,49,7,28367106,262,1,103,13499,
272.55,1753.14,51.4829,7.42887,139.173,0,169.42,1,7,-91,-7,2,49,49,7,28367106,262,1,103,13499,
273.56,1753.14,51.4829,7.42887,139.161,0,169.42,1,7,-91,-7,2,49,49,7,28367106,262,1,103,13499,
274.55,1753.14,51.4829,7.42887,139.148,0,169.42,1,8,-91,-7,2,49,49,7,28367106,262,1,103,13499,
275.57,1753.14,51.4829,7.42887,139.132,0,169.42,1,8,-91,-7,2,49,49,7,28367106,262,1,103,13499,
276.551,1753.14,51.4829,7.42887,139.115,0,169.42,1,11,-91,-8,2,49,49,7,28367106,262,1,103,13499,
277.544,1753.14,51.4829,7.42887,139.095,0,169.42,1,11,-91,-8,2,49,49,7,28367106,262,1,103,13499,
278.549,1753.14,51.4829,7.42887,139.075,0,169.42,1,15,-91,-7,2,49,49,7,28367106,262,1,103,13499,
279.57,1753.14,51.4829,7.42887,139.054,0,169.42,1,15,-91,-7,2,49,49,7,28367106,262,1,103,13499,
280.547,1753.14,51.4829,7.42887,139.037,0,169.42,1,13,-91,-7,2,49,49,7,28367106,262,1,103,13499,
281.552,1753.14,51.4829,7.42887,139.022,0,169.42,1,13,-91,-7,2,49,49,7,28367106,262,1,103,13499,
282.636,1753.14,51.4829,7.42887,139.007,0,169.42,1,13,-91,-6,9,49,48,6,28367106,262,1,103,13499,
283.556,1753.14,51.4829,7.42887,138.992,0,169.42,1,13,-91,-6,9,49,48,6,28367106,262,1,103,13499,
284.583,1753.14,51.4829,7.42887,138.975,0,169.42,1,12,-90,-6,13,50,48,6,28367106,262,1,103,13499,
285.553,1753.14,51.4829,7.42887,138.958,0,169.42,1,12,-90,-6,13,50,48,6,28367106,262,1,103,13499,
286.542,1753.14,51.4829,7.42887,138.94,0,169.42,1,11,-91,-6,8,49,48,6,28367106,262,1,103,13499,
287.568,1753.14,51.4829,7.42887,138.921,0,169.42,1,11,-91,-6,8,49,48,6,28367106,262,1,103,13499,
288.564,1753.14,51.4829,7.42887,138.902,0,169.42,1,10,-91,-6,11,49,48,6,28367106,262,1,103,13499,
289.553,1753.14,51.4829,7.42887,138.884,0,169.42,1,10,-91,-6,11,49,48,6,28367106,262,1,103,13499,
290.55,1753.14,51.4829,7.42887,138.867,0,169.42,1,9,-91,-7,9,49,49,6,28367106,262,1,103,13499,
291.538,1753.14,51.4829,7.42887,138.849,0,169.42,1,9,-91,-7,9,49,49,6,28367106,262,1,103,13499,
292.54,1753.14,51.4829,7.42887,138.83,0,169.42,1,7,-91,-7,9,49,49,6,28367106,262,1,103,13499,
293.555,1753.14,51.4829,7.42887,138.811,0,169.42,1,7,-91,-7,9,49,49,6,28367106,262,1,103,13499,
294.542,1753.14,51.4829,7.42887,138.791,0,169.42,1,11,-91,-6,8,49,48,6,28367106,262,1,103,13499,
295.545,1753.14,51.4829,7.42887,138.772,0,169.42,1,11,-91,-6,8,49,48,6,28367106,262,1,103,13499,
296.552,1753.14,51.4829,7.42887,138.752,0,169.42,1,7,-91,-7,8,49,49,6,28367106,262,1,103,13499,
297.545,1753.14,51.4829,7.42887,138.731,0,169.42,1,7,-91,-7,8,49,49,6,28367106,262,1,103,13499,
298.557,1753.14,51.4829,7.42887,138.711,0,169.42,1,7,-91,-7,7,49,48,6,28367106,262,1,103,13499,
299.532,1753.14,51.4829,7.42887,138.69,0,169.42,1,7,-91,-7,7,49,48,6,28367106,262,1,103,13499,
300.567,1753.14,51.4829,7.42887,138.558,0,169.42,1,7,-91,-7,7,49,48,6,28367106,262,1,103,13499,
301.542,1753.14,51.4829,7.42887,138.471,0,169.42,1,7,-91,-7,2,49,48,6,28367106,262,1,103,13499,
302.55,1753.14,51.4829,7.42887,138.375,0,169.42,1,7,-91,-7,2,49,48,6,28367106,262,1,103,13499,
303.564,1753.14,51.4829,7.42887,138.327,0,162.143,1,4,-91,-7,2,49,48,6,28367106,262,1,103,13499,
304.576,1753.14,51.4829,7.42887,138.233,0,163.129,1,4,-91,-7,2,49,48,6,28367106,262,1,103,13499,
305.549,1765.99,51.4828,7.42888,138.223,3.38224,164.983,1,7,-91,-8,2,49,49,6,28367106,262,1,103,13499,
306.547,1770.58,51.4827,7.42887,138.257,2.9285,186.786,1,7,-91,-8,2,49,49,6,28367106,262,1,103,13499,
307.563,1777.02,51.4827,7.42887,138.291,4.14438,183.217,1,4,-90,-8,2,50,50,6,28367106,262,1,103,13499,
308.55,1782.82,51.4826,7.42889,137.698,4.99192,151.101,1,4,-90,-8,2,50,50,6,28367106,262,1,103,13499,
309.547,1790.53,51.4826,7.42898,137.282,7.0334,121.596,1,-4,-89,-7,2,51,50,6,28367106,262,1,103,13499,
310.541,1797.13,51.4826,7.42908,136.873,7.3449,96.9072,1,-4,-89,-7,2,51,50,6,28367106,262,1,103,13499,
311.551,1806.33,51.4825,7.42921,136.578,9.59142,96.0355,1,-3,-92,-8,2,48,48,6,28367106,262,1,103,13499,
312.563,1816.46,51.4825,7.42935,136.595,10.7201,96.5229,1,-3,-92,-8,2,48,48,6,28367106,262,1,103,13499,
313.565,1828.88,51.4825,7.42953,137.146,12.1917,96.1333,1,2,-100,-11,2,40,43,6,29563904,262,1,350,13499,
314.576,1840.95,51.4825,7.4297,137.886,12.0932,96.4422,1,2,-100,-11,2,40,43,6,29563904,262,1,350,13499,
315.546,1853.4,51.4825,7.42988,138.735,11.6093,96.6956,1,-2,-100,-10,2,40,41,6,29563904,262,1,350,13499,
316.557,1865.1,51.4825,7.43005,139.705,11.0934,96.9084,1,-2,-100,-10,2,40,41,6,29563904,262,1,350,13499,
317.541,1875.93,51.4825,7.4302,140.652,10.7762,96.089,1,-6,-99,-9,2,41,40,6,29563904,262,1,350,13499,
318.57,1886.19,51.4824,7.43035,141.552,10.1326,95.6406,1,-6,-99,-9,2,41,40,6,29563904,262,1,350,13499,
319.564,1895.77,51.4824,7.43049,142.146,9.51898,96.0246,1,0,-101,-12,2,39,42,6,29563904,262,1,350,13499,
320.546,1905.09,51.4824,7.43062,142.986,8.83839,96.7989,1,0,-101,-12,2,39,42,6,29563904,262,1,350,13499,
321.564,1914.48,51.4824,7.43075,143.937,8.02733,97.1786,1,7,-101,-12,2,39,43,6,28367106,262,1,103,13499,
322.577,1921.29,51.4824,7.43085,144.533,6.02835,97.5175,1,7,-101,-12,2,39,43,6,28367106,262,1,103,13499,
323.569,1925.31,51.4824,7.43091,144.583,4.05804,96.7251,1,11,-97,-9,2,43,44,6,28367106,262,1,103,13499,
324.563,1929.76,51.4824,7.43097,144.621,2.84569,97.0556,1,11,-97,-9,2,43,44,6,28367106,262,1,103,13499,
325.546,1931.97,51.4824,7.431,144.693,2.12779,97.5183,1,11,-97,-9,2,43,44,6,28367106,262,1,103,13499,
326.558,1931.97,51.4824,7.431,144.697,0,97.5183,1,11,-92,-7,2,48,47,6,28367106,262,1,103,13499,
327.553,1931.97,51.4824,7.431,144.702,0,97.5183,1,11,-92,-7,2,48,47,6,28367106,262,1,103,13499,
328.549,1931.97,51.4824,7.431,144.707,0,97.5183,1,8,-93,-8,2,47,47,6,28367106,262,1,103,13499,
329.55,1931.97,51.4824,7.431,144.711,0,97.5183,1,8,-93,-8,2,47,47,6,28367106,262,1,103,13499,
330.537,1931.97,51.4824,7.431,144.713,0,97.5183,1,5,-92,-7,2,48,46,6,28367106,262,1,103,13499,
331.551,1931.97,51.4824,7.431,144.716,0,97.5183,1,5,-92,-7,2,48,46,6,28367106,262,1,103,13499,
332.566,1931.97,51.4824,7.431,144.719,0,97.5183,1,10,-95,-9,2,45,45,6,28367106,262,1,103,13499,
333.548,1931.97,51.4824,7.431,144.725,0,97.5183,1,10,-95,-9,2,45,45,6,28367106,262,1,103,13499,
334.551,1931.97,51.4824,7.431,144.803,0,97.5183,1,14,-95,-8,2,45,45,6,28367106,262,1,103,13499,
335.532,1931.97,51.4824,7.431,144.881,0,89.4102,1,14,-95,-8,2,45,45,6,28367106,262,1,103,13499,
336.546,1931.97,51.4824,7.431,144.991,0,92.7149,1,10,-95,-7,2,45,44,6,28367106,262,1,103,13499,
337.545,1943.42,51.4824,7.43116,146.019,5.10634,94.6014,1,10,-95,-7,2,45,44,6,28367106,262,1,103,13499,
338.637,1948.84,51.4823,7.43124,146.941,5.3771,95.4684,1,11,-94,-7,2,46,44,6,28367106,262,1,103,13499,
339.536,1953.92,51.4823,7.43131,147.834,6.073,96.2411,1,11,-94,-7,2,46,44,6,28367106,262,1,103,13499,
340.551,1960.44,51.4823,7.43141,148.28,7.48351,96.641,1,7,-91,-7,14,49,46,5,28367106,262,1,103,13499,
341.549,1968.39,51.4823,7.43152,148.605,8.72838,97.9204,1,7,-91,-7,14,49,46,5,28367106,262,1,103,13499,
342.554,1977.54,51.4823,7.43165,148.961,9.36223,97.3757,1,1,-99,-13,6,41,46,5,28367106,262,1,103,13499,
343.538,1986.66,51.4823,7.43178,149.278,9.04275,97.6176,1,1,-99,-13,6,41,46,5,28367106,262,1,103,13499,
344.544,1995.75,51.4823,7.43191,149.636,8.724,97.2087,1,19,-96,-9,11,44,45,5,28367106,262,1,103,13499,
345.552,2004.34,51.4823,7.43204,149.95,8.14375,96.8574,1,19,-96,-9,11,44,45,5,28367106,262,1,103,13499,
346.544,2012.08,51.4823,7.43215,150.127,7.62924,96.1521,1,19,-96,-9,11,44,45,5,28367106,262,1,103,13499,
347.558,2019.43,51.4823,7.43225,150.18,7.30121,96.3082,1,2,-95,-12,4,45,48,5,28367106,262,1,103,13499,
348.537,2025.98,51.4823,7.43235,150.285,7.20793,95.9566,1,2,-95,-12,4,45,48,5,28367106,262,1,103,13499,
349.553,2033.48,51.4822,7.43245,150.218,8.02954,96.7943,1,0,-88,-11,7,52,55,5,28367106,262,1,103,13499,
350.534,2041.88,51.4822,7.43257,150.17,8.83961,96.3656,1,0,-88,-11,7,52,55,5,28367106,262,1,103,13499,
351.562,2051,51.4822,7.4327,150.071,9.37363,96.5824,1,1,-81,-8,6,59,58,11,28368386,262,1,32,13499,
352.535,2061.4,51.4822,7.43285,149.637,9.81071,97.4117,1,1,-81,-8,6,59,58,11,28368386,262,1,32,13499,
353.541,2070.43,51.4822,7.43298,149.064,9.63853,97.0762,1,8,-86,-6,11,54,52,11,28368386,262,1,32,13499,
354.541,2080,51.4822,7.43312,148.867,9.19592,97.2212,1,8,-86,-6,11,54,52,11,28368386,262,1,32,13499,
355.55,2088.45,51.4822,7.43324,148.792,8.45495,97.2637,1,5,-86,-8,12,54,54,11,28368386,262,1,32,13499,
356.55,2096.36,51.4822,7.43336,148.766,7.4173,97.9303,1,5,-86,-8,12,54,54,11,28368386,262,1,32,13499,
357.55,2103.92,51.4822,7.43346,148.965,6.48066,97.0299,1,4,-89,-8,6,51,50,4,28367106,262,1,103,13499,
358.548,2110.27,51.4822,7.43356,149.369,5.58451,96.3977,1,4,-89,-8,6,51,50,4,28367106,262,1,103,13499,
359.537,2116.13,51.4822,7.43364,149.876,5.65487,96.2034,1,4,-95,-9,11,45,45,4,28367106,262,1,103,13499,
360.562,2122.13,51.4822,7.43373,150.438,5.83318,95.8525,1,4,-95,-9,11,45,45,4,28367106,262,1,103,13499,
361.56,2128.17,51.4822,7.43381,151.05,6.24945,95.5132,1,3,-96,-11,5,44,46,4,28367106,262,1,103,13499,
362.548,2134.72,51.4821,7.43391,151.486,6.83759,95.0671,1,3,-96,-11,5,44,46,4,28367106,262,1,103,13499,
363.532,2142.06,51.4821,7.43401,151.78,7.64067,96.065,1,0,-94,-11,7,46,48,4,28367106,262,1,103,13499,
364.551,2149.85,51.4821,7.43412,151.965,7.87421,95.8498,1,0,-94,-11,7,46,48,4,28367106,262,1,103,13499,
365.549,2158.01,51.4821,7.43424,152.12,8.32687,95.7569,1,1,-97,-11,7,43,45,4,28367106,262,1,103,13499,
366.554,2166.74,51.4821,7.43437,152.244,9.17831,96.2984,1,1,-97,-11,7,43,45,4,28367106,262,1,103,13499,
367.549,2175.82,51.4821,7.4345,152.343,8.64183,95.5256,1,3,-95,-11,8,45,47,4,28367106,262,1,103,13499,
368.549,2183.7,51.4821,7.43461,152.098,8.42672,94.8122,1,3,-95,-11,8,45,47,4,28367106,262,1,103,13499,
369.541,2192.16,51.4821,7.43473,151.691,9.06478,96.2047,1,4,-93,-10,7,47,48,4,28367106,262,1,103,13499,
370.543,2202.4,51.4821,7.43488,151.364,9.33921,96.9996,1,4,-93,-10,7,47,48,4,28367106,262,1,103,13499,
371.563,2211.3,51.4821,7.43501,150.87,9.2944,97.8241,1,4,-93,-10,7,47,48,4,28367106,262,1,103,13499,
372.545,2220.22,51.4821,7.43513,150.486,8.64835,97.7861,1,6,-89,-8,2,51,50,4,28367106,262,1,103,13499,
373.541,2229.73,51.482,7.43527,150.117,8.52712,98.3211,1,6,-89,-8,2,51,50,4,28367106,262,1,103,13499,
374.553,2238.52,51.482,7.4354,149.551,8.31887,97.594,1,-5,-97,-12,2,43,46,4,28367106,262,1,103,13499,
375.542,2246.84,51.482,7.43552,149.174,8.17651,96.5335,1,-5,-97,-12,2,43,46,4,28367106,262,1,103,13499,
376.547,2255.84,51.482,7.43565,148.925,8.38442,97.0043,1,7,-94,-9,2,46,46,4,28368386,262,1,32,13499,
377.566,2264.35,51.482,7.43577,148.85,8.68715,96.1119,1,7,-94,-9,2,46,46,4,28368386,262,1,32,13499,
378.553,2273.09,51.482,7.43589,148.782,9.85396,96.4909,1,4,-94,-9,2,46,46,4,28368386,262,1,32,13499,
379.539,2282.94,51.482,7.43604,148.749,9.81771,96.9365,1,4,-94,-9,2,46,46,4,28368386,262,1,32,13499,
380.553,2292.35,51.482,7.43617,148.505,9.42072,96.1206,1,6,-91,-12,2,49,51,4,28367106,262,1,103,13499,
381.571,2301.71,51.482,7.43631,148.167,9.44773,95.7172,1,6,-91,-12,2,49,51,4,28367106,262,1,103,13499,
382.56,2311.07,51.482,7.43644,147.767,9.87719,96.4745,1,8,-91,-12,2,49,51,4,28367106,262,1,103,13499,
383.552,2320.65,51.482,7.43658,147.142,10.3242,96.1701,1,8,-91,-12,2,49,51,4,28367106,262,1,103,13499,
384.545,2331.34,51.482,7.43673,147.158,10.1903,96.1715,1,5,-92,-10,2,48,49,4,28368386,262,1,32,13499,
385.548,2340.88,51.482,7.43687,147.14,9.9384,96.15,1,5,-92,-10,2,48,49,4,28368386,262,1,32,13499,
386.542,2351.13,51.482,7.43702,147.557,9.38018,95.9441,1,5,-91,-9,2,49,50,4,28368386,262,1,32,13499,
387.544,2360.07,51.4819,7.43714,148.002,8.13725,95.5046,1,5,-91,-9,2,49,50,4,28368386,262,1,32,13499,
388.546,2367.96,51.4819,7.43726,148.879,6.82166,96.1386,1,5,-92,-9,2,48,49,4,28367105,262,1,102,13499,
389.542,2374.52,51.4819,7.43735,149.649,5.89051,95.3591,1,5,-92,-9,2,48,49,4,28367105,262,1,102,13499,
390.537,2380.39,51.4819,7.43743,150.284,4.64426,97.5234,1,10,-92,-8,2,48,48,4,28367105,262,1,102,13499,
391.634,2385.3,51.4819,7.4375,150.335,3.78197,98.1806,1,10,-92,-8,2,48,48,4,28367105,262,1,102,13499,
392.568,2389.97,51.4819,7.43757,150.39,3.65735,96.4237,1,10,-92,-8,2,48,48,4,28367105,262,1,102,13499,
393.542,2394.89,51.4819,7.43764,151.085,4.86965,98.0483,1,10,-88,-8,8,52,52,4,28367105,262,1,102,13499,
394.546,2399.83,51.4819,7.43771,151.29,5.50559,96.7885,1,10,-88,-8,8,52,52,4,28367105,262,1,102,13499,
395.543,2405.15,51.4819,7.43778,151.287,5.50815,97.3632,1,26,-87,-6,14,53,51,4,28367105,262,1,102,13499,
396.553,2410.18,51.4819,7.43786,151.456,5.16297,97.0072,1,26,-87,-6,14,53,51,4,28367105,262,1,102,13499,
397.55,2414.87,51.4818,7.43792,151.574,4.79051,97.8398,1,21,-84,-6,11,56,54,4,28367105,262,1,102,13499,
398.545,2420.88,51.4818,7.43801,151.148,4.47572,94.4028,1,21,-84,-6,11,56,54,4,28367105,262,1,102,13499,
399.551,2426.85,51.4818,7.4381,150.569,5.07687,95.1524,1,12,-84,-6,11,56,52,4,28367105,262,1,102,13499,
400.543,2433.33,51.4818,7.43819,150.947,5.01221,96.2333,1,12,-84,-6,11,56,52,4,28367105,262,1,102,13499,
401.544,2438.28,51.4818,7.43826,151.893,4.89366,95.9672,1,13,-87,-7,8,53,51,4,28367105,262,1,102,13499,
402.505,2443.09,51.4818,7.43833,152.577,4.96855,96.9036,1,13,-87,-7,8,53,51,4,28367105,262,1,102,13499,
403.55,2449.47,51.4818,7.43842,153.106,5.63318,95.6042,1,11,-89,-8,8,51,49,4,28367105,262,1,102,13499,
404.566,2455.11,51.4818,7.4385,153.488,5.84136,94.698,1,11,-89,-8,8,51,49,4,28367105,262,1,102,13499,
405.538,2459.8,51.4818,7.43857,153.669,6.48317,95.2248,1,2,-91,-9,10,49,49,4,28367105,262,1,102,13499,
406.542,2466.05,51.4818,7.43866,153.65,7.00641,94.9334,1,2,-91,-9,10,49,49,4,28367105,262,1,102,13499,
407.548,2473.19,51.4818,7.43876,153.44,7.48138,95.9099,1,-1,-95,-10,4,45,46,4,28367105,262,1,102,13499,
408.594,2480.61,51.4818,7.43887,153.266,7.16579,96.102,1,-1,-95,-10,4,45,46,4,28367105,262,1,102,13499,
409.549,2488.46,51.4818,7.43898,152.771,6.49862,95.9224,1,16,-88,-8,2,52,51,4,28368386,262,1,32,13499,
410.579,2494.73,51.4818,7.43907,152.724,5.72403,95.982,1,16,-88,-8,2,52,51,4,28368386,262,1,32,13499,
411.56,2501.52,51.4818,7.43917,152.419,6.17989,95.5837,1,16,-88,-8,2,52,51,4,28368386,262,1,32,13499,
412.577,2508.54,51.4818,7.43927,152.176,6.69389,94.3009,1,15,-84,-9,2,56,55,4,28368386,262,1,32,13499,
413.57,2515.13,51.4818,7.43937,152.061,6.24338,93.6463,1,15,-84,-9,2,56,55,4,28368386,262,1,32,13499,
414.57,2521.56,51.4818,7.43946,152.052,6.66971,93.1882,1,7,-87,-9,2,53,52,4,28368386,262,1,32,13499,
415.578,2527.84,51.4818,7.43955,152.316,7.21249,93.1112,1,7,-87,-9,2,53,52,4,28368386,262,1,32,13499,
416.558,2534.8,51.4818,7.43965,152.485,7.23699,93.9839,1,10,-89,-10,2,51,51,4,28368386,262,1,32,13499,
417.555,2542.03,51.4818,7.43975,152.554,7.78359,94.6447,1,10,-89,-10,2,51,51,4,28368386,262,1,32,13499,
418.551,2549.97,51.4818,7.43987,152.608,8.56572,95.1111,1,8,-93,-10,2,47,46,4,28368386,262,1,32,13499,
419.533,2558.49,51.4818,7.43999,152.673,8.76359,95.8134,1,8,-93,-10,2,47,46,4,28368386,262,1,32,13499,
420.554,2567.36,51.4817,7.44012,152.712,9.10439,96.5034,1,8,-95,-10,2,45,45,4,28368386,262,1,32,13499,
421.549,2576.43,51.4817,7.44025,152.737,8.98288,97.0426,1,8,-95,-10,2,45,45,4,28368386,262,1,32,13499,
422.534,2585.16,51.4817,7.44037,152.878,8.43554,97.3555,1,5,-96,-9,2,44,43,4,28368386,262,1,32,13499,
423.555,2593.65,51.4817,7.44049,153.202,7.78678,98.2836,1,5,-96,-9,2,44,43,4,28368386,262,1,32,13499,
424.557,2601.03,51.4817,7.4406,153.741,6.47092,97.4637,1,4,-96,-9,2,44,44,4,28367105,262,1,102,13499,
425.544,2607.12,51.4817,7.44069,154.397,5.31804,97.1067,1,4,-96,-9,2,44,44,4,28367105,262,1,102,13499,
426.55,2611.82,51.4817,7.44075,154.468,3.52074,98.1436,1,2,-96,-10,2,44,44,4,28367105,262,1,102,13499,
427.55,2614.54,51.4817,7.44079,154.534,2.33089,96.1242,1,2,-96,-10,2,44,44,4,28367105,262,1,102,13499,
428.541,2616.44,51.4817,7.44082,154.614,1.20684,96.0125,1,0,-97,-10,2,43,44,4,28367105,262,1,102,13499,
429.553,2616.44,51.4817,7.44082,154.623,0,96.0125,1,0,-97,-10,2,43,44,4,28367105,262,1,102,13499,
430.563,2616.44,51.4817,7.44082,154.635,0,96.0125,1,5,-96,-9,2,44,44,4,28367105,262,1,102,13499,
431.555,2616.44,51.4817,7.44082,154.647,0,96.0125,1,5,-96,-9,2,44,44,4,28367105,262,1,102,13499,
432.601,2616.44,51.4817,7.44082,154.754,0,96.0125,1,6,-95,-8,2,45,44,4,28367105,262,1,102,13499,
433.543,2616.44,51.4817,7.44082,154.876,0,94.9244,1,6,-95,-8,2,45,44,4,28367105,262,1,102,13499,
434.552,2622.81,51.4817,7.44091,156.168,0,96.2298,1,2,-94,-7,11,46,43,6,28367105,262,1,102,13499,
435.541,2628.47,51.4817,7.44099,157.055,6.18027,96.6578,1,2,-94,-7,11,46,43,6,28367105,262,1,102,13499,
436.545,2635.27,51.4817,7.44109,157.723,7.18209,97.0961,1,0,-96,-8,11,44,42,6,28367105,262,1,102,13499,
437.541,2643.09,51.4816,7.4412,158.384,8.08422,99.4038,1,0,-96,-8,11,44,42,6,28367105,262,1,102,13499,
438.549,2650.57,51.4816,7.4413,158.285,8.80241,112.567,1,0,-96,-8,11,44,42,6,28367105,262,1,102,13499,
439.568,2659.15,51.4816,7.44141,157.982,8.7336,113.25,1,0,-98,-11,6,42,44,6,28367105,262,1,102,13499,
440.565,2668.13,51.4815,7.44153,157.667,8.80925,114.509,1,0,-98,-11,6,42,44,6,28367105,262,1,102,13499,
441.537,2677.53,51.4815,7.44165,157.416,9.60452,117.448,1,-4,-99,-12,5,41,44,6,28367105,262,1,102,13499,
442.561,2687.42,51.4815,7.44178,157.113,10.7214,121.522,1,-4,-99,-12,5,41,44,6,28367105,262,1,102,13499,
443.56,2698.17,51.4814,7.44191,157.002,11.3124,125.315,1,1,-92,-7,6,48,45,7,28367105,262,1,102,13499,
444.541,2709.02,51.4813,7.44202,157.348,11.0917,129.276,1,1,-92,-7,6,48,45,7,28367105,262,1,102,13499,
445.55,2719.51,51.4813,7.44212,157.687,11.3274,132.3,1,14,-93,-6,15,47,46,7,28367105,262,1,102,13499,
446.549,2731.19,51.4812,7.44223,157.937,11.6495,134.041,1,14,-93,-6,15,47,46,7,28367105,262,1,102,13499,
447.553,2742.87,51.4811,7.44235,158.303,11.6008,134.568,1,9,-90,-6,8,50,48,7,28367105,262,1,102,13499,
448.541,2754.12,51.481,7.44246,158.101,11.0366,133.702,1,9,-90,-6,8,50,48,7,28367105,262,1,102,13499,
449.55,2765.44,51.481,7.44258,157.751,10.6977,132.83,1,17,-87,-5,12,53,50,7,28367105,262,1,102,13499,
450.555,2776.2,51.4809,7.44269,157.581,10.0662,132.31,1,17,-87,-5,12,53,50,7,28367105,262,1,102,13499,
451.555,2786.11,51.4808,7.44279,157.79,10.2165,131.974,1,17,-86,-5,13,54,50,7,28367105,262,1,102,13499,
452.543,2796.19,51.4808,7.4429,158.152,10.7827,132.37,1,17,-86,-5,13,54,50,7,28367105,262,1,102,13499,
453.55,2807.32,51.4807,7.44301,158.581,11.5474,135.899,1,12,-86,-4,10,54,50,7,28367105,262,1,102,13499,
454.566,2818.36,51.4806,7.44308,158.713,10.6638,152.756,1,12,-86,-4,10,54,50,7,28367105,262,1,102,13499,
455.562,2828.77,51.4805,7.4431,158.698,10.9473,172.726,1,9,-93,-6,8,47,44,7,28367105,262,1,102,13499,
456.56,2842.03,51.4804,7.44312,158.436,11.5145,174.251,1,9,-93,-6,8,47,44,7,28367105,262,1,102,13499,
457.568,2854.66,51.4803,7.44314,158.467,12.3675,173.002,1,5,-97,-8,9,43,42,7,28367105,262,1,102,13499,
458.554,2866.43,51.4802,7.4432,158.677,13.5239,158.624,1,5,-97,-8,9,43,42,7,28367105,262,1,102,13499,
459.562,2880.59,51.4801,7.44327,159.029,14.2914,156.544,1,1,-96,-10,2,44,45,7,28367105,262,1,102,13499,
460.546,2896.27,51.48,7.44337,159.07,14.4778,154.853,1,1,-96,-10,2,44,45,7,28367105,262,1,102,13499,
461.564,2911.51,51.4798,7.44347,159.003,14.3984,153.71,1,1,-97,-10,2,43,42,7,28367105,262,1,102,13499,
462.573,2925.97,51.4797,7.44357,158.918,14.3365,152.872,1,1,-97,-10,2,43,42,7,28367105,262,1,102,13499,
463.566,2940.58,51.4796,7.44367,158.975,14.3032,152.384,1,2,-101,-12,2,39,41,7,28367105,262,1,102,13499,
464.538,2955.38,51.4795,7.44378,158.981,14.6469,151.58,1,2,-101,-12,2,39,41,7,28367105,262,1,102,13499,
465.563,2968.74,51.4794,7.44388,159.109,15.0379,151.596,1,2,-101,-12,2,39,41,7,28367105,262,1,102,13499,
466.564,2984.46,51.4793,7.44399,159.248,15.5262,151.414,1,-1,-100,-12,2,40,42,7,28367105,262,1,102,13499,
467.552,3000.53,51.4791,7.4441,159.35,16.3659,151.321,1,-1,-100,-12,2,40,42,7,28367105,262,1,102,13499,
468.551,3015.97,51.479,7.44422,159.528,16.1471,151.604,1,-1,-101,-11,2,39,40,7,28368384,262,1,31,13499,
469.549,3031.56,51.4789,7.44433,159.872,15.8906,151.795,1,-1,-101,-11,2,39,40,7,28368384,262,1,31,13499,
470.554,3047.48,51.4788,7.44445,160.391,15.5178,151.623,1,3,-99,-10,2,41,40,7,28368384,262,1,31,13499,
471.535,3062.69,51.4786,7.44456,160.848,15.0919,151.552,1,3,-99,-10,2,41,40,7,28368384,262,1,31,13499,
472.567,3077.8,51.4785,7.44467,161.29,14.8434,151.803,1,1,-99,-9,2,41,40,7,28368384,262,1,31,13499,
473.551,3092.37,51.4784,7.44477,161.542,14.6307,151.341,1,1,-99,-9,2,41,40,7,28368384,262,1,31,13499,
474.538,3106.81,51.4783,7.44487,161.827,14.4564,151.209,1,3,-103,-10,2,37,38,7,28368384,262,1,31,13499,
475.555,3121.28,51.4782,7.44497,162.214,14.3735,151.262,1,3,-103,-10,2,37,38,7,28368384,262,1,31,13499,
476.554,3135.84,51.4781,7.44507,162.664,14.3358,151.193,1,4,-105,-10,2,35,36,7,28368384,262,1,31,13499,
477.546,3149.89,51.478,7.44517,162.985,14.3187,151.225,1,4,-105,-10,2,35,36,7,28368384,262,1,31,13499,
478.563,3164.05,51.4779,7.44527,163.176,14.4866,151.207,1,5,-105,-10,2,35,36,7,28368384,262,1,31,13499,
479.547,3178.7,51.4777,7.44537,163.295,15.048,151.361,1,5,-105,-10,2,35,36,7,28368384,262,1,31,13499,
480.546,3192.97,51.4776,7.44547,163.649,14.8365,151.659,1,7,-103,-9,2,37,37,7,28368384,262,1,31,13499,
481.546,3207.86,51.4775,7.44557,163.845,14.6421,151.797,1,7,-103,-9,2,37,37,7,28368384,262,1,31,13499,
482.539,3222.56,51.4774,7.44567,163.98,14.413,151.565,1,3,-101,-8,2,39,38,7,28368384,262,1,31,13499,
483.539,3236.54,51.4773,7.44577,163.988,14.1951,151.321,1,3,-101,-8,2,39,38,7,28368384,262,1,31,13499,
484.559,3250.95,51.4772,7.44586,163.977,14.0895,151.225,1,3,-101,-8,2,39,38,7,28368384,262,1,31,13499,
485.554,3264.79,51.4771,7.44596,164.022,13.8749,150.955,1,11,-98,-7,2,42,41,7,28368384,262,1,31,13499,
486.555,3278.64,51.4769,7.44606,164.107,14.0931,151.207,1,11,-98,-7,2,42,41,7,28368384,262,1,31,13499,
487.55,3292.1,51.4768,7.44615,164.243,13.7432,151.52,1,4,-95,-7,2,45,43,7,28368384,262,1,31,13499,
488.558,3305.87,51.4767,7.44624,164.335,13.5032,151.564,1,4,-95,-7,2,45,43,7,28368384,262,1,31,13499,
489.559,3319.19,51.4766,7.44633,164.251,13.3194,151.916,1,9,-93,-6,2,47,45,7,29568768,262,1,415,13499,
490.561,3332.28,51.4765,7.44642,164.183,13.3876,152.166,1,9,-93,-6,2,47,45,7,29568768,262,1,415,13499,
491.559,3345.37,51.4764,7.44651,164.064,13.4705,152.388,1,16,-92,-6,2,48,45,7,29568768,262,1,415,13499,
492.529,3358.88,51.4763,7.4466,163.861,13.7302,152.296,1,16,-92,-6,2,48,45,7,29568768,262,1,415,13499,
493.553,3372.52,51.4762,7.44669,163.641,13.7031,151.996,1,14,-89,-5,2,51,48,7,29568768,262,1,415,13499,
494.658,3386.56,51.4761,7.44678,163.435,13.5523,151.424,1,14,-89,-5,2,51,48,7,29568768,262,1,415,13499,
495.54,3400.08,51.476,7.44688,163.405,13.6055,151.354,1,18,-85,-6,10,55,54,10,29568768,262,1,415,13499,
496.561,3413.19,51.4759,7.44697,163.538,13.5974,151.592,1,18,-85,-6,10,55,54,10,29568768,262,1,415,13499,
497.559,3426.52,51.4758,7.44706,163.798,13.3372,151.752,1,12,-87,-6,9,53,51,10,29568768,262,1,415,13499,
498.555,3439.95,51.4757,7.44715,163.862,12.5731,151.271,1,12,-87,-6,9,53,51,10,29568768,262,1,415,13499,
499.552,3452.39,51.4756,7.44724,164.116,12.422,150.819,1,8,-91,-7,11,49,48,10,29568768,262,1,415,13499,
500.554,3464.74,51.4755,7.44733,164.352,12.2761,149.993,1,8,-91,-7,11,49,48,10,29568768,262,1,415,13499,
501.563,3477.1,51.4754,7.44742,164.595,12.4329,149.159,1,2,-94,-9,6,46,46,10,29568768,262,1,415,13499,
502.563,3489.68,51.4753,7.44752,164.652,12.8681,148.494,1,2,-94,-9,6,46,46,10,29568768,262,1,415,13499,
503.559,3502.26,51.4752,7.44761,164.658,12.5735,147.742,1,3,-93,-6,6,47,43,7,28368384,262,1,31,13499,
504.559,3514.61,51.4751,7.44771,164.609,12.1294,146.675,1,3,-93,-6,6,47,43,7,28368384,262,1,31,13499,
505.565,3526.29,51.475,7.44781,164.739,12.3335,145.68,1,3,-93,-6,6,47,43,7,28368384,262,1,31,13499,
506.564,3538.97,51.4749,7.44792,164.9,12.8683,144.787,1,8,-97,-7,13,43,40,7,28368384,262,1,31,13499,
507.546,3552.93,51.4748,7.44804,165.188,13.309,144.038,1,8,-97,-7,13,43,40,7,28368384,262,1,31,13499,
508.545,3566.27,51.4747,7.44815,165.376,12.9672,143.536,1,4,-98,-8,10,42,41,7,28368384,262,1,31,13499,
509.534,3579.26,51.4746,7.44827,165.342,12.2111,142.629,1,4,-98,-8,10,42,41,7,28368384,262,1,31,13499,
510.534,3591.96,51.4745,7.44839,165.399,12.7799,141.794,1,7,-96,-7,11,44,43,7,28368384,262,1,31,13499,
511.568,3605.6,51.4744,7.44851,165.202,13.406,141.339,1,7,-96,-7,11,44,43,7,28368384,262,1,31,13499,
512.559,3618.78,51.4744,7.44864,165.346,13.0302,140.694,1,7,-96,-7,8,44,43,7,28368384,262,1,31,13499,
513.545,3631.72,51.4743,7.44877,165.516,12.8117,140.444,1,7,-96,-7,8,44,43,7,28368384,262,1,31,13499,
514.555,3645.03,51.4742,7.44889,166.003,12.4908,140.006,1,1,-93,-9,10,47,48,7,28368384,262,1,31,13499,
515.554,3656.52,51.4741,7.44899,166.181,12.1185,139.612,1,1,-93,-9,10,47,48,7,28368384,262,1,31,13499,
516.559,3669.07,51.474,7.44911,166.245,12.4667,139.082,1,-3,-90,-8,9,50,49,7,28368384,262,1,31,13499,
517.55,3681.18,51.4739,7.44923,166.203,12.3847,138.232,1,-3,-90,-8,9,50,49,7,28368384,262,1,31,13499,
518.557,3693.22,51.4738,7.44935,166.133,11.9698,136.926,1,10,-87,-6,11,53,50,7,29568768,262,1,415,13499,
519.556,3705.63,51.4738,7.44948,166.099,12.6381,135.612,1,10,-87,-6,11,53,50,7,29568768,262,1,415,13499,
520.551,3718.42,51.4737,7.44961,165.988,13.4995,134.371,1,14,-83,-5,7,57,53,7,29568768,262,1,415,13499,
521.547,3731.87,51.4736,7.44976,165.821,13.7164,133.004,1,14,-83,-5,7,57,53,7,29568768,262,1,415,13499,
522.55,3745.29,51.4735,7.4499,165.692,13.7491,131.662,1,16,-85,-6,12,55,52,7,29568768,262,1,415,13499,
523.55,3758.6,51.4735,7.45005,165.504,13.9496,130.434,1,16,-85,-6,12,55,52,7,29568768,262,1,415,13499,
524.56,3772.99,51.4734,7.45022,165.347,14.083,128.715,1,19,-86,-6,10,54,52,7,29568768,262,1,415,13499,
525.543,3787.54,51.4733,7.45039,165.235,14.3123,127.186,1,19,-86,-6,10,54,52,7,29568768,262,1,415,13499,
526.562,3802.9,51.4732,7.45058,165.07,14.626,125.725,1,19,-86,-6,10,54,52,7,29568768,262,1,415,13499,
527.558,3817.62,51.4732,7.45076,164.967,14.5412,124.499,1,17,-82,-5,12,58,53,7,29568768,262,1,415,13499,
528.551,3831.83,51.4731,7.45094,165.244,14.4678,123.091,1,17,-82,-5,12,58,53,7,29568768,262,1,415,13499,
529.559,3846.73,51.473,7.45112,165.843,14.6059,121.491,1,23,-80,-5,14,60,57,7,29568768,262,1,415,13499,
530.544,3861.39,51.473,7.45131,166.269,14.6069,119.374,1,23,-80,-5,14,60,57,7,29568768,262,1,415,13499,
531.564,3875.59,51.4729,7.4515,166.67,14.517,117.025,1,15,-80,-5,10,60,54,7,29568768,262,1,415,13499,
532.564,3890.68,51.4729,7.4517,166.88,14.3214,115.243,1,15,-80,-5,10,60,54,7,29568768,262,1,415,13499,
533.543,3905.99,51.4728,7.45191,166.933,14.1573,113.436,1,17,-85,-6,2,55,53,7,29568768,262,1,415,13499,
534.54,3920.95,51.4728,7.45211,167.085,14.3147,111.637,1,17,-85,-6,2,55,53,7,29568768,262,1,415,13499,
535.538,3936.45,51.4727,7.45233,167.298,14.9864,110.133,1,24,-84,-6,2,56,53,7,29568768,262,1,415,13499,
536.552,3950.87,51.4727,7.45253,167.086,15.1085,108.616,1,24,-84,-6,2,56,53,7,29568768,262,1,415,13499,
537.548,3964.35,51.4727,7.45272,166.687,14.8045,107.306,1,23,-82,-6,2,58,55,7,29568768,262,1,415,13499,
538.564,3979.15,51.4726,7.45292,166.717,14.5537,105.97,1,23,-82,-6,2,58,55,7,29568768,262,1,415,13499,
539.573,3993.58,51.4726,7.45313,166.644,14.786,105.081,1,19,-79,-6,2,61,58,7,29568768,262,1,415,13499,
540.547,4006.83,51.4726,7.45331,166.492,14.9908,104.623,1,19,-79,-6,2,61,58,7,29568768,262,1,415,13499,
541.567,4022.3,51.4726,7.45353,166.557,14.6542,104.642,1,21,-80,-6,2,60,57,7,29568768,262,1,415,13499,
542.556,4036.88,51.4725,7.45374,166.681,14.3321,104.591,1,21,-80,-6,2,60,57,7,29568768,262,1,415,13499,
543.544,4049.89,51.4725,7.45392,166.498,13.7713,104.898,1,19,-81,-6,2,59,55,7,29568768,262,1,415,13499,
544.556,4064.06,51.4725,7.45412,166.518,13.5583,105.042,1,19,-81,-6,2,59,55,7,29568768,262,1,415,13499,
545.549,4076.76,51.4724,7.4543,166.043,13.0568,105.395,1,22,-83,-6,2,57,54,7,29568768,262,1,415,13499,
546.55,4089.39,51.4724,7.45447,165.471,12.7375,105.508,1,22,-83,-6,2,57,54,7,29568768,262,1,415,13499,
547.546,4102.54,51.4724,7.45465,165.264,12.48,106.328,1,20,-83,-5,2,57,53,7,29568768,262,1,415,13499,
548.551,4114.53,51.4723,7.45482,164.695,12.1632,106.809,1,20,-83,-5,2,57,53,7,29568768,262,1,415,13499,
549.538,4126.73,51.4723,7.45499,164.111,11.9308,107.38,1,19,-82,-6,2,58,56,7,29568768,262,1,415,13499,
550.649,4138.16,51.4723,7.45515,164.004,11.8129,108.216,1,19,-82,-6,2,58,56,7,29568768,262,1,415,13499,
551.536,4150.48,51.4722,7.45531,163.66,12.4933,109.197,1,21,-82,-6,13,58,55,3,29568768,262,1,415,13499,
552.548,4162.53,51.4722,7.45548,163.113,12.5123,110.005,1,21,-82,-6,13,58,55,3,29568768,262,1,415,13499,
553.541,4174.76,51.4722,7.45564,162.477,12.7941,110.54,1,21,-82,-6,13,58,55,3,29568768,262,1,415,13499,
554.559,4187.64,51.4721,7.45582,161.968,13.4445,110.313,1,18,-83,-5,12,57,53,3,29568768,262,1,415,13499,
555.555,4201.51,51.4721,7.456,161.538,14.0348,111.368,1,18,-83,-5,12,57,53,3,29568768,262,1,415,13499,
556.537,4215.38,51.472,7.45619,161.436,14.4887,112.277,1,28,-88,-5,11,52,48,3,29568768,262,1,415,13499,
557.554,4230.2,51.472,7.45638,161.16,14.3128,113.241,1,28,-88,-5,11,52,48,3,29568768,262,1,415,13499,
558.54,4244.86,51.4719,7.45657,160.935,14.2232,113.866,1,34,-86,-6,11,54,50,3,29568768,262,1,415,13499,
559.546,4258.35,51.4719,7.45675,160.546,14.1112,114.37,1,34,-86,-6,11,54,50,3,29568768,262,1,415,13499,
560.549,4272.07,51.4718,7.45693,160.226,13.6557,115.338,1,25,-83,-5,12,57,53,3,29568768,262,1,415,13499,
561.541,4285.43,51.4718,7.4571,159.731,13.1792,115.069,1,25,-83,-5,12,57,53,3,29568768,262,1,415,13499,
562.566,4298.54,51.4717,7.45728,159.451,12.534,115.02,1,28,-88,-6,11,52,47,3,29568768,262,1,415,13499,
563.568,4310.48,51.4717,7.45743,159.021,12.2171,116.253,1,28,-88,-6,11,52,47,3,29568768,262,1,415,13499,
564.571,4322.58,51.4716,7.45758,158.46,11.7888,117.805,1,19,-89,-6,12,51,48,3,29568768,262,1,415,13499,
565.544,4333.52,51.4716,7.45772,158.108,11.3992,118.229,1,19,-89,-6,12,51,48,3,29568768,262,1,415,13499,
566.551,4344.81,51.4715,7.45786,157.567,10.8671,118.065,1,29,-88,-6,11,52,49,3,29568768,262,1,415,13499,
567.533,4355.42,51.4715,7.45799,157.249,10.4251,117.572,1,29,-88,-6,11,52,49,3,29568768,262,1,415,13499,
568.543,4364.95,51.4714,7.45811,157.165,9.72705,116.979,1,17,-89,-7,2,51,49,3,29568768,262,1,415,13499,
569.569,4374.11,51.4714,7.45823,156.938,8.4776,116.241,1,17,-89,-7,2,51,49,3,29568768,262,1,415,13499,
570.548,4382.2,51.4713,7.45833,156.745,7.83664,115.83,1,14,-88,-7,2,52,50,3,29568768,262,1,415,13499,
571.549,4389.98,51.4713,7.45843,156.547,7.41207,115.096,1,14,-88,-7,2,52,50,3,29568768,262,1,415,13499,
572.543,4397.64,51.4713,7.45853,156.363,7.96319,114.177,1,16,-90,-8,2,50,49,3,29568768,262,1,415,13499,
573.548,4406.98,51.4713,7.45866,156.359,9.23175,114.447,1,16,-90,-8,2,50,49,3,29568768,262,1,415,13499,
574.549,4417.19,51.4712,7.45879,156.434,9.52565,114.682,1,13,-90,-8,2,50,49,3,29568768,262,1,415,13499,
575.543,4427.38,51.4712,7.45892,156.63,9.54659,115.45,1,13,-90,-8,2,50,49,3,29568768,262,1,415,13499,
576.554,4437.01,51.4711,7.45905,156.755,9.99596,114.594,1,13,-90,-8,2,50,49,3,29568768,262,1,415,13499,
577.549,4447.24,51.4711,7.45918,157.016,9.83283,115.311,1,13,-92,-8,2,48,48,3,29568768,262,1,415,13499,
578.55,4455.65,51.4711,7.4593,156.835,9.88957,116.055,1,13,-92,-8,2,48,48,3,29568768,262,1,415,13499,
579.545,4464.7,51.471,7.45941,156.517,9.41187,116.952,1,10,-93,-9,2,47,48,3,29568768,262,1,415,13499,
580.551,4473.81,51.471,7.45953,156.113,9.15301,117.88,1,10,-93,-9,2,47,48,3,29568768,262,1,415,13499,
581.545,4483.53,51.471,7.45966,155.783,9.15541,117.276,1,8,-93,-10,2,47,48,3,29568768,262,1,415,13499,
582.53,4493.53,51.4709,7.45979,155.565,9.85528,116.759,1,8,-93,-10,2,47,48,3,29568768,262,1,415,13499,
583.558,4503.86,51.4709,7.45992,155.713,10.7163,115.351,1,1,-94,-10,2,46,47,3,29568768,262,1,415,13499,
584.569,4514.49,51.4708,7.46006,155.89,10.8947,114.027,1,1,-94,-10,2,46,47,3,29568768,262,1,415,13499,
585.552,4523.82,51.4708,7.46019,155.523,10.7566,112.655,1,2,-95,-10,2,45,46,3,29568769,262,1,416,13499,
586.544,4534.68,51.4708,7.46034,155.434,10.9319,111.968,1,2,-95,-10,2,45,46,3,29568769,262,1,416,13499,
587.541,4546.45,51.4707,7.46049,155.286,11.6004,111.574,1,7,-97,-11,2,43,45,3,29568769,262,1,416,13499,
588.545,4558.01,51.4707,7.46065,155.102,11.9107,112.329,1,7,-97,-11,2,43,45,3,29568769,262,1,416,13499,
589.513,4569.91,51.4707,7.46081,155.301,11.4307,113.085,1,3,-98,-11,2,42,45,3,29568769,262,1,416,13499,
590.556,4580.47,51.4706,7.46095,155.208,11.2313,113.718,1,3,-98,-11,2,42,45,3,29568769,262,1,416,13499,
591.563,4591.66,51.4706,7.4611,154.998,11.659,114.182,1,8,-94,-9,2,46,46,3,29568769,262,1,416,13499,
592.551,4603.79,51.4705,7.46125,154.667,12.4694,114.875,1,8,-94,-9,2,46,46,3,29568769,262,1,416,13499,
593.561,4616.29,51.4705,7.46142,154.291,13.4347,114.77,1,1,-94,-10,2,46,46,3,29568769,262,1,416,13499,
594.576,4629.3,51.4704,7.46159,154.118,12.9294,115.614,1,1,-94,-10,2,46,46,3,29568769,262,1,416,13499,
595.545,4643.77,51.4704,7.46178,154.024,12.2049,113.914,1,-1,-95,-10,2,45,46,3,29568769,262,1,416,13499,
596.54,4657.33,51.4703,7.46196,154.899,12.2664,115.925,1,-1,-95,-10,2,45,46,3,29568769,262,1,416,13499,
597.541,4669.61,51.4703,7.46212,155.805,12.3895,115.451,1,-3,-99,-12,2,41,45,3,29568769,262,1,416,13499,
598.545,4681.86,51.4702,7.46227,156.258,12.4051,115.277,1,-3,-99,-12,2,41,45,3,29568769,262,1,416,13499,
599.531,4694.13,51.4702,7.46243,156.631,12.743,115.132,1,2,-99,-10,2,41,43,3,26378498,262,1,495,13499,
600.529,4707.77,51.4701,7.46261,156.999,13.0656,114.725,1,2,-99,-10,2,41,43,3,26378498,262,1,495,13499,
601.505,4707.77,51.4701,7.46261,156.999,13.0656,114.725,1,2,-99,-10,2,41,43,3,26378498,262,1,495,13499,
602.555,4732.14,51.47,7.46293,156.933,12.3556,115.521,1,9,-98,-9,2,42,41,3,26378498,262,1,495,13499,
603.544,4744.56,51.47,7.46309,156.66,12.384,116.04,1,9,-98,-9,2,42,41,3,26378498,262,1,495,13499,
604.545,4757.22,51.4699,7.46326,156.742,12.9512,116.337,1,1,-99,-9,2,41,42,3,26378498,262,1,495,13499,
605.507,4769.87,51.4699,7.46343,156.397,13.1046,115.29,1,1,-99,-9,2,41,42,3,26378498,262,1,495,13499,
606.535,4783.13,51.4699,7.4636,155.884,13.5142,113.716,1,1,-100,-9,2,40,41,3,26378498,262,1,495,13499,
607.559,4796.35,51.4698,7.46378,155.441,13.2267,112.56,1,1,-100,-9,2,40,41,3,26378498,262,1,495,13499,
608.54,4809.48,51.4698,7.46396,155.282,13.337,111.527,1,6,-100,-10,2,40,40,3,26378498,262,1,495,13499,
609.558,4822.54,51.4697,7.46413,155.05,13.7813,110.563,1,6,-100,-10,2,40,40,3,26378498,262,1,495,13499,
610.542,4835.95,51.4697,7.46432,154.835,14.2239,109.784,1,5,-100,-9,2,40,40,3,26378498,262,1,495,13499,
611.559,4849.42,51.4697,7.4645,155.164,15.2295,109.37,1,5,-100,-9,2,40,40,3,26378498,262,1,495,13499,
612.552,4866.28,51.4696,7.46474,155.493,16.0743,108.341,1,7,-100,-9,2,40,40,3,26378498,262,1,495,13499,
613.644,4884.33,51.4696,7.46499,155.797,16.8425,107.153,1,7,-100,-9,2,40,40,3,26378498,262,1,495,13499,
614.569,4900.79,51.4695,7.46522,155.948,17.4848,105.066,1,1,-102,-11,7,38,40,12,26378498,262,1,495,13499,
615.555,4917.07,51.4695,7.46545,156.054,17.2043,103.173,1,1,-102,-11,7,38,40,12,26378498,262,1,495,13499,
616.543,4933.79,51.4695,7.46569,156.451,16.5763,101.274,1,0,-98,-11,6,42,43,14,29401601,262,1,430,13499,
617.542,4950.96,51.4695,7.46593,156.79,16.3118,98.7781,1,0,-98,-11,6,42,43,14,29401601,262,1,430,13499,
618.538,4967.62,51.4694,7.46617,157.233,16.0139,96.7674,1,4,-97,-8,10,43,42,14,29401601,262,1,430,13499,
619.541,4984.48,51.4694,7.46642,157.562,15.9368,95.0807,1,4,-97,-8,10,43,42,14,29401601,262,1,430,13499,
620.537,5000.11,51.4694,7.46664,157.739,15.8944,93.0517,1,7,-95,-7,8,45,42,14,29401601,262,1,430,13499,
621.559,5016.38,51.4694,7.46688,157.843,16.4145,91.3455,1,7,-95,-7,8,45,42,14,29401601,262,1,430,13499,
622.55,5033.83,51.4694,7.46713,157.911,17.0182,89.7957,1,9,-91,-6,11,49,44,14,29401601,262,1,430,13499,
623.55,5051.47,51.4694,7.46738,157.98,17.1834,88.1894,1,9,-91,-6,11,49,44,14,29401601,262,1,430,13499,
624.542,5068.2,51.4695,7.46762,158.099,17.3412,86.5884,1,1,-99,-9,8,41,42,14,29401601,262,1,430,13499,
625.554,5085.46,51.4695,7.46787,157.991,17.8359,85.5314,1,1,-99,-9,8,41,42,14,29401601,262,1,430,13499,
626.531,5102.59,51.4695,7.46811,158.009,17.4166,84.4619,1,6,-98,-9,9,42,41,14,29401601,262,1,430,13499,
627.544,5119.01,51.4695,7.46835,158.376,17.0384,83.2671,1,6,-98,-9,9,42,41,14,29401601,262,1,430,13499,
628.555,5136.74,51.4695,7.4686,158.449,17.1735,82.1455,1,6,-98,-9,9,42,41,14,29401601,262,1,430,13499,
629.55,5154.04,51.4696,7.46885,158.393,17.5453,81.3399,1,2,-103,-8,9,37,36,14,29401601,262,1,430,13499,
630.552,5171.87,51.4696,7.4691,158.339,17.6218,80.9933,1,2,-103,-8,9,37,36,14,29401601,262,1,430,13499,
631.551,5190.14,51.4696,7.46936,158.274,17.222,80.6007,1,-2,-107,-12,2,33,35,14,29401601,262,1,430,13499,
632.545,5207.59,51.4697,7.46961,158.564,16.4733,80.1437,1,-2,-107,-12,2,33,35,14,29401601,262,1,430,13499,
633.561,5224.06,51.4697,7.46984,159.146,15.951,80.7445,1,2,-104,-9,2,36,36,14,29401601,262,1,430,13499,
634.537,5240.07,51.4697,7.47007,159.815,15.8447,81.1754,1,2,-104,-9,2,36,36,14,29401601,262,1,430,13499,
635.547,5256.01,51.4697,7.4703,160.583,15.7774,80.8305,1,9,-101,-8,2,39,39,14,31263232,262,1,162,13499,
636.549,5272,51.4698,7.47052,160.856,15.8254,81.3818,1,9,-101,-8,2,39,39,14,31263232,262,1,162,13499,
637.538,5272,51.4638,7.46245,nan,15.822,82.6985,1,3,-101,-9,9,39,40,20,31263232,262,1,162,13499,
638.544,5272,51.4698,7.47099,161.244,17.086,83.9691,1,3,-101,-9,9,39,40,20,31263232,262,1,162,13499,
639.558,5288.31,51.4698,7.47122,161.69,17.6571,84.8901,1,5,-100,-8,10,40,40,20,31263232,262,1,162,13499,
640.546,5305.84,51.4698,7.47147,162.41,18.1063,86.1736,1,5,-100,-8,10,40,40,20,31263232,262,1,162,13499,
641.537,5322.77,51.4699,7.47172,163.114,17.429,88.0136,1,9,-97,-7,12,43,42,20,31263232,262,1,162,13499,
642.539,5339.65,51.4699,7.47196,163.498,16.7262,90.0165,1,9,-97,-7,12,43,42,20,31263232,262,1,162,13499,
643.541,5355.66,51.4698,7.47219,164.279,16.0754,91.8343,1,9,-98,-7,11,42,40,20,31263232,262,1,162,13499,
644.557,5372.61,51.4698,7.47244,164.564,15.4566,93.4999,1,9,-98,-7,11,42,40,20,31263232,262,1,162,13499,
645.54,5388.3,51.4698,7.47266,165.007,15.08,95.717,1,7,-100,-9,11,40,40,20,31263232,262,1,162,13499,
646.555,5403.99,51.4698,7.47289,165.49,13.6152,94.8918,1,7,-100,-9,11,40,40,20,31263232,262,1,162,13499,
647.559,5419.96,51.4698,7.47312,165.646,14.9229,95.2874,1,4,-98,-8,8,42,40,20,31263232,262,1,162,13499,
648.549,5435.35,51.4698,7.47334,165.366,17.1586,96.6235,1,4,-98,-8,8,42,40,20,31263232,262,1,162,13499,
649.549,5450.61,51.4698,7.47355,165.088,16.6488,97.3255,1,4,-98,-8,8,42,40,20,31263232,262,1,162,13499,
650.551,5466.28,51.4697,7.47378,165.179,15.9086,97.7609,1,-3,-100,-10,6,40,41,20,31263232,262,1,162,13499,
651.551,5482.63,51.4697,7.47401,165.099,15.6002,98.1379,1,-3,-100,-10,6,40,41,20,31263232,262,1,162,13499,
652.54,5498.39,51.4697,7.47424,164.665,15.649,98.3289,1,-2,-101,-12,6,39,41,20,31263232,262,1,162,13499,
653.543,5513.54,51.4697,7.47445,164.861,16.1187,97.0304,1,-2,-101,-12,6,39,41,20,31263232,262,1,162,13499,
654.544,5530.61,51.4696,7.4747,165.098,16.0541,98.1289,1,-1,-102,-12,2,38,41,20,31263232,262,1,162,13499,
655.552,5547.09,51.4696,7.47493,165.155,15.8578,98.2844,1,-1,-102,-12,2,38,41,20,31263232,262,1,162,13499,
656.549,5562.68,51.4696,7.47516,165.643,15.3059,97.5491,1,-4,-102,-12,2,38,40,20,31263232,262,1,162,13499,
657.544,5577.55,51.4696,7.47537,166.049,14.8049,96.1479,1,-4,-102,-12,2,38,40,20,31263232,262,1,162,13499,
658.553,5592.78,51.4696,7.47559,166.149,14.7321,95.5411,1,-7,-105,-13,2,35,40,20,31263232,262,1,162,13499,
659.548,5606.63,51.4696,7.47579,166.072,14.7433,94.4235,1,-7,-105,-13,2,35,40,20,31263232,262,1,162,13499,
660.553,5621.67,51.4695,7.476,166.191,14.7085,93.1264,1,-10,-104,-14,2,36,40,20,31263232,262,1,162,13499,
661.536,5634.81,51.4695,7.47619,166.175,14.3844,92.5277,1,-10,-104,-14,2,36,40,20,31263232,262,1,162,13499,
662.552,5649.39,51.4695,7.4764,166.463,14.149,90.57,1,0,-102,-14,2,38,43,20,26378497,262,1,496,13499,
663.541,5664.06,51.4695,7.47661,166.434,14.0947,88.4098,1,0,-102,-14,2,38,43,20,26378497,262,1,496,13499,
664.563,5678.39,51.4695,7.47682,166.513,13.6924,87.5717,1,-4,-101,-13,2,39,43,20,26378497,262,1,496,13499,
665.543,5689.99,51.4696,7.47699,166.793,12.0746,85.6012,1,-4,-101,-13,2,39,43,20,26378497,262,1,496,13499,
666.539,5702.4,51.4696,7.47717,167.413,10.4915,83.62,1,-3,-101,-13,2,39,44,20,26378497,262,1,496,13499,
667.55,5712.53,51.4696,7.47731,168.161,9.5014,84.9916,1,-3,-101,-13,2,39,44,20,26378497,262,1,496,13499,
668.561,5721.16,51.4696,7.47744,168.898,8.62238,86.213,1,-3,-101,-13,2,39,44,20,26378497,262,1,496,13499,
669.561,5729.38,51.4696,7.47755,169.683,7.43939,84.8304,1,2,-98,-12,2,42,46,20,28369154,262,1,451,13499,
670.541,5736.84,51.4696,7.47766,170.293,5.92964,82.58,1,2,-98,-12,2,42,46,20,28369154,262,1,451,13499,
671.55,5742.24,51.4696,7.47774,170.888,5.37499,82.1129,1,-2,-97,-12,2,43,46,20,28369154,262,1,451,13499,
672.552,5747.62,51.4696,7.47782,171.05,4.82197,81.3968,1,-2,-97,-12,2,43,46,20,28369154,262,1,451,13499,
673.558,5753.18,51.4696,7.4779,171.379,4.37143,80.6796,1,-1,-97,-12,2,43,47,20,28369154,262,1,451,13499,
674.542,5757.38,51.4696,7.47795,171.414,3.94511,79.5575,1,-1,-97,-12,2,43,47,20,28369154,262,1,451,13499,
675.561,5760.7,51.4696,7.478,171.441,3.5782,78.2383,1,1,-96,-12,2,44,47,20,28369154,262,1,451,13499,
676.543,5764.05,51.4696,7.47804,171.495,2.92658,77.0243,1,1,-96,-12,2,44,47,20,28369154,262,1,451,13499,
677.549,5766.29,51.4697,7.47807,171.547,2.41478,76.5838,1,1,-96,-12,2,44,48,20,28369154,262,1,451,13499,
678.555,5769.56,51.4697,7.47812,171.573,3.25714,77.7322,1,1,-96,-12,2,44,48,20,28369154,262,1,451,13499,
679.538,5774.07,51.4697,7.47818,171.769,5.41864,77.1912,1,-6,-98,-15,4,42,48,19,28369154,262,1,451,13499,
680.55,5780.14,51.4697,7.47826,172.147,7.69345,77.9042,1,-6,-98,-15,4,42,48,19,28369154,262,1,451,13499,
681.543,5788.98,51.4697,7.47839,172.406,9.19575,77.174,1,7,-91,-11,10,49,51,9,26378497,262,1,496,13499,
682.549,5798.73,51.4697,7.47853,172.57,9.6279,76.4225,1,7,-91,-11,10,49,51,9,26378497,262,1,496,13499,
683.541,5808.32,51.4697,7.47866,172.641,9.27605,75.8772,1,7,-90,-10,11,50,51,9,26378497,262,1,496,13499,
684.556,5817.93,51.4698,7.47879,172.518,9.48669,74.9018,1,7,-90,-10,11,50,51,9,26378497,262,1,496,13499,
685.559,5827.71,51.4698,7.47893,172.157,10.0628,74.5015,1,14,-88,-10,9,52,53,9,26378497,262,1,496,13499,
686.551,5837.9,51.4698,7.47907,171.947,10.4557,74.9314,1,14,-88,-10,9,52,53,9,26378497,262,1,496,13499,
687.651,5848.4,51.4698,7.47922,171.744,10.6459,74.438,1,17,-83,-8,11,57,53,9,26378497,262,1,496,13499,
688.541,5859.32,51.4699,7.47937,171.509,10.6121,73.9927,1,17,-83,-8,11,57,53,9,26378497,262,1,496,13499,
689.558,5870.03,51.4699,7.47952,171.568,10.7563,73.4657,1,17,-83,-8,11,57,53,9,26378497,262,1,496,13499,
690.543,5880.74,51.4699,7.47966,171.72,10.5919,71.9561,1,14,-82,-9,9,58,56,9,26378497,262,1,496,13499,
691.555,5890.68,51.47,7.4798,171.809,10.21,71.3846,1,14,-82,-9,9,58,56,9,26378497,262,1,496,13499,
692.569,5901.89,51.47,7.47995,171.725,10.6706,71.8357,1,19,-79,-10,13,61,60,9,26378497,262,1,496,13499,
693.555,5912.97,51.47,7.4801,171.824,11.784,72.6217,1,19,-79,-10,13,61,60,9,26378497,262,1,496,13499,
694.537,5925.53,51.4701,7.48027,171.735,12.5386,72.2662,1,18,-79,-9,13,61,59,9,26378497,262,1,496,13499,
695.573,5937.81,51.4701,7.48044,171.633,12.5035,71.5416,1,18,-79,-9,13,61,59,9,26378497,262,1,496,13499,
696.559,5949.66,51.4701,7.4806,171.946,11.8299,70.8272,1,9,-86,-9,10,54,54,9,26378497,262,1,496,13499,
697.544,5962.12,51.4702,7.48077,172.045,11.423,71.2307,1,9,-86,-9,10,54,54,9,26378497,262,1,496,13499,
698.558,5974.21,51.4702,7.48093,172.329,11.1411,71.4414,1,11,-89,-9,12,51,50,9,26378497,262,1,496,13499,
699.55,5985.2,51.4702,7.48108,172.627,10.2026,72.0022,1,11,-89,-9,12,51,50,9,26378497,262,1,496,13499,
700.561,5995.17,51.4703,7.48122,172.968,8.00424,72.8974,1,10,-92,-10,9,48,49,9,26378497,262,1,496,13499,
701.551,6002.98,51.4703,7.48133,173.026,5.81082,74.0789,1,10,-92,-10,9,48,49,9,26378497,262,1,496,13499,
702.55,6008,51.4703,7.48139,173.02,3.48239,73.6149,1,11,-94,-10,7,46,47,9,26378497,262,1,496,13499,
703.551,6008.99,51.4703,7.48141,172.999,0.571369,73.6149,1,11,-94,-10,7,46,47,9,26378497,262,1,496,13499,
704.558,6008.99,51.4703,7.48141,172.997,0,73.6149,1,14,-93,-10,13,47,46,9,26378497,262,1,496,13499,
705.558,6008.99,51.4703,7.48141,172.99,0,73.6149,1,14,-93,-10,13,47,46,9,26378497,262,1,496,13499,
706.535,6008.99,51.4703,7.48141,172.978,0,73.6149,1,13,-92,-10,2,48,47,9,26378497,262,1,496,13499,
707.55,6008.99,51.4703,7.48141,172.965,0,73.6149,1,13,-92,-10,2,48,47,9,26378497,262,1,496,13499,
708.544,6008.99,51.4703,7.48141,172.953,0,73.6149,1,13,-92,-10,2,48,47,9,26378497,262,1,496,13499,
709.56,6008.99,51.4703,7.48141,172.941,0,73.6149,1,11,-93,-10,2,47,47,9,26378497,262,1,496,13499,
710.569,6008.99,51.4703,7.48141,172.929,0,73.6149,1,11,-93,-10,2,47,47,9,26378497,262,1,496,13499,
711.555,6008.99,51.4703,7.48141,172.92,0,73.6149,1,11,-93,-10,2,47,48,9,26378497,262,1,496,13499,
712.542,6008.99,51.4703,7.48141,172.914,0,73.6149,1,11,-93,-10,2,47,48,9,26378497,262,1,496,13499,
713.55,6008.99,51.4703,7.48141,172.911,0,73.6149,1,10,-93,-10,2,47,48,9,26378497,262,1,496,13499,
714.566,6008.99,51.4703,7.48141,172.908,0,73.6149,1,10,-93,-10,2,47,48,9,26378497,262,1,496,13499,
715.555,6008.99,51.4703,7.48141,172.906,0,73.6149,1,14,-93,-10,2,47,47,9,26378497,262,1,496,13499,
716.541,6008.99,51.4703,7.48141,172.906,0,73.6149,1,14,-93,-10,2,47,47,9,26378497,262,1,496,13499,
717.54,6008.99,51.4703,7.48141,172.906,0,73.6149,1,12,-93,-10,2,47,48,9,26378497,262,1,496,13499,
718.598,6008.99,51.4703,7.48141,172.906,0,73.6149,1,12,-93,-10,2,47,48,9,26378497,262,1,496,13499,
719.554,6008.99,51.4703,7.48141,172.909,0,73.6149,1,13,-93,-10,8,47,48,8,26378497,262,1,496,13499,
720.561,6008.99,51.4703,7.48141,172.921,0,68.9721,1,13,-93,-10,8,47,48,8,26378497,262,1,496,13499,
721.553,6013.42,51.4703,7.48146,172.911,0,69.569,1,14,-93,-10,13,47,48,8,26378497,262,1,496,13499,
722.55,6016.85,51.4703,7.48151,173.24,4.19251,73.329,1,14,-93,-10,13,47,48,8,26378497,262,1,496,13499,
723.552,6021.73,51.4703,7.48157,173.56,5.46642,114.842,1,6,-92,-10,8,48,49,8,26378497,262,1,496,13499,
724.56,6028.95,51.4703,7.48163,173.669,7.67008,146.943,1,6,-92,-10,8,48,49,8,26378497,262,1,496,13499,
725.549,6038.57,51.4702,7.4817,173.838,8.53512,150.622,1,13,-90,-9,9,50,50,8,26378497,262,1,496,13499,
726.533,6047.64,51.4701,7.48175,174.057,9.97191,153.814,1,13,-90,-9,9,50,50,8,26378497,262,1,496,13499,
727.545,6057.62,51.47,7.4818,174.2,10.9514,156.972,1,7,-94,-11,10,46,48,8,26378497,262,1,496,13499,
728.547,6070.48,51.4699,7.48185,174.145,12.0253,159.676,1,7,-94,-11,10,46,48,8,26378497,262,1,496,13499,
729.548,6082.52,51.4698,7.48189,174.1,13.231,161.42,1,-3,-94,-13,7,46,50,8,26378497,262,1,496,13499,
730.551,6097.04,51.4697,7.48195,174.049,14.3959,162.514,1,-3,-94,-13,7,46,50,8,26378497,262,1,496,13499,
731.562,6109.48,51.4696,7.482,173.968,12.8699,162.808,1,1,-94,-11,8,46,48,8,26378497,262,1,496,13499,
732.547,6122.94,51.4695,7.48205,173.658,13.5948,162.674,1,1,-94,-11,8,46,48,8,26378497,262,1,496,13499,
733.541,6136.22,51.4694,7.4821,173.241,12.3678,163.067,1,0,-92,-11,9,48,51,8,26378497,262,1,496,13499,
734.543,6151.16,51.4692,7.48215,172.85,13.6035,164.382,1,0,-92,-11,9,48,51,8,26378497,262,1,496,13499,
735.538,6164.63,51.4691,7.48219,173.028,13.884,165.233,1,0,-92,-11,9,48,51,8,26378497,262,1,496,13499,
736.541,6179.75,51.469,7.48223,173.344,14.1386,166.07,1,5,-94,-11,8,46,49,8,26378497,262,1,496,13499,
737.539,6194.29,51.4688,7.48227,173.762,13.9894,166.228,1,5,-94,-11,8,46,49,8,26378497,262,1,496,13499,
738.555,6208.89,51.4687,7.48231,174.065,13.8114,165.324,1,4,-94,-13,2,46,50,8,26378497,262,1,496,13499,
739.553,6224.07,51.4686,7.48236,174.056,14.4019,163.937,1,4,-94,-13,2,46,50,8,26378497,262,1,496,13499,
740.553,6239.51,51.4684,7.48243,173.995,14.7364,162.927,1,1,-97,-13,8,43,48,10,26378497,262,1,496,13499,
741.563,6253.98,51.4683,7.48248,173.557,14.6824,163.374,1,1,-97,-13,8,43,48,10,26378497,262,1,496,13499,
742.55,6268.27,51.4682,7.48253,173.063,14.4849,164.914,1,7,-102,-11,6,38,41,10,26378497,262,1,496,13499,
743.551,6282.8,51.4681,7.48257,172.823,14.12,165.339,1,7,-102,-11,6,38,41,10,26378497,262,1,496,13499,
744.556,6296.53,51.4679,7.48261,172.93,13.9862,166.209,1,1,-99,-9,6,41,41,22,28371200,262,1,68,13499,
745.551,6311.6,51.4678,7.48266,173.323,13.7686,167.431,1,1,-99,-9,6,41,41,22,28371200,262,1,68,13499,
746.555,6325.16,51.4677,7.48269,173.729,13.8172,168.746,1,2,-100,-9,8,40,41,22,28371200,262,1,68,13499,
747.557,6338.5,51.4676,7.48272,173.552,13.5992,170.155,1,2,-100,-9,8,40,41,22,28371200,262,1,68,13499,
748.538,6352.71,51.4674,7.48274,173.131,14.3385,172.555,1,4,-101,-9,8,39,39,22,28371200,262,1,68,13499,
749.553,6367.98,51.4673,7.48276,172.667,14.9196,174.664,1,4,-101,-9,8,39,39,22,28371200,262,1,68,13499,
750.548,6383.43,51.4672,7.48276,172.448,15.3729,176.891,1,4,-100,-10,8,40,42,22,28371200,262,1,68,13499,
751.542,6399.99,51.467,7.48276,172.501,16.377,179.582,1,4,-100,-10,8,40,42,22,28371200,262,1,68,13499,
752.555,6416.84,51.4669,7.48274,172.483,15.843,182.392,1,4,-103,-9,9,37,37,22,28371200,262,1,68,13499,
753.555,6433.68,51.4667,7.4827,172.385,14.7805,185.41,1,4,-103,-9,9,37,37,22,28371200,262,1,68,13499,
754.559,6448.68,51.4666,7.48264,171.751,15.1096,189.169,1,4,-103,-9,9,37,37,22,28371200,262,1,68,13499,
755.566,6464.69,51.4665,7.48258,171.454,14.2367,193.25,1,4,-102,-8,7,38,38,22,28371200,262,1,68,13499,
756.553,6480.46,51.4663,7.48251,171.023,15.4496,195.285,1,4,-102,-8,7,38,38,22,28371200,262,1,68,13499,
757.557,6497.42,51.4662,7.48243,171.036,15.5124,197.441,1,1,-99,-8,8,41,40,22,28371200,262,1,68,13499,
758.602,6514.92,51.466,7.48234,170.245,16.7473,199.772,1,1,-99,-8,8,41,40,22,28371200,262,1,68,13499,
759.543,6532.58,51.4659,7.48225,169.795,17.5057,200.203,1,1,-100,-7,6,40,38,15,30492930,262,1,176,13499,
760.553,6547.71,51.4658,7.48217,170.424,15.9662,199.564,1,1,-100,-7,6,40,38,15,30492930,262,1,176,13499,
761.537,6562.4,51.4656,7.48209,170.477,15.5099,199.168,1,2,-115,-12,6,25,27,15,30492930,262,1,176,13499,
762.546,6576.97,51.4655,7.48201,169.549,14.4131,202.029,1,2,-115,-12,6,25,27,15,30492930,262,1,176,13499,
763.543,6594.54,51.4654,7.48191,169.77,15.2925,202.683,1,-3,-102,-12,6,38,42,15,30492930,262,1,176,13499,
764.531,6612.12,51.4652,7.48179,169.855,15.7428,203.213,1,-3,-102,-12,6,38,42,15,30492930,262,1,176,13499,
765.566,6629.01,51.4651,7.48169,170.161,15.4293,202.177,1,-4,-106,-15,4,34,40,15,30492930,262,1,176,13499,
766.53,6645.24,51.4649,7.48159,170.48,15.0769,200.903,1,-4,-106,-15,4,34,40,15,30492930,262,1,176,13499,
767.542,6661.79,51.4648,7.4815,171.271,15.6106,200.399,1,-4,-100,-9,6,40,39,15,26378497,262,1,496,13499,
768.542,6679.07,51.4647,7.48141,172.165,15.7014,199.483,1,-4,-100,-9,6,40,39,15,26378497,262,1,496,13499,
769.548,6694.09,51.4645,7.48134,172.855,16.0266,198.282,1,3,-107,-12,8,33,35,15,26378497,262,1,496,13499,
770.536,6710.31,51.4644,7.48126,173.744,15.9564,197.875,1,3,-107,-12,8,33,35,15,26378497,262,1,496,13499,
771.542,6726.25,51.4643,7.48119,174.421,15.4021,198.249,1,0,-109,-13,7,31,35,15,26378497,262,1,496,13499,
772.571,6741.82,51.4641,7.48111,174.971,15.1528,197.72,1,0,-109,-13,7,31,35,15,26378497,262,1,496,13499,
773.536,6755.65,51.464,7.48105,175.253,15.4014,196.994,1,1,-106,-9,7,34,34,16,28371200,262,1,68,13499,
774.562,6770.28,51.4639,7.48099,175.463,15.4941,196.2,1,1,-106,-9,7,34,34,16,28371200,262,1,68,13499,
775.548,6786.2,51.4638,7.48093,175.758,15.6948,195.844,1,1,-106,-9,7,34,34,16,28371200,262,1,68,13499,
776.551,6803.02,51.4636,7.48086,176.033,15.5852,196.51,1,2,-107,-9,7,33,33,16,28371200,262,1,68,13499,
777.549,6818.96,51.4635,7.4808,176.517,15.3076,196.585,1,2,-107,-9,7,33,33,16,28371200,262,1,68,13499,
778.559,6833.97,51.4633,7.48073,177.072,15.2168,197.13,1,-1,-110,-12,6,30,32,16,28371200,262,1,68,13499,
779.535,6848.22,51.4632,7.48067,177.315,14.7125,197.648,1,-1,-110,-12,6,30,32,16,28371200,262,1,68,13499,
780.556,6862.02,51.4631,7.48061,177.282,14.8251,196.946,1,-1,-101,-9,8,39,32,16,28371206,262,1,129,13499,
781.549,6875.68,51.463,7.48055,177.275,14.3545,196.189,1,-1,-101,-9,8,39,32,16,28371206,262,1,129,13499,
782.564,6888.81,51.4629,7.48049,177.277,13.4276,196.293,1,-2,-101,-11,6,39,34,16,28371206,262,1,129,13499,
783.555,6900.19,51.4628,7.48044,177.203,10.7852,197.006,1,-2,-101,-11,6,39,34,16,28371206,262,1,129,13499,
784.534,6910.87,51.4627,7.4804,177.318,8.71282,196.478,1,-2,-100,-11,7,40,35,16,28371206,262,1,129,13499,
785.533,6918.51,51.4626,7.48037,177.421,5.40194,197.381,1,-2,-100,-11,7,40,35,16,28371206,262,1,129,13499,
786.555,6923.04,51.4626,7.48036,177.301,4.28042,196.804,1,0,-97,-11,8,43,37,16,28371206,262,1,129,13499,
787.551,6927.25,51.4625,7.48035,177.296,3.62005,195.992,1,0,-97,-11,8,43,37,16,28371206,262,1,129,13499,
788.562,6930.47,51.4625,7.48034,177.293,3.31362,195.485,1,0,-96,-9,6,44,38,26,29568778,262,1,353,13499,
789.555,6932.92,51.4625,7.48033,177.303,2.03723,195.129,1,0,-96,-9,6,44,38,26,29568778,262,1,353,13499,
790.605,6932.92,51.4625,7.48033,177.304,0,195.129,1,2,-96,-10,8,44,37,26,29568778,262,1,353,13499,
791.563,6932.92,51.4625,7.48033,177.297,0,195.129,1,2,-96,-10,8,44,37,26,29568778,262,1,353,13499,
792.527,6932.92,51.4625,7.48033,177.285,0,195.129,1,4,-96,-9,9,44,37,26,29568778,262,1,353,13499,
793.536,6932.92,51.4625,7.48033,177.271,0,195.129,1,4,-96,-9,9,44,37,26,29568778,262,1,353,13499,
794.57,6932.92,51.4625,7.48033,177.246,0,195.129,1,3,-97,-10,9,43,36,26,29568778,262,1,353,13499,
795.541,6932.92,51.4625,7.48033,177.213,0,195.129,1,3,-97,-10,9,43,36,26,29568778,262,1,353,13499,
796.558,6932.92,51.4625,7.48033,177.181,0,195.129,1,3,-97,-10,6,43,36,26,29568778,262,1,353,13499,
797.554,6932.92,51.4625,7.48033,177.154,0,195.129,1,3,-97,-10,6,43,36,26,29568778,262,1,353,13499,
798.531,6932.92,51.4667,7.46282,nan,0,195.129,1,4,-97,-9,6,43,36,26,29568778,262,1,353,13499,
799.557,6932.92,51.4625,7.48033,177.101,0,195.129,1,4,-97,-9,6,43,36,26,29568778,262,1,353,13499,
800.548,6932.92,51.4625,7.48033,177.07,0,195.129,1,4,-97,-9,6,43,36,26,29568778,262,1,353,13499,
801.542,6932.92,51.4625,7.48033,177.04,0,195.129,1,4,-97,-9,6,43,36,26,29568778,262,1,353,13499,
802.546,6932.92,51.4625,7.48033,177.01,0,195.129,1,4,-97,-9,6,43,36,26,29568778,262,1,353,13499,
803.532,6932.92,51.4625,7.48033,176.98,0,195.129,1,4,-97,-9,6,43,36,26,29568778,262,1,353,13499,
804.55,6932.92,51.4625,7.48033,176.948,0,195.129,1,4,-97,-9,6,43,36,26,29568778,262,1,353,13499,
805.55,6932.92,51.4625,7.48033,176.913,0,195.129,1,4,-97,-10,6,43,36,26,29568778,262,1,353,13499,
806.541,6932.92,51.4625,7.48033,176.877,0,195.129,1,4,-97,-10,6,43,36,26,29568778,262,1,353,13499,
807.536,6932.92,51.4625,7.48033,176.845,0,195.129,1,3,-97,-10,6,43,36,26,29568778,262,1,353,13499,
808.552,6932.92,51.4625,7.48033,176.817,0,195.129,1,3,-97,-10,6,43,36,26,29568778,262,1,353,13499,
809.538,6932.92,51.4625,7.48033,176.791,0,195.129,1,4,-96,-9,2,44,36,26,29568778,262,1,353,13499,
810.547,6932.92,51.4625,7.48033,176.767,0,195.129,1,4,-96,-9,2,44,36,26,29568778,262,1,353,13499,
811.549,6932.92,51.4625,7.48033,176.744,0,195.129,1,3,-105,-10,2,35,33,26,27771906,262,1,486,13499,
812.551,6932.92,51.4625,7.48033,176.723,0,195.129,1,3,-105,-10,2,35,33,26,27771906,262,1,486,13499,
813.555,6932.92,51.4625,7.48033,176.703,0,195.129,1,5,-105,-10,2,35,33,26,27771906,262,1,486,13499,
814.537,6932.92,51.4625,7.48033,176.682,0,195.129,1,5,-105,-10,2,35,33,26,27771906,262,1,486,13499,
815.552,6932.92,51.4625,7.48033,176.659,0,195.129,1,5,-105,-10,2,35,33,26,27771906,262,1,486,13499,
816.562,6932.92,51.4625,7.48033,176.635,0,195.129,1,5,-105,-10,2,35,33,26,27771906,262,1,486,13499,
817.551,6932.92,51.4625,7.48033,176.61,0,195.129,1,7,-105,-10,2,35,33,26,27771906,262,1,486,13499,
818.544,6932.92,51.4625,7.48033,176.582,0,195.129,1,7,-105,-10,2,35,33,26,27771906,262,1,486,13499,
819.55,6932.92,51.4625,7.48033,176.556,0,195.129,1,10,-105,-10,2,35,33,26,27771906,262,1,486,13499,
820.562,6932.92,51.4625,7.48033,176.35,0,195.129,1,10,-105,-10,2,35,33,26,27771906,262,1,486,13499,
821.548,6932.92,51.4625,7.48033,176.197,0,195.129,1,0,-106,-10,2,34,33,26,27771906,262,1,486,13499,
822.534,6932.92,51.4625,7.48033,176.099,0,205.766,1,0,-106,-10,2,34,33,26,27771906,262,1,486,13499,
823.541,6932.92,51.4625,7.48033,176.025,0,202.877,1,2,-107,-11,2,33,32,26,27771906,262,1,486,13499,
824.542,6939.79,51.4624,7.4803,175.953,2.74787,200.783,1,2,-107,-11,2,33,32,26,27771906,262,1,486,13499,
825.557,6942.4,51.4624,7.48029,175.891,1.77404,199.105,1,-4,-106,-10,2,34,33,26,28368390,262,1,211,13499,
826.556,6944.07,51.4624,7.48029,175.842,0.922423,195.316,1,-4,-106,-10,2,34,33,26,28368390,262,1,211,13499,
827.552,6944.07,51.4624,7.48029,175.839,0,195.316,1,-4,-106,-10,2,34,33,26,28368390,262,1,211,13499,
828.547,6944.48,51.4624,7.48028,175.808,0.356199,195.316,1,1,-107,-10,2,33,33,26,28368390,262,1,211,13499,
829.558,6944.48,51.4624,7.48028,175.809,0,195.316,1,1,-107,-10,2,33,33,26,28368390,262,1,211,13499,
830.542,6944.48,51.4624,7.48028,175.812,0,195.316,1,3,-107,-11,2,33,33,26,28368390,262,1,211,13499,
831.552,6944.48,51.4624,7.48028,175.814,0,195.316,1,3,-107,-11,2,33,33,26,28368390,262,1,211,13499,
832.55,6944.48,51.4624,7.48028,175.816,0,195.316,1,-1,-106,-9,2,34,33,26,28368390,262,1,211,13499,
833.539,6944.48,51.4624,7.48028,175.817,0,195.316,1,-1,-106,-9,2,34,33,26,28368390,262,1,211,13499,
834.544,6944.48,51.4624,7.48028,175.819,0,195.316,1,1,-106,-9,2,34,33,26,28368390,262,1,211,13499,
835.546,6944.48,51.4624,7.48028,175.822,0,195.316,1,1,-106,-9,2,34,33,26,28368390,262,1,211,13499,
836.551,6944.48,51.4624,7.48028,175.824,0,195.316,1,-2,-107,-10,2,33,33,26,28368390,262,1,211,13499,
837.556,6944.48,51.4624,7.48028,175.826,0,195.316,1,-2,-107,-10,2,33,33,26,28368390,262,1,211,13499,
838.543,6944.48,51.4624,7.48028,175.846,0,195.316,1,4,-107,-10,2,33,32,26,28368390,262,1,211,13499,
839.555,6944.48,51.4624,7.48028,175.851,0,195.316,1,4,-107,-10,2,33,32,26,28368390,262,1,211,13499,
840.547,6944.48,51.4624,7.48028,175.858,0,195.316,1,2,-107,-11,2,33,33,26,28368390,262,1,211,13499,
841.551,6944.48,51.4624,7.48028,175.867,0,195.316,1,2,-107,-11,2,33,33,26,28368390,262,1,211,13499,
842.546,6944.48,51.4624,7.48028,175.878,0,195.316,1,-1,-108,-11,2,32,33,26,28368390,262,1,211,13499,
843.542,6944.48,51.4624,7.48028,175.889,0,195.316,1,-1,-108,-11,2,32,33,26,28368390,262,1,211,13499,
844.55,6944.48,51.4624,7.48028,175.901,0,195.316,1,-3,-108,-11,2,32,32,26,28368390,262,1,211,13499,
845.551,6944.48,51.4624,7.48028,175.915,0,195.316,1,-3,-108,-11,2,32,32,26,28368390,262,1,211,13499,
846.549,6944.48,51.4624,7.48028,175.928,0,195.316,1,1,-109,-11,2,31,31,26,28368390,262,1,211,13499,
847.542,6944.48,51.4624,7.48028,176.035,0,195.316,1,1,-109,-11,2,31,31,26,28368390,262,1,211,13499,
848.543,6951.89,51.4623,7.48026,176.156,0,198.492,1,2,-108,-12,2,32,32,26,28368390,262,1,211,13499,
849.554,6951.89,51.4623,7.48026,176.298,0,199.144,1,2,-108,-12,2,32,32,26,28368390,262,1,211,13499,
850.553,6959.88,51.4623,7.48023,176.433,4.14382,198.478,1,-3,-107,-11,2,33,33,26,28368390,262,1,211,13499,
851.543,6963.56,51.4622,7.48021,177.41,4.30952,197.793,1,-3,-107,-11,2,33,33,26,28368390,262,1,211,13499,
852.546,6967.58,51.4622,7.4802,177.934,4.17109,197.561,1,-3,-107,-11,2,33,33,26,28368390,262,1,211,13499,
853.557,6972.33,51.4621,7.48018,178.143,4.65458,195.331,1,2,-109,-11,2,31,31,26,27771906,262,1,486,13499,
854.551,6977.78,51.4621,7.4802,177.823,4.87097,165.804,1,2,-109,-11,2,31,31,26,27771906,262,1,486,13499,
855.548,6983.49,51.4621,7.48026,177.809,5.25699,128.172,1,-1,-108,-11,2,32,31,26,27771906,262,1,486,13499,
856.538,6991.04,51.462,7.48036,177.567,5.85491,111.609,1,-1,-108,-11,2,32,31,26,27771906,262,1,486,13499,
857.543,6997.17,51.462,7.48045,177.365,6.8659,94.8933,1,-1,-110,-12,2,30,30,26,27771906,262,1,486,13499,
858.529,7004.15,51.462,7.48055,177.312,7.73252,93.5909,1,-1,-110,-12,2,30,30,26,27771906,262,1,486,13499,
859.542,7011.23,51.462,7.48065,177.057,7.28479,92.869,1,8,-111,-13,2,29,30,26,27771906,262,1,486,13499,
860.533,7019.52,51.462,7.48077,176.962,7.75015,91.6848,1,8,-111,-13,2,29,30,26,27771906,262,1,486,13499,
861.541,7028.42,51.462,7.4809,176.643,8.491,90.9073,1,1,-111,-12,2,29,31,26,27771906,262,1,486,13499,
862.55,7037.68,51.462,7.48103,176.593,8.54209,89.9399,1,1,-111,-12,2,29,31,26,27771906,262,1,486,13499,
863.547,7045.98,51.462,7.48115,176.356,9.35716,88.9963,1,4,-110,-12,2,30,31,26,27771906,262,1,486,13499,
864.55,7055.93,51.462,7.48129,176.051,10.6006,90.8567,1,4,-110,-12,2,30,31,26,27771906,262,1,486,13499,
865.55,7066.4,51.462,7.48145,175.599,11.3715,91.7141,1,8,-109,-12,2,31,31,26,27771906,262,1,486,13499,
866.541,7077.44,51.462,7.4816,175.414,11.2846,91.288,1,8,-109,-12,2,31,31,26,27771906,262,1,486,13499,
867.555,7088.16,51.462,7.48176,175.162,11.1794,90.903,1,1,-110,-12,2,30,30,26,27771906,262,1,486,13499,
868.546,7099.33,51.462,7.48192,175.024,10.981,90.7756,1,1,-110,-12,2,30,30,26,27771906,262,1,486,13499,
869.546,7110.28,51.462,7.48208,175.026,11.033,91.0961,1,-1,-110,-11,2,30,29,26,27771906,262,1,486,13499,
870.533,7121.5,51.462,7.48224,175.224,11.4516,90.4854,1,-1,-110,-11,2,30,29,26,27771906,262,1,486,13499,
871.541,7133.78,51.462,7.48242,175.533,12.2546,90.687,1,-1,-110,-11,2,30,29,26,27771906,262,1,486,13499,
872.542,7146.51,51.462,7.4826,175.835,12.44,90.8594,1,1,-110,-12,2,30,30,26,27771906,262,1,486,13499,
873.559,7158.45,51.462,7.48277,176.252,12.1711,89.9696,1,1,-110,-12,2,30,30,26,27771906,262,1,486,13499,
874.557,7171.1,51.462,7.48296,176.647,12.4852,90.9634,1,4,-109,-11,2,31,31,26,27771906,262,1,486,13499,
875.55,7183.43,51.462,7.48313,177.358,12.5128,91.3458,1,4,-109,-11,2,31,31,26,27771906,262,1,486,13499,
876.562,7195.39,51.462,7.48331,178.4,10.9782,88.4537,1,-4,-107,-10,2,33,32,26,27771906,262,1,486,13499,
877.558,7207.67,51.462,7.48348,179.31,7.39934,90.1773,1,-4,-107,-10,2,33,32,26,27771906,262,1,486,13499,
878.528,7218.79,51.462,7.48363,179.676,11.2253,119.152,1,-7,-106,-11,2,34,33,26,27771906,262,1,486,13499,
879.549,7224.9,51.462,7.48371,181.973,11.3266,94.2122,1,-7,-106,-11,2,34,33,26,27771906,262,1,486,13499,
880.55,7233.88,51.462,7.48384,183.58,10.4362,95.107,1,-1,-104,-11,6,36,37,29,27771906,262,1,486,13499,
881.538,7243.77,51.4619,7.48398,183.414,8.40313,107.999,1,-1,-104,-11,6,36,37,29,27771906,262,1,486,13499,
882.553,7255.69,51.4619,7.48413,183.173,8.80014,137.768,1,9,-99,-10,8,41,40,29,27771906,262,1,486,13499,
883.689,7264.69,51.4618,7.48422,183.679,9.51861,154.819,1,9,-99,-10,8,41,40,29,27771906,262,1,486,13499,
884.561,7272.61,51.4618,7.48427,183.703,10.9638,158.627,1,5,-98,-11,11,42,41,29,27771906,262,1,486,13499,
885.531,7284.69,51.4617,7.48433,183.681,12.0466,160.229,1,5,-98,-11,11,42,41,29,27771906,262,1,486,13499,
886.551,7297.46,51.4616,7.48439,183.462,12.394,163.717,1,6,-98,-10,11,42,42,29,27771906,262,1,486,13499,
887.539,7310.57,51.4614,7.48443,183.018,13.7549,166.198,1,6,-98,-10,11,42,42,29,27771906,262,1,486,13499,
888.535,7323.89,51.4613,7.48447,183.094,14.0139,168.168,1,6,-100,-12,5,40,40,29,27771906,262,1,486,13499,
889.56,7338.16,51.4612,7.4845,183.298,14.4683,169.837,1,6,-100,-12,5,40,40,29,27771906,262,1,486,13499,
890.574,7352.68,51.4611,7.48452,183.911,14.4772,171.626,1,5,-96,-10,8,44,43,29,27771906,262,1,486,13499,
891.56,7367.55,51.4609,7.48453,184.685,14.3135,173.771,1,5,-96,-10,8,44,43,29,27771906,262,1,486,13499,
892.556,7383.56,51.4608,7.48454,185.932,14.8176,175.223,1,4,-97,-11,6,43,42,29,27771906,262,1,486,13499,
893.561,7399.18,51.4606,7.48455,186.993,15.0417,176.588,1,4,-97,-11,6,43,42,29,27771906,262,1,486,13499,
894.55,7415.08,51.4605,7.48454,187.613,14.9161,178.043,1,6,-97,-11,6,43,42,29,27771906,262,1,486,13499,
895.55,7431.6,51.4604,7.48453,188.46,14.2992,180.346,1,6,-97,-11,6,43,42,29,27771906,262,1,486,13499,
896.539,7445.94,51.4602,7.48451,189.169,14.0647,182.921,1,2,-101,-11,8,39,39,29,27771906,262,1,486,13499,
897.55,7459.52,51.4601,7.48449,190.252,13.9256,183.705,1,2,-101,-11,8,39,39,29,27771906,262,1,486,13499,
898.54,7474.29,51.46,7.48446,191.623,14.0311,184.901,1,2,-101,-11,8,39,39,29,27771906,262,1,486,13499,
899.537,7488.48,51.4598,7.48442,192.887,14.1087,186.475,1,6,-102,-11,8,38,38,29,27771906,262,1,486,13499,
900.566,7502.81,51.4597,7.48438,194.242,13.6941,187.866,1,6,-102,-11,8,38,38,29,27771906,262,1,486,13499,
901.543,7518.53,51.4596,7.48434,195.416,14.0264,188.804,1,3,-103,-11,8,37,36,29,27771906,262,1,486,13499,
902.555,7534.38,51.4594,7.4843,196,14.1899,189.323,1,3,-103,-11,8,37,36,29,27771906,262,1,486,13499,
903.536,7547.62,51.4593,7.48425,196.57,15.0032,189.859,1,1,-103,-11,4,37,36,29,27771906,262,1,486,13499,
904.545,7562.27,51.4592,7.48421,197.248,14.3256,190.428,1,1,-103,-11,4,37,36,29,27771906,262,1,486,13499,
905.557,7576.95,51.4591,7.48416,197.93,15.4153,189.513,1,2,-102,-11,5,38,37,29,27771906,262,1,486,13499,
906.551,7592.24,51.4589,7.48412,198.699,15.0614,190.379,1,2,-102,-11,5,38,37,29,27771906,262,1,486,13499,
907.563,7608.34,51.4588,7.48407,199.318,15.7007,190.621,1,4,-99,-7,2,41,38,29,27771906,262,1,486,13499,
908.55,7621.91,51.4587,7.48403,199.954,15.3616,191.166,1,4,-99,-7,2,41,38,29,27771906,262,1,486,13499,
909.542,7635.78,51.4585,7.48398,200.345,15.3274,191.979,1,-6,-107,-14,2,33,37,29,30492929,262,1,174,13499,
910.54,7650.9,51.4584,7.48393,200.542,15.5727,191.131,1,-6,-107,-14,2,33,37,29,30492929,262,1,174,13499,
911.55,7667.37,51.4583,7.48387,201.089,15.761,191.92,1,0,-105,-13,2,35,40,29,28371200,262,1,68,13499,
912.54,7682.75,51.4581,7.48383,201.598,15.2214,192.098,1,0,-105,-13,2,35,40,29,28371200,262,1,68,13499,
913.551,7699.78,51.458,7.48377,202.488,15.9846,192.275,1,0,-101,-12,2,39,42,29,28371200,262,1,68,13499,
914.55,7716.89,51.4578,7.48372,203.802,16.3376,191.727,1,0,-101,-12,2,39,42,29,28371200,262,1,68,13499,
915.552,7732.57,51.4577,7.48367,204.774,15.4886,191.8,1,5,-99,-10,2,41,43,29,28371200,262,1,68,13499,
916.549,7747.25,51.4576,7.48363,205.913,14.8009,191.378,1,5,-99,-10,2,41,43,29,28371200,262,1,68,13499,
917.542,7763.53,51.4574,7.48359,207.126,15.6569,191.913,1,5,-99,-10,2,41,43,29,28371200,262,1,68,13499,
918.545,7779.93,51.4573,7.48354,208.097,15.5409,191.03,1,4,-96,-10,2,44,45,29,28371200,262,1,68,13499,
919.541,7795.45,51.4571,7.4835,208.859,16.0764,191.692,1,4,-96,-10,2,44,45,29,28371200,262,1,68,13499,
920.562,7812.16,51.457,7.48345,209.837,16.2522,191.071,1,4,-95,-10,2,45,47,29,28371200,262,1,68,13499,
921.571,7829.19,51.4568,7.4834,210.686,16.235,190.511,1,4,-95,-10,2,45,47,29,28371200,262,1,68,13499,
922.543,7845.66,51.4567,7.48336,211.424,16.1083,190.029,1,0,-94,-11,2,46,48,29,28371200,262,1,68,13499,
923.554,7862.84,51.4565,7.48332,212.042,15.758,189.39,1,0,-94,-11,2,46,48,29,28371200,262,1,68,13499,
924.562,7878.63,51.4564,7.48329,212.743,16.0195,188.372,1,8,-95,-11,2,45,49,29,28371200,262,1,68,13499,
925.558,7893.44,51.4563,7.48327,213.579,15.8168,187.562,1,8,-95,-11,2,45,49,29,28371200,262,1,68,13499,
926.554,7909.44,51.4561,7.48324,214.276,15.8039,186.693,1,-1,-95,-13,2,45,50,29,28371200,262,1,68,13499,
927.561,7925.5,51.456,7.48322,214.612,15.8287,185.075,1,-1,-95,-13,2,45,50,29,28371200,262,1,68,13499,
928.533,7943.04,51.4558,7.4832,214.958,16.0172,184.085,1,4,-92,-12,2,48,50,29,28371202,262,1,67,13499,
929.549,7960.05,51.4557,7.4832,215.442,16.1507,182.369,1,4,-92,-12,2,48,50,29,28371202,262,1,67,13499,
930.544,7976.56,51.4555,7.48322,215.844,16.1604,180.362,1,5,-89,-11,2,51,51,29,28371202,262,1,67,13499,
931.54,7993.45,51.4554,7.48324,216.56,16.3426,178.601,1,5,-89,-11,2,51,51,29,28371202,262,1,67,13499,
932.54,8010.42,51.4552,7.48327,217.316,16.9163,176.181,1,7,-89,-11,2,51,50,29,28371202,262,1,67,13499,
933.555,8024.27,51.4551,7.4833,218.144,16.5186,174.557,1,7,-89,-11,2,51,50,29,28371202,262,1,67,13499,
934.55,8041.75,51.4549,7.48335,218.928,16.9807,171.762,1,15,-92,-10,2,48,47,29,28371202,262,1,67,13499,
935.538,8058.16,51.4548,7.48341,219.696,17.0953,168.763,1,15,-92,-10,2,48,47,29,28371202,262,1,67,13499,
936.57,8076.3,51.4546,7.48348,220.331,16.6397,165.812,1,17,-89,-9,2,51,49,29,28371202,262,1,67,13499,
937.557,8095.55,51.4545,7.48358,220.858,17.3409,162.648,1,17,-89,-9,2,51,49,29,28371202,262,1,67,13499,
938.547,8112.16,51.4544,7.48369,221.715,17.771,159.565,1,12,-95,-10,8,45,46,5,28371202,262,1,67,13499,
939.545,8130.53,51.4542,7.48381,222.442,17.7266,155.963,1,12,-95,-10,8,45,46,5,28371202,262,1,67,13499,
940.562,8148.45,51.4541,7.48396,223.169,17.668,152.512,1,12,-95,-10,8,45,46,5,28371202,262,1,67,13499,
941.561,8167.45,51.4539,7.48412,224.07,18.4742,149.182,1,8,-96,-10,7,44,46,5,28371202,262,1,67,13499,
942.544,8185.73,51.4538,7.48431,224.854,17.7648,136.626,1,8,-96,-10,7,44,46,5,28371202,262,1,67,13499,
943.551,8205.57,51.4537,7.48451,225.693,17.667,135.7,1,10,-93,-10,7,47,48,5,28371202,262,1,67,13499,
944.536,8225.49,51.4536,7.48471,226.278,18.1578,136.147,1,10,-93,-10,7,47,48,5,28371202,262,1,67,13499,
945.539,8244.43,51.4534,7.48491,226.939,18.0289,135.616,1,13,-89,-8,10,51,52,5,28371202,262,1,67,13499,
946.551,8262.63,51.4533,7.48509,227.506,17.3995,135.091,1,13,-89,-8,10,51,52,5,28371202,262,1,67,13499,
947.567,8280.22,51.4532,7.48528,228.016,16.7968,134.249,1,25,-83,-9,13,57,58,5,28371202,262,1,67,13499,
948.554,8296.62,51.4531,7.48546,228.566,16.4766,133.883,1,25,-83,-9,13,57,58,5,28371202,262,1,67,13499,
949.541,8310.31,51.4531,7.48562,229.546,16.1757,132.756,1,25,-83,-9,12,57,58,5,28371202,262,1,67,13499,
950.548,8325.05,51.453,7.48578,230.529,16.0775,132.391,1,25,-83,-9,12,57,58,5,28371202,262,1,67,13499,
951.541,8340.05,51.4529,7.48595,231.657,16.4629,133.526,1,13,-83,-9,12,57,58,5,28371202,262,1,67,13499,
952.559,8355.68,51.4528,7.48612,232.372,15.7977,133.992,1,13,-83,-9,12,57,58,5,28371202,262,1,67,13499,
953.541,8372.13,51.4527,7.48629,232.966,16.0355,135.798,1,22,-80,-6,2,60,57,5,28371202,262,1,67,13499,
954.548,8388.55,51.4526,7.48646,233.172,15.8497,136.773,1,22,-80,-6,2,60,57,5,28371202,262,1,67,13499,
955.558,8405.56,51.4525,7.48662,233.671,16.1968,138.844,1,19,-84,-8,2,56,56,5,28371202,262,1,67,13499,
956.548,8422.36,51.4524,7.48677,234.17,16.062,141.608,1,19,-84,-8,2,56,56,5,28371202,262,1,67,13499,
957.532,8438.28,51.4522,7.4869,235.073,16.2354,143.863,1,18,-83,-9,2,57,58,5,28371202,262,1,67,13499,
958.558,8455.02,51.4521,7.48703,236.102,16.3987,146.514,1,18,-83,-9,2,57,58,5,28371202,262,1,67,13499,
959.53,8470.6,51.452,7.48714,237.025,15.5347,148.431,1,13,-84,-10,2,56,57,5,28371202,262,1,67,13499,
960.551,8485.99,51.4519,7.48725,237.696,14.61,150.372,1,13,-84,-10,2,56,57,5,28371202,262,1,67,13499,
961.542,8501.67,51.4517,7.48735,238.324,14.4579,152.847,1,11,-86,-10,2,54,55,5,28371202,262,1,67,13499,
962.538,8514.14,51.4516,7.48741,238.888,11.4327,154.458,1,11,-86,-10,2,54,55,5,28371202,262,1,67,13499,
963.551,8528.35,51.4515,7.48749,239.647,12.6268,155.121,1,11,-86,-10,2,54,55,5,28371202,262,1,67,13499,
964.67,8543.23,51.4514,7.48756,240.353,14.1751,156.681,1,20,-87,-10,2,53,54,5,28371202,262,1,67,13499,
965.597,8557.75,51.4513,7.48763,241.08,13.1948,157.338,1,20,-87,-10,2,53,54,5,28371202,262,1,67,13499,
966.54,8571.11,51.4511,7.48768,241.594,12.5979,158.141,1,7,-91,-10,8,49,52,5,28371202,262,1,67,13499,
967.537,8584.71,51.451,7.48775,241.804,12.7292,158.768,1,7,-91,-10,8,49,52,5,28371202,262,1,67,13499,
968.539,8598.81,51.4509,7.48781,241.995,13.0693,159.198,1,7,-94,-11,9,46,47,5,28371202,262,1,67,13499,
