0.227,0,51.4903,7.41236,160.175,3.42534,67.3416,1,10,-91,-7,13,49,44,7,26385408,262,1,95,13499,
1.301,7.13625,51.4903,7.41245,161.601,3.7091,64.8123,1,11,-90,-6,11,50,47,7,26385408,262,1,95,13499,
2.326,16.5196,51.4903,7.41257,162.594,4.12082,79.331,1,11,-90,-6,11,50,47,7,26385408,262,1,95,13499,
3.377,27.2589,51.4904,7.41272,163.715,10.4347,77.0527,1,28,-86,-6,10,54,51,7,26385408,262,1,95,13499,
4.427,38.2876,51.4904,7.41288,164.62,10.4347,77.0527,1,28,-86,-6,10,54,51,7,26385408,262,1,95,13499,
5.447,50.7628,51.4904,7.41305,165.514,12.3001,77.3831,1,18,-84,-5,13,56,52,7,26385408,262,1,95,13499,
6.44,63.1969,51.4904,7.41323,166.159,12.649,77.7199,1,18,-84,-5,13,56,52,7,26385408,262,1,95,13499,
7.441,75.7016,51.4904,7.41341,166.387,12.8454,78.0212,1,26,-87,-7,12,53,52,7,26385408,262,1,95,13499,
8.44,88.7066,51.4905,7.4136,166.424,13.1937,78.8491,1,26,-87,-7,12,53,52,7,26385408,262,1,95,13499,
9.441,101.843,51.4905,7.41378,165.865,13.1622,78.6382,1,18,-89,-7,12,51,50,7,26385408,262,1,95,13499,
10.44,115.051,51.4905,7.41397,165.006,13.1606,78.5115,1,18,-89,-7,12,51,50,7,26385408,262,1,95,13499,
11.441,128.139,51.4905,7.41416,164.235,13.1838,77.7275,1,28,-87,-6,10,53,52,7,26385408,262,1,95,13499,
12.44,141.287,51.4905,7.41435,163.621,13.1706,77.9335,1,28,-87,-6,10,53,52,7,26385408,262,1,95,13499,
13.44,154.324,51.4906,7.41453,163.027,13.0207,78.3794,1,16,-83,-7,11,57,57,7,26385408,262,1,95,13499,
14.44,167.42,51.4906,7.41472,162.541,13.0061,78.7324,1,16,-83,-7,11,57,57,7,26385408,262,1,95,13499,
15.441,180.506,51.4906,7.4149,162.18,12.8467,79.2135,1,24,-89,-7,10,51,50,7,26385408,262,1,95,13499,
16.44,193.241,51.4906,7.41508,161.857,12.7868,79.9769,1,24,-89,-7,10,51,50,7,26385408,262,1,95,13499,
17.448,206.501,51.4906,7.41527,161.579,12.9924,81.246,1,8,-85,-8,2,55,54,7,26385408,262,1,95,13499,
18.441,219.393,51.4907,7.41546,161.152,13.1724,83.03,1,8,-85,-8,2,55,54,7,26385408,262,1,95,13499,
19.441,231.846,51.4907,7.41564,160.419,13.0169,84.6902,1,8,-85,-8,2,55,54,7,26385408,262,1,95,13499,
20.441,245.106,51.4907,7.41583,159.908,12.9016,86.6101,1,21,-83,-7,2,57,56,7,29391105,262,1,351,13499,
21.441,257.85,51.4907,7.41601,159.515,12.8933,89.2111,1,21,-83,-7,2,57,56,7,29391105,262,1,351,13499,
22.44,270.813,51.4907,7.4162,159.162,12.8052,92.0788,1,24,-81,-6,2,59,57,7,29391105,262,1,351,13499,
23.441,283.227,51.4906,7.41638,158.955,11.5801,94.8278,1,24,-81,-6,2,59,57,7,29391105,262,1,351,13499,
24.441,295.424,51.4906,7.41655,158.961,10.0704,97.5089,1,23,-81,-6,2,59,56,7,29391105,262,1,351,13499,
25.441,306.908,51.4906,7.41671,159.005,8.86168,99.3044,1,23,-81,-6,2,59,56,7,29391105,262,1,351,13499,
26.441,314.459,51.4906,7.41682,158.696,7.39281,101.109,1,20,-82,-7,2,58,57,7,29391105,262,1,351,13499,
27.44,318.93,51.4906,7.41688,158.201,5.13097,102.142,1,20,-82,-7,2,58,57,7,29391105,262,1,351,13499,
28.441,320.943,51.4906,7.41691,158.166,1.87761,101.441,1,31,-82,-7,2,58,56,7,29391105,262,1,351,13499,
29.44,320.943,51.4906,7.41691,158.164,0,101.441,1,31,-82,-7,2,58,56,7,29391105,262,1,351,13499,
30.441,320.943,51.4906,7.41691,158.164,0,101.441,1,30,-76,-6,14,64,63,5,29391105,262,1,351,13499,
31.441,320.943,51.4906,7.41691,158.164,0,101.441,1,30,-76,-6,14,64,63,5,29391105,262,1,351,13499,
32.441,320.943,51.4906,7.41691,158.162,0,101.441,1,32,-74,-5,15,66,63,5,29391105,262,1,351,13499,
33.441,320.943,51.4906,7.41691,158.144,0,101.441,1,32,-74,-5,15,66,63,5,29391105,262,1,351,13499,
34.441,320.943,51.4906,7.41691,158.12,0,101.441,1,32,-75,-5,15,65,63,5,29391105,262,1,351,13499,
35.441,320.943,51.4906,7.41691,158.09,0,101.441,1,32,-75,-5,15,65,63,5,29391105,262,1,351,13499,
36.441,320.943,51.4906,7.41691,158.056,0,101.441,1,32,-75,-5,15,65,63,5,29391105,262,1,351,13499,
37.44,320.943,51.4906,7.41691,158.012,0,101.441,1,32,-75,-5,15,65,63,5,29391105,262,1,351,13499,
38.44,320.943,51.4906,7.41691,157.962,0,101.441,1,31,-75,-5,14,65,63,5,29391105,262,1,351,13499,
39.441,320.943,51.4906,7.41691,157.535,0,101.441,1,31,-75,-5,14,65,63,5,29391105,262,1,351,13499,
40.445,320.943,51.4906,7.41691,153.967,0,101.441,1,30,-76,-5,14,64,62,5,29391105,262,1,351,13499,
41.443,320.943,51.4906,7.41691,151.192,0,95.0593,1,30,-76,-5,14,64,62,5,29391105,262,1,351,13499,
42.441,320.943,51.4906,7.41691,149.177,0,49.8558,1,30,-76,-5,14,64,62,5,29391105,262,1,351,13499,
43.441,338.817,51.4906,7.41711,148.378,6.20349,34.3444,1,27,-85,-8,12,55,54,5,29391105,262,1,351,13499,
44.441,345.237,51.4907,7.41713,148.368,7.52462,355.777,1,27,-85,-8,12,55,54,5,29391105,262,1,351,13499,
45.441,352.558,51.4908,7.41713,149.01,8.03313,353.584,1,18,-89,-6,11,51,48,5,29391105,262,1,351,13499,
46.44,357.981,51.4908,7.41713,150.159,5.73928,352.833,1,18,-89,-6,11,51,48,5,29391105,262,1,351,13499,
47.441,364.274,51.4909,7.41717,151.078,5.13613,30.0234,1,12,-91,-6,10,49,47,5,29391105,262,1,351,13499,
48.441,369.696,51.4909,7.41724,151.756,6.54303,63.7983,1,12,-91,-6,10,49,47,5,29391105,262,1,351,13499,
49.441,377.24,51.4909,7.41735,152.472,7.76501,91.173,1,16,-92,-7,10,48,46,5,29391105,262,1,351,13499,
50.441,386.63,51.4909,7.41748,153.071,9.15005,91.9315,1,16,-92,-7,10,48,46,5,29391105,262,1,351,13499,
51.441,397.254,51.4909,7.41764,153.752,9.71063,92.3802,1,10,-98,-8,11,42,40,5,29391105,262,1,351,13499,
52.441,407.539,51.4909,7.41779,154.183,9.96587,92.7715,1,10,-98,-8,11,42,40,5,29391105,262,1,351,13499,
53.44,418.301,51.4909,7.41794,154.667,10.5866,93.4035,1,18,-93,-7,11,47,45,5,29391105,262,1,351,13499,
54.44,428.746,51.4909,7.41809,155.084,10.7371,93.9955,1,18,-93,-7,11,47,45,5,29391105,262,1,351,13499,
55.44,439.324,51.4909,7.41824,155.201,10.1136,95.5642,1,21,-93,-6,1,47,45,5,29391105,262,1,351,13499,
56.441,448.793,51.4909,7.41838,154.91,9.69805,99.0513,1,21,-93,-6,1,47,45,5,29391105,262,1,351,13499,
57.441,460.137,51.4908,7.41853,154.898,10.0213,113.87,1,13,-93,-6,9,47,43,5,29391105,262,1,351,13499,
58.44,469.729,51.4908,7.41865,155.069,10.1189,116.393,1,13,-93,-6,9,47,43,5,29391105,262,1,351,13499,
59.441,479.68,51.4907,7.41876,155.09,10.4632,129.682,1,13,-99,-7,10,41,39,5,29391105,262,1,351,13499,
60.441,490.308,51.4907,7.41888,155.046,10.3721,130.571,1,13,-99,-7,10,41,39,5,29391105,262,1,351,13499,
61.44,501.291,51.4906,7.41899,154.547,10.8749,132.185,1,13,-99,-7,10,41,39,5,29391105,262,1,351,13499,
62.44,512.489,51.4905,7.4191,154.096,10.8714,134.418,1,7,-99,-7,6,41,39,16,28365056,262,1,222,13499,
63.44,524.455,51.4904,7.41921,153.972,10.7619,135.566,1,7,-99,-7,6,41,39,16,28365056,262,1,222,13499,
64.44,536.316,51.4903,7.41933,153.743,10.7471,136.288,1,8,-100,-7,11,40,39,16,28365056,262,1,222,13499,
65.441,546.942,51.4903,7.41942,153.493,10.6965,136.812,1,8,-100,-7,11,40,39,16,28365056,262,1,222,13499,
66.441,557.217,51.4902,7.41951,153.123,10.6603,137.65,1,8,-100,-7,11,40,40,16,28365056,262,1,222,13499,
67.441,567.944,51.4901,7.41961,152.653,10.6168,138.215,1,8,-100,-7,11,40,40,16,28365056,262,1,222,13499,
68.44,579.186,51.49,7.41971,152.117,10.642,137.469,1,8,-102,-9,6,38,38,16,28365056,262,1,222,13499,
69.441,589.828,51.49,7.41981,151.541,10.5642,137.539,1,8,-102,-9,6,38,38,16,28365056,262,1,222,13499,
70.441,600.351,51.4899,7.41991,150.938,10.6216,138.405,1,7,-100,-9,9,40,40,16,28365056,262,1,222,13499,
71.441,610.543,51.4898,7.42001,150.546,10.5332,139.919,1,7,-100,-9,9,40,40,16,28365056,262,1,222,13499,
72.441,620.748,51.4898,7.4201,150.053,10.3805,141.875,1,9,-97,-8,11,43,42,16,28365056,262,1,222,13499,
73.441,630.512,51.4897,7.42019,149.861,10.1524,142.871,1,9,-97,-8,11,43,42,16,28365056,262,1,222,13499,
74.441,641.64,51.4896,7.42028,149.491,9.96401,143.484,1,9,-98,-8,11,42,42,16,28365056,262,1,222,13499,
75.441,651.759,51.4895,7.42037,149.041,9.89159,144.351,1,9,-98,-8,11,42,42,16,28365056,262,1,222,13499,
76.44,660.961,51.4895,7.42045,148.661,9.3515,143.832,1,11,-96,-6,9,44,41,16,28365056,262,1,222,13499,
77.44,670.037,51.4894,7.42053,148.342,9.0103,141.738,1,11,-96,-6,9,44,41,16,28365056,262,1,222,13499,
78.441,678.355,51.4894,7.42062,148.119,8.83969,125.75,1,10,-102,-7,7,38,36,16,28365056,262,1,222,13499,
79.44,684.715,51.4894,7.42071,147.531,8.49038,106.107,1,10,-102,-7,7,38,36,16,28365056,262,1,222,13499,
80.441,691.977,51.4893,7.42082,147.323,7.46543,104.811,1,10,-103,-7,7,37,36,16,28365056,262,1,222,13499,
81.44,698.093,51.4893,7.4209,147.18,5.138,103.725,1,10,-103,-7,7,37,36,16,28365056,262,1,222,13499,
82.441,703.833,51.4893,7.42098,147.145,3.87512,122.346,1,7,-103,-9,9,37,37,16,28365056,262,1,222,13499,
83.441,708.19,51.4893,7.42101,146.932,4.28987,161.314,1,7,-103,-9,9,37,37,16,28365056,262,1,222,13499,
84.441,714.98,51.4892,7.421,147.12,6.5219,195.054,1,7,-103,-9,9,37,37,16,28365056,262,1,222,13499,
85.44,721.835,51.4891,7.42097,147.517,7.12391,197.731,1,2,-101,-8,2,39,38,16,28365056,262,1,222,13499,
86.441,730.138,51.4891,7.42094,147.685,9.22132,196.739,1,2,-101,-8,2,39,38,16,28365056,262,1,222,13499,
87.44,740.84,51.489,7.4209,147.691,9.71344,195.763,1,10,-101,-8,2,39,38,16,28365056,262,1,222,13499,
88.441,750.897,51.4889,7.42087,147.823,9.55459,196.584,1,10,-101,-8,2,39,38,16,28365056,262,1,222,13499,
89.44,761.645,51.4888,7.42083,148.263,9.32521,195.798,1,-2,-100,-9,2,40,40,16,28365056,262,1,222,13499,
90.44,772.885,51.4887,7.42079,148.623,9.67455,195.254,1,-2,-100,-9,2,40,40,16,28365056,262,1,222,13499,
91.441,781.086,51.4886,7.42075,149.318,6.83968,195.856,1,9,-94,-7,2,46,45,16,29391105,262,1,351,13499,
92.44,785.493,51.4886,7.42074,149.37,3.9533,198.316,1,9,-94,-7,2,46,45,16,29391105,262,1,351,13499,
93.441,788.892,51.4886,7.42075,149.71,3.08065,151.057,1,7,-88,-6,2,52,49,16,29391105,262,1,351,13499,
94.44,793.392,51.4886,7.42081,148.857,4.68902,111.618,1,7,-88,-6,2,52,49,16,29391105,262,1,351,13499,
95.441,799.618,51.4885,7.4209,148.216,6.28995,98.4341,1,4,-89,-7,2,51,49,16,29391105,262,1,351,13499,
96.44,808.422,51.4885,7.42102,147.721,9.21358,98.1122,1,4,-89,-7,2,51,49,16,29391105,262,1,351,13499,
97.44,817.689,51.4885,7.42116,147.697,8.54247,97.4868,1,2,-90,-7,2,50,49,16,29391105,262,1,351,13499,
98.441,826.782,51.4885,7.42128,147.909,8.48035,114.962,1,2,-90,-7,2,50,49,16,29391105,262,1,351,13499,
99.441,836.124,51.4884,7.4214,148.426,8.98989,128.478,1,5,-92,-9,2,48,49,16,29391105,262,1,351,13499,
100.44,845.565,51.4884,7.42151,148.749,9.29766,129.29,1,5,-92,-9,2,48,49,16,29391105,262,1,351,13499,
101.44,854.677,51.4883,7.42161,148.408,9.36733,129.896,1,5,-92,-9,2,48,49,16,29391105,262,1,351,13499,
102.44,863.636,51.4883,7.42171,148.261,9.07045,130.228,1,4,-93,-9,2,47,49,16,29391105,262,1,351,13499,
103.441,872.847,51.4882,7.42181,147.939,8.99256,129.248,1,4,-93,-9,2,47,49,16,29391105,262,1,351,13499,
104.44,882.037,51.4882,7.42192,147.702,8.82791,127.763,1,8,-93,-9,2,47,48,16,29391105,262,1,351,13499,
105.441,891.121,51.4881,7.42203,147.437,8.4243,125.274,1,8,-93,-9,2,47,48,16,29391105,262,1,351,13499,
106.441,900.058,51.4881,7.42214,147.155,8.15665,121.923,1,1,-96,-9,2,44,45,16,29391105,262,1,351,13499,
107.44,909.066,51.4881,7.42227,147.229,8.74249,104.688,1,1,-96,-9,2,44,45,16,29391105,262,1,351,13499,
108.441,917.399,51.4881,7.42238,147.162,8.82234,105.353,1,10,-97,-10,2,43,43,16,29391105,262,1,351,13499,
109.441,925.797,51.4881,7.4225,146.991,8.79323,105.016,1,10,-97,-10,2,43,43,16,29391105,262,1,351,13499,
110.441,934.482,51.488,7.42262,147.045,8.79795,104.187,1,1,-100,-11,8,40,42,11,29391105,262,1,351,13499,
111.441,943.035,51.488,7.42274,146.665,8.85088,104.208,1,1,-100,-11,8,40,42,11,29391105,262,1,351,13499,
112.441,951.863,51.488,7.42287,146.105,9.43887,104.47,1,-2,-101,-12,12,39,43,11,29391105,262,1,351,13499,
113.441,961.86,51.488,7.42301,145.518,9.70658,104.845,1,-2,-101,-12,12,39,43,11,29391105,262,1,351,13499,
114.441,971.495,51.488,7.42314,145.105,9.66987,105.156,1,-1,-96,-8,6,44,43,14,28365056,262,1,222,13499,
115.44,981.978,51.4879,7.42329,144.962,9.65967,104.678,1,-1,-96,-8,6,44,43,14,28365056,262,1,222,13499,
116.441,991.553,51.4879,7.42343,144.913,9.49233,106.212,1,9,-96,-10,11,44,45,14,28365056,262,1,222,13499,
117.441,1001.49,51.4879,7.42356,145.27,9.12313,108.087,1,9,-96,-10,11,44,45,14,28365056,262,1,222,13499,
118.441,1010.98,51.4878,7.42368,145.772,9.50184,123.07,1,7,-94,-8,9,46,45,14,28365056,262,1,222,13499,
119.441,1021.1,51.4878,7.4238,146.237,9.99803,125.521,1,7,-94,-8,9,46,45,14,28365056,262,1,222,13499,
120.441,1030.59,51.4877,7.4239,146.69,10.0016,127.829,1,18,-94,-10,10,46,47,14,28365056,262,1,222,13499,
121.441,1041,51.4877,7.42401,146.816,10.1716,130.319,1,18,-94,-10,10,46,47,14,28365056,262,1,222,13499,
122.441,1051.36,51.4876,7.42411,146.537,10.7595,134.297,1,25,-92,-9,7,48,48,14,28365056,262,1,222,13499,
123.441,1063.38,51.4875,7.42422,146.352,11.1624,138.022,1,25,-92,-9,7,48,48,14,28365056,262,1,222,13499,
124.445,1076.88,51.4874,7.42433,145.856,11.1956,140.389,1,6,-94,-11,10,46,48,14,28365056,262,1,222,13499,
125.44,1089.36,51.4873,7.42443,144.955,11.5688,141.891,1,6,-94,-11,10,46,48,14,28365056,262,1,222,13499,
126.441,1100.6,51.4872,7.42452,144.369,11.628,142.278,1,6,-94,-11,10,46,48,14,28365056,262,1,222,13499,
127.441,1112.34,51.4872,7.42462,143.728,12.126,139.686,1,13,-95,-10,6,45,47,14,28365056,262,1,222,13499,
128.445,1124.09,51.4871,7.42473,143.072,12.4078,137.83,1,13,-95,-10,6,45,47,14,28365056,262,1,222,13499,
129.44,1136.46,51.487,7.42486,142.393,12.5923,134.713,1,-2,-96,-11,5,44,46,14,28365056,262,1,222,13499,
130.441,1150.22,51.4869,7.42501,141.704,12.899,131.84,1,-2,-96,-11,5,44,46,14,28365056,262,1,222,13499,
131.441,1163.37,51.4868,7.42515,141.093,13.2006,132.108,1,-1,-92,-8,6,48,48,10,28367106,262,1,103,13499,
132.441,1175.76,51.4868,7.42528,140.408,12.8994,132.084,1,-1,-92,-8,6,48,48,10,28367106,262,1,103,13499,
133.441,1188.15,51.4867,7.42542,139.697,12.6576,131.233,1,7,-92,-8,12,48,48,10,28367106,262,1,103,13499,
134.44,1200.73,51.4866,7.42555,138.976,12.7403,130.939,1,7,-92,-8,12,48,48,10,28367106,262,1,103,13499,
135.44,1213.18,51.4865,7.42569,138.103,12.7271,131.421,1,10,-87,-7,14,53,53,10,28367106,262,1,103,13499,
136.441,1225.94,51.4865,7.42583,136.964,12.625,132.969,1,10,-87,-7,14,53,53,10,28367106,262,1,103,13499,
137.44,1240.08,51.4864,7.42597,136.03,12.6807,135.429,1,18,-87,-7,11,53,51,10,28367106,262,1,103,13499,
138.441,1253.12,51.4863,7.4261,135.129,12.5921,137.048,1,18,-87,-7,11,53,51,10,28367106,262,1,103,13499,
139.441,1266.06,51.4862,7.42622,134.222,13.1101,137.719,1,19,-83,-6,12,57,55,10,28367106,262,1,103,13499,
140.441,1279.39,51.4861,7.42635,133.353,13.3377,136.55,1,19,-83,-6,12,57,55,10,28367106,262,1,103,13499,
141.44,1292.72,51.486,7.42649,132.516,13.2017,133.542,1,14,-88,-6,12,52,47,10,28367106,262,1,103,13499,
142.44,1304.19,51.486,7.42661,131.216,12.7631,130.45,1,14,-88,-6,12,52,47,10,28367106,262,1,103,13499,
143.441,1316.73,51.4859,7.42676,130.123,12.6275,127.644,1,18,-88,-6,15,52,49,10,28367106,262,1,103,13499,
144.441,1329.91,51.4858,7.42692,129.022,12.5258,125.365,1,18,-88,-6,15,52,49,10,28367106,262,1,103,13499,
145.441,1342.38,51.4858,7.42707,127.809,12.1299,123.841,1,19,-92,-6,10,48,45,10,28367106,262,1,103,13499,
146.44,1355.17,51.4857,7.42723,126.859,11.9409,124.347,1,19,-92,-6,10,48,45,10,28367106,262,1,103,13499,
147.441,1367.77,51.4856,7.42737,126.398,11.9017,128.316,1,13,-91,-6,10,49,47,10,28367106,262,1,103,13499,
148.44,1379.14,51.4855,7.42746,126.351,11.7929,145.901,1,13,-91,-6,10,49,47,10,28367106,262,1,103,13499,
149.44,1390.65,51.4855,7.42756,126.344,11.6159,145.318,1,16,-94,-7,14,46,44,10,28367106,262,1,103,13499,
150.44,1402.03,51.4854,7.42766,126.221,10.9828,144.899,1,16,-94,-7,14,46,44,10,28367106,262,1,103,13499,
151.441,1411.1,51.4853,7.42773,126.154,8.9363,145.554,1,11,-90,-6,12,50,48,10,28367106,262,1,103,13499,
152.441,1420.88,51.4852,7.42778,126.354,8.56828,165.572,1,11,-90,-6,12,50,48,10,28367106,262,1,103,13499,
153.441,1429.76,51.4852,7.42781,126.501,9.06007,167.954,1,11,-90,-6,12,50,48,10,28367106,262,1,103,13499,
154.44,1438.39,51.4851,7.42783,126.249,9.6694,167.692,1,14,-93,-7,10,47,45,10,28367106,262,1,103,13499,
155.44,1448.32,51.485,7.42786,126.086,10.4902,166.184,1,14,-93,-7,10,47,45,10,28367106,262,1,103,13499,
156.44,1458.56,51.4849,7.4279,126.061,10.2448,164.882,1,11,-91,-6,9,49,47,10,28367106,262,1,103,13499,
157.441,1469.35,51.4848,7.42794,126.499,10.6354,164.487,1,11,-91,-6,9,49,47,10,28367106,262,1,103,13499,
158.44,1480.55,51.4847,7.42799,126.705,11.1127,164.047,1,18,-86,-6,12,54,51,10,28367106,262,1,103,13499,
159.441,1492.25,51.4846,7.42804,127.705,10.7888,163.386,1,18,-86,-6,12,54,51,10,28367106,262,1,103,13499,
160.441,1503.73,51.4845,7.4281,128.941,10.3781,162.672,1,14,-87,-6,10,53,50,10,28367106,262,1,103,13499,
161.441,1514.79,51.4844,7.42815,130.169,9.53421,161.676,1,14,-87,-6,10,53,50,10,28367106,262,1,103,13499,
162.441,1524.18,51.4843,7.4282,131.223,9.57579,162.108,1,13,-86,-6,10,54,51,10,28367106,262,1,103,13499,
163.441,1534.48,51.4843,7.42825,131.899,10.1933,161.755,1,13,-86,-6,10,54,51,10,28367106,262,1,103,13499,
164.441,1544.04,51.4842,7.42829,132.398,9.77591,161.211,1,19,-85,-6,12,55,52,10,28367106,262,1,103,13499,
165.441,1552.72,51.4841,7.42833,132.535,8.32184,161.482,1,19,-85,-6,12,55,52,10,28367106,262,1,103,13499,
166.44,1561.76,51.484,7.42837,133.239,8.87418,161.181,1,16,-87,-6,2,53,49,10,28367106,262,1,103,13499,
167.441,1571.51,51.4839,7.42841,133.19,8.72751,161.655,1,16,-87,-6,2,53,49,10,28367106,262,1,103,13499,
168.441,1582.27,51.4838,7.42846,133.272,8.88115,160.989,1,11,-88,-6,2,52,48,10,28367106,262,1,103,13499,
169.441,1594.28,51.4837,7.42851,134.203,10.427,160.702,1,11,-88,-6,2,52,48,10,28367106,262,1,103,13499,
170.441,1606,51.4836,7.42856,134.825,11.6083,159.768,1,8,-87,-6,2,53,49,10,28367106,262,1,103,13499,
171.441,1617.82,51.4835,7.42861,135.505,9.71523,160.685,1,8,-87,-6,2,53,49,10,28367106,262,1,103,13499,
172.44,1628.12,51.4834,7.42866,136.208,8.49317,161.984,1,8,-87,-6,2,53,49,10,28367106,262,1,103,13499,
173.44,1638.37,51.4834,7.4287,136.545,8.92851,162.604,1,14,-88,-6,2,52,48,10,28367106,262,1,103,13499,
174.44,1646.86,51.4833,7.42874,136.135,8.44484,162.106,1,14,-88,-6,2,52,48,10,28367106,262,1,103,13499,
175.441,1655.96,51.4832,7.42877,136.346,8.14679,163.069,1,15,-90,-7,2,50,48,10,28367106,262,1,103,13499,
176.441,1665.56,51.4831,7.4288,136.292,7.40888,163.958,1,15,-90,-7,2,50,48,10,28367106,262,1,103,13499,
177.44,1675.37,51.483,7.42883,136.483,7.10857,165.491,1,7,-89,-6,2,51,48,10,28367106,262,1,103,13499,
178.441,1685.32,51.483,7.42886,136.74,5.9655,166.867,1,7,-89,-6,2,51,48,10,28367106,262,1,103,13499,
179.447,1692.89,51.4829,7.42888,136.931,5.3133,168.358,1,17,-88,-7,11,52,49,7,28367106,262,1,103,13499,
180.45,1699.61,51.4828,7.4289,137.058,4.20976,169.62,1,17,-88,-7,11,52,49,7,28367106,262,1,103,13499,
181.44,1703.08,51.4828,7.4289,137.112,3.19673,170.057,1,13,-90,-7,5,50,48,7,28367106,262,1,103,13499,
182.441,1705.79,51.4828,7.4289,137.172,2.25558,172.183,1,13,-90,-7,5,50,48,7,28367106,262,1,103,13499,
183.442,1707.32,51.4828,7.4289,137.2,1.10639,172.183,1,9,-90,-6,10,50,48,7,28367106,262,1,103,13499,
184.454,1707.32,51.4828,7.4289,137.201,0,172.183,1,9,-90,-6,10,50,48,7,28367106,262,1,103,13499,
185.44,1707.32,51.4828,7.4289,137.202,0,172.183,1,10,-89,-6,8,51,48,7,28367106,262,1,103,13499,
186.445,1707.32,51.4828,7.4289,137.205,0,172.183,1,10,-89,-6,8,51,48,7,28367106,262,1,103,13499,
187.441,1707.32,51.4828,7.4289,137.207,0,172.183,1,11,-89,-6,8,51,48,7,28367106,262,1,103,13499,
188.441,1707.32,51.4828,7.4289,137.208,0,172.183,1,11,-89,-6,8,51,48,7,28367106,262,1,103,13499,
189.441,1707.32,51.4828,7.4289,137.205,0,172.183,1,10,-89,-6,8,51,48,7,28367106,262,1,103,13499,
190.441,1707.32,51.4828,7.4289,137.201,0,172.183,1,10,-89,-6,8,51,48,7,28367106,262,1,103,13499,
191.441,1707.32,51.4828,7.4289,137.191,0,172.183,1,22,-89,-6,8,51,48,7,28367106,262,1,103,13499,
192.441,1707.32,51.4828,7.4289,137.175,0,172.183,1,22,-89,-6,8,51,48,7,28367106,262,1,103,13499,
193.441,1707.32,51.4828,7.4289,137.155,0,172.183,1,9,-89,-6,8,51,48,7,28367106,262,1,103,13499,
194.444,1707.32,51.4828,7.4289,137.131,0,172.183,1,9,-89,-6,8,51,48,7,28367106,262,1,103,13499,
195.441,1707.32,51.4828,7.4289,137.104,0,172.183,1,9,-89,-6,8,51,48,7,28367106,262,1,103,13499,
196.441,1707.32,51.4828,7.4289,137.084,0,172.183,1,10,-88,-5,2,52,48,7,28367106,262,1,103,13499,
197.441,1707.32,51.4828,7.4289,137.061,0,172.183,1,10,-88,-5,2,52,48,7,28367106,262,1,103,13499,
198.44,1707.32,51.4828,7.4289,137.035,0,172.183,1,11,-89,-6,2,51,48,7,28367106,262,1,103,13499,
199.441,1707.32,51.4828,7.4289,137.001,0,172.183,1,11,-89,-6,2,51,48,7,28367106,262,1,103,13499,
200.441,1707.32,51.4828,7.4289,136.966,0,172.183,1,8,-89,-5,2,51,48,7,28367106,262,1,103,13499,
201.441,1707.32,51.4828,7.4289,136.93,0,172.183,1,8,-89,-5,2,51,48,7,28367106,262,1,103,13499,
202.441,1707.32,51.4828,7.4289,136.896,0,172.183,1,10,-89,-6,2,51,48,7,28367106,262,1,103,13499,
203.441,1707.32,51.4828,7.4289,136.862,0,172.183,1,10,-89,-6,2,51,48,7,28367106,262,1,103,13499,
204.44,1707.32,51.4828,7.4289,136.829,0,172.183,1,12,-89,-6,2,51,48,7,28367106,262,1,103,13499,
205.44,1707.32,51.4828,7.4289,136.798,0,172.183,1,12,-89,-6,2,51,48,7,28367106,262,1,103,13499,
206.441,1707.32,51.4828,7.4289,136.767,0,172.183,1,11,-89,-6,2,51,48,7,28367106,262,1,103,13499,
207.44,1707.32,51.4828,7.4289,136.739,0,172.183,1,11,-89,-6,2,51,48,7,28367106,262,1,103,13499,
208.441,1707.32,51.4828,7.4289,136.711,0,172.183,1,11,-89,-6,2,51,48,7,28367106,262,1,103,13499,
209.441,1707.32,51.4828,7.4289,136.685,0,172.183,1,11,-89,-6,2,51,48,7,28367106,262,1,103,13499,
210.441,1707.32,51.4828,7.4289,136.66,0,172.183,1,13,-90,-6,8,50,48,7,28367106,262,1,103,13499,
211.441,1707.32,51.4828,7.4289,136.636,0,172.183,1,13,-90,-6,8,50,48,7,28367106,262,1,103,13499,
212.446,1707.32,51.4828,7.4289,136.613,0,172.183,1,10,-89,-6,8,51,48,7,28367106,262,1,103,13499,
213.441,1707.32,51.4828,7.4289,136.591,0,172.183,1,10,-89,-6,8,51,48,7,28367106,262,1,103,13499,
214.441,1707.32,51.4828,7.4289,136.571,0,172.183,1,10,-89,-6,8,51,48,7,28367106,262,1,103,13499,
215.441,1707.32,51.4828,7.4289,136.409,0,172.183,1,11,-91,-7,11,49,48,7,28367106,262,1,103,13499,
216.44,1707.32,51.4828,7.4289,136.314,0,172.183,1,11,-91,-7,11,49,48,7,28367106,262,1,103,13499,
217.441,1707.32,51.4828,7.4289,136.315,0,173.445,1,8,-89,-6,8,51,48,7,28367106,262,1,103,13499,
218.441,1716.18,51.4827,7.42888,136.334,0,177.522,1,8,-89,-6,8,51,48,7,28367106,262,1,103,13499,
219.44,1723.37,51.4826,7.42888,135.858,4.51346,176.583,1,7,-87,-6,7,53,51,7,28367106,262,1,103,13499,
220.441,1729.4,51.4826,7.42891,135.744,4.67238,162.705,1,7,-87,-6,7,53,51,7,28367106,262,1,103,13499,
221.441,1735.3,51.4825,7.42897,135.751,5.80548,129.074,1,6,-93,-7,11,47,46,7,28367106,262,1,103,13499,
222.441,1741.94,51.4825,7.42906,136.281,6.65954,104.682,1,6,-93,-7,11,47,46,7,28367106,262,1,103,13499,
223.441,1748.93,51.4825,7.42916,137.131,8.13125,103.785,1,3,-96,-9,10,44,43,7,28367106,262,1,103,13499,
224.441,1759.37,51.4825,7.42931,138.008,9.58662,104.843,1,3,-96,-9,10,44,43,7,28367106,262,1,103,13499,
225.441,1768.37,51.4825,7.42944,138.896,10.308,101.916,1,4,-105,-12,2,35,38,7,28367106,262,1,103,13499,
226.441,1779.15,51.4824,7.42959,139.887,9.62129,99.7927,1,4,-105,-12,2,35,38,7,28367106,262,1,103,13499,
227.441,1789.03,51.4824,7.42973,140.804,9.35939,98.2682,1,3,-103,-8,2,37,36,7,29563904,262,1,350,13499,
228.44,1798.2,51.4824,7.42987,141.638,9.35869,97.7628,1,3,-103,-8,2,37,36,7,29563904,262,1,350,13499,
229.441,1807.24,51.4824,7.43,142.197,8.7525,98.7165,1,10,-102,-8,2,38,36,7,29563904,262,1,350,13499,
230.451,1816.4,51.4824,7.43013,143.062,9.20303,99.616,1,10,-102,-8,2,38,36,7,29563904,262,1,350,13499,
231.441,1824.99,51.4824,7.43025,143.87,8.59725,99.2033,1,2,-103,-9,2,37,37,7,29563904,262,1,350,13499,
232.441,1833.49,51.4824,7.43037,144.844,8.1613,98.11,1,2,-103,-9,2,37,37,7,29563904,262,1,350,13499,
233.441,1841.59,51.4824,7.43049,145.776,7.84393,97.4784,1,2,-103,-9,2,37,37,7,29563904,262,1,350,13499,
234.44,1849.88,51.4824,7.43061,146.77,7.47004,99.3803,1,7,-97,-8,2,43,42,7,28367106,262,1,103,13499,
235.441,1857.49,51.4824,7.43071,147.954,6.9813,100.875,1,7,-97,-8,2,43,42,7,28367106,262,1,103,13499,
236.44,1864.09,51.4823,7.43081,148.889,6.7158,98.9809,1,7,-94,-7,8,46,44,6,28367106,262,1,103,13499,
237.441,1870.29,51.4823,7.4309,149.835,6.21077,98.3369,1,7,-94,-7,8,46,44,6,28367106,262,1,103,13499,
238.44,1876.54,51.4823,7.43099,150.788,5.73912,97.7102,1,11,-88,-6,11,52,49,6,28367106,262,1,103,13499,
239.441,1882.74,51.4823,7.43108,151.864,5.26006,97.2893,1,11,-88,-6,11,52,49,6,28367106,262,1,103,13499,
240.44,1886.81,51.4823,7.43114,152.644,4.38762,96.3333,1,13,-94,-7,9,46,43,6,28367106,262,1,103,13499,
241.441,1890.57,51.4823,7.43119,152.701,3.81816,97.4193,1,13,-94,-7,9,46,43,6,28367106,262,1,103,13499,
242.44,1894.64,51.4823,7.43125,152.65,4.96681,97.7779,1,13,-91,-6,11,49,47,6,28367106,262,1,103,13499,
243.44,1899.63,51.4823,7.43132,152.207,5.44112,97.4017,1,13,-91,-6,11,49,47,6,28367106,262,1,103,13499,
244.44,1905.17,51.4823,7.4314,151.706,6.1573,97.7917,1,5,-94,-8,8,46,45,6,28367106,262,1,103,13499,
245.44,1912.73,51.4823,7.43151,151.496,7.58026,97.7349,1,5,-94,-8,8,46,45,6,28367106,262,1,103,13499,
246.441,1920.94,51.4823,7.43163,151.554,7.80615,98.1775,1,11,-92,-7,9,48,46,6,28367106,262,1,103,13499,
247.441,1927.7,51.4823,7.43172,151.162,7.5616,97.4988,1,11,-92,-7,9,48,46,6,28367106,262,1,103,13499,
248.441,1935.48,51.4823,7.43184,150.663,7.311,97.4327,1,4,-96,-11,7,44,46,6,28367106,262,1,103,13499,
249.441,1942.21,51.4823,7.43193,150.131,7.01174,97.8982,1,4,-96,-11,7,44,46,6,28367106,262,1,103,13499,
250.441,1949.02,51.4823,7.43203,149.681,7.43297,97.1418,1,5,-94,-9,10,46,45,6,28367106,262,1,103,13499,
251.441,1956.04,51.4823,7.43213,149.295,7.96209,96.7109,1,5,-94,-9,10,46,45,6,28367106,262,1,103,13499,
252.441,1963.56,51.4823,7.43224,149.24,8.07489,96.2529,1,5,-94,-9,10,46,45,6,28367106,262,1,103,13499,
253.441,1971.87,51.4823,7.43236,149.285,8.57448,96.3317,1,7,-93,-10,7,47,49,6,28367106,262,1,103,13499,
254.44,1979.34,51.4823,7.43247,149.016,8.48342,96.3374,1,7,-93,-10,7,47,49,6,28367106,262,1,103,13499,
255.462,1986.63,51.4822,7.43257,148.272,8.38464,96.022,1,15,-85,-6,9,55,52,6,28367106,262,1,103,13499,
256.441,1995.28,51.4822,7.4327,147.657,8.94412,95.9007,1,15,-85,-6,9,55,52,6,28367106,262,1,103,13499,
257.441,2005.16,51.4822,7.43284,147.098,8.88112,96.5602,1,11,-80,-5,6,60,55,10,28368386,262,1,32,13499,
258.441,2014.34,51.4822,7.43297,147.022,8.71946,97.3797,1,11,-80,-5,6,60,55,10,28368386,262,1,32,13499,
259.441,2023.79,51.4822,7.4331,146.871,9.02317,96.6757,1,12,-83,-6,15,57,52,10,28368386,262,1,32,13499,
260.44,2033.71,51.4822,7.43325,146.82,9.51818,96.121,1,12,-83,-6,15,57,52,10,28368386,262,1,32,13499,
261.441,2043.08,51.4822,7.43338,146.921,9.27264,96.6257,1,7,-94,-11,11,46,49,10,28368386,262,1,32,13499,
262.441,2051.96,51.4822,7.43351,147.239,9.10358,96.3972,1,7,-94,-11,11,46,49,10,28368386,262,1,32,13499,
263.444,2060.18,51.4822,7.43362,147.25,9.39899,96.6016,1,8,-92,-8,11,48,47,4,28367106,262,1,103,13499,
264.441,2069.44,51.4821,7.43376,147.189,9.53654,97.1877,1,8,-92,-8,11,48,47,4,28367106,262,1,103,13499,
265.443,2079.43,51.4821,7.4339,147.139,9.6595,96.8458,1,5,-95,-11,8,45,46,4,28367106,262,1,103,13499,
266.441,2089.32,51.4821,7.43404,147.449,9.355,97.7484,1,5,-95,-11,8,45,46,4,28367106,262,1,103,13499,
267.441,2100.54,51.4821,7.4342,148.04,9.99212,98.3349,1,4,-95,-11,9,45,47,4,28367106,262,1,103,13499,
268.441,2111,51.4821,7.43435,148.726,10.7653,98.3951,1,4,-95,-11,9,45,47,4,28367106,262,1,103,13499,
269.441,2122.71,51.4821,7.43452,149.721,10.8188,97.5752,1,5,-95,-11,9,45,46,4,28367106,262,1,103,13499,
270.441,2133.48,51.4821,7.43467,150.661,10.6873,98.2489,1,5,-95,-11,9,45,46,4,28367106,262,1,103,13499,
271.441,2144.39,51.482,7.43483,151.575,11.0311,97.577,1,5,-95,-11,9,45,46,4,28367106,262,1,103,13499,
272.44,2155.02,51.482,7.43498,152.409,10.8624,97.1238,1,11,-92,-9,8,48,48,4,28367106,262,1,103,13499,
273.441,2165.74,51.482,7.43514,153.035,11.1928,97.0667,1,11,-92,-9,8,48,48,4,28367106,262,1,103,13499,
274.441,2176.82,51.482,7.43529,153.382,11.1481,97.818,1,5,-82,-7,11,58,52,4,28367106,262,1,103,13499,
275.441,2188.41,51.482,7.43546,153.49,10.6735,97.944,1,5,-82,-7,11,58,52,4,28367106,262,1,103,13499,
276.441,2199.47,51.482,7.43562,153.89,10.1802,97.4381,1,5,-91,-9,6,49,50,10,28368386,262,1,32,13499,
277.441,2209.06,51.482,7.43576,154.52,9.56903,98.2408,1,5,-91,-9,6,49,50,10,28368386,262,1,32,13499,
278.441,2219.3,51.482,7.4359,154.848,9.36492,97.2447,1,5,-89,-9,6,51,50,4,28367105,262,1,102,13499,
279.441,2228.29,51.482,7.43603,154.72,9.64418,97.8875,1,5,-89,-9,6,51,50,4,28367105,262,1,102,13499,
280.44,2238.48,51.4819,7.43618,154.265,10.4176,98.851,1,16,-74,-8,15,66,62,4,28367105,262,1,102,13499,
281.441,2247.74,51.4819,7.43631,154.239,10.6471,98.1933,1,16,-74,-8,15,66,62,4,28367105,262,1,102,13499,
282.44,2257.93,51.4819,7.43646,154.416,11.1771,98.1768,1,4,-90,-10,7,50,51,4,28367105,262,1,102,13499,
283.441,2270.86,51.4819,7.43664,154.704,11.6036,97.3587,1,4,-90,-10,7,50,51,4,28367105,262,1,102,13499,
284.441,2282.6,51.4819,7.43681,155.077,11.5811,96.5579,1,-1,-86,-9,7,54,54,4,28367105,262,1,102,13499,
285.441,2293.4,51.4819,7.43697,155.056,11.0033,96.1538,1,-1,-86,-9,7,54,54,4,28367105,262,1,102,13499,
286.44,2304.58,51.4819,7.43713,154.661,11.2875,97.231,1,0,-86,-7,6,54,52,4,28367105,262,1,102,13499,
287.44,2314.8,51.4819,7.43727,154.475,11.102,98.0184,1,0,-86,-7,6,54,52,4,28367105,262,1,102,13499,
288.441,2327.59,51.4819,7.43746,153.983,11.0053,99.1448,1,9,-89,-7,12,51,48,4,28367105,262,1,102,13499,
289.441,2337.87,51.4818,7.4376,153.412,10.4498,98.7335,1,9,-89,-7,12,51,48,4,28367105,262,1,102,13499,
290.441,2347.96,51.4818,7.43775,152.597,9.99392,99.5094,1,13,-88,-6,11,52,50,4,28367105,262,1,102,13499,
291.44,2357.18,51.4818,7.43788,151.715,9.30547,98.7473,1,13,-88,-6,11,52,50,4,28367105,262,1,102,13499,
292.44,2364.26,51.4818,7.43798,150.992,8.05342,99.2452,1,30,-81,-5,12,59,55,4,28367105,262,1,102,13499,
293.44,2372.45,51.4818,7.4381,151.04,7.07487,100.422,1,30,-81,-5,12,59,55,4,28367105,262,1,102,13499,
294.441,2380.6,51.4818,7.43822,151.49,6.677,98.6365,1,30,-81,-5,12,59,55,4,28367105,262,1,102,13499,
295.441,2387,51.4818,7.43831,152.189,6.39613,99.1893,1,28,-81,-6,12,59,57,4,28367105,262,1,102,13499,
296.44,2392.78,51.4818,7.43839,152.504,6.16362,98.383,1,28,-81,-6,12,59,57,4,28367105,262,1,102,13499,
297.44,2398.27,51.4818,7.43847,153.201,6.26694,97.802,1,17,-87,-6,11,53,49,4,28367105,262,1,102,13499,
298.441,2403.72,51.4818,7.43855,153.673,5.62142,96.8793,1,17,-87,-6,11,53,49,4,28367105,262,1,102,13499,
299.44,2409.76,51.4818,7.43864,153.983,5.94905,96.2133,1,27,-92,-7,13,48,46,4,28367105,262,1,102,13499,
300.44,2416.77,51.4818,7.43874,154.392,7.47614,97.096,1,27,-92,-7,13,48,46,4,28367105,262,1,102,13499,
301.441,2425.82,51.4818,7.43887,154.821,9.15563,96.5209,1,12,-95,-11,9,45,46,4,28367105,262,1,102,13499,
302.441,2437.13,51.4818,7.43903,155.078,10.4532,95.8525,1,12,-95,-11,9,45,46,4,28367105,262,1,102,13499,
303.44,2447.85,51.4818,7.43919,155.466,11.8499,95.1249,1,15,-85,-6,15,55,52,9,28368386,262,1,32,13499,
304.441,2459.68,51.4817,7.43936,155.764,12.882,94.2428,1,15,-85,-6,15,55,52,9,28368386,262,1,32,13499,
305.441,2471.06,51.4817,7.43952,155.802,12.7643,94.4582,1,7,-91,-8,12,49,48,9,28368386,262,1,32,13499,
306.441,2482.85,51.4817,7.43969,155.534,12.2246,94.8756,1,7,-91,-8,12,49,48,9,28368386,262,1,32,13499,
307.441,2495.25,51.4817,7.43987,155.41,11.7657,94.8405,1,10,-93,-8,11,47,46,9,28368386,262,1,32,13499,
308.44,2507.71,51.4817,7.44005,155.417,11.7075,95.0849,1,10,-93,-8,11,47,46,9,28368386,262,1,32,13499,
309.442,2520.17,51.4817,7.44023,155.508,11.9097,95.3743,1,11,-95,-9,8,45,44,6,28367105,262,1,32,13499,
310.441,2531.75,51.4817,7.44039,155.413,12.1833,95.7422,1,11,-95,-9,8,45,44,6,28367105,262,1,32,13499,
311.441,2542.49,51.4817,7.44055,155.22,11.0874,96.3193,1,4,-94,-9,9,46,45,6,28367105,262,1,102,13499,
312.441,2552.18,51.4817,7.44069,154.862,8.79099,96.7474,1,4,-94,-9,9,46,45,6,28367105,262,1,102,13499,
313.441,2558.28,51.4817,7.44078,154.279,6.28596,96.875,1,4,-94,-9,11,46,45,6,28367105,262,1,102,13499,
314.44,2565,51.4817,7.44087,154.048,5.00904,97.39,1,4,-94,-9,11,46,45,6,28367105,262,1,102,13499,
315.441,2571.51,51.4817,7.44097,154.071,4.12036,96.923,1,4,-94,-9,11,46,45,6,28367105,262,1,102,13499,
316.441,2574.31,51.4817,7.44101,154.1,2.98677,97.4377,1,7,-98,-10,9,42,43,6,28367105,262,1,102,13499,
317.44,2575.08,51.4817,7.44102,154.111,0.967424,97.4377,1,7,-98,-10,9,42,43,6,28367105,262,1,102,13499,
318.441,2575.08,51.4817,7.44102,154.113,0,97.4377,1,3,-97,-8,8,43,42,6,28367105,262,1,102,13499,
319.441,2575.08,51.4817,7.44102,154.115,0,97.4377,1,3,-97,-8,8,43,42,6,28367105,262,1,102,13499,
320.441,2575.08,51.4817,7.44102,154.12,0,97.4377,1,5,-97,-8,11,43,42,6,28367105,262,1,102,13499,
321.441,2575.08,51.4817,7.44102,154.125,0,97.4377,1,5,-97,-8,11,43,42,6,28367105,262,1,102,13499,
322.44,2575.08,51.4817,7.44102,154.131,0,97.4377,1,4,-96,-8,11,44,42,6,28367105,262,1,102,13499,
323.441,2575.08,51.4817,7.44102,154.138,0,97.4377,1,4,-96,-8,11,44,42,6,28367105,262,1,102,13499,
324.441,2575.08,51.4817,7.44102,154.143,0,97.4377,1,4,-96,-8,10,44,42,6,28367105,262,1,102,13499,
325.44,2575.08,51.4817,7.44102,154.148,0,97.4377,1,4,-96,-8,10,44,42,6,28367105,262,1,102,13499,
326.44,2575.08,51.4817,7.44102,154.153,0,97.4377,1,4,-96,-8,2,44,43,6,28367105,262,1,102,13499,
327.441,2575.08,51.4817,7.44102,154.156,0,97.4377,1,4,-96,-8,2,44,43,6,28367105,262,1,102,13499,
328.441,2575.08,51.4817,7.44102,154.158,0,97.4377,1,4,-97,-9,2,43,43,6,28367105,262,1,102,13499,
329.44,2575.08,51.4817,7.44102,154.161,0,97.4377,1,4,-97,-9,2,43,43,6,28367105,262,1,102,13499,
330.44,2575.08,51.4817,7.44102,154.164,0,97.4377,1,4,-97,-8,2,43,43,6,28367105,262,1,102,13499,
331.441,2575.08,51.4817,7.44102,154.168,0,97.4377,1,4,-97,-8,2,43,43,6,28367105,262,1,102,13499,
332.44,2575.08,51.4817,7.44102,154.172,0,97.4377,1,6,-97,-8,2,43,43,6,28367105,262,1,102,13499,
333.44,2575.08,51.4817,7.44102,154.176,0,97.4377,1,6,-97,-8,2,43,43,6,28367105,262,1,102,13499,
334.44,2575.08,51.4817,7.44102,154.179,0,97.4377,1,6,-96,-8,2,44,42,6,28367105,262,1,102,13499,
335.441,2575.08,51.4817,7.44102,154.181,0,97.4377,1,6,-96,-8,2,44,42,6,28367105,262,1,102,13499,
336.448,2575.08,51.4817,7.44102,154.182,0,97.4377,1,3,-98,-9,9,42,41,7,28367105,262,1,102,13499,
337.458,2575.08,51.4817,7.44102,154.191,0,92.2237,1,3,-98,-9,9,42,41,7,28367105,262,1,102,13499,
338.441,2581.47,51.4817,7.44111,154.226,0,89.7818,1,3,-98,-9,9,42,41,7,28367105,262,1,102,13499,
339.44,2585.2,51.4817,7.44116,154.454,4.7716,102.479,1,6,-95,-7,10,45,43,7,28367105,262,1,102,13499,
340.44,2591.89,51.4816,7.44126,154.905,6.18746,102.893,1,6,-95,-7,10,45,43,7,28367105,262,1,102,13499,
341.441,2597.61,51.4816,7.44133,155.463,6.72082,116.19,1,2,-98,-9,7,42,43,7,28367105,262,1,102,13499,
342.441,2603.62,51.4816,7.4414,156.072,6.48266,115.392,1,2,-98,-9,7,42,43,7,28367105,262,1,102,13499,
343.441,2609.05,51.4816,7.44147,156.379,7.223,117.039,1,2,-98,-11,7,42,43,7,28367105,262,1,102,13499,
344.44,2617.01,51.4815,7.44157,156.613,7.49863,118.094,1,2,-98,-11,7,42,43,7,28367105,262,1,102,13499,
345.44,2623.75,51.4815,7.44165,157.228,7.58134,118.811,1,4,-92,-7,6,48,47,9,28368386,262,1,32,13499,
346.441,2633.3,51.4814,7.44177,157.727,9.94612,122.486,1,4,-92,-7,6,48,47,9,28368386,262,1,32,13499,
347.44,2644.42,51.4814,7.4419,158.096,11.2432,125.353,1,5,-89,-6,6,51,47,7,28367105,262,1,102,13499,
348.441,2656.26,51.4813,7.44202,158.422,10.7849,128.021,1,5,-89,-6,6,51,47,7,28367105,262,1,102,13499,
349.44,2667.36,51.4812,7.44213,158.508,10.715,130.958,1,4,-95,-8,9,45,44,7,28367105,262,1,102,13499,
350.44,2678.93,51.4812,7.44225,158.689,10.9422,133.383,1,4,-95,-8,9,45,44,7,28367105,262,1,102,13499,
351.44,2691.31,51.4811,7.44237,158.899,12.5357,134.591,1,12,-90,-7,9,50,48,7,28367105,262,1,102,13499,
352.441,2704.17,51.481,7.4425,159.317,11.191,134.146,1,12,-90,-7,9,50,48,7,28367105,262,1,102,13499,
353.441,2712.46,51.4809,7.44258,159.765,11.1832,132.567,1,18,-84,-4,12,56,52,7,28367105,262,1,102,13499,
354.441,2723.2,51.4809,7.4427,160.047,11.4978,131.991,1,18,-84,-4,12,56,52,7,28367105,262,1,102,13499,
355.44,2735.06,51.4808,7.44282,160.088,11.9804,131.563,1,19,-87,-5,13,53,50,7,28367105,262,1,102,13499,
356.441,2746.98,51.4807,7.44294,160.195,11.3843,133.679,1,19,-87,-5,13,53,50,7,28367105,262,1,102,13499,
357.44,2758.07,51.4806,7.44303,160.108,10.7459,147.642,1,4,-92,-6,8,48,43,7,28367105,262,1,102,13499,
358.441,2769.48,51.4806,7.44309,160.124,10.6277,161.829,1,4,-92,-6,8,48,43,7,28367105,262,1,102,13499,
359.44,2780.73,51.4805,7.44311,160.409,10.9995,176.068,1,4,-92,-6,8,48,43,7,28367105,262,1,102,13499,
360.441,2793.38,51.4803,7.44313,160.96,11.4349,176.038,1,5,-96,-9,6,44,44,7,28367105,262,1,102,13499,
361.44,2805.26,51.4802,7.44315,161.181,12.1586,173.063,1,5,-96,-9,6,44,44,7,28367105,262,1,102,13499,
362.441,2818.43,51.4801,7.44323,161.549,12.7334,155.307,1,6,-95,-8,6,45,44,7,28367105,262,1,102,13499,
363.441,2832.08,51.48,7.44332,161.969,14.0542,153.695,1,6,-95,-8,6,45,44,7,28367105,262,1,102,13499,
364.44,2847.22,51.4799,7.44342,162.559,15.0661,152.921,1,3,-99,-10,5,41,41,7,28367105,262,1,102,13499,
365.44,2863.7,51.4798,7.44353,163.267,15.869,152.406,1,3,-99,-10,5,41,41,7,28367105,262,1,102,13499,
366.44,2879.96,51.4796,7.44364,163.823,15.9865,151.466,1,0,-101,-12,7,39,42,7,28367105,262,1,102,13499,
367.44,2895.56,51.4795,7.44375,164.174,16.0171,151.515,1,0,-101,-12,7,39,42,7,28367105,262,1,102,13499,
368.441,2911.23,51.4794,7.44386,164.218,16.1528,151.432,1,3,-99,-9,2,41,41,7,28368386,262,1,32,13499,
369.441,2926.82,51.4793,7.44397,164.031,16.2484,151.753,1,3,-99,-9,2,41,41,7,28368386,262,1,32,13499,
370.44,2926.82,51.4792,7.44393,nan,16.3272,151.38,1,7,-99,-11,11,41,43,7,28368386,262,1,32,13499,
371.441,2926.82,51.479,7.4442,163.969,16.4028,151.358,1,7,-99,-11,11,41,43,7,28368386,262,1,32,13499,
372.44,2943.47,51.4789,7.44431,164.051,16.1777,151.417,1,6,-100,-10,7,40,41,7,28368386,262,1,32,13499,
373.44,2959.42,51.4788,7.44442,164.224,15.6645,151.35,1,6,-100,-10,7,40,41,7,28368386,262,1,32,13499,
374.44,2974.39,51.4786,7.44453,164.402,15.2935,151.465,1,3,-105,-12,6,35,39,7,28368386,262,1,32,13499,
375.44,2989.44,51.4785,7.44464,164.393,15.1898,151.405,1,3,-105,-12,6,35,39,7,28368386,262,1,32,13499,
376.441,3005.05,51.4784,7.44475,164.392,15.0479,151.131,1,0,-104,-10,6,36,37,11,28367105,262,1,102,13499,
377.441,3020.12,51.4783,7.44486,164.428,14.8561,151.369,1,0,-104,-10,6,36,37,11,28367105,262,1,102,13499,
378.44,3035.41,51.4782,7.44497,164.451,14.6511,151.314,1,0,-104,-10,6,36,37,11,28367105,262,1,102,13499,
379.441,3050.09,51.478,7.44507,164.429,14.3512,151.248,1,2,-104,-11,8,36,38,11,28367105,262,1,102,13499,
380.441,3064.49,51.4779,7.44517,164.383,14.1252,151.731,1,2,-104,-11,8,36,38,11,28367105,262,1,102,13499,
381.441,3078.4,51.4778,7.44526,164.262,13.895,151.725,1,0,-103,-10,6,37,38,7,28368384,262,1,31,13499,
382.441,3091.76,51.4777,7.44536,164.071,13.7159,151.842,1,0,-103,-10,6,37,38,7,28368384,262,1,31,13499,
383.441,3105.21,51.4776,7.44545,163.882,13.5567,151.504,1,5,-102,-10,8,38,39,7,28368384,262,1,31,13499,
384.441,3118.56,51.4775,7.44554,163.767,13.2791,151.479,1,5,-102,-10,8,38,39,7,28368384,262,1,31,13499,
385.44,3131.58,51.4774,7.44563,163.578,13.1088,151.648,1,11,-96,-7,13,44,42,7,28368384,262,1,31,13499,
386.441,3144.63,51.4773,7.44572,163.382,13.1616,151.543,1,11,-96,-7,13,44,42,7,28368384,262,1,31,13499,
387.44,3158.06,51.4772,7.44582,163.191,13.86,151.301,1,9,-96,-7,8,44,41,7,28368384,262,1,31,13499,
388.44,3171.76,51.4771,7.44591,162.744,13.8278,151.082,1,9,-96,-7,8,44,41,7,28368384,262,1,31,13499,
389.441,3185.46,51.477,7.446,162.135,13.6174,151.317,1,8,-93,-7,11,47,45,7,28368384,262,1,31,13499,
390.44,3198.98,51.4769,7.4461,161.771,13.3076,151.407,1,8,-93,-7,11,47,45,7,28368384,262,1,31,13499,
391.441,3212.39,51.4768,7.44619,161.533,13.822,151.594,1,4,-97,-9,6,43,40,7,28368384,262,1,31,13499,
392.441,3226.6,51.4766,7.44629,161.369,14.3157,151.981,1,4,-97,-9,6,43,40,7,28368384,262,1,31,13499,
393.441,3240.71,51.4765,7.44639,161.196,14.2517,152.236,1,3,-96,-7,9,44,42,11,29568768,262,1,415,13499,
394.44,3255.08,51.4764,7.44649,161.22,14.103,152.127,1,3,-96,-7,9,44,42,11,29568768,262,1,415,13499,
395.44,3269.64,51.4763,7.44658,161.554,14.0853,152.049,1,10,-91,-7,12,49,46,11,29568768,262,1,415,13499,
396.44,3283.2,51.4762,7.44667,161.753,14.0101,151.587,1,10,-91,-7,12,49,46,11,29568768,262,1,415,13499,
397.441,3297.96,51.4761,7.44677,162.388,14.0759,151.792,1,18,-85,-5,10,55,51,11,29568768,262,1,415,13499,
398.44,3311.68,51.476,7.44687,162.813,13.9134,151.507,1,18,-85,-5,10,55,51,11,29568768,262,1,415,13499,
399.44,3324.69,51.4759,7.44695,162.785,14.1937,151.547,1,18,-85,-5,10,55,51,11,29568768,262,1,415,13499,
400.441,3338.47,51.4758,7.44705,162.71,14.2833,151.333,1,13,-85,-5,15,55,51,11,29568768,262,1,415,13499,
401.441,3353.11,51.4756,7.44715,162.519,14.2348,151.342,1,13,-85,-5,15,55,51,11,29568768,262,1,415,13499,
402.44,3367.92,51.4755,7.44725,162.312,14.0151,150.412,1,8,-85,-5,13,55,50,11,29568768,262,1,415,13499,
403.441,3380.75,51.4754,7.44735,161.997,13.8679,150.011,1,8,-85,-5,13,55,50,11,29568768,262,1,415,13499,
404.441,3394.15,51.4753,7.44744,162.022,13.8637,149.428,1,7,-90,-5,7,50,47,11,29568768,262,1,415,13499,
405.441,3407.22,51.4752,7.44754,162.153,13.6806,148.63,1,7,-90,-5,7,50,47,11,29568768,262,1,415,13499,
406.441,3421.22,51.4751,7.44766,162.443,13.5378,147.624,1,4,-94,-8,7,46,44,11,29568768,262,1,415,13499,
407.441,3433.74,51.475,7.44776,162.348,13.2772,146.417,1,4,-94,-8,7,46,44,11,29568768,262,1,415,13499,
408.44,3448.15,51.4749,7.44788,162.184,13.7381,145.433,1,3,-101,-10,2,39,40,11,29568768,262,1,415,13499,
409.446,3462.93,51.4748,7.44802,162.028,14.6299,144.441,1,3,-101,-10,2,39,40,11,29568768,262,1,415,13499,
410.44,3462.93,51.475,7.4483,nan,14.2369,143.466,1,4,-96,-7,10,44,42,8,29568768,262,1,415,13499,
411.441,3462.93,51.4746,7.44827,162.501,13.7922,142.53,1,4,-96,-7,10,44,42,8,29568768,262,1,415,13499,
412.441,3476.28,51.4745,7.44839,163.042,13.3089,142.12,1,5,-95,-7,7,45,42,8,29568768,262,1,415,13499,
413.441,3489.24,51.4744,7.44851,163.486,12.7363,141.625,1,5,-95,-7,7,45,42,8,29568768,262,1,415,13499,
414.441,3503.37,51.4743,7.44864,163.453,13.001,141.211,1,3,-95,-7,9,45,41,8,29568768,262,1,415,13499,
415.44,3516.52,51.4743,7.44876,163.485,13.5599,140.623,1,3,-95,-7,9,45,41,8,29568768,262,1,415,13499,
416.44,3529.73,51.4742,7.44888,163.753,13.906,140.202,1,1,-92,-8,6,48,47,9,28368384,262,1,31,13499,
417.441,3543.78,51.4741,7.44901,163.763,14.2782,139.69,1,1,-92,-8,6,48,47,9,28368384,262,1,31,13499,
418.44,3558.46,51.474,7.44915,163.416,14.039,138.881,1,-1,-91,-8,10,49,48,9,28368384,262,1,31,13499,
419.44,3572.27,51.4739,7.44928,163.076,13.7641,137.892,1,-1,-91,-8,10,49,48,9,28368384,262,1,31,13499,
420.44,3586.01,51.4738,7.44942,162.924,14.0158,136.664,1,-2,-83,-6,6,57,56,7,29568768,262,1,415,13499,
421.441,3599.01,51.4737,7.44956,162.834,13.8798,135.393,1,-2,-83,-6,6,57,56,7,29568768,262,1,415,13499,
422.441,3612.9,51.4736,7.44971,162.881,13.6558,133.907,1,16,-85,-5,13,55,52,7,29568768,262,1,415,13499,
423.44,3627.03,51.4735,7.44986,162.938,13.795,132.482,1,16,-85,-5,13,55,52,7,29568768,262,1,415,13499,
424.443,3641.46,51.4735,7.45002,162.842,13.6783,131.053,1,14,-83,-6,8,57,54,7,29568768,262,1,415,13499,
425.442,3655.13,51.4734,7.45018,162.926,13.8536,129.364,1,14,-83,-6,8,57,54,7,29568768,262,1,415,13499,
426.441,3669.26,51.4733,7.45035,163.089,14.3602,127.546,1,14,-86,-6,8,54,51,7,29568768,262,1,415,13499,
427.441,3683.82,51.4732,7.45052,163.301,15.1658,126.13,1,14,-86,-6,8,54,51,7,29568768,262,1,415,13499,
428.441,3698.41,51.4732,7.4507,163.758,15.0453,124.823,1,25,-79,-5,11,61,58,7,29568768,262,1,415,13499,
429.44,3713.64,51.4731,7.45089,164.271,14.8667,123.312,1,25,-79,-5,11,61,58,7,29568768,262,1,415,13499,
430.44,3728.45,51.473,7.45108,164.261,14.7234,121.431,1,25,-79,-5,11,61,58,7,29568768,262,1,415,13499,
431.441,3743.35,51.473,7.45127,164.187,14.902,119.476,1,12,-82,-6,12,58,56,7,29568768,262,1,415,13499,
432.441,3758.01,51.4729,7.45146,163.998,15.1427,117.823,1,12,-82,-6,12,58,56,7,29568768,262,1,415,13499,
433.441,3772.06,51.4729,7.45165,164.245,15.5147,115.855,1,19,-81,-5,12,59,54,7,29568768,262,1,415,13499,
434.441,3787.81,51.4728,7.45186,164.551,15.7296,114.063,1,19,-81,-5,12,59,54,7,29568768,262,1,415,13499,
435.441,3803.46,51.4728,7.45207,165.135,15.8281,112.071,1,16,-82,-5,11,58,55,7,29568768,262,1,415,13499,
436.44,3819.14,51.4727,7.45229,165.759,15.9257,110.275,1,16,-82,-5,11,58,55,7,29568768,262,1,415,13499,
437.441,3834.78,51.4727,7.45251,166.003,15.9371,108.642,1,16,-73,-5,13,67,63,7,29568768,262,1,415,13499,
438.44,3851.11,51.4726,7.45273,166.517,16.1988,107.276,1,16,-73,-5,13,67,63,7,29568768,262,1,415,13499,
439.44,3868.21,51.4726,7.45297,166.772,16.4394,106.057,1,21,-73,-5,15,67,62,7,29568768,262,1,415,13499,
440.441,3884.33,51.4726,7.4532,166.952,16.7923,105.25,1,21,-73,-5,15,67,62,7,29568768,262,1,415,13499,
441.441,3900.05,51.4725,7.45342,166.748,17.0106,104.719,1,18,-82,-5,11,58,55,7,29568768,262,1,415,13499,
442.441,3916.14,51.4725,7.45365,166.599,16.6751,104.99,1,18,-82,-5,11,58,55,7,29568768,262,1,415,13499,
443.453,3933.35,51.4725,7.45389,166.615,16.4321,105.476,1,18,-81,-6,12,59,54,7,29568768,262,1,415,13499,
444.443,3950.21,51.4724,7.45413,166.875,16.5084,105.373,1,18,-81,-6,12,59,54,7,29568768,262,1,415,13499,
445.441,3967.38,51.4724,7.45437,167.25,16.8902,105.944,1,20,-77,-5,13,63,57,7,29568768,262,1,415,13499,
446.441,3984.21,51.4724,7.4546,167.714,16.6689,106.402,1,20,-77,-5,13,63,57,7,29568768,262,1,415,13499,
447.44,3999.81,51.4723,7.45482,168.22,16.3959,107.134,1,22,-71,-4,2,69,59,7,29568768,262,1,415,13499,
448.441,4016.15,51.4723,7.45505,168.795,16.1332,107.805,1,22,-71,-4,2,69,59,7,29568768,262,1,415,13499,
449.441,4031.57,51.4722,7.45526,169.104,15.9404,108.697,1,22,-71,-4,2,69,59,7,29568768,262,1,415,13499,
450.441,4047.73,51.4722,7.45548,169.418,15.7315,109.593,1,20,-79,-5,2,61,57,7,29568768,262,1,415,13499,
451.441,4063.53,51.4721,7.45569,169.477,15.5735,110.447,1,20,-79,-5,2,61,57,7,29568768,262,1,415,13499,
452.44,4080.22,51.4721,7.45592,169.534,15.4121,111.059,1,19,-80,-5,2,60,56,7,29568768,262,1,415,13499,
453.441,4095.41,51.472,7.45612,169.22,14.9894,111.791,1,19,-80,-5,2,60,56,7,29568768,262,1,415,13499,
454.44,4109.89,51.472,7.45631,168.799,14.5376,112.493,1,15,-82,-5,2,58,54,7,29568768,262,1,415,13499,
455.441,4123.91,51.4719,7.45649,168.038,14.1746,113.188,1,15,-82,-5,2,58,54,7,29568768,262,1,415,13499,
456.441,4137.96,51.4719,7.45667,167.194,14.072,113.723,1,18,-85,-6,2,55,51,7,29568768,262,1,415,13499,
457.441,4151.81,51.4718,7.45685,166.278,13.8148,114.127,1,18,-85,-6,2,55,51,7,29568768,262,1,415,13499,
458.441,4164.76,51.4718,7.45702,165.175,13.5586,115.074,1,17,-85,-5,2,55,50,7,29568768,262,1,415,13499,
459.441,4177.66,51.4717,7.45718,164.017,13.4567,115.682,1,17,-85,-5,2,55,50,7,29568768,262,1,415,13499,
460.44,4190.73,51.4716,7.45735,162.796,13.3701,116.068,1,16,-86,-6,2,54,50,7,29568768,262,1,415,13499,
461.441,4203.78,51.4716,7.45751,161.54,13.3321,117.246,1,16,-86,-6,2,54,50,7,29568768,262,1,415,13499,
462.441,4216.8,51.4715,7.45767,160.439,13.0707,117.589,1,14,-88,-6,2,52,49,7,29568768,262,1,415,13499,
463.44,4229.9,51.4715,7.45784,159.259,12.7246,118.092,1,14,-88,-6,2,52,49,7,29568768,262,1,415,13499,
464.44,4242.31,51.4714,7.458,158.272,11.9226,117.235,1,17,-89,-6,10,51,49,4,29568768,262,1,415,13499,
465.44,4254.12,51.4714,7.45815,157.207,11.2537,116.721,1,17,-89,-6,10,51,49,4,29568768,262,1,415,13499,
466.44,4265.11,51.4713,7.45829,156.437,10.2721,116.366,1,15,-90,-7,11,50,48,4,29568768,262,1,415,13499,
467.44,4274.88,51.4713,7.45841,155.72,9.37315,115.951,1,15,-90,-7,11,50,48,4,29568768,262,1,415,13499,
468.44,4284.57,51.4712,7.45854,155.296,8.91653,115.478,1,15,-90,-7,8,50,48,4,29568768,262,1,415,13499,
469.441,4292.67,51.4712,7.45865,154.92,7.99874,114.745,1,15,-90,-7,8,50,48,4,29568768,262,1,415,13499,
470.44,4300.49,51.4712,7.45875,154.889,6.81691,114.294,1,15,-90,-7,8,50,48,4,29568768,262,1,415,13499,
471.441,4306.4,51.4712,7.45883,154.749,6.30828,114.926,1,10,-89,-7,4,51,51,4,29568768,262,1,415,13499,
472.441,4311.3,51.4711,7.45889,154.321,5.66775,115.867,1,10,-89,-7,4,51,51,4,29568768,262,1,415,13499,
473.441,4316.7,51.4711,7.45896,153.836,5.26775,115.429,1,13,-94,-8,8,46,45,4,29568768,262,1,415,13499,
474.447,4322.43,51.4711,7.45903,153.107,5.09545,115.527,1,13,-94,-8,8,46,45,4,29568768,262,1,415,13499,
475.441,4327.98,51.4711,7.4591,152.254,4.9848,116.278,1,21,-87,-8,4,53,53,4,29568768,262,1,415,13499,
476.441,4333.81,51.471,7.45917,151.505,6.07702,116.583,1,21,-87,-8,4,53,53,4,29568768,262,1,415,13499,
477.441,4340.86,51.471,7.45926,150.695,6.83306,116.856,1,4,-92,-9,11,48,48,4,29568768,262,1,415,13499,
478.441,4347.66,51.471,7.45935,150.04,6.69772,117.769,1,4,-92,-9,11,48,48,4,29568768,262,1,415,13499,
479.441,4354.45,51.471,7.45943,149.705,6.58763,118.164,1,20,-94,-10,9,46,48,4,29568768,262,1,415,13499,
480.441,4361.16,51.4709,7.45952,149.581,6.87155,118.712,1,20,-94,-10,9,46,48,4,29568768,262,1,415,13499,
481.44,4368.17,51.4709,7.45961,149.64,7.43272,117.807,1,4,-94,-10,8,46,49,4,29568768,262,1,415,13499,
482.441,4375.45,51.4709,7.45971,149.644,7.55082,116.915,1,4,-94,-10,8,46,49,4,29568768,262,1,415,13499,
483.44,4383.58,51.4708,7.45981,149.403,7.9393,115.642,1,2,-97,-13,8,43,48,4,29568768,262,1,415,13499,
484.44,4392.22,51.4708,7.45993,149.556,8.09974,114.152,1,2,-97,-13,8,43,48,4,29568768,262,1,415,13499,
485.441,4400.85,51.4708,7.46004,149.672,9.01154,113.073,1,-2,-98,-14,5,42,48,4,29568768,262,1,415,13499,
486.44,4410.18,51.4707,7.46017,149.91,9.24099,111.922,1,-2,-98,-14,5,42,48,4,29568768,262,1,415,13499,
487.441,4419.68,51.4707,7.4603,150.88,9.78289,111.152,1,-1,-98,-13,2,42,46,4,29401602,262,1,429,13499,
488.44,4430.14,51.4707,7.46044,151.991,10.6116,111.115,1,-1,-98,-13,2,42,46,4,29401602,262,1,429,13499,
489.441,4441.16,51.4707,7.46059,152.938,10.883,111.668,1,-3,-99,-13,2,41,45,4,29401602,262,1,429,13499,
490.441,4451.94,51.4706,7.46073,153.869,10.8619,112.441,1,-3,-99,-13,2,41,45,4,29401602,262,1,429,13499,
491.441,4462.14,51.4706,7.46087,154.975,10.6939,113.385,1,-3,-99,-13,2,41,45,4,29401602,262,1,429,13499,
492.441,4472.78,51.4706,7.46102,155.994,11.2336,113.975,1,-7,-99,-13,2,41,46,4,29401602,262,1,429,13499,
493.441,4484.79,51.4705,7.46118,157.058,12.263,114.52,1,-7,-99,-13,2,41,46,4,29401602,262,1,429,13499,
494.44,4496.3,51.4705,7.46133,157.771,12.899,114.359,1,-1,-93,-10,2,47,48,4,29568769,262,1,416,13499,
495.44,4508.38,51.4704,7.46149,158.221,12.3865,114.771,1,-1,-93,-10,2,47,48,4,29568769,262,1,416,13499,
496.441,4521.29,51.4704,7.46163,158.567,13.9577,130.714,1,1,-94,-10,2,46,48,4,29568769,262,1,416,13499,
497.441,4534.74,51.4703,7.46181,159.19,12.5384,115.948,1,1,-94,-10,2,46,48,4,29568769,262,1,416,13499,
498.44,4548.22,51.4703,7.46199,159.66,12.5683,115.176,1,-1,-97,-11,2,43,46,4,29568769,262,1,416,13499,
499.441,4560.77,51.4702,7.46216,160.286,12.5598,114.93,1,-1,-97,-11,2,43,46,4,29568769,262,1,416,13499,
500.441,4572.62,51.4702,7.46231,160.786,12.4605,115.209,1,-5,-102,-14,2,38,43,4,29568769,262,1,416,13499,
501.44,4583.9,51.4701,7.46246,161.118,12.4826,115.667,1,-5,-102,-14,2,38,43,4,29568769,262,1,416,13499,
502.441,4594.8,51.4701,7.46261,161.047,12.3108,115.364,1,6,-100,-11,2,40,43,4,26378498,262,1,495,13499,
503.44,4606.69,51.4701,7.46277,160.705,12.461,114.851,1,6,-100,-11,2,40,43,4,26378498,262,1,495,13499,
504.44,4620.4,51.47,7.46295,160.387,13.3966,115.574,1,1,-100,-12,2,40,44,4,26378498,262,1,495,13499,
505.44,4633.56,51.4699,7.46312,160.113,13.7201,116.062,1,1,-100,-12,2,40,44,4,26378498,262,1,495,13499,
506.441,4649.01,51.4699,7.46332,160.304,14.1552,115.64,1,6,-100,-12,2,40,43,4,26378498,262,1,495,13499,
507.441,4662.12,51.4698,7.46349,160.378,13.9138,115.1,1,6,-100,-12,2,40,43,4,26378498,262,1,495,13499,
508.44,4677.14,51.4698,7.46369,160.504,14.1116,114.196,1,1,-99,-11,2,41,44,4,26378498,262,1,495,13499,
509.441,4691.75,51.4697,7.46389,160.582,14.6534,112.74,1,1,-99,-11,2,41,44,4,26378498,262,1,495,13499,
510.44,4691.75,51.4695,7.46389,nan,14.6257,111.321,1,1,-99,-11,2,41,44,4,26378498,262,1,495,13499,
511.44,4691.75,51.4696,7.46429,160.921,15.1573,110.949,1,0,-98,-11,7,42,43,13,26378498,262,1,495,13499,
512.441,4707.64,51.4696,7.46451,161.086,15.2087,109.919,1,0,-98,-11,7,42,43,13,26378498,262,1,495,13499,
513.441,4723.14,51.4696,7.46472,161.308,14.9446,108.917,1,0,-98,-10,6,42,43,13,26378498,262,1,495,13499,
514.441,4738.32,51.4695,7.46494,161.699,14.5836,106.897,1,0,-98,-10,6,42,43,13,26378498,262,1,495,13499,
515.44,4753.44,51.4695,7.46515,161.78,14.3848,105.799,1,3,-99,-10,9,41,42,13,26378498,262,1,495,13499,
516.441,4766.81,51.4695,7.46534,161.548,14.4715,104.18,1,3,-99,-10,9,41,42,13,26378498,262,1,495,13499,
517.441,4781.64,51.4694,7.46555,161.567,14.5157,103.563,1,3,-103,-13,7,37,42,13,26378498,262,1,495,13499,
518.441,4795.99,51.4694,7.46575,161.802,14.933,101.63,1,3,-103,-13,7,37,42,13,26378498,262,1,495,13499,
519.441,4811.77,51.4694,7.46598,162.148,15.4259,98.6242,1,3,-94,-9,6,46,46,14,29401601,262,1,430,13499,
520.441,4826.82,51.4694,7.46619,162.224,15.6035,96.7281,1,3,-94,-9,6,46,46,14,29401601,262,1,430,13499,
521.441,4842.39,51.4694,7.46642,161.854,15.921,94.6822,1,6,-94,-7,11,46,44,14,29401601,262,1,430,13499,
522.441,4858.27,51.4694,7.46665,161.245,16.2865,93.2633,1,6,-94,-7,11,46,44,14,29401601,262,1,430,13499,
523.441,4874.81,51.4694,7.46689,160.148,16.4069,91.4416,1,8,-92,-7,7,48,47,14,29401601,262,1,430,13499,
524.441,4892.14,51.4694,7.46714,159.281,16.3959,90.2034,1,8,-92,-7,7,48,47,14,29401601,262,1,430,13499,
525.441,4909.29,51.4694,7.46738,158.583,16.6662,88.5025,1,5,-95,-8,8,45,44,14,29401601,262,1,430,13499,
526.44,4925.81,51.4694,7.46762,158.249,16.9296,86.9686,1,5,-95,-8,8,45,44,14,29401601,262,1,430,13499,
527.441,4943.1,51.4695,7.46787,158.166,17.0525,85.1254,1,8,-96,-9,8,44,44,14,29401601,262,1,430,13499,
528.441,4959.37,51.4695,7.4681,157.887,16.8118,83.8966,1,8,-96,-9,8,44,44,14,29401601,262,1,430,13499,
529.441,4976.05,51.4695,7.46834,157.874,16.4335,82.6294,1,3,-98,-9,6,42,42,14,29401601,262,1,430,13499,
530.441,4992.13,51.4695,7.46857,157.947,16.1202,81.5556,1,3,-98,-9,6,42,42,14,29401601,262,1,430,13499,
531.441,5008.85,51.4696,7.46881,158.329,16.4239,80.7046,1,2,-101,-10,5,39,40,14,29401601,262,1,430,13499,
532.441,5025.5,51.4696,7.46904,158.454,16.9314,80.1351,1,2,-101,-10,5,39,40,14,29401601,262,1,430,13499,
533.441,5043.11,51.4696,7.46929,158.994,17.4341,79.9386,1,-1,-103,-10,7,37,39,14,29401601,262,1,430,13499,
534.441,5060.3,51.4696,7.46953,159.396,17.3052,79.3633,1,-1,-103,-10,7,37,39,14,29401601,262,1,430,13499,
535.441,5076.68,51.4697,7.46977,159.558,16.6025,79.7987,1,-1,-103,-10,7,37,39,14,29401601,262,1,430,13499,
536.44,5093.01,51.4697,7.47,159.861,15.7422,79.3529,1,1,-99,-11,7,41,43,14,29401601,262,1,430,13499,
537.441,5109.04,51.4697,7.47023,160.325,15.5527,80.0285,1,1,-99,-11,7,41,43,14,29401601,262,1,430,13499,
538.441,5124.11,51.4698,7.47044,160.497,15.3746,80.6507,1,1,-97,-10,2,43,44,14,29401601,262,1,430,13499,
539.441,5140.52,51.4698,7.47067,160.728,14.9381,81.648,1,1,-97,-10,2,43,44,14,29401601,262,1,430,13499,
540.441,5155.31,51.4698,7.47089,160.86,15.0175,83.2392,1,5,-98,-10,2,42,43,14,29401601,262,1,430,13499,
541.44,5171.11,51.4698,7.47111,161.284,15.3088,83.8855,1,5,-98,-10,2,42,43,14,29401601,262,1,430,13499,
542.441,5185.22,51.4698,7.47132,161.529,15.1367,84.9362,1,4,-97,-9,2,43,44,14,29401601,262,1,430,13499,
543.44,5200.61,51.4698,7.47154,161.573,15.1915,86.4924,1,4,-97,-9,2,43,44,14,29401601,262,1,430,13499,
544.441,5215.37,51.4698,7.47175,162.2,15.3715,88.1685,1,5,-97,-9,2,43,43,14,29401601,262,1,430,13499,
545.441,5230.4,51.4698,7.47197,163.153,15.5361,90.8328,1,5,-97,-9,2,43,43,14,29401601,262,1,430,13499,
546.44,5245.8,51.4698,7.47219,164.051,15.934,92.494,1,7,-98,-8,2,42,42,14,31263232,262,1,162,13499,
547.441,5261.96,51.4698,7.47243,164.846,16.3585,94.128,1,7,-98,-8,2,42,42,14,31263232,262,1,162,13499,
548.441,5278.51,51.4698,7.47266,165.894,16.1196,95.0297,1,7,-98,-8,2,42,42,14,31263232,262,1,162,13499,
549.441,5292.84,51.4698,7.47287,166.421,15.7617,96.7908,1,7,-98,-8,2,42,42,14,31263232,262,1,162,13499,
550.44,5307.54,51.4697,7.47308,166.417,15.4825,97.4311,1,1,-98,-8,2,42,42,14,31263232,262,1,162,13499,
551.44,5322.57,51.4697,7.4733,166.247,15.3913,98.6227,1,1,-98,-8,2,42,42,14,31263232,262,1,162,13499,
552.44,5339.51,51.4697,7.47354,166.29,15.6966,98.865,1,4,-98,-10,2,42,43,14,31263232,262,1,162,13499,
553.441,5356.87,51.4697,7.47379,166.891,16.4417,99.4078,1,4,-98,-10,2,42,43,14,31263232,262,1,162,13499,
554.441,5373.72,51.4697,7.47403,167.892,16.346,98.8837,1,4,-98,-10,2,42,43,14,31263232,262,1,162,13499,
555.441,5390.12,51.4696,7.47426,168.942,15.8191,98.5352,1,-4,-100,-12,2,40,43,14,31263232,262,1,162,13499,
556.441,5406.54,51.4696,7.47449,170.263,15.4658,98.9361,1,-4,-100,-12,2,40,43,14,31263232,262,1,162,13499,
557.441,5422.63,51.4696,7.47472,171.351,15.6753,99.3477,1,1,-101,-12,2,39,42,14,31263232,262,1,162,13499,
558.44,5438.93,51.4696,7.47496,172.652,15.6211,98.8003,1,1,-101,-12,2,39,42,14,31263232,262,1,162,13499,
559.44,5455.29,51.4695,7.47519,174.194,15.5375,97.9156,1,-6,-102,-12,2,38,41,14,31263232,262,1,162,13499,
560.44,5466.95,51.4695,7.47536,174.895,15.0001,97.2063,1,-6,-102,-12,2,38,41,14,31263232,262,1,162,13499,
561.441,5481.66,51.4695,7.47557,175.494,14.7171,96.8009,1,-6,-103,-13,2,37,42,14,30492930,262,1,9,13499,
562.441,5496.74,51.4695,7.47579,176.334,14.4307,96.0686,1,-6,-103,-13,2,37,42,14,30492930,262,1,9,13499,
563.441,5511.81,51.4695,7.476,176.758,14.4933,95.2964,1,-6,-103,-14,2,37,43,14,26378497,262,1,9,13499,
564.441,5527.12,51.4695,7.47622,176.966,14,94.8084,1,-6,-103,-14,2,37,43,14,26378497,262,1,9,13499,
565.44,5541.46,51.4695,7.47643,177.255,13.9217,93.093,1,-1,-100,-13,2,40,44,14,26378497,262,1,496,13499,
566.441,5556.16,51.4695,7.47664,177.89,13.8205,91.6605,1,-1,-100,-13,2,40,44,14,26378497,262,1,496,13499,
567.441,5569.91,51.4695,7.47684,178.64,13.634,89.9758,1,-5,-99,-12,2,41,44,14,26378497,262,1,496,13499,
568.441,5584.08,51.4695,7.47705,179.182,13.8092,88.808,1,-5,-99,-12,2,41,44,14,26378497,262,1,496,13499,
569.441,5598.92,51.4695,7.47726,179.896,13.2368,88.1311,1,-6,-99,-12,2,41,45,14,26378497,262,1,496,13499,
570.441,5612.59,51.4695,7.47746,180.642,12.9527,86.8714,1,-6,-99,-12,2,41,45,14,26378497,262,1,496,13499,
571.44,5625.12,51.4695,7.47764,181.296,12.0683,84.6791,1,-6,-99,-12,2,41,45,14,26378497,262,1,496,13499,
572.441,5637.9,51.4695,7.47782,181.641,11.4611,82.723,1,-4,-100,-14,2,40,46,14,26378497,262,1,496,13499,
573.441,5649.81,51.4696,7.47799,181.784,10.9578,81.1392,1,-4,-100,-14,2,40,46,14,26378497,262,1,496,13499,
574.44,5660.22,51.4696,7.47813,182.122,9.52073,79.6651,1,-5,-96,-10,2,44,46,14,28368898,262,1,56,13499,
575.441,5668.61,51.4696,7.47825,182.03,7.97631,78.975,1,-5,-96,-10,2,44,46,14,28368898,262,1,56,13499,
576.44,5675.88,51.4696,7.47835,181.515,6.92637,78.2257,1,-4,-98,-13,2,42,47,14,28368898,262,1,56,13499,
577.441,5682.46,51.4696,7.47844,180.952,5.93851,77.3958,1,-4,-98,-13,2,42,47,14,28368898,262,1,56,13499,
578.441,5687.93,51.4697,7.47852,180.56,4.69811,77.3401,1,4,-94,-11,2,46,48,14,26378497,262,1,496,13499,
579.441,5690.97,51.4697,7.47855,180.492,3.30103,75.7983,1,4,-94,-11,2,46,48,14,26378497,262,1,496,13499,
580.441,5692.48,51.4697,7.47857,180.409,2.40011,75.1287,1,7,-92,-9,2,48,48,14,26378497,262,1,496,13499,
581.441,5694.51,51.4697,7.47859,180.34,0.908512,75.1287,1,7,-92,-9,2,48,48,14,26378497,262,1,496,13499,
582.441,5694.51,51.4697,7.47859,180.335,0,75.1287,1,7,-91,-8,2,49,49,14,26378497,262,1,496,13499,
583.44,5694.51,51.4697,7.47859,180.331,0,75.1287,1,7,-91,-8,2,49,49,14,26378497,262,1,496,13499,
584.441,5694.51,51.4697,7.47859,180.327,0,75.1287,1,7,-90,-9,2,50,49,14,26378497,262,1,496,13499,
585.44,5694.51,51.4697,7.47859,180.318,0,75.1287,1,7,-90,-9,2,50,49,14,26378497,262,1,496,13499,
586.441,5694.51,51.4697,7.47859,180.307,0,75.1287,1,7,-91,-9,2,49,49,14,26378497,262,1,496,13499,
587.441,5694.51,51.4697,7.47859,180.296,0,75.1287,1,7,-91,-9,2,49,49,14,26378497,262,1,496,13499,
588.44,5694.51,51.4697,7.47859,180.283,0,75.1287,1,7,-91,-9,2,49,49,14,26378497,262,1,496,13499,
589.44,5694.51,51.4697,7.47859,180.271,0,75.1287,1,8,-90,-9,2,50,50,14,26378497,262,1,496,13499,
590.441,5694.51,51.4741,7.47937,nan,0,75.1287,1,8,-90,-9,2,50,50,14,26378497,262,1,496,13499,
591.441,5694.51,51.4697,7.47859,180.246,0,75.1287,1,9,-90,-8,10,50,49,8,26378497,262,1,496,13499,
592.44,5694.51,51.4697,7.47859,180.233,0,75.1287,1,9,-90,-8,10,50,49,8,26378497,262,1,496,13499,
593.44,5694.51,51.4697,7.47859,180.216,0,75.1287,1,5,-90,-9,10,50,50,8,26378497,262,1,496,13499,
594.441,5694.51,51.4697,7.47859,180.021,0,80.0612,1,5,-90,-9,10,50,50,8,26378497,262,1,496,13499,
595.441,5694.51,51.4697,7.47859,179.847,0,80.8845,1,7,-90,-8,9,50,50,8,26378497,262,1,496,13499,
596.44,5703.34,51.4697,7.47872,178.461,6.66125,78.6934,1,7,-90,-8,9,50,50,8,26378497,262,1,496,13499,
597.441,5710.45,51.4697,7.47882,177.692,7.026,76.9415,1,6,-88,-7,6,52,50,8,26378497,262,1,496,13499,
598.441,5719.04,51.4697,7.47894,177.578,7.28679,76.334,1,6,-88,-7,6,52,50,8,26378497,262,1,496,13499,
599.441,5725.98,51.4698,7.47903,177.24,8.55428,75.9406,1,12,-86,-6,9,54,51,8,26378497,262,1,496,13499,
600.441,5734.63,51.4698,7.47915,176.937,9.32227,75.3369,1,12,-86,-6,9,54,51,8,26378497,262,1,496,13499,
601.44,5745.62,51.4698,7.4793,177.102,9.93763,74.9129,1,18,-82,-5,13,58,53,8,26378497,262,1,496,13499,
602.441,5754.44,51.4698,7.47942,176.732,10.1173,74.2041,1,18,-82,-5,13,58,53,8,26378497,262,1,496,13499,
603.441,5764.84,51.4699,7.47956,176.192,10.1516,73.749,1,17,-80,-5,12,60,54,8,26378497,262,1,496,13499,
604.441,5774.71,51.4699,7.4797,175.589,9.99465,73.3429,1,17,-80,-5,12,60,54,8,26378497,262,1,496,13499,
605.441,5785.02,51.4699,7.47984,175.263,10.1098,72.9524,1,20,-78,-6,11,62,58,8,26378497,262,1,496,13499,
606.441,5796.27,51.47,7.47999,175.089,10.456,72.6022,1,20,-78,-6,11,62,58,8,26378497,262,1,496,13499,
607.458,5806.68,51.47,7.48014,175.051,11.2789,72.0356,1,14,-79,-6,11,61,56,8,26378497,262,1,496,13499,
608.441,5817.79,51.47,7.48029,174.981,11.4219,71.7248,1,14,-79,-6,11,61,56,8,26378497,262,1,496,13499,
609.441,5828.98,51.4701,7.48044,174.945,11.0498,70.9793,1,7,-83,-7,11,57,53,8,26378497,262,1,496,13499,
610.44,5839.57,51.4701,7.48058,174.813,10.569,71.111,1,7,-83,-7,11,57,53,8,26378497,262,1,496,13499,
611.441,5849.62,51.4701,7.48072,174.821,10.0803,70.8331,1,9,-85,-7,13,55,52,8,26378497,262,1,496,13499,
612.441,5859.1,51.4702,7.48085,174.752,9.69832,71.4769,1,9,-85,-7,13,55,52,8,26378497,262,1,496,13499,
613.441,5868.84,51.4702,7.48098,174.626,9.75903,72.2377,1,9,-85,-7,13,55,52,8,26378497,262,1,496,13499,
614.441,5878.69,51.4702,7.48111,174.825,9.29453,72.9966,1,12,-85,-6,11,55,52,8,26378497,262,1,496,13499,
615.44,5887.48,51.4702,7.48123,174.976,8.97922,73.9938,1,12,-85,-6,11,55,52,8,26378497,262,1,496,13499,
616.44,5896.54,51.4703,7.48136,175.18,8.46752,73.4008,1,10,-82,-5,13,58,54,8,26378497,262,1,496,13499,
617.441,5904.73,51.4703,7.48148,175.392,7.03597,76.553,1,10,-82,-5,13,58,54,8,26378497,262,1,496,13499,
618.44,5911.9,51.4703,7.48158,175.485,6.12524,103.352,1,12,-89,-7,9,51,49,8,26378497,262,1,496,13499,
619.441,5917.85,51.4702,7.48164,176.019,6.18103,134.157,1,12,-89,-7,9,51,49,8,26378497,262,1,496,13499,
620.441,5923.44,51.4702,7.48167,176.787,7.01904,156.525,1,9,-88,-7,10,52,49,8,26378497,262,1,496,13499,
621.44,5933.73,51.4701,7.48172,177.572,9.79226,158.672,1,9,-88,-7,10,52,49,8,26378497,262,1,496,13499,
622.441,5943.75,51.47,7.48176,177.977,9.74967,160.284,1,10,-89,-7,11,51,49,8,26378497,262,1,496,13499,
623.441,5953.54,51.4699,7.48181,177.882,10.2598,161.646,1,10,-89,-7,11,51,49,8,26378497,262,1,496,13499,
624.441,5963.28,51.4698,7.48185,177.639,9.52763,162.287,1,5,-89,-6,10,51,48,8,26378497,262,1,496,13499,
625.441,5973.37,51.4697,7.48189,177.465,9.37182,163.219,1,5,-89,-6,10,51,48,8,26378497,262,1,496,13499,
626.44,5983.96,51.4697,7.48193,177.348,9.76723,162.543,1,8,-92,-8,2,48,47,8,26378497,262,1,496,13499,
627.441,5994.41,51.4696,7.48198,177.085,8.57631,163.301,1,8,-92,-8,2,48,47,8,26378497,262,1,496,13499,
628.441,6001.73,51.4695,7.482,176.892,8.01626,162.801,1,8,-91,-7,2,49,48,8,26378497,262,1,496,13499,
629.44,6013.79,51.4694,7.48205,176.737,9.57159,164.051,1,8,-91,-7,2,49,48,8,26378497,262,1,496,13499,
630.441,6013.79,51.4695,7.48224,nan,9.94801,163.543,1,4,-91,-8,9,49,49,10,26378497,262,1,496,13499,
631.441,6013.79,51.4692,7.48213,176.101,11.5586,164.283,1,4,-91,-8,9,49,49,10,26378497,262,1,496,13499,
632.441,6025.81,51.4691,7.48217,176.22,11.3959,165.418,1,-3,-94,-11,7,46,50,10,26378497,262,1,496,13499,
633.441,6037.68,51.469,7.48222,176.564,11.3521,164.386,1,-3,-94,-11,7,46,50,10,26378497,262,1,496,13499,
634.441,6050.68,51.4689,7.48226,176.908,11.7263,166.481,1,4,-92,-8,6,48,47,10,26378497,262,1,496,13499,
635.441,6063.51,51.4688,7.4823,177.299,11.9003,166.028,1,4,-92,-8,6,48,47,10,26378497,262,1,496,13499,
636.441,6076.01,51.4686,7.48234,177.662,11.7337,165.371,1,4,-92,-8,6,48,47,10,26378497,262,1,496,13499,
637.441,6087.44,51.4685,7.48239,178.129,11.0598,166.063,1,-1,-93,-9,10,47,48,10,26378497,262,1,496,13499,
638.441,6098.64,51.4684,7.48243,178.2,11.0725,165.066,1,-1,-93,-9,10,47,48,10,26378497,262,1,496,13499,
639.441,6110.1,51.4683,7.48248,178.153,10.9316,164.165,1,-2,-95,-8,8,45,45,10,26378497,262,1,496,13499,
640.44,6120.56,51.4683,7.48252,177.627,10.9171,164.744,1,-2,-95,-8,8,45,45,10,26378497,262,1,496,13499,
641.441,6131.21,51.4682,7.48255,177.289,10.7458,165.291,1,4,-98,-10,6,42,42,10,26378497,262,1,496,13499,
642.441,6141.38,51.4681,7.48259,177.091,9.83652,165.793,1,4,-98,-10,6,42,42,10,26378497,262,1,496,13499,
643.442,6151.12,51.468,7.48262,177.058,9.06809,166.591,1,-5,-100,-11,4,40,44,10,26378497,262,1,496,13499,
644.441,6162.89,51.4679,7.48266,177.219,10.2976,167.466,1,-5,-100,-11,4,40,44,10,26378497,262,1,496,13499,
645.441,6175.26,51.4678,7.4827,177.304,11.5484,168.176,1,3,-99,-9,8,41,41,20,28371200,262,1,68,13499,
646.441,6187.57,51.4677,7.48274,177.444,11.3033,169.098,1,3,-99,-9,8,41,41,20,28371200,262,1,68,13499,
647.44,6199.23,51.4676,7.48276,177.757,11.107,170.744,1,4,-102,-13,8,38,42,20,28371200,262,1,68,13499,
648.441,6210.54,51.4675,7.48278,177.913,11.4535,172.36,1,4,-102,-13,8,38,42,20,28371200,262,1,68,13499,
649.441,6223.43,51.4673,7.4828,178.083,12.4065,174.023,1,19,-102,-11,8,38,40,20,28371200,262,1,68,13499,
650.441,6235.92,51.4672,7.48281,178.109,12.4754,175.808,1,19,-102,-11,8,38,40,20,28371200,262,1,68,13499,
651.441,6247.9,51.4671,7.48281,178.09,11.6486,178.865,1,18,-100,-10,10,40,42,20,28371200,262,1,68,13499,
652.441,6260.12,51.467,7.4828,177.566,12.4992,180.636,1,18,-100,-10,10,40,42,20,28371200,262,1,68,13499,
653.441,6273.76,51.4669,7.48279,177.442,12.971,182.277,1,19,-101,-9,7,39,40,20,28371200,262,1,68,13499,
654.441,6286.45,51.4668,7.48277,176.945,12.4306,184.05,1,19,-101,-9,7,39,40,20,28371200,262,1,68,13499,
655.441,6300.14,51.4667,7.48274,176.717,12.8986,187.079,1,19,-101,-9,7,39,40,20,28371200,262,1,68,13499,
656.44,6314.56,51.4665,7.4827,176.517,13.4841,189.8,1,8,-102,-11,9,38,41,20,28371200,262,1,68,13499,
657.441,6327.51,51.4664,7.48265,176.441,13.2804,192.718,1,8,-102,-11,9,38,41,20,28371200,262,1,68,13499,
658.441,6343.31,51.4663,7.48258,176.641,13.5744,195.029,1,21,-99,-10,11,41,44,20,28371200,262,1,68,13499,
659.441,6357.94,51.4662,7.48251,176.91,13.4237,197.115,1,21,-99,-10,11,41,44,20,28371200,262,1,68,13499,
660.441,6372.46,51.466,7.48244,177.136,14.4172,199.298,1,1,-95,-10,2,45,46,20,28371200,262,1,68,13499,
661.441,6384.57,51.4659,7.48237,176.84,14.3484,199.964,1,1,-95,-10,2,45,46,20,28371200,262,1,68,13499,
662.44,6398.96,51.4658,7.48229,176.839,14.7311,200.878,1,1,-102,-10,2,38,38,20,30492930,262,1,9,13499,
663.441,6413.68,51.4657,7.48221,176.576,14.7196,200.203,1,1,-102,-10,2,38,38,20,30492930,262,1,9,13499,
664.441,6429.71,51.4656,7.48213,176.178,14.8908,201.084,1,-2,-106,-11,2,34,36,20,30492930,262,1,9,13499,
665.441,6443.9,51.4654,7.48204,175.161,13.698,202.04,1,-2,-106,-11,2,34,36,20,30492930,262,1,9,13499,
666.44,6457.02,51.4653,7.48196,174.34,13.3618,203,1,4,-110,-13,2,30,35,20,30492930,262,1,9,13499,
667.441,6471.63,51.4652,7.48185,173.188,13.4518,202.663,1,4,-110,-13,2,30,35,20,30492930,262,1,9,13499,
668.44,6484.22,51.4651,7.48175,172.254,13.1415,204.254,1,-1,-107,-14,2,33,39,20,30492930,262,1,9,13499,
669.441,6496.45,51.465,7.48166,171.643,12.7382,203.709,1,-1,-107,-14,2,33,39,20,30492930,262,1,9,13499,
670.441,6512.41,51.465,7.48143,170.9,12.5056,202.348,1,1,-105,-14,5,35,40,18,30492930,262,1,9,13499,
671.441,6534.74,51.4648,7.48151,171.385,12.683,201.071,1,1,-105,-14,5,35,40,18,30492930,262,1,9,13499,
672.44,6546.57,51.4647,7.48145,171.755,12.3918,200.573,1,-2,-102,-11,6,38,39,15,26378497,262,1,496,13499,
673.44,6559.31,51.4646,7.48138,171.405,13.0186,199.519,1,-2,-102,-11,6,38,39,15,26378497,262,1,496,13499,
674.441,6572.81,51.4645,7.48132,171.172,13.6354,199.181,1,-2,-102,-11,6,38,39,15,26378497,262,1,496,13499,
675.441,6586.79,51.4644,7.48125,170.876,13.8654,198.725,1,-4,-107,-11,7,33,35,15,26378497,262,1,496,13499,
676.441,6600.79,51.4643,7.48119,170.438,13.3645,198.384,1,-4,-107,-11,7,33,35,15,26378497,262,1,496,13499,
677.441,6614.58,51.4641,7.48112,170.355,13.8926,197.709,1,-3,-105,-9,6,35,35,16,28371200,262,1,68,13499,
678.441,6628.6,51.464,7.48107,170.671,13.6533,196.901,1,-3,-105,-9,6,35,35,16,28371200,262,1,68,13499,
679.441,6642.85,51.4639,7.48102,171.932,13.2289,195.998,1,3,-108,-9,8,32,33,16,28371200,262,1,68,13499,
680.441,6656.15,51.4638,7.48097,172.852,13.2442,195.799,1,3,-108,-9,8,32,33,16,28371200,262,1,68,13499,
681.441,6670.11,51.4637,7.48093,173.922,13.5479,195.846,1,4,-108,-10,7,32,34,16,28371200,262,1,68,13499,
682.441,6684.5,51.4635,7.48087,175.115,13.7335,195.686,1,4,-108,-10,7,32,34,16,28371200,262,1,68,13499,
683.441,6698.12,51.4634,7.48083,176.243,13.8639,196.141,1,-2,-112,-14,5,28,33,16,28371200,262,1,68,13499,
684.44,6710.84,51.4633,7.48077,176.572,13.5759,196.133,1,-2,-112,-14,5,28,33,16,28371200,262,1,68,13499,
685.441,6724.36,51.4632,7.48071,176.678,13.0903,196.585,1,-1,-101,-11,7,39,35,15,28371206,262,1,129,13499,
686.441,6736.9,51.4631,7.48067,176.984,12.6054,195.715,1,-1,-101,-11,7,39,35,15,28371206,262,1,129,13499,
687.44,6749.67,51.463,7.48061,176.955,11.958,196.055,1,1,-102,-12,7,38,34,15,28371206,262,1,129,13499,
688.441,6760.74,51.4629,7.48057,177.197,10.9164,196.506,1,1,-102,-12,7,38,34,15,28371206,262,1,129,13499,
689.441,6771.88,51.4628,7.48052,177.408,10.0475,195.531,1,0,-100,-11,7,40,35,15,28371206,262,1,129,13499,
690.441,6781.5,51.4627,7.48049,177.81,9.19032,195.208,1,0,-100,-11,7,40,35,15,28371206,262,1,129,13499,
691.44,6789.78,51.4626,7.48046,178.102,7.71864,195.592,1,-2,-98,-11,8,42,38,15,28371206,262,1,129,13499,
692.441,6796.53,51.4626,7.48043,178.416,6.40566,195.881,1,-2,-98,-11,8,42,38,15,28371206,262,1,129,13499,
693.441,6802.77,51.4625,7.4804,178.652,5.38719,195.27,1,-2,-98,-11,8,42,38,15,28371206,262,1,129,13499,
694.44,6807.83,51.4625,7.48039,178.945,4.67277,195.517,1,0,-99,-11,8,41,36,15,28371206,262,1,129,13499,
695.44,6811.78,51.4624,7.48037,178.987,3.60978,195.86,1,0,-99,-11,8,41,36,15,28371206,262,1,129,13499,
696.44,6814.27,51.4624,7.48037,179.011,2.26075,195.509,1,1,-98,-10,9,42,35,15,28371206,262,1,129,13499,
697.441,6814.37,51.4624,7.48037,178.969,0.316018,195.509,1,1,-98,-10,9,42,35,15,28371206,262,1,129,13499,
698.441,6814.37,51.4624,7.48037,178.961,0,195.509,1,2,-96,-7,6,44,36,25,29568778,262,1,353,13499,
699.44,6814.37,51.4624,7.48037,178.949,0,195.509,1,2,-96,-7,6,44,36,25,29568778,262,1,353,13499,
700.44,6814.37,51.4624,7.48037,178.935,0,195.509,1,4,-95,-7,9,45,36,25,29568778,262,1,353,13499,
701.443,6814.37,51.4624,7.48037,178.919,0,195.509,1,4,-95,-7,9,45,36,25,29568778,262,1,353,13499,
702.441,6814.37,51.4624,7.48037,178.9,0,195.509,1,6,-95,-7,6,45,36,25,29568778,262,1,353,13499,
703.44,6814.37,51.4624,7.48037,178.883,0,195.509,1,6,-95,-7,6,45,36,25,29568778,262,1,353,13499,
704.441,6814.37,51.4624,7.48037,178.717,0,195.509,1,5,-95,-7,11,45,36,25,29568778,262,1,353,13499,
705.441,6814.37,51.4624,7.48037,178.569,0,195.509,1,5,-95,-7,11,45,36,25,29568778,262,1,353,13499,
706.441,6814.37,51.4624,7.48037,178.429,0,195.509,1,5,-98,-10,5,42,35,25,29568778,262,1,353,13499,
707.449,6814.37,51.4624,7.48037,178.306,0,195.509,1,5,-98,-10,5,42,35,25,29568778,262,1,353,13499,
708.442,6814.37,51.4624,7.48037,178.197,0,195.509,1,6,-93,-8,7,47,38,25,29568778,262,1,353,13499,
709.441,6814.37,51.4624,7.48037,178.104,0,195.509,1,6,-93,-8,7,47,38,25,29568778,262,1,353,13499,
710.452,6814.37,51.4624,7.48037,178.075,0,195.509,1,4,-98,-11,5,42,34,25,29568778,262,1,353,13499,
711.463,6822.2,51.4623,7.48032,178.043,0,196.15,1,4,-98,-11,5,42,34,25,29568778,262,1,353,13499,
712.441,6822.2,51.4623,7.48032,178.006,0,195.665,1,4,-98,-11,5,42,34,25,29568778,262,1,353,13499,
713.44,6826.72,51.4623,7.48031,178.016,1.6928,195.238,1,5,-94,-7,5,46,37,25,29568778,262,1,353,13499,
714.44,6829.13,51.4623,7.48031,178.025,1.53954,195.523,1,5,-94,-7,5,46,37,25,29568778,262,1,353,13499,
715.44,6830.67,51.4623,7.48031,178.039,1.23081,195.523,1,4,-96,-9,8,44,35,25,29568778,262,1,353,13499,
716.441,6832.39,51.4623,7.48031,178.091,1.06742,195.523,1,4,-96,-9,8,44,35,25,29568778,262,1,353,13499,
717.441,6832.39,51.4623,7.48031,178.097,0,195.523,1,2,-99,-10,5,41,35,25,29568778,262,1,353,13499,
718.44,6832.39,51.4623,7.48031,178.116,0,195.523,1,2,-99,-10,5,41,35,25,29568778,262,1,353,13499,
719.441,6832.39,51.4623,7.48031,178.12,0,195.523,1,4,-100,-11,5,40,35,25,29568778,262,1,353,13499,
720.44,6832.39,51.4623,7.48031,178.122,0,195.523,1,4,-100,-11,5,40,35,25,29568778,262,1,353,13499,
721.44,6832.39,51.4623,7.48031,178.111,0,195.523,1,1,-97,-10,2,43,33,25,29568778,262,1,353,13499,
722.44,6832.39,51.4623,7.48031,178.094,0,195.523,1,1,-97,-10,2,43,33,25,29568778,262,1,353,13499,
723.441,6832.39,51.4623,7.48031,178.08,0,195.523,1,1,-105,-11,2,35,34,25,28368390,262,1,211,13499,
724.441,6832.39,51.4623,7.48031,177.877,0,195.523,1,1,-105,-11,2,35,34,25,28368390,262,1,211,13499,
725.441,6832.39,51.4623,7.48031,177.67,0,198.942,1,-1,-106,-10,2,34,33,25,28368390,262,1,211,13499,
726.441,6832.39,51.4623,7.48031,177.525,0,197.569,1,-1,-106,-10,2,34,33,25,28368390,262,1,211,13499,
727.441,6842.38,51.4622,7.48026,177.421,4.03297,197.108,1,5,-107,-11,2,33,33,25,27771906,262,1,486,13499,
728.441,6847.28,51.4621,7.48024,176.563,5.54508,195.655,1,5,-107,-11,2,33,33,25,27771906,262,1,486,13499,
729.441,6853.29,51.4621,7.48024,176.111,5.18771,180.867,1,4,-107,-11,2,33,33,25,27771906,262,1,486,13499,
730.441,6857.96,51.462,7.48027,175.741,5.40117,140.688,1,4,-107,-11,2,33,33,25,27771906,262,1,486,13499,
731.456,6862.72,51.462,7.48034,175.332,6.57274,111.132,1,4,-108,-11,2,32,32,25,27771906,262,1,486,13499,
732.441,6868.23,51.462,7.48041,175.461,8.09116,94.0287,1,4,-108,-11,2,32,32,25,27771906,262,1,486,13499,
733.441,6875.85,51.462,7.48052,175.643,8.45376,93.094,1,4,-108,-11,2,32,32,25,27771906,262,1,486,13499,
734.44,6884.94,51.462,7.48066,176.077,9.27606,92.4258,1,9,-109,-12,2,31,31,25,27771906,262,1,486,13499,
735.441,6894.71,51.462,7.4808,176.736,9.00838,91.8322,1,9,-109,-12,2,31,31,25,27771906,262,1,486,13499,
736.441,6904.35,51.462,7.48094,177.377,9.15386,91.8775,1,7,-109,-12,2,31,31,25,27771906,262,1,486,13499,
737.44,6913.85,51.462,7.48107,177.71,10.0016,90.5961,1,7,-109,-12,2,31,31,25,27771906,262,1,486,13499,
738.44,6924.32,51.462,7.48122,177.969,9.83474,90.2681,1,4,-109,-12,2,31,32,25,27771906,262,1,486,13499,
739.441,6934.14,51.462,7.48137,177.881,9.43581,90.5386,1,4,-109,-12,2,31,32,25,27771906,262,1,486,13499,
740.44,6943.88,51.462,7.48151,177.381,9.95147,90.9728,1,7,-109,-12,2,31,32,25,27771906,262,1,486,13499,
741.44,6954.66,51.462,7.48166,177.528,10.7141,91.1134,1,7,-109,-12,2,31,32,25,27771906,262,1,486,13499,
742.441,6965.75,51.462,7.48182,177.99,10.9993,91.6447,1,1,-108,-12,2,32,33,25,27771906,262,1,486,13499,
743.44,6977.03,51.462,7.48199,178.314,11.8442,91.0501,1,1,-108,-12,2,32,33,25,27771906,262,1,486,13499,
744.441,6988.74,51.462,7.48215,178.61,11.8547,91.3086,1,-3,-109,-13,2,31,33,25,27771906,262,1,486,13499,
745.44,7000.24,51.462,7.48232,178.523,11.9009,91.1818,1,-3,-109,-13,2,31,33,25,27771906,262,1,486,13499,
746.44,7012.69,51.462,7.4825,178.81,12.2042,90.9016,1,4,-107,-13,2,33,34,25,27771906,262,1,486,13499,
747.441,7024.26,51.462,7.48267,178.973,11.5331,91.1978,1,4,-107,-13,2,33,34,25,27771906,262,1,486,13499,
748.441,7035.95,51.462,7.48284,179.486,11.2403,90.4278,1,9,-107,-12,2,33,34,25,27771906,262,1,486,13499,
749.441,7046.68,51.462,7.48299,179.549,10.8072,89.7839,1,9,-107,-12,2,33,34,25,27771906,262,1,486,13499,
750.441,7058.19,51.462,7.48316,180.053,10.2,89.5945,1,5,-106,-11,2,34,34,25,27771906,262,1,486,13499,
751.441,7067.45,51.462,7.48329,180.524,9.67962,88.6187,1,5,-106,-11,2,34,34,25,27771906,262,1,486,13499,
752.44,7076.34,51.462,7.48342,180.676,9.23182,91.4737,1,5,-106,-11,2,34,34,25,27771906,262,1,486,13499,
753.44,7088.26,51.462,7.48359,180.864,12.2113,92.3237,1,4,-106,-11,2,34,34,25,27771906,262,1,486,13499,
754.44,7100.25,51.462,7.48376,180.3,14.2326,94.0483,1,4,-106,-11,2,34,34,25,27771906,262,1,486,13499,
755.441,7110.51,51.462,7.48391,179.74,11.0053,92.3533,1,4,-110,-12,2,30,30,25,27771906,262,1,486,13499,
756.441,7118.57,51.462,7.48403,178.995,7.63228,105.903,1,4,-110,-12,2,30,30,25,27771906,262,1,486,13499,
757.441,7126.23,51.4619,7.48412,178.084,7.43225,127.125,1,4,-111,-12,2,29,30,25,27771906,262,1,486,13499,
758.441,7135.85,51.4619,7.48422,177.184,7.28563,145.693,1,4,-111,-12,2,29,30,25,27771906,262,1,486,13499,
759.447,7145.7,51.4618,7.48429,177.465,9.03282,162.072,1,12,-107,-12,2,33,34,25,27771906,262,1,486,13499,
760.441,7157.03,51.4617,7.48434,178.022,11.4643,163.124,1,12,-107,-12,2,33,34,25,27771906,262,1,486,13499,
761.441,7167.53,51.4616,7.48439,178.999,10.6851,164.947,1,7,-98,-9,2,42,41,25,28371200,262,1,68,13499,
762.441,7180.45,51.4615,7.48443,179.927,13.1531,164.71,1,7,-98,-9,2,42,41,25,28371200,262,1,68,13499,
763.441,7196.19,51.4613,7.48447,180.67,14.9395,166.844,1,7,-98,-10,2,42,42,25,28371200,262,1,68,13499,
764.441,7213.45,51.4612,7.48451,181.488,16.1419,168.542,1,7,-98,-10,2,42,42,25,28371200,262,1,68,13499,
765.441,7229.36,51.461,7.48453,182.386,16.1677,170.548,1,4,-97,-10,2,43,43,25,28371200,262,1,68,13499,
766.441,7246.32,51.4609,7.48455,183.488,16.0588,172.887,1,4,-97,-10,2,43,43,25,28371200,262,1,68,13499,
767.441,7263.18,51.4607,7.48457,184.676,16.4617,174.847,1,7,-99,-11,2,41,44,25,28371200,262,1,68,13499,
768.44,7279.88,51.4606,7.48457,185.967,16.4649,176.136,1,7,-99,-11,2,41,44,25,28371200,262,1,68,13499,
769.441,7296.73,51.4604,7.48456,187.294,16.2244,177.773,1,-1,-98,-11,2,42,45,25,28371200,262,1,68,13499,
770.441,7310.35,51.4603,7.48465,195.6,15.9852,180.037,1,-1,-98,-11,2,42,45,25,28371200,262,1,68,13499,
771.441,7331.08,51.4602,7.48453,189.177,15.2281,181.895,1,1,-104,-12,6,36,38,10,28371200,262,1,68,13499,
772.441,7346.48,51.46,7.4845,190.111,14.044,184.373,1,1,-104,-12,6,36,38,10,28371200,262,1,68,13499,
773.441,7361.3,51.4599,7.48447,191.075,13.9652,185.863,1,1,-104,-12,6,36,38,10,28371200,262,1,68,13499,
774.441,7375.86,51.4598,7.48443,192.123,13.8008,186.971,1,-1,-107,-13,5,33,37,10,28371200,262,1,68,13499,
775.441,7390.89,51.4596,7.48439,193.474,13.1745,188.144,1,-1,-107,-13,5,33,37,10,28371200,262,1,68,13499,
776.44,7406.16,51.4595,7.48435,195.139,13.4713,189.311,1,-4,-111,-14,4,29,35,10,28371200,262,1,68,13499,
777.441,7421,51.4594,7.48431,196.781,14.3282,189.85,1,-4,-111,-14,4,29,35,10,28371200,262,1,68,13499,
778.44,7435.23,51.4592,7.48427,198.45,13.4933,190.032,1,-1,-104,-11,4,36,38,10,28371200,262,1,68,13499,
779.441,7448.53,51.4591,7.48423,199.819,13.1809,190.786,1,-1,-104,-11,4,36,38,10,28371200,262,1,68,13499,
780.441,7463.04,51.459,7.48419,201.437,13.2372,191.361,1,-5,-106,-13,4,34,39,10,28371200,262,1,68,13499,
781.44,7476.91,51.4589,7.48415,202.919,13.7874,191.362,1,-5,-106,-13,4,34,39,10,28371200,262,1,68,13499,
782.441,7490.19,51.4588,7.48411,204.06,13.2288,192.103,1,-4,-105,-12,5,35,39,10,28371200,262,1,68,13499,
783.44,7503.35,51.4586,7.48407,205.229,12.8789,191.64,1,-4,-105,-12,5,35,39,10,28371200,262,1,68,13499,
784.442,7517.05,51.4585,7.48403,206.287,12.745,192.244,1,-1,-105,-12,5,35,39,10,28371200,262,1,68,13499,
785.441,7530.49,51.4584,7.48398,207.362,12.5518,193.178,1,-1,-105,-12,5,35,39,10,28371200,262,1,68,13499,
786.441,7543.45,51.4583,7.48394,207.904,13.0556,192.597,1,0,-103,-11,4,37,40,10,28371200,262,1,68,13499,
787.441,7557.72,51.4582,7.48389,208.776,13.1599,192.579,1,0,-103,-11,4,37,40,10,28371200,262,1,68,13499,
788.449,7571.77,51.458,7.48384,209.857,13.4433,193.212,1,2,-98,-12,7,42,45,10,28371200,262,1,68,13499,
789.441,7585.62,51.4579,7.4838,210.863,14.1045,194.154,1,2,-98,-12,7,42,45,10,28371200,262,1,68,13499,
790.441,7600.47,51.4578,7.48375,211.468,14.7857,193.497,1,4,-93,-10,8,47,48,10,28371200,262,1,68,13499,
791.441,7615.8,51.4577,7.4837,212.133,15.8396,192.377,1,4,-93,-10,8,47,48,10,28371200,262,1,68,13499,
792.441,7631.03,51.4575,7.48365,212.572,15.8045,192.232,1,4,-93,-10,8,47,48,10,28371200,262,1,68,13499,
793.441,7647.25,51.4574,7.4836,212.959,15.9314,191.702,1,10,-93,-8,6,47,46,10,28371200,262,1,68,13499,
794.441,7662.8,51.4572,7.48355,213.338,15.8202,191.236,1,10,-93,-8,6,47,46,10,28371200,262,1,68,13499,
795.441,7678.76,51.4571,7.48351,213.736,16.0312,190.274,1,9,-94,-10,14,46,47,10,28371200,262,1,68,13499,
796.441,7694.87,51.457,7.48347,214.233,16.5493,190.765,1,9,-94,-10,14,46,47,10,28371200,262,1,68,13499,
797.441,7711.11,51.4568,7.48343,214.364,16.36,190.853,1,9,-95,-10,12,45,47,10,28371200,262,1,68,13499,
798.441,7727.9,51.4567,7.48339,214.668,16.2178,190.368,1,9,-95,-10,12,45,47,10,28371200,262,1,68,13499,
799.44,7744.9,51.4565,7.48335,215.412,16.0877,189.755,1,11,-92,-10,13,48,50,10,28371200,262,1,68,13499,
800.44,7760.84,51.4564,7.48332,215.787,16.183,188.69,1,11,-92,-10,13,48,50,10,28371200,262,1,68,13499,
801.441,7776.49,51.4562,7.48328,216.235,15.7172,188.117,1,9,-96,-11,10,44,45,10,28371200,262,1,68,13499,
802.441,7791.83,51.4561,7.48326,216.519,15.8193,187.115,1,9,-96,-11,10,44,45,10,28371200,262,1,68,13499,
803.441,7807.9,51.4559,7.48324,216.871,15.8539,185.549,1,2,-93,-12,12,47,48,10,28371200,262,1,68,13499,
804.44,7824.14,51.4558,7.48323,217.644,15.5628,184.206,1,2,-93,-12,12,47,48,10,28371200,262,1,68,13499,
805.44,7839.29,51.4557,7.48322,218.341,15.7192,182.805,1,8,-91,-7,6,49,47,6,28371202,262,1,67,13499,
806.441,7854.34,51.4555,7.48322,218.781,15.6426,181.004,1,8,-91,-7,6,49,47,6,28371202,262,1,67,13499,
807.441,7869.74,51.4554,7.48324,219.162,15.6682,179.078,1,10,-93,-7,10,47,45,6,28371202,262,1,67,13499,
808.44,7885.53,51.4553,7.48327,219.243,16.3447,176.844,1,10,-93,-7,10,47,45,6,28371202,262,1,67,13499,
809.44,7900.63,51.4551,7.4833,219.322,15.5351,174.444,1,12,-88,-7,14,52,48,6,28371202,262,1,67,13499,
810.441,7916.87,51.455,7.48334,219.563,16.4239,171.81,1,12,-88,-7,14,52,48,6,28371202,262,1,67,13499,
811.441,7932.26,51.4548,7.4834,219.778,16.7436,168.791,1,17,-88,-6,9,52,49,6,28371202,262,1,67,13499,
812.441,7949.09,51.4547,7.48347,220.11,16.827,165.949,1,17,-88,-6,9,52,49,6,28371202,262,1,67,13499,
813.44,7966.75,51.4545,7.48356,220.681,16.2085,162.924,1,16,-89,-6,10,51,48,6,28371202,262,1,67,13499,
814.441,7984.36,51.4544,7.48366,221.395,16.951,160.242,1,16,-89,-6,10,51,48,6,28371202,262,1,67,13499,
815.44,8003.17,51.4542,7.48377,222.539,17.1537,157.916,1,10,-95,-7,7,45,44,6,28371202,262,1,67,13499,
816.441,8021.55,51.4541,7.48389,223.592,16.9534,154.359,1,10,-95,-7,7,45,44,6,28371202,262,1,67,13499,
817.441,8037.81,51.454,7.48402,224.669,17.1802,151.448,1,10,-95,-7,7,45,44,6,28371202,262,1,67,13499,
818.44,8052.87,51.4539,7.48416,225.889,15.183,147.7,1,7,-93,-7,10,47,46,6,28371202,262,1,67,13499,
819.44,8070.18,51.4538,7.48432,227.017,15.6981,143.589,1,7,-93,-7,10,47,46,6,28371202,262,1,67,13499,
820.441,8086.84,51.4537,7.48451,228.233,14.3935,127.612,1,13,-87,-5,2,53,49,6,28371202,262,1,67,13499,
821.441,8104.19,51.4536,7.48471,229.305,15.7715,128.872,1,13,-87,-5,2,53,49,6,28371202,262,1,67,13499,
822.441,8120.13,51.4535,7.48489,230.598,16.0094,130.146,1,14,-87,-5,2,53,49,6,28371202,262,1,67,13499,
823.441,8137.98,51.4534,7.48509,232.034,17.5349,131.766,1,14,-87,-5,2,53,49,6,28371202,262,1,67,13499,
824.44,8155.26,51.4533,7.48528,233.52,16.1616,132.571,1,24,-88,-5,2,52,49,6,28371202,262,1,67,13499,
825.441,8172.58,51.4532,7.48547,234.887,15.4356,131.227,1,24,-88,-5,2,52,49,6,28371202,262,1,67,13499,
826.441,8188.29,51.4531,7.48565,235.641,16.0585,130.656,1,21,-86,-5,2,54,51,6,28371202,262,1,67,13499,
827.441,8205.74,51.453,7.48584,236.073,15.9474,129.814,1,21,-86,-5,2,54,51,6,28371202,262,1,67,13499,
828.441,8220.78,51.4529,7.486,236.643,15.8314,131.375,1,22,-83,-6,2,57,54,6,28371202,262,1,67,13499,
829.441,8237.34,51.4528,7.48617,236.969,16.5057,134.228,1,22,-83,-6,2,57,54,6,28371202,262,1,67,13499,
830.441,8253.32,51.4527,7.48633,237.549,16.113,136.656,1,21,-83,-6,2,57,54,6,28371202,262,1,67,13499,
831.44,8269.9,51.4526,7.48649,238.152,14.9927,138.492,1,21,-83,-6,2,57,54,6,28371202,262,1,67,13499,
832.44,8285.45,51.4525,7.48663,238.789,14.9256,139.625,1,21,-83,-6,2,57,55,6,28371202,262,1,67,13499,
833.441,8300.19,51.4524,7.48676,239.296,14.4538,141.899,1,21,-83,-6,2,57,55,6,28371202,262,1,67,13499,
834.44,8315.67,51.4522,7.48689,240.414,14.7135,143.567,1,19,-82,-6,2,58,55,6,28371202,262,1,67,13499,
835.44,8331.57,51.4521,7.48701,241.631,15.7317,145.901,1,19,-82,-6,2,58,55,6,28371202,262,1,67,13499,
836.44,8348.01,51.452,7.48713,242.706,15.4392,147.436,1,19,-82,-6,2,58,55,6,28371202,262,1,67,13499,
837.441,8364.72,51.4519,7.48725,243.864,15.1548,149.879,1,21,-83,-5,2,57,53,6,28371202,262,1,67,13499,
838.44,8382.86,51.4517,7.48736,245.359,16.3765,151.97,1,21,-83,-5,2,57,53,6,28371202,262,1,67,13499,
839.44,8399.2,51.4516,7.48745,246.565,14.7214,154.863,1,16,-84,-5,2,56,52,6,28371202,262,1,67,13499,
840.441,8416.92,51.4514,7.48755,247.53,15.1053,155.882,1,16,-84,-5,2,56,52,6,28371202,262,1,67,13499,
841.441,8434.66,51.4513,7.48765,248.371,14.5821,156.42,1,19,-86,-6,2,54,51,6,28371202,262,1,67,13499,
842.44,8451.48,51.4511,7.48774,248.953,14.1417,157.416,1,19,-86,-6,2,54,51,6,28371202,262,1,67,13499,
843.44,8466.97,51.451,7.48782,249.5,14.3644,158.053,1,14,-89,-7,2,51,49,6,28371202,262,1,67,13499,
