0.111,0,51.49,7.41221,161.025,0,302.771,1,15,-85,-6,12,55,53,5,29391105,262,1,351,13499,
1.299,4.33995,51.49,7.41225,162.581,0,302.771,1,18,-85,-7,13,55,54,5,29391105,262,1,351,13499,
2.245,4.33995,51.49,7.41225,162.923,0,302.771,1,18,-85,-7,13,55,54,5,29391105,262,1,351,13499,
3.209,4.33995,51.49,7.41225,164.562,0,302.771,1,17,-85,-6,12,55,54,5,29391105,262,1,351,13499,
4.187,4.33995,51.49,7.41225,165.407,0,302.771,1,17,-85,-6,12,55,54,5,29391105,262,1,351,13499,
5.177,4.33995,51.49,7.41225,166.103,0,302.771,1,14,-84,-6,7,56,54,5,29391105,262,1,351,13499,
6.191,4.33995,51.49,7.41225,164.716,0,302.771,1,14,-84,-6,7,56,54,5,29391105,262,1,351,13499,
7.181,4.33995,51.49,7.41225,163.712,0,302.771,1,12,-85,-7,10,55,54,5,29391105,262,1,351,13499,
8.173,8.55472,51.49,7.41225,162.875,0,302.771,1,12,-85,-7,10,55,54,5,29391105,262,1,351,13499,
9.2,8.55472,51.49,7.41225,161.237,0,302.771,1,16,-86,-6,10,54,51,5,29391105,262,1,351,13499,
10.139,14.6534,51.4901,7.41229,160.922,0,302.771,1,16,-86,-6,10,54,51,5,29391105,262,1,351,13499,
11.189,14.6534,51.4901,7.41229,159.895,0,302.771,1,14,-89,-7,10,51,51,5,29391105,262,1,351,13499,
12.187,21.4545,51.4901,7.41226,160.237,0,302.771,1,14,-89,-7,10,51,51,5,29391105,262,1,351,13499,
13.187,25.9171,51.4902,7.41225,160.887,3.26981,302.771,1,1,-93,-7,6,47,43,7,26385408,262,1,95,13499,
14.17,28.0762,51.4902,7.41224,159.779,3.96548,351.765,1,1,-93,-7,6,47,43,7,26385408,262,1,95,13499,
15.204,33.722,51.4902,7.41224,161.171,3.53027,350.234,1,7,-90,-7,12,50,47,7,26385408,262,1,95,13499,
16.191,37.7646,51.4902,7.41219,162.893,2.62684,350.869,1,7,-90,-7,12,50,47,7,26385408,262,1,95,13499,
17.17,41.3918,51.4903,7.41221,162.514,3.2056,12.6934,1,7,-90,-7,14,50,45,7,26385408,262,1,95,13499,
18.193,47.5411,51.4903,7.41226,163.809,3.52534,42.805,1,7,-90,-7,14,50,45,7,26385408,262,1,95,13499,
19.18,51.5569,51.4903,7.41231,162.135,5.7587,81.2054,1,11,-91,-6,11,49,46,7,26385408,262,1,95,13499,
20.21,60.1362,51.4903,7.41241,159.27,6.55435,79.2607,1,11,-91,-6,11,49,46,7,26385408,262,1,95,13499,
21.179,67.9173,51.4903,7.41252,156.285,8.35618,76.9565,1,16,-88,-6,11,52,48,7,26385408,262,1,95,13499,
22.182,77.6106,51.4903,7.41265,154.469,9.42122,75.7882,1,16,-88,-6,11,52,48,7,26385408,262,1,95,13499,
23.186,87.6693,51.4904,7.4128,154.613,10.6473,76.575,1,19,-86,-7,15,54,52,7,26385408,262,1,95,13499,
24.178,100.241,51.4904,7.41296,154.484,10.8311,76.5975,1,19,-86,-7,15,54,52,7,26385408,262,1,95,13499,
25.193,112.766,51.4904,7.41314,154.499,11.7965,77.2918,1,19,-86,-7,15,54,52,7,26385408,262,1,95,13499,
26.189,125.189,51.4905,7.41331,154.243,11.0264,80.2458,1,18,-88,-6,13,52,49,7,26385408,262,1,95,13499,
27.187,136.67,51.4905,7.41347,154.492,12.6777,79.6174,1,18,-88,-6,13,52,49,7,26385408,262,1,95,13499,
28.185,149.755,51.4905,7.41366,154.733,12.4132,78.6962,1,5,-88,-8,2,52,51,7,26385408,262,1,95,13499,
29.18,163.068,51.4905,7.41385,154.678,12.417,77.9664,1,5,-88,-8,2,52,51,7,26385408,262,1,95,13499,
30.206,163.068,51.4903,7.4138,nan,12.7732,77.7238,1,10,-93,-8,2,47,47,7,26385408,262,1,95,13499,
31.196,163.068,51.4906,7.41421,154.359,12.9221,77.8959,1,10,-93,-8,2,47,47,7,26385408,262,1,95,13499,
32.202,175.943,51.4906,7.4144,153.984,13.0401,78.4537,1,14,-91,-7,2,49,49,7,26385408,262,1,95,13499,
33.221,189.514,51.4906,7.41459,153.307,12.9228,79.3483,1,14,-91,-7,2,49,49,7,26385408,262,1,95,13499,
34.183,202.242,51.4906,7.41477,153.191,12.8499,79.6814,1,10,-90,-7,2,50,49,7,26385408,262,1,95,13499,
35.185,215.313,51.4906,7.41496,153.32,12.5916,80.1263,1,10,-90,-7,2,50,49,7,26385408,262,1,95,13499,
36.185,228.937,51.4907,7.41515,153.463,12.5691,80.9089,1,11,-90,-8,2,50,49,7,26385408,262,1,95,13499,
37.199,239.738,51.4907,7.4153,153.123,12.6291,82.1462,1,11,-90,-8,2,50,49,7,26385408,262,1,95,13499,
38.199,251.511,51.4907,7.41547,152.549,12.3689,83.383,1,13,-88,-7,2,52,50,7,29391105,262,1,351,13499,
39.193,265.697,51.4907,7.41568,152.435,12.3689,84.9729,1,13,-88,-7,2,52,50,7,29391105,262,1,351,13499,
40.167,278.99,51.4907,7.41587,152.534,11.6385,86.6577,1,19,-84,-7,2,56,54,7,29391105,262,1,351,13499,
41.188,290.072,51.4907,7.41603,152.91,9.6669,89.1714,1,19,-84,-7,2,56,54,7,29391105,262,1,351,13499,
42.192,299.524,51.4907,7.41617,153.501,8.53242,91.6273,1,15,-82,-6,2,58,55,7,29391105,262,1,351,13499,
43.187,307.467,51.4907,7.41628,154.142,7.09308,94.0472,1,15,-82,-6,2,58,55,7,29391105,262,1,351,13499,
44.195,313.076,51.4907,7.41636,154.453,5.30377,96.1067,1,20,-82,-7,2,58,55,7,29391105,262,1,351,13499,
45.172,317.521,51.4907,7.41642,154.487,3.93592,98.007,1,20,-82,-7,2,58,55,7,29391105,262,1,351,13499,
46.201,321.577,51.4907,7.41648,154.511,2.56983,98.5484,1,19,-82,-6,2,58,55,7,29391105,262,1,351,13499,
47.21,322.81,51.4907,7.41649,154.486,1.46815,98.5484,1,19,-82,-6,2,58,55,7,29391105,262,1,351,13499,
48.19,324.181,51.4906,7.41651,154.414,0.678593,98.5484,1,20,-82,-6,2,58,55,7,29391105,262,1,351,13499,
49.267,324.181,51.4906,7.41651,154.347,0,98.5484,1,20,-82,-6,2,58,55,7,29391105,262,1,351,13499,
50.2,324.181,51.4921,7.42188,nan,0,100.638,1,20,-82,-6,2,58,55,7,29391105,262,1,351,13499,
51.202,324.181,51.4906,7.41661,154.163,0,99.9264,1,18,-82,-5,11,58,55,4,29391105,262,1,351,13499,
52.208,328.364,51.4906,7.41667,154.021,3.78628,102.99,1,18,-82,-5,11,58,55,4,29391105,262,1,351,13499,
53.198,331.14,51.4906,7.41671,153.118,5.02901,102.563,1,17,-82,-5,8,58,54,4,29391105,262,1,351,13499,
54.183,336.054,51.4906,7.41678,151.942,5.68327,100.592,1,17,-82,-5,8,58,54,4,29391105,262,1,351,13499,
55.184,342.944,51.4906,7.41687,150.938,6.52485,100.605,1,23,-79,-6,10,61,58,4,29391105,262,1,351,13499,
56.196,350.9,51.4906,7.41699,149.803,6.9351,99.6336,1,23,-79,-6,10,61,58,4,29391105,262,1,351,13499,
57.174,358.038,51.4906,7.41709,149.216,6.51769,97.2681,1,23,-79,-6,11,61,57,4,29391105,262,1,351,13499,
58.196,362.258,51.4906,7.41714,149.079,5.73894,59.8025,1,23,-79,-6,11,61,57,4,29391105,262,1,351,13499,
59.193,368.197,51.4906,7.4172,149.374,5.81796,34.9023,1,10,-87,-7,10,53,48,4,29391105,262,1,351,13499,
60.193,374.651,51.4907,7.41724,149.965,5.92309,20.2063,1,10,-87,-7,10,53,48,4,29391105,262,1,351,13499,
61.21,381.472,51.4907,7.41723,150.762,7.32354,353.197,1,10,-91,-7,11,49,47,4,29391105,262,1,351,13499,
62.202,387.971,51.4908,7.41722,151.733,6.64642,352.778,1,10,-91,-7,11,49,47,4,29391105,262,1,351,13499,
63.192,394.227,51.4909,7.41721,152.497,6.06941,354.558,1,9,-90,-6,8,50,47,4,29391105,262,1,351,13499,
64.185,399.762,51.4909,7.41724,153.195,5.37059,38.6505,1,9,-90,-6,8,50,47,4,29391105,262,1,351,13499,
65.18,404.906,51.4909,7.41731,153.845,5.65825,63.2924,1,7,-94,-8,7,46,44,4,29391105,262,1,351,13499,
66.181,410.59,51.4909,7.41739,154.533,6.10788,83.7297,1,7,-94,-8,7,46,44,4,29391105,262,1,351,13499,
67.194,419.043,51.4909,7.41751,155.026,6.97359,85.7063,1,2,-98,-9,2,42,40,4,29391105,262,1,351,13499,
68.188,427.932,51.4909,7.41764,155.334,8.32847,87.7779,1,2,-98,-9,2,42,40,4,29391105,262,1,351,13499,
69.202,436.014,51.4909,7.41775,155.362,8.88796,89.3218,1,2,-98,-9,2,42,40,4,29391105,262,1,351,13499,
70.187,436.014,51.4909,7.41987,nan,9.18846,90.867,1,2,-98,-9,2,42,40,4,29391105,262,1,351,13499,
71.176,436.014,51.4909,7.41804,154.612,9.59778,92.3364,1,2,-98,-9,2,42,40,4,29391105,262,1,351,13499,
72.201,446.584,51.4909,7.41819,153.703,9.93904,94.1298,1,7,-97,-9,2,43,42,4,29391105,262,1,351,13499,
73.184,456.474,51.4909,7.41833,152.582,10.2275,96.3054,1,7,-97,-9,2,43,42,4,29391105,262,1,351,13499,
74.187,467.226,51.4909,7.41849,151.32,10.2343,99.9376,1,8,-96,-8,2,44,43,4,29391105,262,1,351,13499,
75.191,477.015,51.4909,7.41861,150.014,9.3327,114.673,1,8,-96,-8,2,44,43,4,29391105,262,1,351,13499,
76.198,485.419,51.4908,7.41872,148.845,8.86248,116.447,1,7,-97,-8,2,43,42,4,29391105,262,1,351,13499,
77.177,494.548,51.4908,7.41883,147.896,8.82776,119.908,1,7,-97,-8,2,43,42,4,29391105,262,1,351,13499,
78.195,504.554,51.4907,7.41892,147.611,9.33515,137.269,1,4,-99,-9,2,41,41,4,29391105,262,1,351,13499,
79.203,515.108,51.4906,7.41902,147.39,9.37757,138.06,1,4,-99,-9,2,41,41,4,29391105,262,1,351,13499,
80.223,525.201,51.4906,7.41911,147.036,9.37457,137.053,1,-4,-102,-11,2,38,40,4,29391105,262,1,351,13499,
81.168,534.787,51.4905,7.4192,146.463,9.20187,137.563,1,-4,-102,-11,2,38,40,4,29391105,262,1,351,13499,
82.197,544.629,51.4904,7.41929,145.883,9.83998,137.217,1,1,-101,-8,2,39,39,4,28365056,262,1,222,13499,
83.176,554.031,51.4904,7.41938,145.272,9.9205,137.554,1,1,-101,-8,2,39,39,4,28365056,262,1,222,13499,
84.196,563.179,51.4903,7.41946,144.807,9.73794,137.798,1,2,-100,-8,2,40,40,4,28365056,262,1,222,13499,
85.188,573.327,51.4902,7.41956,144.386,9.73344,137.457,1,2,-100,-8,2,40,40,4,28365056,262,1,222,13499,
86.192,583.406,51.4902,7.41965,143.595,9.67732,137.353,1,1,-102,-8,2,38,38,4,28365056,262,1,222,13499,
87.182,593.329,51.4901,7.41974,142.94,9.6312,137.758,1,1,-102,-8,2,38,38,4,28365056,262,1,222,13499,
88.209,602.514,51.49,7.41983,142.459,9.55634,138.304,1,3,-101,-8,2,39,38,4,28365056,262,1,222,13499,
89.199,611.678,51.49,7.41991,142.068,9.51357,138.934,1,3,-101,-8,2,39,38,4,28365056,262,1,222,13499,
90.197,611.678,51.4893,7.41986,nan,9.38995,139.787,1,2,-100,-9,2,40,40,4,28365056,262,1,222,13499,
91.189,611.678,51.4898,7.42009,142.044,9.24984,140.428,1,2,-100,-9,2,40,40,4,28365056,262,1,222,13499,
92.187,621.959,51.4897,7.42018,141.764,8.96412,142.26,1,5,-98,-9,2,42,43,4,28365056,262,1,222,13499,
93.257,631.11,51.4897,7.42025,141.462,8.74379,144.609,1,5,-98,-9,2,42,43,4,28365056,262,1,222,13499,
94.194,639.977,51.4896,7.42032,141.799,9.06641,145.497,1,6,-99,-7,10,41,40,14,28365056,262,1,222,13499,
95.193,648.917,51.4895,7.42039,142.36,9.16037,144.963,1,6,-99,-7,10,41,40,14,28365056,262,1,222,13499,
96.18,657.883,51.4895,7.42047,142.848,8.47996,144.142,1,6,-99,-7,10,41,40,14,28365056,262,1,222,13499,
97.2,666.551,51.4894,7.42055,142.677,7.72669,141.391,1,4,-100,-10,6,40,40,14,28365056,262,1,222,13499,
98.206,671.407,51.4894,7.42061,143.019,7.10718,122.892,1,4,-100,-10,6,40,40,14,28365056,262,1,222,13499,
99.191,679.062,51.4894,7.42071,143.197,6.95891,106.614,1,2,-103,-8,10,37,35,14,28365056,262,1,222,13499,
100.201,686.38,51.4894,7.42082,143.395,6.55988,105.339,1,2,-103,-8,10,37,35,14,28365056,262,1,222,13499,
101.187,692.654,51.4893,7.42091,143.552,5.52779,104.769,1,2,-102,-10,6,38,38,14,28365056,262,1,222,13499,
102.207,696.852,51.4893,7.42096,143.613,3.60333,106.432,1,2,-102,-10,6,38,38,14,28365056,262,1,222,13499,
103.194,700.434,51.4893,7.42101,143.693,3.69633,133.625,1,1,-105,-9,8,35,36,14,28365056,262,1,222,13499,
104.182,706.176,51.4893,7.42105,144.494,4.48955,157.179,1,1,-105,-9,8,35,36,14,28365056,262,1,222,13499,
105.191,711.339,51.4892,7.42106,144.897,4.82012,183.341,1,0,-105,-10,7,35,37,14,28365056,262,1,222,13499,
106.179,717.836,51.4892,7.42106,145.085,5.62297,181.836,1,0,-105,-10,7,35,37,14,28365056,262,1,222,13499,
107.174,725.44,51.4891,7.42106,145.041,6.76409,182.474,1,0,-101,-9,8,39,39,14,28365056,262,1,222,13499,
108.193,733.889,51.489,7.42105,144.933,7.81662,184.932,1,0,-101,-9,8,39,39,14,28365056,262,1,222,13499,
109.194,741.936,51.489,7.42102,144.829,8.24393,188.247,1,0,-99,-10,7,41,44,14,28365056,262,1,222,13499,
110.212,741.936,51.4891,7.42235,nan,8.6213,190.139,1,0,-99,-10,7,41,44,14,28365056,262,1,222,13499,
111.188,741.936,51.4888,7.42092,143.704,9.30335,192.34,1,-5,-93,-9,2,47,49,14,28365056,262,1,222,13499,
112.184,750.256,51.4887,7.42089,143.52,8.4785,193.061,1,-5,-93,-9,2,47,49,14,28365056,262,1,222,13499,
113.186,756.624,51.4887,7.42084,143.588,6.93904,195.246,1,8,-90,-7,2,50,49,14,29391105,262,1,351,13499,
114.181,764.163,51.4886,7.42081,143.845,4.98446,193.951,1,8,-90,-7,2,50,49,14,29391105,262,1,351,13499,
115.189,768.358,51.4886,7.42081,143.9,3.78883,165.704,1,10,-90,-7,2,50,49,14,29391105,262,1,351,13499,
116.203,771.499,51.4886,7.42083,143.957,2.8137,135.593,1,10,-90,-7,2,50,49,14,29391105,262,1,351,13499,
117.209,775.074,51.4886,7.42088,144.013,3.747,102.374,1,2,-89,-8,2,51,50,14,29391105,262,1,351,13499,
118.193,780.025,51.4886,7.42095,144.458,4.52494,81.0444,1,2,-89,-8,2,51,50,14,29391105,262,1,351,13499,
119.198,786.032,51.4886,7.42104,144.927,6.39517,95.1925,1,5,-90,-8,2,50,49,14,29391105,262,1,351,13499,
120.172,792.046,51.4886,7.42112,145.777,6.01048,96.5165,1,5,-90,-8,2,50,49,14,29391105,262,1,351,13499,
121.202,800.408,51.4886,7.42124,146.704,6.35073,96.5529,1,5,-90,-8,2,50,49,14,29391105,262,1,351,13499,
122.194,808.023,51.4885,7.42135,146.829,6.70695,113.105,1,-3,-92,-8,2,48,47,14,29391105,262,1,351,13499,
123.192,815.19,51.4885,7.42144,146.396,6.99603,116.364,1,-3,-92,-8,2,48,47,14,29391105,262,1,351,13499,
124.191,822.864,51.4885,7.42154,146.038,7.51777,119.903,1,0,-93,-9,2,47,47,14,29391105,262,1,351,13499,
125.178,830.93,51.4884,7.42163,146.077,8.80324,123.252,1,0,-93,-9,2,47,47,14,29391105,262,1,351,13499,
126.19,839.741,51.4884,7.42173,145.665,8.48787,125.34,1,-3,-96,-10,2,44,45,14,29391105,262,1,351,13499,
127.196,847.329,51.4883,7.42182,145.333,7.27274,126.544,1,-3,-96,-10,2,44,45,14,29391105,262,1,351,13499,
128.162,857.058,51.4883,7.42193,144.82,8.34876,127.252,1,1,-95,-9,2,45,44,14,29391105,262,1,351,13499,
129.203,865.786,51.4882,7.42202,144.375,8.77775,126.304,1,1,-95,-9,2,45,44,14,29391105,262,1,351,13499,
130.202,865.786,51.4906,7.41937,nan,8.46208,123.221,1,-3,-95,-9,2,45,44,14,29391105,262,1,351,13499,
131.175,865.786,51.4882,7.42221,143.175,8.59883,119.178,1,-3,-95,-9,2,45,44,14,29391105,262,1,351,13499,
132.197,874.328,51.4881,7.42233,142.509,8.41736,105.977,1,-1,-95,-9,2,45,44,14,29391105,262,1,351,13499,
133.186,883.001,51.4881,7.42245,141.759,7.96354,105.401,1,-1,-95,-9,2,45,44,14,29391105,262,1,351,13499,
134.192,890.999,51.4881,7.42256,141.348,7.00594,105.302,1,-2,-96,-8,2,44,43,14,29391105,262,1,351,13499,
135.193,897.565,51.4881,7.42265,141.082,5.5799,104.532,1,-2,-96,-8,2,44,43,14,29391105,262,1,351,13499,
136.184,902.944,51.4881,7.42273,140.764,5.53709,104.249,1,-3,-100,-9,7,40,40,10,29391105,262,1,351,13499,
137.2,908.417,51.488,7.42281,140.635,6.07605,103.864,1,-3,-100,-9,7,40,40,10,29391105,262,1,351,13499,
138.211,915.194,51.488,7.4229,140.562,6.95597,101.616,1,-4,-99,-7,6,41,40,14,28365056,262,1,222,13499,
139.19,922.959,51.488,7.42301,140.111,6.94079,100.701,1,-4,-99,-7,6,41,40,14,28365056,262,1,222,13499,
140.187,931.566,51.488,7.42313,139.764,8.14613,101.839,1,7,-96,-7,11,44,43,14,28365056,262,1,222,13499,
141.169,940.037,51.488,7.42325,139.217,8.68657,102.831,1,7,-96,-7,11,44,43,14,28365056,262,1,222,13499,
142.212,949.258,51.488,7.42338,139.012,9.07697,104.564,1,4,-95,-7,8,45,44,14,28365056,262,1,222,13499,
143.19,958.646,51.4879,7.42351,139.084,9.21006,106.397,1,4,-95,-7,8,45,44,14,28365056,262,1,222,13499,
144.189,967.654,51.4879,7.42363,139.011,9.30391,109.702,1,6,-95,-7,7,45,44,14,28365056,262,1,222,13499,
145.191,977.287,51.4879,7.42374,138.699,9.2446,125.431,1,6,-95,-7,7,45,44,14,28365056,262,1,222,13499,
146.185,988.132,51.4878,7.42387,138.879,9.33454,127.647,1,8,-96,-7,7,44,43,14,28365056,262,1,222,13499,
147.183,998.436,51.4877,7.42399,139.453,9.92007,128.403,1,8,-96,-7,7,44,43,14,28365056,262,1,222,13499,
148.169,1009.4,51.4877,7.4241,140.269,11.3415,131.125,1,6,-93,-7,9,47,45,14,28365056,262,1,222,13499,
149.202,1020.15,51.4876,7.42419,141.165,10.9115,145.526,1,6,-93,-7,9,47,45,14,28365056,262,1,222,13499,
150.199,1020.15,51.4891,7.42235,nan,11.2408,144.825,1,6,-94,-7,9,46,45,14,28365056,262,1,222,13499,
151.194,1020.15,51.4874,7.42435,142.387,10.8207,145.366,1,6,-94,-7,9,46,45,14,28365056,262,1,222,13499,
152.188,1031.38,51.4873,7.42443,142.444,11.092,144.457,1,6,-94,-7,9,46,45,14,28365056,262,1,222,13499,
153.172,1042.67,51.4872,7.42452,142.693,11.0431,144,1,5,-95,-6,2,45,42,14,28365056,262,1,222,13499,
154.206,1053.53,51.4872,7.42462,142.916,11.5514,141.884,1,5,-95,-6,2,45,42,14,28365056,262,1,222,13499,
155.185,1064.06,51.4871,7.42471,143.016,11.5655,139.98,1,5,-96,-8,2,44,43,14,28365056,262,1,222,13499,
156.17,1075.41,51.487,7.42483,143.204,11.3568,137.188,1,5,-96,-8,2,44,43,14,28365056,262,1,222,13499,
157.172,1088.21,51.4869,7.42496,143.12,12.2088,135.187,1,1,-98,-9,2,42,42,14,28365056,262,1,222,13499,
158.183,1101.42,51.4869,7.4251,142.753,12.6012,133.603,1,1,-98,-9,2,42,42,14,28365056,262,1,222,13499,
159.171,1114.94,51.4868,7.42524,141.998,12.4795,132.433,1,10,-94,-9,2,46,47,14,28367106,262,1,103,13499,
160.191,1127.91,51.4867,7.42538,141.25,12.9718,131.481,1,10,-94,-9,2,46,47,14,28367106,262,1,103,13499,
161.187,1140.31,51.4866,7.42552,140.708,12.3454,130.847,1,11,-92,-8,2,48,48,14,28367106,262,1,103,13499,
162.178,1152.42,51.4866,7.42566,140.361,12.1498,130.822,1,11,-92,-8,2,48,48,14,28367106,262,1,103,13499,
163.176,1163.97,51.4865,7.42579,140.239,11.9821,131.638,1,11,-93,-8,2,47,47,14,28367106,262,1,103,13499,
164.169,1175.84,51.4864,7.42591,139.884,12.1555,133.689,1,11,-93,-8,2,47,47,14,28367106,262,1,103,13499,
165.206,1188.47,51.4863,7.42604,139.135,12.2021,136.04,1,17,-91,-8,2,49,48,14,28367106,262,1,103,13499,
166.189,1201.49,51.4863,7.42616,137.999,12.2085,137.324,1,17,-91,-8,2,49,48,14,28367106,262,1,103,13499,
167.183,1214.56,51.4862,7.42628,136.826,12.5114,138.264,1,19,-86,-6,2,54,52,14,28367106,262,1,103,13499,
168.187,1227.07,51.4861,7.4264,135.58,12.4199,136.007,1,19,-86,-6,2,54,52,14,28367106,262,1,103,13499,
169.183,1238.71,51.486,7.42652,134.798,12.4726,133.73,1,23,-85,-7,2,55,53,14,28367106,262,1,103,13499,
170.192,1238.71,51.4833,7.43134,nan,12.765,131.193,1,23,-85,-7,2,55,53,14,28367106,262,1,103,13499,
171.185,1238.71,51.4859,7.42681,133.204,12.9865,128.089,1,21,-85,-6,2,55,53,14,28367106,262,1,103,13499,
172.185,1252.56,51.4858,7.42697,132.28,12.8197,125.334,1,21,-85,-6,2,55,53,14,28367106,262,1,103,13499,
173.182,1265.02,51.4857,7.42713,131.518,12.4123,124.234,1,16,-85,-6,2,55,53,14,28367106,262,1,103,13499,
174.31,1278.43,51.4857,7.42729,131.247,11.6417,125.903,1,16,-85,-6,2,55,53,14,28367106,262,1,103,13499,
175.167,1290.94,51.4856,7.42742,131.122,11.4689,138.504,1,20,-91,-5,13,49,47,7,28367106,262,1,103,13499,
176.193,1301.18,51.4855,7.42753,130.728,11.3814,141.048,1,20,-91,-5,13,49,47,7,28367106,262,1,103,13499,
177.192,1310.53,51.4855,7.42761,129.863,11.0007,142.385,1,20,-91,-5,13,49,47,7,28367106,262,1,103,13499,
178.186,1320.57,51.4854,7.4277,129.18,10.1872,141.874,1,18,-95,-7,11,45,43,7,28367106,262,1,103,13499,
179.19,1328.81,51.4853,7.42776,128.433,8.69126,143.862,1,18,-95,-7,11,45,43,7,28367106,262,1,103,13499,
180.183,1336.09,51.4853,7.42777,127.681,7.60089,173.164,1,24,-90,-6,11,50,48,7,28367106,262,1,103,13499,
181.191,1343.27,51.4852,7.42778,127.272,8.53928,172.523,1,24,-90,-6,11,50,48,7,28367106,262,1,103,13499,
182.209,1352.7,51.4851,7.4278,126.756,9.02063,170.607,1,31,-92,-6,11,48,46,7,28367106,262,1,103,13499,
183.187,1363.55,51.485,7.42783,126.735,10.1082,168.012,1,31,-92,-6,11,48,46,7,28367106,262,1,103,13499,
184.18,1375.75,51.4849,7.42788,126.485,10.3161,166.093,1,29,-88,-6,10,52,49,7,28367106,262,1,103,13499,
185.175,1386.7,51.4848,7.42792,126.591,10.1297,164.943,1,29,-88,-6,10,52,49,7,28367106,262,1,103,13499,
186.194,1396.82,51.4847,7.42796,126.894,10.4024,163.874,1,26,-85,-6,13,55,53,7,28367106,262,1,103,13499,
187.196,1408.63,51.4846,7.42801,127.158,10.5696,163.03,1,26,-85,-6,13,55,53,7,28367106,262,1,103,13499,
188.202,1420.27,51.4845,7.42807,127.923,10.6698,162.58,1,31,-87,-5,12,53,49,7,28367106,262,1,103,13499,
189.183,1430.54,51.4844,7.42811,128.154,10.8442,162.197,1,31,-87,-5,12,53,49,7,28367106,262,1,103,13499,
190.174,1430.54,51.4833,7.43134,nan,10.7794,161.448,1,30,-86,-5,12,54,51,7,28367106,262,1,103,13499,
191.18,1430.54,51.4843,7.42822,129.069,9.06717,162.063,1,30,-86,-5,12,54,51,7,28367106,262,1,103,13499,
192.204,1441.87,51.4842,7.42827,129.872,9.9834,162.454,1,18,-87,-6,2,53,50,7,28367106,262,1,103,13499,
193.204,1452.31,51.4841,7.42831,130.639,9.83395,162.933,1,18,-87,-6,2,53,50,7,28367106,262,1,103,13499,
194.2,1462.65,51.484,7.42836,131.563,9.73956,163.931,1,11,-87,-6,2,53,50,7,28367106,262,1,103,13499,
195.214,1472.76,51.4839,7.4284,132.366,9.29918,163.599,1,11,-87,-6,2,53,50,7,28367106,262,1,103,13499,
196.186,1483.85,51.4838,7.42845,132.695,8.42958,163.56,1,7,-86,-6,2,54,50,7,28367106,262,1,103,13499,
197.188,1493.43,51.4837,7.42849,133.527,8.81136,164.217,1,7,-86,-6,2,54,50,7,28367106,262,1,103,13499,
198.194,1502.4,51.4837,7.42852,134.351,9.57141,165.21,1,7,-86,-6,2,54,50,7,28367106,262,1,103,13499,
199.189,1512.06,51.4836,7.42856,134.846,10.6076,164.824,1,7,-86,-6,2,54,51,7,28367106,262,1,103,13499,
200.195,1521.71,51.4835,7.42861,134.455,9.68418,162.981,1,7,-86,-6,2,54,51,7,28367106,262,1,103,13499,
201.177,1531.94,51.4834,7.42865,134.387,10.1407,162.17,1,12,-87,-6,2,53,49,7,28367106,262,1,103,13499,
202.188,1541.3,51.4833,7.42869,134.687,8.89084,162.755,1,12,-87,-6,2,53,49,7,28367106,262,1,103,13499,
203.195,1552.05,51.4832,7.42874,134.676,8.77646,163.459,1,15,-90,-5,2,50,46,7,28367106,262,1,103,13499,
204.187,1562.01,51.4831,7.42878,134.517,8.5758,164.689,1,15,-90,-5,2,50,46,7,28367106,262,1,103,13499,
205.174,1570.96,51.4831,7.42882,133.732,7.65868,165.356,1,10,-90,-6,2,50,46,7,28367106,262,1,103,13499,
206.195,1578.61,51.483,7.42884,133.497,7.12756,165.78,1,10,-90,-6,2,50,46,7,28367106,262,1,103,13499,
207.178,1585.64,51.4829,7.42886,133.348,5.94669,165.14,1,9,-91,-6,2,49,46,7,28367106,262,1,103,13499,
208.194,1590.64,51.4829,7.42888,133.312,3.54671,168.753,1,9,-91,-6,2,49,46,7,28367106,262,1,103,13499,
209.185,1594.45,51.4829,7.42887,133.31,3.44152,169.767,1,11,-91,-6,2,49,47,7,28367106,262,1,103,13499,
210.184,1594.45,51.4833,7.43134,nan,1.79921,168.726,1,11,-91,-6,2,49,47,7,28367106,262,1,103,13499,
211.184,1594.45,51.4828,7.42889,133.413,0.672826,168.726,1,8,-91,-6,2,49,46,7,28367106,262,1,103,13499,
212.202,1594.45,51.4828,7.42889,133.402,0,168.726,1,8,-91,-6,2,49,46,7,28367106,262,1,103,13499,
213.199,1594.45,51.4828,7.42889,133.38,0,168.726,1,5,-92,-6,2,48,45,7,28367106,262,1,103,13499,
214.196,1594.45,51.4828,7.42889,133.346,0,168.726,1,5,-92,-6,2,48,45,7,28367106,262,1,103,13499,
215.195,1594.45,51.4828,7.42889,133.303,0,168.726,1,7,-93,-7,2,47,45,7,28367106,262,1,103,13499,
216.168,1594.45,51.4828,7.42889,133.256,0,168.726,1,7,-93,-7,2,47,45,7,28367106,262,1,103,13499,
217.174,1594.45,51.4828,7.42889,133.202,0,168.726,1,6,-95,-8,2,45,44,7,28367106,262,1,103,13499,
218.174,1594.45,51.4828,7.42889,133.145,0,168.726,1,6,-95,-8,2,45,44,7,28367106,262,1,103,13499,
219.183,1594.45,51.4828,7.42889,133.085,0,168.726,1,6,-95,-8,2,45,44,7,28367106,262,1,103,13499,
220.188,1594.45,51.4828,7.42889,133.024,0,168.726,1,10,-95,-8,2,45,44,7,28367106,262,1,103,13499,
221.174,1594.45,51.4828,7.42889,132.961,0,168.726,1,10,-95,-8,2,45,44,7,28367106,262,1,103,13499,
222.188,1594.45,51.4828,7.42889,132.899,0,168.726,1,1,-95,-7,2,45,43,7,28367106,262,1,103,13499,
223.188,1594.45,51.4828,7.42889,132.841,0,168.726,1,1,-95,-7,2,45,43,7,28367106,262,1,103,13499,
224.195,1594.45,51.4828,7.42889,132.787,0,168.726,1,4,-95,-8,2,45,44,7,28367106,262,1,103,13499,
225.209,1594.45,51.4828,7.42889,132.733,0,168.726,1,4,-95,-8,2,45,44,7,28367106,262,1,103,13499,
226.19,1594.45,51.4828,7.42889,132.674,0,168.726,1,5,-95,-8,2,45,44,7,28367106,262,1,103,13499,
227.197,1594.45,51.4828,7.42889,132.614,0,168.726,1,5,-95,-8,2,45,44,7,28367106,262,1,103,13499,
228.186,1594.45,51.4828,7.42889,132.555,0,168.726,1,2,-95,-8,2,45,44,7,28367106,262,1,103,13499,
229.187,1594.45,51.4828,7.42889,132.499,0,168.726,1,2,-95,-8,2,45,44,7,28367106,262,1,103,13499,
230.196,1594.45,51.4833,7.43134,nan,0,168.726,1,8,-95,-8,2,45,44,7,28367106,262,1,103,13499,
231.198,1594.45,51.4828,7.42889,132.4,0,168.726,1,8,-95,-8,2,45,44,7,28367106,262,1,103,13499,
232.177,1594.45,51.4828,7.42889,132.355,0,168.726,1,7,-95,-7,2,45,43,7,28367106,262,1,103,13499,
233.188,1594.45,51.4828,7.42889,132.312,0,168.726,1,7,-95,-7,2,45,43,7,28367106,262,1,103,13499,
234.173,1594.45,51.4828,7.42889,131.944,0,168.726,1,8,-95,-7,2,45,43,7,28367106,262,1,103,13499,
235.167,1594.45,51.4828,7.42889,131.598,0,168.726,1,8,-95,-7,2,45,43,7,28367106,262,1,103,13499,
236.188,1605.73,51.4827,7.42888,131.341,0,192.764,1,13,-94,-7,2,46,45,7,28367106,262,1,103,13499,
237.175,1609.98,51.4827,7.42887,131.14,0,192.133,1,13,-94,-7,2,46,45,7,28367106,262,1,103,13499,
238.167,1614.53,51.4826,7.42886,131.015,1.41514,192.365,1,13,-93,-7,2,47,46,7,28367106,262,1,103,13499,
239.168,1619.23,51.4826,7.42888,130.75,2.17998,168.832,1,13,-93,-7,2,47,46,7,28367106,262,1,103,13499,
240.195,1627.28,51.4825,7.42897,130.983,2.694,123.307,1,13,-93,-7,2,47,46,7,28367106,262,1,103,13499,
241.2,1635.44,51.4825,7.42908,131.245,3.13776,98.7165,1,11,-92,-7,2,48,47,7,28367106,262,1,103,13499,
242.174,1644.54,51.4825,7.42921,130.886,3.59512,94.2381,1,11,-92,-7,2,48,47,7,28367106,262,1,103,13499,
243.203,1653.05,51.4825,7.42933,131.943,7.93604,85.7931,1,6,-95,-8,2,45,44,7,28367106,262,1,103,13499,
244.183,1663.42,51.4825,7.42948,132.776,10.3825,88.4925,1,6,-95,-8,2,45,44,7,28367106,262,1,103,13499,
245.189,1675.9,51.4825,7.42966,133.39,11.0675,91.0818,1,2,-100,-9,2,40,40,7,29563904,262,1,350,13499,
246.192,1687.11,51.4825,7.42982,134.137,10.7407,92.7038,1,2,-100,-9,2,40,40,7,29563904,262,1,350,13499,
247.173,1697.9,51.4825,7.42998,135.027,9.9179,94.0162,1,-1,-101,-9,2,39,39,7,29563904,262,1,350,13499,
248.201,1707.73,51.4825,7.43012,135.274,9.44233,94.5854,1,-1,-101,-9,2,39,39,7,29563904,262,1,350,13499,
249.18,1717.28,51.4825,7.43025,135.254,9.00306,95.1694,1,-2,-102,-10,2,38,39,7,29563904,262,1,350,13499,
250.194,1717.28,51.4768,7.42919,nan,8.25676,95.541,1,-2,-102,-10,2,38,39,7,29563904,262,1,350,13499,
251.202,1717.28,51.4824,7.43049,136.22,7.96331,96.0226,1,8,-102,-11,2,38,41,7,28367106,262,1,103,13499,
252.185,1724.85,51.4824,7.4306,136.995,7.49495,96.5843,1,8,-102,-11,2,38,41,7,28367106,262,1,103,13499,
253.182,1732.34,51.4824,7.4307,137.681,6.87997,96.9947,1,7,-97,-8,2,43,43,7,28367106,262,1,103,13499,
254.211,1738.31,51.4824,7.43079,138.674,6.00276,96.5115,1,7,-97,-8,2,43,43,7,28367106,262,1,103,13499,
255.186,1743.28,51.4824,7.43086,139.426,5.25632,96.1784,1,10,-95,-7,2,45,44,7,28367106,262,1,103,13499,
256.191,1749.84,51.4824,7.43095,139.904,4.77677,95.6425,1,10,-95,-7,2,45,44,7,28367106,262,1,103,13499,
257.186,1754.35,51.4824,7.43102,139.919,3.84367,95.3764,1,13,-93,-7,2,47,46,7,28367106,262,1,103,13499,
258.176,1756.71,51.4824,7.43105,140.011,2.88621,96.0875,1,13,-93,-7,2,47,46,7,28367106,262,1,103,13499,
259.168,1758.68,51.4824,7.43108,140.132,2.01483,96.5073,1,8,-93,-7,2,47,46,7,28367106,262,1,103,13499,
260.195,1760.19,51.4824,7.4311,140.267,1.47963,97.0862,1,8,-93,-7,2,47,46,7,28367106,262,1,103,13499,
261.187,1761.2,51.4824,7.43111,140.384,0.778236,97.0862,1,15,-91,-6,2,49,46,7,28367106,262,1,103,13499,
262.182,1761.2,51.4824,7.43111,140.396,0,97.0862,1,15,-91,-6,2,49,46,7,28367106,262,1,103,13499,
263.191,1761.2,51.4824,7.43111,140.516,0,97.0862,1,17,-90,-5,2,50,46,7,28367106,262,1,103,13499,
264.318,1761.2,51.4824,7.43111,140.629,0,94.9997,1,17,-90,-5,2,50,46,7,28367106,262,1,103,13499,
265.173,1767.48,51.4824,7.4312,140.752,0,95.3849,1,11,-89,-6,10,51,46,6,28367106,262,1,103,13499,
266.196,1772.74,51.4824,7.43128,141.674,5.12239,96.1387,1,11,-89,-6,10,51,46,6,28367106,262,1,103,13499,
267.199,1777.81,51.4824,7.43135,142.467,5.64569,96.6195,1,9,-96,-7,11,44,42,6,28367106,262,1,103,13499,
268.186,1784.15,51.4824,7.43144,143.237,6.80734,97.1715,1,9,-96,-7,11,44,42,6,28367106,262,1,103,13499,
269.19,1791.87,51.4824,7.43155,143.473,7.50825,96.613,1,9,-96,-7,11,44,42,6,28367106,262,1,103,13499,
270.198,1791.87,51.4833,7.43134,nan,8.40028,96.1421,1,10,-93,-7,14,47,45,6,28367106,262,1,103,13499,
271.189,1791.87,51.4823,7.4318,142.907,8.40933,96.773,1,10,-93,-7,14,47,45,6,28367106,262,1,103,13499,
272.189,1799.65,51.4823,7.43191,142.683,8.60116,96.2859,1,6,-93,-7,6,47,43,6,28367106,262,1,103,13499,
273.186,1808.44,51.4823,7.43203,142.498,9.27244,95.8727,1,6,-93,-7,6,47,43,6,28367106,262,1,103,13499,
274.192,1819.38,51.4823,7.43219,141.772,9.68131,94.5436,1,4,-94,-9,5,46,46,6,28367106,262,1,103,13499,
275.181,1830.08,51.4823,7.43234,141.756,10.3319,93.8185,1,4,-94,-9,5,46,46,6,28367106,262,1,103,13499,
276.204,1840.84,51.4823,7.4325,141.68,11.2315,94.6116,1,4,-90,-8,12,50,49,6,28367106,262,1,103,13499,
277.187,1852.36,51.4823,7.43266,141.834,11.0016,95.1966,1,4,-90,-8,12,50,49,6,28367106,262,1,103,13499,
278.191,1864.01,51.4823,7.43283,141.71,10.9081,95.7089,1,7,-88,-7,8,52,49,11,28368386,262,1,32,13499,
279.193,1875.1,51.4822,7.43299,141.121,10.8434,96.0802,1,7,-88,-7,8,52,49,11,28368386,262,1,32,13499,
280.175,1886.69,51.4822,7.43316,140.162,11.3523,96.771,1,19,-92,-8,7,48,46,11,28368386,262,1,32,13499,
281.196,1898.22,51.4822,7.43332,139.031,11.7548,97.198,1,19,-92,-8,7,48,46,11,28368386,262,1,32,13499,
282.172,1909.73,51.4822,7.43349,137.756,11.6517,96.7185,1,9,-94,-8,8,46,44,4,28367106,262,1,103,13499,
283.191,1922.01,51.4822,7.43366,136.789,12.0047,96.4833,1,9,-94,-8,8,46,44,4,28367106,262,1,103,13499,
284.169,1934.14,51.4822,7.43384,135.823,12.0122,96.5767,1,6,-96,-9,7,44,44,4,28367106,262,1,103,13499,
285.19,1946.31,51.4822,7.43401,134.927,11.7767,95.6426,1,6,-96,-9,7,44,44,4,28367106,262,1,103,13499,
286.181,1957.96,51.4822,7.43418,134,11.4199,96.2333,1,6,-96,-9,7,44,44,4,28367106,262,1,103,13499,
287.207,1968.7,51.4822,7.43434,133.565,11.5687,96.5881,1,5,-97,-10,5,43,44,4,28367106,262,1,103,13499,
288.167,1980.43,51.4821,7.4345,134.131,11.482,97.4263,1,5,-97,-10,5,43,44,4,28367106,262,1,103,13499,
289.198,1993.75,51.4821,7.43469,134.437,11.4623,97.9319,1,10,-93,-8,6,47,47,4,28367106,262,1,103,13499,
290.209,1993.75,51.4833,7.43134,nan,11.8976,97.5159,1,10,-93,-8,6,47,47,4,28367106,262,1,103,13499,
291.198,1993.75,51.4821,7.43505,134.098,11.6351,96.9814,1,12,-92,-8,12,48,47,4,28367106,262,1,103,13499,
292.188,2003.8,51.4821,7.4352,134.476,11.651,96.2275,1,12,-92,-8,12,48,47,4,28367106,262,1,103,13499,
293.19,2015.38,51.4821,7.43536,134.741,11.388,96.4103,1,1,-96,-12,5,44,49,4,28367106,262,1,103,13499,
294.185,2024.52,51.4821,7.43549,135.928,9.94539,96.9182,1,1,-96,-12,5,44,49,4,28367106,262,1,103,13499,
295.173,2033.4,51.482,7.43562,136.871,8.81309,97.1787,1,5,-93,-7,7,47,46,10,28368386,262,1,32,13499,
296.189,2043.28,51.482,7.43576,137.413,6.98044,96.8867,1,5,-93,-7,7,47,46,10,28368386,262,1,32,13499,
297.181,2049.31,51.482,7.43585,137.367,5.25928,97.372,1,4,-90,-8,6,50,48,4,28367105,262,1,102,13499,
298.203,2054.3,51.482,7.43592,137.367,3.77176,97.4018,1,4,-90,-8,6,50,48,4,28367105,262,1,102,13499,
299.181,2058.67,51.482,7.43598,137.337,2.93058,96.3578,1,14,-86,-8,15,54,52,4,28367105,262,1,102,13499,
300.191,2060.95,51.482,7.43601,137.301,1.50951,96.1201,1,14,-86,-8,15,54,52,4,28367105,262,1,102,13499,
301.214,2061.43,51.482,7.43602,137.272,0.417901,96.1201,1,15,-79,-8,11,61,55,4,28367105,262,1,102,13499,
302.206,2061.43,51.482,7.43602,137.275,0,96.1201,1,15,-79,-8,11,61,55,4,28367105,262,1,102,13499,
303.187,2061.43,51.482,7.43602,137.282,0,96.1201,1,15,-79,-8,10,61,56,4,28367105,262,1,102,13499,
304.171,2061.43,51.482,7.43602,137.293,0,96.1201,1,15,-79,-8,10,61,56,4,28367105,262,1,102,13499,
305.191,2061.43,51.482,7.43602,137.308,0,96.1201,1,11,-79,-8,10,61,55,4,28367105,262,1,102,13499,
306.182,2061.43,51.482,7.43602,137.321,0,96.1201,1,11,-79,-8,10,61,55,4,28367105,262,1,102,13499,
307.178,2061.43,51.482,7.43602,137.333,0,96.1201,1,16,-79,-8,11,61,55,4,28367105,262,1,102,13499,
308.183,2061.43,51.482,7.43602,137.343,0,96.1201,1,16,-79,-8,11,61,55,4,28367105,262,1,102,13499,
309.171,2061.43,51.482,7.43602,137.352,0,96.1201,1,11,-79,-9,10,61,55,4,28367105,262,1,102,13499,
310.189,2061.43,51.4821,7.43399,nan,0,96.1201,1,11,-79,-9,10,61,55,4,28367105,262,1,102,13499,
311.158,2061.43,51.482,7.43602,137.369,0,96.1201,1,12,-82,-9,2,58,54,4,28367105,262,1,102,13499,
312.189,2061.43,51.482,7.43602,137.377,0,96.1201,1,12,-82,-9,2,58,54,4,28367105,262,1,102,13499,
313.196,2061.43,51.482,7.43602,137.386,0,96.1201,1,12,-82,-9,2,58,54,4,28367105,262,1,102,13499,
314.189,2061.43,51.482,7.43602,137.395,0,96.1201,1,13,-79,-9,2,61,56,4,28367105,262,1,102,13499,
315.201,2061.43,51.482,7.43602,137.583,0,96.1201,1,13,-79,-9,2,61,56,4,28367105,262,1,102,13499,
316.201,2061.43,51.482,7.43602,137.831,0,97.4639,1,18,-79,-9,2,61,56,4,28367105,262,1,102,13499,
317.186,2061.43,51.482,7.43602,140.26,0,96.8586,1,18,-79,-9,2,61,56,4,28367105,262,1,102,13499,
318.214,2071.95,51.482,7.43617,142.263,5.8652,96.266,1,18,-78,-8,2,62,58,4,28367105,262,1,102,13499,
319.191,2078.84,51.482,7.43627,143.316,6.81763,96.9005,1,18,-78,-8,2,62,58,4,28367105,262,1,102,13499,
320.199,2085.41,51.482,7.43637,143.872,7.4575,96.1278,1,3,-79,-9,2,61,59,4,28367105,262,1,102,13499,
321.168,2092.69,51.482,7.43647,144.259,7.04638,95.6176,1,3,-79,-9,2,61,59,4,28367105,262,1,102,13499,
322.171,2101.19,51.482,7.43659,144.441,6.68909,94.5886,1,12,-88,-8,2,52,50,4,28368386,262,1,32,13499,
323.21,2108.45,51.482,7.4367,145.257,8.44091,95.3077,1,12,-88,-8,2,52,50,4,28368386,262,1,32,13499,
324.173,2117.76,51.482,7.43683,145.734,9.28606,95.6768,1,11,-88,-8,2,52,50,4,28368386,262,1,32,13499,
325.177,2127.72,51.482,7.43697,145.745,10.0546,96.4865,1,11,-88,-8,2,52,50,4,28368386,262,1,32,13499,
326.192,2136.92,51.4819,7.4371,145.743,10.2635,97.3036,1,4,-89,-7,2,51,47,4,28368386,262,1,32,13499,
327.169,2147.39,51.4819,7.43725,145.525,11.101,98.1616,1,4,-89,-7,2,51,47,4,28368386,262,1,32,13499,
328.17,2159,51.4819,7.43742,146.082,11.2826,97.1825,1,16,-92,-7,2,48,46,4,28367105,262,1,102,13499,
329.188,2169.17,51.4819,7.43757,146.555,10.3565,96.3473,1,16,-92,-7,2,48,46,4,28367105,262,1,102,13499,
330.193,2169.17,51.4834,7.43899,nan,10.2872,95.9076,1,20,-90,-6,2,50,47,4,28367105,262,1,102,13499,
331.193,2169.17,51.4819,7.4379,147.804,11.1354,96.3964,1,20,-90,-6,2,50,47,4,28367105,262,1,102,13499,
332.209,2181.15,51.4819,7.43807,148.676,11.1283,95.3477,1,18,-87,-6,2,53,50,4,28367105,262,1,102,13499,
333.19,2192.44,51.4819,7.43823,148.954,10.0446,95.3404,1,18,-87,-6,2,53,50,4,28367105,262,1,102,13499,
334.183,2202.98,51.4819,7.43838,149.197,9.5718,95.6143,1,16,-85,-6,2,55,53,4,28367105,262,1,102,13499,
335.199,2213.68,51.4819,7.43854,149.184,9.29664,96.0847,1,16,-85,-6,2,55,53,4,28367105,262,1,102,13499,
336.194,2222.58,51.4818,7.43867,148.963,9.21193,96.6682,1,11,-86,-7,2,54,52,4,28367105,262,1,102,13499,
337.194,2228.59,51.4818,7.43875,148.405,5.71525,95.8369,1,11,-86,-7,2,54,52,4,28367105,262,1,102,13499,
338.204,2232.14,51.4818,7.4388,148.39,1.58808,94.7979,1,11,-86,-7,2,54,52,4,28367105,262,1,102,13499,
339.198,2233.67,51.4818,7.43882,148.403,1.05977,94.7979,1,6,-93,-7,2,47,43,4,28368386,262,1,32,13499,
340.194,2235.75,51.4818,7.43885,148.39,2.80509,94.8249,1,6,-93,-7,2,47,43,4,28368386,262,1,32,13499,
341.192,2239.59,51.4818,7.43891,148.077,5.82249,95.8037,1,11,-93,-7,2,47,43,4,28368386,262,1,32,13499,
342.178,2245.71,51.4818,7.439,147.651,7.34667,96.1352,1,11,-93,-7,2,47,43,4,28368386,262,1,32,13499,
343.304,2254.21,51.4818,7.43912,146.866,8.55448,95.8023,1,21,-91,-6,2,49,45,4,28368386,262,1,32,13499,
344.186,2262.91,51.4818,7.43924,145.966,9.01625,95.0667,1,21,-91,-6,2,49,45,4,28368386,262,1,32,13499,
345.174,2272.85,51.4818,7.43939,145.343,10.4593,95.143,1,8,-92,-7,8,48,44,9,28368386,262,1,32,13499,
346.19,2283.2,51.4818,7.43954,144.834,11.1344,94.9555,1,8,-92,-7,8,48,44,9,28368386,262,1,32,13499,
347.207,2294.48,51.4818,7.4397,144.525,11.5213,94.5074,1,7,-92,-8,10,48,46,9,28368386,262,1,32,13499,
348.15,2306.38,51.4818,7.43987,144.117,11.5616,95.0582,1,7,-92,-8,10,48,46,9,28368386,262,1,32,13499,
349.168,2317.46,51.4818,7.44003,144.053,11.1746,95.1175,1,6,-95,-8,9,45,44,9,28368386,262,1,32,13499,
350.177,2317.46,51.4824,7.43915,nan,10.5372,95.8535,1,6,-95,-8,9,45,44,9,28368386,262,1,32,13499,
351.195,2317.46,51.4817,7.44032,145.801,9.98943,95.0062,1,4,-91,-6,6,49,47,6,28367105,262,1,102,13499,
352.19,2328,51.4817,7.44048,147.108,9.3681,95.7455,1,4,-91,-6,6,49,47,6,28367105,262,1,102,13499,
353.179,2336.12,51.4817,7.44059,148.665,8.5009,96.5249,1,4,-98,-9,9,42,42,6,28367105,262,1,102,13499,
354.187,2343.75,51.4817,7.4407,150.11,7.22271,97.0109,1,4,-98,-9,9,42,42,6,28367105,262,1,102,13499,
355.169,2350.67,51.4817,7.4408,151.471,5.77553,96.7399,1,5,-92,-6,9,48,44,6,28367105,262,1,102,13499,
356.169,2356.22,51.4817,7.44088,152.61,5.15625,96.4008,1,5,-92,-6,9,48,44,6,28367105,262,1,102,13499,
357.219,2363.07,51.4817,7.44098,153.284,5.72779,95.8627,1,4,-97,-10,9,43,44,6,28367105,262,1,102,13499,
358.182,2369.31,51.4817,7.44107,153.473,6.32757,96.4973,1,4,-97,-10,9,43,44,6,28367105,262,1,102,13499,
359.202,2375.32,51.4817,7.44115,153.235,6.41486,98.5273,1,5,-98,-10,8,42,45,6,28367105,262,1,102,13499,
360.205,2382.22,51.4817,7.44125,152.838,7.25329,101.987,1,5,-98,-10,8,42,45,6,28367105,262,1,102,13499,
361.189,2390.25,51.4816,7.44135,152.357,8.26244,117.441,1,3,-98,-10,8,42,43,6,28367105,262,1,102,13499,
362.184,2398.77,51.4816,7.44146,152.243,9.30242,119.058,1,3,-98,-10,8,42,43,6,28367105,262,1,102,13499,
363.172,2408.31,51.4816,7.44158,152.055,9.92722,120.309,1,-1,-92,-7,6,48,44,9,28368386,262,1,32,13499,
364.194,2418.14,51.4815,7.4417,152.086,10.5108,121.89,1,-1,-92,-7,6,48,44,9,28368386,262,1,32,13499,
365.198,2428.62,51.4815,7.44183,152.114,11.2783,124.3,1,1,-94,-6,6,46,42,7,28367105,262,1,102,13499,
366.179,2439.97,51.4814,7.44196,152.147,11.7206,127.466,1,1,-94,-6,6,46,42,7,28367105,262,1,102,13499,
367.18,2451.37,51.4813,7.44208,152.313,12.191,130.856,1,1,-94,-6,6,46,42,7,28367105,262,1,102,13499,
368.203,2464.9,51.4812,7.44222,152.728,12.6446,133.11,1,9,-92,-6,11,48,45,7,28367105,262,1,102,13499,
369.202,2479.26,51.4811,7.44236,153.036,13.0316,133.868,1,9,-92,-6,11,48,45,7,28367105,262,1,102,13499,
370.189,2479.26,51.4834,7.43899,nan,13.0056,134.393,1,12,-88,-5,10,52,49,7,28367105,262,1,102,13499,
371.187,2479.26,51.481,7.44262,153.207,12.728,133.544,1,12,-88,-5,10,52,49,7,28367105,262,1,102,13499,
372.18,2491.55,51.4809,7.44274,152.989,12.349,132.697,1,12,-87,-5,13,53,49,7,28367105,262,1,102,13499,
373.172,2504.71,51.4808,7.44288,153.033,12.073,132.33,1,12,-87,-5,13,53,49,7,28367105,262,1,102,13499,
374.192,2515.65,51.4807,7.44299,153.822,11.3799,134.349,1,9,-91,-7,10,49,46,7,28367105,262,1,102,13499,
375.191,2526.95,51.4807,7.44307,154.283,10.9494,150.794,1,9,-91,-7,10,49,46,7,28367105,262,1,102,13499,
376.171,2539.08,51.4806,7.44315,154.12,11.0083,154.7,1,12,-95,-7,7,45,44,7,28367105,262,1,102,13499,
377.199,2551.35,51.4804,7.44316,153.81,11.0847,176.649,1,12,-95,-7,7,45,44,7,28367105,262,1,102,13499,
378.193,2562.8,51.4803,7.44317,154.011,11.5384,175.954,1,5,-97,-9,9,43,44,7,28367105,262,1,102,13499,
379.2,2574.72,51.4802,7.44318,154.927,12.0783,172.509,1,5,-97,-9,9,43,44,7,28367105,262,1,102,13499,
380.189,2587.7,51.4801,7.44326,155.955,12.6558,153.701,1,3,-95,-8,8,45,45,7,28367105,262,1,102,13499,
381.199,2601.3,51.48,7.44335,156.406,13.7985,153.066,1,3,-95,-8,8,45,45,7,28367105,262,1,102,13499,
382.189,2614.67,51.4799,7.44344,156.814,14.6478,152.602,1,-3,-102,-11,5,38,40,7,28367105,262,1,102,13499,
383.206,2629.62,51.4798,7.44354,156.812,15.302,152.114,1,-3,-102,-11,5,38,40,7,28367105,262,1,102,13499,
384.202,2645.43,51.4797,7.44365,156.709,15.5836,151.379,1,-4,-104,-11,6,36,38,7,28367105,262,1,102,13499,
385.188,2661.76,51.4795,7.44377,156.837,15.7983,151.594,1,-4,-104,-11,6,36,38,7,28367105,262,1,102,13499,
386.17,2676.95,51.4794,7.44387,157.175,16.0517,151.794,1,-3,-100,-9,6,40,40,7,28368384,262,1,31,13499,
387.171,2693.4,51.4793,7.44399,157.381,16.2752,151.429,1,-3,-100,-9,6,40,40,7,28368384,262,1,31,13499,
388.198,2710.05,51.4792,7.44411,157.691,16.4948,151.151,1,4,-97,-9,9,43,42,7,28368384,262,1,31,13499,
389.209,2727.18,51.479,7.44422,157.967,16.2621,151.406,1,4,-97,-9,9,43,42,7,28368384,262,1,31,13499,
390.184,2727.18,51.4754,7.44572,nan,16.3066,151.593,1,4,-98,-8,10,42,39,7,28368384,262,1,31,13499,
391.271,2727.18,51.4788,7.44444,158.029,16.3732,151.733,1,4,-98,-8,10,42,39,7,28368384,262,1,31,13499,
392.168,2743.61,51.4786,7.44456,157.795,16.2295,151.659,1,2,-106,-10,8,34,35,7,28368384,262,1,31,13499,
393.188,2759.5,51.4785,7.44467,157.609,16.1548,151.661,1,2,-106,-10,8,34,35,7,28368384,262,1,31,13499,
394.163,2775.19,51.4784,7.44477,157.68,16.1226,151.717,1,2,-107,-10,5,33,35,7,28368384,262,1,31,13499,
395.189,2790.42,51.4783,7.44487,157.773,16.0103,151.621,1,2,-107,-10,5,33,35,7,28368384,262,1,31,13499,
396.196,2806.65,51.4781,7.44499,157.734,15.9547,151.577,1,2,-107,-10,5,33,35,7,28368384,262,1,31,13499,
397.176,2823.21,51.478,7.4451,158.104,15.9607,151.448,1,6,-104,-8,9,36,35,7,28368384,262,1,31,13499,
398.206,2839.01,51.4779,7.44521,158.372,15.9266,151.433,1,6,-104,-8,9,36,35,7,28368384,262,1,31,13499,
399.187,2854.48,51.4778,7.44531,158.345,15.946,151.413,1,5,-102,-8,7,38,37,7,28368384,262,1,31,13499,
400.208,2870.43,51.4776,7.44542,158.3,15.9672,151.44,1,5,-102,-8,7,38,37,7,28368384,262,1,31,13499,
401.193,2886.37,51.4775,7.44552,158.215,15.9688,151.474,1,5,-96,-7,8,44,41,7,28368384,262,1,31,13499,
402.19,2902.68,51.4774,7.44564,157.852,15.9632,151.439,1,5,-96,-7,8,44,41,7,28368384,262,1,31,13499,
403.179,2918.67,51.4773,7.44575,157.301,15.6045,151.442,1,11,-92,-6,10,48,45,7,28368384,262,1,31,13499,
404.202,2934.4,51.4771,7.44586,156.835,15.1919,151.639,1,11,-92,-6,10,48,45,7,28368384,262,1,31,13499,
405.202,2948.86,51.477,7.44596,156.355,14.8307,151.378,1,8,-93,-7,8,47,44,7,28368384,262,1,31,13499,
406.182,2963.82,51.4769,7.44606,156.255,14.3676,151.461,1,8,-93,-7,8,47,44,7,28368384,262,1,31,13499,
407.178,2977.6,51.4768,7.44616,155.908,13.868,151.472,1,4,-98,-8,10,42,40,7,28368384,262,1,31,13499,
408.2,2992.5,51.4767,7.44627,155.523,13.4811,151.55,1,4,-98,-8,10,42,40,7,28368384,262,1,31,13499,
409.184,3006.38,51.4766,7.44636,154.933,13.3016,151.806,1,2,-93,-5,6,47,43,11,29568768,262,1,415,13499,
410.195,3006.38,51.4735,7.45492,nan,13.0058,152.356,1,2,-93,-5,6,47,43,11,29568768,262,1,415,13499,
411.199,3006.38,51.4764,7.44654,154.161,12.684,152.831,1,10,-88,-5,11,52,49,11,29568768,262,1,415,13499,
412.191,3017.83,51.4763,7.44661,154.047,11.8489,152.301,1,10,-88,-5,11,52,49,11,29568768,262,1,415,13499,
413.197,3027.86,51.4762,7.44669,154.133,10.5121,151.732,1,16,-87,-5,11,53,50,11,29568768,262,1,415,13499,
414.17,3037.25,51.4761,7.44675,154.101,9.43549,151.693,1,16,-87,-5,11,53,50,11,29568768,262,1,415,13499,
415.181,3045.83,51.476,7.44681,154.365,8.55344,151.551,1,15,-88,-5,10,52,49,11,29568768,262,1,415,13499,
416.18,3053.32,51.476,7.44686,154.647,7.33361,151.443,1,15,-88,-5,10,52,49,11,29568768,262,1,415,13499,
417.179,3060.32,51.4759,7.4469,155.866,5.78803,151.281,1,13,-87,-5,11,53,50,11,29568768,262,1,415,13499,
418.205,3065.29,51.4759,7.44694,156.984,4.25667,150.596,1,13,-87,-5,11,53,50,11,29568768,262,1,415,13499,
419.186,3068.77,51.4759,7.44696,157.058,2.69363,151.742,1,11,-90,-5,7,50,48,11,29568768,262,1,415,13499,
420.206,3069.98,51.4758,7.44696,157.169,1.14648,150.722,1,11,-90,-5,7,50,48,11,29568768,262,1,415,13499,
421.189,3069.98,51.4758,7.44696,157.184,0,150.722,1,5,-94,-8,9,46,46,11,29568768,262,1,415,13499,
422.187,3069.98,51.4758,7.44696,157.204,0,150.722,1,5,-94,-8,9,46,46,11,29568768,262,1,415,13499,
423.193,3069.98,51.4758,7.44696,157.229,0,150.722,1,5,-94,-8,9,46,46,11,29568768,262,1,415,13499,
424.196,3069.98,51.4758,7.44696,157.259,0,150.722,1,7,-91,-6,2,49,46,11,29568768,262,1,415,13499,
425.2,3069.98,51.4758,7.44696,157.291,0,150.722,1,7,-91,-6,2,49,46,11,29568768,262,1,415,13499,
426.184,3069.98,51.4758,7.44696,157.327,0,150.722,1,7,-94,-8,2,46,46,11,29568768,262,1,415,13499,
427.183,3069.98,51.4758,7.44696,157.364,0,150.722,1,7,-94,-8,2,46,46,11,29568768,262,1,415,13499,
428.192,3069.98,51.4758,7.44696,157.746,0,150.722,1,6,-94,-8,2,46,45,11,29568768,262,1,415,13499,
429.181,3069.98,51.4758,7.44696,158.13,0,150.722,1,6,-94,-8,2,46,45,11,29568768,262,1,415,13499,
430.194,3069.98,51.4735,7.45492,nan,0,156.919,1,13,-94,-8,2,46,46,11,29568768,262,1,415,13499,
431.179,3069.98,51.4758,7.44701,161.867,0,154.998,1,13,-94,-8,2,46,46,11,29568768,262,1,415,13499,
432.218,3076.52,51.4757,7.44706,164.431,7.12811,153.866,1,10,-92,-7,2,48,47,11,29568768,262,1,415,13499,
433.2,3084.54,51.4757,7.44711,166.058,7.99491,153.43,1,10,-92,-7,2,48,47,11,29568768,262,1,415,13499,
434.264,3092.18,51.4756,7.44716,167.147,8.78677,152.662,1,7,-93,-7,2,47,45,11,28368384,262,1,31,13499,
435.191,3104.05,51.4755,7.44724,167.095,9.55389,151.689,1,7,-93,-7,2,47,45,11,28368384,262,1,31,13499,
436.209,3116.53,51.4754,7.44733,166.166,10.3085,150.94,1,11,-94,-7,10,46,45,8,28368384,262,1,31,13499,
437.199,3128.51,51.4753,7.44742,165.124,11.0658,149.994,1,11,-94,-7,10,46,45,8,28368384,262,1,31,13499,
438.18,3140.24,51.4752,7.44751,164.186,10.5356,149.151,1,12,-94,-6,9,46,43,8,28368384,262,1,31,13499,
439.184,3151.27,51.4752,7.4476,163.438,9.86958,148.35,1,12,-94,-6,9,46,43,8,28368384,262,1,31,13499,
440.192,3162.21,51.4751,7.44769,162.751,9.62795,147.305,1,20,-96,-7,10,44,42,8,28368384,262,1,31,13499,
441.195,3170.29,51.475,7.44777,162.175,8.94521,146.119,1,20,-96,-7,10,44,42,8,28368384,262,1,31,13499,
442.182,3177.92,51.475,7.44783,162.204,8.45522,145.234,1,19,-98,-7,7,42,40,8,28368384,262,1,31,13499,
443.173,3184.36,51.4749,7.44789,162.472,8.09709,144.566,1,19,-98,-7,7,42,40,8,28368384,262,1,31,13499,
444.201,3191.12,51.4749,7.44795,163.199,8.01116,144.113,1,19,-98,-7,7,42,40,8,28368384,262,1,31,13499,
445.191,3198.17,51.4748,7.44801,163.594,7.71029,143.29,1,7,-99,-8,7,41,40,8,28368384,262,1,31,13499,
446.19,3204.95,51.4748,7.44808,163.764,6.55265,142.821,1,7,-99,-8,7,41,40,8,28368384,262,1,31,13499,
447.194,3210.83,51.4747,7.44813,163.881,5.2519,142.14,1,18,-98,-7,12,42,41,8,28368384,262,1,31,13499,
448.189,3215.25,51.4747,7.44817,163.904,3.98531,141.529,1,18,-98,-7,12,42,41,8,28368384,262,1,31,13499,
449.19,3219.3,51.4747,7.44821,163.92,3.04625,140.619,1,8,-96,-6,12,44,42,8,28368384,262,1,31,13499,
450.202,3219.3,51.4752,7.44945,nan,2.81675,141.069,1,8,-96,-6,12,44,42,8,28368384,262,1,31,13499,
451.208,3219.3,51.4746,7.44829,164.089,5.1031,141.778,1,19,-96,-6,8,44,42,8,28368384,262,1,31,13499,
452.195,3224.69,51.4746,7.44834,163.99,5.32886,141.732,1,19,-96,-6,8,44,42,8,28368384,262,1,31,13499,
453.2,3230.6,51.4746,7.4484,163.71,6.18989,141.514,1,7,-97,-8,2,43,42,8,28368384,262,1,31,13499,
454.188,3237.13,51.4745,7.44845,163.544,7.0072,141.071,1,7,-97,-8,2,43,42,8,28368384,262,1,31,13499,
455.192,3243.99,51.4745,7.44852,163.56,7.455,140.637,1,5,-97,-7,2,43,43,8,28368384,262,1,31,13499,
456.182,3251.59,51.4744,7.44859,163.554,7.65912,140.9,1,5,-97,-7,2,43,43,8,28368384,262,1,31,13499,
457.181,3260.06,51.4744,7.44867,163.525,7.99968,140.564,1,6,-95,-7,2,45,44,8,28368384,262,1,31,13499,
458.187,3268.59,51.4743,7.44874,163.608,8.32472,140.219,1,6,-95,-7,2,45,44,8,28368384,262,1,31,13499,
459.182,3277.01,51.4742,7.44882,163.532,8.62482,140.874,1,10,-92,-7,2,48,46,8,28368384,262,1,31,13499,
460.196,3286.29,51.4742,7.44891,163.443,9.51825,140.396,1,10,-92,-7,2,48,46,8,28368384,262,1,31,13499,
461.167,3296.18,51.4741,7.449,163.202,9.84219,139.454,1,15,-92,-7,2,48,46,8,28368384,262,1,31,13499,
462.178,3306.34,51.474,7.4491,163.032,10.5795,138.946,1,15,-92,-7,2,48,46,8,28368384,262,1,31,13499,
463.179,3317.42,51.474,7.4492,162.662,10.7283,138.107,1,6,-90,-6,2,50,47,8,28368384,262,1,31,13499,
464.208,3329.17,51.4739,7.44931,162.107,11.4358,137.124,1,6,-90,-6,2,50,47,8,28368384,262,1,31,13499,
465.195,3341.13,51.4738,7.44943,161.549,11.9472,136.184,1,5,-89,-7,2,51,50,8,29568768,262,1,415,13499,
466.187,3354.13,51.4737,7.44956,160.418,12.1099,135.257,1,5,-89,-7,2,51,50,8,29568768,262,1,415,13499,
467.177,3366.93,51.4736,7.4497,159.506,12.8061,134.113,1,5,-89,-7,2,51,50,8,29568768,262,1,415,13499,
468.212,3379.5,51.4736,7.44983,158.832,12.7728,132.733,1,12,-85,-6,2,55,54,8,29568768,262,1,415,13499,
469.185,3391.49,51.4735,7.44996,158.585,12.9898,131.243,1,12,-85,-6,2,55,54,8,29568768,262,1,415,13499,
470.195,3391.49,51.4735,7.45492,nan,13.1397,129.888,1,12,-84,-6,2,56,54,8,29568768,262,1,415,13499,
471.183,3391.49,51.4734,7.45024,158.696,13.0679,128.292,1,12,-84,-6,2,56,54,8,29568768,262,1,415,13499,
472.191,3404.15,51.4733,7.45039,158.697,13.1276,126.895,1,16,-84,-6,2,56,54,8,29568768,262,1,415,13499,
473.189,3416.64,51.4732,7.45054,158.719,13.5683,125.692,1,16,-84,-6,2,56,54,8,29568768,262,1,415,13499,
474.184,3430.44,51.4732,7.45071,158.959,13.9128,124.415,1,27,-82,-5,2,58,55,8,29568768,262,1,415,13499,
475.185,3444.75,51.4731,7.45088,159.237,14.3924,122.834,1,27,-82,-5,2,58,55,8,29568768,262,1,415,13499,
476.198,3459.71,51.473,7.45107,159.612,14.9953,121.121,1,18,-81,-6,2,59,56,8,29568768,262,1,415,13499,
477.194,3475.65,51.473,7.45128,159.844,15.7094,119.183,1,18,-81,-6,2,59,56,8,29568768,262,1,415,13499,
478.183,3491.37,51.4729,7.45148,159.917,15.83,117.251,1,19,-81,-6,2,59,55,8,29568768,262,1,415,13499,
479.195,3507.12,51.4729,7.45169,160.132,15.8814,115.43,1,19,-81,-6,2,59,55,8,29568768,262,1,415,13499,
480.179,3524.53,51.4728,7.45193,159.89,15.9757,113.941,1,22,-83,-6,2,57,55,8,29568768,262,1,415,13499,
481.203,3539.33,51.4728,7.45213,159.739,16.1618,112.372,1,22,-83,-6,2,57,55,8,29568768,262,1,415,13499,
482.178,3555.83,51.4727,7.45236,159.596,16.3806,110.325,1,26,-83,-6,2,57,54,8,29568768,262,1,415,13499,
483.205,3572.18,51.4727,7.45258,159.174,16.4792,108.575,1,26,-83,-6,2,57,54,8,29568768,262,1,415,13499,
484.179,3588.77,51.4726,7.45282,158.98,16.4115,106.887,1,22,-78,-5,2,62,58,8,29568768,262,1,415,13499,
485.182,3605.25,51.4726,7.45305,158.752,16.5924,105.788,1,22,-78,-5,2,62,58,8,29568768,262,1,415,13499,
486.181,3621.6,51.4726,7.45328,158.475,16.9991,105.086,1,20,-77,-5,2,63,59,8,29568768,262,1,415,13499,
487.203,3638.74,51.4725,7.45352,158.08,16.9916,104.46,1,20,-77,-5,2,63,59,8,29568768,262,1,415,13499,
488.188,3656.73,51.4725,7.45378,157.695,16.673,105.021,1,21,-78,-5,2,62,57,8,29568768,262,1,415,13499,
489.179,3672.88,51.4725,7.454,157.333,16.5079,105.359,1,21,-78,-5,2,62,57,8,29568768,262,1,415,13499,
490.187,3672.88,51.4735,7.45492,nan,16.2779,106.171,1,21,-78,-5,2,62,57,8,29568768,262,1,415,13499,
491.188,3672.88,51.4724,7.45445,157.551,16.0487,105.051,1,22,-81,-6,2,59,55,8,29568768,262,1,415,13499,
492.198,3689.03,51.4724,7.45468,157.506,15.9276,105.439,1,22,-81,-6,2,59,55,8,29568768,262,1,415,13499,
493.195,3704.65,51.4723,7.4549,157.636,15.7483,106.478,1,22,-83,-6,2,57,54,8,29568768,262,1,415,13499,
494.18,3720.06,51.4723,7.45511,157.774,15.6469,107.13,1,22,-83,-6,2,57,54,8,29568768,262,1,415,13499,
495.184,3735.45,51.4722,7.45532,158,15.395,108.344,1,21,-84,-6,2,56,54,8,29568768,262,1,415,13499,
496.184,3750.74,51.4722,7.45553,158.088,15.1969,109.584,1,21,-84,-6,2,56,54,8,29568768,262,1,415,13499,
497.191,3765.32,51.4722,7.45573,158.347,14.5273,110.581,1,19,-83,-6,2,57,54,8,29568768,262,1,415,13499,
498.181,3779.6,51.4721,7.45592,158.538,14.1511,111.55,1,19,-83,-6,2,57,54,8,29568768,262,1,415,13499,
499.183,3794.69,51.4721,7.45612,158.745,14.2566,112.34,1,13,-84,-6,2,56,52,8,29568768,262,1,415,13499,
500.172,3808.52,51.472,7.4563,158.725,14.2874,113.09,1,13,-84,-6,2,56,52,8,29568768,262,1,415,13499,
501.201,3822.4,51.472,7.45649,158.494,13.9922,113.566,1,21,-86,-6,2,54,50,8,29568768,262,1,415,13499,
502.204,3836.17,51.4719,7.45667,158.013,13.9542,114.029,1,21,-86,-6,2,54,50,8,29568768,262,1,415,13499,
503.187,3849.17,51.4719,7.45684,157.768,13.8028,114.396,1,24,-87,-6,2,53,49,8,29568768,262,1,415,13499,
504.194,3863.13,51.4718,7.45702,157.42,13.6426,114.74,1,24,-87,-6,2,53,49,8,29568768,262,1,415,13499,
505.183,3876.69,51.4717,7.45719,157.072,12.9521,114.944,1,17,-85,-5,2,55,51,8,29568768,262,1,415,13499,
506.184,3890.53,51.4717,7.45737,156.863,12.7025,115.401,1,17,-85,-5,2,55,51,8,29568768,262,1,415,13499,
507.196,3903.85,51.4716,7.45754,156.873,12.3891,116.118,1,17,-87,-6,2,53,50,8,29568768,262,1,415,13499,
508.189,3916.72,51.4716,7.45771,156.93,12.0864,117.151,1,17,-87,-6,2,53,50,8,29568768,262,1,415,13499,
509.177,3928.66,51.4715,7.45786,156.909,11.9049,117.779,1,16,-89,-6,2,51,48,8,29568768,262,1,415,13499,
510.194,3928.66,51.4735,7.45492,nan,11.6071,117.368,1,16,-89,-6,2,51,48,8,29568768,262,1,415,13499,
511.199,3928.66,51.4714,7.45813,156.904,11.0696,116.977,1,16,-89,-6,2,51,48,8,29568768,262,1,415,13499,
512.191,3939.66,51.4714,7.45826,156.842,9.77199,116.526,1,15,-89,-7,2,51,48,8,29568768,262,1,415,13499,
513.183,3948.95,51.4713,7.45838,156.573,8.48057,115.852,1,15,-89,-7,2,51,48,8,29568768,262,1,415,13499,
514.331,3956.98,51.4713,7.45849,156.395,7.43681,115.554,1,14,-89,-7,2,51,49,8,29568768,262,1,415,13499,
515.193,3962.34,51.4713,7.45856,156.129,6.21728,116.176,1,14,-89,-7,2,51,49,8,29568768,262,1,415,13499,
516.191,3968.42,51.4713,7.45864,155.81,5.54563,115.51,1,13,-89,-7,10,51,49,4,29568768,262,1,415,13499,
517.182,3974.25,51.4712,7.45871,155.664,4.97261,116.298,1,13,-89,-7,10,51,49,4,29568768,262,1,415,13499,
518.173,3979.05,51.4712,7.45877,155.653,4.06662,115.667,1,11,-93,-8,9,47,46,4,29568768,262,1,415,13499,
519.199,3981.42,51.4712,7.4588,155.624,3.25054,115.533,1,11,-93,-8,9,47,46,4,29568768,262,1,415,13499,
520.206,3983.61,51.4712,7.45883,155.578,2.10398,115.098,1,13,-94,-8,11,46,45,4,29568768,262,1,415,13499,
521.215,3985.2,51.4712,7.45885,155.53,1.15529,114.935,1,13,-94,-8,11,46,45,4,29568768,262,1,415,13499,
522.21,3985.2,51.4712,7.45885,155.526,0,114.935,1,12,-94,-8,9,46,45,4,29568768,262,1,415,13499,
523.176,3985.2,51.4712,7.45885,155.522,0,114.935,1,12,-94,-8,9,46,45,4,29568768,262,1,415,13499,
524.198,3985.2,51.4712,7.45885,155.518,0,114.935,1,12,-95,-8,11,45,45,4,29568768,262,1,415,13499,
525.199,3985.2,51.4712,7.45885,155.514,0,114.935,1,12,-95,-8,11,45,45,4,29568768,262,1,415,13499,
526.177,3985.2,51.4712,7.45885,155.51,0,114.935,1,13,-94,-8,9,46,45,4,29568768,262,1,415,13499,
527.193,3985.2,51.4712,7.45885,155.506,0,114.935,1,13,-94,-8,9,46,45,4,29568768,262,1,415,13499,
528.193,3985.2,51.4712,7.45885,155.469,0,114.935,1,13,-94,-9,12,46,46,4,29568768,262,1,415,13499,
529.209,3985.2,51.4712,7.45885,155.42,0,112.097,1,13,-94,-9,12,46,46,4,29568768,262,1,415,13499,
530.208,3985.2,51.4735,7.45492,nan,0,114.127,1,13,-94,-9,11,46,44,4,29568768,262,1,415,13499,
531.205,3985.2,51.4712,7.45896,155.306,4.10774,114.257,1,13,-94,-9,11,46,44,4,29568768,262,1,415,13499,
532.208,3990.37,51.4712,7.45902,154.779,5.78769,114.918,1,8,-91,-10,2,49,49,4,29568768,262,1,415,13499,
533.183,3996.7,51.4711,7.45911,154.428,6.62857,115.188,1,8,-91,-10,2,49,49,4,29568768,262,1,415,13499,
534.192,4003.44,51.4711,7.4592,154.121,7.2677,115.681,1,9,-90,-8,2,50,50,4,29568768,262,1,415,13499,
535.213,4011.06,51.4711,7.4593,153.804,8.11173,116.106,1,9,-90,-8,2,50,50,4,29568768,262,1,415,13499,
536.191,4019.69,51.471,7.45941,153.474,8.97364,116.319,1,6,-93,-9,2,47,47,4,29568768,262,1,415,13499,
537.191,4029.58,51.471,7.45954,153.385,9.95977,116.469,1,6,-93,-9,2,47,47,4,29568768,262,1,415,13499,
538.188,4039.69,51.471,7.45967,153.004,10.5815,117.416,1,7,-94,-10,2,46,47,4,29568768,262,1,415,13499,
539.173,4050.03,51.4709,7.4598,152.943,10.2245,115.918,1,7,-94,-10,2,46,47,4,29568768,262,1,415,13499,
540.191,4060.49,51.4709,7.45994,153.065,10.4045,114.415,1,7,-94,-10,2,46,47,4,29568768,262,1,415,13499,
541.183,4071.29,51.4708,7.46008,153.289,11.0096,112.821,1,0,-93,-9,2,47,48,4,29568769,262,1,416,13499,
542.194,4082.85,51.4708,7.46024,153.479,11.7081,112.325,1,0,-93,-9,2,47,48,4,29568769,262,1,416,13499,
543.203,4094.83,51.4708,7.4604,153.628,12.3229,112.574,1,7,-96,-10,2,44,46,4,29568769,262,1,416,13499,
544.215,4106.84,51.4707,7.46056,153.546,12.3695,113.762,1,7,-96,-10,2,44,46,4,29568769,262,1,416,13499,
545.192,4118.8,51.4707,7.46071,153.641,11.9,114.555,1,1,-98,-11,2,42,45,4,29568769,262,1,416,13499,
546.192,4130.49,51.4706,7.46087,153.489,11.4507,114.806,1,1,-98,-11,2,42,45,4,29568769,262,1,416,13499,
547.203,4141.71,51.4706,7.46102,153.043,11.139,114.648,1,10,-98,-11,2,42,45,4,29568769,262,1,416,13499,
548.192,4152.9,51.4706,7.46117,152.718,11.3006,114.927,1,10,-98,-11,2,42,45,4,29568769,262,1,416,13499,
549.177,4164.31,51.4705,7.46132,152.243,11.6228,114.806,1,-1,-96,-11,2,44,46,4,29568769,262,1,416,13499,
550.192,4164.31,51.4713,7.45897,nan,11.4919,115.187,1,-1,-96,-11,2,44,46,4,29568769,262,1,416,13499,
551.208,4164.31,51.4704,7.46165,151.083,11.466,115.879,1,-5,-96,-10,2,44,46,4,29568769,262,1,416,13499,
552.189,4177.97,51.4704,7.46182,150.395,12.4759,116.563,1,-5,-96,-10,2,44,46,4,29568769,262,1,416,13499,
553.178,4188.35,51.4703,7.46196,150.484,11.996,115.743,1,-6,-100,-12,2,40,44,4,29568769,262,1,416,13499,
554.17,4199.63,51.4703,7.4621,150.772,12.8302,115.146,1,-6,-100,-12,2,40,44,4,29568769,262,1,416,13499,
555.183,4212.44,51.4702,7.46227,151.02,13.4402,115.436,1,3,-100,-9,2,40,41,4,26378498,262,1,495,13499,
556.2,4226.72,51.4702,7.46246,151.35,14.686,114.826,1,3,-100,-9,2,40,41,4,26378498,262,1,495,13499,
557.187,4240.77,51.4701,7.46264,151.67,14.7877,115.111,1,2,-99,-9,2,41,41,4,26378498,262,1,495,13499,
558.208,4254.93,51.4701,7.46283,152.184,15.436,114.715,1,2,-99,-9,2,41,41,4,26378498,262,1,495,13499,
559.196,4271.65,51.47,7.46305,152.277,16.1257,114.039,1,3,-100,-10,2,40,42,4,26378498,262,1,495,13499,
560.188,4287.13,51.4699,7.46325,152.253,15.8815,114.749,1,3,-100,-10,2,40,42,4,26378498,262,1,495,13499,
561.189,4302.7,51.4699,7.46346,152.076,15.4063,114.235,1,5,-100,-10,2,40,42,4,26378498,262,1,495,13499,
562.185,4317.82,51.4698,7.46366,151.612,15.0335,112.79,1,5,-100,-10,2,40,42,4,26378498,262,1,495,13499,
563.198,4333.11,51.4698,7.46386,151.209,15.3694,111.68,1,5,-100,-10,2,40,42,4,26378498,262,1,495,13499,
564.183,4348.84,51.4697,7.46408,150.28,16.129,110.947,1,7,-100,-9,2,40,41,4,26378498,262,1,495,13499,
565.18,4365.07,51.4697,7.4643,148.788,17.0263,110.355,1,7,-100,-9,2,40,41,4,26378498,262,1,495,13499,
566.189,4382.3,51.4696,7.46453,147.889,17.4178,108.859,1,4,-99,-8,2,41,40,4,26378498,262,1,495,13499,
567.194,4399.91,51.4696,7.46478,146.805,17.1739,107.278,1,4,-99,-8,2,41,40,4,26378498,262,1,495,13499,
568.177,4417.38,51.4696,7.46502,145.603,16.9417,105.694,1,1,-99,-8,2,41,40,4,26378498,262,1,495,13499,
569.195,4435.24,51.4695,7.46528,144.252,17.3186,103.894,1,1,-99,-8,2,41,40,4,26378498,262,1,495,13499,
570.178,4435.24,51.4698,7.46577,nan,17.5522,102.006,1,4,-101,-10,2,39,39,4,26378498,262,1,495,13499,
571.199,4435.24,51.4695,7.46579,142.496,18.1176,100.355,1,4,-101,-10,2,39,39,4,26378498,262,1,495,13499,
572.292,4453.22,51.4695,7.46605,142.011,18.4477,98.9065,1,7,-99,-8,2,41,41,4,29401601,262,1,430,13499,
573.215,4471.55,51.4694,7.46631,141.597,18.49,96.5273,1,7,-99,-8,2,41,41,4,29401601,262,1,430,13499,
574.184,4489.55,51.4694,7.46657,141.505,17.8988,94.4733,1,7,-95,-8,7,45,43,15,29401601,262,1,430,13499,
575.184,4506.9,51.4694,7.46683,141.692,17.3131,92.2553,1,7,-95,-8,7,45,43,15,29401601,262,1,430,13499,
576.175,4524.2,51.4694,7.46707,142.517,16.905,90.262,1,8,-92,-7,14,48,45,15,29401601,262,1,430,13499,
577.194,4540.75,51.4695,7.46731,143.578,16.9875,88.5986,1,8,-92,-7,14,48,45,15,29401601,262,1,430,13499,
578.185,4557.76,51.4695,7.46756,144.433,16.9757,87.2313,1,0,-99,-11,7,41,42,15,29401601,262,1,430,13499,
579.182,4575.01,51.4695,7.4678,145.381,16.601,85.8578,1,0,-99,-11,7,41,42,15,29401601,262,1,430,13499,
580.178,4591.86,51.4695,7.46805,146.264,16.0474,84.2633,1,4,-96,-8,10,44,42,15,29401601,262,1,430,13499,
581.175,4608.21,51.4695,7.46828,147.44,15.549,83.0823,1,4,-96,-8,10,44,42,15,29401601,262,1,430,13499,
582.193,4623.52,51.4696,7.4685,148.273,15.3155,82.1385,1,5,-102,-8,6,38,37,15,29401601,262,1,430,13499,
583.196,4639.75,51.4696,7.46873,149.333,15.5181,81.7884,1,5,-102,-8,6,38,37,15,29401601,262,1,430,13499,
584.184,4654.48,51.4696,7.46894,150.689,14.939,82.5956,1,7,-103,-9,7,37,37,15,29401601,262,1,430,13499,
585.188,4668.62,51.4696,7.46914,151.97,14.9607,82.0453,1,7,-103,-9,7,37,37,15,29401601,262,1,430,13499,
586.187,4683.59,51.4697,7.46935,153.106,14.5478,80.4313,1,7,-103,-9,7,37,37,15,29401601,262,1,430,13499,
587.201,4699.96,51.4697,7.46958,153.79,15.1252,79.6773,1,4,-103,-10,7,37,39,15,29401601,262,1,430,13499,
588.183,4716.66,51.4697,7.46982,154.433,15.2527,79.9111,1,4,-103,-10,7,37,39,15,29401601,262,1,430,13499,
589.2,4732.74,51.4697,7.47004,154.783,16.0324,80.4872,1,3,-100,-9,9,40,40,15,29401601,262,1,430,13499,
590.191,4732.74,51.4702,7.47558,nan,15.9018,81.9138,1,3,-100,-9,9,40,40,15,29401601,262,1,430,13499,
591.203,4732.74,51.4698,7.47048,155.15,15.1317,83.5248,1,7,-100,-10,2,40,40,15,29401601,262,1,430,13499,
592.202,4747.62,51.4698,7.47069,155.342,14.9841,84.0388,1,7,-100,-10,2,40,40,15,29401601,262,1,430,13499,
593.181,4763.07,51.4698,7.47091,155.548,14.4185,84.4094,1,9,-99,-8,2,41,41,15,29401601,262,1,430,13499,
594.193,4777.22,51.4698,7.47111,155.913,14.0453,86.1377,1,9,-99,-8,2,41,41,15,29401601,262,1,430,13499,
595.189,4791.14,51.4698,7.47131,156.417,14.2277,86.9248,1,8,-98,-8,2,42,42,15,29401601,262,1,430,13499,
596.197,4806.38,51.4699,7.47153,156.996,14.7241,87.5323,1,8,-98,-8,2,42,42,15,29401601,262,1,430,13499,
597.176,4821.13,51.4699,7.47175,157.962,14.3067,90.2425,1,5,-97,-7,2,43,42,15,29401601,262,1,430,13499,
598.185,4835.04,51.4699,7.47195,158.578,13.674,91.8956,1,5,-97,-7,2,43,42,15,29401601,262,1,430,13499,
599.186,4848.89,51.4698,7.47215,159.009,14.0055,92.9562,1,13,-98,-7,2,42,40,15,31263232,262,1,162,13499,
600.171,4862.83,51.4698,7.47235,158.57,13.7265,95.046,1,13,-98,-7,2,42,40,15,31263232,262,1,162,13499,
601.156,4877.43,51.4698,7.47256,157.774,13.8706,96.3729,1,7,-98,-7,2,42,41,15,31263232,262,1,162,13499,
602.181,4890.95,51.4698,7.47275,156.807,13.9316,97.9697,1,7,-98,-7,2,42,41,15,31263232,262,1,162,13499,
603.201,4906.65,51.4698,7.47298,155.53,14.1569,97.5652,1,5,-98,-8,2,42,41,15,31263232,262,1,162,13499,
604.221,4921.57,51.4698,7.47319,154.417,14.0323,96.7522,1,5,-98,-8,2,42,41,15,31263232,262,1,162,13499,
605.221,4935.74,51.4698,7.47339,153.796,14.712,97.3563,1,2,-98,-9,2,42,41,15,31263232,262,1,162,13499,
606.148,4949.8,51.4697,7.47359,153.502,14.6577,97.8097,1,2,-98,-9,2,42,41,15,31263232,262,1,162,13499,
607.185,4963.75,51.4697,7.47379,153.6,14.3912,97.8522,1,-1,-99,-10,2,41,41,15,31263232,262,1,162,13499,
608.189,4977.77,51.4697,7.47399,153.509,14.2992,98.7399,1,-1,-99,-10,2,41,41,15,31263232,262,1,162,13499,
609.19,4991.93,51.4697,7.4742,153.396,13.9222,98.5241,1,-1,-99,-10,2,41,41,15,31263232,262,1,162,13499,
610.18,5005.56,51.4697,7.47439,153.505,13.5877,98.5808,1,-1,-100,-10,2,40,41,15,31263232,262,1,162,13499,
611.192,5005.56,51.47,7.47808,nan,13.5153,98.5868,1,-1,-100,-10,2,40,41,15,31263232,262,1,162,13499,
612.18,5005.56,51.4696,7.47481,153.376,13.1833,98.1856,1,-4,-102,-11,2,38,40,15,31263232,262,1,162,13499,
613.181,5019.54,51.4696,7.47501,153.297,12.6684,97.7456,1,-4,-102,-11,2,38,40,15,31263232,262,1,162,13499,
614.196,5032.53,51.4696,7.4752,153.323,13.0016,97.1616,1,-3,-104,-12,2,36,39,15,31263232,262,1,162,13499,
615.199,5044.97,51.4696,7.47538,153.381,13.3268,96.4976,1,-3,-104,-12,2,36,39,15,31263232,262,1,162,13499,
616.189,5057.36,51.4696,7.47556,153.612,13.0366,95.7978,1,-3,-104,-13,2,36,40,15,31263232,262,1,162,13499,
617.185,5069.38,51.4696,7.47573,153.963,12.4571,95.2373,1,-3,-104,-13,2,36,40,15,31263232,262,1,162,13499,
618.195,5081.52,51.4696,7.4759,154.119,11.0727,93.1471,1,-6,-104,-14,2,36,41,15,31263232,262,1,162,13499,
619.174,5092.51,51.4696,7.47606,154.321,10.7185,91.584,1,-6,-104,-14,2,36,41,15,31263232,262,1,162,13499,
620.175,5103.99,51.4696,7.47623,154.842,9.83894,89.7516,1,-4,-105,-14,2,35,41,15,31263232,262,1,162,13499,
621.141,5114.58,51.4696,7.47638,155.804,9.79795,89.4012,1,-4,-105,-14,2,35,41,15,31263232,262,1,162,13499,
622.198,5124.56,51.4696,7.47653,156.319,9.13348,87.6322,1,-2,-102,-13,2,38,43,15,26378497,262,1,496,13499,
623.173,5133.36,51.4696,7.47665,156.661,8.49123,85.4503,1,-2,-102,-13,2,38,43,15,26378497,262,1,496,13499,
624.18,5141.18,51.4696,7.47676,158.255,8.08009,81.9419,1,-3,-101,-13,2,39,44,15,26378497,262,1,496,13499,
625.202,5151.33,51.4696,7.47691,159.402,9.32293,82.6566,1,-3,-101,-13,2,39,44,15,26378497,262,1,496,13499,
626.201,5161.05,51.4696,7.47705,160.602,8.81159,81.2045,1,-1,-99,-12,2,41,44,15,30492930,262,1,176,13499,
627.206,5172.23,51.4696,7.47721,161.283,8.02323,82.7595,1,-1,-99,-12,2,41,44,15,30492930,262,1,176,13499,
628.176,5181.12,51.4696,7.47734,162.387,7.48213,82.0394,1,-4,-99,-13,2,41,45,15,30492930,262,1,176,13499,
629.182,5191.07,51.4696,7.47748,163.086,6.63021,80.6454,1,-4,-99,-13,2,41,45,15,30492930,262,1,176,13499,
630.173,5198.15,51.4696,7.47758,164.506,5.94347,81.0303,1,-2,-97,-12,2,43,47,15,28368898,262,1,56,13499,
631.141,5206.47,51.4697,7.4777,164.976,5.61495,81.5824,1,-2,-97,-12,2,43,47,15,28368898,262,1,56,13499,
632.2,5206.47,51.4703,7.47941,nan,5.29171,80.9619,1,-2,-97,-12,2,43,47,15,28368898,262,1,56,13499,
633.17,5206.47,51.4697,7.47786,166.131,5.38227,82.4919,1,0,-96,-12,2,44,48,15,28368898,262,1,56,13499,
634.19,5213.4,51.4697,7.47796,166.15,5.39942,81.364,1,0,-96,-12,2,44,48,15,28368898,262,1,56,13499,
635.183,5220.16,51.4697,7.47805,165.748,5.03561,78.9312,1,-3,-96,-12,2,44,48,15,28368898,262,1,56,13499,
636.205,5226.13,51.4697,7.47813,165.673,4.3841,77.8113,1,-3,-96,-12,2,44,48,15,28368898,262,1,56,13499,
637.173,5231.02,51.4697,7.4782,165.824,4.2462,76.9144,1,-4,-96,-13,2,44,48,15,28368898,262,1,56,13499,
638.172,5235.53,51.4697,7.47827,165.805,2.99918,89.5428,1,-4,-96,-13,2,44,48,15,28368898,262,1,56,13499,
639.283,5237.33,51.4697,7.47829,165.775,1.63178,87.0577,1,4,-94,-11,2,46,48,15,26378497,262,1,496,13499,
640.177,5237.33,51.4697,7.47829,165.778,0,87.0577,1,4,-94,-11,2,46,48,15,26378497,262,1,496,13499,
641.192,5237.33,51.4697,7.47829,165.784,0,87.0577,1,3,-93,-10,8,47,48,8,26378497,262,1,496,13499,
642.187,5237.33,51.4697,7.47829,165.794,0,87.0577,1,3,-93,-10,8,47,48,8,26378497,262,1,496,13499,
643.24,5237.33,51.4697,7.47829,165.808,0,87.0577,1,3,-94,-11,8,46,48,8,26378497,262,1,496,13499,
644.184,5237.33,51.4697,7.47829,165.821,0,87.0577,1,3,-94,-11,8,46,48,8,26378497,262,1,496,13499,
645.202,5237.33,51.4697,7.47829,165.833,0,87.0577,1,1,-94,-12,4,46,49,8,26378497,262,1,496,13499,
646.184,5237.33,51.4697,7.47829,165.839,0,87.0577,1,1,-94,-12,4,46,49,8,26378497,262,1,496,13499,
647.177,5237.33,51.4697,7.47829,165.839,0,87.0577,1,1,-94,-12,6,46,49,8,26378497,262,1,496,13499,
648.192,5237.33,51.4697,7.47829,165.841,0,87.0577,1,1,-94,-12,6,46,49,8,26378497,262,1,496,13499,
649.201,5237.33,51.4697,7.47829,165.848,0,87.0577,1,1,-94,-12,4,46,49,8,26378497,262,1,496,13499,
650.179,5237.33,51.4697,7.47829,165.858,0,87.0577,1,1,-94,-12,4,46,49,8,26378497,262,1,496,13499,
651.194,5237.33,51.4713,7.4835,nan,0,87.0577,1,2,-94,-11,8,46,49,8,26378497,262,1,496,13499,
652.174,5237.33,51.4697,7.47829,165.868,0,87.0577,1,2,-94,-11,8,46,49,8,26378497,262,1,496,13499,
653.182,5237.33,51.4697,7.47829,165.862,0,87.0577,1,2,-93,-11,8,47,49,8,26378497,262,1,496,13499,
654.18,5237.33,51.4697,7.47829,165.883,0,81.5331,1,2,-93,-11,8,47,49,8,26378497,262,1,496,13499,
655.211,5237.33,51.4697,7.47829,165.987,0,83.6902,1,3,-93,-10,8,47,49,8,26378497,262,1,496,13499,
656.197,5241.21,51.4697,7.47835,167.228,4.45966,81.845,1,3,-93,-10,8,47,49,8,26378497,262,1,496,13499,
657.17,5245.46,51.4697,7.47841,168.174,6.13218,79.7924,1,5,-90,-8,2,50,49,8,26378497,262,1,496,13499,
658.175,5252,51.4697,7.4785,168.795,6.68167,80.4915,1,5,-90,-8,2,50,49,8,26378497,262,1,496,13499,
659.195,5260.48,51.4698,7.47862,169.196,7.33754,80.9058,1,5,-90,-8,2,50,49,8,26378497,262,1,496,13499,
660.179,5268.27,51.4698,7.47873,169.873,7.81511,78.6825,1,7,-90,-8,2,50,50,8,26378497,262,1,496,13499,
661.178,5276.62,51.4698,7.47885,170.059,8.35782,77.8887,1,7,-90,-8,2,50,50,8,26378497,262,1,496,13499,
662.198,5284.87,51.4698,7.47897,170.043,9.11794,77.0529,1,12,-89,-8,2,51,50,8,26378497,262,1,496,13499,
663.181,5294.43,51.4698,7.4791,169.956,9.12919,76.323,1,12,-89,-8,2,51,50,8,26378497,262,1,496,13499,
664.188,5304.11,51.4699,7.47924,169.752,9.11911,75.5418,1,19,-86,-6,2,54,51,8,26378497,262,1,496,13499,
665.191,5312.99,51.4699,7.47936,169.841,8.22952,76.9663,1,19,-86,-6,2,54,51,8,26378497,262,1,496,13499,
666.173,5321.79,51.4699,7.47948,169.827,9.3812,75.3247,1,19,-83,-7,2,57,54,8,26378497,262,1,496,13499,
667.194,5332.26,51.4699,7.47963,169.219,9.57506,74.0678,1,19,-83,-7,2,57,54,8,26378497,262,1,496,13499,
668.194,5339.79,51.4699,7.47973,169.076,10.028,73.4399,1,15,-82,-7,2,58,55,8,26378497,262,1,496,13499,
669.184,5349.27,51.47,7.47986,169.243,10.7378,72.8904,1,15,-82,-7,2,58,55,8,26378497,262,1,496,13499,
670.208,5359.94,51.47,7.48001,168.808,11.3257,72.1594,1,15,-80,-6,2,60,56,8,26378497,262,1,496,13499,
671.206,5359.94,51.4713,7.4835,nan,11.5806,71.223,1,15,-80,-6,2,60,56,8,26378497,262,1,496,13499,
672.19,5359.94,51.4701,7.48035,168.304,11.933,70.8448,1,2,-81,-6,2,59,54,8,26378497,262,1,496,13499,
673.198,5371.92,51.4701,7.48052,168.482,12.2323,70.0632,1,2,-81,-6,2,59,54,8,26378497,262,1,496,13499,
674.189,5383.47,51.4701,7.48067,168.085,11.8913,70.6194,1,6,-81,-6,2,59,54,8,26378497,262,1,496,13499,
675.176,5396.11,51.4702,7.48085,167.36,11.4092,71.1982,1,6,-81,-6,2,59,54,8,26378497,262,1,496,13499,
676.191,5408.5,51.4702,7.48101,166.524,10.6988,71.6377,1,12,-85,-7,2,55,51,8,26378497,262,1,496,13499,
677.192,5417.68,51.4702,7.48114,165.502,10.0503,72.3357,1,12,-85,-7,2,55,51,8,26378497,262,1,496,13499,
678.197,5426.89,51.4703,7.48127,164.743,9.23969,73.3366,1,8,-89,-7,2,51,48,8,26378497,262,1,496,13499,
679.173,5435.32,51.4703,7.48138,163.979,8.04936,72.6368,1,8,-89,-7,2,51,48,8,26378497,262,1,496,13499,
680.19,5444.68,51.4703,7.48152,163.221,6.97436,76.0446,1,8,-89,-7,2,51,48,8,26378497,262,1,496,13499,
681.185,5450.7,51.4703,7.4816,163.07,6.67197,111.137,1,7,-92,-8,2,48,46,8,26378497,262,1,496,13499,
682.198,5456.1,51.4702,7.48165,163.047,7.63899,139.266,1,7,-92,-8,2,48,46,8,26378497,262,1,496,13499,
683.207,5465,51.4702,7.48171,162.855,8.37926,160.126,1,4,-92,-8,2,48,46,8,26378497,262,1,496,13499,
684.191,5474.52,51.4701,7.48175,162.594,9.82457,161.593,1,4,-92,-8,2,48,46,8,26378497,262,1,496,13499,
685.193,5486.47,51.47,7.48181,162.226,11.4138,162.331,1,4,-93,-9,2,47,46,8,26378497,262,1,496,13499,
686.176,5498.03,51.4699,7.48186,162.249,12.439,163.492,1,4,-93,-9,2,47,46,8,26378497,262,1,496,13499,
687.193,5512.03,51.4698,7.48191,162.356,14.0114,164.084,1,7,-95,-10,2,45,47,8,26378497,262,1,496,13499,
688.174,5525.34,51.4697,7.48196,163.11,13.9136,164.926,1,7,-95,-10,2,45,47,8,26378497,262,1,496,13499,
689.207,5538.43,51.4695,7.482,163.653,12.6835,164.154,1,6,-94,-9,2,46,46,8,26378497,262,1,496,13499,
690.192,5551.35,51.4694,7.48205,163.872,12.1747,165.466,1,6,-94,-9,2,46,46,8,26378497,262,1,496,13499,
691.177,5551.35,51.4685,7.4823,nan,13.8306,164.863,1,1,-94,-10,2,46,47,8,26378497,262,1,496,13499,
692.205,5551.35,51.4692,7.48214,164.946,14.4545,166.052,1,1,-94,-10,2,46,47,8,26378497,262,1,496,13499,
693.196,5565.33,51.4691,7.48218,165.7,13.7458,165.161,1,6,-95,-10,2,45,47,8,26378497,262,1,496,13499,
694.192,5580.89,51.4689,7.48223,166.588,13.6953,165.714,1,6,-95,-10,2,45,47,8,26378497,262,1,496,13499,
695.19,5596.05,51.4688,7.48227,167.556,13.3966,165.817,1,2,-95,-10,2,45,47,8,26378497,262,1,496,13499,
696.208,5609.44,51.4687,7.48231,168.204,13.3428,165.287,1,2,-95,-10,2,45,47,8,26378497,262,1,496,13499,
697.184,5622.8,51.4686,7.48236,168.83,13.0274,164.823,1,1,-96,-11,2,44,47,8,26378497,262,1,496,13499,
698.191,5636.44,51.4684,7.48241,169.466,12.4663,164.182,1,1,-96,-11,2,44,47,8,26378497,262,1,496,13499,
699.171,5647.98,51.4683,7.48246,169.295,12.0505,163.785,1,-2,-99,-12,2,41,45,8,26378497,262,1,496,13499,
700.186,5659.95,51.4682,7.48251,168.866,12.0027,164.556,1,-2,-99,-12,2,41,45,8,26378497,262,1,496,13499,
701.183,5672.35,51.4681,7.48256,168.389,11.7916,164.916,1,-1,-99,-12,2,41,45,8,26378497,262,1,496,13499,
702.182,5682.93,51.468,7.48259,168.344,11.2509,165.521,1,-1,-99,-12,2,41,45,8,26378497,262,1,496,13499,
703.173,5693.11,51.4679,7.48262,168.108,11.3109,166.876,1,-4,-101,-12,2,39,45,8,26378497,262,1,496,13499,
704.187,5703.42,51.4679,7.48266,167.873,10.5886,167.416,1,-4,-101,-12,2,39,45,8,26378497,262,1,496,13499,
705.189,5714.11,51.4678,7.48268,167.796,9.83811,168.474,1,-4,-101,-12,2,39,45,8,26378497,262,1,496,13499,
706.196,5724.83,51.4677,7.48271,167.094,9.88315,168.644,1,5,-99,-10,2,41,43,8,28371200,262,1,68,13499,
707.194,5735.97,51.4676,7.48273,166.532,11.8377,170.029,1,5,-99,-10,2,41,43,8,28371200,262,1,68,13499,
708.196,5747.42,51.4675,7.48275,166.196,12.6311,171.694,1,4,-99,-10,2,41,42,8,28371200,262,1,68,13499,
709.191,5760.58,51.4673,7.48276,166.329,14.0471,174.374,1,4,-99,-10,2,41,42,8,28371200,262,1,68,13499,
710.183,5775.15,51.4672,7.48278,165.937,14.5373,176.274,1,6,-102,-11,2,38,40,8,28371200,262,1,68,13499,
711.201,5775.15,51.4677,7.48337,nan,14.9232,178.577,1,6,-102,-11,2,38,40,8,28371200,262,1,68,13499,
712.188,5775.15,51.4669,7.48276,165.899,15.1064,181.096,1,9,-101,-10,8,39,39,19,28371200,262,1,68,13499,
713.173,5789.87,51.4668,7.48274,165.535,13.7814,182.991,1,9,-101,-10,8,39,39,19,28371200,262,1,68,13499,
714.176,5805.5,51.4667,7.48271,164.796,14.2135,186.197,1,4,-102,-11,9,38,41,19,28371200,262,1,68,13499,
715.19,5819.47,51.4666,7.48266,164.585,14.4618,189.358,1,4,-102,-11,9,38,41,19,28371200,262,1,68,13499,
716.182,5835.52,51.4664,7.48259,164.279,13.6568,193.03,1,7,-99,-10,10,41,44,19,28371200,262,1,68,13499,
717.186,5850.91,51.4663,7.48253,163.94,12.947,196.611,1,7,-99,-10,10,41,44,19,28371200,262,1,68,13499,
718.183,5866.3,51.4662,7.48246,163.786,13.6433,197.602,1,-2,-99,-9,6,41,41,15,30492930,262,1,176,13499,
719.206,5881.59,51.466,7.48238,163.612,13.3993,198.2,1,-2,-99,-9,6,41,41,15,30492930,262,1,176,13499,
720.18,5895.31,51.4659,7.4823,163.799,13.597,199.576,1,1,-105,-10,10,35,34,15,30492930,262,1,176,13499,
721.182,5908.83,51.4658,7.48223,163.844,13.3048,198.983,1,1,-105,-10,10,35,34,15,30492930,262,1,176,13499,
722.174,5922.04,51.4657,7.48215,163.556,13.7598,203.169,1,-1,-114,-13,5,26,30,15,30492930,262,1,176,13499,
723.202,5934.49,51.4656,7.48208,162.516,12.0003,201.508,1,-1,-114,-13,5,26,30,15,30492930,262,1,176,13499,
724.18,5947.39,51.4655,7.48201,162.309,12.5468,200.821,1,-3,-101,-13,6,39,44,15,30492930,262,1,176,13499,
725.202,5961.25,51.4654,7.48193,161.229,12.9958,201.299,1,-3,-101,-13,6,39,44,15,30492930,262,1,176,13499,
726.184,5975.49,51.4652,7.48183,160.984,13.9164,202.277,1,0,-102,-12,6,38,40,15,30492930,262,1,176,13499,
727.193,5989.94,51.4651,7.48173,160.432,14.3084,201.392,1,0,-102,-12,6,38,40,15,30492930,262,1,176,13499,
728.192,6003.96,51.465,7.48164,160.252,14.3949,201.688,1,-5,-100,-10,6,40,41,16,26378497,262,1,496,13499,
729.181,6018.32,51.4649,7.48156,160.181,13.7585,200.096,1,-5,-100,-10,6,40,41,16,26378497,262,1,496,13499,
730.326,6032.51,51.4648,7.48148,160.485,14.7209,199.408,1,-5,-100,-10,6,40,41,16,26378497,262,1,496,13499,
731.187,6032.51,51.4658,7.48284,nan,14.7871,198.277,1,-1,-103,-9,6,37,38,16,28371200,262,1,68,13499,
732.174,6032.51,51.4645,7.48133,161.062,15.1248,198.29,1,-1,-103,-9,6,37,38,16,28371200,262,1,68,13499,
733.201,6046.93,51.4644,7.48126,161.791,15.1308,197.788,1,1,-105,-11,8,35,37,16,28371200,262,1,68,13499,
734.202,6061.68,51.4643,7.4812,162.916,15.0512,197.448,1,1,-105,-11,8,35,37,16,28371200,262,1,68,13499,
735.209,6076.84,51.4641,7.48113,164.051,14.6642,197.244,1,5,-107,-11,9,33,35,16,28371200,262,1,68,13499,
736.207,6091.73,51.464,7.48106,164.778,14.264,196.451,1,5,-107,-11,9,33,35,16,28371200,262,1,68,13499,
737.199,6106.64,51.4639,7.48101,165.128,13.9331,195.955,1,6,-105,-9,6,35,34,16,28371200,262,1,68,13499,
738.188,6121.01,51.4638,7.48095,165.329,13.5262,196.267,1,6,-105,-9,6,35,34,16,28371200,262,1,68,13499,
739.177,6134.65,51.4636,7.48089,165.631,13.2609,196.337,1,3,-110,-11,6,30,32,16,28371200,262,1,68,13499,
740.201,6148.69,51.4635,7.48084,166.162,13.0715,196.21,1,3,-110,-11,6,30,32,16,28371200,262,1,68,13499,
741.209,6161.05,51.4634,7.48079,166.679,12.8313,196.013,1,1,-99,-8,8,41,33,16,28371206,262,1,129,13499,
742.203,6173.19,51.4633,7.48074,167.012,11.7493,197.657,1,1,-99,-8,8,41,33,16,28371206,262,1,129,13499,
743.198,6185.07,51.4632,7.48068,167.429,11.9283,198.372,1,2,-101,-11,7,39,34,16,28371206,262,1,129,13499,
744.192,6196.77,51.4631,7.48063,167.695,12.1161,197.286,1,2,-101,-11,7,39,34,16,28371206,262,1,129,13499,
745.187,6209.08,51.463,7.48059,167.908,11.22,195.923,1,-1,-100,-12,8,40,35,16,28371206,262,1,129,13499,
746.184,6220.42,51.4629,7.48055,168.345,11.6272,196.379,1,-1,-100,-12,8,40,35,16,28371206,262,1,129,13499,
747.19,6232.31,51.4628,7.4805,168.605,11.5439,195.702,1,1,-99,-11,7,41,36,16,28371206,262,1,129,13499,
748.205,6244,51.4627,7.48046,168.835,11.2548,195.241,1,1,-99,-11,7,41,36,16,28371206,262,1,129,13499,
749.194,6255.36,51.4626,7.48042,169.122,9.61363,195.15,1,4,-97,-10,8,43,37,16,28371206,262,1,129,13499,
750.208,6263.73,51.4625,7.48039,169.417,7.74774,194.723,1,4,-97,-10,8,43,37,16,28371206,262,1,129,13499,
751.196,6263.73,51.462,7.4793,nan,6.32893,195.395,1,4,-97,-10,8,43,37,16,28371206,262,1,129,13499,
752.193,6263.73,51.4624,7.48033,169.746,5.53814,196.358,1,0,-100,-12,7,40,36,16,28371206,262,1,129,13499,
753.19,6269.26,51.4624,7.48032,169.737,4.41381,195.183,1,0,-100,-12,7,40,36,16,28371206,262,1,129,13499,
754.205,6272.71,51.4623,7.4803,169.749,2.83986,194.691,1,-1,-100,-11,6,40,34,16,28371206,262,1,129,13499,
755.198,6274.08,51.4623,7.4803,169.742,0.53915,194.691,1,-1,-100,-11,6,40,34,16,28371206,262,1,129,13499,
756.177,6274.08,51.4623,7.4803,169.742,0,194.691,1,-1,-96,-10,8,44,35,25,29568778,262,1,353,13499,
757.188,6274.08,51.4623,7.4803,169.744,0,194.691,1,-1,-96,-10,8,44,35,25,29568778,262,1,353,13499,
758.202,6274.08,51.4623,7.4803,169.746,0,194.691,1,-1,-96,-9,8,44,35,25,29568778,262,1,353,13499,
759.204,6274.08,51.4623,7.4803,169.748,0,194.691,1,-1,-96,-9,8,44,35,25,29568778,262,1,353,13499,
760.192,6274.08,51.4623,7.4803,169.753,0,194.691,1,-1,-97,-9,8,43,34,25,29568778,262,1,353,13499,
761.241,6274.08,51.4623,7.4803,169.759,0,194.691,1,-1,-97,-9,8,43,34,25,29568778,262,1,353,13499,
762.193,6274.08,51.4623,7.4803,169.766,0,194.691,1,-1,-96,-10,8,44,34,25,29568778,262,1,353,13499,
763.198,6274.08,51.4623,7.4803,169.769,0,194.691,1,-1,-96,-10,8,44,34,25,29568778,262,1,353,13499,
764.178,6274.08,51.4623,7.4803,169.772,0,194.691,1,-1,-96,-10,7,44,34,25,29568778,262,1,353,13499,
765.197,6274.08,51.4623,7.4803,169.775,0,194.691,1,-1,-96,-10,7,44,34,25,29568778,262,1,353,13499,
766.199,6274.08,51.4623,7.4803,169.783,0,194.691,1,-2,-96,-10,8,44,34,25,29568778,262,1,353,13499,
767.191,6274.08,51.4623,7.4803,169.792,0,194.691,1,-2,-96,-10,8,44,34,25,29568778,262,1,353,13499,
768.171,6274.08,51.4623,7.4803,169.867,0,194.691,1,2,-95,-8,8,45,36,25,29568778,262,1,353,13499,
769.189,6274.08,51.4623,7.4803,169.973,0,202.09,1,2,-95,-8,8,45,36,25,29568778,262,1,353,13499,
770.186,6279.75,51.4623,7.48027,170.089,0,200.786,1,4,-97,-9,8,43,35,25,29568778,262,1,353,13499,
771.179,6279.75,51.4663,7.46905,nan,2.61378,199.067,1,4,-97,-9,8,43,35,25,29568778,262,1,353,13499,
772.184,6279.75,51.4622,7.48023,170.324,2.49311,197.891,1,5,-100,-10,6,40,34,25,29568778,262,1,353,13499,
773.175,6282.02,51.4622,7.48022,170.431,2.39825,196.82,1,5,-100,-10,6,40,34,25,29568778,262,1,353,13499,
774.19,6282.93,51.4622,7.48022,170.47,2.15384,197.102,1,5,-100,-10,6,40,34,25,29568778,262,1,353,13499,
775.176,6285.57,51.4622,7.48021,170.526,1.99302,196.697,1,2,-98,-10,9,42,34,25,29568778,262,1,353,13499,
776.21,6287.35,51.4622,7.48021,170.588,1.26006,195.072,1,2,-98,-10,9,42,34,25,29568778,262,1,353,13499,
777.188,6287.7,51.4622,7.48021,170.649,0.342548,195.072,1,7,-95,-8,7,45,34,25,29568778,262,1,353,13499,
778.191,6288.09,51.4622,7.48021,170.714,0.388646,195.072,1,7,-95,-8,7,45,34,25,29568778,262,1,353,13499,
779.193,6288.09,51.4622,7.48021,170.743,0,195.072,1,3,-94,-8,9,46,33,25,29568778,262,1,353,13499,
780.186,6288.09,51.4622,7.48021,170.751,0,195.214,1,3,-94,-8,9,46,33,25,29568778,262,1,353,13499,
781.174,6295.27,51.4621,7.48022,170.729,0,171.709,1,-3,-97,-8,2,43,35,25,29568778,262,1,353,13499,
782.187,6298.75,51.4621,7.48024,171.296,4.41411,145.214,1,-3,-97,-8,2,43,35,25,29568778,262,1,353,13499,
783.191,6302.77,51.462,7.4803,171.491,6.3005,112.374,1,4,-97,-9,2,43,35,25,29568778,262,1,353,13499,
784.19,6309.44,51.462,7.48039,171.383,7.52206,96.1433,1,4,-97,-9,2,43,35,25,29568778,262,1,353,13499,
785.184,6316.88,51.462,7.4805,171.127,8.97126,94.8389,1,3,-97,-8,2,43,34,25,29568778,262,1,353,13499,
786.192,6326.69,51.462,7.48064,171.094,10.3007,93.8003,1,3,-97,-8,2,43,34,25,29568778,262,1,353,13499,
787.179,6337.73,51.462,7.4808,171.597,11.88,92.6573,1,5,-99,-9,2,41,32,25,29568778,262,1,353,13499,
788.185,6351.05,51.462,7.48099,171.693,12.9093,91.9866,1,5,-99,-9,2,41,32,25,29568778,262,1,353,13499,
789.186,6366.21,51.462,7.48121,171.536,13.5043,90.9379,1,-1,-100,-9,2,40,31,25,29568778,262,1,353,13499,
790.176,6379.86,51.462,7.48141,171.112,13.7569,90.5687,1,-1,-100,-9,2,40,31,25,29568778,262,1,353,13499,
791.183,6379.86,51.4663,7.46905,nan,13.1401,89.6428,1,1,-101,-10,2,39,30,25,29568778,262,1,353,13499,
792.204,6379.86,51.462,7.48179,170.303,12.976,89.6158,1,1,-101,-10,2,39,30,25,29568778,262,1,353,13499,
793.19,6392.64,51.462,7.48198,170.034,13.1382,90.0267,1,-1,-104,-12,2,36,30,25,29568778,262,1,353,13499,
794.19,6406.16,51.462,7.48217,169.843,13.2758,90.8051,1,-1,-104,-12,2,36,30,25,29568778,262,1,353,13499,
795.201,6420.14,51.462,7.48238,169.436,13.7334,91.2914,1,1,-105,-12,2,35,30,25,29568778,262,1,353,13499,
796.211,6433.7,51.462,7.48257,169.049,13.224,91.0306,1,1,-105,-12,2,35,30,25,29568778,262,1,353,13499,
797.199,6446.3,51.462,7.48275,168.83,12.4918,90.4754,1,1,-105,-13,2,35,31,25,29568778,262,1,353,13499,
798.174,6458.17,51.462,7.48293,168.827,11.8513,89.7186,1,1,-105,-13,2,35,31,25,29568778,262,1,353,13499,
799.207,6469.48,51.462,7.48309,169.018,11.454,89.6964,1,1,-105,-13,2,35,31,25,29568778,262,1,353,13499,
800.195,6480.6,51.462,7.48325,169.197,11.1018,89.7402,1,-2,-104,-13,2,36,32,25,29568778,262,1,353,13499,
801.174,6490.33,51.462,7.48339,169.474,10.8453,90.848,1,-2,-104,-13,2,36,32,25,29568778,262,1,353,13499,
802.184,6500.69,51.462,7.48354,169.78,10.9435,90.582,1,-2,-103,-13,2,37,33,25,29568778,262,1,353,13499,
803.206,6511.97,51.462,7.48368,169.977,11.7427,119.076,1,-2,-103,-13,2,37,33,25,29568778,262,1,353,13499,
804.19,6521.32,51.462,7.48382,170.362,9.49241,94.8775,1,1,-105,-13,2,35,31,25,29908742,262,1,433,13499,
805.192,6530.48,51.462,7.48395,170.368,8.94562,94.3189,1,1,-105,-13,2,35,31,25,29908742,262,1,433,13499,
806.185,6538.85,51.4619,7.48406,171.769,7.84831,117.509,1,6,-97,-9,2,43,36,25,28371206,262,1,129,13499,
807.212,6547.22,51.4619,7.48414,174.09,8.40527,139.42,1,6,-97,-9,2,43,36,25,28371206,262,1,129,13499,
808.206,6554.68,51.4618,7.48421,174.798,8.56983,157.271,1,7,-99,-10,2,41,41,25,28371200,262,1,68,13499,
809.197,6563.21,51.4618,7.48428,175.339,9.75803,159.523,1,7,-99,-10,2,41,41,25,28371200,262,1,68,13499,
810.184,6573.9,51.4617,7.48433,175.708,10.2794,159.774,1,10,-99,-10,2,41,41,25,28371200,262,1,68,13499,
811.184,6573.9,51.4631,7.48297,nan,9.8406,172.833,1,10,-99,-10,2,41,41,25,28371200,262,1,68,13499,
812.194,6573.9,51.4615,7.48438,176.071,11.3972,172.204,1,7,-97,-9,2,43,44,25,28371200,262,1,68,13499,
813.177,6586.42,51.4614,7.4844,176.63,13.1717,172.864,1,7,-97,-9,2,43,44,25,28371200,262,1,68,13499,
814.169,6600.13,51.4612,7.48442,177.869,13.3591,173.354,1,7,-96,-9,2,44,44,25,28371200,262,1,68,13499,
815.195,6614.37,51.4611,7.48445,179.494,13.9661,174.097,1,7,-96,-9,2,44,44,25,28371200,262,1,68,13499,
816.181,6630.29,51.461,7.48448,180.957,15.1638,175.405,1,11,-98,-10,2,42,44,25,28371200,262,1,68,13499,
817.194,6646.59,51.4608,7.48449,182.397,16.1328,175.947,1,11,-98,-10,2,42,44,25,28371200,262,1,68,13499,
818.271,6664.67,51.4607,7.48451,183.524,16.1561,177.658,1,2,-97,-10,2,43,45,25,28371200,262,1,68,13499,
819.198,6681.18,51.4605,7.48452,184.401,16.1177,180.073,1,2,-97,-10,2,43,45,25,28371200,262,1,68,13499,
820.179,6699.76,51.4604,7.48451,185.302,17.0758,181.935,1,2,-103,-11,5,37,40,10,28371200,262,1,68,13499,
821.181,6716.38,51.4602,7.48451,186.245,16.1563,183.558,1,2,-103,-11,5,37,40,10,28371200,262,1,68,13499,
822.174,6732.11,51.4601,7.48449,187.246,14.9142,184.986,1,1,-105,-12,5,35,38,10,28371200,262,1,68,13499,
823.193,6748.69,51.4599,7.48446,188.08,15.7619,186.327,1,1,-105,-12,5,35,38,10,28371200,262,1,68,13499,
824.193,6764.76,51.4598,7.48444,188.551,15.3738,186.871,1,-2,-110,-13,5,30,35,10,28371200,262,1,68,13499,
825.179,6780.09,51.4596,7.4844,188.943,15.2799,188.423,1,-2,-110,-13,5,30,35,10,28371200,262,1,68,13499,
826.19,6794.89,51.4595,7.48436,190.259,15.5638,189.125,1,-2,-110,-13,5,30,35,10,28371200,262,1,68,13499,
827.194,6809.57,51.4594,7.48431,191.395,15.0803,189.355,1,5,-106,-12,8,34,38,10,28371200,262,1,68,13499,
828.192,6824.91,51.4592,7.48427,192.57,15.0472,189.065,1,5,-106,-12,8,34,38,10,28371200,262,1,68,13499,
829.184,6840.18,51.4591,7.48423,193.681,14.3304,189.922,1,0,-107,-12,4,33,37,10,28371200,262,1,68,13499,
830.18,6856.09,51.459,7.48418,194.724,14.056,190.477,1,0,-107,-12,4,33,37,10,28371200,262,1,68,13499,
831.204,6856.09,51.4631,7.48297,nan,13.6335,191.458,1,2,-106,-13,4,34,38,10,28371200,262,1,68,13499,
832.176,6856.09,51.4587,7.48409,197.669,13.7291,191.431,1,2,-106,-13,4,34,38,10,28371200,262,1,68,13499,
833.176,6869.9,51.4586,7.48405,199.055,13.2543,192.263,1,1,-106,-12,5,34,38,10,28371200,262,1,68,13499,
834.207,6883.4,51.4585,7.484,200.111,13.6032,191.829,1,1,-106,-12,5,34,38,10,28371200,262,1,68,13499,
835.182,6897.05,51.4584,7.48396,201.264,13.5893,192.388,1,8,-103,-11,9,37,39,10,28371200,262,1,68,13499,
836.188,6911.5,51.4582,7.48392,201.74,13.6723,191.391,1,8,-103,-11,9,37,39,10,28371200,262,1,68,13499,
837.182,6925.12,51.4581,7.48387,202.053,13.7692,190.82,1,7,-101,-11,2,39,41,10,28371200,262,1,68,13499,
838.188,6938.78,51.458,7.48383,202.331,13.0942,191.262,1,7,-101,-11,2,39,41,10,28371200,262,1,68,13499,
839.188,6952.71,51.4579,7.48379,202.887,13.5657,191.558,1,7,-97,-10,2,43,45,10,28371200,262,1,68,13499,
840.203,6966.39,51.4578,7.48375,203.282,14.3785,191.107,1,7,-97,-10,2,43,45,10,28371200,262,1,68,13499,
841.189,6981.92,51.4576,7.48371,204.047,14.1349,190.775,1,13,-95,-10,2,45,47,10,28371200,262,1,68,13499,
842.204,6997.18,51.4575,7.48366,204.625,14.1662,190.705,1,13,-95,-10,2,45,47,10,28371200,262,1,68,13499,
843.183,7012.88,51.4573,7.48361,205.083,14.4621,189.6,1,11,-95,-10,2,45,47,10,28371200,262,1,68,13499,
844.191,7028.24,51.4572,7.48357,205.708,14.9414,189.246,1,11,-95,-10,2,45,47,10,28371200,262,1,68,13499,
845.166,7043.87,51.4571,7.48353,205.899,15.2948,189.16,1,13,-95,-11,2,45,47,10,28371200,262,1,68,13499,
846.194,7059.35,51.4569,7.48349,206.4,15.4654,189.918,1,13,-95,-11,2,45,47,10,28371200,262,1,68,13499,
847.19,7074.94,51.4568,7.48345,206.799,15.6633,190.105,1,13,-95,-11,2,45,47,10,28371200,262,1,68,13499,
848.173,7090.33,51.4567,7.48342,207.41,15.5779,189.333,1,10,-96,-11,2,44,46,10,28371200,262,1,68,13499,
849.192,7105.47,51.4565,7.48338,207.789,15.321,188.738,1,10,-96,-11,2,44,46,10,28371200,262,1,68,13499,
850.199,7121.38,51.4564,7.48335,208.265,15.5516,187.772,1,16,-96,-11,2,44,47,10,28371200,262,1,68,13499,
851.185,7121.38,51.4571,7.48431,nan,15.0594,187.401,1,16,-96,-11,2,44,47,10,28371200,262,1,68,13499,
852.179,7121.38,51.4561,7.4833,210.048,15.2048,186.604,1,12,-95,-11,2,45,47,10,28371200,262,1,68,13499,
853.176,7136.12,51.456,7.48328,210.692,15.5214,185.084,1,12,-95,-11,2,45,47,10,28371200,262,1,68,13499,
854.187,7152.15,51.4558,7.48328,211.283,15.637,183.424,1,9,-87,-8,2,53,48,10,28371202,262,1,67,13499,
855.201,7168.01,51.4557,7.48328,211.871,15.1885,182.146,1,9,-87,-8,2,53,48,10,28371202,262,1,67,13499,
856.186,7184.8,51.4555,7.48328,212.324,15.4609,180.312,1,4,-87,-8,2,53,48,10,28371202,262,1,67,13499,
857.193,7200.52,51.4554,7.4833,212.263,15.3622,178.319,1,4,-87,-8,2,53,48,10,28371202,262,1,67,13499,
858.168,7216.2,51.4553,7.48332,212.548,15.4618,176.201,1,11,-88,-8,2,52,48,10,28371202,262,1,67,13499,
859.192,7231.32,51.4551,7.48335,213.148,15.1414,174.391,1,11,-88,-8,2,52,48,10,28371202,262,1,67,13499,
860.197,7246.49,51.455,7.48339,213.751,15.5839,171.796,1,13,-92,-7,2,48,47,10,28371202,262,1,67,13499,
861.208,7261.1,51.4549,7.48343,214.462,15.5739,169.029,1,13,-92,-7,2,48,47,10,28371202,262,1,67,13499,
862.178,7276.2,51.4547,7.48349,214.827,14.1058,167.118,1,10,-89,-7,2,51,49,10,28371202,262,1,67,13499,
863.187,7290.59,51.4546,7.48356,215.071,14.0726,164.799,1,10,-89,-7,2,51,49,10,28371202,262,1,67,13499,
864.188,7306.58,51.4545,7.48364,215.716,15.8372,161.804,1,13,-88,-7,2,52,48,10,28371202,262,1,67,13499,
865.189,7323.37,51.4543,7.48374,216.225,16.2071,158.671,1,13,-88,-7,2,52,48,10,28371202,262,1,67,13499,
866.211,7341.78,51.4542,7.48386,216.456,16.1006,155.396,1,9,-92,-6,2,48,44,10,28371202,262,1,67,13499,
867.188,7361.51,51.454,7.48401,216.84,16.1752,152.267,1,9,-92,-6,2,48,44,10,28371202,262,1,67,13499,
868.19,7379.94,51.4539,7.48416,217.012,16.4228,148.798,1,5,-95,-6,2,45,43,10,28371202,262,1,67,13499,
869.179,7394.84,51.4538,7.4843,217.467,15.8472,145.53,1,5,-95,-6,2,45,43,10,28371202,262,1,67,13499,
870.184,7411.09,51.4537,7.48446,217.625,16.0597,142.054,1,5,-95,-6,2,45,43,10,28371202,262,1,67,13499,
871.198,7411.09,51.4535,7.48418,nan,14.196,139.079,1,16,-94,-7,2,46,45,10,28371202,262,1,67,13499,
872.176,7411.09,51.4535,7.48477,219.072,14.7685,136.432,1,16,-94,-7,2,46,45,10,28371202,262,1,67,13499,
873.193,7426.52,51.4534,7.48494,219.778,15.847,135.219,1,21,-92,-7,2,48,46,10,28371202,262,1,67,13499,
874.172,7441.71,51.4533,7.48511,220.612,14.5836,133.734,1,21,-92,-7,2,48,46,10,28371202,262,1,67,13499,
875.187,7456.41,51.4533,7.48527,221.036,14.3024,132.735,1,22,-89,-6,2,51,49,10,28371202,262,1,67,13499,
876.168,7472.28,51.4532,7.48545,221.372,14.2568,132.608,1,22,-89,-6,2,51,49,10,28371202,262,1,67,13499,
877.186,7487.27,51.4531,7.48562,221.95,14.5775,133.598,1,21,-86,-6,2,54,52,10,28371202,262,1,67,13499,
878.175,7502.58,51.453,7.48579,222.463,14.6025,132.62,1,21,-86,-6,2,54,52,10,28371202,262,1,67,13499,
879.197,7517.08,51.4529,7.48595,223.226,14.5538,133.12,1,15,-83,-6,2,57,54,10,28371202,262,1,67,13499,
880.188,7530.29,51.4528,7.48609,224.387,14.6429,134.287,1,15,-83,-6,2,57,54,10,28371202,262,1,67,13499,
881.178,7544.43,51.4528,7.48625,225.337,13.6739,135.182,1,23,-83,-5,2,57,55,10,28371202,262,1,67,13499,
882.18,7559.5,51.4527,7.4864,225.904,13.9372,136.547,1,23,-83,-5,2,57,55,10,28371202,262,1,67,13499,
883.191,7573.77,51.4526,7.48654,226.48,12.9759,138.244,1,17,-82,-5,2,58,55,10,28371202,262,1,67,13499,
884.191,7587.69,51.4525,7.48666,227.072,12.975,140.307,1,17,-82,-5,2,58,55,10,28371202,262,1,67,13499,
885.17,7601.37,51.4524,7.48678,227.899,12.545,142.194,1,21,-81,-6,2,59,56,10,28371202,262,1,67,13499,
886.193,7615.71,51.4523,7.4869,228.643,13.439,144.245,1,21,-81,-6,2,59,56,10,28371202,262,1,67,13499,
887.182,7629.68,51.4521,7.487,229.364,13.5251,146.084,1,21,-81,-6,2,59,56,10,28371202,262,1,67,13499,
888.189,7644.1,51.452,7.4871,230.246,13.3278,147.446,1,22,-83,-5,2,57,54,10,28371202,262,1,67,13499,
889.194,7658.69,51.4519,7.4872,230.993,13.5255,149.601,1,22,-83,-5,2,57,54,10,28371202,262,1,67,13499,
890.195,7672.91,51.4518,7.4873,231.6,13.4379,151.254,1,20,-87,-5,2,53,50,10,28371202,262,1,67,13499,
891.188,7672.91,51.4535,7.48418,nan,12.4677,153.875,1,20,-87,-5,2,53,50,10,28371202,262,1,67,13499,
892.169,7672.91,51.4516,7.48745,232.754,11.3347,155.619,1,19,-87,-6,2,53,51,10,28371202,262,1,67,13499,
893.188,7686.18,51.4515,7.48752,233.272,11.7333,157.548,1,19,-87,-6,2,53,51,10,28371202,262,1,67,13499,
894.244,7698.26,51.4514,7.48757,234.051,10.8728,158.846,1,14,-87,-6,2,53,51,10,28371202,262,1,67,13499,
895.177,7711.02,51.4513,7.48763,234.933,11.4139,159.658,1,14,-87,-6,2,53,51,10,28371202,262,1,67,13499,
896.203,7723.36,51.4512,7.48769,235.61,11.0698,160.847,1,13,-91,-7,2,49,48,10,28371202,262,1,67,13499,
897.206,7736.01,51.4511,7.48774,236.247,11.3937,160.839,1,13,-91,-7,2,49,48,10,28371202,262,1,67,13499,
898.187,7748.66,51.4509,7.4878,237.198,12.3085,159.929,1,10,-91,-7,2,49,48,10,28371202,262,1,67,13499,
899.347,7761.76,51.4508,7.48786,238.477,11.8125,160.927,1,10,-91,-7,2,49,48,10,28371202,262,1,67,13499,
900.165,7774.03,51.4507,7.48792,239.551,11.9574,160.376,1,14,-94,-7,9,46,45,6,28371202,262,1,67,13499,
901.208,7786.66,51.4506,7.48798,240.202,10.4694,159.819,1,14,-94,-7,9,46,45,6,28371202,262,1,67,13499,
902.174,7796.77,51.4505,7.48803,241.337,10.2932,160.041,1,11,-97,-8,13,43,42,6,28371202,262,1,67,13499,
903.215,7806.16,51.4505,7.48808,242.57,7.92432,159.653,1,11,-97,-8,13,43,42,6,28371202,262,1,67,13499,
904.2,7813.37,51.4504,7.48813,243.879,5.60414,158.212,1,17,-95,-8,8,45,44,6,28371202,262,1,67,13499,
905.205,7817.56,51.4504,7.48815,244.023,3.90004,155.783,1,17,-95,-8,8,45,44,6,28371202,262,1,67,13499,
906.168,7821.25,51.4503,7.48818,244.181,2.70982,154.826,1,11,-97,-9,11,43,42,6,28371202,262,1,67,13499,
907.181,7823.83,51.4503,7.48819,244.352,1.50951,156.207,1,11,-97,-9,11,43,42,6,28371202,262,1,67,13499,
908.175,7826.07,51.4503,7.48821,244.507,0.911839,156.207,1,11,-94,-7,8,46,45,6,28371202,262,1,67,13499,
909.194,7828.07,51.4503,7.48822,244.681,1.25378,156.887,1,11,-94,-7,8,46,45,6,28371202,262,1,67,13499,
910.168,7830.51,51.4503,7.48825,244.88,1.99849,126.224,1,13,-95,-7,12,45,43,6,28371202,262,1,67,13499,
911.202,7830.51,51.4509,7.48813,nan,3.28105,88.2458,1,13,-95,-7,12,45,43,6,28371202,262,1,67,13499,
912.196,7830.51,51.4503,7.48831,246.198,4.44415,69.8507,1,4,-101,-9,9,39,39,6,28371202,262,1,67,13499,
913.188,7835.36,51.4503,7.48838,247.236,5.01485,66.423,1,4,-101,-9,9,39,39,6,28371202,262,1,67,13499,
914.141,7841.02,51.4503,7.48845,247.969,5.11834,62.6281,1,4,-101,-9,9,39,39,6,28371202,262,1,67,13499,
915.184,7846.54,51.4504,7.48851,248.314,4.99391,59.8928,1,9,-102,-9,9,38,39,6,28371202,262,1,67,13499,
916.187,7851.43,51.4504,7.48857,248.251,4.60295,60.697,1,9,-102,-9,9,38,39,6,28371202,262,1,67,13499,
917.208,7856.43,51.4504,7.48863,248.035,4.5611,60.3503,1,8,-102,-9,12,38,38,6,28371202,262,1,67,13499,
918.186,7860.64,51.4504,7.48868,248.324,4.85022,57.3458,1,8,-102,-9,12,38,38,6,28371202,262,1,67,13499,
919.191,7865.65,51.4505,7.48873,248.143,4.5731,56.3464,1,6,-102,-9,2,38,39,6,28371202,262,1,67,13499,
920.156,7871.18,51.4505,7.4888,247.467,5.3264,54.1182,1,6,-102,-9,2,38,39,6,28371202,262,1,67,13499,
