0.254,0,51.4501,7.48822,246.358,7.49716,171.113,1,13,-96,-9,2,44,45,6,28371201,262,1,66,13499,
1.317,20.0178,51.4499,7.48829,246.807,10.5773,169.919,1,13,-96,-9,2,44,45,6,28371201,262,1,66,13499,
2.322,29.6389,51.4498,7.48832,247.164,10.195,170.004,1,4,-97,-10,5,43,44,7,28371201,262,1,66,13499,
3.296,40.528,51.4497,7.48835,247.262,10.7233,170.614,1,4,-97,-10,5,43,44,7,28371201,262,1,66,13499,
4.296,52.5011,51.4496,7.48838,247.541,11.625,171.551,1,11,-98,-10,7,42,43,7,28371201,262,1,66,13499,
5.269,52.5011,51.4496,7.48838,247.541,11.625,171.551,1,11,-98,-10,7,42,43,7,28371201,262,1,66,13499,
6.295,65.0633,51.4495,7.4884,247.702,12.6392,173.051,1,6,-100,-9,9,40,42,7,28371201,262,1,66,13499,
7.277,77.7418,51.4494,7.48841,247.797,13.6051,174.974,1,6,-100,-9,9,40,42,7,28371201,262,1,66,13499,
8.321,91.1098,51.4493,7.48842,247.991,12.933,176.828,1,3,-99,-8,11,41,41,7,28371201,262,1,66,13499,
9.264,104.531,51.4492,7.48843,248.621,12.3702,178.641,1,3,-99,-8,11,41,41,7,28371201,262,1,66,13499,
10.276,117.895,51.4491,7.48842,249.441,12.7377,180.539,1,-1,-101,-9,7,39,39,7,28371201,262,1,66,13499,
11.305,130.804,51.4489,7.48841,249.377,13.1922,183.532,1,-1,-101,-9,7,39,39,7,28371201,262,1,66,13499,
12.271,144.603,51.4488,7.48838,249.062,13.3936,186.519,1,-1,-101,-9,7,39,39,7,28371201,262,1,66,13499,
13.305,158.116,51.4487,7.48834,248.972,13.762,188.802,1,8,-102,-9,10,38,37,7,28371201,262,1,66,13499,
14.271,174.129,51.4486,7.48829,249.008,14.5785,191.199,1,8,-102,-9,10,38,37,7,28371201,262,1,66,13499,
15.279,189.266,51.4484,7.48823,248.793,15.1932,192.301,1,-1,-107,-11,5,33,34,7,28371201,262,1,66,13499,
16.285,203.934,51.4483,7.48818,248.874,14.6435,193.219,1,-1,-107,-11,5,33,34,7,28371201,262,1,66,13499,
17.294,219.257,51.4482,7.48812,249.169,14.941,193.683,1,-1,-107,-10,2,33,33,7,28371201,262,1,66,13499,
18.263,234.899,51.448,7.48805,249.544,15.0427,194.052,1,-1,-107,-10,2,33,33,7,28371201,262,1,66,13499,
19.283,250.406,51.4479,7.48799,249.982,14.9693,193.649,1,7,-107,-10,2,33,34,7,27771909,262,1,151,13499,
20.294,265.697,51.4478,7.48794,250.273,14.7556,192.553,1,7,-107,-10,2,33,34,7,27771909,262,1,151,13499,
21.282,281.471,51.4476,7.48791,250.779,14.5406,188.913,1,4,-106,-9,2,34,34,7,27771909,262,1,151,13499,
22.265,295.764,51.4475,7.48788,251.662,14.4424,186.362,1,4,-106,-9,2,34,34,7,27771909,262,1,151,13499,
23.277,309.845,51.4474,7.48787,252.422,14.2802,184.91,1,3,-105,-9,2,35,35,7,27771909,262,1,151,13499,
24.29,324.947,51.4472,7.48786,253.273,14.599,182.496,1,3,-105,-9,2,35,35,7,27771909,262,1,151,13499,
25.282,340.72,51.4471,7.48787,253.795,14.7987,179.881,1,11,-104,-10,2,36,36,7,27771909,262,1,151,13499,
26.295,355.551,51.447,7.4879,254.289,15.1751,176.399,1,11,-104,-10,2,36,36,7,27771909,262,1,151,13499,
27.284,371.385,51.4468,7.48799,254.27,15.4393,162.84,1,5,-104,-9,2,36,36,7,27771909,262,1,151,13499,
28.27,387.696,51.4467,7.48806,254.208,15.4805,162.019,1,5,-104,-9,2,36,36,7,27771909,262,1,151,13499,
29.285,403.457,51.4466,7.48814,254.216,15.6829,160.373,1,2,-104,-9,2,36,36,7,27771909,262,1,151,13499,
30.261,417.336,51.4464,7.48823,254.075,15.6926,158.358,1,2,-104,-9,2,36,36,7,27771909,262,1,151,13499,
31.274,432.994,51.4463,7.48833,254.196,16.0125,155.416,1,3,-106,-10,2,34,35,7,27771909,262,1,151,13499,
32.301,449.237,51.4462,7.48845,254.534,16.0372,152.376,1,3,-106,-10,2,34,35,7,27771909,262,1,151,13499,
33.286,466.511,51.4461,7.48858,254.847,16.1659,149.251,1,2,-105,-12,2,35,38,7,27771909,262,1,151,13499,
34.29,483.843,51.4459,7.48873,254.999,16.1808,146.011,1,2,-105,-12,2,35,38,7,27771909,262,1,151,13499,
35.286,500.937,51.4458,7.48888,255.344,16.13,143.198,1,7,-103,-10,2,37,39,7,28371201,262,1,66,13499,
36.289,517.486,51.4457,7.48905,255.861,15.5146,139.705,1,7,-103,-10,2,37,39,7,28371201,262,1,66,13499,
37.287,533.731,51.4456,7.48922,256.614,15.6098,136.321,1,6,-103,-10,2,37,38,7,28371201,262,1,66,13499,
38.269,550.782,51.4455,7.48941,257.502,15.9553,133.51,1,6,-103,-10,2,37,38,7,28371201,262,1,66,13499,
39.278,566.568,51.4454,7.4896,258.593,16.1375,131.492,1,6,-103,-10,2,37,38,7,28371201,262,1,66,13499,
40.314,583.584,51.4453,7.48979,259.792,16.2011,130.313,1,8,-104,-10,2,36,37,7,28371201,262,1,66,13499,
41.295,599.357,51.4452,7.48998,261.187,15.4932,129.278,1,8,-104,-10,2,36,37,7,28371201,262,1,66,13499,
42.288,612.849,51.4452,7.49015,262.643,15.2936,128.475,1,4,-104,-9,2,36,37,7,28371201,262,1,66,13499,
43.291,627.925,51.4451,7.49033,263.844,15.6422,127.576,1,4,-104,-9,2,36,37,7,28371201,262,1,66,13499,
44.274,643.725,51.445,7.49052,265.267,16.1808,127.921,1,8,-104,-9,2,36,36,7,28371201,262,1,66,13499,
45.278,660.901,51.4449,7.49073,266.879,16.6961,127.747,1,8,-104,-9,2,36,36,7,28371201,262,1,66,13499,
46.289,676.193,51.4449,7.49091,268.379,15.1238,128.294,1,4,-106,-9,2,34,34,7,28371201,262,1,66,13499,
47.27,689.687,51.4448,7.49108,269.392,12.8746,127.786,1,4,-106,-9,2,34,34,7,28371201,262,1,66,13499,
48.263,701.943,51.4447,7.49122,270.297,11.6982,126.984,1,-1,-107,-9,2,33,33,7,28371201,262,1,66,13499,
49.289,711.796,51.4447,7.49134,270.733,9.77258,127.646,1,-1,-107,-9,2,33,33,7,28371201,262,1,66,13499,
50.28,720.326,51.4447,7.49144,271.119,8.14544,128.146,1,-2,-109,-10,2,31,32,7,28371201,262,1,66,13499,
51.297,726.921,51.4446,7.49152,271.624,5.82647,128.332,1,-2,-109,-10,2,31,32,7,28371201,262,1,66,13499,
52.295,730.843,51.4446,7.49157,271.681,2.27136,126.887,1,4,-109,-9,2,31,32,7,27771907,262,1,150,13499,
53.28,730.843,51.4446,7.49157,271.688,0,126.887,1,4,-109,-9,2,31,32,7,27771907,262,1,150,13499,
54.295,730.843,51.4446,7.49157,271.694,0,126.887,1,2,-109,-9,2,31,32,7,27771907,262,1,150,13499,
55.304,730.843,51.4446,7.49157,271.703,0,126.887,1,2,-109,-9,2,31,32,7,27771907,262,1,150,13499,
56.29,730.843,51.4446,7.49157,271.713,0,126.887,1,4,-109,-10,2,31,33,7,27771907,262,1,150,13499,
57.284,730.843,51.4446,7.49157,271.728,0,126.887,1,4,-109,-10,2,31,33,7,27771907,262,1,150,13499,
58.27,730.843,51.4446,7.49157,271.745,0,126.887,1,5,-109,-10,2,31,33,7,27771907,262,1,150,13499,
59.275,730.843,51.4446,7.49157,271.765,0,126.887,1,5,-109,-10,2,31,33,7,27771907,262,1,150,13499,
60.267,730.843,51.4446,7.49157,271.785,0,126.887,1,7,-109,-9,2,31,32,7,27771907,262,1,150,13499,
61.282,730.843,51.4446,7.49157,271.805,0,126.887,1,7,-109,-9,2,31,32,7,27771907,262,1,150,13499,
62.283,730.843,51.4446,7.49157,271.833,0,126.887,1,5,-108,-8,2,32,32,7,27771907,262,1,150,13499,
63.272,730.843,51.4446,7.49157,271.862,0,126.887,1,5,-108,-8,2,32,32,7,27771907,262,1,150,13499,
64.296,730.843,51.4446,7.49157,271.896,0,126.887,1,5,-108,-8,2,32,32,7,27771907,262,1,150,13499,
65.3,730.843,51.4446,7.49157,271.925,0,126.887,1,7,-107,-8,2,33,32,7,27771907,262,1,150,13499,
66.293,730.843,51.4446,7.49157,271.959,0,126.887,1,7,-107,-8,2,33,32,7,27771907,262,1,150,13499,
67.299,730.843,51.4446,7.49157,271.995,0,126.887,1,7,-108,-8,2,32,32,7,27771907,262,1,150,13499,
68.287,730.843,51.4446,7.49157,272.032,0,126.887,1,7,-108,-8,2,32,32,7,27771907,262,1,150,13499,
69.296,730.843,51.4446,7.49157,272.07,0,126.887,1,2,-108,-9,2,32,32,7,27771907,262,1,150,13499,
70.284,730.843,51.4446,7.49157,272.113,0,126.887,1,2,-108,-9,2,32,32,7,27771907,262,1,150,13499,
71.264,730.843,51.4446,7.49157,272.533,0,126.887,1,5,-108,-8,2,32,32,7,27771907,262,1,150,13499,
72.268,730.843,51.4446,7.49157,272.91,0,123.037,1,5,-108,-8,2,32,32,7,27771907,262,1,150,13499,
73.309,740.7,51.4446,7.49169,275.888,0,139.923,1,11,-102,-7,11,38,35,7,27771907,262,1,150,13499,
74.267,748.614,51.4445,7.49175,277.64,5.37565,155.215,1,11,-102,-7,11,38,35,7,27771907,262,1,150,13499,
75.274,754.943,51.4444,7.49174,278.488,6.70464,183.361,1,16,-93,-7,9,47,45,7,27771907,262,1,150,13499,
76.279,762.658,51.4444,7.49169,278.882,7.74874,207.77,1,16,-93,-7,9,47,45,7,27771907,262,1,150,13499,
77.297,771.519,51.4443,7.49162,279.088,9.46372,210.422,1,19,-94,-6,14,46,44,7,27771907,262,1,150,13499,
78.285,780.815,51.4442,7.49153,278.968,10.5476,212.342,1,19,-94,-6,14,46,44,7,27771907,262,1,150,13499,
79.27,790.183,51.4442,7.49145,278.05,11.4975,213.466,1,17,-91,-6,11,49,47,7,27771907,262,1,150,13499,
80.28,801.862,51.4441,7.49136,277.523,12.3828,214.115,1,17,-91,-6,11,49,47,7,27771907,262,1,150,13499,
81.43,815.302,51.444,7.49125,277.076,13.3989,214.516,1,25,-87,-6,14,53,50,7,27771907,262,1,150,13499,
82.275,829.331,51.4439,7.49114,276.95,14.1404,215.498,1,25,-87,-6,14,53,50,7,27771907,262,1,150,13499,
83.27,844.002,51.4438,7.49102,276.707,14.9566,215.643,1,25,-87,-6,14,53,50,7,27771907,262,1,150,13499,
84.289,859.222,51.4437,7.49089,276.632,15.3439,215.485,1,26,-76,-5,15,64,63,7,27771907,262,1,150,13499,
85.283,874.792,51.4435,7.49076,276.607,15.629,215.902,1,26,-76,-5,15,64,63,7,27771907,262,1,150,13499,
86.282,890.615,51.4434,7.49063,276.607,15.7857,216.269,1,31,-73,-5,15,67,63,7,27771907,262,1,150,13499,
87.283,906.648,51.4433,7.49049,276.515,16.0065,216.269,1,31,-73,-5,15,67,63,7,27771907,262,1,150,13499,
88.283,922.657,51.4432,7.49035,276.149,16.0404,216.513,1,24,-88,-6,12,52,49,7,27771907,262,1,150,13499,
89.317,938.744,51.4431,7.49021,275.807,16.1695,216.664,1,24,-88,-6,12,52,49,7,27771907,262,1,150,13499,
90.283,955.712,51.443,7.49006,275.482,16.2517,216.445,1,9,-90,-7,13,50,48,7,27771907,262,1,150,13499,
91.304,972.073,51.4428,7.48992,275.212,16.5153,216.885,1,9,-90,-7,13,50,48,7,27771907,262,1,150,13499,
92.285,988.354,51.4427,7.48978,275.54,16.6954,217.509,1,28,-78,-4,15,62,59,7,27771907,262,1,150,13499,
93.278,1006.53,51.4426,7.48962,276.096,17.1001,217.928,1,28,-78,-4,15,62,59,7,27771907,262,1,150,13499,
94.282,1021.76,51.4425,7.48949,276.642,17.1824,217.588,1,32,-68,-5,15,72,63,7,27771907,262,1,150,13499,
95.289,1038.61,51.4424,7.48935,277.41,16.9989,216.719,1,32,-68,-5,15,72,63,7,27771907,262,1,150,13499,
96.304,1055.61,51.4422,7.4892,278.064,17.0799,217.656,1,30,-70,-5,15,70,63,7,27771907,262,1,150,13499,
97.274,1073.7,51.4421,7.48904,278.459,17.1449,218.274,1,30,-70,-5,15,70,63,7,27771907,262,1,150,13499,
98.293,1091.96,51.442,7.48888,278.768,17.3004,219.294,1,28,-75,-5,15,65,62,7,27771907,262,1,150,13499,
99.288,1108.73,51.4419,7.48872,278.82,16.8752,219.961,1,28,-75,-5,15,65,62,7,27771907,262,1,150,13499,
100.29,1127.18,51.4417,7.48854,278.732,17.1249,222.434,1,32,-64,-4,2,76,63,7,27771907,262,1,150,13499,
101.265,1144.04,51.4416,7.48836,278.873,17.2967,224.765,1,32,-64,-4,2,76,63,7,27771907,262,1,150,13499,
102.264,1160.61,51.4415,7.48819,278.28,17.266,227.115,1,29,-64,-5,2,76,63,7,27771907,262,1,150,13499,
103.286,1178.42,51.4414,7.48799,277.918,17.2159,229.273,1,29,-64,-5,2,76,63,7,27771907,262,1,150,13499,
104.283,1195.05,51.4414,7.4878,277.726,17.0689,230.591,1,31,-67,-5,2,73,63,7,27771907,262,1,150,13499,
105.282,1213.31,51.4413,7.48759,277.587,17.1249,231.479,1,31,-67,-5,2,73,63,7,27771907,262,1,150,13499,
106.29,1230.21,51.4412,7.48739,277.39,17.2084,232.063,1,27,-71,-5,2,69,63,7,27771907,262,1,150,13499,
107.274,1246.84,51.4411,7.48719,277.171,17.2087,232.545,1,27,-71,-5,2,69,63,7,27771907,262,1,150,13499,
108.277,1263.17,51.441,7.487,276.776,17.1825,232.895,1,25,-78,-6,2,62,59,7,27771907,262,1,150,13499,
109.293,1280.57,51.4409,7.48679,276.39,17.0193,233.695,1,25,-78,-6,2,62,59,7,27771907,262,1,150,13499,
110.289,1298.04,51.4408,7.48658,275.908,17.2724,234.317,1,25,-78,-6,2,62,59,7,27771907,262,1,150,13499,
111.292,1315.11,51.4407,7.48638,275.342,17.4865,233.371,1,18,-85,-10,13,55,56,1,27771907,262,1,150,13499,
112.333,1333.02,51.4406,7.48616,274.86,16.3967,233.86,1,18,-85,-10,13,55,56,1,27771907,262,1,150,13499,
113.279,1350.56,51.4406,7.48596,274.555,16.5936,233.994,1,19,-81,-6,15,59,57,1,27771908,262,1,152,13499,
114.288,1367.02,51.4405,7.48576,274.451,17.184,233.099,1,19,-81,-6,15,59,57,1,27771908,262,1,152,13499,
115.274,1383.1,51.4404,7.48557,274.163,17.2036,232.963,1,27,-76,-5,14,64,61,1,27771908,262,1,152,13499,
116.287,1401.13,51.4403,7.48536,273.876,17.2716,233.561,1,27,-76,-5,14,64,61,1,27771908,262,1,152,13499,
117.293,1417.47,51.4402,7.48517,274.302,17.5043,233.222,1,22,-74,-6,14,66,63,1,27771908,262,1,152,13499,
118.312,1435.18,51.4401,7.48497,274.532,17.6325,233.929,1,22,-74,-6,14,66,63,1,27771908,262,1,152,13499,
119.286,1453.7,51.44,7.48475,274.911,17.5307,233.637,1,30,-72,-5,15,68,63,1,27771908,262,1,152,13499,
120.274,1471.44,51.4399,7.48455,275.447,17.0346,234.407,1,30,-72,-5,15,68,63,1,27771908,262,1,152,13499,
121.272,1489.89,51.4398,7.48433,275.929,17.7966,233.906,1,31,-70,-6,15,70,63,1,27771908,262,1,152,13499,
122.272,1507.76,51.4397,7.48412,276.297,17.8352,234.696,1,31,-70,-6,15,70,63,1,27771908,262,1,152,13499,
123.292,1523.25,51.4396,7.48394,276.785,17.7867,235.107,1,29,-69,-5,15,71,63,1,27771908,262,1,152,13499,
124.283,1541.14,51.4395,7.48373,277.296,17.6089,235.643,1,29,-69,-5,15,71,63,1,27771908,262,1,152,13499,
125.293,1557.12,51.4395,7.48354,277.523,17.389,236.789,1,31,-70,-5,15,70,63,1,27771908,262,1,152,13499,
126.358,1574.77,51.4394,7.48333,277.482,17.4941,238.77,1,31,-70,-5,15,70,63,1,27771908,262,1,152,13499,
127.303,1593.79,51.4393,7.48309,277.599,17.9777,239.193,1,26,-79,-6,15,61,57,4,27771908,262,1,152,13499,
128.268,1610.84,51.4392,7.48288,278.214,18.009,240.079,1,26,-79,-6,15,61,57,4,27771908,262,1,152,13499,
129.275,1628.54,51.4391,7.48266,278.841,17.7773,239.796,1,24,-81,-5,15,59,54,4,27771908,262,1,152,13499,
130.28,1647.97,51.439,7.48242,279.22,17.5027,240.512,1,24,-81,-5,15,59,54,4,27771908,262,1,152,13499,
131.308,1664.44,51.439,7.48221,279.93,17.7885,241.286,1,22,-86,-5,15,54,49,4,27771908,262,1,152,13499,
132.287,1680.61,51.4389,7.48201,280.113,17.4724,242.219,1,22,-86,-5,15,54,49,4,27771908,262,1,152,13499,
133.282,1697.86,51.4388,7.48179,280.796,17.8944,241.747,1,18,-94,-6,12,46,44,4,27771908,262,1,152,13499,
134.289,1718.42,51.4387,7.48153,281.768,17.762,241.221,1,18,-94,-6,12,46,44,4,27771908,262,1,152,13499,
135.302,1737.2,51.4387,7.48129,281.984,17.8204,241.718,1,21,-93,-6,11,47,44,4,27771908,262,1,152,13499,
136.272,1754,51.4386,7.48108,282.643,18.0482,241.349,1,21,-93,-6,11,47,44,4,27771908,262,1,152,13499,
137.279,1771.57,51.4385,7.48085,283.487,18.2105,241.718,1,21,-93,-6,11,47,44,4,27771908,262,1,152,13499,
138.314,1789.96,51.4384,7.48062,283.979,18.2978,241.133,1,14,-97,-6,10,43,39,4,27771908,262,1,152,13499,
139.301,1808.69,51.4383,7.48038,284.441,18.2203,241.674,1,14,-97,-6,10,43,39,4,27771908,262,1,152,13499,
140.308,1827.06,51.4383,7.48015,284.81,18.205,241.484,1,12,-98,-5,10,42,38,4,27771908,262,1,152,13499,
141.271,1845.13,51.4382,7.47992,284.628,18.0154,241.198,1,12,-98,-5,10,42,38,4,27771908,262,1,152,13499,
142.279,1863.5,51.4381,7.47969,284.566,18.3986,241.245,1,24,-103,-6,8,37,34,4,27771908,262,1,152,13499,
143.31,1880.98,51.438,7.47947,284.126,17.632,242.07,1,24,-103,-6,8,37,34,4,27771908,262,1,152,13499,
144.271,1898.66,51.438,7.47924,283.959,17.8154,241.736,1,11,-104,-6,8,36,35,4,27771908,262,1,152,13499,
145.291,1916.94,51.4379,7.47901,284.048,17.6708,241.858,1,11,-104,-6,8,36,35,4,27771908,262,1,152,13499,
146.277,1934.23,51.4378,7.47879,283.962,16.2993,242.256,1,5,-104,-7,2,36,35,4,27771908,262,1,152,13499,
147.287,1952.64,51.4377,7.47856,283.426,16.3613,241.406,1,5,-104,-7,2,36,35,4,27771908,262,1,152,13499,
148.296,1970.25,51.4376,7.47833,283.564,16.7735,241.805,1,8,-105,-8,11,35,34,9,27771908,262,1,152,13499,
149.29,1987.53,51.4376,7.47812,283.469,17.3696,240.972,1,8,-105,-8,11,35,34,9,27771908,262,1,152,13499,
150.303,2005.48,51.4375,7.47789,284.054,17.6189,241.442,1,6,-108,-8,9,32,31,9,27771908,262,1,152,13499,
151.291,2021.06,51.4374,7.47769,284.317,17.1097,242.272,1,6,-108,-8,9,32,31,9,27771908,262,1,152,13499,
152.29,2038.59,51.4374,7.47747,284.942,16.1159,242.693,1,5,-109,-9,6,31,32,9,27771908,262,1,152,13499,
153.301,2053.22,51.4373,7.47728,285.336,14.8364,243.467,1,5,-109,-9,6,31,32,9,27771908,262,1,152,13499,
154.277,2067.59,51.4372,7.47709,286.017,13.9397,245.918,1,7,-108,-7,11,32,31,9,27771908,262,1,152,13499,
155.293,2083.6,51.4372,7.47687,285.855,13.6545,247.839,1,7,-108,-7,11,32,31,9,27771908,262,1,152,13499,
156.307,2095.41,51.4372,7.47671,285.649,11.5991,250.21,1,7,-108,-7,11,32,31,9,27771908,262,1,152,13499,
157.302,2109.39,51.4371,7.47651,285.298,11.3229,266.473,1,16,-103,-6,11,37,35,9,27771908,262,1,152,13499,
158.286,2120.51,51.4372,7.47635,284.899,9.70995,282.903,1,16,-103,-6,11,37,35,9,27771908,262,1,152,13499,
159.305,2129.93,51.4372,7.47624,284.182,8.51632,304.389,1,16,-100,-6,11,40,37,9,27771908,262,1,152,13499,
160.3,2138.76,51.4373,7.47616,283.273,7.89712,323.14,1,16,-100,-6,11,40,37,9,27771908,262,1,152,13499,
161.29,2148.1,51.4374,7.47612,282.6,8.30888,350.646,1,20,-95,-5,14,45,43,9,27771908,262,1,152,13499,
162.287,2157.11,51.4374,7.47613,282.204,8.53444,3.83941,1,20,-95,-5,14,45,43,9,27771908,262,1,152,13499,
163.312,2167.91,51.4375,7.47622,282.154,9.65108,34.8066,1,32,-78,-5,15,62,59,9,27771908,262,1,152,13499,
164.278,2179.89,51.4376,7.47635,282.148,10.8654,50.691,1,32,-78,-5,15,62,59,9,27771908,262,1,152,13499,
165.289,2193.41,51.4377,7.4765,282.559,12.435,50.638,1,28,-82,-5,2,58,55,9,27771908,262,1,152,13499,
166.346,2207.67,51.4377,7.47666,283.494,13.7051,51.3893,1,28,-82,-5,2,58,55,9,27771908,262,1,152,13499,
167.289,2221.92,51.4378,7.47682,284.523,14.6647,52.479,1,28,-83,-5,14,57,54,10,27771908,262,1,152,13499,
168.283,2236.88,51.4379,7.47699,285.424,15.4144,52.9631,1,28,-83,-5,14,57,54,10,27771908,262,1,152,13499,
169.294,2253.19,51.438,7.47718,286.161,17.1149,53.967,1,28,-83,-4,15,57,54,10,27771908,262,1,152,13499,
170.285,2272.17,51.4381,7.4774,286.854,17.7841,54.7599,1,28,-83,-4,15,57,54,10,27771908,262,1,152,13499,
171.287,2289.63,51.4382,7.47761,287.63,18.5871,55.5206,1,31,-77,-5,15,63,61,10,27771908,262,1,152,13499,
172.289,2308.95,51.4383,7.47784,288.054,18.468,55.9898,1,31,-77,-5,15,63,61,10,27771908,262,1,152,13499,
173.269,2327.83,51.4384,7.47807,288.302,17.9813,56.071,1,32,-79,-6,15,61,58,10,27771908,262,1,152,13499,
174.29,2347.15,51.4385,7.4783,288.442,19.8273,56.6241,1,32,-79,-6,15,61,58,10,27771908,262,1,152,13499,
175.296,2367.86,51.4386,7.47855,288.718,20.2487,57.0853,1,28,-85,-5,15,55,53,10,27771908,262,1,152,13499,
176.289,2388.26,51.4387,7.47879,288.746,20.9943,56.5694,1,28,-85,-5,15,55,53,10,27771908,262,1,152,13499,
177.282,2409.49,51.4388,7.47905,288.474,21.6565,56.743,1,28,-85,-5,15,55,53,10,27771908,262,1,152,13499,
178.295,2431.47,51.4389,7.47932,288.106,22.4447,56.3657,1,29,-85,-5,15,55,52,10,27771908,262,1,152,13499,
179.302,2453.98,51.439,7.47959,287.62,22.6611,55.9892,1,29,-85,-5,15,55,52,10,27771908,262,1,152,13499,
180.288,2476.27,51.4391,7.47985,287.106,22.4278,54.9388,1,24,-87,-5,15,53,50,10,27771908,262,1,152,13499,
181.284,2498.65,51.4392,7.48011,286.713,22.0768,54.9787,1,24,-87,-5,15,53,50,10,27771908,262,1,152,13499,
182.286,2521.71,51.4394,7.48038,286.33,22.2043,54.1326,1,25,-89,-5,15,51,49,10,27771908,262,1,152,13499,
183.278,2543.85,51.4395,7.48065,286.122,22.2369,54.0134,1,25,-89,-5,15,51,49,10,27771908,262,1,152,13499,
184.283,2565.64,51.4396,7.4809,285.829,22.1061,53.4511,1,27,-87,-5,13,53,50,10,27771908,262,1,152,13499,
185.291,2587.64,51.4397,7.48116,285.601,22.3006,52.4987,1,27,-87,-5,13,53,50,10,27771908,262,1,152,13499,
186.288,2609.49,51.4398,7.4814,285.368,22.2196,51.6993,1,25,-88,-6,2,52,49,10,27771908,262,1,152,13499,
187.286,2631.91,51.44,7.48165,285.129,22.363,50.6589,1,25,-88,-6,2,52,49,10,27771908,262,1,152,13499,
188.272,2654.81,51.4401,7.48188,284.98,22.8262,45.7999,1,27,-86,-5,2,54,51,10,27771908,262,1,152,13499,
189.277,2678.16,51.4403,7.48212,284.948,23.1146,44.9852,1,27,-86,-5,2,54,51,10,27771908,262,1,152,13499,
190.277,2701.71,51.4404,7.48236,285.114,23.2406,43.8578,1,24,-86,-6,2,54,51,10,27771908,262,1,152,13499,
191.299,2724.76,51.4406,7.48257,284.888,23.4154,42.082,1,24,-86,-6,2,54,51,10,27771908,262,1,152,13499,
192.283,2748.62,51.4407,7.4828,284.667,23.5847,40.4077,1,25,-85,-6,2,55,52,10,27771908,262,1,152,13499,
193.289,2772.77,51.4409,7.48302,284.365,23.79,39.3945,1,25,-85,-6,2,55,52,10,27771908,262,1,152,13499,
194.302,2796.67,51.4411,7.48324,283.964,23.7446,38.9763,1,21,-86,-6,2,54,52,10,27771908,262,1,152,13499,
195.26,2820.96,51.4412,7.48346,283.481,23.6866,37.0712,1,21,-86,-6,2,54,52,10,27771908,262,1,152,13499,
196.283,2844.77,51.4414,7.48367,282.994,23.5932,36.3903,1,19,-86,-6,2,54,52,10,27771908,262,1,152,13499,
197.287,2868.75,51.4416,7.48386,282.429,24.0339,33.1775,1,19,-86,-6,2,54,52,10,27771908,262,1,152,13499,
198.274,2892.12,51.4418,7.48404,281.941,24.0329,31.3024,1,11,-86,-6,2,54,51,10,27771908,262,1,152,13499,
199.301,2916.57,51.4419,7.48422,281.558,24.0746,31.2019,1,11,-86,-6,2,54,51,10,27771908,262,1,152,13499,
200.272,2940.81,51.4421,7.4844,281.219,24.1492,28.9043,1,16,-88,-7,2,52,50,10,27771908,262,1,152,13499,
201.312,2964.48,51.4423,7.48456,280.816,24.0553,26.7041,1,16,-88,-7,2,52,50,10,27771908,262,1,152,13499,
202.292,2987.57,51.4425,7.48471,280.291,24.0834,26.0799,1,16,-88,-7,2,52,50,10,27771908,262,1,152,13499,
203.316,3011.15,51.4427,7.48486,279.455,24.2666,25.3956,1,25,-83,-7,2,57,54,10,27771909,262,1,151,13499,
204.301,3034.95,51.4429,7.485,278.686,24.2317,24.4948,1,25,-83,-7,2,57,54,10,27771909,262,1,151,13499,
205.271,3058.69,51.4431,7.48514,277.92,24.1769,24.1177,1,20,-76,-6,15,64,63,1,27771909,262,1,151,13499,
206.264,3082.09,51.4433,7.48528,277.131,23.931,23.7813,1,20,-76,-6,15,64,63,1,27771909,262,1,151,13499,
207.279,3104.84,51.4435,7.48541,276.361,23.0062,23.2772,1,34,-81,-6,14,59,55,1,27771909,262,1,151,13499,
208.286,3126.84,51.4437,7.48552,275.555,22.0141,22.4844,1,34,-81,-6,14,59,55,1,27771909,262,1,151,13499,
209.29,3148.1,51.4438,7.48563,274.814,21.0287,21.2688,1,31,-68,-4,15,72,63,1,27771909,262,1,151,13499,
210.291,3168.25,51.444,7.48574,274.209,19.6621,21.2398,1,31,-68,-4,15,72,63,1,27771909,262,1,151,13499,
211.265,3186.67,51.4442,7.48583,273.426,18.198,21.8321,1,32,-64,-5,15,76,63,1,27771909,262,1,151,13499,
212.269,3204.8,51.4443,7.48593,272.075,15.9726,22.7366,1,32,-64,-5,15,76,63,1,27771909,262,1,151,13499,
213.275,3219.66,51.4444,7.48603,270.51,15.4683,25.1529,1,30,-68,-5,15,72,63,1,27771909,262,1,151,13499,
214.288,3233.33,51.4445,7.48614,269.178,14.5758,37.8804,1,30,-68,-5,15,72,63,1,27771909,262,1,151,13499,
215.27,3249.74,51.4446,7.48629,267.973,12.8739,41.0711,1,24,-75,-5,15,65,60,1,27771909,262,1,151,13499,
216.295,3261.98,51.4447,7.48644,266.79,11.9517,58.6003,1,24,-75,-5,15,65,60,1,27771909,262,1,151,13499,
217.283,3272.93,51.4447,7.48659,265.199,11.8741,74.0087,1,24,-81,-5,13,59,55,1,27771909,262,1,151,13499,
218.283,3285.12,51.4447,7.48677,264.007,12.2629,90.1878,1,24,-81,-5,13,59,55,1,27771909,262,1,151,13499,
219.28,3299.35,51.4447,7.48697,263.31,12.7113,104.432,1,23,-80,-5,2,60,53,1,27771909,262,1,151,13499,
220.299,3311.82,51.4447,7.48713,262.817,12.6291,118.183,1,23,-80,-5,2,60,53,1,27771909,262,1,151,13499,
221.285,3324.9,51.4446,7.48728,262.68,12.6801,131.573,1,30,-81,-6,2,59,55,1,27771909,262,1,151,13499,
222.279,3337.37,51.4445,7.48739,262.522,13.2955,146.852,1,30,-81,-6,2,59,55,1,27771909,262,1,151,13499,
223.271,3350.41,51.4444,7.48748,262.491,13.4153,150.167,1,22,-65,-5,15,75,63,4,27771909,262,1,151,13499,
224.305,3363.73,51.4443,7.48751,262.303,13.6064,174.897,1,22,-65,-5,15,75,63,4,27771909,262,1,151,13499,
225.301,3377.48,51.4441,7.4875,262.695,13.4806,188.215,1,22,-65,-5,15,75,63,4,27771909,262,1,151,13499,
226.301,3391.32,51.444,7.48743,263.472,13.5681,203.035,1,29,-72,-5,15,68,63,4,27771909,262,1,151,13499,
227.303,3404.14,51.4439,7.48732,263.974,13.5706,217.747,1,29,-72,-5,15,68,63,4,27771909,262,1,151,13499,
228.274,3416.13,51.4439,7.4872,264.326,13.4751,234.432,1,27,-75,-5,15,65,62,4,27771909,262,1,151,13499,
229.292,3428.67,51.4438,7.48703,264.419,13.7752,248.893,1,27,-75,-5,15,65,62,4,27771909,262,1,151,13499,
230.27,3442.32,51.4438,7.48684,264.421,14.0568,262.06,1,23,-83,-6,14,57,54,4,27771909,262,1,151,13499,
231.291,3458.04,51.4438,7.48662,264.284,14.578,263.787,1,23,-83,-6,14,57,54,4,27771909,262,1,151,13499,
232.273,3474.4,51.4437,7.48638,264.136,15.2717,265.536,1,21,-81,-5,14,59,56,4,27771909,262,1,151,13499,
233.293,3491.55,51.4437,7.48614,264.321,16.3604,267.004,1,21,-81,-5,14,59,56,4,27771909,262,1,151,13499,
234.283,3507.94,51.4437,7.4859,264.573,17.3148,267.818,1,25,-80,-5,14,60,56,4,27771909,262,1,151,13499,
235.355,3525.47,51.4437,7.48565,265.077,18.1884,268.772,1,25,-80,-5,14,60,56,4,27771909,262,1,151,13499,
236.27,3540.68,51.4437,7.48543,264.967,18.1159,267.569,1,19,-79,-5,15,61,55,4,27771909,262,1,151,13499,
237.297,3561.44,51.4437,7.48513,265.809,19.4732,266.616,1,19,-79,-5,15,61,55,4,27771909,262,1,151,13499,
238.275,3580.99,51.4437,7.48485,265.388,20.2657,266.966,1,16,-80,-5,15,60,56,4,27771909,262,1,151,13499,
239.294,3602.7,51.4437,7.48453,265.031,21.3607,267.528,1,16,-80,-5,15,60,56,4,27771909,262,1,151,13499,
240.283,3625.08,51.4437,7.48421,264.512,22.0716,269.05,1,32,-68,-6,15,72,63,4,27771909,262,1,151,13499,
241.282,3646.73,51.4437,7.4839,264.104,22.9242,269.349,1,32,-68,-6,15,72,63,4,27771909,262,1,151,13499,
242.284,3669.95,51.4437,7.48356,263.726,23.6697,268.418,1,31,-70,-5,15,70,63,4,27771909,262,1,151,13499,
243.283,3694.58,51.4437,7.48321,263.11,24.2015,268.053,1,31,-70,-5,15,70,63,4,27771909,262,1,151,13499,
244.299,3718.71,51.4437,7.48286,262.86,24.7365,267.942,1,27,-79,-5,15,61,58,4,27771909,262,1,151,13499,
245.283,3743.7,51.4437,7.4825,262.838,25.7625,267.263,1,27,-79,-5,15,61,58,4,27771909,262,1,151,13499,
246.283,3770.14,51.4437,7.48212,262.803,26.3189,266.497,1,27,-79,-5,15,61,58,4,27771909,262,1,151,13499,
247.286,3797.04,51.4437,7.48173,262.814,27.1587,266.195,1,27,-82,-5,15,58,53,4,27771909,262,1,151,13499,
248.288,3824.54,51.4436,7.48133,262.646,27.5895,266.475,1,27,-82,-5,15,58,53,4,27771909,262,1,151,13499,
249.287,3852.98,51.4436,7.48092,262.37,28.5107,265.718,1,21,-89,-5,13,51,47,4,27771909,262,1,151,13499,
250.29,3881.61,51.4436,7.48051,262.442,29.1767,265.225,1,21,-89,-5,13,51,47,4,27771909,262,1,151,13499,
251.284,3911.06,51.4436,7.48009,262.568,29.6633,263.594,1,21,-89,-5,10,51,46,4,27771909,262,1,151,13499,
252.302,3940.57,51.4435,7.47966,262.649,30.0184,262.919,1,21,-89,-5,10,51,46,4,27771909,262,1,151,13499,
253.282,3970.2,51.4435,7.47924,262.635,29.925,262.538,1,21,-90,-6,11,50,47,4,27771909,262,1,151,13499,
254.269,4000,51.4435,7.47881,262.19,29.8148,262.759,1,21,-90,-6,11,50,47,4,27771909,262,1,151,13499,
255.286,4029.19,51.4434,7.4784,261.332,29.5534,262.986,1,23,-87,-6,10,53,51,4,27771909,262,1,151,13499,
256.296,4057.98,51.4434,7.47798,260.262,29.543,262.612,1,23,-87,-6,10,53,51,4,27771909,262,1,151,13499,
257.273,4087.02,51.4434,7.47757,259.257,29.5853,262.264,1,16,-90,-6,12,50,47,4,27771909,262,1,151,13499,
258.294,4116.03,51.4433,7.47715,258.505,29.715,262.469,1,16,-90,-6,12,50,47,4,27771909,262,1,151,13499,
259.278,4145.26,51.4433,7.47673,257.792,29.8822,261.784,1,18,-87,-6,12,53,48,4,27771909,262,1,151,13499,
260.282,4175.48,51.4433,7.4763,256.946,30.0116,261.009,1,18,-87,-6,12,53,48,4,27771909,262,1,151,13499,
261.295,4206.01,51.4432,7.47587,256.005,30.1276,261.017,1,15,-86,-6,13,54,48,4,27771909,262,1,151,13499,
262.273,4235.91,51.4432,7.47544,255.199,30.0797,260.738,1,15,-86,-6,13,54,48,4,27771909,262,1,151,13499,
263.275,4265.24,51.4431,7.47502,254.6,30.1678,259.757,1,13,-97,-7,13,43,40,4,27771909,262,1,151,13499,
264.264,4295.16,51.4431,7.4746,254.083,30.1413,259.492,1,13,-97,-7,13,43,40,4,27771909,262,1,151,13499,
265.28,4325.37,51.443,7.47417,253.695,30.2527,259.107,1,1,-104,-9,2,36,34,4,27771909,262,1,151,13499,
266.274,4355.44,51.443,7.47374,253.165,30.3636,259.118,1,1,-104,-9,2,36,34,4,27771909,262,1,151,13499,
267.283,4386.2,51.4429,7.47331,252.729,30.4737,259.179,1,1,-107,-11,2,33,34,4,27771909,262,1,151,13499,
268.29,4416.87,51.4429,7.47287,252.127,30.4742,259.463,1,1,-107,-11,2,33,34,4,27771909,262,1,151,13499,
269.276,4447.54,51.4428,7.47244,251.385,30.5062,259.738,1,-4,-109,-12,2,31,34,4,31281409,262,1,232,13499,
270.289,4478.01,51.4428,7.47201,250.549,30.6677,259.418,1,-4,-109,-12,2,31,34,4,31281409,262,1,232,13499,
271.293,4509.2,51.4427,7.47157,249.532,30.668,259.5,1,-4,-109,-12,2,31,34,4,31281409,262,1,232,13499,
272.286,4539.99,51.4427,7.47113,248.453,31.0176,258.804,1,-3,-111,-12,2,29,31,4,31281409,262,1,232,13499,
273.295,4570.63,51.4426,7.4707,247.546,31.1454,258.466,1,-3,-111,-12,2,29,31,4,31281409,262,1,232,13499,
274.298,4601.48,51.4425,7.47026,246.612,31.0506,257.95,1,0,-113,-12,2,27,29,4,31281409,262,1,232,13499,
275.274,4632,51.4425,7.46983,245.677,31.0198,258.225,1,0,-113,-12,2,27,29,4,31281409,262,1,232,13499,
276.296,4662.54,51.4424,7.4694,244.783,31.0105,258.189,1,-1,-112,-11,2,28,30,4,31281409,262,1,232,13499,
277.303,4693.68,51.4424,7.46896,243.829,31.2191,258.307,1,-1,-112,-11,2,28,30,4,31281409,262,1,232,13499,
278.277,4725.77,51.4423,7.4685,242.751,31.3865,258.551,1,5,-111,-11,2,29,31,4,31281409,262,1,232,13499,
279.296,4757.19,51.4423,7.46806,241.45,31.5604,258.769,1,5,-111,-11,2,29,31,4,31281409,262,1,232,13499,
280.278,4788.29,51.4422,7.46762,240.043,31.1166,259.504,1,7,-106,-8,10,34,33,28,31281409,262,1,232,13499,
281.297,4819.29,51.4422,7.46718,238.635,30.8715,259.415,1,7,-106,-8,10,34,33,28,31281409,262,1,232,13499,
282.307,4849.94,51.4421,7.46674,237.443,30.7232,259.83,1,5,-103,-8,7,37,37,28,31281409,262,1,232,13499,
283.284,4880.53,51.4421,7.46631,236.434,30.813,260.035,1,5,-103,-8,7,37,37,28,31281409,262,1,232,13499,
284.244,4911.18,51.442,7.46587,235.613,30.7786,260.279,1,11,-100,-7,8,40,39,28,31281409,262,1,232,13499,
285.296,4941.55,51.442,7.46544,235.071,30.4286,260.809,1,11,-100,-7,8,40,39,28,31281409,262,1,232,13499,
286.275,4972.05,51.4419,7.465,234.684,30.2065,261.653,1,7,-99,-6,11,41,39,28,31281409,262,1,232,13499,
287.292,5002.85,51.4419,7.46456,234.512,29.8403,261.927,1,7,-99,-6,11,41,39,28,31281409,262,1,232,13499,
288.304,5032.13,51.4418,7.46415,234.336,29.7219,262.399,1,8,-101,-7,8,39,37,28,31281409,262,1,232,13499,
289.309,5062.02,51.4418,7.46372,234.38,29.5463,262.7,1,8,-101,-7,8,39,37,28,31281409,262,1,232,13499,
290.288,5092.61,51.4418,7.46328,234.552,29.2224,263.273,1,8,-103,-6,7,37,35,28,31281409,262,1,232,13499,
291.294,5121.57,51.4417,7.46287,234.729,28.9246,263.627,1,8,-103,-6,7,37,35,28,31281409,262,1,232,13499,
292.275,5149.91,51.4417,7.46246,234.87,28.9842,264.308,1,7,-102,-6,8,38,36,28,31281409,262,1,232,13499,
293.295,5178.34,51.4417,7.46205,234.918,29.1216,265.468,1,7,-102,-6,8,38,36,28,31281409,262,1,232,13499,
294.28,5207.91,51.4417,7.46162,234.766,28.6757,265.267,1,7,-102,-6,8,38,36,28,31281409,262,1,232,13499,
295.279,5236.74,51.4416,7.46121,234.566,28.1889,266.025,1,7,-100,-7,7,40,38,28,31281409,262,1,232,13499,
296.284,5264.94,51.4416,7.4608,234.446,27.8024,266.378,1,7,-100,-7,7,40,38,28,31281409,262,1,232,13499,
297.281,5292.51,51.4416,7.46041,234.469,27.7327,266.54,1,6,-104,-9,7,36,36,28,31281409,262,1,232,13499,
298.296,5319.8,51.4416,7.46001,234.206,27.6431,266.872,1,6,-104,-9,7,36,36,28,31281409,262,1,232,13499,
299.307,5346.78,51.4416,7.45962,233.921,27.4427,267.638,1,2,-107,-9,7,33,34,28,31281409,262,1,232,13499,
300.277,5373.45,51.4416,7.45924,233.717,26.8398,268.159,1,2,-107,-9,7,33,34,28,31281409,262,1,232,13499,
301.274,5399.6,51.4416,7.45886,233.31,26.4368,268.37,1,3,-103,-8,8,37,37,28,31281409,262,1,232,13499,
302.285,5425.55,51.4416,7.45849,233.066,26.1662,268.316,1,3,-103,-8,8,37,37,28,31281409,262,1,232,13499,
303.288,5451.72,51.4416,7.45811,233.042,25.9519,269.214,1,1,-103,-9,7,37,37,28,31281409,262,1,232,13499,
304.286,5477.23,51.4416,7.45774,233.15,25.822,269.835,1,1,-103,-9,7,37,37,28,31281409,262,1,232,13499,
305.275,5502.76,51.4416,7.45737,233.207,25.7589,269.869,1,0,-105,-8,2,35,37,28,31281409,262,1,232,13499,
306.273,5528.77,51.4416,7.457,233.243,25.69,270.013,1,0,-105,-8,2,35,37,28,31281409,262,1,232,13499,
307.268,5554.27,51.4416,7.45663,233.4,26.1664,270.146,1,7,-98,-5,2,42,39,28,27771908,262,1,152,13499,
308.268,5580.35,51.4416,7.45625,233.409,26.5378,269.748,1,7,-98,-5,2,42,39,28,27771908,262,1,152,13499,
309.283,5607.24,51.4416,7.45586,233.411,26.9953,269.471,1,17,-96,-5,2,44,41,28,27771908,262,1,152,13499,
310.311,5633.74,51.4416,7.45548,233.453,27.5205,268.593,1,17,-96,-5,2,44,41,28,27771908,262,1,152,13499,
311.283,5661.74,51.4416,7.45508,233.123,28.0243,270.093,1,9,-91,-6,11,49,46,27,27771908,262,1,152,13499,
312.265,5690.32,51.4416,7.45466,232.928,28.7758,271.984,1,9,-91,-6,11,49,46,27,27771908,262,1,152,13499,
313.266,5720,51.4416,7.45424,232.852,29.4663,272.589,1,7,-90,-6,6,50,47,15,33527552,262,1,433,13499,
314.381,5749.21,51.4416,7.45381,232.781,29.8117,274.23,1,7,-90,-6,6,50,47,15,33527552,262,1,433,13499,
315.276,5778.5,51.4416,7.45339,232.744,29.5231,275.111,1,15,-89,-6,12,51,49,15,33527552,262,1,433,13499,
316.297,5807.78,51.4416,7.45297,232.93,29.4593,275.283,1,15,-89,-6,12,51,49,15,33527552,262,1,433,13499,
317.288,5837,51.4417,7.45255,232.972,29.2822,275.236,1,15,-89,-6,12,51,49,15,33527552,262,1,433,13499,
318.282,5866.13,51.4417,7.45213,233.009,29.2704,275.595,1,21,-82,-5,11,58,56,15,33527552,262,1,433,13499,
319.295,5894.89,51.4417,7.45172,232.823,29.1884,275.943,1,21,-82,-5,11,58,56,15,33527552,262,1,433,13499,
320.281,5924.04,51.4417,7.4513,232.486,29.5746,277.034,1,27,-78,-6,15,62,59,15,33527552,262,1,433,13499,
321.296,5953.25,51.4418,7.45088,231.956,29.7711,277.423,1,27,-78,-6,15,62,59,15,33527552,262,1,433,13499,
322.292,5983.44,51.4418,7.45045,231.637,30.0994,278.025,1,26,-81,-5,11,59,57,15,33527552,262,1,433,13499,
323.29,6013.68,51.4419,7.45002,231.303,30.4564,278.152,1,26,-81,-5,11,59,57,15,33527552,262,1,433,13499,
324.29,6043.56,51.4419,7.44959,230.615,30.7232,278.353,1,28,-81,-5,15,59,56,15,33527552,262,1,433,13499,
325.297,6074.81,51.4419,7.44915,230.339,30.7208,278.307,1,28,-81,-5,15,59,56,15,33527552,262,1,433,13499,
326.284,6104.47,51.442,7.44872,230.176,30.5992,278.963,1,29,-81,-5,15,59,56,15,33527552,262,1,433,13499,
327.295,6134.33,51.442,7.4483,229.612,30.5464,279.412,1,29,-81,-5,15,59,56,15,33527552,262,1,433,13499,
328.277,6164.59,51.4421,7.44787,229.08,30.3852,279.861,1,28,-82,-5,15,58,54,15,33527552,262,1,433,13499,
329.281,6194.96,51.4421,7.44744,228.513,30.2222,281.093,1,28,-82,-5,15,58,54,15,33527552,262,1,433,13499,
330.293,6224.99,51.4422,7.44701,227.865,30.0413,281.359,1,31,-76,-4,15,64,61,15,33527552,262,1,433,13499,
331.276,6255.22,51.4422,7.44658,227.216,29.6506,281.656,1,31,-76,-4,15,64,61,15,33527552,262,1,433,13499,
332.296,6285.31,51.4423,7.44616,226.655,29.517,282.368,1,30,-70,-3,2,70,63,15,33527552,262,1,433,13499,
333.3,6314.83,51.4423,7.44574,225.801,29.7186,282.75,1,30,-70,-3,2,70,63,15,33527552,262,1,433,13499,
334.307,6344.83,51.4424,7.44532,225.04,29.5854,282.964,1,28,-73,-5,2,67,63,15,33527552,262,1,433,13499,
335.272,6374.49,51.4425,7.4449,224.337,29.5149,282.995,1,28,-73,-5,2,67,63,15,33527552,262,1,433,13499,
336.303,6404.03,51.4425,7.44449,223.699,29.698,283.751,1,31,-70,-4,2,70,63,15,33527552,262,1,433,13499,
337.291,6433.59,51.4426,7.44407,223.108,30.2934,283.756,1,31,-70,-4,2,70,63,15,33527552,262,1,433,13499,
338.292,6463.91,51.4427,7.44365,222.316,30.7313,284.644,1,32,-70,-5,2,70,63,15,33527552,262,1,433,13499,
339.31,6495.17,51.4427,7.44321,221.859,30.6983,285.285,1,32,-70,-5,2,70,63,15,33527552,262,1,433,13499,
340.307,6526.32,51.4428,7.44278,221.561,30.2811,285.337,1,30,-70,-5,2,70,63,15,33527552,262,1,433,13499,
341.272,6556.67,51.4429,7.44236,221.38,30.02,286.317,1,30,-70,-5,2,70,63,15,33527552,262,1,433,13499,
342.28,6586.59,51.443,7.44194,221.269,30.038,286.239,1,30,-69,-6,2,71,63,15,33527552,262,1,433,13499,
343.311,6616.18,51.443,7.44153,221.301,29.2555,287.403,1,30,-69,-6,2,71,63,15,33527552,262,1,433,13499,
344.275,6644.02,51.4431,7.44115,220.756,28.7552,288.52,1,27,-68,-6,2,72,63,15,33527552,262,1,433,13499,
345.281,6673.01,51.4432,7.44075,219.84,28.9328,287.097,1,27,-68,-6,2,72,63,15,33527552,262,1,433,13499,
346.293,6702.01,51.4433,7.44036,218.968,28.4774,288.294,1,20,-72,-5,2,68,63,15,33527552,262,1,433,13499,
347.285,6731.16,51.4434,7.43996,218.56,28.282,288.557,1,20,-72,-5,2,68,63,15,33527552,262,1,433,13499,
348.287,6759.11,51.4434,7.43957,218.706,28.1,288.163,1,20,-72,-5,2,68,63,15,33527552,262,1,433,13499,
349.286,6787.21,51.4435,7.43919,219.187,28.1296,289.229,1,28,-75,-5,2,65,61,15,33527552,262,1,433,13499,
350.29,6816.02,51.4436,7.43879,219.359,28.4008,290.061,1,28,-75,-5,2,65,61,15,33527552,262,1,433,13499,
351.286,6843.77,51.4437,7.43841,219.766,28.7327,290.446,1,15,-77,-6,12,63,56,2,33527552,262,1,433,13499,
352.288,6872.37,51.4438,7.43803,219.581,28.9822,290.482,1,15,-77,-6,12,63,56,2,33527552,262,1,433,13499,
353.287,6901.54,51.4438,7.43763,219.658,28.8906,290.672,1,18,-80,-7,11,60,59,2,33527552,262,1,433,13499,
354.291,6929.49,51.4439,7.43725,219.217,28.6657,291.31,1,18,-80,-7,11,60,59,2,33527552,262,1,433,13499,
355.297,6958.09,51.444,7.43687,218.579,28.1524,291.695,1,18,-84,-6,15,56,54,2,33527554,262,1,434,13499,
356.308,6985.68,51.4441,7.4365,218.148,27.3224,291.883,1,18,-84,-6,15,56,54,2,33527554,262,1,434,13499,
357.274,7012.1,51.4442,7.43615,217.371,26.2094,292.385,1,22,-82,-6,14,58,56,2,33527554,262,1,434,13499,
358.305,7036.94,51.4443,7.43581,216.577,26.0926,292.676,1,22,-82,-6,14,58,56,2,33527554,262,1,434,13499,
359.275,7062.86,51.4444,7.43547,216.595,25.951,293.556,1,20,-88,-7,9,52,49,2,33527554,262,1,434,13499,
360.31,7089.55,51.4445,7.43512,216.465,25.7221,293.607,1,20,-88,-7,9,52,49,2,33527554,262,1,434,13499,
361.298,7115.98,51.4446,7.43478,216.159,25.5371,293.521,1,34,-74,-5,15,66,61,2,33527554,262,1,434,13499,
362.289,7141.21,51.4447,7.43445,215.693,25.0706,295.1,1,34,-74,-5,15,66,61,2,33527554,262,1,434,13499,
363.3,7165.37,51.4448,7.43413,214.656,25.0235,296.13,1,29,-85,-6,12,55,52,2,33527554,262,1,434,13499,
364.36,7188.74,51.4449,7.43384,212.966,24.8002,298.298,1,29,-85,-6,12,55,52,2,33527554,262,1,434,13499,
365.262,7213.37,51.445,7.43353,210.816,24.5723,299.267,1,32,-84,-5,12,56,52,2,33527554,262,1,434,13499,
366.301,7236.69,51.4451,7.43323,209.079,23.4987,298.774,1,32,-84,-5,12,56,52,2,33527554,262,1,434,13499,
367.293,7259.85,51.4452,7.43295,207.288,22.6347,300.269,1,32,-84,-5,12,56,52,2,33527554,262,1,434,13499,
368.293,7280.78,51.4453,7.43269,204.901,21.3183,301.4,1,23,-83,-6,13,57,49,2,33527554,262,1,434,13499,
369.289,7301.61,51.4454,7.43244,202.444,20.4099,303.255,1,23,-83,-6,13,57,49,2,33527554,262,1,434,13499,
370.282,7321.15,51.4455,7.43221,199.861,19.7698,305.101,1,30,-80,-6,14,60,58,2,33527554,262,1,434,13499,
371.282,7341.79,51.4456,7.43197,197.379,19.7629,305.228,1,30,-80,-6,14,60,58,2,33527554,262,1,434,13499,
372.292,7361.56,51.4457,7.43173,195.059,19.8336,306.435,1,34,-83,-6,14,57,55,2,33527554,262,1,434,13499,
373.302,7381.59,51.4458,7.43149,193.889,20.1863,304.486,1,34,-83,-6,14,57,55,2,33527554,262,1,434,13499,
374.301,7402.71,51.4459,7.43124,193.803,21.1527,303.824,1,13,-83,-5,15,57,52,2,33527554,262,1,434,13499,
375.274,7423.82,51.446,7.43098,193.934,21.2164,304.569,1,13,-83,-5,15,57,52,2,33527554,262,1,434,13499,
376.3,7444.8,51.4461,7.43073,194.332,21.122,307.117,1,36,-80,-5,15,60,55,2,33527554,262,1,434,13499,
377.275,7465.79,51.4463,7.43049,194.545,21.248,307.747,1,36,-80,-5,15,60,55,2,33527554,262,1,434,13499,
378.287,7486.83,51.4464,7.43025,194.086,21.4601,310.309,1,38,-75,-4,15,65,59,2,33527554,262,1,434,13499,
379.299,7508.31,51.4465,7.43001,193.552,21.5808,310.786,1,38,-75,-4,15,65,59,2,33527554,262,1,434,13499,
380.275,7530.59,51.4466,7.42977,192.841,21.5486,310.237,1,40,-78,-5,15,62,58,2,33527554,262,1,434,13499,
381.309,7552.14,51.4468,7.42953,192.112,21.8733,310.813,1,40,-78,-5,15,62,58,2,33527554,262,1,434,13499,
382.285,7573.75,51.4469,7.42931,191.174,22.3297,312.224,1,34,-81,-5,12,59,54,2,33527554,262,1,434,13499,
383.283,7595.61,51.447,7.42908,190.06,22.4632,313.491,1,34,-81,-5,12,59,54,2,33527554,262,1,434,13499,
384.282,7617.95,51.4472,7.42884,188.957,22.2833,314.448,1,25,-89,-6,14,51,49,2,33527554,262,1,434,13499,
385.286,7640.58,51.4473,7.42861,188.159,22.4162,315.116,1,25,-89,-6,14,51,49,2,33527554,262,1,434,13499,
386.295,7663.69,51.4475,7.42838,187.422,22.7988,315.879,1,5,-91,-7,2,49,48,2,33527554,262,1,434,13499,
387.287,7686.96,51.4476,7.42815,186.664,23.3644,316.741,1,5,-91,-7,2,49,48,2,33527554,262,1,434,13499,
388.269,7710,51.4478,7.42794,185.514,23.7689,317.683,1,6,-91,-7,2,49,48,2,33527554,262,1,434,13499,
389.283,7732.35,51.4479,7.42773,184.064,23.7409,319.701,1,6,-91,-7,2,49,48,2,33527554,262,1,434,13499,
390.271,7756.91,51.4481,7.42751,182.536,23.6399,320.266,1,9,-91,-7,2,49,48,2,33527554,262,1,434,13499,
391.297,7780.77,51.4483,7.4273,181.259,23.5753,321.071,1,9,-91,-7,2,49,48,2,33527554,262,1,434,13499,
392.297,7804.63,51.4484,7.42709,180.036,23.7217,321.805,1,9,-91,-7,2,49,48,2,33527554,262,1,434,13499,
393.281,7828.44,51.4486,7.42689,178.915,23.9999,322.927,1,13,-92,-7,2,48,48,2,33527554,262,1,434,13499,
394.283,7852.53,51.4488,7.42669,177.659,24.4352,324.284,1,13,-92,-7,2,48,48,2,33527554,262,1,434,13499,
395.285,7876.78,51.449,7.4265,176.459,24.2991,324.877,1,10,-92,-7,2,48,46,2,33527554,262,1,434,13499,
396.276,7901.65,51.4492,7.42631,175.351,24.233,325.361,1,10,-92,-7,2,48,46,2,33527554,262,1,434,13499,
397.269,7926.07,51.4493,7.42612,174.295,23.8666,326.051,1,15,-95,-7,2,45,43,2,33527554,262,1,434,13499,
398.279,7949.26,51.4495,7.42595,173.301,23.5068,328.607,1,15,-95,-7,2,45,43,2,33527554,262,1,434,13499,
399.26,7972.23,51.4497,7.42578,172.504,23.4808,328.704,1,11,-96,-7,2,44,42,2,33527554,262,1,434,13499,
400.283,7995.37,51.4499,7.42562,171.707,23.7126,330.647,1,11,-96,-7,2,44,42,2,33527554,262,1,434,13499,
401.275,8018.79,51.4501,7.42545,171.166,23.5028,331.345,1,9,-95,-7,2,45,43,2,33527554,262,1,434,13499,
402.27,8041.54,51.4502,7.42529,170.646,23.2262,331.783,1,9,-95,-7,2,45,43,2,33527554,262,1,434,13499,
403.283,8063.47,51.4504,7.42514,170.041,22.8168,332.134,1,7,-95,-7,2,45,43,2,33527554,262,1,434,13499,
404.295,8087.98,51.4506,7.42499,169.488,23.4063,335.198,1,7,-95,-7,2,45,43,2,33527554,262,1,434,13499,
405.281,8111.77,51.4508,7.42484,168.949,23.6292,335.909,1,1,-97,-8,2,43,42,2,33527554,262,1,434,13499,
406.296,8135.58,51.451,7.4247,168.494,23.8278,336.26,1,1,-97,-8,2,43,42,2,33527554,262,1,434,13499,
407.277,8158.68,51.4512,7.42458,167.97,23.7833,336.838,1,-4,-100,-11,2,40,42,2,33527554,262,1,434,13499,
408.309,8181.51,51.4514,7.42445,167.232,23.5607,337.474,1,-4,-100,-11,2,40,42,2,33527554,262,1,434,13499,
409.283,8204.96,51.4516,7.42433,166.112,23.5544,339.062,1,-5,-98,-10,3,42,42,37,29568770,262,1,414,13499,
410.283,8227.81,51.4518,7.42422,165.102,23.5103,339.678,1,-5,-98,-10,3,42,42,37,29568770,262,1,414,13499,
411.278,8251.22,51.452,7.4241,164.047,23.2453,340.116,1,-9,-105,-13,7,35,39,37,29568770,262,1,414,13499,
412.278,8274.54,51.4522,7.42399,163.012,23.1794,340.729,1,-9,-105,-13,7,35,39,37,29568770,262,1,414,13499,
413.293,8298.62,51.4524,7.42388,162.236,23.6502,342.024,1,0,-101,-11,8,39,41,37,29568770,262,1,414,13499,
414.288,8322.48,51.4526,7.42378,161.28,23.8979,342.379,1,0,-101,-11,8,39,41,37,29568770,262,1,414,13499,
415.271,8346.81,51.4528,7.42367,160.357,23.726,342.556,1,0,-101,-11,8,39,41,37,29568770,262,1,414,13499,
416.293,8370.17,51.453,7.42358,159.518,23.5322,343.239,1,0,-102,-13,6,38,43,37,29568770,262,1,414,13499,
417.268,8393.27,51.4532,7.42348,158.736,23.5159,343.11,1,0,-102,-13,6,38,43,37,29568770,262,1,414,13499,
418.286,8416.29,51.4534,7.42339,157.853,23.1497,343.766,1,1,-97,-10,8,43,45,47,27771140,262,1,289,13499,
419.289,8439.73,51.4536,7.42331,157.168,23.185,343.667,1,1,-97,-10,8,43,45,47,27771140,262,1,289,13499,
420.285,8462.69,51.4538,7.42322,156.457,23.7356,344.032,1,1,-98,-12,6,42,45,17,27770883,262,1,289,13499,
421.3,8487.39,51.454,7.42313,155.982,24.5201,343.312,1,1,-98,-12,6,42,45,17,27770883,262,1,289,13499,
422.291,8512.12,51.4542,7.42303,155.556,25.1188,342.832,1,2,-95,-8,9,45,45,17,27770883,262,1,125,13499,
423.276,8538.12,51.4544,7.42291,155.357,25.7134,341.151,1,2,-95,-8,9,45,45,17,27770883,262,1,125,13499,
424.287,8563.85,51.4547,7.42279,155.156,26.3429,340.76,1,3,-98,-10,8,42,43,17,27770883,262,1,125,13499,
425.287,8589.81,51.4549,7.42267,154.925,27.0826,341.589,1,3,-98,-10,8,42,43,17,27770883,262,1,125,13499,
426.297,8616.63,51.4551,7.42255,154.341,27.7892,341.877,1,0,-88,-7,6,52,51,26,29563905,262,1,348,13499,
427.299,8644.78,51.4554,7.42243,154.722,28.2869,342.259,1,0,-88,-7,6,52,51,26,29563905,262,1,348,13499,
428.29,8673.77,51.4556,7.42231,155.054,28.9348,341.929,1,2,-88,-7,6,52,48,26,28368642,262,1,26,13499,
429.268,8703.3,51.4559,7.42218,155.291,29.5219,341.488,1,2,-88,-7,6,52,48,26,28368642,262,1,26,13499,
430.29,8733.49,51.4561,7.42204,155.034,30.1378,340.546,1,1,-89,-9,6,51,48,26,28368642,262,1,26,13499,
431.274,8763.57,51.4564,7.4219,154.881,30.3803,339.921,1,1,-89,-9,6,51,48,26,28368642,262,1,26,13499,
432.269,8794.06,51.4566,7.42175,154.229,30.595,339.152,1,-4,-83,-5,6,57,53,13,27770883,262,1,125,13499,
433.29,8824.76,51.4569,7.42159,153.412,30.7055,338.314,1,-4,-83,-5,6,57,53,13,27770883,262,1,125,13499,
434.292,8854.31,51.4571,7.42142,152.343,29.9023,336.733,1,13,-90,-7,10,50,49,13,27770883,262,1,125,13499,
435.297,8884.3,51.4574,7.42125,151.229,29.5905,336.282,1,13,-90,-7,10,50,49,13,27770883,262,1,125,13499,
436.303,8913.61,51.4576,7.42108,149.992,29.2977,335.625,1,3,-88,-6,11,52,50,13,27770883,262,1,125,13499,
437.282,8943.29,51.4579,7.4209,148.802,29.1973,335.045,1,3,-88,-6,11,52,50,13,27770883,262,1,125,13499,
438.277,8972.09,51.4581,7.42073,147.827,29.0044,333.79,1,12,-79,-5,11,61,59,13,27770883,262,1,125,13499,
439.387,9000.59,51.4583,7.42054,147.029,29.0443,332.911,1,12,-79,-5,11,61,59,13,27770883,262,1,125,13499,
440.276,9029.87,51.4586,7.42035,146.468,29.1856,332.427,1,11,-85,-6,9,55,52,13,27770883,262,1,125,13499,
441.293,9059.56,51.4588,7.42015,146.12,29.3767,331.413,1,11,-85,-6,9,55,52,13,27770883,262,1,125,13499,
442.288,9089.21,51.459,7.41994,145.839,29.5891,330.414,1,11,-85,-6,9,55,52,13,27770883,262,1,125,13499,
443.289,9118.67,51.4593,7.41973,145.695,30.0074,330.081,1,31,-78,-5,11,62,59,13,27770883,262,1,125,13499,
444.29,9148.54,51.4595,7.4195,145.472,30.2756,328.948,1,31,-78,-5,11,62,59,13,27770883,262,1,125,13499,
445.275,9178.42,51.4597,7.41928,145.203,30.4765,328.177,1,27,-78,-6,11,62,59,13,27770883,262,1,125,13499,
446.299,9209.14,51.46,7.41904,144.199,30.7307,327.514,1,27,-78,-6,11,62,59,13,27770883,262,1,125,13499,
447.301,9241.46,51.4602,7.41879,143.902,30.7507,326.221,1,27,-81,-6,9,59,55,13,27770883,262,1,125,13499,
448.282,9272.55,51.4604,7.41854,143.815,31.0815,325.352,1,27,-81,-6,9,59,55,13,27770883,262,1,125,13499,
449.259,9303.07,51.4607,7.41828,143.929,31.0133,324.883,1,15,-74,-5,9,66,61,13,27770883,262,1,125,13499,
450.291,9333.51,51.4609,7.41802,143.866,30.6893,323.673,1,15,-74,-5,9,66,61,13,27770883,262,1,125,13499,
451.304,9363.57,51.4611,7.41775,143.992,30.4686,322.396,1,13,-76,-5,8,64,60,13,27770883,262,1,125,13499,
452.284,9394.16,51.4613,7.41748,144.13,30.6732,321.566,1,13,-76,-5,8,64,60,13,27770883,262,1,125,13499,
453.304,9424.55,51.4615,7.41721,144.078,30.7775,320.786,1,32,-78,-5,11,62,59,13,27770883,262,1,125,13499,
454.322,9455.3,51.4617,7.41693,144.802,30.8397,319.996,1,32,-78,-5,11,62,59,13,27770883,262,1,125,13499,
455.274,9486.23,51.462,7.41664,145.454,31.0552,319.279,1,34,-76,-6,11,64,61,13,27770883,262,1,125,13499,
456.316,9516.39,51.4622,7.41636,146.271,31.0929,318.75,1,34,-76,-6,11,64,61,13,27770883,262,1,125,13499,
457.307,9547.91,51.4624,7.41605,146.907,31.3508,317.087,1,38,-75,-6,13,65,62,13,27770883,262,1,125,13499,
458.281,9579.04,51.4626,7.41574,147.271,31.4084,316.483,1,38,-75,-6,13,65,62,13,27770883,262,1,125,13499,
459.306,9610.43,51.4628,7.41542,147.785,31.4909,315.169,1,37,-77,-5,14,63,59,13,27770883,262,1,125,13499,
460.273,9642,51.463,7.41509,148.147,31.3477,314.275,1,37,-77,-5,14,63,59,13,27770883,262,1,125,13499,
461.281,9672.87,51.4632,7.41477,148.633,31.1092,313.694,1,36,-71,-5,15,69,63,13,27770883,262,1,125,13499,
462.289,9703.36,51.4633,7.41445,148.659,30.7463,313.128,1,36,-71,-5,15,69,63,13,27770883,262,1,125,13499,
463.274,9733.88,51.4635,7.41412,148.96,30.1122,312.231,1,11,-87,-7,12,53,49,13,27770883,262,1,125,13499,
464.295,9763.85,51.4637,7.4138,149.365,29.6953,311.672,1,11,-87,-7,12,53,49,13,27770883,262,1,125,13499,
465.281,9793.47,51.4639,7.41348,149.604,29.5665,311.416,1,11,-87,-7,12,53,49,13,27770883,262,1,125,13499,
466.296,9822.9,51.4641,7.41315,149.475,29.5359,310.109,1,11,-87,-7,2,53,49,13,27770883,262,1,125,13499,
467.269,9852.56,51.4642,7.41282,149.436,29.5401,310.173,1,11,-87,-7,2,53,49,13,27770883,262,1,125,13499,
468.276,9882.34,51.4644,7.41249,149.664,29.2048,309.613,1,22,-75,-6,2,65,60,13,27770883,262,1,125,13499,
469.283,9911.32,51.4646,7.41216,149.683,28.8837,309.217,1,22,-75,-6,2,65,60,13,27770883,262,1,125,13499,
470.282,9940.39,51.4647,7.41183,149.613,28.6387,309.016,1,8,-90,-8,8,50,48,3,27770883,262,1,125,13499,
471.298,9968.82,51.4649,7.41151,149.603,28.4043,308.91,1,8,-90,-8,8,50,48,3,27770883,262,1,125,13499,
472.289,9997.52,51.465,7.41119,149.571,28.407,308.28,1,4,-92,-7,6,48,44,3,27770885,262,1,124,13499,
473.284,10025.2,51.4652,7.41087,149.579,28.4172,308.392,1,4,-92,-7,6,48,44,3,27770885,262,1,124,13499,
474.274,10053.3,51.4654,7.41055,149.443,28.3986,309.318,1,11,-91,-6,13,49,45,3,27770885,262,1,124,13499,
475.278,10081.4,51.4655,7.41024,149.295,27.7971,310.215,1,11,-91,-6,13,49,45,3,27770885,262,1,124,13499,
476.294,10108.4,51.4657,7.40994,149.208,27.2495,309.903,1,16,-85,-6,13,55,50,3,27770885,262,1,124,13499,
477.303,10135.6,51.4658,7.40964,149.065,26.9256,309.275,1,16,-85,-6,13,55,50,3,27770885,262,1,124,13499,
478.274,10162.5,51.466,7.40935,148.925,26.8475,309.751,1,11,-90,-7,9,50,47,3,27770885,262,1,124,13499,
479.296,10189.3,51.4661,7.40904,148.376,26.4196,308.57,1,11,-90,-7,9,50,47,3,27770885,262,1,124,13499,
480.349,10216.1,51.4663,7.40874,147.258,26.5099,308,1,19,-80,-5,13,60,56,3,27770885,262,1,124,13499,
481.277,10243.6,51.4664,7.40843,146.5,26.6173,308.318,1,19,-80,-5,13,60,56,3,27770885,262,1,124,13499,
482.275,10269.9,51.4666,7.40813,145.698,26.5501,308.517,1,24,-92,-7,8,48,45,3,27770885,262,1,124,13499,
483.276,10296.8,51.4667,7.40782,145.38,26.5547,308.732,1,24,-92,-7,8,48,45,3,27770885,262,1,124,13499,
484.277,10323.2,51.4669,7.40752,145.348,26.5945,308.711,1,14,-80,-5,12,60,52,3,27770885,262,1,124,13499,
485.288,10350,51.467,7.40722,144.753,27.0117,309.259,1,14,-80,-5,12,60,52,3,27770885,262,1,124,13499,
486.278,10377,51.4672,7.40691,144.187,27.0684,309.671,1,12,-74,-5,14,66,58,3,27770885,262,1,124,13499,
487.273,10402.9,51.4673,7.40663,144.12,26.1505,310.193,1,12,-74,-5,14,66,58,3,27770885,262,1,124,13499,
488.285,10428.1,51.4675,7.40635,144.385,25.862,310.511,1,18,-79,-5,12,61,54,3,27770885,262,1,124,13499,
489.288,10454.2,51.4676,7.40606,145.026,26.3114,310.577,1,18,-79,-5,12,61,54,3,27770885,262,1,124,13499,
490.283,10480.7,51.4678,7.40577,145.71,26.3827,310.522,1,13,-81,-6,12,59,56,3,27770885,262,1,124,13499,
491.287,10506.8,51.4679,7.40549,146.498,26.0865,311.239,1,13,-81,-6,12,59,56,3,27770885,262,1,124,13499,
492.298,10532.9,51.4681,7.4052,147.262,25.9375,311.594,1,13,-81,-6,12,59,56,3,27770885,262,1,124,13499,
493.28,10559.3,51.4683,7.40492,149.067,26.6108,310.512,1,7,-81,-6,12,59,54,3,27770885,262,1,124,13499,
494.277,10585.2,51.4684,7.40464,150.447,25.7368,311.792,1,7,-81,-6,12,59,54,3,27770885,262,1,124,13499,
495.272,10611.1,51.4686,7.40436,151.829,25.5414,312.118,1,4,-87,-8,10,53,53,3,27770885,262,1,124,13499,
496.276,10636,51.4687,7.40409,153.761,25.5762,312.638,1,4,-87,-8,10,53,53,3,27770885,262,1,124,13499,
497.287,10661.8,51.4689,7.40383,155.257,26.0222,313.842,1,0,-83,-6,6,57,56,19,27771140,262,1,289,13499,
498.311,10687.8,51.469,7.40355,156.408,26.3397,313.733,1,0,-83,-6,6,57,56,19,27771140,262,1,289,13499,
499.281,10714.1,51.4692,7.40327,157.125,26.0338,312.06,1,13,-87,-6,14,53,52,19,27771140,262,1,289,13499,
500.278,10740.6,51.4694,7.403,158.197,25.3394,313.559,1,13,-87,-6,14,53,52,19,27771140,262,1,289,13499,
501.293,10766.6,51.4695,7.40273,158.419,24.9671,314.768,1,10,-88,-7,11,52,50,19,27771140,262,1,289,13499,
502.284,10791.3,51.4697,7.40247,158.479,24.5295,314.463,1,10,-88,-7,11,52,50,19,27771140,262,1,289,13499,
503.274,10816.4,51.4698,7.40221,158.646,24.4008,314.28,1,16,-86,-6,14,54,52,19,27771140,262,1,289,13499,
504.281,10840.5,51.47,7.40197,159.316,24.4192,315.189,1,16,-86,-6,14,54,52,19,27771140,262,1,289,13499,
505.29,10865.3,51.4702,7.40172,159.801,24.6874,315.202,1,6,-86,-6,14,54,52,19,27771140,262,1,289,13499,
506.27,10890,51.4703,7.40146,160.068,24.9242,315.194,1,6,-86,-6,14,54,52,19,27771140,262,1,289,13499,
507.284,10914,51.4705,7.40123,160.185,24.4328,315.938,1,22,-82,-6,11,58,56,19,27771140,262,1,289,13499,
508.293,10938.2,51.4706,7.40098,160.43,24.2324,316.203,1,22,-82,-6,11,58,56,19,27771140,262,1,289,13499,
509.282,10961.8,51.4708,7.40075,160.89,23.9169,316.835,1,27,-82,-6,14,58,57,19,27771140,262,1,289,13499,
510.298,10985.6,51.4709,7.40051,161.444,23.7043,317.013,1,27,-82,-6,14,58,57,19,27771140,262,1,289,13499,
511.274,11009.1,51.4711,7.40028,161.642,23.6585,317.046,1,27,-82,-6,14,58,57,19,27771140,262,1,289,13499,
512.303,11032.6,51.4712,7.40005,161.721,23.924,317.055,1,22,-82,-6,11,58,56,19,27771140,262,1,289,13499,
513.281,11056.8,51.4714,7.39981,161.932,24.3893,318.492,1,22,-82,-6,11,58,56,19,27771140,262,1,289,13499,
514.276,11081.1,51.4716,7.39958,162.079,24.9978,317.996,1,21,-85,-6,12,55,54,19,27771140,262,1,289,13499,
515.297,11106.3,51.4717,7.39934,162.563,25.5424,318.333,1,21,-85,-6,12,55,54,19,27771140,262,1,289,13499,
516.283,11131.9,51.4719,7.39909,162.714,25.3744,318.991,1,13,-83,-6,12,57,54,19,27771140,262,1,289,13499,
517.283,11157.5,51.4721,7.39885,163.044,25.6117,319.107,1,13,-83,-6,12,57,54,19,27771140,262,1,289,13499,
518.296,11183.1,51.4723,7.3986,163.229,25.7569,319.025,1,24,-84,-7,13,56,55,19,27771140,262,1,289,13499,
519.283,11208.6,51.4724,7.39836,163.328,25.2796,318.881,1,24,-84,-7,13,56,55,19,27771140,262,1,289,13499,
520.285,11233.4,51.4726,7.39813,163.063,24.5454,319.994,1,17,-85,-5,14,55,52,19,27771140,262,1,289,13499,
521.293,11257.7,51.4728,7.3979,163.072,24.049,319.598,1,17,-85,-5,14,55,52,19,27771140,262,1,289,13499,
522.311,11281.6,51.4729,7.39768,163.474,24.3193,319.627,1,16,-90,-6,11,50,48,19,27771140,262,1,289,13499,
523.284,11306.4,51.4731,7.39745,164.152,24.6858,319.307,1,16,-90,-6,11,50,48,19,27771140,262,1,289,13499,
524.298,11331.3,51.4733,7.39722,164.754,25.0691,320.201,1,16,-90,-6,9,50,47,19,27771140,262,1,289,13499,
525.275,11356.5,51.4734,7.39699,165.541,25.1456,320.74,1,16,-90,-6,9,50,47,19,27771140,262,1,289,13499,
526.323,11382,51.4736,7.39676,166.048,25.5389,320.958,1,11,-87,-8,12,53,53,19,27771140,262,1,289,13499,
527.291,11407.9,51.4738,7.39653,166.902,25.4969,322.206,1,11,-87,-8,12,53,53,19,27771140,262,1,289,13499,
528.282,11433.1,51.474,7.39631,167.289,24.9634,322.764,1,15,-88,-6,12,52,49,19,27771140,262,1,289,13499,
529.284,11458.3,51.4742,7.39609,167.522,25.09,322.068,1,15,-88,-6,12,52,49,19,27771140,262,1,289,13499,
530.344,11483.5,51.4744,7.39588,167.798,24.9524,324.127,1,15,-86,-6,12,54,52,19,27771140,262,1,289,13499,
531.278,11508.3,51.4745,7.39567,167.95,24.566,324.176,1,15,-86,-6,12,54,52,19,27771140,262,1,289,13499,
532.275,11532,51.4747,7.39546,167.754,23.88,324.54,1,12,-83,-6,10,57,55,19,27771140,262,1,289,13499,
533.28,11556.5,51.4749,7.39526,167.389,23.4433,326.521,1,12,-83,-6,10,57,55,19,27771140,262,1,289,13499,
534.292,11580.1,51.4751,7.39508,167.002,23.6396,327.649,1,12,-83,-6,10,57,55,19,27771140,262,1,289,13499,
535.26,11603.7,51.4752,7.3949,166.819,23.8305,328.82,1,29,-78,-6,15,62,60,19,27771140,262,1,289,13499,
536.292,11628,51.4754,7.39472,166.674,24.0746,329.641,1,29,-78,-6,15,62,60,19,27771140,262,1,289,13499,
537.288,11651.1,51.4756,7.39455,166.536,23.4034,329.713,1,27,-80,-7,15,60,58,19,27771140,262,1,289,13499,
538.275,11674.9,51.4758,7.39438,166.028,23.0357,330.117,1,27,-80,-7,15,60,58,19,27771140,262,1,289,13499,
539.285,11697.3,51.476,7.39423,165.811,22.1147,331.526,1,25,-83,-6,15,57,56,19,27771140,262,1,289,13499,
540.296,11719.1,51.4762,7.39407,165.681,21.8086,331.018,1,25,-83,-6,15,57,56,19,27771140,262,1,289,13499,
541.287,11740.6,51.4763,7.39393,166.093,21.3206,331.757,1,21,-75,-6,13,65,62,19,27771140,262,1,289,13499,
542.286,11761.7,51.4765,7.39379,166.424,20.8401,332.499,1,21,-75,-6,13,65,62,19,27771140,262,1,289,13499,
543.285,11782,51.4767,7.39366,166.731,20.1298,334.066,1,26,-71,-6,15,69,63,19,27771140,262,1,289,13499,
544.276,11802.2,51.4768,7.39353,166.846,19.5522,335.429,1,26,-71,-6,15,69,63,19,27771140,262,1,289,13499,
545.282,11821.9,51.477,7.39341,166.903,18.9854,335.757,1,22,-79,-6,15,61,59,19,27771140,262,1,289,13499,
546.305,11841.9,51.4771,7.3933,167.514,19,336.262,1,22,-79,-6,15,61,59,19,27771140,262,1,289,13499,
547.289,11860.8,51.4773,7.3932,168.056,18.9197,337.715,1,12,-83,-9,10,57,57,19,27771140,262,1,289,13499,
548.281,11879.5,51.4775,7.39311,168.555,18.3057,339.74,1,12,-83,-9,10,57,57,19,27771140,262,1,289,13499,
549.292,11897.3,51.4776,7.39304,169.134,17.4534,342.248,1,12,-85,-9,11,55,55,19,27771140,262,1,289,13499,
550.268,11914.1,51.4778,7.39299,169.576,17.0591,346.207,1,12,-85,-9,11,55,55,19,27771140,262,1,289,13499,
551.283,11931.6,51.4779,7.39299,169.61,17.0997,0.873377,1,18,-70,-10,2,70,63,3,27771136,262,1,307,13499,
552.274,11949,51.4781,7.39301,169.966,18.0692,2.94623,1,18,-70,-10,2,70,63,3,27771136,262,1,307,13499,
553.288,11967.5,51.4782,7.39304,170.597,18.6795,5.38395,1,21,-83,-6,2,57,51,3,27771139,262,1,288,13499,
554.274,11987.7,51.4784,7.3931,171.305,18.6738,9.23366,1,21,-83,-6,2,57,51,3,27771139,262,1,288,13499,
555.298,12007.3,51.4786,7.39325,172.046,17.8144,31.0806,1,21,-83,-6,2,57,51,3,27771139,262,1,288,13499,
556.287,12026.7,51.4787,7.3934,172.533,17.2889,32.1953,1,27,-82,-6,2,58,53,3,27771139,262,1,288,13499,
557.313,12045.3,51.4789,7.39354,172.951,16.9407,32.8651,1,27,-82,-6,2,58,53,3,27771139,262,1,288,13499,
558.287,12063,51.479,7.39368,172.81,16.0867,32.229,1,22,-82,-5,2,58,55,3,27771139,262,1,288,13499,
559.275,12078.3,51.4791,7.39379,173.272,14.6779,28.339,1,22,-82,-5,2,58,55,3,27771139,262,1,288,13499,
560.274,12090.5,51.4792,7.39384,173.99,13.9567,7.50712,1,21,-82,-6,14,58,54,4,27771139,262,1,288,13499,
561.277,12101.5,51.4793,7.39385,174.896,13.1455,3.66422,1,21,-82,-6,14,58,54,4,27771139,262,1,288,13499,
562.262,12113.9,51.4794,7.39381,175.956,12.6821,343.188,1,10,-92,-7,9,48,47,4,27771139,262,1,288,13499,
563.279,12128,51.4795,7.39375,176.448,13.774,340.227,1,10,-92,-7,9,48,47,4,27771139,262,1,288,13499,
564.279,12142.1,51.4797,7.39367,176.849,13.954,337.414,1,7,-91,-7,9,49,47,4,27771139,262,1,288,13499,
565.292,12156.4,51.4798,7.39359,177.052,12.8442,335.762,1,7,-91,-7,9,49,47,4,27771139,262,1,288,13499,
566.283,12169.7,51.4799,7.39351,177.426,11.8066,335.633,1,10,-88,-6,13,52,49,15,28365058,262,1,223,13499,
567.284,12180.2,51.48,7.39345,177.482,10.6172,338.141,1,10,-88,-6,13,52,49,15,28365058,262,1,223,13499,
568.283,12190.6,51.4801,7.39343,177.841,9.19015,355.938,1,6,-89,-8,11,51,47,15,28365058,262,1,223,13499,
569.274,12197.2,51.4801,7.39345,177.736,9.38375,12.5102,1,6,-89,-8,11,51,47,15,28365058,262,1,223,13499,
570.29,12206.3,51.4802,7.39351,177.807,9.87173,27.973,1,20,-84,-6,15,56,51,5,27771139,262,1,288,13499,
571.286,12216.2,51.4803,7.3936,178.048,10.3927,47.0503,1,20,-84,-6,15,56,51,5,27771139,262,1,288,13499,
572.271,12227.3,51.4803,7.39374,178.455,11.1796,60.8982,1,18,-84,-5,13,56,52,5,27771139,262,1,288,13499,
573.275,12238.8,51.4804,7.39388,179.148,12.2513,60.241,1,18,-84,-5,13,56,52,5,27771139,262,1,288,13499,
574.277,12253.4,51.4804,7.39406,180.211,13.3834,60.0344,1,13,-84,-6,10,56,52,5,27771139,262,1,288,13499,
575.297,12267,51.4805,7.39423,181.35,13.8319,59.2256,1,13,-84,-6,10,56,52,5,27771139,262,1,288,13499,
576.304,12280.8,51.4806,7.3944,182.164,14.1016,58.4873,1,14,-85,-6,12,55,51,5,27771139,262,1,288,13499,
577.273,12294.7,51.4806,7.39456,182.925,14.6117,58.1494,1,14,-85,-6,12,55,51,5,27771139,262,1,288,13499,
578.298,12309.6,51.4807,7.39474,183.544,14.9225,58.0485,1,12,-85,-6,10,55,53,5,27771139,262,1,288,13499,
579.3,12324.6,51.4808,7.39493,184.22,15.293,58.3852,1,12,-85,-6,10,55,53,5,27771139,262,1,288,13499,
580.259,12341.5,51.4809,7.39513,184.485,15.6758,58.777,1,21,-83,-5,11,57,54,5,27771139,262,1,288,13499,
581.282,12357.4,51.4809,7.39533,184.7,15.9751,59.1529,1,21,-83,-5,11,57,54,5,27771139,262,1,288,13499,
582.293,12372.4,51.481,7.39551,184.806,15.9455,59.6491,1,20,-82,-5,12,58,54,5,27771139,262,1,288,13499,
583.282,12388.5,51.4811,7.39571,185.018,15.7661,59.7747,1,20,-82,-5,12,58,54,5,27771139,262,1,288,13499,
584.277,12404.3,51.4812,7.3959,185.38,15.6692,59.2047,1,20,-82,-5,12,58,54,5,27771139,262,1,288,13499,
585.274,12420.5,51.4812,7.39611,185.652,15.8873,59.0978,1,9,-86,-6,11,54,51,5,27771139,262,1,288,13499,
586.275,12435.7,51.4813,7.39629,185.797,15.4728,59.2584,1,9,-86,-6,11,54,51,5,27771139,262,1,288,13499,
587.292,12451.9,51.4814,7.39649,186.037,15.8843,59.5393,1,6,-86,-8,11,54,52,5,27771139,262,1,288,13499,
588.292,12468.3,51.4815,7.39669,186.187,15.8009,58.698,1,6,-86,-8,11,54,52,5,27771139,262,1,288,13499,
589.266,12483.9,51.4815,7.39688,186.474,15.4521,57.7524,1,9,-87,-6,9,53,49,5,27771139,262,1,288,13499,
590.301,12498.5,51.4816,7.39706,186.745,15.0542,56.9945,1,9,-87,-6,9,53,49,5,27771139,262,1,288,13499,
591.28,12512.8,51.4817,7.39724,187.057,14.5604,56.5566,1,13,-87,-5,12,53,49,5,27771139,262,1,288,13499,
592.292,12526.8,51.4817,7.39741,187.109,14.2684,55.8525,1,13,-87,-5,12,53,49,5,27771139,262,1,288,13499,
593.289,12540,51.4818,7.39756,187.04,13.8707,54.9511,1,19,-83,-4,14,57,54,5,27771139,262,1,288,13499,
594.274,12553.2,51.4819,7.39771,186.877,13.6897,54.1261,1,19,-83,-4,14,57,54,5,27771139,262,1,288,13499,
595.294,12566.9,51.482,7.39787,186.792,14.0793,53.0891,1,24,-79,-4,15,61,58,5,27771139,262,1,288,13499,
596.277,12580.6,51.482,7.39802,186.46,14.4265,52.11,1,24,-79,-4,15,61,58,5,27771139,262,1,288,13499,
597.3,12595.2,51.4821,7.39818,186.11,14.4702,50.8603,1,24,-77,-4,14,63,59,5,27771139,262,1,288,13499,
598.291,12609.7,51.4822,7.39834,185.7,14.0642,49.2691,1,24,-77,-4,14,63,59,5,27771139,262,1,288,13499,
599.283,12623.2,51.4823,7.39848,185.292,13.7973,47.0208,1,22,-80,-5,13,60,55,5,27771139,262,1,288,13499,
600.298,12638.1,51.4824,7.39862,185.11,13.5954,44.6363,1,22,-80,-5,13,60,55,5,27771139,262,1,288,13499,
601.27,12651.7,51.4825,7.39875,185.014,13.5269,42.2538,1,11,-89,-6,10,51,47,5,27771139,262,1,288,13499,
602.273,12664.9,51.4826,7.39886,184.99,13.3825,40.4867,1,11,-89,-6,10,51,47,5,27771139,262,1,288,13499,
603.279,12678.3,51.4827,7.39897,185.209,13.1815,38.5579,1,12,-86,-7,9,54,50,5,27771139,262,1,288,13499,
604.298,12691.8,51.4828,7.39909,185.426,13.1842,37.1871,1,12,-86,-7,9,54,50,5,27771139,262,1,288,13499,
605.279,12707.2,51.4829,7.39921,185.74,13.9752,35.6306,1,10,-86,-6,8,54,50,5,27771139,262,1,288,13499,
606.293,12721.5,51.483,7.39932,185.24,14.9281,34.7346,1,10,-86,-6,8,54,50,5,27771139,262,1,288,13499,
607.273,12736.4,51.4831,7.39943,184.265,15.5835,34.1687,1,6,-85,-6,2,55,50,5,27771139,262,1,288,13499,
608.281,12751.9,51.4832,7.39955,184.055,15.3885,33.876,1,6,-85,-6,2,55,50,5,27771139,262,1,288,13499,
609.274,12767.4,51.4834,7.39967,184.089,15.4736,34.2058,1,7,-98,-9,7,42,42,12,27771139,262,1,288,13499,
610.27,12783.2,51.4835,7.39979,184.215,15.7117,34.5628,1,7,-98,-9,7,42,42,12,27771139,262,1,288,13499,
611.274,12799.2,51.4836,7.39991,184.456,15.5311,34.4096,1,7,-98,-9,7,42,42,12,27771139,262,1,288,13499,
612.284,12815.3,51.4837,7.40004,184.461,15.6429,35.2386,1,6,-94,-8,7,46,45,12,27771139,262,1,288,13499,
613.28,12831.1,51.4838,7.40017,184.29,15.8328,35.5755,1,6,-94,-8,7,46,45,12,27771139,262,1,288,13499,
614.381,12847.2,51.484,7.40031,184.312,16.6915,36.0423,1,7,-87,-6,6,53,48,9,28365058,262,1,223,13499,
615.281,12863.1,51.4841,7.40044,184.32,16.2727,36.413,1,7,-87,-6,6,53,48,9,28365058,262,1,223,13499,
616.276,12879,51.4842,7.40058,184.328,16.229,37.2164,1,10,-91,-6,12,49,46,9,28365058,262,1,223,13499,
617.269,12895.5,51.4843,7.40073,184.277,16.2733,38.2347,1,10,-91,-6,12,49,46,9,28365058,262,1,223,13499,
618.283,12913,51.4844,7.40089,184.487,16.2682,38.8847,1,10,-91,-7,12,49,46,9,28365058,262,1,223,13499,
619.289,12929.2,51.4845,7.40104,184.548,16.5481,39.6429,1,10,-91,-7,12,49,46,9,28365058,262,1,223,13499,
620.313,12947.1,51.4847,7.4012,184.714,16.4833,40.8002,1,5,-97,-8,7,43,41,9,28365058,262,1,223,13499,
621.288,12963.2,51.4848,7.40136,184.47,16.1125,41.4958,1,5,-97,-8,7,43,41,9,28365058,262,1,223,13499,
622.283,12979,51.4849,7.40152,184.451,15.7856,41.5662,1,6,-98,-8,7,42,40,9,28365058,262,1,223,13499,
623.306,12994.7,51.485,7.40167,184.347,15.7013,41.757,1,6,-98,-8,7,42,40,9,28365058,262,1,223,13499,
624.293,13011.6,51.4851,7.40183,184.035,15.4954,42.1808,1,0,-96,-7,12,44,40,9,28365058,262,1,223,13499,
625.287,13028.1,51.4852,7.402,184.046,15.4174,43.3411,1,0,-96,-7,12,44,40,9,28365058,262,1,223,13499,
626.274,13042.2,51.4853,7.40215,184.021,15.3169,44.5511,1,12,-95,-7,11,45,42,9,28365058,262,1,223,13499,
627.28,13056.4,51.4854,7.4023,184.181,13.2782,45.9035,1,12,-95,-7,11,45,42,9,28365058,262,1,223,13499,
628.282,13070,51.4855,7.40244,184.788,11.2632,46.8035,1,7,-94,-8,7,46,45,9,28365058,262,1,223,13499,
629.279,13080.3,51.4855,7.40256,185.36,9.01163,47.6734,1,7,-94,-8,7,46,45,9,28365058,262,1,223,13499,
630.299,13087.5,51.4856,7.40264,186.005,6.9388,48.2209,1,2,-97,-8,7,43,41,9,28365058,262,1,223,13499,
631.27,13093.5,51.4856,7.4027,186.474,4.64988,49.2761,1,2,-97,-8,7,43,41,9,28365058,262,1,223,13499,
632.284,13097.9,51.4856,7.40275,186.51,4.04524,46.5228,1,8,-96,-6,2,44,41,9,28365058,262,1,223,13499,
633.301,13101.8,51.4856,7.40279,186.559,4.00242,42.5236,1,8,-96,-6,2,44,41,9,28365058,262,1,223,13499,
634.265,13107.2,51.4857,7.40282,186.852,5.79615,15.0205,1,4,-94,-7,2,46,43,9,29391105,262,1,351,13499,
635.282,13115.6,51.4858,7.4028,186.677,8.76798,345.503,1,4,-94,-7,2,46,43,9,29391105,262,1,351,13499,
636.298,13123.3,51.4858,7.40273,186.524,9.01202,326.886,1,7,-100,-8,2,40,39,9,28365058,262,1,223,13499,
637.275,13130.2,51.4859,7.40266,186.141,9.85988,324.823,1,7,-100,-8,2,40,39,9,28365058,262,1,223,13499,
638.307,13139.7,51.4859,7.40257,185.858,10.3365,323.617,1,7,-100,-8,2,40,39,9,28365058,262,1,223,13499,
639.289,13150.7,51.486,7.40247,185.578,11.8544,324.307,1,6,-100,-8,2,40,39,9,28365058,262,1,223,13499,
640.287,13162.9,51.4861,7.40237,185.408,12.235,325.586,1,6,-100,-8,2,40,39,9,28365058,262,1,223,13499,
641.289,13174.2,51.4862,7.40228,184.936,12.2124,326.66,1,3,-99,-9,2,41,41,9,28365058,262,1,223,13499,
642.28,13185.7,51.4863,7.40219,184.509,12.2944,328.093,1,3,-99,-9,2,41,41,9,28365058,262,1,223,13499,
643.288,13198.2,51.4864,7.40209,183.915,12.2327,330.415,1,3,-98,-9,2,42,42,9,28365058,262,1,223,13499,
644.284,13211,51.4865,7.40201,183.116,12.1989,332.477,1,3,-98,-9,2,42,42,9,28365058,262,1,223,13499,
645.3,13222.8,51.4866,7.40193,182.097,11.9825,334.605,1,6,-95,-9,2,45,45,9,26385409,262,1,93,13499,
646.271,13234.3,51.4867,7.40187,181.367,11.8427,336.924,1,6,-95,-9,2,45,45,9,26385409,262,1,93,13499,
647.296,13245.8,51.4868,7.40182,180.289,11.7334,339.187,1,7,-94,-8,2,46,46,9,26385409,262,1,93,13499,
648.314,13256.9,51.4868,7.40178,179.306,12.0138,341.798,1,7,-94,-8,2,46,46,9,26385409,262,1,93,13499,
649.304,13270.6,51.487,7.40174,178.785,12.566,344.208,1,10,-95,-7,2,45,44,9,26385409,262,1,93,13499,
650.283,13283.1,51.4871,7.40171,178.003,12.6593,346.347,1,10,-95,-7,2,45,44,9,26385409,262,1,93,13499,
651.299,13295,51.4872,7.40169,177.39,13.1048,348.914,1,15,-95,-7,2,45,43,9,26385409,262,1,93,13499,
652.283,13308.1,51.4873,7.40167,176.694,12.7357,351.032,1,15,-95,-7,2,45,43,9,26385409,262,1,93,13499,
653.305,13321.8,51.4874,7.40166,175.866,12.8594,353.756,1,22,-89,-6,2,51,47,9,26385409,262,1,93,13499,
654.288,13334.5,51.4875,7.40167,174.756,12.851,356.006,1,22,-89,-6,2,51,47,9,26385409,262,1,93,13499,
655.285,13347.2,51.4877,7.40167,173.968,12.8478,356.959,1,18,-83,-5,2,57,52,9,26385409,262,1,93,13499,
656.3,13361.4,51.4878,7.40167,173.149,12.9988,358.095,1,18,-83,-5,2,57,52,9,26385409,262,1,93,13499,
657.343,13373.3,51.4879,7.40168,172.462,13.0041,358.734,1,18,-83,-5,2,57,52,9,26385409,262,1,93,13499,
658.299,13386.4,51.488,7.40168,172.626,13.003,359.439,1,19,-85,-5,2,55,52,9,26385409,262,1,93,13499,
659.301,13399.1,51.4881,7.4017,173.141,13.0448,0.0938013,1,19,-85,-5,2,55,52,9,26385409,262,1,93,13499,
660.295,13412.2,51.4882,7.4017,173.288,13.0509,0.362521,1,13,-80,-6,14,60,58,2,26385409,262,1,93,13499,
661.296,13425.9,51.4884,7.40171,173.317,13.2987,0.728004,1,13,-80,-6,14,60,58,2,26385409,262,1,93,13499,
662.269,13439,51.4885,7.40171,173.284,13.7785,1.02639,1,15,-81,-6,13,59,55,2,26385409,262,1,93,13499,
663.276,13452.4,51.4886,7.40171,173.268,14.1665,0.622295,1,15,-81,-6,13,59,55,2,26385409,262,1,93,13499,
664.274,13466.3,51.4887,7.40172,173.217,14.0313,0.23017,1,8,-84,-8,12,56,54,2,26385409,262,1,93,13499,
665.287,13480,51.4889,7.40172,173.035,13.7206,0.175446,1,8,-84,-8,12,56,54,2,26385409,262,1,93,13499,
666.275,13493.4,51.489,7.40172,172.799,13.0906,359.875,1,6,-79,-7,6,61,59,2,26385410,262,1,94,13499,
667.291,13506.1,51.4891,7.40172,172.191,11.769,359.853,1,6,-79,-7,6,61,59,2,26385410,262,1,94,13499,
668.296,13517.4,51.4892,7.40173,171.532,9.74625,0.222268,1,24,-67,-5,15,73,63,2,26385410,262,1,94,13499,
669.284,13526,51.4893,7.40173,170.804,7.40219,0.764407,1,24,-67,-5,15,73,63,2,26385410,262,1,94,13499,
670.265,13532.6,51.4893,7.40173,170.613,5.78951,4.70595,1,28,-69,-6,15,71,63,2,26385410,262,1,94,13499,
671.275,13538.6,51.4894,7.40179,170.414,5.81484,40.3506,1,28,-69,-6,15,71,63,2,26385410,262,1,94,13499,
672.286,13546.9,51.4894,7.4019,170.5,7.425,72.9403,1,29,-71,-7,15,69,63,2,26385410,262,1,94,13499,
673.283,13555.3,51.4894,7.40202,170.401,8.89608,90.8893,1,29,-71,-7,15,69,63,2,26385410,262,1,94,13499,
674.289,13564.6,51.4894,7.40216,170.781,10.0257,91.5962,1,28,-70,-7,15,70,63,2,26385410,262,1,94,13499,
675.273,13576.5,51.4894,7.40233,171.229,11.1941,90.7878,1,28,-70,-7,15,70,63,2,26385410,262,1,94,13499,
676.288,13589.1,51.4894,7.40251,171.423,12.1098,90.0282,1,28,-70,-7,15,70,63,2,26385410,262,1,94,13499,
677.283,13601,51.4894,7.40268,171.642,12.9234,89.6427,1,22,-74,-6,15,66,63,2,26385410,262,1,94,13499,
678.295,13614.4,51.4894,7.40288,171.921,13.4468,90.4477,1,22,-74,-6,15,66,63,2,26385410,262,1,94,13499,
679.27,13628.3,51.4894,7.40308,172.264,14.3902,90.7885,1,24,-76,-8,15,64,63,2,26385410,262,1,94,13499,
680.28,13642.9,51.4894,7.40329,172.412,14.223,91.1969,1,24,-76,-8,15,64,63,2,26385410,262,1,94,13499,
681.289,13656.2,51.4894,7.40348,172.87,13.4903,91.0224,1,22,-71,-8,15,69,63,2,26385410,262,1,94,13499,
682.282,13668.6,51.4894,7.40366,173.291,11.6919,92.0042,1,22,-71,-8,15,69,63,2,26385410,262,1,94,13499,
683.286,13679.3,51.4894,7.40381,173.739,10.1076,90.8272,1,20,-75,-6,15,65,60,2,26385410,262,1,94,13499,
684.281,13688.6,51.4894,7.40395,173.953,8.07623,90.318,1,20,-75,-6,15,65,60,2,26385410,262,1,94,13499,
685.286,13696,51.4894,7.40406,174.085,6.38493,88.7464,1,11,-70,-9,2,70,63,2,26385410,262,1,94,13499,
686.304,13702.4,51.4894,7.40415,174.035,5.08846,89.5328,1,11,-70,-9,2,70,63,2,26385410,262,1,94,13499,
687.268,13706.3,51.4894,7.40421,174.052,3.85268,88.3948,1,7,-79,-10,2,61,61,2,26385410,262,1,94,13499,
688.288,13710.8,51.4894,7.40427,174.053,3.95952,87.1423,1,7,-79,-10,2,61,61,2,26385410,262,1,94,13499,
689.272,13715.4,51.4894,7.40434,174.391,5.26581,86.8084,1,18,-77,-8,2,63,62,2,26385408,262,1,95,13499,
690.289,13721.2,51.4894,7.40442,174.959,6.17028,89.4928,1,18,-77,-8,2,63,62,2,26385408,262,1,95,13499,
691.298,13728.2,51.4894,7.40452,175.297,7.24003,89.9571,1,15,-74,-7,12,66,63,1,26385408,262,1,95,13499,
692.288,13735.1,51.4894,7.40462,175.617,7.13966,90.6291,1,15,-74,-7,12,66,63,1,26385408,262,1,95,13499,
693.269,13742.1,51.4894,7.40472,176.053,7.56374,89.9072,1,19,-71,-5,11,69,63,1,26385408,262,1,95,13499,
694.288,13749.7,51.4894,7.40483,176.642,7.87113,89.4879,1,19,-71,-5,11,69,63,1,26385408,262,1,95,13499,
695.288,13757.7,51.4894,7.40495,176.991,7.64536,90.4117,1,28,-69,-6,14,71,63,1,26385408,262,1,95,13499,
696.308,13765.5,51.4894,7.40506,177.281,7.46814,89.6735,1,28,-69,-6,14,71,63,1,26385408,262,1,95,13499,
697.35,13774.1,51.4894,7.40518,177.535,8.83623,88.7681,1,28,-69,-6,14,71,63,1,26385408,262,1,95,13499,
698.291,13783.5,51.4894,7.40532,177.566,9.8976,88.4166,1,20,-69,-8,11,71,63,1,26385408,262,1,95,13499,
699.286,13794.3,51.4894,7.40548,177.31,11.5883,86.7846,1,20,-69,-8,11,71,63,1,26385408,262,1,95,13499,
700.287,13805.9,51.4894,7.40564,176.973,11.7796,85.2926,1,12,-71,-8,15,69,63,1,26385408,262,1,95,13499,
701.274,13818.1,51.4894,7.40582,176.689,12.0106,83.5535,1,12,-71,-8,15,69,63,1,26385408,262,1,95,13499,
702.309,13830,51.4894,7.40599,176.302,11.961,81.7451,1,16,-76,-6,15,64,61,1,26385408,262,1,95,13499,
703.273,13841,51.4895,7.40614,175.887,11.8577,80.0786,1,16,-76,-6,15,64,61,1,26385408,262,1,95,13499,
704.276,13852.5,51.4895,7.40631,175.759,11.9557,78.899,1,18,-75,-6,15,65,62,1,26385408,262,1,95,13499,
705.281,13864.3,51.4895,7.40647,175.583,11.925,77.9736,1,18,-75,-6,15,65,62,1,26385408,262,1,95,13499,
706.289,13876.3,51.4895,7.40664,175.311,12.1775,77.5702,1,23,-75,-6,15,65,61,1,26385408,262,1,95,13499,
707.29,13888.3,51.4896,7.40681,174.938,12.7146,76.7004,1,23,-75,-6,15,65,61,1,26385408,262,1,95,13499,
708.275,13901.7,51.4896,7.407,174.763,12.628,77.5921,1,19,-72,-6,11,68,63,1,26385408,262,1,95,13499,
709.26,13914.2,51.4896,7.40717,174.481,12.6075,78.2668,1,19,-72,-6,11,68,63,1,26385408,262,1,95,13499,
710.275,13926.8,51.4896,7.40735,174.076,12.8345,77.9142,1,14,-73,-5,15,67,61,1,26385408,262,1,95,13499,
711.292,13939.6,51.4897,7.40753,173.564,12.9552,78.5652,1,14,-73,-5,15,67,61,1,26385408,262,1,95,13499,
712.331,13953.1,51.4897,7.40772,173.142,13.0502,79.209,1,19,-75,-5,10,65,59,1,26385408,262,1,95,13499,
713.305,13966,51.4897,7.4079,172.518,13.2195,79.7731,1,19,-75,-5,10,65,59,1,26385408,262,1,95,13499,
714.269,13979.3,51.4897,7.40809,171.827,13.2813,79.4152,1,17,-79,-6,10,61,58,1,26385408,262,1,95,13499,
715.293,13992.6,51.4898,7.40828,171.169,13.3346,78.4685,1,17,-79,-6,10,61,58,1,26385408,262,1,95,13499,
716.279,14006.8,51.4898,7.40848,170.821,13.6346,77.9273,1,16,-77,-6,13,63,59,1,26385408,262,1,95,13499,
717.282,14020.2,51.4898,7.40867,170.251,13.9168,77.19,1,16,-77,-6,13,63,59,1,26385408,262,1,95,13499,
718.298,14033.4,51.4898,7.40886,169.599,13.9584,76.8891,1,13,-77,-6,11,63,59,1,26385408,262,1,95,13499,
719.29,14047.4,51.4899,7.40905,169.049,13.9635,77.3981,1,13,-77,-6,11,63,59,1,26385408,262,1,95,13499,
720.284,14061.5,51.4899,7.40925,168.448,14.1433,77.6924,1,19,-75,-6,15,65,61,1,26385408,262,1,95,13499,
721.287,14075.7,51.4899,7.40945,167.823,14.2835,78.0295,1,19,-75,-6,15,65,61,1,26385408,262,1,95,13499,
722.285,14089.9,51.4899,7.40965,167.169,14.3052,78.4277,1,10,-81,-8,10,59,57,1,26385408,262,1,95,13499,
723.289,14104.2,51.49,7.40986,166.523,14.1349,78.6348,1,10,-81,-8,10,59,57,1,26385408,262,1,95,13499,
724.292,14118.1,51.49,7.41006,165.554,14.1184,79.1791,1,10,-81,-8,10,59,57,1,26385408,262,1,95,13499,
725.301,14132.1,51.49,7.41025,164.575,14.2189,79.1114,1,13,-78,-8,15,62,62,1,26385408,262,1,95,13499,
726.266,14146.7,51.49,7.41046,163.47,15.1242,78.1567,1,13,-78,-8,15,62,62,1,26385408,262,1,95,13499,
727.291,14162.3,51.4901,7.41068,162.45,15.5503,77.4874,1,14,-80,-6,2,60,56,1,26385408,262,1,95,13499,
728.248,14177.2,51.4901,7.41089,161.424,14.7461,77.3591,1,14,-80,-6,2,60,56,1,26385408,262,1,95,13499,
729.253,14189.7,51.4901,7.41107,160.285,12.9522,78.1514,1,13,-82,-8,2,58,57,1,26385408,262,1,95,13499,
