0.11,0,51.4505,7.48802,237.984,14.242,159.601,1,11,-93,-7,2,47,46,6,28371202,262,1,67,13499,
1.407,14.2153,51.4504,7.48809,238.54,14.2763,159.144,1,13,-97,-8,8,43,42,6,28371202,262,1,67,13499,
2.452,29.0723,51.4503,7.48816,239.01,14.405,159.475,1,16,-94,-8,12,46,46,6,28371202,262,1,67,13499,
3.497,44.2849,51.4501,7.48823,239.572,14.6693,160.82,1,16,-94,-8,12,46,46,6,28371202,262,1,67,13499,
4.488,58.8698,51.45,7.4883,240.19,14.8572,162.427,1,11,-95,-8,11,45,44,6,28371202,262,1,67,13499,
5.514,74.2898,51.4499,7.48835,241.039,14.8653,164.782,1,11,-95,-8,11,45,44,6,28371202,262,1,67,13499,
6.5,88.7406,51.4498,7.48838,241.619,15.0371,167.669,1,6,-98,-9,7,42,42,6,28371202,262,1,67,13499,
7.495,103.936,51.4496,7.48841,242.342,15.2081,170.396,1,6,-98,-9,7,42,42,6,28371202,262,1,67,13499,
8.497,119.625,51.4495,7.48843,243.412,15.3451,172.94,1,6,-98,-9,7,42,42,6,28371202,262,1,67,13499,
9.49,135.525,51.4493,7.48844,244.671,15.5005,175.447,1,8,-100,-9,7,40,40,6,28371202,262,1,67,13499,
10.5,152.416,51.4492,7.48844,245.545,15.8375,177.651,1,8,-100,-9,7,40,40,6,28371202,262,1,67,13499,
11.494,168.474,51.449,7.48843,246.123,15.9473,180.318,1,5,-103,-10,8,37,38,6,28371202,262,1,67,13499,
12.515,184.55,51.4489,7.4884,246.875,16.0499,183.704,1,5,-103,-10,8,37,38,6,28371202,262,1,67,13499,
13.515,201.879,51.4487,7.48836,247.807,15.9468,186.978,1,-3,-105,-12,5,35,38,6,28371202,262,1,67,13499,
14.485,217.372,51.4486,7.48831,248.624,16.0076,189.072,1,-3,-105,-12,5,35,38,6,28371202,262,1,67,13499,
15.494,217.372,51.4535,7.48418,nan,16.2236,191.037,1,-1,-108,-12,2,32,34,6,28371202,262,1,67,13499,
16.481,217.372,51.4483,7.48819,250.084,16.5013,192.026,1,-1,-108,-12,2,32,34,6,28371202,262,1,67,13499,
17.489,234.774,51.4482,7.48812,250.75,16.6134,192.667,1,-6,-111,-15,2,29,34,6,28371202,262,1,67,13499,
18.503,250.598,51.448,7.48805,251.416,16.7743,193.564,1,-6,-111,-15,2,29,34,6,28371202,262,1,67,13499,
19.497,267.516,51.4479,7.48799,252.225,16.0336,193.011,1,3,-108,-10,2,32,33,6,27771909,262,1,151,13499,
20.485,284.701,51.4477,7.48794,252.708,15.8103,190.587,1,3,-108,-10,2,32,33,6,27771909,262,1,151,13499,
21.508,300.791,51.4476,7.4879,253.322,15.9404,187.713,1,2,-107,-9,2,33,34,6,27771909,262,1,151,13499,
22.482,315.161,51.4474,7.48788,253.599,16.0584,184.598,1,2,-107,-9,2,33,34,6,27771909,262,1,151,13499,
23.496,330.571,51.4473,7.48788,254.375,15.9741,182.171,1,7,-107,-10,2,33,35,6,27771909,262,1,151,13499,
24.487,345.703,51.4472,7.48788,255.234,15.8216,179.433,1,7,-107,-10,2,33,35,6,27771909,262,1,151,13499,
25.504,362.022,51.447,7.48791,255.879,16.5374,176.155,1,3,-106,-10,2,34,35,6,27771909,262,1,151,13499,
26.492,378.218,51.4469,7.48798,256.548,15.966,163.254,1,3,-106,-10,2,34,35,6,27771909,262,1,151,13499,
27.48,394.676,51.4467,7.48806,257.208,15.5373,163.918,1,2,-107,-10,2,33,34,6,27771909,262,1,151,13499,
28.497,411.86,51.4466,7.48813,258.007,16.1049,161.947,1,2,-107,-10,2,33,34,6,27771909,262,1,151,13499,
29.499,428.379,51.4465,7.48822,258.921,15.6829,159.348,1,2,-107,-10,2,33,34,6,27771909,262,1,151,13499,
30.528,444.509,51.4463,7.48831,259.674,16.3272,156.407,1,-2,-103,-12,2,37,41,6,28371202,262,1,67,13499,
31.491,460.425,51.4462,7.48843,260.357,16.1859,153.155,1,-2,-103,-12,2,37,41,6,28371202,262,1,67,13499,
32.506,476.45,51.4461,7.48855,260.966,16.3179,150.135,1,3,-104,-12,2,36,40,6,28371202,262,1,67,13499,
33.512,493.213,51.446,7.48869,261.402,16.3449,146.761,1,3,-104,-12,2,36,40,6,28371202,262,1,67,13499,
34.498,511.232,51.4458,7.48886,261.883,16.2176,143.382,1,6,-102,-10,2,38,39,6,28371201,262,1,66,13499,
35.479,511.232,51.4526,7.49281,nan,15.7943,139.51,1,6,-102,-10,2,38,39,6,28371201,262,1,66,13499,
36.498,511.232,51.4456,7.48923,264.115,16.2563,136.199,1,7,-103,-9,2,37,38,6,28371201,262,1,66,13499,
37.492,526.904,51.4455,7.4894,264.839,16.1704,133.153,1,7,-103,-9,2,37,38,6,28371201,262,1,66,13499,
38.494,543.064,51.4454,7.48958,265.162,16.127,131.108,1,6,-103,-9,2,37,38,6,28371201,262,1,66,13499,
39.492,558.681,51.4454,7.48977,264.978,15.5602,129.795,1,6,-103,-9,2,37,38,6,28371201,262,1,66,13499,
40.498,573.338,51.4453,7.48994,264.784,14.9745,129.359,1,7,-103,-9,2,37,37,6,28371201,262,1,66,13499,
41.486,587.191,51.4452,7.4901,264.556,14.0065,128.479,1,7,-103,-9,2,37,37,6,28371201,262,1,66,13499,
42.501,600.114,51.4451,7.49026,264.506,13.2905,127.28,1,8,-104,-9,2,36,36,6,28371201,262,1,66,13499,
43.495,613.584,51.4451,7.49042,264.193,13.6386,126.346,1,8,-104,-9,2,36,36,6,28371201,262,1,66,13499,
44.495,626.879,51.445,7.49058,264.783,13.2461,124.932,1,6,-105,-9,2,35,35,6,28371201,262,1,66,13499,
45.485,640.294,51.445,7.49075,265.026,12.7656,124.995,1,6,-105,-9,2,35,35,6,28371201,262,1,66,13499,
46.491,652.997,51.4449,7.4909,265.35,12.3762,125.733,1,4,-106,-9,2,34,34,6,28371201,262,1,66,13499,
47.501,665.249,51.4448,7.49105,265.559,11.0218,126.526,1,4,-106,-9,2,34,34,6,28371201,262,1,66,13499,
48.484,675.445,51.4448,7.49117,265.882,8.78322,126.517,1,0,-109,-10,2,31,32,6,28371201,262,1,66,13499,
49.505,684.418,51.4447,7.49128,266.379,6.90526,126.571,1,0,-109,-10,2,31,32,6,28371201,262,1,66,13499,
50.499,689.515,51.4447,7.49134,267.108,4.76534,127.13,1,0,-111,-10,2,29,31,6,28371201,262,1,66,13499,
51.487,693.791,51.4447,7.49139,267.178,2.7035,126.485,1,0,-111,-10,2,29,31,6,28371201,262,1,66,13499,
52.498,696.387,51.4447,7.49143,267.269,1.50944,126.955,1,4,-111,-10,2,29,30,6,27771907,262,1,150,13499,
53.489,696.387,51.4447,7.49143,267.277,0,126.955,1,4,-111,-10,2,29,30,6,27771907,262,1,150,13499,
54.494,696.387,51.4447,7.49143,267.287,0,126.955,1,3,-111,-9,2,29,29,6,27771907,262,1,150,13499,
55.503,696.387,51.4443,7.48846,nan,0,126.955,1,3,-111,-9,2,29,29,6,27771907,262,1,150,13499,
56.5,696.387,51.4447,7.49143,267.314,0,126.955,1,1,-113,-10,7,27,29,6,27771907,262,1,150,13499,
57.497,696.387,51.4447,7.49143,267.328,0,126.955,1,1,-113,-10,7,27,29,6,27771907,262,1,150,13499,
58.477,696.387,51.4447,7.49143,267.342,0,126.955,1,1,-113,-10,7,27,29,6,27771907,262,1,150,13499,
59.604,696.387,51.4447,7.49143,267.357,0,126.955,1,15,-83,-6,14,57,51,7,27771904,262,1,487,13499,
60.522,696.387,51.4447,7.49143,267.373,0,126.955,1,15,-83,-6,14,57,51,7,27771904,262,1,487,13499,
61.49,696.387,51.4447,7.49143,267.386,0,126.955,1,33,-83,-7,10,57,52,7,27771904,262,1,487,13499,
62.508,696.387,51.4447,7.49143,267.397,0,126.955,1,33,-83,-7,10,57,52,7,27771904,262,1,487,13499,
63.49,696.387,51.4447,7.49143,267.405,0,126.955,1,15,-84,-7,10,56,52,7,27771904,262,1,487,13499,
64.514,696.387,51.4447,7.49143,267.415,0,126.955,1,15,-84,-7,10,56,52,7,27771904,262,1,487,13499,
65.494,696.387,51.4447,7.49143,267.424,0,126.955,1,14,-86,-7,11,54,50,7,27771904,262,1,487,13499,
66.481,696.387,51.4447,7.49143,267.433,0,126.955,1,14,-86,-7,11,54,50,7,27771904,262,1,487,13499,
67.512,696.387,51.4447,7.49143,267.444,0,126.955,1,18,-84,-8,12,56,54,7,27771904,262,1,487,13499,
68.491,696.387,51.4447,7.49143,267.459,0,126.955,1,18,-84,-8,12,56,54,7,27771904,262,1,487,13499,
69.514,696.387,51.4447,7.49143,267.474,0,126.955,1,13,-87,-7,10,53,49,7,27771904,262,1,487,13499,
70.505,696.387,51.4447,7.49143,267.49,0,126.955,1,13,-87,-7,10,53,49,7,27771904,262,1,487,13499,
71.487,696.387,51.4447,7.49143,267.508,0,126.955,1,13,-84,-7,15,56,52,7,27771904,262,1,487,13499,
72.479,696.387,51.4447,7.49143,267.524,0,126.955,1,13,-84,-7,15,56,52,7,27771904,262,1,487,13499,
73.483,696.387,51.4447,7.49143,267.539,0,126.955,1,15,-83,-7,10,57,53,7,27771904,262,1,487,13499,
74.503,696.387,51.4447,7.49143,267.553,0,126.955,1,15,-83,-7,10,57,53,7,27771904,262,1,487,13499,
75.451,696.387,51.4415,7.50587,nan,0,126.955,1,16,-85,-7,10,55,51,7,27771904,262,1,487,13499,
76.486,696.387,51.4447,7.49143,267.578,0,126.955,1,16,-85,-7,10,55,51,7,27771904,262,1,487,13499,
77.505,696.387,51.4447,7.49143,267.59,0,126.955,1,14,-84,-7,11,56,53,7,27771904,262,1,487,13499,
78.524,696.387,51.4447,7.49143,267.602,0,126.955,1,14,-84,-7,11,56,53,7,27771904,262,1,487,13499,
79.507,696.387,51.4447,7.49143,267.614,0,126.955,1,14,-85,-5,10,55,50,7,27771904,262,1,487,13499,
80.488,696.387,51.4447,7.49143,267.625,0,126.955,1,14,-85,-5,10,55,50,7,27771904,262,1,487,13499,
81.492,696.387,51.4447,7.49143,267.635,0,126.955,1,14,-85,-5,10,55,50,7,27771904,262,1,487,13499,
82.485,696.387,51.4447,7.49143,267.645,0,126.955,1,13,-85,-6,15,55,49,7,27771904,262,1,487,13499,
83.504,696.387,51.4447,7.49143,267.653,0,126.955,1,13,-85,-6,15,55,49,7,27771904,262,1,487,13499,
84.506,696.387,51.4447,7.49143,267.661,0,126.955,1,15,-85,-7,15,55,51,7,27771904,262,1,487,13499,
85.5,696.387,51.4447,7.49143,267.668,0,126.955,1,15,-85,-7,15,55,51,7,27771904,262,1,487,13499,
86.5,696.387,51.4447,7.49143,267.672,0,126.955,1,13,-85,-7,15,55,51,7,27771904,262,1,487,13499,
87.485,696.387,51.4447,7.49143,267.674,0,126.955,1,13,-85,-7,15,55,51,7,27771904,262,1,487,13499,
88.49,696.387,51.4447,7.49143,267.677,0,126.955,1,15,-85,-6,10,55,51,7,27771904,262,1,487,13499,
89.5,696.387,51.4447,7.49143,267.679,0,126.955,1,15,-85,-6,10,55,51,7,27771904,262,1,487,13499,
90.514,696.387,51.4447,7.49143,267.681,0,126.955,1,14,-83,-7,15,57,52,7,27771904,262,1,487,13499,
91.479,696.387,51.4447,7.49143,267.695,0,126.955,1,14,-83,-7,15,57,52,7,27771904,262,1,487,13499,
92.481,696.387,51.4447,7.49143,267.69,0,126.955,1,16,-82,-5,2,58,51,7,27771904,262,1,487,13499,
93.486,696.387,51.4447,7.49143,267.681,0,126.955,1,16,-82,-5,2,58,51,7,27771904,262,1,487,13499,
94.491,696.387,51.4447,7.49143,267.649,0,126.955,1,19,-85,-6,2,55,51,7,27771904,262,1,487,13499,
95.494,696.387,51.4415,7.50587,nan,0,126.955,1,19,-85,-6,2,55,51,7,27771904,262,1,487,13499,
96.485,696.387,51.4447,7.49143,267.643,0,126.955,1,17,-85,-7,12,55,51,7,27771904,262,1,487,13499,
97.543,696.387,51.4447,7.49143,267.641,0,126.955,1,17,-85,-7,12,55,51,7,27771904,262,1,487,13499,
98.494,696.387,51.4447,7.49143,267.626,0,126.955,1,16,-83,-5,11,57,51,7,27771904,262,1,487,13499,
99.497,696.387,51.4447,7.49143,267.612,0,126.144,1,16,-83,-5,11,57,51,7,27771904,262,1,487,13499,
100.514,701.698,51.4447,7.49149,267.596,0,125.482,1,22,-80,-7,10,60,56,7,27771904,262,1,487,13499,
101.505,705.272,51.4446,7.49153,267.581,3.93291,126.257,1,22,-80,-7,10,60,56,7,27771904,262,1,487,13499,
102.486,709.532,51.4446,7.49158,267.261,4.44229,126.432,1,22,-81,-7,10,59,55,7,27771904,262,1,487,13499,
103.51,714.261,51.4446,7.49164,267.334,4.80869,127.007,1,22,-81,-7,10,59,55,7,27771904,262,1,487,13499,
104.481,719.045,51.4446,7.49168,267.517,4.744,141.86,1,21,-76,-6,13,64,60,7,27771904,262,1,487,13499,
105.501,724.002,51.4445,7.49171,267.424,5.07578,158.152,1,21,-76,-6,13,64,60,7,27771904,262,1,487,13499,
106.491,729.189,51.4445,7.49171,267.059,5.56186,192.086,1,19,-74,-6,11,66,61,7,27771904,262,1,487,13499,
107.514,736.093,51.4444,7.49166,266.867,6.9185,211.216,1,19,-74,-6,11,66,61,7,27771904,262,1,487,13499,
108.518,743.036,51.4444,7.49161,266.668,7.57283,212.84,1,19,-70,-6,14,70,63,7,27771904,262,1,487,13499,
109.515,751.633,51.4443,7.49155,266.387,8.77109,213.76,1,19,-70,-6,14,70,63,7,27771904,262,1,487,13499,
110.507,760.469,51.4442,7.49148,266.277,9.78797,214.134,1,19,-70,-6,14,70,63,7,27771904,262,1,487,13499,
111.481,770.93,51.4441,7.49139,266.206,10.6819,214.778,1,22,-69,-6,13,71,63,7,27771904,262,1,487,13499,
112.496,781.26,51.4441,7.49131,266.366,11.265,214.312,1,22,-69,-6,13,71,63,7,27771904,262,1,487,13499,
113.486,793.769,51.444,7.49121,266.817,11.7707,214.195,1,22,-67,-7,13,73,63,7,27771904,262,1,487,13499,
114.501,806.034,51.4439,7.49111,267.051,12.3275,214.472,1,22,-67,-7,13,73,63,7,27771904,262,1,487,13499,
115.507,806.034,51.4415,7.50587,nan,13.1478,214.953,1,24,-60,-5,2,80,63,7,27771904,262,1,487,13499,
116.48,806.034,51.4437,7.49089,268.5,13.8778,215.487,1,24,-60,-5,2,80,63,7,27771904,262,1,487,13499,
117.504,821.285,51.4436,7.49076,268.861,14.5127,215.985,1,26,-59,-6,2,81,63,7,27771904,262,1,487,13499,
118.487,835.306,51.4435,7.49065,269.19,14.0059,216.639,1,26,-59,-6,2,81,63,7,27771904,262,1,487,13499,
119.5,848.9,51.4434,7.49053,269.434,13.5894,216.615,1,26,-70,-4,2,70,63,7,27771907,262,1,150,13499,
120.487,862.756,51.4433,7.49041,269.732,13.6094,216.639,1,26,-70,-4,2,70,63,7,27771907,262,1,150,13499,
121.486,875.9,51.4432,7.49029,269.929,13.6094,216.556,1,20,-76,-5,2,64,60,7,27771907,262,1,150,13499,
122.498,889.169,51.4431,7.49018,270.049,13.7167,216.652,1,20,-76,-5,2,64,60,7,27771907,262,1,150,13499,
123.525,903.249,51.443,7.49005,270.393,14.0454,216.793,1,21,-81,-6,2,59,55,7,27771907,262,1,150,13499,
124.495,916.739,51.4429,7.48993,270.79,13.9463,216.82,1,21,-81,-6,2,59,55,7,27771907,262,1,150,13499,
125.503,929.906,51.4428,7.48982,271.381,13.3261,217.443,1,22,-87,-6,2,53,51,7,27771907,262,1,150,13499,
126.511,943.312,51.4427,7.4897,272.064,12.4563,218.049,1,22,-87,-6,2,53,51,7,27771907,262,1,150,13499,
127.49,955.958,51.4426,7.48958,272.151,12.8218,217.262,1,30,-79,-6,2,61,58,7,27771907,262,1,150,13499,
128.492,968.854,51.4425,7.48947,272.017,12.5754,216.446,1,30,-79,-6,2,61,58,7,27771907,262,1,150,13499,
129.494,981.788,51.4424,7.48936,271.98,11.9881,216.965,1,22,-73,-5,2,67,63,7,27771907,262,1,150,13499,
130.513,993.044,51.4424,7.48926,272.09,11.3569,217.609,1,22,-73,-5,2,67,63,7,27771907,262,1,150,13499,
131.472,1005.18,51.4423,7.48916,272.269,11.3394,217.843,1,29,-69,-6,2,71,63,7,27771907,262,1,150,13499,
132.512,1017.05,51.4422,7.48905,272.644,11.1472,217.245,1,29,-69,-6,2,71,63,7,27771907,262,1,150,13499,
133.526,1028.71,51.4421,7.48895,273.032,11.3531,218.156,1,30,-73,-6,2,67,63,7,27771907,262,1,150,13499,
134.511,1039.97,51.442,7.48885,273.299,10.9708,219.204,1,30,-73,-6,2,67,63,7,27771907,262,1,150,13499,
135.486,1039.97,51.4443,7.48846,nan,9.16436,219.966,1,30,-73,-6,2,67,63,7,27771907,262,1,150,13499,
136.498,1039.97,51.4419,7.48863,272.829,12.0621,222.287,1,32,-74,-5,2,66,63,7,27771907,262,1,150,13499,
137.561,1051.93,51.4418,7.48851,273.254,13.5299,224.344,1,32,-74,-5,2,66,63,7,27771907,262,1,150,13499,
138.504,1066.17,51.4417,7.48835,274.136,14.9048,226.004,1,33,-71,-5,2,69,63,7,27771907,262,1,150,13499,
139.492,1081.68,51.4416,7.48818,274.943,14.8774,228.395,1,33,-71,-5,2,69,63,7,27771907,262,1,150,13499,
140.505,1097.89,51.4415,7.488,275.671,15.4065,229.552,1,28,-71,-5,15,69,63,1,27771907,262,1,150,13499,
141.491,1114.2,51.4414,7.48782,276.964,16.1525,230.485,1,28,-71,-5,15,69,63,1,27771907,262,1,150,13499,
142.485,1131.35,51.4413,7.48762,277.737,17.0354,231.367,1,35,-75,-5,15,65,61,1,27771907,262,1,150,13499,
143.494,1149.44,51.4412,7.48741,278.394,17.4038,231.762,1,35,-75,-5,15,65,61,1,27771907,262,1,150,13499,
144.486,1167.67,51.4411,7.4872,278.867,17.5471,232.578,1,22,-81,-5,15,59,55,1,27771907,262,1,150,13499,
145.49,1185.22,51.441,7.48699,279.026,17.6827,232.399,1,22,-81,-5,15,59,55,1,27771907,262,1,150,13499,
146.497,1202.47,51.441,7.48679,279.088,17.8657,232.031,1,15,-88,-10,13,52,53,2,27771907,262,1,150,13499,
147.481,1220.2,51.4409,7.48658,279.173,17.7988,232.068,1,15,-88,-10,13,52,53,2,27771907,262,1,150,13499,
148.485,1237.77,51.4408,7.48638,279.565,17.7709,231.561,1,15,-82,-7,6,58,55,2,27771908,262,1,152,13499,
149.488,1255.32,51.4407,7.48618,280.136,17.138,232.218,1,15,-82,-7,6,58,55,2,27771908,262,1,152,13499,
150.475,1272.89,51.4406,7.48598,280.772,16.8569,231.992,1,27,-81,-7,15,59,57,2,27771908,262,1,152,13499,
151.499,1289.1,51.4405,7.4858,281.451,16.7328,231.062,1,27,-81,-7,15,59,57,2,27771908,262,1,152,13499,
152.503,1305.55,51.4404,7.48561,281.841,15.9601,230.446,1,25,-77,-5,15,63,61,2,27771908,262,1,152,13499,
153.487,1320.94,51.4403,7.48543,282.343,15.505,231.166,1,25,-77,-5,15,63,61,2,27771908,262,1,152,13499,
154.491,1336.46,51.4402,7.48526,282.588,15.2218,231.939,1,28,-76,-6,14,64,62,2,27771908,262,1,152,13499,
155.487,1336.46,51.4363,7.47489,nan,15.0293,231.917,1,28,-76,-6,14,64,62,2,27771908,262,1,152,13499,
156.5,1336.46,51.4401,7.48491,283.434,14.4902,231.643,1,28,-71,-5,15,69,63,2,27771908,262,1,152,13499,
157.49,1351.48,51.44,7.48473,284.06,15.075,232.573,1,28,-71,-5,15,69,63,2,27771908,262,1,152,13499,
158.494,1367.05,51.4399,7.48455,284.824,13.4185,232.866,1,28,-71,-5,15,69,63,2,27771908,262,1,152,13499,
159.501,1383.15,51.4398,7.48437,285.465,14.0932,231.768,1,28,-66,-6,15,74,63,2,27771908,262,1,152,13499,
160.49,1398.67,51.4397,7.48419,286.126,14.6056,231.914,1,28,-66,-6,15,74,63,2,27771908,262,1,152,13499,
161.483,1413.83,51.4396,7.48401,286.903,14.5704,233.623,1,22,-69,-6,15,71,63,2,27771908,262,1,152,13499,
162.483,1429.61,51.4396,7.48383,287.15,15.4177,232.404,1,22,-69,-6,15,71,63,2,27771908,262,1,152,13499,
163.484,1444.37,51.4395,7.48366,286.946,15.5053,232.95,1,29,-70,-4,2,70,63,2,27771908,262,1,152,13499,
164.492,1458.28,51.4394,7.4835,286.302,15.3837,234.302,1,29,-70,-4,2,70,63,2,27771908,262,1,152,13499,
165.5,1473.25,51.4393,7.48332,285.661,15.1569,235.287,1,25,-70,-6,2,70,63,2,27771908,262,1,152,13499,
166.488,1489.64,51.4393,7.48311,285.305,15.5888,236.866,1,25,-70,-6,2,70,63,2,27771908,262,1,152,13499,
167.5,1505.34,51.4392,7.48291,284.912,15.7849,237.638,1,27,-73,-5,2,67,63,2,27771908,262,1,152,13499,
168.502,1520.67,51.4391,7.48272,284.83,15.8886,238.031,1,27,-73,-5,2,67,63,2,27771908,262,1,152,13499,
169.505,1536.09,51.4391,7.48252,284.717,16.0204,238.664,1,27,-77,-6,2,63,60,2,27771908,262,1,152,13499,
170.481,1553.06,51.439,7.48231,284.681,15.8225,239.118,1,27,-77,-6,2,63,60,2,27771908,262,1,152,13499,
171.54,1568.24,51.4389,7.48212,284.741,15.8439,239.486,1,24,-82,-6,2,58,56,2,27771908,262,1,152,13499,
172.509,1583.82,51.4389,7.48192,284.743,15.7069,240.336,1,24,-82,-6,2,58,56,2,27771908,262,1,152,13499,
173.508,1599.17,51.4388,7.48172,284.953,15.6987,240.82,1,24,-91,-7,14,49,47,6,27771908,262,1,152,13499,
174.51,1614.78,51.4387,7.48152,284.699,15.6786,239.968,1,24,-91,-7,14,49,47,6,27771908,262,1,152,13499,
175.503,1614.78,51.4363,7.47489,nan,15.6073,239.208,1,22,-95,-5,12,45,42,6,27771908,262,1,152,13499,
176.491,1614.78,51.4386,7.48114,284.84,15.6286,239.556,1,22,-95,-5,12,45,42,6,27771908,262,1,152,13499,
177.504,1630.35,51.4385,7.48094,284.83,15.6481,239.248,1,21,-97,-5,12,43,39,6,27771908,262,1,152,13499,
178.504,1647.14,51.4385,7.48073,284.883,15.7034,239.588,1,21,-97,-5,12,43,39,6,27771908,262,1,152,13499,
179.485,1662.7,51.4384,7.48053,284.775,15.5806,240.356,1,11,-101,-6,11,39,36,6,27771908,262,1,152,13499,
180.499,1677.62,51.4383,7.48034,284.922,15.5574,239.989,1,11,-101,-6,11,39,36,6,27771908,262,1,152,13499,
181.493,1693.14,51.4383,7.48014,284.961,15.6876,240.329,1,11,-101,-6,11,39,36,6,27771908,262,1,152,13499,
182.497,1708.7,51.4382,7.47995,285.374,15.6858,240.464,1,10,-102,-6,7,38,36,6,27771908,262,1,152,13499,
183.501,1723.21,51.4381,7.47976,286.411,15.8255,241.23,1,10,-102,-6,7,38,36,6,27771908,262,1,152,13499,
184.491,1740.21,51.4381,7.47954,286.708,15.871,242.078,1,7,-105,-8,11,35,34,6,27771908,262,1,152,13499,
185.504,1755.62,51.438,7.47934,286.891,15.5134,241.447,1,7,-105,-8,11,35,34,6,27771908,262,1,152,13499,
186.479,1771.17,51.4379,7.47915,286.593,14.9791,240.495,1,2,-104,-8,8,36,35,6,27771908,262,1,152,13499,
187.518,1786.34,51.4379,7.47895,285.894,13.7907,241.631,1,2,-104,-8,8,36,35,6,27771908,262,1,152,13499,
188.485,1801.39,51.4378,7.47876,285.054,14.0634,240.746,1,1,-102,-7,2,38,36,6,27771908,262,1,152,13499,
189.498,1817.11,51.4377,7.47856,284.736,13.8045,240.967,1,1,-102,-7,2,38,36,6,27771908,262,1,152,13499,
190.484,1830.76,51.4377,7.47839,284.327,13.9373,240.681,1,1,-103,-8,2,37,36,6,27771908,262,1,152,13499,
191.502,1843.32,51.4376,7.47823,283.867,13.5213,239.814,1,1,-103,-8,2,37,36,6,27771908,262,1,152,13499,
192.488,1857.76,51.4376,7.47804,283.54,13.475,240.704,1,0,-104,-9,2,36,36,6,27771908,262,1,152,13499,
193.483,1872.06,51.4375,7.47786,283.686,13.5795,241.124,1,0,-104,-9,2,36,36,6,27771908,262,1,152,13499,
194.487,1884.4,51.4374,7.47771,283.234,13.1396,241.83,1,-5,-106,-11,2,34,36,6,27771908,262,1,152,13499,
195.471,1884.4,51.4389,7.48024,nan,13.8473,241.289,1,-5,-106,-11,2,34,36,6,27771908,262,1,152,13499,
196.517,1884.4,51.4373,7.47737,283.085,14.0915,240.771,1,-3,-107,-11,2,33,36,6,27771908,262,1,152,13499,
197.51,1899.03,51.4373,7.47718,283.331,13.6236,241.618,1,-3,-107,-11,2,33,36,6,27771908,262,1,152,13499,
198.516,1912.6,51.4372,7.477,283.763,13.285,244.14,1,1,-108,-11,2,32,34,6,27771908,262,1,152,13499,
199.506,1926.39,51.4372,7.47681,284.4,11.9789,247.948,1,1,-108,-11,2,32,34,6,27771908,262,1,152,13499,
200.49,1939.28,51.4372,7.47663,284.523,10.9775,264.7,1,13,-107,-10,2,33,34,6,27771908,262,1,152,13499,
201.502,1949.95,51.4372,7.47647,284.727,9.97196,268.167,1,13,-107,-10,2,33,34,6,27771908,262,1,152,13499,
202.494,1959.33,51.4372,7.47634,285.058,8.85201,292.172,1,16,-106,-9,2,34,34,6,27771908,262,1,152,13499,
203.508,1968.8,51.4373,7.47624,285.308,8.46083,311.449,1,16,-106,-9,2,34,34,6,27771908,262,1,152,13499,
204.489,1977.14,51.4373,7.47617,285.45,8.84342,333.146,1,19,-103,-7,2,37,35,6,27771908,262,1,152,13499,
205.493,1985.79,51.4374,7.47615,285.259,8.31641,351.699,1,19,-103,-7,2,37,35,6,27771908,262,1,152,13499,
206.49,1995.48,51.4375,7.47618,285.095,9.5945,25.2541,1,5,-98,-6,2,42,39,6,27771908,262,1,152,13499,
207.489,2007.66,51.4376,7.4763,285.389,11.1398,47.9653,1,5,-98,-6,2,42,39,6,27771908,262,1,152,13499,
208.484,2018.57,51.4376,7.47642,285.873,12.336,49.6858,1,5,-98,-6,2,42,39,6,27771908,262,1,152,13499,
209.49,2032.98,51.4377,7.47658,286.275,13.8747,50.9201,1,28,-91,-6,2,49,46,6,27771908,262,1,152,13499,
210.493,2047.45,51.4378,7.47674,286.217,15.124,51.6538,1,28,-91,-6,2,49,46,6,27771908,262,1,152,13499,
211.486,2064.4,51.4379,7.47694,285.948,16.6104,52.1456,1,26,-81,-5,2,59,56,6,27771908,262,1,152,13499,
212.506,2082.19,51.438,7.47714,285.579,17.6099,53.1077,1,26,-81,-5,2,59,56,6,27771908,262,1,152,13499,
213.505,2099.57,51.4381,7.47735,285.59,18.9038,53.4703,1,27,-78,-6,2,62,59,6,27771908,262,1,152,13499,
214.479,2119.39,51.4382,7.47758,285.466,19.8039,53.9077,1,27,-78,-6,2,62,59,6,27771908,262,1,152,13499,
215.475,2119.39,51.4363,7.47489,nan,20.2369,54.7215,1,27,-78,-6,2,62,59,6,27771908,262,1,152,13499,
216.512,2119.39,51.4384,7.47807,284.862,20.9678,55.2609,1,27,-78,-6,2,62,59,6,27771908,262,1,152,13499,
217.509,2140.47,51.4385,7.47833,284.656,22.316,56.3954,1,27,-77,-5,2,63,60,6,27771908,262,1,152,13499,
218.5,2163.02,51.4386,7.4786,284.447,22.9222,56.7763,1,27,-77,-5,2,63,60,6,27771908,262,1,152,13499,
219.494,2185.68,51.4387,7.47888,284.28,23.3507,58.1582,1,25,-78,-5,2,62,58,6,27771908,262,1,152,13499,
220.489,2209.62,51.4388,7.47918,284.196,24.4349,57.4544,1,25,-78,-5,2,62,58,6,27771908,262,1,152,13499,
221.493,2234.19,51.4389,7.47948,284.135,24.8086,57.2681,1,26,-80,-5,2,60,56,6,27771908,262,1,152,13499,
222.477,2259.52,51.4391,7.47978,284.175,25.1841,55.8762,1,26,-80,-5,2,60,56,6,27771908,262,1,152,13499,
223.574,2284.95,51.4392,7.48008,283.905,25.0223,54.5364,1,26,-82,-5,2,58,54,6,27771908,262,1,152,13499,
224.51,2309.98,51.4393,7.48038,283.947,24.7945,54.609,1,26,-82,-5,2,58,54,6,27771908,262,1,152,13499,
225.482,2333.9,51.4394,7.48066,284.095,24.1436,54.5504,1,24,-90,-6,14,50,48,6,27771908,262,1,152,13499,
226.481,2358.09,51.4396,7.48095,284.035,23.8579,54.0048,1,24,-90,-6,14,50,48,6,27771908,262,1,152,13499,
227.498,2381.48,51.4397,7.48122,284.138,23.441,53.3442,1,25,-86,-5,15,54,51,6,27771908,262,1,152,13499,
228.489,2405.19,51.4398,7.48148,284.497,23.6492,49.5399,1,25,-86,-5,15,54,51,6,27771908,262,1,152,13499,
229.5,2429.37,51.44,7.48174,284.792,23.4242,47.6652,1,22,-85,-5,11,55,52,6,27771908,262,1,152,13499,
230.478,2453.84,51.4401,7.48199,284.729,23.3208,47.4868,1,22,-85,-5,11,55,52,6,27771908,262,1,152,13499,
231.494,2477.52,51.4403,7.48223,284.468,23.3895,45.1992,1,13,-85,-5,12,55,52,6,27771908,262,1,152,13499,
232.508,2500.82,51.4404,7.48246,284.29,23.902,43.7852,1,13,-85,-5,12,55,52,6,27771908,262,1,152,13499,
233.475,2524.55,51.4406,7.48268,283.89,24.0842,40.9299,1,27,-84,-5,15,56,51,6,27771908,262,1,152,13499,
234.509,2548,51.4408,7.4829,283.479,24.193,40.5175,1,27,-84,-5,15,56,51,6,27771908,262,1,152,13499,
235.476,2548,51.4363,7.47489,nan,24.1685,38.6749,1,27,-84,-5,15,56,51,6,27771908,262,1,152,13499,
236.5,2548,51.4411,7.48335,281.985,24.3699,37.6623,1,11,-83,-5,14,57,54,6,27771908,262,1,152,13499,
237.503,2571.57,51.4413,7.48355,281.422,24.0457,35.6806,1,11,-83,-5,14,57,54,6,27771908,262,1,152,13499,
238.501,2595.48,51.4415,7.48375,281.068,23.7093,34.0407,1,4,-86,-7,11,54,51,6,27771908,262,1,152,13499,
239.486,2619.46,51.4416,7.48393,280.87,23.6174,31.5257,1,4,-86,-7,11,54,51,6,27771908,262,1,152,13499,
240.492,2642.7,51.4418,7.4841,280.627,23.5419,29.7033,1,17,-90,-9,8,50,50,6,27771908,262,1,152,13499,
241.51,2665.95,51.442,7.48426,280.454,23.4406,28.3556,1,17,-90,-9,8,50,50,6,27771908,262,1,152,13499,
242.507,2689.66,51.4422,7.48442,279.974,23.4137,27.0033,1,-5,-85,-10,6,55,53,1,27771909,262,1,151,13499,
243.493,2712.87,51.4424,7.48458,279.177,23.4995,26.2244,1,-5,-85,-10,6,55,53,1,27771909,262,1,151,13499,
244.5,2735.99,51.4426,7.48472,278.335,23.4358,25.6602,1,17,-83,-7,15,57,53,1,27771909,262,1,151,13499,
245.485,2759.15,51.4428,7.48487,277.5,23.5701,25.1073,1,17,-83,-7,15,57,53,1,27771909,262,1,151,13499,
246.523,2782.27,51.4429,7.48501,276.665,23.2554,24.6288,1,29,-76,-6,15,64,63,1,27771909,262,1,151,13499,
247.484,2805.75,51.4431,7.48514,275.997,23.2223,23.4623,1,29,-76,-6,15,64,63,1,27771909,262,1,151,13499,
248.491,2828.9,51.4433,7.48527,275.191,23.1552,23.1296,1,16,-81,-6,15,59,55,1,27771909,262,1,151,13499,
249.511,2851.68,51.4435,7.4854,274.429,23.1114,22.8711,1,16,-81,-6,15,59,55,1,27771909,262,1,151,13499,
250.475,2873.93,51.4437,7.48553,273.751,21.1083,22.6314,1,32,-69,-4,15,71,63,1,27771909,262,1,151,13499,
251.5,2893.37,51.4439,7.48563,272.749,19.2938,21.4052,1,32,-69,-4,15,71,63,1,27771909,262,1,151,13499,
252.489,2910.96,51.444,7.48573,271.447,18.1715,20.6096,1,32,-64,-5,15,76,63,1,27771909,262,1,151,13499,
253.481,2927.42,51.4442,7.48582,270.462,16.754,21.213,1,32,-64,-5,15,76,63,1,27771909,262,1,151,13499,
254.538,2942.7,51.4443,7.4859,269.457,15.6564,22.4074,1,17,-66,-5,15,74,63,1,27771909,262,1,151,13499,
255.479,2959.37,51.4444,7.486,268.796,14.7725,24.981,1,17,-66,-5,15,74,63,1,27771909,262,1,151,13499,
256.491,2974.54,51.4445,7.48611,268.325,13.7565,28.7116,1,29,-70,-5,15,70,63,1,27771909,262,1,151,13499,
257.484,2987.65,51.4446,7.48625,267.758,12.5082,48.7135,1,29,-70,-5,15,70,63,1,27771909,262,1,151,13499,
258.485,2999.8,51.4447,7.48639,267.014,12.6313,52.6838,1,29,-70,-5,15,70,63,1,27771909,262,1,151,13499,
259.486,3013.88,51.4447,7.48658,266.677,11.9614,71.0406,1,26,-80,-5,15,60,56,1,27771909,262,1,151,13499,
260.479,3027.47,51.4448,7.48677,266.244,12.2839,74.7281,1,26,-80,-5,15,60,56,1,27771909,262,1,151,13499,
261.499,3041.22,51.4447,7.48697,265.331,12.2779,98.526,1,26,-83,-6,15,57,53,1,27771909,262,1,151,13499,
262.48,3055.08,51.4447,7.48715,264.601,12.4597,114.61,1,26,-83,-6,15,57,53,1,27771909,262,1,151,13499,
263.487,3069.07,51.4446,7.4873,264.38,13.0176,133.794,1,20,-79,-6,15,61,57,1,27771909,262,1,151,13499,
264.49,3082.03,51.4445,7.4874,264.552,13.6049,147.894,1,20,-79,-6,15,61,57,1,27771909,262,1,151,13499,
265.515,3097.52,51.4444,7.48751,264.682,13.5889,150.968,1,20,-70,-5,15,70,63,1,27771909,262,1,151,13499,
266.499,3112.44,51.4442,7.48755,264.971,14.1324,174.011,1,20,-70,-5,15,70,63,1,27771909,262,1,151,13499,
267.479,3126.86,51.4441,7.48752,265.211,13.691,189.741,1,21,-70,-6,15,70,63,1,27771909,262,1,151,13499,
268.517,3140.58,51.444,7.48745,265.24,13.4674,205.99,1,21,-70,-6,15,70,63,1,27771909,262,1,151,13499,
269.506,3154.44,51.4439,7.48733,264.832,13.4954,221.035,1,28,-71,-5,15,69,63,1,27771909,262,1,151,13499,
270.489,3167,51.4438,7.48718,264.141,12.9825,236.197,1,28,-71,-5,15,69,63,1,27771909,262,1,151,13499,
271.524,3179.33,51.4438,7.48702,263.52,12.5197,248.854,1,25,-80,-6,2,60,57,1,27771909,262,1,151,13499,
272.505,3192.72,51.4438,7.48683,263.437,12.7208,263.319,1,25,-80,-6,2,60,57,1,27771909,262,1,151,13499,
273.484,3205.37,51.4437,7.48665,263.764,13.3276,265.109,1,25,-84,-6,2,56,53,1,27771909,262,1,151,13499,
274.502,3218.71,51.4437,7.48646,263.946,13.9104,265.819,1,25,-84,-6,2,56,53,1,27771909,262,1,151,13499,
275.479,3218.71,51.4446,7.48431,nan,14.7232,266.208,1,27,-82,-6,2,58,55,1,27771909,262,1,151,13499,
276.504,3218.71,51.4437,7.48603,264.045,15.6221,266.554,1,27,-82,-6,2,58,55,1,27771909,262,1,151,13499,
277.5,3235.81,51.4437,7.48579,264.4,16.5871,266.95,1,25,-82,-6,2,58,55,1,27771909,262,1,151,13499,
278.494,3253.28,51.4437,7.48553,264.739,17.7003,266.107,1,25,-82,-6,2,58,55,1,27771909,262,1,151,13499,
279.49,3273.84,51.4437,7.48524,264.903,17.472,267.659,1,23,-81,-6,2,59,56,1,27771909,262,1,151,13499,
280.493,3292.59,51.4437,7.48497,264.572,18.7876,267.991,1,23,-81,-6,2,59,56,1,27771909,262,1,151,13499,
281.485,3311.75,51.4437,7.48469,264.685,18.7533,268.339,1,27,-84,-6,2,56,53,1,27771909,262,1,151,13499,
282.493,3328.66,51.4437,7.48445,264.798,18.7337,268.72,1,27,-84,-6,2,56,53,1,27771909,262,1,151,13499,
283.476,3347.1,51.4437,7.48418,264.676,18.5154,269.37,1,27,-84,-6,2,56,53,1,27771909,262,1,151,13499,
284.494,3364.27,51.4437,7.48393,264.201,18.3489,268.775,1,32,-79,-6,2,61,57,1,27771909,262,1,151,13499,
285.492,3382.62,51.4437,7.48367,263.579,18.5257,268.434,1,32,-79,-6,2,61,57,1,27771909,262,1,151,13499,
286.492,3400.87,51.4437,7.4834,262.894,18.785,267.652,1,30,-74,-6,2,66,62,1,27771909,262,1,151,13499,
287.486,3419.79,51.4437,7.48313,262.461,18.8962,267.599,1,30,-74,-6,2,66,62,1,27771909,262,1,151,13499,
288.503,3438.92,51.4437,7.48285,262.113,18.7449,267.634,1,30,-70,-5,2,70,63,1,27771909,262,1,151,13499,
289.501,3457.35,51.4437,7.48259,261.883,19.0633,267.502,1,30,-70,-5,2,70,63,1,27771909,262,1,151,13499,
290.503,3477.13,51.4436,7.4823,261.434,19.721,267.4,1,24,-78,-6,2,62,59,1,27771909,262,1,151,13499,
291.475,3496.87,51.4436,7.48202,260.768,20.4067,267.08,1,24,-78,-6,2,62,59,1,27771909,262,1,151,13499,
292.496,3517.72,51.4436,7.48172,260.28,20.9997,266.463,1,26,-78,-6,2,62,59,1,27771909,262,1,151,13499,
293.477,3538.08,51.4436,7.48142,259.829,21.6423,266.184,1,26,-78,-6,2,62,59,1,27771909,262,1,151,13499,
294.497,3559.53,51.4436,7.48111,259.425,22.3504,266.086,1,18,-84,-6,2,56,53,1,27771909,262,1,151,13499,
295.475,3582.59,51.4436,7.48078,259.156,23.0832,265.26,1,18,-84,-6,2,56,53,1,27771909,262,1,151,13499,
296.512,3606.11,51.4436,7.48044,259.02,23.6746,264.904,1,17,-88,-6,2,52,49,1,27771909,262,1,151,13499,
297.51,3629.99,51.4436,7.4801,258.917,24.3732,263.682,1,17,-88,-6,2,52,49,1,27771909,262,1,151,13499,
298.527,3654.02,51.4435,7.47976,258.929,24.3396,262.988,1,13,-90,-6,2,50,47,1,27771909,262,1,151,13499,
299.488,3678.74,51.4435,7.4794,258.931,24.878,262.506,1,13,-90,-6,2,50,47,1,27771909,262,1,151,13499,
300.482,3703.91,51.4435,7.47904,258.886,24.914,262.565,1,12,-90,-6,2,50,47,1,27771909,262,1,151,13499,
301.527,3728.56,51.4435,7.47869,258.895,24.8039,262.361,1,12,-90,-6,2,50,47,1,27771909,262,1,151,13499,
302.492,3753.13,51.4434,7.47834,258.804,24.6248,262.731,1,16,-89,-6,2,51,47,1,27771909,262,1,151,13499,
303.481,3777.28,51.4434,7.47799,258.561,24.4061,262.83,1,16,-89,-6,2,51,47,1,27771909,262,1,151,13499,
304.478,3800.9,51.4434,7.47765,258.361,23.993,262.487,1,10,-87,-5,2,53,49,1,27771909,262,1,151,13499,
305.508,3824.25,51.4433,7.47732,258.191,23.833,262.574,1,10,-87,-5,2,53,49,1,27771909,262,1,151,13499,
306.592,3848.26,51.4433,7.47697,258.021,24.0608,262.483,1,15,-89,-6,2,51,47,1,27771909,262,1,151,13499,
307.498,3872.04,51.4433,7.47663,257.745,24.1919,262.037,1,15,-89,-6,2,51,47,1,27771909,262,1,151,13499,
308.493,3896.34,51.4433,7.47628,257.368,24.2732,261.792,1,15,-89,-6,2,51,47,1,27771909,262,1,151,13499,
309.512,3920.27,51.4432,7.47594,256.966,24.1878,261.504,1,7,-93,-7,8,47,46,8,27771909,262,1,151,13499,
310.487,3944.46,51.4432,7.4756,256.541,24.3128,260.942,1,7,-93,-7,8,47,46,8,27771909,262,1,151,13499,
311.514,3968.4,51.4432,7.47526,256.289,24.5174,259.413,1,6,-88,-6,11,52,49,8,27771909,262,1,151,13499,
312.508,3992.83,51.4431,7.47491,255.987,24.8736,258.506,1,6,-88,-6,11,52,49,8,27771909,262,1,151,13499,
313.496,4017.65,51.4431,7.47456,255.613,25.2605,257.701,1,1,-100,-8,8,40,39,8,27771909,262,1,151,13499,
314.473,4042.99,51.443,7.4742,255.164,25.8839,257.759,1,1,-100,-8,8,40,39,8,27771909,262,1,151,13499,
315.477,4068.94,51.443,7.47384,254.707,26.6199,257.577,1,-6,-105,-8,6,35,35,31,31281409,262,1,232,13499,
316.481,4095.74,51.4429,7.47346,254.185,27.4072,257.273,1,-6,-105,-8,6,35,35,31,31281409,262,1,232,13499,
317.487,4123.39,51.4429,7.47307,253.6,28.236,257.875,1,-3,-113,-14,4,27,31,31,31281409,262,1,232,13499,
318.499,4151.89,51.4428,7.47267,252.888,29.0682,258.52,1,-3,-113,-14,4,27,31,31,31281409,262,1,232,13499,
319.48,4181.16,51.4428,7.47225,252.166,29.9621,258.707,1,-2,-114,-12,7,26,29,31,31281409,262,1,232,13499,
320.49,4211.18,51.4427,7.47183,251.358,29.9335,258.67,1,-2,-114,-12,7,26,29,31,31281409,262,1,232,13499,
321.489,4240.68,51.4427,7.47141,250.501,29.8199,258.279,0,0,0,0,0,0,0,0,0,0,0,0,0,
322.503,4270.39,51.4426,7.47099,249.786,29.4189,258.281,0,0,0,0,0,0,0,0,0,0,0,0,0,
323.489,4299.32,51.4425,7.47058,249.316,29.0909,258.433,0,0,0,0,0,0,0,0,0,0,0,0,0,
324.484,4327.82,51.4425,7.47018,248.718,28.5326,257.791,0,0,0,0,0,0,0,0,0,0,0,0,0,
325.485,4355.86,51.4424,7.46978,248.049,28.3599,257.816,0,0,0,0,0,0,0,0,0,0,0,0,0,
326.498,4384.07,51.4424,7.46938,247.243,28.4738,257.951,0,0,0,0,0,0,0,0,0,0,0,0,0,
327.472,4412.61,51.4423,7.46898,246.424,29.0421,258.142,0,0,0,0,0,0,0,0,0,0,0,0,0,
328.505,4441.86,51.4423,7.46856,245.551,29.6706,258.539,0,0,0,0,0,0,0,0,0,0,0,0,0,
329.508,4471.7,51.4422,7.46814,244.676,30.3339,258.916,0,0,0,0,0,0,0,0,0,0,0,0,0,
330.504,4502.38,51.4422,7.46771,243.845,30.9694,259.141,0,0,0,0,0,0,0,0,0,0,0,0,0,
331.485,4532.75,51.4421,7.46728,242.703,31.2697,259.088,0,0,0,0,0,0,0,0,0,0,0,0,0,
332.497,4563.88,51.4421,7.46684,241.601,31.6633,259.942,0,0,0,0,0,0,0,0,0,0,0,0,0,
333.489,4595.94,51.442,7.46638,240.793,31.9646,259.94,0,0,0,0,0,0,0,0,0,0,0,0,0,
334.491,4627.89,51.442,7.46593,240.135,32.1164,260.223,0,0,0,0,0,0,0,0,0,0,0,0,0,
335.496,4660.32,51.4419,7.46547,239.572,32.4929,260.617,0,0,0,0,0,0,0,0,0,0,0,0,0,
336.483,4660.32,51.4446,7.4632,nan,32.7738,260.812,0,0,0,0,0,0,0,0,0,0,0,0,0,
337.497,4660.32,51.4418,7.46454,238.434,32.9242,261.648,0,0,0,0,0,0,0,0,0,0,0,0,0,
338.488,4693.2,51.4418,7.46407,237.803,33.0296,262.323,0,0,0,0,0,0,0,0,0,0,0,0,0,
339.497,4726.17,51.4417,7.4636,237.293,33.233,263.141,0,0,0,0,0,0,0,0,0,0,0,0,0,
340.516,4759.3,51.4417,7.46312,236.801,33.4219,263.685,0,0,0,0,0,0,0,0,0,0,0,0,0,
341.509,4792.7,51.4417,7.46264,236.368,33.523,264.058,0,0,0,0,0,0,0,0,0,0,0,0,0,
342.49,4826.13,51.4416,7.46216,235.917,33.6662,264.608,0,0,0,0,0,0,0,0,0,0,0,0,0,
343.478,4859.62,51.4416,7.46168,235.478,33.7593,265.55,0,0,0,0,0,0,0,0,0,0,0,0,0,
344.483,4893.03,51.4416,7.4612,234.972,33.7465,265.893,0,0,0,0,0,0,0,0,0,0,0,0,0,
345.491,4926.74,51.4416,7.46071,234.533,33.4386,266.583,0,0,0,0,0,0,0,0,0,0,0,0,0,
346.486,4959.83,51.4416,7.46023,234.074,33.3516,266.925,1,5,-103,-9,10,37,33,22,31281409,262,1,232,13499,
347.508,4993.19,51.4416,7.45975,233.633,33.4203,267.425,1,5,-103,-9,10,37,33,22,31281409,262,1,232,13499,
348.485,5026.7,51.4415,7.45927,233.239,33.4384,267.875,1,2,-106,-10,8,34,36,22,31281409,262,1,232,13499,
349.487,5060.04,51.4415,7.45879,232.878,33.4147,268.386,1,2,-106,-10,8,34,36,22,31281409,262,1,232,13499,
350.495,5093.77,51.4415,7.4583,232.564,33.3862,268.78,1,6,-102,-9,8,38,38,22,31281409,262,1,232,13499,
351.508,5126.95,51.4415,7.45782,232.39,33.3842,269.187,1,6,-102,-9,8,38,38,22,31281409,262,1,232,13499,
352.5,5159.75,51.4415,7.45735,232.279,32.7606,269.734,1,-1,-103,-10,5,37,37,22,31281409,262,1,232,13499,
353.517,5192.1,51.4415,7.45688,231.893,32.4836,270.343,1,-1,-103,-10,5,37,37,22,31281409,262,1,232,13499,
354.489,5224.52,51.4415,7.45641,231.435,32.614,270.742,1,7,-96,-7,13,44,41,25,27771908,262,1,152,13499,
355.494,5257.06,51.4415,7.45594,231.162,32.6337,271.005,1,7,-96,-7,13,44,41,25,27771908,262,1,152,13499,
356.504,5288.9,51.4415,7.45548,231.208,32.7797,271.625,1,0,-89,-7,6,51,50,16,33527552,262,1,433,13499,
357.492,5321.33,51.4416,7.45502,231.151,32.7867,271.903,1,0,-89,-7,6,51,50,16,33527552,262,1,433,13499,
358.499,5354.06,51.4416,7.45454,231.083,32.6315,272.364,1,30,-85,-6,13,55,52,16,33527552,262,1,433,13499,
359.486,5386.83,51.4416,7.45407,231.062,32.7063,273.257,1,30,-85,-6,13,55,52,16,33527552,262,1,433,13499,
360.514,5419.75,51.4416,7.4536,230.817,32.5759,274.711,1,30,-80,-7,10,60,58,16,33527552,262,1,433,13499,
361.485,5452.05,51.4416,7.45313,230.597,32.3383,274.95,1,30,-80,-7,10,60,58,16,33527552,262,1,433,13499,
362.517,5484.24,51.4417,7.45267,230.327,32.2712,275.25,1,33,-80,-6,12,60,58,16,33527552,262,1,433,13499,
363.506,5516.44,51.4417,7.45221,230.013,32.3388,275.949,1,33,-80,-6,12,60,58,16,33527552,262,1,433,13499,
364.484,5548.8,51.4417,7.45174,229.608,32.4729,276.417,1,31,-78,-6,12,62,60,16,33527552,262,1,433,13499,
365.497,5581.31,51.4418,7.45128,229.177,32.6454,277.294,1,31,-78,-6,12,62,60,16,33527552,262,1,433,13499,
366.499,5614.02,51.4418,7.45081,228.813,32.8883,277.451,1,31,-79,-9,11,61,62,16,33527552,262,1,433,13499,
367.49,5647,51.4418,7.45034,228.405,32.7884,277.634,1,31,-79,-9,11,61,62,16,33527552,262,1,433,13499,
368.491,5679.33,51.4419,7.44988,228.125,32.6122,277.804,1,31,-79,-9,11,61,62,16,33527552,262,1,433,13499,
369.489,5711.79,51.4419,7.44941,227.989,32.6152,278.2,1,20,-79,-7,12,61,60,16,33527552,262,1,433,13499,
370.578,5744.26,51.442,7.44895,227.972,32.4097,278.968,1,20,-79,-7,12,61,60,16,33527552,262,1,433,13499,
371.474,5776.32,51.442,7.44849,227.937,32.046,279.26,1,36,-80,-5,13,60,57,16,33527552,262,1,433,13499,
372.494,5807.99,51.4421,7.44804,227.721,32.0068,279.588,1,36,-80,-5,13,60,57,16,33527552,262,1,433,13499,
373.49,5839.84,51.4421,7.44759,227.438,32.1756,280.45,1,25,-80,-5,15,60,56,10,33527552,262,1,433,13499,
374.512,5871.96,51.4422,7.44713,227.107,32.3072,281.061,1,25,-80,-5,15,60,56,10,33527552,262,1,433,13499,
375.487,5904.57,51.4422,7.44667,226.97,32.544,281.698,1,38,-74,-4,15,66,61,10,33527552,262,1,433,13499,
376.503,5937.23,51.4423,7.44621,226.867,32.779,282.409,1,38,-74,-4,15,66,61,10,33527552,262,1,433,13499,
377.476,5970.16,51.4423,7.44575,226.796,33.0547,282.727,1,38,-70,-4,15,70,63,10,33527552,262,1,433,13499,
378.506,6002.95,51.4424,7.44529,226.88,33.3527,283.357,1,38,-70,-4,15,70,63,10,33527552,262,1,433,13499,
379.494,6036,51.4425,7.44482,226.794,33.6008,283.425,1,34,-72,-6,15,68,63,10,33527552,262,1,433,13499,
380.498,6069.72,51.4426,7.44435,226.541,33.8398,283.947,1,34,-72,-6,15,68,63,10,33527552,262,1,433,13499,
381.499,6103.15,51.4426,7.44388,226.287,33.7257,284.585,1,29,-71,-5,14,69,63,10,33527552,262,1,433,13499,
382.497,6136.79,51.4427,7.44341,225.936,33.8183,284.552,1,29,-71,-5,14,69,63,10,33527552,262,1,433,13499,
383.5,6170.52,51.4428,7.44294,225.397,33.8066,285.257,1,38,-70,-8,15,70,63,10,33527552,262,1,433,13499,
384.497,6204.37,51.4429,7.44247,224.676,33.8355,285.964,1,38,-70,-8,15,70,63,10,33527552,262,1,433,13499,
385.512,6238.32,51.4429,7.442,223.731,34.1565,286.468,1,40,-68,-6,12,72,63,10,33527552,262,1,433,13499,
386.521,6272.38,51.443,7.44152,222.771,34.3703,286.836,1,40,-68,-6,12,72,63,10,33527552,262,1,433,13499,
387.483,6306.36,51.4431,7.44105,221.892,34.6649,287.27,1,39,-72,-9,10,68,63,10,33527552,262,1,433,13499,
388.485,6341.27,51.4432,7.44057,220.995,35.0351,287.453,1,39,-72,-9,10,68,63,10,33527552,262,1,433,13499,
389.498,6376.07,51.4433,7.44009,220.113,35.3394,288.058,1,14,-82,-6,2,58,56,10,33527552,262,1,433,13499,
390.495,6410.62,51.4434,7.43962,219.352,35.3932,288.558,1,14,-82,-6,2,58,56,10,33527552,262,1,433,13499,
391.48,6445.26,51.4435,7.43915,218.622,34.8364,288.723,1,21,-80,-5,2,60,59,10,33527552,262,1,433,13499,
392.482,6479.23,51.4436,7.43868,217.836,34.2408,288.868,1,21,-80,-5,2,60,59,10,33527552,262,1,433,13499,
393.5,6512.81,51.4437,7.43823,217.023,33.634,290.31,1,21,-80,-5,2,60,59,10,33527552,262,1,433,13499,
394.511,6546.62,51.4438,7.43777,216.17,33.6638,291.034,1,12,-78,-6,2,62,61,10,33527552,262,1,433,13499,
395.517,6580.68,51.4439,7.43731,215.273,34.0238,291.033,1,12,-78,-6,2,62,61,10,33527552,262,1,433,13499,
396.501,6614.64,51.444,7.43686,214.407,34.0475,290.905,1,-6,-77,-6,2,63,61,10,33527552,262,1,433,13499,
397.5,6647.49,51.4441,7.43642,213.55,33.4431,292.441,1,-6,-77,-6,2,63,61,10,33527552,262,1,433,13499,
398.49,6681.19,51.4443,7.43597,212.777,33.2774,292.99,1,14,-81,-7,2,59,60,10,33527554,262,1,434,13499,
399.506,6714.76,51.4444,7.43552,211.931,33.626,293.213,1,14,-81,-7,2,59,60,10,33527554,262,1,434,13499,
400.498,6748.72,51.4445,7.43507,211.168,33.9934,293.742,1,9,-83,-7,2,57,54,10,33527554,262,1,434,13499,
401.482,6783.65,51.4446,7.43461,210.27,34.5257,294.723,1,9,-83,-7,2,57,54,10,33527554,262,1,434,13499,
402.492,6818.59,51.4448,7.43416,209.228,34.9967,295.904,1,13,-85,-7,2,55,52,10,33527554,262,1,434,13499,
403.499,6853.54,51.4449,7.43371,208.097,35.1294,296.405,1,13,-85,-7,2,55,52,10,33527554,262,1,434,13499,
404.483,6888.53,51.4451,7.43326,207.093,34.7539,297.916,1,17,-86,-7,2,54,52,10,33527554,262,1,434,13499,
405.485,6922.84,51.4452,7.43283,206.002,34.4777,298.465,1,17,-86,-7,2,54,52,10,33527554,262,1,434,13499,
406.5,6956.71,51.4454,7.43241,204.812,34.3288,300.567,1,9,-85,-7,2,55,52,10,33527554,262,1,434,13499,
407.481,6990.29,51.4455,7.432,203.448,34.3663,301.919,1,9,-85,-7,2,55,52,10,33527554,262,1,434,13499,
408.507,7024.24,51.4457,7.4316,201.92,34.5865,303.874,1,14,-85,-6,2,55,52,10,33527554,262,1,434,13499,
409.508,7058.99,51.4459,7.43119,200.468,34.3742,305.323,1,14,-85,-6,2,55,52,10,33527554,262,1,434,13499,
410.567,7093,51.4461,7.4308,199.134,34.2222,306.488,1,22,-85,-6,2,55,53,10,33527554,262,1,434,13499,
411.501,7126.89,51.4463,7.43041,197.765,34.4601,307.906,1,22,-85,-6,2,55,53,10,33527554,262,1,434,13499,
412.508,7161.04,51.4465,7.43003,196.556,34.3194,309.214,1,24,-75,-4,15,65,59,7,33527554,262,1,434,13499,
413.476,7194.85,51.4467,7.42966,195.454,33.918,310.721,1,24,-75,-4,15,65,59,7,33527554,262,1,434,13499,
414.498,7227.15,51.4468,7.42932,193.931,33.5964,312.503,1,13,-78,-5,15,62,56,7,33527554,262,1,434,13499,
415.491,7260.44,51.4471,7.42897,192.469,33.5463,313.303,1,13,-78,-5,15,62,56,7,33527554,262,1,434,13499,
416.483,7293.91,51.4473,7.42863,190.983,33.4878,314.953,1,5,-86,-6,13,54,52,7,33527554,262,1,434,13499,
417.496,7327.2,51.4475,7.4283,189.688,33.7145,316.482,1,5,-86,-6,13,54,52,7,33527554,262,1,434,13499,
418.478,7361.05,51.4477,7.42798,188.446,34.0945,318.158,1,5,-86,-6,13,54,52,7,33527554,262,1,434,13499,
419.487,7394.75,51.4479,7.42766,187.25,34.4777,319.289,1,9,-90,-7,10,50,50,7,33527554,262,1,434,13499,
420.49,7429.58,51.4482,7.42734,186.098,34.9592,320.65,1,9,-90,-7,10,50,50,7,33527554,262,1,434,13499,
421.494,7464.41,51.4484,7.42703,184.845,35.3024,322.667,1,12,-91,-9,10,49,49,7,33527554,262,1,434,13499,
422.498,7499.44,51.4487,7.42674,183.406,35.4729,324.341,1,12,-91,-9,10,49,49,7,33527554,262,1,434,13499,
423.499,7534.87,51.449,7.42644,182.02,35.7256,325.575,1,-3,-90,-8,9,50,48,7,33527554,262,1,434,13499,
424.499,7569.98,51.4492,7.42616,180.611,35.9306,326.495,1,-3,-90,-8,9,50,48,7,33527554,262,1,434,13499,
425.499,7606.2,51.4495,7.42588,179.356,36.0852,327.971,1,8,-93,-7,11,47,45,7,33527554,262,1,434,13499,
426.49,7642.18,51.4498,7.42562,178.089,36.1666,329.936,1,8,-93,-7,11,47,45,7,33527554,262,1,434,13499,
427.477,7677.85,51.4501,7.42538,176.748,36.0242,331.452,1,7,-95,-7,10,45,42,7,33527554,262,1,434,13499,
428.517,7713.82,51.4503,7.42514,175.341,36.3011,333.006,1,7,-95,-7,10,45,42,7,33527554,262,1,434,13499,
429.486,7750.01,51.4506,7.42491,173.729,36.2563,334.077,1,-1,-100,-11,2,40,42,7,33527554,262,1,434,13499,
430.478,7786.27,51.4509,7.4247,172.556,36.0857,336.343,1,-1,-100,-11,2,40,42,7,33527554,262,1,434,13499,
431.504,7821.92,51.4512,7.4245,171.165,35.4815,337.336,1,-9,-100,-11,2,40,43,7,33527554,262,1,434,13499,
432.507,7858.25,51.4515,7.42432,169.829,35.7791,338.693,1,-9,-100,-11,2,40,43,7,33527554,262,1,434,13499,
433.483,7894.04,51.4518,7.42414,168.481,36.3336,340.103,1,4,-101,-12,2,39,43,7,28365057,262,1,224,13499,
434.507,7930.06,51.4521,7.42397,167.268,36.4683,340.579,1,4,-101,-12,2,39,43,7,28365057,262,1,224,13499,
435.51,7966.11,51.4525,7.42381,166.177,36.7949,342.057,1,-3,-99,-10,2,41,43,7,28365057,262,1,224,13499,
436.501,8002.94,51.4528,7.42365,165.257,36.8481,342.833,1,-3,-99,-10,2,41,43,7,28365057,262,1,224,13499,
437.5,8039.68,51.4531,7.42351,164.443,36.586,343.301,1,2,-98,-11,2,42,45,7,28365057,262,1,224,13499,
438.486,8075.75,51.4534,7.42336,163.72,36.0723,343.622,1,2,-98,-11,2,42,45,7,28365057,262,1,224,13499,
439.519,8110.93,51.4537,7.42322,163.061,35.501,343.915,1,-1,-97,-11,2,43,46,7,28365057,262,1,224,13499,
440.489,8145.27,51.454,7.42308,162.354,34.9031,344.028,1,-1,-97,-11,2,43,46,7,28365057,262,1,224,13499,
441.484,8179.71,51.4543,7.42294,161.606,34.869,343.827,1,-1,-95,-10,2,45,47,7,28365057,262,1,224,13499,
442.478,8214.05,51.4546,7.42281,160.902,34.9877,343.664,1,-1,-95,-10,2,45,47,7,28365057,262,1,224,13499,
443.505,8249.08,51.4549,7.42267,160.282,35.099,343.53,1,-9,-97,-13,2,43,49,7,28365057,262,1,224,13499,
444.488,8284.31,51.4552,7.42252,159.525,35.2269,343.392,1,-9,-97,-13,2,43,49,7,28365057,262,1,224,13499,
445.515,8319.65,51.4555,7.42238,158.708,35.3795,342.865,1,4,-95,-11,2,45,49,7,27770883,262,1,125,13499,
446.486,8354.89,51.4558,7.42223,157.849,35.0871,341.705,1,4,-95,-11,2,45,49,7,27770883,262,1,125,13499,
447.487,8389.62,51.4561,7.42206,157.046,34.8848,340.498,1,4,-95,-11,2,45,49,7,27770883,262,1,125,13499,
448.496,8424.02,51.4564,7.4219,156.381,34.8399,339.845,1,7,-94,-11,2,46,50,7,27770883,262,1,125,13499,
449.492,8458.43,51.4567,7.42172,155.888,34.8703,338.737,1,7,-94,-11,2,46,50,7,27770883,262,1,125,13499,
450.502,8493.32,51.457,7.42153,155.404,34.9812,337.626,1,-4,-93,-11,2,47,49,7,27770883,262,1,125,13499,
451.498,8528.27,51.4573,7.42133,155.007,35.1013,336.675,1,-4,-93,-11,2,47,49,7,27770883,262,1,125,13499,
452.498,8563.34,51.4576,7.42112,154.69,35.2719,335.467,1,13,-90,-8,2,50,50,7,27770883,262,1,125,13499,
453.492,8598.42,51.4578,7.42091,154.266,35.4098,334.576,1,13,-90,-8,2,50,50,7,27770883,262,1,125,13499,
454.48,8633.73,51.4581,7.42069,153.97,35.4503,333.701,1,17,-87,-7,2,53,52,7,27770883,262,1,125,13499,
455.483,8668.86,51.4584,7.42046,153.501,35.3866,332.884,1,17,-87,-7,2,53,52,7,27770883,262,1,125,13499,
456.488,8704.1,51.4587,7.42022,153.289,35.3791,332.039,1,12,-86,-6,2,54,52,7,27770883,262,1,125,13499,
457.479,8739.37,51.459,7.41998,153.199,35.3249,330.706,1,12,-86,-6,2,54,52,7,27770883,262,1,125,13499,
458.5,8774.68,51.4592,7.41972,153.099,35.3811,329.829,1,16,-83,-6,2,57,55,7,27770883,262,1,125,13499,
459.504,8809.55,51.4595,7.41946,153.011,34.7717,328.721,1,16,-83,-6,2,57,55,7,27770883,262,1,125,13499,
460.481,8843.74,51.4598,7.4192,153.059,34.2065,327.43,1,13,-79,-6,2,61,58,7,27770883,262,1,125,13499,
461.504,8877.97,51.46,7.41894,153.019,34.1776,326.834,1,13,-79,-6,2,61,58,7,27770883,262,1,125,13499,
462.506,8911.95,51.4603,7.41867,152.978,34.1173,325.759,1,19,-81,-6,2,59,58,7,27770883,262,1,125,13499,
463.518,8945.66,51.4605,7.41839,153.021,34.1993,324.834,1,19,-81,-6,2,59,58,7,27770883,262,1,125,13499,
464.49,8979.37,51.4608,7.41811,152.815,34.158,323.7,1,20,-80,-7,2,60,58,7,27770883,262,1,125,13499,
465.484,9013.37,51.461,7.41782,152.539,34.2814,322.865,1,20,-80,-7,2,60,58,7,27770883,262,1,125,13499,
466.482,9047.44,51.4613,7.41751,152.232,34.3614,321.731,1,19,-77,-6,2,63,61,7,27770883,262,1,125,13499,
467.488,9081.74,51.4615,7.4172,152.008,34.5381,320.963,1,19,-77,-6,2,63,61,7,27770883,262,1,125,13499,
468.586,9116.51,51.4618,7.41689,151.78,34.7581,320.46,1,22,-74,-6,2,66,63,7,27770883,262,1,125,13499,
469.483,9151.81,51.462,7.41656,151.675,34.9201,319.974,1,22,-74,-6,2,66,63,7,27770883,262,1,125,13499,
470.48,9186.35,51.4622,7.41624,151.796,34.4424,319.812,1,26,-75,-6,13,65,63,6,27770883,262,1,125,13499,
471.502,9220.22,51.4625,7.41592,151.804,33.5983,318.826,1,26,-75,-6,13,65,63,6,27770883,262,1,125,13499,
472.5,9253.46,51.4627,7.41559,151.962,32.8088,316.876,1,26,-75,-6,13,65,63,6,27770883,262,1,125,13499,
473.488,9285.75,51.4629,7.41527,152.148,32.6238,315.311,1,20,-83,-6,9,57,55,6,27770883,262,1,125,13499,
474.496,9318.01,51.4631,7.41494,152.343,32.3648,313.956,1,20,-83,-6,9,57,55,6,27770883,262,1,125,13499,
475.479,9350.76,51.4633,7.4146,152.418,32.2199,313.5,1,16,-74,-5,11,66,63,6,27770883,262,1,125,13499,
476.498,9382.39,51.4635,7.41426,152.526,32.1894,312.493,1,16,-74,-5,11,66,63,6,27770883,262,1,125,13499,
477.497,9415.13,51.4637,7.41392,152.701,32.0605,311.816,1,7,-88,-7,9,52,50,6,27770883,262,1,125,13499,
478.498,9447.08,51.4639,7.41357,152.767,32.0766,311.043,1,7,-88,-7,9,52,50,6,27770883,262,1,125,13499,
479.5,9479.02,51.4641,7.41323,152.537,32.1769,310.31,1,19,-72,-5,2,68,63,4,27770883,262,1,125,13499,
480.5,9510.92,51.4643,7.41287,152.303,32.1924,309.786,1,19,-72,-5,2,68,63,4,27770883,262,1,125,13499,
481.485,9542.84,51.4645,7.41252,152.271,31.6112,309.452,1,3,-77,-7,14,63,60,4,27770883,262,1,125,13499,
482.478,9573.93,51.4646,7.41217,152.343,30.8405,308.882,1,3,-77,-7,14,63,60,4,27770883,262,1,125,13499,
483.484,9604.25,51.4648,7.41182,152.41,30.1815,308.489,1,4,-95,-11,7,45,46,4,27770883,262,1,125,13499,
484.486,9633.76,51.465,7.41149,152.474,29.186,308.118,1,4,-95,-11,7,45,46,4,27770883,262,1,125,13499,
485.495,9661.95,51.4651,7.41117,152.389,28.3254,308.039,1,7,-93,-8,11,47,45,3,27770885,262,1,124,13499,
486.487,9689.79,51.4653,7.41086,152.291,27.0738,308.077,1,7,-93,-8,11,47,45,3,27770885,262,1,124,13499,
487.515,9716.36,51.4654,7.41056,152.204,26.0852,308.17,1,10,-93,-7,11,47,45,3,27770885,262,1,124,13499,
488.517,9742.12,51.4656,7.41026,152.204,25.4549,308.275,1,10,-93,-7,11,47,45,3,27770885,262,1,124,13499,
489.508,9767.22,51.4657,7.40998,152.212,24.8041,307.936,1,24,-79,-6,15,61,58,3,27770885,262,1,124,13499,
490.493,9791.82,51.4658,7.4097,152.383,24.2086,307.999,1,24,-79,-6,15,61,58,3,27770885,262,1,124,13499,
491.496,9815.11,51.466,7.40943,152.581,23.672,308.355,1,24,-79,-6,15,61,58,3,27770885,262,1,124,13499,
492.483,9838.75,51.4661,7.40916,152.683,23.1067,308.563,1,8,-90,-6,10,50,47,3,27770885,262,1,124,13499,
493.521,9861.44,51.4662,7.40891,152.708,22.3104,308.564,1,8,-90,-6,10,50,47,3,27770885,262,1,124,13499,
494.475,9882.73,51.4663,7.40866,152.82,21.3564,308.505,1,3,-91,-7,9,49,47,3,27770885,262,1,124,13499,
495.486,9904.47,51.4665,7.40842,153.03,21.1818,308.576,1,3,-91,-7,9,49,47,3,27770885,262,1,124,13499,
496.485,9925.37,51.4666,7.40818,153.416,21.3234,308.568,1,6,-91,-8,9,49,47,3,27770885,262,1,124,13499,
497.503,9947.18,51.4667,7.40793,153.748,21.3094,308.862,1,6,-91,-8,9,49,47,3,27770885,262,1,124,13499,
498.502,9968.05,51.4668,7.4077,154.112,21.2913,309.16,1,9,-85,-6,10,55,51,3,27770885,262,1,124,13499,
499.5,9989.71,51.4669,7.40746,154.261,21.3499,309.176,1,9,-85,-6,10,55,51,3,27770885,262,1,124,13499,
500.488,10010.7,51.4671,7.40722,154.424,21.6093,309.457,1,17,-82,-6,2,58,54,3,27770885,262,1,124,13499,
501.488,10032.2,51.4672,7.40698,154.622,21.6247,309.444,1,17,-82,-6,2,58,54,3,27770885,262,1,124,13499,
502.498,10054.1,51.4673,7.40674,154.71,21.3761,309.566,1,20,-81,-6,2,59,56,3,27770885,262,1,124,13499,
503.493,10075.3,51.4674,7.4065,154.681,21.1334,309.753,1,20,-81,-6,2,59,56,3,27770885,262,1,124,13499,
504.503,10096.4,51.4676,7.40627,154.634,20.9931,310.032,1,16,-80,-6,2,60,56,3,27770885,262,1,124,13499,
505.556,10117.2,51.4677,7.40604,154.59,20.9642,310.289,1,16,-80,-6,2,60,56,3,27770885,262,1,124,13499,
506.496,10138.1,51.4678,7.40581,154.41,21.0666,310.606,1,16,-81,-5,13,59,56,7,27770885,262,1,124,13499,
507.49,10159.4,51.4679,7.40558,154.266,21.4791,310.953,1,16,-81,-5,13,59,56,7,27770885,262,1,124,13499,
508.492,10181,51.4681,7.40534,154.242,21.9492,311.235,1,17,-82,-6,11,58,56,7,27770885,262,1,124,13499,
509.497,10203.2,51.4682,7.4051,154.288,22.3921,311.585,1,17,-82,-6,11,58,56,7,27770885,262,1,124,13499,
510.512,10224.7,51.4683,7.40487,154.511,22.4195,311.867,1,12,-84,-8,10,56,54,7,27770885,262,1,124,13499,
511.51,10247.6,51.4685,7.40462,154.7,22.2019,312.12,1,12,-84,-8,10,56,54,7,27770885,262,1,124,13499,
512.505,10269.8,51.4686,7.40438,155.118,22.3214,312.033,1,9,-84,-9,10,56,57,7,27770885,262,1,124,13499,
513.495,10292.2,51.4687,7.40414,155.586,22.4021,312.083,1,9,-84,-9,10,56,57,7,27770885,262,1,124,13499,
514.485,10315.1,51.4689,7.4039,155.894,22.6002,312.75,1,1,-82,-7,6,58,57,19,27771140,262,1,289,13499,
515.458,10337.6,51.469,7.40366,156.319,22.5801,313.23,1,1,-82,-7,6,58,57,19,27771140,262,1,289,13499,
516.487,10358.8,51.4691,7.40344,156.99,22.1912,313.764,1,1,-82,-7,6,58,57,19,27771140,262,1,289,13499,
517.506,10380.5,51.4693,7.40321,157.608,21.2562,313.221,1,15,-85,-7,14,55,54,19,27771140,262,1,289,13499,
518.53,10401.8,51.4694,7.40298,158.138,21.4653,313.818,1,15,-85,-7,14,55,54,19,27771140,262,1,289,13499,
519.476,10423.2,51.4695,7.40276,158.624,21.4157,313.966,1,7,-87,-7,12,53,51,19,27771140,262,1,289,13499,
520.51,10444,51.4697,7.40255,158.701,21.5382,314.595,1,7,-87,-7,12,53,51,19,27771140,262,1,289,13499,
521.486,10465.8,51.4698,7.40233,158.81,21.4478,314.704,1,10,-91,-8,11,49,49,19,27771140,262,1,289,13499,
522.487,10487.3,51.4699,7.40211,158.891,21.5552,314.783,1,10,-91,-8,11,49,49,19,27771140,262,1,289,13499,
523.493,10509.3,51.4701,7.40188,158.974,21.8953,314.994,1,15,-85,-6,14,55,54,19,27771140,262,1,289,13499,
524.504,10531.2,51.4702,7.40166,159.057,21.9947,315.085,1,15,-85,-6,14,55,54,19,27771140,262,1,289,13499,
525.502,10553.1,51.4704,7.40144,159.168,21.7492,315.938,1,15,-84,-5,14,56,54,19,27771140,262,1,289,13499,
526.48,10574.3,51.4705,7.40123,159.221,21.5862,315.986,1,15,-84,-5,14,56,54,19,27771140,262,1,289,13499,
527.486,10595.9,51.4706,7.40101,159.373,21.4153,316.595,1,23,-82,-5,11,58,56,19,27771140,262,1,289,13499,
528.491,10617.3,51.4708,7.4008,159.605,21.53,316.792,1,23,-82,-5,11,58,56,19,27771140,262,1,289,13499,
529.483,10638.8,51.4709,7.40058,159.823,21.8387,316.88,1,22,-81,-5,2,59,55,19,27771140,262,1,289,13499,
530.506,10661.1,51.4711,7.40036,160.33,22.0574,316.855,1,22,-81,-5,2,59,55,19,27771140,262,1,289,13499,
531.518,10682.7,51.4712,7.40015,160.609,21.9355,316.851,1,16,-82,-6,2,58,57,19,27771140,262,1,289,13499,
532.505,10704.9,51.4714,7.39993,160.98,22.1208,317.613,1,16,-82,-6,2,58,57,19,27771140,262,1,289,13499,
533.484,10727.2,51.4715,7.39972,161.364,22.1127,317.948,1,21,-83,-7,2,57,55,19,27771140,262,1,289,13499,
534.499,10749.3,51.4716,7.3995,161.705,21.7841,317.691,1,21,-83,-7,2,57,55,19,27771140,262,1,289,13499,
535.492,10771.4,51.4718,7.39929,162.09,21.497,318.452,1,15,-85,-8,2,55,55,19,27771140,262,1,289,13499,
536.501,10792.9,51.4719,7.39908,162.537,21.0431,318.556,1,15,-85,-8,2,55,55,19,27771140,262,1,289,13499,
537.485,10813.8,51.4721,7.39888,163,20.566,318.9,1,18,-87,-8,2,53,52,19,27771140,262,1,289,13499,
538.49,10834.5,51.4722,7.39869,163.564,20.069,318.817,1,18,-87,-8,2,53,52,19,27771140,262,1,289,13499,
539.482,10854.5,51.4724,7.3985,164.147,19.579,318.9,1,19,-89,-8,2,51,51,19,27771140,262,1,289,13499,
540.487,10874.3,51.4725,7.39831,164.919,19.6656,318.979,1,19,-89,-8,2,51,51,19,27771140,262,1,289,13499,
541.497,10894.2,51.4726,7.39812,165.694,19.9577,319.171,1,19,-89,-8,2,51,51,19,27771140,262,1,289,13499,
542.491,10914.3,51.4728,7.39793,166.321,20.4234,319.423,1,18,-89,-8,2,51,50,19,27771140,262,1,289,13499,
543.513,10934.9,51.4729,7.39773,166.855,20.9561,319.646,1,18,-89,-8,2,51,50,19,27771140,262,1,289,13499,
544.485,10956.2,51.473,7.39753,167.331,21.5424,319.767,1,18,-89,-6,2,51,48,19,27771140,262,1,289,13499,
545.595,10977.9,51.4732,7.39734,167.74,21.4095,320.389,1,18,-89,-6,2,51,48,19,27771140,262,1,289,13499,
546.474,10999.3,51.4734,7.39714,168.262,21.0614,321.093,1,14,-90,-8,2,50,49,19,27771140,262,1,289,13499,
547.487,11020.2,51.4735,7.39695,168.687,20.8615,321.269,1,14,-90,-8,2,50,49,19,27771140,262,1,289,13499,
548.483,11041,51.4736,7.39676,169.116,20.5303,321.795,1,8,-86,-10,12,54,56,10,27771140,262,1,289,13499,
549.484,11061.3,51.4738,7.39658,169.495,20.1829,322.419,1,8,-86,-10,12,54,56,10,27771140,262,1,289,13499,
550.481,11081.3,51.4739,7.39641,169.654,20.0548,322.579,1,12,-89,-10,13,51,53,10,27771140,262,1,289,13499,
551.49,11101.5,51.4741,7.39623,170.013,20.0133,322.476,1,12,-89,-10,13,51,53,10,27771140,262,1,289,13499,
552.493,11121.7,51.4742,7.39605,170.244,20.3561,322.667,1,13,-84,-9,14,56,56,10,27771140,262,1,289,13499,
553.505,11142.5,51.4744,7.39587,170.466,20.9474,323.305,1,13,-84,-9,14,56,56,10,27771140,262,1,289,13499,
554.512,11163.3,51.4745,7.39569,170.79,21.499,323.712,1,14,-84,-7,14,56,56,10,27771140,262,1,289,13499,
555.487,11183.3,51.4747,7.39553,170.434,21.4373,324.684,1,14,-84,-7,14,56,56,10,27771140,262,1,289,13499,
556.487,11183.3,51.4697,7.39987,nan,21.4395,324.957,1,22,-86,-10,12,54,56,10,27771140,262,1,289,13499,
557.505,11183.3,51.475,7.39518,169.533,21.8961,327.227,1,22,-86,-10,12,54,56,10,27771140,262,1,289,13499,
558.509,11205.4,51.4752,7.39502,169.151,22.3378,328.383,1,21,-79,-8,14,61,60,10,27771140,262,1,289,13499,
559.511,11227.9,51.4753,7.39486,168.855,22.5166,329.429,1,21,-79,-8,14,61,60,10,27771140,262,1,289,13499,
560.507,11250.6,51.4755,7.39469,168.792,22.5227,329.354,1,24,-77,-9,12,63,63,10,27771140,262,1,289,13499,
561.519,11273.6,51.4757,7.39452,169.001,22.4592,329.528,1,24,-77,-9,12,63,63,10,27771140,262,1,289,13499,
562.497,11296.4,51.4759,7.39435,169.355,22.4009,329.934,1,14,-82,-10,13,58,59,10,27771140,262,1,289,13499,
563.481,11318.8,51.476,7.39419,169.781,22.282,331.021,1,14,-82,-10,13,58,59,10,27771140,262,1,289,13499,
564.489,11341,51.4762,7.39404,170.298,21.9063,332.134,1,16,-74,-10,2,66,63,10,27771140,262,1,289,13499,
565.494,11362.8,51.4764,7.39389,170.837,21.3565,333.084,1,16,-74,-10,2,66,63,10,27771140,262,1,289,13499,
566.493,11383.8,51.4766,7.39375,171.441,20.8097,333.736,1,11,-74,-9,2,66,63,10,27771140,262,1,289,13499,
567.504,11404.6,51.4767,7.39362,171.938,20.2008,334.889,1,11,-74,-9,2,66,63,10,27771140,262,1,289,13499,
568.508,11425,51.4769,7.39349,172.539,19.6723,335.393,1,4,-74,-9,2,66,63,10,27771140,262,1,289,13499,
569.48,11444.5,51.477,7.39337,173.18,19.1887,336.862,1,4,-74,-9,2,66,63,10,27771140,262,1,289,13499,
570.491,11463.4,51.4772,7.39327,173.634,18.5978,337.368,1,9,-76,-10,2,64,63,10,27771140,262,1,289,13499,
571.507,11481.3,51.4774,7.39317,173.894,18.0342,338.758,1,9,-76,-10,2,64,63,10,27771140,262,1,289,13499,
572.504,11499.3,51.4775,7.39309,174.162,17.5714,340.848,1,5,-81,-9,2,59,59,10,27771139,262,1,288,13499,
573.482,11516,51.4777,7.39303,174.443,16.9914,343.785,1,5,-81,-9,2,59,59,10,27771139,262,1,288,13499,
574.505,11532.3,51.4778,7.39298,174.809,16.7981,347.904,1,5,-81,-9,2,59,59,10,27771139,262,1,288,13499,
575.472,11549.9,51.478,7.393,175.334,16.9963,2.25594,1,6,-82,-9,2,58,58,10,27771139,262,1,288,13499,
576.484,11567.9,51.4781,7.39302,175.602,17.8547,3.49456,1,6,-82,-9,2,58,58,10,27771139,262,1,288,13499,
577.566,11586.4,51.4783,7.39307,175.569,18.2659,6.96886,1,20,-81,-6,9,59,57,4,27771139,262,1,288,13499,
578.486,11605.2,51.4784,7.39318,175.233,17.4371,22.648,1,20,-81,-6,9,59,57,4,27771139,262,1,288,13499,
579.495,11624.1,51.4786,7.39329,175.682,17.1462,24.9941,1,15,-82,-6,9,58,55,4,27771139,262,1,288,13499,
580.507,11642,51.4787,7.39342,176.754,17.482,28.2191,1,15,-82,-6,9,58,55,4,27771139,262,1,288,13499,
581.498,11659.2,51.4789,7.39355,177.797,16.8756,30.5427,1,15,-79,-6,14,61,58,4,27771139,262,1,288,13499,
582.492,11675.6,51.479,7.39367,178.905,15.4033,30.2495,1,15,-79,-6,14,61,58,4,27771139,262,1,288,13499,
583.494,11690.9,51.4791,7.39378,179.712,14.4688,26.5651,1,13,-84,-6,10,56,53,4,27771139,262,1,288,13499,
584.475,11704.7,51.4792,7.39381,180.269,13.9975,8.45469,1,13,-84,-6,10,56,53,4,27771139,262,1,288,13499,
585.5,11718,51.4793,7.3938,180.597,14.1119,354.764,1,7,-90,-7,8,50,49,4,27771139,262,1,288,13499,
586.484,11730,51.4795,7.39378,181.216,13.5756,350.997,1,7,-90,-7,8,50,49,4,27771139,262,1,288,13499,
587.482,11743.4,51.4796,7.39372,181.702,12.7808,334.963,1,16,-93,-6,9,47,45,4,27771139,262,1,288,13499,
588.472,11755,51.4797,7.39365,182.068,12.1774,334.425,1,16,-93,-6,9,47,45,4,27771139,262,1,288,13499,
589.487,11765.9,51.4798,7.39359,182.415,11.5254,334.033,1,14,-84,-5,6,56,51,15,28365058,262,1,223,13499,
590.499,11776.7,51.4798,7.39352,182.842,10.7971,334.171,1,14,-84,-5,6,56,51,15,28365058,262,1,223,13499,
591.492,11787.9,51.4799,7.39346,183.075,10.1984,336.193,1,16,-87,-6,15,53,49,15,28365058,262,1,223,13499,
592.482,11797.5,51.48,7.39341,183.655,9.56261,340.312,1,16,-87,-6,15,53,49,15,28365058,262,1,223,13499,
593.48,11806.3,51.4801,7.39341,184.11,8.65445,1.95653,1,16,-83,-6,15,57,51,4,27771139,262,1,288,13499,
594.501,11814.5,51.4802,7.39343,184.81,7.89708,15.1933,1,16,-83,-6,15,57,51,4,27771139,262,1,288,13499,
595.48,11823.5,51.4802,7.39347,185.266,6.59068,19.1637,1,20,-85,-5,15,55,52,4,27771139,262,1,288,13499,
596.48,11832.5,51.4803,7.39355,185.44,6.01201,46.1178,1,20,-85,-5,15,55,52,4,27771139,262,1,288,13499,
597.511,11838.9,51.4803,7.39362,185.715,7.22841,49.8193,1,20,-85,-5,15,55,52,4,27771139,262,1,288,13499,
598.483,11847,51.4804,7.39371,185.881,8.51862,53.1154,1,21,-84,-5,14,56,52,4,27771139,262,1,288,13499,
599.496,11855.8,51.4804,7.39382,185.943,9.82592,55.5566,1,21,-84,-5,14,56,52,4,27771139,262,1,288,13499,
600.48,11866.6,51.4805,7.39395,185.93,11.377,56.6782,1,20,-84,-5,14,56,53,4,27771139,262,1,288,13499,
601.446,11866.6,51.4805,7.39395,185.93,11.377,56.6782,1,20,-84,-5,14,56,53,4,27771139,262,1,288,13499,
602.508,11889.3,51.4806,7.39423,185.101,13.629,56.4583,1,19,-83,-5,13,57,54,4,27771139,262,1,288,13499,
603.492,11902.7,51.4807,7.3944,185.077,13.932,56.812,1,19,-83,-5,13,57,54,4,27771139,262,1,288,13499,
604.463,11917,51.4807,7.39458,185.31,14.4221,57.2099,1,16,-86,-6,8,54,52,4,27771139,262,1,288,13499,
605.485,11931.7,51.4808,7.39476,184.947,14.7826,57.7325,1,16,-86,-6,8,54,52,4,27771139,262,1,288,13499,
606.492,11948.5,51.4809,7.39497,184.814,15.5882,58.7476,1,23,-83,-6,12,57,55,4,27771139,262,1,288,13499,
607.494,11963.2,51.4809,7.39515,184.717,14.4356,59.4743,1,23,-83,-6,12,57,55,4,27771139,262,1,288,13499,
608.499,11976.9,51.481,7.39532,184.913,14.8955,60.065,1,21,-85,-5,2,55,51,4,27771139,262,1,288,13499,
609.536,11992.3,51.4811,7.39552,183.967,15.5619,60.5666,1,21,-85,-5,2,55,51,4,27771139,262,1,288,13499,
610.511,12007.6,51.4811,7.39571,182.993,15.5791,60.3588,1,13,-83,-6,13,57,54,7,27771139,262,1,288,13499,
611.506,12022,51.4812,7.3959,181.886,15.4225,59.9141,1,13,-83,-6,13,57,54,7,27771139,262,1,288,13499,
612.479,12036.6,51.4812,7.39609,181.153,15.3381,60.3383,1,10,-85,-7,7,55,54,7,27771139,262,1,288,13499,
613.518,12051.6,51.4813,7.39628,180.733,15.3602,60.3376,1,10,-85,-7,7,55,54,7,27771139,262,1,288,13499,
614.5,12066.8,51.4814,7.39647,180.565,15.5923,59.5795,1,14,-85,-6,10,55,52,7,27771139,262,1,288,13499,
615.492,12082.1,51.4814,7.39666,180.19,15.4517,59.238,1,14,-85,-6,10,55,52,7,27771139,262,1,288,13499,
616.515,12097.2,51.4815,7.39685,179.835,15.0763,58.7018,1,7,-87,-6,8,53,51,7,27771139,262,1,288,13499,
617.512,12112,51.4816,7.39703,179.561,14.8096,58.0078,1,7,-87,-6,8,53,51,7,27771139,262,1,288,13499,
618.493,12126.7,51.4816,7.39721,179.669,14.764,57.2849,1,22,-84,-5,11,56,52,7,27771139,262,1,288,13499,
619.485,12142.1,51.4817,7.3974,179.789,15.2368,56.3097,1,22,-84,-5,11,56,52,7,27771139,262,1,288,13499,
620.479,12157.5,51.4818,7.39758,180.072,15.2798,55.2428,1,24,-79,-4,14,61,55,7,27771139,262,1,288,13499,
621.506,12173,51.4819,7.39775,180.343,15.4118,54.1127,1,24,-79,-4,14,61,55,7,27771139,262,1,288,13499,
622.494,12189.6,51.482,7.39794,180.668,15.011,52.8681,1,22,-78,-4,14,62,55,7,27771139,262,1,288,13499,
623.506,12204.4,51.4821,7.3981,181.014,15.0127,51.7033,1,22,-78,-4,14,62,55,7,27771139,262,1,288,13499,
624.512,12218.6,51.4822,7.39826,181.554,15.0139,50.3062,1,22,-78,-4,14,62,55,7,27771139,262,1,288,13499,
625.508,12232.9,51.4822,7.39841,182.115,14.8213,48.6154,1,27,-77,-5,14,63,58,7,27771139,262,1,288,13499,
626.489,12247.3,51.4823,7.39855,182.387,14.7834,46.2713,1,27,-77,-5,14,63,58,7,27771139,262,1,288,13499,
627.513,12262.3,51.4824,7.39869,182.52,14.7644,43.8398,1,11,-89,-6,10,51,47,7,27771139,262,1,288,13499,
628.507,12276.8,51.4825,7.39882,182.577,15.0474,41.3266,1,11,-89,-6,10,51,47,7,27771139,262,1,288,13499,
629.509,12291.7,51.4827,7.39895,182.694,15.2249,39.2343,1,12,-87,-6,11,53,49,7,27771139,262,1,288,13499,
630.507,12308.8,51.4828,7.39909,183.309,15.7561,37.2532,1,12,-87,-6,11,53,49,7,27771139,262,1,288,13499,
631.496,12325,51.4829,7.39922,183.909,15.5704,36.2024,1,5,-87,-6,8,53,48,7,27771139,262,1,288,13499,
632.487,12340.7,51.483,7.39935,184.033,16.4348,35.4852,1,5,-87,-6,8,53,48,7,27771139,262,1,288,13499,
633.538,12358.2,51.4831,7.39948,184.087,17.0968,34.7485,1,8,-89,-5,2,51,48,7,27771139,262,1,288,13499,
634.49,12376.3,51.4833,7.39962,184.173,17.5157,34.4122,1,8,-89,-5,2,51,48,7,27771139,262,1,288,13499,
635.505,12394.3,51.4834,7.39976,184.316,17.7933,33.8896,1,6,-91,-6,2,49,46,7,27771139,262,1,288,13499,
636.52,12412.4,51.4836,7.3999,184.18,18.0658,34.1456,1,6,-91,-6,2,49,46,7,27771139,262,1,288,13499,
637.495,12431.1,51.4837,7.40005,183.92,17.9532,34.561,1,5,-92,-6,2,48,44,7,27771139,262,1,288,13499,
638.486,12448.9,51.4838,7.40019,183.948,18.2917,35.2093,1,5,-92,-6,2,48,44,7,27771139,262,1,288,13499,
639.485,12467.4,51.484,7.40035,183.791,18.4245,36.0929,1,8,-93,-7,2,47,45,7,28365058,262,1,223,13499,
640.513,12486,51.4841,7.4005,183.602,18.6524,36.7497,1,8,-93,-7,2,47,45,7,28365058,262,1,223,13499,
641.517,12504.8,51.4842,7.40067,183.392,18.8586,37.5374,1,13,-93,-7,2,47,46,7,28365058,262,1,223,13499,
642.503,12523.8,51.4844,7.40083,183.259,18.8634,38.4335,1,13,-93,-7,2,47,46,7,28365058,262,1,223,13499,
643.509,12541.3,51.4845,7.401,183.161,18.6881,39.643,1,7,-93,-7,2,47,46,7,28365058,262,1,223,13499,
644.517,12559.9,51.4846,7.40118,183.406,18.4095,40.7739,1,7,-93,-7,2,47,46,7,28365058,262,1,223,13499,
645.493,12578.4,51.4847,7.40136,183.784,18.071,41.6103,1,7,-95,-8,2,45,44,7,28365058,262,1,223,13499,
646.502,12596.1,51.4849,7.40153,183.794,17.5541,41.8097,1,7,-95,-8,2,45,44,7,28365058,262,1,223,13499,
647.492,12613.3,51.485,7.4017,183.74,17.3224,41.3446,1,5,-97,-8,2,43,42,7,28365058,262,1,223,13499,
648.52,12629.5,51.4851,7.40186,183.496,16.3721,42.182,1,5,-97,-8,2,43,42,7,28365058,262,1,223,13499,
649.501,12645.1,51.4852,7.40202,183.423,15.511,43.7075,1,5,-97,-8,2,43,42,7,28365058,262,1,223,13499,
650.545,12660.2,51.4853,7.40218,183.641,14.6142,45.3614,1,10,-98,-9,2,42,42,7,28365058,262,1,223,13499,
651.505,12673.8,51.4854,7.40233,184.016,12.7699,46.6501,1,10,-98,-9,2,42,42,7,28365058,262,1,223,13499,
652.486,12686.2,51.4854,7.40246,183.699,10.5435,47.7087,1,9,-95,-9,11,45,43,8,28365058,262,1,223,13499,
653.485,12696.3,51.4855,7.40257,183.432,9.57524,48.2473,1,9,-95,-9,11,45,43,8,28365058,262,1,223,13499,
654.517,12706,51.4855,7.40268,183.21,8.03985,48.532,1,7,-96,-9,11,44,42,8,28365058,262,1,223,13499,
655.489,12714.7,51.4856,7.40276,182.884,6.85277,36.0218,1,7,-96,-9,11,44,42,8,28365058,262,1,223,13499,
656.486,12720.8,51.4857,7.40279,182.686,7.22723,13.2969,1,9,-97,-8,7,43,43,8,28365058,262,1,223,13499,
657.484,12726,51.4857,7.40278,182.49,7.54849,353.711,1,9,-97,-8,7,43,43,8,28365058,262,1,223,13499,
658.499,12733.3,51.4858,7.40274,182.326,7.63571,329.558,1,-1,-100,-12,7,40,41,8,28365058,262,1,351,13499,
659.503,12740.8,51.4858,7.40267,182.206,8.13591,325.958,1,-1,-100,-12,7,40,41,8,28365058,262,1,351,13499,
660.491,12749.7,51.4859,7.40259,182.263,9.0386,324.633,1,6,-101,-9,9,39,39,8,28365058,262,1,223,13499,
661.512,12759,51.4859,7.40251,182.419,9.36965,325.178,1,6,-101,-9,9,39,39,8,28365058,262,1,223,13499,
662.508,12768.3,51.486,7.40243,182.357,9.93924,325.524,1,5,-100,-9,10,40,41,8,28365058,262,1,223,13499,
663.479,12778.5,51.4861,7.40235,182.317,10.3459,326.296,1,5,-100,-9,10,40,41,8,28365058,262,1,223,13499,
664.487,12788,51.4862,7.40227,182.284,10.2697,327.77,1,3,-99,-11,8,41,43,8,28365058,262,1,223,13499,
665.497,12797.3,51.4862,7.4022,182.342,9.84275,328.717,1,3,-99,-11,8,41,43,8,28365058,262,1,223,13499,
666.502,12807.1,51.4863,7.40213,181.906,9.63465,330.244,1,-1,-103,-14,6,37,42,8,28365058,262,1,223,13499,
667.484,12816.2,51.4864,7.40207,181.897,9.51393,331.652,1,-1,-103,-14,6,37,42,8,28365058,262,1,223,13499,
668.489,12826,51.4865,7.40201,181.8,9.11472,333.357,1,-4,-95,-8,6,45,43,4,26385409,262,1,93,13499,
669.508,12835.3,51.4865,7.40196,181.544,9.11522,335.494,1,-4,-95,-8,6,45,43,4,26385409,262,1,93,13499,
670.495,12844.4,51.4866,7.40191,181.362,8.80861,337.67,1,-3,-102,-11,6,38,41,4,26385409,262,1,93,13499,
671.504,12853.1,51.4867,7.40188,181.1,9.07183,339.601,1,-3,-102,-11,6,38,41,4,26385409,262,1,93,13499,
672.532,12861.7,51.4868,7.40184,180.755,9.15922,341.92,1,0,-91,-6,6,49,44,16,27771139,262,1,288,13499,
673.488,12870.8,51.4868,7.40181,180.329,8.99486,343.678,1,0,-91,-6,6,49,44,16,27771139,262,1,288,13499,
674.475,12880.2,51.4869,7.40178,180.131,9.52044,345.284,1,15,-90,-6,15,50,47,16,27771139,262,1,288,13499,
675.508,12890.6,51.487,7.40175,180.14,10.2688,346.189,1,15,-90,-6,15,50,47,16,27771139,262,1,288,13499,
676.491,12890.6,51.4856,7.39987,nan,10.8829,347.873,1,9,-85,-6,10,55,51,16,27771139,262,1,288,13499,
677.496,12890.6,51.4872,7.4017,180.574,10.6726,349.947,1,9,-85,-6,10,55,51,16,27771139,262,1,288,13499,
678.503,12902.1,51.4873,7.40168,180.807,10.6212,352.345,1,9,-85,-6,10,55,51,16,27771139,262,1,288,13499,
679.5,12913.4,51.4874,7.40168,180.859,10.6888,354.397,1,8,-88,-5,6,52,49,2,26385409,262,1,93,13499,
680.487,12924.1,51.4875,7.40167,180.658,10.6278,355.889,1,8,-88,-5,6,52,49,2,26385409,262,1,93,13499,
681.503,12936.1,51.4876,7.40167,180.432,10.5914,357.396,1,19,-82,-5,15,58,53,2,26385409,262,1,93,13499,
682.489,12947.1,51.4877,7.40168,180.168,10.4199,358.637,1,19,-82,-5,15,58,53,2,26385409,262,1,93,13499,
683.48,12958.4,51.4878,7.40169,179.889,10.4221,0.419839,1,14,-85,-6,14,55,51,2,26385409,262,1,93,13499,
684.497,12968.3,51.4879,7.40169,180.053,10.5005,0.349491,1,14,-85,-6,14,55,51,2,26385409,262,1,93,13499,
685.481,12977.7,51.488,7.4017,180.194,10.3405,0.531624,1,14,-89,-6,10,51,49,2,26385409,262,1,93,13499,
686.507,12987.8,51.4881,7.4017,179.982,10.2584,1.32144,1,14,-89,-6,10,51,49,2,26385409,262,1,93,13499,
687.504,12997.4,51.4882,7.40171,179.686,10.2894,0.747061,1,18,-82,-6,15,58,54,2,26385409,262,1,93,13499,
688.531,13008.2,51.4883,7.40171,179.654,10.2525,0.264909,1,18,-82,-6,15,58,54,2,26385409,262,1,93,13499,
689.51,13018.2,51.4884,7.40171,179.442,10.2556,359.708,1,24,-76,-5,15,64,59,2,26385409,262,1,93,13499,
690.511,13028.9,51.4885,7.40171,179.134,11.3923,0.709173,1,24,-76,-5,15,64,59,2,26385409,262,1,93,13499,
691.531,13040.8,51.4886,7.40172,178.469,12.0859,1.14765,1,14,-85,-7,13,55,53,2,26385409,262,1,93,13499,
692.484,13053,51.4887,7.40173,177.875,12.1922,0.592378,1,14,-85,-7,13,55,53,2,26385409,262,1,93,13499,
693.5,13064.7,51.4888,7.40173,177.415,12.0547,0.223829,1,6,-83,-7,13,57,56,2,26385409,262,1,93,13499,
694.489,13077,51.4889,7.40173,176.937,11.7977,359.676,1,6,-83,-7,13,57,56,2,26385409,262,1,93,13499,
695.495,13086.6,51.489,7.40173,176.811,9.92441,359.089,1,1,-81,-7,2,59,57,2,26385409,262,1,93,13499,
696.515,13086.6,51.4854,7.39771,nan,7.31897,359.651,1,1,-81,-7,2,59,57,2,26385409,262,1,93,13499,
697.511,13086.6,51.4891,7.40173,177.069,5.35748,0.688504,1,25,-80,-7,2,60,59,2,26385410,262,1,94,13499,
698.497,13093.9,51.4892,7.40174,177.041,3.8536,1.50172,1,25,-80,-7,2,60,59,2,26385410,262,1,94,13499,
699.511,13098.6,51.4892,7.40174,176.979,2.56389,0.138733,1,29,-80,-7,2,60,59,2,26385410,262,1,94,13499,
700.511,13099.3,51.4892,7.40175,176.921,0.700487,0.138733,1,29,-80,-7,2,60,59,2,26385410,262,1,94,13499,
701.514,13099.3,51.4892,7.40175,176.919,0,0.138733,1,29,-75,-7,2,65,63,2,26385410,262,1,94,13499,
702.493,13099.3,51.4892,7.40175,176.921,0,0.138733,1,29,-75,-7,2,65,63,2,26385410,262,1,94,13499,
703.484,13099.3,51.4892,7.40175,176.922,0,0.138733,1,25,-70,-6,2,70,63,2,26385410,262,1,94,13499,
704.562,13099.3,51.4892,7.40175,176.925,0,0.138733,1,25,-70,-6,2,70,63,2,26385410,262,1,94,13499,
705.48,13099.3,51.4892,7.40175,176.926,0,0.138733,1,25,-70,-6,2,70,63,2,26385410,262,1,94,13499,
706.498,13099.3,51.4892,7.40175,176.927,0,0.138733,1,31,-66,-6,15,74,63,2,26385410,262,1,94,13499,
707.484,13099.3,51.4892,7.40175,176.927,0,0.138733,1,31,-66,-6,15,74,63,2,26385410,262,1,94,13499,
708.501,13099.3,51.4892,7.40175,176.927,0,0.138733,1,31,-66,-5,15,74,63,2,26385410,262,1,94,13499,
709.503,13099.3,51.4892,7.40175,176.928,0,0.138733,1,31,-66,-5,15,74,63,2,26385410,262,1,94,13499,
710.485,13099.3,51.4892,7.40175,176.93,0,0.138733,1,40,-66,-5,15,74,63,2,26385410,262,1,94,13499,
711.507,13099.3,51.4892,7.40175,176.93,0,0.138733,1,40,-66,-5,15,74,63,2,26385410,262,1,94,13499,
712.502,13099.3,51.4892,7.40175,176.931,0,0.138733,1,30,-62,-5,15,78,63,2,26385410,262,1,94,13499,
713.509,13099.3,51.4892,7.40175,176.931,0,0.138733,1,30,-62,-5,15,78,63,2,26385410,262,1,94,13499,
714.507,13099.3,51.4892,7.40175,176.934,0,0.138733,1,33,-64,-5,15,76,63,2,26385410,262,1,94,13499,
715.491,13099.3,51.4892,7.40175,176.934,0,0.138733,1,33,-64,-5,15,76,63,2,26385410,262,1,94,13499,
716.491,13099.3,51.4921,7.40118,nan,0,0.138733,1,40,-61,-5,15,79,63,2,26385410,262,1,94,13499,
717.505,13099.3,51.4892,7.40175,176.937,0,0.138733,1,40,-61,-5,15,79,63,2,26385410,262,1,94,13499,
718.506,13099.3,51.4892,7.40175,176.939,0,0.138733,1,40,-61,-5,15,79,63,2,26385410,262,1,94,13499,
719.483,13099.3,51.4892,7.40175,176.941,0,0.138733,1,40,-61,-5,15,79,63,2,26385410,262,1,94,13499,
720.508,13099.3,51.4892,7.40175,176.959,0,0.138733,1,21,-66,-5,14,74,63,2,26385410,262,1,94,13499,
721.508,13099.3,51.4892,7.40175,176.971,0,2.79651,1,21,-66,-5,14,74,63,2,26385410,262,1,94,13499,
722.505,13105.9,51.4893,7.40175,177.159,0,1.97093,1,25,-67,-6,2,73,63,2,26385410,262,1,94,13499,
723.484,13113.7,51.4893,7.40176,177.36,4.6292,4.41783,1,25,-67,-6,2,73,63,2,26385410,262,1,94,13499,
724.494,13119.9,51.4894,7.40181,177.174,5.72185,35.8751,1,26,-70,-7,2,70,63,2,26385410,262,1,94,13499,
725.48,13125.1,51.4894,7.40187,177.18,6.57062,59.8677,1,26,-70,-7,2,70,63,2,26385410,262,1,94,13499,
726.504,13131.5,51.4894,7.40196,177.097,7.55129,81.3758,1,30,-70,-6,2,70,63,2,26385410,262,1,94,13499,
727.498,13140.9,51.4894,7.40209,177.193,9.52165,84.2542,1,30,-70,-6,2,70,63,2,26385410,262,1,94,13499,
728.482,13150.7,51.4894,7.40224,177.113,10.574,86.2488,1,30,-69,-6,2,71,63,2,26385410,262,1,94,13499,
729.493,13161.8,51.4894,7.4024,176.823,12.0046,87.7538,1,30,-69,-6,2,71,63,2,26385410,262,1,94,13499,
730.486,13175.4,51.4894,7.40259,176.615,13.0419,89.0309,1,24,-68,-6,2,72,63,2,26385410,262,1,94,13499,
731.487,13189.1,51.4894,7.40279,176.436,13.8921,89.6801,1,24,-68,-6,2,72,63,2,26385410,262,1,94,13499,
732.488,13203.4,51.4894,7.403,176.225,14.7851,90.259,1,21,-71,-6,2,69,63,2,26385410,262,1,94,13499,
733.503,13219,51.4894,7.40322,176.113,15.1027,90.7623,1,21,-71,-6,2,69,63,2,26385410,262,1,94,13499,
734.485,13233.7,51.4894,7.40344,176.094,14.4706,90.7313,1,18,-73,-6,2,67,63,2,26385410,262,1,94,13499,
735.493,13248.1,51.4894,7.40364,176.293,14.1546,90.5873,1,18,-73,-6,2,67,63,2,26385410,262,1,94,13499,
736.5,13248.1,51.4921,7.40118,nan,14.1326,91.2057,1,18,-73,-6,2,67,63,2,26385410,262,1,94,13499,
737.524,13248.1,51.4894,7.40405,176.73,14.1361,91.2972,1,11,-74,-7,2,66,63,2,26385410,262,1,94,13499,
738.493,13262.4,51.4894,7.40426,177.086,14.0839,91.4026,1,11,-74,-7,2,66,63,2,26385410,262,1,94,13499,
739.52,13276.3,51.4894,7.40446,177.474,13.9225,91.2086,1,5,-76,-9,2,64,62,2,26385410,262,1,94,13499,
740.486,13290.3,51.4894,7.40466,177.924,13.829,91.1003,1,5,-76,-9,2,64,62,2,26385410,262,1,94,13499,
741.507,13303.4,51.4894,7.40485,178.199,13.5585,90.6607,1,5,-78,-10,2,62,63,2,26385410,262,1,94,13499,
742.544,13316.7,51.4894,7.40504,178.443,13.1178,90.0653,1,5,-78,-10,2,62,63,2,26385410,262,1,94,13499,
743.51,13329.8,51.4894,7.40523,178.607,12.7439,88.9874,1,22,-72,-6,14,68,63,1,26385408,262,1,95,13499,
744.521,13342.5,51.4894,7.40542,178.638,12.5363,87.86,1,22,-72,-6,14,68,63,1,26385408,262,1,95,13499,
745.524,13354.6,51.4894,7.40559,178.55,12.2645,86.2144,1,21,-74,-8,15,66,63,1,26385408,262,1,95,13499,
746.528,13366.6,51.4894,7.40576,178.45,12.4216,83.6922,1,21,-74,-8,15,66,63,1,26385408,262,1,95,13499,
747.486,13378.7,51.4894,7.40594,178.276,12.7777,80.5861,1,22,-76,-6,15,64,61,1,26385408,262,1,95,13499,
748.494,13391.4,51.4895,7.40611,178.075,12.7278,78.2191,1,22,-76,-6,15,64,61,1,26385408,262,1,95,13499,
749.492,13403.9,51.4895,7.40629,177.794,12.7949,77.6557,1,16,-77,-6,3,63,61,1,26385408,262,1,95,13499,
750.505,13418.2,51.4895,7.40649,177.364,13.226,78.0294,1,16,-77,-6,3,63,61,1,26385408,262,1,95,13499,
751.54,13431.2,51.4895,7.40667,177.074,13.688,78.5621,1,14,-75,-6,10,65,62,1,26385408,262,1,95,13499,
752.485,13445.8,51.4896,7.40688,176.952,14.0364,77.8928,1,14,-75,-6,10,65,62,1,26385408,262,1,95,13499,
753.489,13460.7,51.4896,7.40709,177.214,14.1048,77.9977,1,18,-72,-5,15,68,62,1,26385408,262,1,95,13499,
754.496,13474.8,51.4896,7.40729,177.709,14.5327,77.2162,1,18,-72,-5,15,68,62,1,26385408,262,1,95,13499,
755.485,13489.4,51.4897,7.40749,178.152,14.6025,77.9956,1,15,-71,-6,10,69,62,1,26385408,262,1,95,13499,
756.487,13489.4,51.4897,7.40731,nan,14.8013,79.4013,1,15,-71,-6,10,69,62,1,26385408,262,1,95,13499,
757.509,13489.4,51.4897,7.40789,177.69,14.4998,79.8341,1,14,-75,-6,10,65,58,1,26385408,262,1,95,13499,
758.5,13504.2,51.4897,7.4081,176.907,14.9144,79.4288,1,14,-75,-6,10,65,58,1,26385408,262,1,95,13499,
759.501,13519,51.4898,7.40831,175.951,15.0267,78.7715,1,25,-77,-6,11,63,60,1,26385408,262,1,95,13499,
760.517,13533.7,51.4898,7.40852,175.073,15.0971,78.2672,1,25,-77,-6,11,63,60,1,26385408,262,1,95,13499,
761.488,13548.4,51.4898,7.40873,174.337,15.1031,77.8595,1,14,-73,-6,2,67,56,1,26385408,262,1,95,13499,
762.523,13563.6,51.4899,7.40894,173.491,15.1342,78.2085,1,14,-73,-6,2,67,56,1,26385408,262,1,95,13499,
763.482,13579.6,51.4899,7.40917,173.535,15.2406,78.2839,1,14,-73,-6,2,67,56,1,26385408,262,1,95,13499,
764.513,13595.3,51.4899,7.40939,173.261,15.2963,78.1333,1,17,-76,-6,2,64,57,1,26385408,262,1,95,13499,
765.485,13611.5,51.4899,7.40962,172.708,14.7296,77.5089,1,17,-76,-6,2,64,57,1,26385408,262,1,95,13499,
766.514,13625.3,51.49,7.40982,171.863,14.5397,78.0825,1,5,-76,-6,2,64,59,1,26385408,262,1,95,13499,
767.486,13639.2,51.49,7.41002,171.159,14.3011,78.0358,1,5,-76,-6,2,64,59,1,26385408,262,1,95,13499,
768.501,13653.2,51.49,7.41021,170.45,14.7481,78.1888,1,16,-78,-6,2,62,57,1,26385408,262,1,95,13499,
769.488,13668.6,51.49,7.41043,169.956,14.5598,77.8257,1,16,-78,-6,2,62,57,1,26385408,262,1,95,13499,
770.505,13681.8,51.4901,7.41062,169.146,13.5516,76.851,1,14,-79,-6,2,61,57,1,26385408,262,1,95,13499,
771.533,13694.2,51.4901,7.41079,168.145,11.846,76.8385,1,14,-79,-6,2,61,57,1,26385408,262,1,95,13499,
772.507,13705.2,51.4901,7.41095,167.242,10.039,76.4816,1,19,-81,-6,2,59,55,1,26385408,262,1,95,13499,
773.536,13714.3,51.4901,7.41107,166.317,8.68575,76.4316,1,19,-81,-6,2,59,55,1,26385408,262,1,95,13499,
774.502,13723.5,51.4901,7.4112,165.558,8.83234,77.0538,1,22,-81,-6,2,59,56,1,26385408,262,1,95,13499,
