0.112,0,51.4504,7.48824,252.255,0,240.179,1,13,-98,-10,2,42,43,6,28371201,262,1,66,13499,
1.389,0,51.4504,7.48824,252.252,0,240.179,1,13,-98,-10,2,42,43,6,28371201,262,1,66,13499,
2.437,0,51.4504,7.48824,252.293,0,240.179,1,12,-97,-8,12,43,43,7,28371201,262,1,66,13499,
3.537,0,51.4504,7.48824,252.325,0,221.544,1,12,-97,-8,12,43,43,7,28371201,262,1,66,13499,
4.534,9.16798,51.4503,7.48817,252.3,0,201.978,1,12,-96,-9,12,44,45,7,28371201,262,1,66,13499,
5.561,16.6562,51.4502,7.48818,252.781,7.22821,171.535,1,12,-96,-9,12,44,45,7,28371201,262,1,66,13499,
6.58,24.5993,51.4501,7.48821,253.137,8.08677,170.424,1,6,-97,-9,9,43,43,7,28371201,262,1,66,13499,
7.579,33.8143,51.4501,7.48824,253.7,9.24916,169.528,1,6,-97,-9,9,43,43,7,28371201,262,1,66,13499,
8.58,43.6197,51.45,7.48827,254.69,10.2805,168.988,1,12,-96,-9,1,44,44,7,28371201,262,1,66,13499,
9.563,43.6197,51.4499,7.48911,nan,11.0582,169.28,1,12,-96,-9,1,44,44,7,28371201,262,1,66,13499,
10.563,43.6197,51.4498,7.48834,256.944,11.8855,170.15,1,7,-99,-9,8,41,41,7,28371201,262,1,66,13499,
11.566,55.3993,51.4497,7.48837,258.053,12.668,171.484,1,7,-99,-9,8,41,41,7,28371201,262,1,66,13499,
12.557,67.8622,51.4495,7.4884,258.671,13.3589,173.177,1,10,-99,-9,8,41,42,7,28371201,262,1,66,13499,
13.571,81.5417,51.4494,7.48842,259.157,13.985,174.924,1,10,-99,-9,8,41,42,7,28371201,262,1,66,13499,
14.555,95.0663,51.4493,7.48843,259.817,14.0041,176.455,1,5,-99,-8,6,41,41,7,28371201,262,1,66,13499,
15.559,108.548,51.4492,7.48843,260.381,13.9297,177.813,1,5,-99,-8,6,41,41,7,28371201,262,1,66,13499,
16.579,121.88,51.4491,7.48843,260.583,13.8137,179.565,1,4,-100,-9,2,40,39,7,28371201,262,1,66,13499,
17.612,135.952,51.4489,7.48842,260.523,13.7041,181.905,1,4,-100,-9,2,40,39,7,28371201,262,1,66,13499,
18.561,149.303,51.4488,7.4884,260.376,13.6956,184.094,1,4,-103,-9,2,37,38,7,28371201,262,1,66,13499,
19.586,163.307,51.4487,7.48836,260.485,14.8225,188.137,1,4,-103,-9,2,37,38,7,28371201,262,1,66,13499,
20.58,179.017,51.4486,7.48831,260.727,14.9136,190.502,1,2,-104,-10,2,36,37,7,28371201,262,1,66,13499,
21.58,195.272,51.4484,7.48825,260.932,14.6176,192.054,1,2,-104,-10,2,36,37,7,28371201,262,1,66,13499,
22.56,211.491,51.4483,7.48818,261.282,14.5528,193.351,1,-2,-108,-11,2,32,34,7,27771909,262,1,66,13499,
23.571,227.225,51.4481,7.48811,261.664,14.9322,193.808,1,-2,-108,-11,2,32,34,7,27771909,262,1,66,13499,
24.588,242.177,51.448,7.48805,262.168,14.9184,193.31,1,7,-108,-10,2,32,33,7,27771909,262,1,151,13499,
25.587,256.665,51.4479,7.48799,262.557,14.7893,192.523,1,7,-108,-10,2,32,33,7,27771909,262,1,151,13499,
26.562,270.79,51.4478,7.48794,262.591,14.4226,190.475,1,5,-108,-10,2,32,33,7,27771909,262,1,151,13499,
27.585,284.256,51.4476,7.48791,263.041,13.4834,188.467,1,5,-108,-10,2,32,33,7,27771909,262,1,151,13499,
28.573,298.599,51.4475,7.48789,263.329,13.6167,186.229,1,5,-108,-10,2,32,33,7,27771909,262,1,151,13499,
29.569,298.599,51.4446,7.48306,nan,13.9198,183.927,1,9,-107,-9,2,33,33,7,27771909,262,1,151,13499,
30.604,298.599,51.4472,7.48788,264.269,13.9673,180.553,1,9,-107,-9,2,33,33,7,27771909,262,1,151,13499,
31.581,312.807,51.4471,7.4879,264.446,14.2958,177.103,1,6,-106,-9,2,34,34,7,27771909,262,1,151,13499,
32.578,328.155,51.447,7.48793,264.467,14.3877,173.906,1,6,-106,-9,2,34,34,7,27771909,262,1,151,13499,
33.576,343.328,51.4468,7.48797,264.397,14.5769,170.839,1,1,-107,-9,2,33,32,7,27771909,262,1,151,13499,
34.556,358.18,51.4467,7.48802,264.468,14.5919,167.441,1,1,-107,-9,2,33,32,7,27771909,262,1,151,13499,
35.57,373.734,51.4466,7.48809,265.091,14.4325,164.346,1,-2,-108,-9,2,32,31,7,27771909,262,1,151,13499,
36.57,387.667,51.4465,7.48817,266.102,14.4343,161.546,1,-2,-108,-9,2,32,31,7,27771909,262,1,151,13499,
37.579,401.138,51.4463,7.48826,266.945,14.5001,158.722,1,-7,-110,-10,2,30,30,7,27771909,262,1,151,13499,
38.567,415.859,51.4462,7.48836,267.928,14.1687,155.163,1,-7,-110,-10,2,30,30,7,27771909,262,1,151,13499,
39.584,429.058,51.4461,7.48847,268.739,13.7312,151.727,1,10,-104,-10,2,36,36,7,28371201,262,1,66,13499,
40.608,443.277,51.446,7.48859,269.291,13.7283,148.347,1,10,-104,-10,2,36,36,7,28371201,262,1,66,13499,
41.575,457.786,51.4459,7.48873,269.72,14.0539,144.922,1,5,-102,-9,2,38,38,7,28371201,262,1,66,13499,
42.582,472.915,51.4458,7.48888,270.161,14.2001,141.355,1,5,-102,-9,2,38,38,7,28371201,262,1,66,13499,
43.571,488.773,51.4457,7.48904,270.887,14.4238,138.274,1,4,-104,-10,2,36,37,7,28371201,262,1,66,13499,
44.588,502.893,51.4457,7.4892,271.713,14.6614,135.375,1,4,-104,-10,2,36,37,7,28371201,262,1,66,13499,
45.572,518.013,51.4456,7.48937,272.086,14.7251,133.01,1,6,-105,-10,2,35,36,7,28371201,262,1,66,13499,
46.56,533.018,51.4455,7.48955,271.981,14.6594,131.266,1,6,-105,-10,2,35,36,7,28371201,262,1,66,13499,
47.565,548.308,51.4454,7.48973,271.97,14.753,130.038,1,6,-106,-10,2,34,35,7,28371201,262,1,66,13499,
48.569,563.381,51.4453,7.48991,272.426,14.8512,128.827,1,6,-106,-10,2,34,35,7,28371201,262,1,66,13499,
49.575,563.381,51.4508,7.48938,nan,14.3215,128.289,1,10,-105,-9,2,35,35,7,28371201,262,1,66,13499,
50.579,563.381,51.4452,7.49026,273.422,13.6982,127.889,1,10,-105,-9,2,35,35,7,28371201,262,1,66,13499,
51.568,575.598,51.4451,7.4904,274.264,13.1986,127.295,1,7,-104,-8,2,36,35,7,28371201,262,1,66,13499,
52.579,588.943,51.4451,7.49056,274.376,12.7056,127.861,1,7,-104,-8,2,36,35,7,28371201,262,1,66,13499,
53.579,601.635,51.445,7.49072,274.173,12.2957,127.371,1,1,-107,-9,2,33,33,7,28371201,262,1,66,13499,
54.557,613.755,51.4449,7.49086,274.139,11.9111,127.929,1,1,-107,-9,2,33,33,7,28371201,262,1,66,13499,
55.571,624.443,51.4449,7.49099,274.206,11.0602,127.536,1,1,-107,-9,2,33,33,7,28371201,262,1,66,13499,
56.601,634.408,51.4448,7.49111,274.034,9.80871,127.18,1,1,-109,-10,7,31,32,14,28371201,262,1,66,13499,
57.588,643.045,51.4448,7.49121,274.131,8.06321,126.304,1,1,-109,-10,7,31,32,14,28371201,262,1,66,13499,
58.596,650.867,51.4447,7.4913,273.887,6.37777,126.506,1,0,-113,-11,6,27,29,7,27771904,262,1,66,13499,
59.578,656.388,51.4447,7.49137,273.446,4.53426,126.573,1,0,-113,-11,6,27,29,7,27771904,262,1,66,13499,
60.58,661.113,51.4447,7.49142,273.4,4.10515,127.155,1,24,-83,-6,15,57,52,7,27771904,262,1,487,13499,
61.569,665.456,51.4447,7.49147,273.377,4.06996,126.889,1,24,-83,-6,15,57,52,7,27771904,262,1,487,13499,
62.65,670.153,51.4446,7.49153,273.077,4.73005,127.324,1,28,-82,-6,14,58,53,7,27771904,262,1,487,13499,
63.562,675.991,51.4446,7.4916,272.995,4.97801,128.287,1,28,-82,-6,14,58,53,7,27771904,262,1,487,13499,
64.561,680.438,51.4446,7.49165,272.851,4.93296,128.71,1,20,-78,-6,10,62,58,7,27771904,262,1,487,13499,
65.575,685.074,51.4446,7.4917,272.357,4.99171,131.799,1,20,-78,-6,10,62,58,7,27771904,262,1,487,13499,
66.556,690.765,51.4445,7.49173,271.897,5.15897,160.187,1,20,-75,-6,15,65,60,7,27771904,262,1,487,13499,
67.562,697.607,51.4445,7.49172,271.923,5.81863,192.078,1,20,-75,-6,15,65,60,7,27771904,262,1,487,13499,
68.584,703.992,51.4444,7.49168,272.244,7.2085,213.057,1,21,-71,-6,15,69,63,7,27771904,262,1,487,13499,
69.576,703.992,51.4416,7.50546,nan,8.30858,213.993,1,21,-71,-6,15,69,63,7,27771904,262,1,487,13499,
70.568,703.992,51.4443,7.49154,273.593,9.28431,214.615,1,23,-71,-6,15,69,63,7,27771904,262,1,487,13499,
71.573,714.781,51.4442,7.49145,274.416,9.83125,215.155,1,23,-71,-6,15,69,63,7,27771904,262,1,487,13499,
72.562,725.073,51.4441,7.49136,274.888,10.6657,215.836,1,29,-68,-6,15,72,63,7,27771904,262,1,487,13499,
73.576,736.202,51.444,7.49127,275.25,11.2135,215.48,1,29,-68,-6,15,72,63,7,27771904,262,1,487,13499,
74.583,747.513,51.444,7.49117,275.75,11.4907,214.944,1,23,-67,-6,14,73,63,7,27771904,262,1,487,13499,
75.566,759.177,51.4439,7.49107,276.336,11.9135,214.405,1,23,-67,-6,14,73,63,7,27771904,262,1,487,13499,
76.597,772.583,51.4438,7.49096,276.82,12.6951,214.905,1,27,-57,-6,13,83,63,7,27771904,262,1,487,13499,
77.576,785.506,51.4437,7.49085,277.359,13.1615,215.377,1,27,-57,-6,13,83,63,7,27771904,262,1,487,13499,
78.589,799.012,51.4436,7.49073,277.826,13.6566,216.367,1,27,-57,-6,13,83,63,7,27771904,262,1,487,13499,
79.567,813.125,51.4435,7.49061,277.919,14.3606,216.568,1,27,-60,-7,15,80,63,7,27771904,262,1,487,13499,
80.585,828.032,51.4434,7.49049,277.814,14.8001,216.937,1,27,-60,-7,15,80,63,7,27771904,262,1,487,13499,
81.584,843.262,51.4433,7.49035,277.283,15.1304,217.109,1,21,-73,-6,2,67,61,7,27771904,262,1,487,13499,
82.577,858.085,51.4432,7.49022,276.694,14.9786,216.818,1,21,-73,-6,2,67,61,7,27771904,262,1,487,13499,
83.564,872.485,51.4431,7.4901,275.805,14.9421,216.42,1,23,-88,-5,2,52,48,7,27771907,262,1,150,13499,
84.573,887.272,51.4429,7.48997,275,15.127,215.65,1,23,-88,-5,2,52,48,7,27771907,262,1,150,13499,
85.57,902.916,51.4428,7.48983,274.489,15.5312,215.853,1,28,-87,-5,2,53,49,7,27771907,262,1,150,13499,
86.563,918.3,51.4427,7.4897,274.432,15.7825,216.462,1,28,-87,-5,2,53,49,7,27771907,262,1,150,13499,
87.572,933.036,51.4426,7.48958,274.704,15.394,217.117,1,29,-83,-5,2,57,53,7,27771907,262,1,150,13499,
88.572,949.343,51.4425,7.48944,275.241,15.2675,216.414,1,29,-83,-5,2,57,53,7,27771907,262,1,150,13499,
89.564,949.343,51.4443,7.48846,nan,15.5925,216.982,1,31,-81,-6,2,59,56,7,27771907,262,1,150,13499,
90.586,949.343,51.4423,7.48918,276.491,15.3751,217.026,1,31,-81,-6,2,59,56,7,27771907,262,1,150,13499,
91.581,964.55,51.4422,7.48905,276.826,14.6157,217.106,1,29,-74,-6,2,66,62,7,27771907,262,1,150,13499,
92.562,979.46,51.4421,7.48891,276.947,14.9916,218.307,1,29,-74,-6,2,66,62,7,27771907,262,1,150,13499,
93.572,994.417,51.442,7.48878,276.702,14.5,219.881,1,31,-72,-5,2,68,63,7,27771907,262,1,150,13499,
94.59,1008.88,51.4419,7.48863,276.807,14.3978,221.307,1,31,-72,-5,2,68,63,7,27771907,262,1,150,13499,
95.579,1024.37,51.4418,7.48848,276.898,14.4148,222.944,1,31,-67,-5,2,73,63,7,27771907,262,1,150,13499,
96.631,1039.09,51.4417,7.48832,277.015,14.5894,224.778,1,31,-67,-5,2,73,63,7,27771907,262,1,150,13499,
97.58,1054.62,51.4416,7.48815,277.394,14.6521,226.677,1,26,-68,-5,15,72,63,2,27771907,262,1,150,13499,
98.581,1069.68,51.4415,7.48799,277.503,14.8633,227.812,1,26,-68,-5,15,72,63,2,27771907,262,1,150,13499,
99.582,1085.74,51.4414,7.48781,277.687,15.5163,229.161,1,31,-72,-5,15,68,63,2,27771907,262,1,150,13499,
100.565,1101.04,51.4413,7.48763,278.275,15.4226,230.107,1,31,-72,-5,15,68,63,2,27771907,262,1,150,13499,
101.573,1116.34,51.4412,7.48745,278.812,15.1926,230.915,1,31,-72,-5,15,68,63,2,27771907,262,1,150,13499,
102.554,1131.38,51.4412,7.48728,279.246,15.139,231.615,1,19,-82,-6,15,58,55,2,27771907,262,1,150,13499,
103.569,1146.31,51.4411,7.4871,279.745,15.1159,232.048,1,19,-82,-6,15,58,55,2,27771907,262,1,150,13499,
104.589,1160.41,51.441,7.48693,280.442,15.3956,232.699,1,18,-86,-7,15,54,52,2,27771907,262,1,150,13499,
105.582,1176.27,51.4409,7.48674,280.964,15.7496,232.244,1,18,-86,-7,15,54,52,2,27771907,262,1,150,13499,
106.603,1191.97,51.4408,7.48656,280.925,16.2795,231.728,1,11,-83,-7,6,57,55,1,27771908,262,1,152,13499,
107.589,1207.84,51.4408,7.48638,280.447,16.7974,231.37,1,11,-83,-7,6,57,55,1,27771908,262,1,152,13499,
108.593,1223.09,51.4407,7.4862,280.068,15.9173,230.97,1,22,-80,-6,15,60,58,1,27771908,262,1,152,13499,
109.58,1223.09,51.4362,7.4753,nan,15.9983,231.751,1,22,-80,-6,15,60,58,1,27771908,262,1,152,13499,
110.565,1223.09,51.4405,7.48582,281.249,16.314,232.509,1,18,-78,-6,14,62,59,1,27771908,262,1,152,13499,
111.57,1239.03,51.4404,7.48564,281.718,16.6439,232.173,1,18,-78,-6,14,62,59,1,27771908,262,1,152,13499,
112.589,1255.17,51.4403,7.48545,282.559,16.7296,232.414,1,32,-75,-5,15,65,61,1,27771908,262,1,152,13499,
113.593,1272.07,51.4402,7.48526,283.424,16.7879,233.079,1,32,-75,-5,15,65,61,1,27771908,262,1,152,13499,
114.606,1288.26,51.4402,7.48507,283.999,16.6637,232.115,1,21,-73,-5,15,67,63,1,27771908,262,1,152,13499,
115.576,1305.01,51.4401,7.48487,284.296,16.1667,232.917,1,21,-73,-5,15,67,63,1,27771908,262,1,152,13499,
116.613,1321.13,51.44,7.48469,284.716,16.7087,232.436,1,27,-71,-5,15,69,63,1,27771908,262,1,152,13499,
117.58,1336.61,51.4399,7.48451,285.211,16.8151,231.85,1,27,-71,-5,15,69,63,1,27771908,262,1,152,13499,
118.577,1352.66,51.4398,7.48433,285.547,16.0904,231.004,1,25,-70,-6,15,70,63,1,27771908,262,1,152,13499,
119.568,1369.21,51.4397,7.48414,285.915,16.1466,231.848,1,25,-70,-6,15,70,63,1,27771908,262,1,152,13499,
120.596,1385.5,51.4396,7.48395,286.3,16.3515,232.209,1,29,-71,-6,15,69,63,1,27771908,262,1,152,13499,
121.581,1402.11,51.4395,7.48376,286.987,16.4943,232.938,1,29,-71,-6,15,69,63,1,27771908,262,1,152,13499,
122.591,1419.65,51.4394,7.48356,287.492,16.3182,233.54,1,24,-70,-7,15,70,63,1,27771908,262,1,152,13499,
123.561,1434.8,51.4394,7.48337,288.244,15.1676,235.242,1,24,-70,-7,15,70,63,1,27771908,262,1,152,13499,
124.578,1451.76,51.4393,7.48316,288.545,13.9694,237.233,1,24,-70,-7,15,70,63,1,27771908,262,1,152,13499,
125.584,1468.54,51.4392,7.48296,289.058,14.7327,236.258,1,32,-78,-5,15,62,58,1,27771908,262,1,152,13499,
126.586,1484.77,51.4391,7.48275,289.357,15.2242,237.425,1,32,-78,-5,15,62,58,1,27771908,262,1,152,13499,
127.59,1501.46,51.4391,7.48255,289.561,15.1557,238.34,1,26,-82,-5,15,58,53,1,27771908,262,1,152,13499,
128.561,1518.78,51.439,7.48233,289.737,16.1886,239.504,1,26,-82,-5,15,58,53,1,27771908,262,1,152,13499,
129.588,1518.78,51.4362,7.4753,nan,17.3169,238.761,1,25,-89,-5,15,51,47,1,27771908,262,1,152,13499,
130.587,1518.78,51.4388,7.48188,289.936,16.6378,239.069,1,25,-89,-5,15,51,47,1,27771908,262,1,152,13499,
131.579,1535.01,51.4388,7.48167,290.247,15.6947,239.628,1,25,-93,-5,13,47,44,1,27771908,262,1,152,13499,
132.572,1551.14,51.4387,7.48146,290.735,16.2417,239.002,1,25,-93,-5,13,47,44,1,27771908,262,1,152,13499,
133.555,1566.67,51.4386,7.48127,291.435,15.3755,239.893,1,32,-97,-6,13,43,41,1,27771908,262,1,152,13499,
134.576,1582.82,51.4386,7.48106,292.116,15.6264,239.469,1,32,-97,-6,13,43,41,1,27771908,262,1,152,13499,
135.569,1599.09,51.4385,7.48086,292.242,15.5219,240.102,1,19,-98,-6,11,42,38,1,27771908,262,1,152,13499,
136.564,1614.18,51.4384,7.48066,292.218,15.4782,239.094,1,19,-98,-6,11,42,38,1,27771908,262,1,152,13499,
137.58,1630.72,51.4384,7.48045,291.394,15.305,238.546,1,18,-101,-6,12,39,36,1,27771908,262,1,152,13499,
138.576,1647.45,51.4383,7.48025,291.038,15.7058,237.852,1,18,-101,-6,12,39,36,1,27771908,262,1,152,13499,
139.587,1663.37,51.4382,7.48005,291.053,16.2698,238.711,1,11,-100,-5,9,40,36,1,27771908,262,1,152,13499,
140.594,1679.36,51.4381,7.47985,291.376,15.9102,239.076,1,11,-100,-5,9,40,36,1,27771908,262,1,152,13499,
141.567,1696.58,51.4381,7.47963,290.774,16.4476,240.212,1,12,-103,-6,8,37,35,1,27771908,262,1,152,13499,
142.575,1714.21,51.438,7.47941,290.333,16.9073,240.351,1,12,-103,-6,8,37,35,1,27771908,262,1,152,13499,
143.569,1732.59,51.4379,7.47917,290.596,17.9129,239.406,1,10,-103,-6,8,37,34,1,27771908,262,1,152,13499,
144.559,1750.04,51.4378,7.47895,290.84,16.3228,239.891,1,10,-103,-6,8,37,34,1,27771908,262,1,152,13499,
145.562,1767.42,51.4378,7.47873,290.71,15.5847,240.849,1,7,-103,-6,2,37,33,1,27771908,262,1,152,13499,
146.566,1784.22,51.4377,7.47852,290.539,15.516,240.337,1,7,-103,-6,2,37,33,1,27771908,262,1,152,13499,
147.57,1800.37,51.4376,7.47831,290.936,14.565,239.674,1,6,-105,-8,2,35,35,1,27771908,262,1,152,13499,
148.576,1816.3,51.4375,7.47811,291.344,14.8576,238.882,1,6,-105,-8,2,35,35,1,27771908,262,1,152,13499,
149.57,1816.3,51.4392,7.48116,nan,15.0711,239.959,1,1,-106,-8,2,34,33,1,27771908,262,1,152,13499,
150.576,1816.3,51.4374,7.47771,292.139,14.696,240.954,1,1,-106,-8,2,34,33,1,27771908,262,1,152,13499,
151.57,1831.4,51.4374,7.47752,292.247,14.2774,241.322,1,4,-109,-10,2,31,32,1,27771908,262,1,152,13499,
152.559,1845.68,51.4373,7.47733,291.724,14.075,242.102,1,4,-109,-10,2,31,32,1,27771908,262,1,152,13499,
153.59,1858.51,51.4372,7.47717,291.719,13.208,241.705,1,4,-109,-10,2,31,32,1,27771908,262,1,152,13499,
154.58,1871.51,51.4372,7.477,291.539,13.316,242.208,1,5,-110,-10,2,30,32,1,27771908,262,1,152,13499,
155.559,1884.99,51.4372,7.47682,290.766,12.042,244.206,1,5,-110,-10,2,30,32,1,27771908,262,1,152,13499,
156.585,1897.85,51.4371,7.47664,290.516,10.8603,248.306,1,7,-110,-10,2,30,31,1,27771908,262,1,152,13499,
157.578,1909.06,51.4371,7.47648,290.178,10.5591,265.607,1,7,-110,-10,2,30,31,1,27771908,262,1,152,13499,
158.593,1921.18,51.4371,7.47631,289.583,9.73337,279.527,1,15,-107,-8,2,33,32,1,27771908,262,1,152,13499,
159.579,1932.94,51.4372,7.47617,288.933,8.64446,306.488,1,15,-107,-8,2,33,32,1,27771908,262,1,152,13499,
160.584,1941.28,51.4373,7.4761,288.865,7.72318,308.577,1,17,-105,-7,2,35,33,1,27771908,262,1,152,13499,
161.573,1952.6,51.4374,7.4761,289.14,8.56829,357.845,1,17,-105,-7,2,35,33,1,27771908,262,1,152,13499,
162.562,1963.12,51.4374,7.47615,289.543,8.82774,18.1745,1,25,-99,-6,2,41,38,1,27771908,262,1,152,13499,
163.581,1975.23,51.4375,7.47625,290.232,9.61814,38.7332,1,25,-99,-6,2,41,38,1,27771908,262,1,152,13499,
164.592,1988.38,51.4376,7.47638,290.682,10.6238,42.1781,1,30,-89,-5,2,51,47,1,27771908,262,1,152,13499,
165.572,2001.48,51.4377,7.47652,291.314,11.2695,44.9603,1,30,-89,-5,2,51,47,1,27771908,262,1,152,13499,
166.576,2015.05,51.4378,7.47666,292.221,11.8127,46.9961,1,30,-85,-5,2,55,51,1,27771908,262,1,152,13499,
167.662,2028.5,51.4379,7.47681,292.823,13.0932,48.8158,1,30,-85,-5,2,55,51,1,27771908,262,1,152,13499,
168.564,2041.89,51.4379,7.47696,293.554,14.1005,50.6387,1,28,-80,-5,15,60,55,10,27771908,262,1,152,13499,
169.568,2041.89,51.4362,7.4753,nan,14.985,51.7097,1,28,-80,-5,15,60,55,10,27771908,262,1,152,13499,
170.562,2041.89,51.4381,7.47734,294.928,15.7702,53.0481,1,31,-78,-5,15,62,57,10,27771908,262,1,152,13499,
171.588,2057.2,51.4382,7.47752,295.037,16.3196,54.0069,1,31,-78,-5,15,62,57,10,27771908,262,1,152,13499,
172.568,2073.2,51.4383,7.47771,295.18,17.0432,54.4864,1,40,-75,-4,15,65,60,10,27771908,262,1,152,13499,
173.582,2090.77,51.4383,7.47793,295.151,17.7049,54.9898,1,40,-75,-4,15,65,60,10,27771908,262,1,152,13499,
174.572,2110.08,51.4384,7.47816,295.172,18.1343,56.2096,1,33,-77,-5,15,63,60,10,27771908,262,1,152,13499,
175.56,2128.36,51.4385,7.47838,294.584,18.5059,56.8345,1,33,-77,-5,15,63,60,10,27771908,262,1,152,13499,
176.579,2146.27,51.4386,7.4786,294.123,18.7022,57.7363,1,33,-77,-5,15,63,60,10,27771908,262,1,152,13499,
177.599,2164.15,51.4387,7.47882,293.917,18.5218,57.4192,1,36,-82,-6,15,58,56,10,27771908,262,1,152,13499,
178.582,2182.73,51.4388,7.47905,293.104,18.1119,56.727,1,36,-82,-6,15,58,56,10,27771908,262,1,152,13499,
179.569,2200.33,51.4389,7.47927,292.27,18.1094,56.719,1,33,-85,-5,14,55,51,10,27771908,262,1,152,13499,
180.584,2217.14,51.439,7.47947,291.769,18.0405,56.3341,1,33,-85,-5,14,55,51,10,27771908,262,1,152,13499,
181.582,2234.89,51.439,7.47969,291.408,17.3325,56.7388,1,31,-88,-5,15,52,49,10,27771908,262,1,152,13499,
182.567,2253.21,51.4391,7.47991,290.687,17.2275,55.8095,1,31,-88,-5,15,52,49,10,27771908,262,1,152,13499,
183.58,2269.78,51.4392,7.48011,290.555,16.8309,55.4384,1,27,-87,-5,14,53,51,10,27771908,262,1,152,13499,
184.562,2287.58,51.4393,7.48032,290.182,16.6123,54.4859,1,27,-87,-5,14,53,51,10,27771908,262,1,152,13499,
185.571,2304.29,51.4394,7.48051,289.907,16.5646,54.0046,1,24,-87,-4,2,53,48,10,27771908,262,1,152,13499,
186.572,2320.94,51.4395,7.48071,289.911,16.3481,54.46,1,24,-87,-4,2,53,48,10,27771908,262,1,152,13499,
187.572,2337.54,51.4396,7.4809,289.942,16.7916,54.8244,1,25,-90,-7,2,50,48,10,27771908,262,1,152,13499,
188.573,2356.37,51.4397,7.48112,290.095,17.3727,53.826,1,25,-90,-7,2,50,48,10,27771908,262,1,152,13499,
189.597,2356.37,51.4362,7.4753,nan,17.4414,52.6182,1,21,-86,-5,13,54,50,5,27771908,262,1,152,13499,
190.565,2356.37,51.4399,7.48155,289.023,18.1572,51.8133,1,21,-86,-5,13,54,50,5,27771908,262,1,152,13499,
191.575,2373.35,51.44,7.48174,288.852,18.3635,50.2966,1,24,-86,-5,14,54,51,5,27771908,262,1,152,13499,
192.579,2390.06,51.4401,7.48192,288.915,18.3642,48.8459,1,24,-86,-5,14,54,51,5,27771908,262,1,152,13499,
193.562,2407.52,51.4402,7.48211,288.871,18.071,48.153,1,15,-85,-5,12,55,51,5,27771908,262,1,152,13499,
194.564,2425.87,51.4403,7.4823,288.541,18.3426,46.881,1,15,-85,-5,12,55,51,5,27771908,262,1,152,13499,
195.572,2443.42,51.4404,7.48248,288.366,18.2345,45.2958,1,19,-84,-6,13,56,52,5,27771908,262,1,152,13499,
196.572,2463.36,51.4405,7.48268,288.319,18.6046,44.2136,1,19,-84,-6,13,56,52,5,27771908,262,1,152,13499,
197.567,2481.84,51.4407,7.48287,288.601,18.9319,43.3778,1,24,-84,-5,13,56,51,5,27771908,262,1,152,13499,
198.583,2500.58,51.4408,7.48304,288.657,19.5539,42.4656,1,24,-84,-5,13,56,51,5,27771908,262,1,152,13499,
199.603,2519.4,51.4409,7.48321,288.099,19.3269,41.4175,1,19,-84,-5,14,56,52,5,27771908,262,1,152,13499,
200.592,2538.6,51.4411,7.48338,287.215,19.3142,40.3735,1,19,-84,-5,14,56,52,5,27771908,262,1,152,13499,
201.571,2557.35,51.4412,7.48354,286.116,19.5274,39.5992,1,19,-84,-5,14,56,52,5,27771908,262,1,152,13499,
202.579,2575.94,51.4413,7.4837,284.894,19.4858,38.0712,1,14,-85,-6,12,55,52,5,27771908,262,1,152,13499,
203.561,2595.29,51.4415,7.48386,284.014,19.4968,36.7994,1,14,-85,-6,12,55,52,5,27771908,262,1,152,13499,
204.575,2614.51,51.4416,7.48401,282.997,19.5571,32.5395,1,11,-86,-6,10,54,50,5,27771908,262,1,152,13499,
205.559,2634.4,51.4418,7.48415,282.32,19.7335,31.2262,1,11,-86,-6,10,54,50,5,27771908,262,1,152,13499,
206.554,2654.75,51.4419,7.48429,281.714,19.8624,29.0202,1,19,-89,-8,2,51,49,5,27771908,262,1,152,13499,
207.632,2674.57,51.4421,7.48442,281.309,20.1096,27.047,1,19,-89,-8,2,51,49,5,27771908,262,1,152,13499,
208.577,2694.88,51.4423,7.48455,280.691,20.3416,26.1301,1,6,-91,-14,10,49,52,1,27771908,262,1,152,13499,
209.564,2694.88,51.4362,7.4753,nan,20.5251,25.6499,1,6,-91,-14,10,49,52,1,27771908,262,1,152,13499,
210.562,2694.88,51.4426,7.48479,278.83,21.0019,25.2361,1,15,-83,-6,15,57,55,3,27771909,262,1,151,13499,
211.604,2715.55,51.4428,7.48492,277.632,20.9249,25.3439,1,15,-83,-6,15,57,55,3,27771909,262,1,151,13499,
212.565,2736.43,51.4429,7.48503,276.322,20.7341,23.8536,1,32,-76,-6,15,64,61,3,27771909,262,1,151,13499,
213.589,2755.91,51.4431,7.48514,274.926,20.6469,23.5738,1,32,-76,-6,15,64,61,3,27771909,262,1,151,13499,
214.574,2775.38,51.4432,7.48525,273.324,19.7116,23.5559,1,24,-75,-5,15,65,60,3,27771909,262,1,151,13499,
215.574,2794.52,51.4434,7.48536,271.93,19.1719,24.0006,1,24,-75,-5,15,65,60,3,27771909,262,1,151,13499,
216.566,2813.69,51.4436,7.48546,270.467,18.9644,23.7443,1,33,-73,-5,15,67,63,3,27771909,262,1,151,13499,
217.569,2832.84,51.4437,7.48557,269.448,18.2889,23.3725,1,33,-73,-5,15,67,63,3,27771909,262,1,151,13499,
218.569,2850.69,51.4439,7.48566,268.847,17.4116,22.6602,1,31,-66,-5,15,74,63,3,27771909,262,1,151,13499,
219.588,2867.44,51.444,7.48576,268.271,16.6453,22.0015,1,31,-66,-5,15,74,63,3,27771909,262,1,151,13499,
220.545,2883.84,51.4442,7.48585,267.778,15.8165,21.6348,1,28,-64,-5,14,76,63,3,27771909,262,1,151,13499,
221.578,2898.86,51.4443,7.48592,266.951,15.066,22.0135,1,28,-64,-5,14,76,63,3,27771909,262,1,151,13499,
222.552,2913.05,51.4444,7.48601,265.809,14.2448,25.0182,1,14,-73,-5,15,67,60,3,27771909,262,1,151,13499,
223.596,2927.09,51.4445,7.48613,265.051,12.9696,38.2032,1,14,-73,-5,15,67,60,3,27771909,262,1,151,13499,
224.587,2939.34,51.4446,7.48624,265.087,12.2449,40.436,1,23,-76,-6,2,64,62,3,27771909,262,1,151,13499,
225.572,2952.72,51.4446,7.48641,265.059,11.5349,58.8612,1,23,-76,-6,2,64,62,3,27771909,262,1,151,13499,
226.573,2964.47,51.4447,7.48657,264.985,11.7936,71.7216,1,23,-76,-6,2,64,62,3,27771909,262,1,151,13499,
227.56,2975.58,51.4447,7.48673,265.32,12.346,86.8725,1,25,-76,-5,2,64,60,3,27771909,262,1,151,13499,
228.578,2988.24,51.4447,7.48691,266.223,12.1887,99.6174,1,25,-76,-5,2,64,60,3,27771909,262,1,151,13499,
229.579,2988.24,51.4446,7.48306,nan,12.2199,113.351,1,21,-80,-5,2,60,56,3,27771909,262,1,151,13499,
230.576,2988.24,51.4446,7.48723,267.835,12.6575,126.287,1,21,-80,-5,2,60,56,3,27771909,262,1,151,13499,
231.589,3000.98,51.4445,7.48737,267.854,13.4868,130.173,1,24,-80,-6,14,60,56,4,27771909,262,1,151,13499,
232.564,3012.71,51.4444,7.48745,267.886,13.4563,151.909,1,24,-80,-6,14,60,56,4,27771909,262,1,151,13499,
233.592,3025.85,51.4443,7.4875,267.882,12.8604,169.192,1,29,-70,-5,14,70,63,4,27771909,262,1,151,13499,
234.583,3039.01,51.4442,7.4875,267.891,12.6525,183.312,1,29,-70,-5,14,70,63,4,27771909,262,1,151,13499,
235.566,3051.29,51.4441,7.48746,267.938,12.7562,199.154,1,31,-69,-5,15,71,63,4,27771909,262,1,151,13499,
236.554,3064.4,51.444,7.48737,267.908,13.1695,211.994,1,31,-69,-5,15,71,63,4,27771909,262,1,151,13499,
237.599,3076.93,51.4439,7.48725,268.14,13.6462,227.696,1,29,-74,-5,15,66,63,4,27771909,262,1,151,13499,
238.595,3090.25,51.4438,7.48708,268.327,13.9248,241.478,1,29,-74,-5,15,66,63,4,27771909,262,1,151,13499,
239.576,3103.05,51.4438,7.48691,268.304,14.3441,256.141,1,26,-81,-5,14,59,56,4,27771909,262,1,151,13499,
240.572,3117.41,51.4438,7.48671,268.024,14.72,259.498,1,26,-81,-5,14,59,56,4,27771909,262,1,151,13499,
241.57,3133.13,51.4437,7.48648,267.61,15.44,262.42,1,29,-82,-6,14,58,54,4,27771909,262,1,151,13499,
242.587,3149.52,51.4437,7.48625,267.155,16.508,264.214,1,29,-82,-6,14,58,54,4,27771909,262,1,151,13499,
243.577,3167.34,51.4437,7.48599,266.485,17.4425,264.981,1,30,-79,-5,15,61,56,4,27771909,262,1,151,13499,
244.57,3185.8,51.4437,7.48572,266.023,18.279,265.879,1,30,-79,-5,15,61,56,4,27771909,262,1,151,13499,
245.584,3205.55,51.4437,7.48544,265.605,18.6868,267.255,1,27,-77,-5,2,63,53,4,27771909,262,1,151,13499,
246.578,3226.9,51.4437,7.48513,266.436,19.4774,268.1,1,27,-77,-5,2,63,53,4,27771909,262,1,151,13499,
247.59,3248.03,51.4437,7.48483,266.827,20.0069,268.397,1,30,-83,-5,2,57,53,4,27771909,262,1,151,13499,
248.598,3267.15,51.4437,7.48455,267.018,21.467,268.763,1,30,-83,-5,2,57,53,4,27771909,262,1,151,13499,
249.634,3267.15,51.4446,7.48306,nan,22.6338,268.535,1,33,-79,-5,2,61,57,4,27771909,262,1,151,13499,
250.557,3267.15,51.4437,7.48394,266.414,23.115,268.472,1,33,-79,-5,2,61,57,4,27771909,262,1,151,13499,
251.58,3290.31,51.4437,7.48361,265.842,23.8164,268.078,1,28,-66,-5,15,74,63,3,27771909,262,1,151,13499,
252.559,3313.8,51.4437,7.48327,265.79,24.4106,267.714,1,28,-66,-5,15,74,63,3,27771909,262,1,151,13499,
253.587,3337.89,51.4437,7.48292,266.004,24.3843,267.641,1,28,-66,-5,15,74,63,3,27771909,262,1,151,13499,
254.584,3362.45,51.4437,7.48257,266.196,23.8165,267.495,1,27,-81,-5,15,59,54,3,27771909,262,1,151,13499,
255.572,3386.73,51.4437,7.48222,265.866,23.2422,267.004,1,27,-81,-5,15,59,54,3,27771909,262,1,151,13499,
256.576,3410.42,51.4437,7.48188,265.433,23.273,266.607,1,34,-85,-5,15,55,51,3,27771909,262,1,151,13499,
257.599,3433.42,51.4437,7.48154,264.63,23.2621,266.44,1,34,-85,-5,15,55,51,3,27771909,262,1,151,13499,
258.596,3457.14,51.4436,7.4812,263.482,23.4013,266.014,1,32,-88,-5,14,52,47,3,27771909,262,1,151,13499,
259.566,3481.01,51.4436,7.48086,262.613,23.6634,265.727,1,32,-88,-5,14,52,47,3,27771909,262,1,151,13499,
260.593,3504.85,51.4436,7.48052,261.888,24.0265,265.218,1,19,-89,-5,11,51,46,3,27771909,262,1,151,13499,
261.565,3528.57,51.4436,7.48018,261.408,24.1875,264.521,1,19,-89,-5,11,51,46,3,27771909,262,1,151,13499,
262.563,3552.48,51.4436,7.47983,261.131,24.6542,262.452,1,28,-89,-5,11,51,46,3,27771909,262,1,151,13499,
263.567,3577.66,51.4435,7.47947,261.068,25.1052,262.13,1,28,-89,-5,11,51,46,3,27771909,262,1,151,13499,
264.587,3602.17,51.4435,7.47912,260.968,25.498,262.285,1,30,-92,-6,11,48,46,3,27771909,262,1,151,13499,
265.598,3627.3,51.4435,7.47876,260.754,25.9106,262.277,1,30,-92,-6,11,48,46,3,27771909,262,1,151,13499,
266.57,3653.12,51.4434,7.47839,260.464,26.4317,262.435,1,18,-84,-5,2,56,49,3,27771909,262,1,151,13499,
267.576,3679.99,51.4434,7.47801,260.247,26.7787,263.007,1,18,-84,-5,2,56,49,3,27771909,262,1,151,13499,
268.588,3706.6,51.4434,7.47762,260,27.2094,262.709,1,16,-87,-5,2,53,47,3,27771909,262,1,151,13499,
269.568,3706.6,51.4446,7.48306,nan,27.6355,262.469,1,16,-87,-5,2,53,47,3,27771909,262,1,151,13499,
270.572,3706.6,51.4433,7.47684,259.37,28.0673,261.812,1,16,-90,-6,2,50,46,3,27771909,262,1,151,13499,
271.59,3735.04,51.4433,7.47643,259.107,28.6332,261.241,1,16,-90,-6,2,50,46,3,27771909,262,1,151,13499,
272.572,3764.49,51.4432,7.47601,259.056,28.8782,261.229,1,12,-91,-7,2,49,46,3,27771909,262,1,151,13499,
273.568,3793.97,51.4432,7.47559,259.14,28.7277,260.56,1,12,-91,-7,2,49,46,3,27771909,262,1,151,13499,
274.578,3821.05,51.4432,7.4752,258.975,28.7194,259.907,1,18,-92,-6,2,48,44,3,27771909,262,1,151,13499,
275.568,3848.98,51.4431,7.47481,258.159,28.7961,259.04,1,18,-92,-6,2,48,44,3,27771909,262,1,151,13499,
276.56,3877.56,51.4431,7.4744,257.08,29.365,258.285,1,1,-94,-7,2,46,44,3,27771909,262,1,151,13499,
277.579,3906.12,51.443,7.474,255.858,29.6279,258.255,1,1,-94,-7,2,46,44,3,27771909,262,1,151,13499,
278.556,3934.95,51.443,7.47359,254.772,29.8467,258.517,1,-3,-99,-8,2,41,40,3,27771909,262,1,151,13499,
279.569,3964.85,51.4429,7.47316,253.895,29.8668,258.966,1,-3,-99,-8,2,41,40,3,27771909,262,1,151,13499,
280.567,3994.16,51.4429,7.47275,252.854,29.957,258.932,1,-3,-99,-8,2,41,40,3,27771909,262,1,151,13499,
281.559,4023.44,51.4428,7.47233,251.769,30.0807,258.894,1,-1,-108,-12,2,32,34,3,27771909,262,1,151,13499,
282.56,4053.56,51.4428,7.47191,250.529,30.3295,258.976,1,-1,-108,-12,2,32,34,3,27771909,262,1,151,13499,
283.575,4084.29,51.4427,7.47147,249.456,30.5372,258.568,1,-3,-112,-13,2,28,31,3,27771909,262,1,151,13499,
284.58,4114.39,51.4427,7.47104,248.746,30.3399,258.598,1,-3,-112,-13,2,28,31,3,27771909,262,1,151,13499,
285.567,4144.2,51.4426,7.47062,248.207,29.9296,258.213,1,-4,-115,-14,2,25,29,3,31281409,262,1,151,13499,
286.597,4173.45,51.4426,7.47021,247.601,29.4983,257.974,1,-4,-115,-14,2,25,29,3,31281409,262,1,151,13499,
287.589,4203.14,51.4425,7.46979,246.998,29.5633,258.176,1,4,-112,-10,2,28,29,3,31281409,262,1,232,13499,
288.566,4232.45,51.4424,7.46938,246.688,29.6289,257.387,1,4,-112,-10,2,28,29,3,31281409,262,1,232,13499,
289.561,4232.45,51.444,7.46137,nan,29.88,258.008,1,7,-109,-9,2,31,30,3,31281409,262,1,232,13499,
290.573,4232.45,51.4423,7.46854,246.131,30.3765,258.164,1,7,-109,-9,2,31,30,3,31281409,262,1,232,13499,
291.596,4262.67,51.4423,7.46812,245.535,30.237,258.327,1,6,-109,-9,2,31,30,3,31281409,262,1,232,13499,
292.582,4292.88,51.4422,7.46769,244.852,30.3065,258.465,1,6,-109,-9,2,31,30,3,31281409,262,1,232,13499,
293.568,4323.44,51.4422,7.46726,244.08,30.3133,258.729,1,9,-107,-8,2,33,32,3,31281409,262,1,232,13499,
294.574,4353.73,51.4421,7.46683,243.363,30.3966,258.743,1,9,-107,-8,2,33,32,3,31281409,262,1,232,13499,
295.564,4383.82,51.4421,7.4664,242.7,30.4259,259.666,1,11,-106,-8,2,34,34,3,31281409,262,1,232,13499,
296.592,4414.32,51.442,7.46597,242.086,30.6511,259.928,1,11,-106,-8,2,34,34,3,31281409,262,1,232,13499,
297.576,4445.6,51.442,7.46552,241.615,30.7927,260.545,1,13,-101,-7,2,39,37,3,31281409,262,1,232,13499,
298.568,4476.55,51.4419,7.46508,241.188,30.7999,261.061,1,13,-101,-7,2,39,37,3,31281409,262,1,232,13499,
299.585,4505.57,51.4419,7.46467,240.466,30.7366,260.746,1,16,-100,-7,2,40,38,3,31281409,262,1,232,13499,
300.588,4536.02,51.4418,7.46423,239.644,30.6554,262.195,1,16,-100,-7,2,40,38,3,31281409,262,1,232,13499,
301.573,4567.56,51.4418,7.46378,238.976,30.4141,262.727,1,15,-100,-7,2,40,37,3,31281409,262,1,232,13499,
302.576,4598.52,51.4418,7.46334,238.306,29.8569,263.272,1,15,-100,-7,2,40,37,3,31281409,262,1,232,13499,
303.569,4628.59,51.4417,7.4629,237.479,29.8593,263.529,1,11,-102,-7,2,38,35,3,31281409,262,1,232,13499,
304.575,4658.05,51.4417,7.46248,236.751,29.905,264.144,1,11,-102,-7,2,38,35,3,31281409,262,1,232,13499,
305.575,4687.8,51.4417,7.46205,235.889,29.5772,264.985,1,12,-101,-8,12,39,39,24,31281409,262,1,232,13499,
306.577,4716.89,51.4417,7.46164,235.071,29.0041,264.997,1,12,-101,-8,12,39,39,24,31281409,262,1,232,13499,
307.6,4745.4,51.4416,7.46123,234.47,28.4992,265.182,1,12,-101,-8,12,39,39,24,31281409,262,1,232,13499,
308.572,4773.18,51.4416,7.46082,234.015,27.8157,266.262,1,21,-103,-7,7,37,36,24,31281409,262,1,232,13499,
309.592,4773.18,51.444,7.46137,nan,27.6562,266.243,1,21,-103,-7,7,37,36,24,31281409,262,1,232,13499,
310.593,4773.18,51.4416,7.46004,233.893,26.9297,267.059,1,23,-103,-7,9,37,34,24,31281409,262,1,232,13499,
311.572,4799.63,51.4416,7.45966,233.852,26.5261,267.145,1,23,-103,-7,9,37,34,24,31281409,262,1,232,13499,
312.578,4825.68,51.4416,7.45928,233.766,25.9421,268.095,1,9,-105,-8,10,35,35,24,31281409,262,1,232,13499,
313.562,4851.75,51.4416,7.4589,233.524,25.4777,268.429,1,9,-105,-8,10,35,35,24,31281409,262,1,232,13499,
314.584,4877.17,51.4416,7.45854,233.494,25.345,268.367,1,7,-102,-8,7,38,37,24,31281409,262,1,232,13499,
315.582,4902.37,51.4416,7.45817,233.684,25.1336,269.341,1,7,-102,-8,7,38,37,24,31281409,262,1,232,13499,
316.573,4926.96,51.4416,7.45782,233.923,24.7624,270.022,1,19,-102,-7,7,38,37,24,27771908,262,1,232,13499,
317.579,4950.97,51.4416,7.45747,234.204,24.5964,270.201,1,19,-102,-7,7,38,37,24,27771908,262,1,232,13499,
318.562,4975.67,51.4416,7.45711,234.35,24.667,270.025,1,8,-102,-8,11,38,37,24,27771908,262,1,152,13499,
319.588,5001.04,51.4416,7.45675,234.172,24.5562,270.268,1,8,-102,-8,11,38,37,24,27771908,262,1,152,13499,
320.673,5025.56,51.4416,7.45639,234.267,24.571,270.239,1,13,-94,-5,14,46,42,24,27771908,262,1,152,13499,
321.584,5048.9,51.4416,7.45606,234.158,24.6128,270.319,1,13,-94,-5,14,46,42,24,27771908,262,1,152,13499,
322.574,5074.2,51.4416,7.45569,233.936,24.6881,270.339,1,13,-93,-6,10,47,43,24,27771908,262,1,152,13499,
323.569,5098.95,51.4416,7.45533,233.917,24.3655,271.142,1,13,-93,-6,10,47,43,24,27771908,262,1,152,13499,
324.585,5122.95,51.4416,7.45499,233.925,24.1882,271.507,1,6,-94,-8,10,46,45,24,27771908,262,1,152,13499,
325.592,5146.25,51.4416,7.45465,234.005,24.1744,271.678,1,6,-94,-8,10,46,45,24,27771908,262,1,152,13499,
326.571,5169.57,51.4416,7.45432,233.854,24.0708,273.768,1,17,-87,-5,15,53,47,16,33527552,262,1,433,13499,
327.597,5193.97,51.4416,7.45396,233.761,23.5825,274.284,1,17,-87,-5,15,53,47,16,33527552,262,1,433,13499,
328.576,5217.48,51.4416,7.45363,233.838,22.9757,274.625,1,22,-81,-4,15,59,54,16,33527552,262,1,433,13499,
329.588,5217.48,51.4432,7.44931,nan,22.7258,274.945,1,22,-81,-4,15,59,54,16,33527552,262,1,433,13499,
330.568,5217.48,51.4417,7.45296,234.255,22.2226,275.228,1,21,-81,-4,12,59,54,16,33527552,262,1,433,13499,
331.564,5238.84,51.4417,7.45265,234.282,21.9524,275.313,1,21,-81,-4,12,59,54,16,33527552,262,1,433,13499,
332.557,5260.83,51.4417,7.45234,234.304,21.6679,275.615,1,22,-80,-5,14,60,56,16,33527552,262,1,433,13499,
333.576,5282.29,51.4417,7.45203,234.376,21.7921,275.658,1,22,-80,-5,14,60,56,16,33527552,262,1,433,13499,
334.579,5304.01,51.4418,7.45171,234.579,22.053,276.083,1,22,-80,-5,14,60,56,16,33527552,262,1,433,13499,
335.581,5325.8,51.4418,7.4514,234.726,21.9491,277.192,1,26,-80,-5,15,60,56,16,33527552,262,1,433,13499,
336.554,5346.79,51.4418,7.4511,234.615,22.0314,277.24,1,26,-80,-5,15,60,56,16,33527552,262,1,433,13499,
337.566,5369.02,51.4418,7.45078,234.435,22.2289,277.266,1,22,-81,-5,12,59,56,16,33527552,262,1,433,13499,
338.593,5391.65,51.4419,7.45046,234.257,22.5312,277.278,1,22,-81,-5,12,59,56,16,33527552,262,1,433,13499,
339.578,5414.73,51.4419,7.45013,234.225,22.5794,277.442,1,25,-81,-5,15,59,56,16,33527552,262,1,433,13499,
340.595,5436.86,51.4419,7.44981,234.092,22.336,278.256,1,25,-81,-5,15,59,56,16,33527552,262,1,433,13499,
341.572,5458.7,51.4419,7.4495,233.835,22.3241,278.38,1,28,-78,-4,2,62,57,16,33527552,262,1,433,13499,
342.554,5481.24,51.442,7.44918,233.591,22.6457,278.281,1,28,-78,-4,2,62,57,16,33527552,262,1,433,13499,
343.558,5503.49,51.442,7.44886,233.287,22.9494,278.356,1,30,-80,-5,2,60,56,16,33527552,262,1,433,13499,
344.572,5526.81,51.442,7.44853,233.041,23.1365,279.176,1,30,-80,-5,2,60,56,16,33527552,262,1,433,13499,
345.557,5551.04,51.4421,7.44818,232.936,22.8046,279.764,1,30,-78,-5,2,62,58,16,33527552,262,1,433,13499,
346.588,5572.47,51.4421,7.44788,232.421,22.5189,280.272,1,30,-78,-5,2,62,58,16,33527552,262,1,433,13499,
347.566,5594.02,51.4421,7.44757,231.889,22.5815,280.692,1,31,-76,-5,2,64,59,16,33527552,262,1,433,13499,
348.564,5616.64,51.4422,7.44725,231.538,22.7033,281.233,1,31,-76,-5,2,64,59,16,33527552,262,1,433,13499,
349.592,5616.64,51.4432,7.44931,nan,22.6374,281.758,1,26,-76,-4,2,64,59,16,33527552,262,1,433,13499,
350.588,5616.64,51.4423,7.44661,231.297,22.3713,281.806,1,26,-76,-4,2,64,59,16,33527552,262,1,433,13499,
351.579,5637.74,51.4423,7.44632,231.031,22.3796,282.239,1,32,-75,-4,2,65,60,16,33527552,262,1,433,13499,
352.589,5658.96,51.4424,7.44602,230.517,22.5237,282.399,1,32,-75,-4,2,65,60,16,33527552,262,1,433,13499,
353.57,5681.38,51.4424,7.4457,229.919,22.759,282.537,1,32,-73,-5,2,67,63,16,33527552,262,1,433,13499,
354.587,5704.68,51.4425,7.44538,229.355,23.2896,282.844,1,32,-73,-5,2,67,63,16,33527552,262,1,433,13499,
355.564,5728.49,51.4425,7.44504,228.818,23.4762,283.246,1,33,-71,-5,2,69,63,16,33527552,262,1,433,13499,
356.557,5751.85,51.4425,7.44471,228.443,23.3855,283.703,1,33,-71,-5,2,69,63,16,33527552,262,1,433,13499,
357.585,5774.47,51.4426,7.4444,228.273,23.1398,283.744,1,25,-68,-5,2,72,63,16,33527552,262,1,433,13499,
358.598,5797.19,51.4427,7.44408,228.062,22.7638,284.636,1,25,-68,-5,2,72,63,16,33527552,262,1,433,13499,
359.58,5820.16,51.4427,7.44376,228.174,22.2525,284.058,1,34,-66,-5,2,74,63,16,33527552,262,1,433,13499,
360.572,5842.34,51.4428,7.44345,228.134,22.7063,285.149,1,34,-66,-5,2,74,63,16,33527552,262,1,433,13499,
361.573,5865.94,51.4428,7.44312,228.138,23.2511,285.698,1,34,-66,-5,2,74,63,16,33527552,262,1,433,13499,
362.56,5888.9,51.4429,7.4428,228.147,23.1416,285.735,1,32,-67,-5,2,73,63,16,33527552,262,1,433,13499,
363.582,5911.55,51.4429,7.44249,227.958,22.9133,286.341,1,32,-67,-5,2,73,63,16,33527552,262,1,433,13499,
364.587,5933.98,51.443,7.44218,227.774,22.7566,286.471,1,29,-66,-5,2,74,63,16,33527552,262,1,433,13499,
365.592,5956.71,51.443,7.44186,227.474,22.9715,286.332,1,29,-66,-5,2,74,63,16,33527552,262,1,433,13499,
366.567,5979.91,51.4431,7.44154,227.328,23.3584,286.226,1,32,-65,-4,2,75,63,16,33527552,262,1,433,13499,
367.563,6002.99,51.4432,7.44122,227.239,23.3124,287.092,1,32,-65,-4,2,75,63,16,33527552,262,1,433,13499,
368.577,6026.26,51.4432,7.4409,227.121,23.1703,287.632,1,29,-66,-5,2,74,63,16,33527552,262,1,433,13499,
369.569,6026.26,51.4432,7.44931,nan,22.8118,287.462,1,29,-66,-5,2,74,63,16,33527552,262,1,433,13499,
370.592,6026.26,51.4433,7.44027,225.888,22.857,288.139,1,25,-68,-5,2,72,63,16,33527552,262,1,433,13499,
371.561,6048.68,51.4434,7.43996,225.3,22.9592,288.599,1,25,-68,-5,2,72,63,16,33527552,262,1,433,13499,
372.646,6071.51,51.4435,7.43965,224.799,23.1399,288.53,1,22,-75,-6,2,65,61,16,33527552,262,1,433,13499,
373.572,6094.75,51.4435,7.43933,224.229,23.3627,289.414,1,22,-75,-6,2,65,61,16,33527552,262,1,433,13499,
374.582,6117.95,51.4436,7.43901,223.74,23.6204,290.215,1,33,-78,-5,14,62,59,2,33527552,262,1,433,13499,
375.577,6142.18,51.4437,7.43868,222.616,23.9713,289.794,1,33,-78,-5,14,62,59,2,33527552,262,1,433,13499,
376.554,6166.12,51.4438,7.43836,221.641,24.5013,290.631,1,24,-77,-5,14,63,59,2,33527552,262,1,433,13499,
377.564,6190.75,51.4438,7.43802,220.766,24.8209,290.498,1,24,-77,-5,14,63,59,2,33527552,262,1,433,13499,
378.56,6215.35,51.4439,7.43769,219.848,24.809,291.066,1,9,-78,-6,15,62,61,2,33527552,262,1,433,13499,
379.568,6240.59,51.444,7.43735,219.194,24.6795,291.599,1,9,-78,-6,15,62,61,2,33527552,262,1,433,13499,
380.565,6264.92,51.4441,7.43702,218.484,24.4681,291.589,1,22,-80,-5,15,60,56,1,33527554,262,1,434,13499,
381.584,6289.06,51.4441,7.43669,217.89,24.4734,291.483,1,22,-80,-5,15,60,56,1,33527554,262,1,434,13499,
382.571,6312.64,51.4442,7.43638,217.626,24.0257,292.983,1,21,-76,-6,15,64,58,1,33527554,262,1,434,13499,
383.579,6336.89,51.4443,7.43606,217.395,24.2582,293.266,1,21,-76,-6,15,64,58,1,33527554,262,1,434,13499,
384.58,6361.36,51.4444,7.43573,217.504,24.4161,292.549,1,29,-82,-5,15,58,55,1,33527554,262,1,434,13499,
385.56,6385.67,51.4445,7.43541,217.041,24.4547,292.829,1,29,-82,-5,15,58,55,1,33527554,262,1,434,13499,
386.608,6411.44,51.4446,7.43507,216.611,24.8471,293.929,1,29,-82,-5,15,58,55,1,33527554,262,1,434,13499,
387.58,6435.15,51.4447,7.43477,215.938,24.829,294.532,1,22,-81,-5,15,59,56,1,33527554,262,1,434,13499,
388.563,6459.99,51.4448,7.43445,215.102,24.987,295.838,1,22,-81,-5,15,59,56,1,33527554,262,1,434,13499,
389.601,6459.99,51.4475,7.43234,nan,25.1782,295.402,1,12,-86,-6,13,54,51,1,33527554,262,1,434,13499,
390.562,6459.99,51.445,7.43381,213.072,24.6701,298.377,1,12,-86,-6,13,54,51,1,33527554,262,1,434,13499,
391.563,6483.06,51.4451,7.43352,212.071,24.0596,298.355,1,21,-84,-6,15,56,53,1,33527554,262,1,434,13499,
392.553,6506.17,51.4452,7.43323,210.853,23.5528,299.5,1,21,-84,-6,15,56,53,1,33527554,262,1,434,13499,
393.558,6528.81,51.4453,7.43295,209.696,23.3578,300.11,1,21,-83,-6,13,57,48,1,33527554,262,1,434,13499,
394.565,6552.07,51.4454,7.43265,208.289,23.263,299.983,1,21,-83,-6,13,57,48,1,33527554,262,1,434,13499,
395.569,6574.54,51.4455,7.43237,207.143,23.2036,301.098,1,21,-85,-6,12,55,50,1,33527554,262,1,434,13499,
396.583,6597.74,51.4456,7.43209,205.998,23.088,301.662,1,21,-85,-6,12,55,50,1,33527554,262,1,434,13499,
397.588,6619.5,51.4457,7.43182,205.123,22.9183,302.745,1,20,-86,-6,15,54,52,1,33527554,262,1,434,13499,
398.589,6642.03,51.4458,7.43155,204.113,22.91,303.483,1,20,-86,-6,15,54,52,1,33527554,262,1,434,13499,
399.564,6664.6,51.4459,7.43128,203.275,22.8905,303.377,1,26,-83,-5,15,57,55,1,33527554,262,1,434,13499,
400.563,6687.28,51.4461,7.43101,202.017,22.7217,305.105,1,26,-83,-5,15,57,55,1,33527554,262,1,434,13499,
401.597,6709.76,51.4462,7.43076,200.935,22.5064,307.954,1,29,-79,-5,15,61,57,1,33527554,262,1,434,13499,
402.587,6732.6,51.4463,7.4305,199.797,22.3988,308.231,1,29,-79,-5,15,61,57,1,33527554,262,1,434,13499,
403.591,6754.61,51.4464,7.43026,198.592,22.3816,309.101,1,31,-77,-3,2,63,58,1,33527554,262,1,434,13499,
404.579,6777.65,51.4466,7.43,197.455,22.4642,309.893,1,31,-77,-3,2,63,58,1,33527554,262,1,434,13499,
405.575,6800.18,51.4467,7.42976,196.176,22.5153,310.435,1,33,-76,-4,2,64,60,1,33527554,262,1,434,13499,
406.558,6822.23,51.4468,7.42952,195.212,22.7283,312.307,1,33,-76,-4,2,64,60,1,33527554,262,1,434,13499,
407.57,6844.28,51.447,7.42928,194.354,22.6288,313.395,1,31,-76,-4,2,64,60,1,33527554,262,1,434,13499,
408.565,6866.47,51.4471,7.42905,193.465,22.6277,313.846,1,31,-76,-4,2,64,60,1,33527554,262,1,434,13499,
409.587,6866.47,51.4475,7.43234,nan,22.6121,315.054,1,31,-76,-4,2,64,60,1,33527554,262,1,434,13499,
410.629,6866.47,51.4474,7.42858,191.722,22.7438,315.625,1,17,-77,-4,2,63,58,1,33527554,262,1,434,13499,
411.561,6889.17,51.4475,7.42836,190.909,22.9505,316.665,1,17,-77,-4,2,63,58,1,33527554,262,1,434,13499,
412.576,6911.49,51.4477,7.42813,189.988,22.998,316.835,1,3,-89,-7,10,51,49,10,33527554,262,1,434,13499,
413.599,6934.09,51.4478,7.42791,188.951,23.1533,318.082,1,3,-89,-7,10,51,49,10,33527554,262,1,434,13499,
414.601,6957.27,51.448,7.42769,188.017,23.0996,319.18,1,7,-87,-6,6,53,50,55,27771140,262,1,289,13499,
415.589,6980.13,51.4481,7.42748,187.104,22.9969,320.261,1,7,-87,-6,6,53,50,55,27771140,262,1,289,13499,
416.596,7003.1,51.4483,7.42727,186.189,23.1122,321.234,1,7,-91,-6,11,49,46,55,27771140,262,1,289,13499,
417.573,7025.94,51.4485,7.42707,185.3,23.2586,322.105,1,7,-91,-6,11,49,46,55,27771140,262,1,289,13499,
418.574,7048.89,51.4486,7.42687,184.169,23.3272,323.547,1,13,-86,-5,1,54,50,55,27771140,262,1,289,13499,
419.582,7072.3,51.4488,7.42667,182.969,23.7167,324.649,1,13,-86,-5,1,54,50,55,27771140,262,1,289,13499,
420.576,7096.34,51.449,7.42648,182.055,24.1101,325.982,1,16,-93,-7,11,47,46,55,27771140,262,1,289,13499,
421.585,7120.58,51.4492,7.42629,181.244,24.1352,326.296,1,16,-93,-7,11,47,46,55,27771140,262,1,289,13499,
422.58,7145.11,51.4494,7.4261,180.334,24.3039,328.204,1,23,-96,-6,8,44,42,55,27771140,262,1,289,13499,
423.598,7168.86,51.4495,7.42593,179.408,24.3031,328.657,1,23,-96,-6,8,44,42,55,27771140,262,1,289,13499,
424.564,7193.69,51.4497,7.42575,178.536,24.4251,329.584,1,11,-96,-6,14,44,40,14,33527554,262,1,434,13499,
425.578,7218.78,51.4499,7.42557,177.52,24.6442,330.324,1,11,-96,-6,14,44,40,14,33527554,262,1,434,13499,
426.595,7243.8,51.4501,7.4254,176.351,24.7933,331.485,1,11,-96,-6,10,44,41,14,33527554,262,1,434,13499,
427.583,7268.14,51.4503,7.42524,175.212,24.857,331.613,1,11,-96,-6,10,44,41,14,33527554,262,1,434,13499,
428.576,7291.57,51.4505,7.42509,174.274,24.3695,332.657,1,10,-98,-7,14,42,39,14,33527554,262,1,434,13499,
429.564,7291.57,51.4475,7.43234,nan,24.9342,334.789,1,10,-98,-7,14,42,39,14,33527554,262,1,434,13499,
430.572,7291.57,51.4509,7.42479,173.374,25.367,335.929,1,1,-103,-10,7,37,38,14,33527554,262,1,434,13499,
431.578,7317.39,51.4511,7.42465,173.114,25.3669,337.065,1,1,-103,-10,7,37,38,14,33527554,262,1,434,13499,
432.57,7342.33,51.4513,7.42451,172.574,24.9402,337.947,1,2,-99,-10,9,41,40,37,29568770,262,1,414,13499,
433.528,7366.86,51.4516,7.42439,171.975,24.152,338.979,1,2,-99,-10,9,41,40,37,29568770,262,1,414,13499,
434.598,7391.75,51.4518,7.42426,171.125,23.9461,339.68,1,2,-99,-10,9,41,40,37,29568770,262,1,414,13499,
435.56,7415.1,51.452,7.42415,170.441,23.6228,340.205,1,2,-100,-8,6,40,39,45,28365057,262,1,224,13499,
436.579,7438.7,51.4522,7.42404,169.598,23.3652,340.678,1,2,-100,-8,6,40,39,45,28365057,262,1,224,13499,
437.574,7461.51,51.4524,7.42393,168.793,23.1884,341.424,1,4,-98,-8,8,42,41,45,28365057,262,1,224,13499,
438.6,7483.95,51.4526,7.42383,167.977,22.8895,342.139,1,4,-98,-8,8,42,41,45,28365057,262,1,224,13499,
439.584,7505.72,51.4527,7.42374,167.375,22.6492,342.534,1,0,-93,-7,6,47,46,48,27771140,262,1,125,13499,
440.591,7528.53,51.4529,7.42364,166.754,22.395,342.769,1,0,-93,-7,6,47,46,48,27771140,262,1,125,13499,
441.578,7550.71,51.4531,7.42354,166.234,22.2428,343.008,1,5,-94,-9,9,46,46,48,27771140,262,1,289,13499,
442.58,7571.94,51.4533,7.42346,165.791,22.1235,343.214,1,5,-94,-9,9,46,46,48,27771140,262,1,289,13499,
443.578,7593.95,51.4535,7.42337,165.175,22.3224,343.65,1,7,-93,-8,10,47,46,48,27771140,262,1,289,13499,
444.572,7615.65,51.4537,7.42329,164.595,22.392,344.153,1,7,-93,-8,10,47,46,48,27771140,262,1,289,13499,
445.563,7638.08,51.4539,7.4232,164.143,22.1653,344.191,1,6,-92,-7,11,48,47,48,27771140,262,1,289,13499,
446.571,7660.06,51.4541,7.42312,163.706,21.858,344.11,1,6,-92,-7,11,48,47,48,27771140,262,1,289,13499,
447.568,7681.36,51.4543,7.42304,163.363,21.5492,344.037,1,9,-93,-7,12,47,46,16,27770883,262,1,125,13499,
448.557,7702.87,51.4544,7.42295,163.085,21.2305,343.524,1,9,-93,-7,12,47,46,16,27770883,262,1,125,13499,
449.577,7702.87,51.4605,7.41596,nan,20.8852,343.356,1,2,-95,-9,8,45,46,16,27770883,262,1,125,13499,
450.574,7702.87,51.4548,7.42278,162.716,20.5728,343.046,1,2,-95,-9,8,45,46,16,27770883,262,1,125,13499,
451.558,7722.61,51.455,7.42271,162.294,20.3657,343.153,1,11,-90,-7,8,50,48,16,27770883,262,1,125,13499,
452.576,7741.91,51.4551,7.42263,161.965,20.1732,343.163,1,11,-90,-7,8,50,48,16,27770883,262,1,125,13499,
453.572,7761.67,51.4553,7.42255,161.537,20.3087,342.771,1,11,-90,-7,8,50,48,16,27770883,262,1,125,13499,
454.539,7783.2,51.4555,7.42245,161.314,20.6552,342.587,1,6,-87,-6,6,53,50,34,29568770,262,1,414,13499,
455.646,7803.75,51.4557,7.42236,160.843,21.0374,341.983,1,6,-87,-6,6,53,50,34,29568770,262,1,414,13499,
456.565,7824.71,51.4559,7.42227,160.227,21.2985,341.615,1,5,-92,-9,6,48,47,15,27770883,262,1,125,13499,
457.58,7847.39,51.456,7.42217,159.962,21.4376,341.085,1,5,-92,-9,6,48,47,15,27770883,262,1,125,13499,
458.57,7868.26,51.4562,7.42207,159.574,21.6194,340.401,1,8,-90,-7,12,50,49,15,27770883,262,1,125,13499,
459.595,7889.77,51.4564,7.42196,158.686,21.7592,339.655,1,8,-90,-7,12,50,49,15,27770883,262,1,125,13499,
460.583,7911.26,51.4566,7.42185,157.942,21.8224,339.129,1,7,-90,-7,8,50,49,15,27770883,262,1,125,13499,
461.574,7934,51.4568,7.42173,157.262,22.029,338.376,1,7,-90,-7,8,50,49,15,27770883,262,1,125,13499,
462.588,7955.76,51.457,7.42162,156.803,22.1757,337.444,1,4,-92,-8,6,48,47,15,27770883,262,1,125,13499,
463.58,7978.2,51.4571,7.42149,156.351,22.2511,336.994,1,4,-92,-8,6,48,47,15,27770883,262,1,125,13499,
464.572,8000.53,51.4573,7.42137,156.476,22.1629,336.422,1,13,-87,-6,11,53,50,15,27770883,262,1,125,13499,
465.554,8023.11,51.4575,7.42124,156.644,22.0413,335.889,1,13,-87,-6,11,53,50,15,27770883,262,1,125,13499,
466.577,8046.05,51.4577,7.42111,156.666,22.0686,335.262,1,13,-89,-6,11,51,47,15,27770883,262,1,125,13499,
467.579,8068.05,51.4579,7.42097,156.514,22.1603,334.716,1,13,-89,-6,11,51,47,15,27770883,262,1,125,13499,
468.576,8090.32,51.4581,7.42084,156.337,22.4579,334.093,1,12,-86,-6,14,54,51,15,27770883,262,1,125,13499,
469.558,8112.88,51.4583,7.42069,156.227,22.2587,333.311,1,12,-86,-6,14,54,51,15,27770883,262,1,125,13499,
470.579,8134.91,51.4584,7.42055,156.005,21.9686,333.113,1,7,-88,-6,8,52,50,15,27770883,262,1,125,13499,
471.589,8134.91,51.4605,7.41596,nan,21.7921,332.921,1,7,-88,-6,8,52,50,15,27770883,262,1,125,13499,
472.583,8134.91,51.4588,7.42025,155.463,21.6942,331.734,1,17,-82,-5,12,58,55,15,27770883,262,1,125,13499,
473.575,8156.64,51.4589,7.4201,155.522,21.9424,331.187,1,17,-82,-5,12,58,55,15,27770883,262,1,125,13499,
474.575,8179.15,51.4591,7.41995,155.762,22.264,331.144,1,13,-80,-6,12,60,57,15,27770883,262,1,125,13499,
475.576,8201.92,51.4593,7.41978,155.749,22.7358,329.962,1,13,-80,-6,12,60,57,15,27770883,262,1,125,13499,
476.58,8224.69,51.4595,7.41961,155.766,22.9372,328.665,1,16,-79,-6,10,61,59,15,27770883,262,1,125,13499,
477.572,8247.5,51.4596,7.41943,155.78,22.9559,328.317,1,16,-79,-6,10,61,59,15,27770883,262,1,125,13499,
478.579,8271.17,51.4598,7.41925,155.623,22.8831,327.413,1,16,-79,-6,10,61,59,15,27770883,262,1,125,13499,
479.573,8293.52,51.46,7.41907,155.469,22.8261,326.973,1,11,-81,-6,12,59,56,15,27770883,262,1,125,13499,
480.586,8316.41,51.4602,7.41888,155.702,22.66,326.095,1,11,-81,-6,12,59,56,15,27770883,262,1,125,13499,
481.577,8339.21,51.4603,7.41869,155.553,22.6244,325.738,1,17,-81,-6,10,59,55,15,27770883,262,1,125,13499,
482.562,8361.8,51.4605,7.4185,155.511,23.0438,324.578,1,17,-81,-6,10,59,55,15,27770883,262,1,125,13499,
483.586,8385.43,51.4607,7.4183,155.183,23.5476,323.998,1,18,-76,-5,10,64,59,15,27770883,262,1,125,13499,
484.594,8409.09,51.4608,7.4181,154.832,23.8521,324.409,1,18,-76,-5,10,64,59,15,27770883,262,1,125,13499,
485.569,8432.97,51.461,7.41789,154.792,24.4057,323.3,1,19,-76,-6,10,64,59,15,27770883,262,1,125,13499,
486.56,8457.53,51.4612,7.41767,154.927,24.9612,322.638,1,19,-76,-6,10,64,59,15,27770883,262,1,125,13499,
487.57,8482.16,51.4614,7.41745,155.399,24.8442,321.548,1,19,-75,-5,2,65,61,15,27770883,262,1,125,13499,
488.555,8507.28,51.4615,7.41723,155.934,25.2905,321.213,1,19,-75,-5,2,65,61,15,27770883,262,1,125,13499,
489.595,8532.72,51.4617,7.41699,156.305,25.7462,320.301,1,18,-76,-5,2,64,59,15,27770883,262,1,125,13499,
490.596,8558.54,51.4619,7.41676,156.627,25.9827,319.639,1,18,-76,-5,2,64,59,15,27770883,262,1,125,13499,
491.566,8558.54,51.4605,7.41596,nan,26.3463,318.967,1,29,-76,-6,2,64,61,15,27770883,262,1,125,13499,
492.574,8558.54,51.4622,7.41626,157.208,25.8147,318.105,1,29,-76,-6,2,64,61,15,27770883,262,1,125,13499,
493.592,8584.09,51.4624,7.41601,157.362,25.567,317.273,1,13,-76,-6,2,64,61,15,27770883,262,1,125,13499,
494.592,8609.9,51.4626,7.41576,157.653,25.5543,315.898,1,13,-76,-6,2,64,61,15,27770883,262,1,125,13499,
495.583,8634.97,51.4627,7.41551,157.733,25.3392,315.62,1,23,-77,-6,2,63,60,15,27770883,262,1,125,13499,
496.558,8659.76,51.4629,7.41526,157.617,25.1141,315.183,1,23,-77,-6,2,63,60,15,27770883,262,1,125,13499,
497.568,8685.19,51.4631,7.415,157.57,25.1399,314.422,1,28,-80,-6,2,60,56,15,27770883,262,1,125,13499,
498.568,8710.23,51.4632,7.41474,157.457,25.2817,313.623,1,28,-80,-6,2,60,56,15,27770883,262,1,125,13499,
499.576,8735.86,51.4634,7.41448,157.293,25.4346,313.314,1,29,-80,-6,2,60,57,15,27770883,262,1,125,13499,
500.592,8761.35,51.4635,7.41421,157.259,25.5257,312.278,1,29,-80,-6,2,60,57,15,27770883,262,1,125,13499,
501.599,8787.44,51.4637,7.41393,157.266,25.9628,311.441,1,16,-82,-6,2,58,54,15,27770883,262,1,125,13499,
502.58,8813.13,51.4639,7.41365,157.409,26.2374,310.935,1,16,-82,-6,2,58,54,15,27770883,262,1,125,13499,
503.562,8839.97,51.464,7.41336,157.416,26.3939,310.998,1,28,-84,-6,2,56,52,15,27770883,262,1,125,13499,
504.564,8866.44,51.4642,7.41308,157.533,26.5391,310.075,1,28,-84,-6,2,56,52,15,27770883,262,1,125,13499,
505.574,8892.65,51.4643,7.41279,157.738,26.4766,309.789,1,26,-79,-6,2,61,57,15,27770883,262,1,125,13499,
506.56,8918.22,51.4645,7.4125,157.87,26.5488,309.053,1,26,-79,-6,2,61,57,15,27770883,262,1,125,13499,
507.596,8944.24,51.4646,7.41221,157.916,26.2246,309.037,1,26,-79,-6,2,61,57,15,27770883,262,1,125,13499,
508.564,8972.04,51.4648,7.4119,158.014,26.3172,308.656,1,19,-77,-7,2,63,59,15,27770883,262,1,125,13499,
509.567,8999.13,51.4649,7.4116,157.938,26.4561,308.253,1,19,-77,-7,2,63,59,15,27770883,262,1,125,13499,
510.558,9026.52,51.4651,7.41128,157.827,26.4539,308.309,1,10,-83,-8,2,57,54,15,27770883,262,1,125,13499,
511.583,9026.52,51.4648,7.40953,nan,26.036,308.282,1,10,-83,-8,2,57,54,15,27770883,262,1,125,13499,
512.579,9026.52,51.4654,7.4107,158.495,25.8031,308.16,1,10,-94,-7,2,46,43,15,27770885,262,1,124,13499,
513.58,9052.07,51.4655,7.41041,158.967,25.7772,308.02,1,10,-94,-7,2,46,43,15,27770885,262,1,124,13499,
514.552,9077.57,51.4657,7.41012,159.51,25.7888,307.839,1,13,-93,-7,2,47,44,15,27770885,262,1,124,13499,
515.579,9104.51,51.4658,7.40982,159.682,25.6809,307.661,1,13,-93,-7,2,47,44,15,27770885,262,1,124,13499,
516.649,9129.88,51.466,7.40953,160.18,25.5784,307.899,1,13,-86,-6,2,54,51,15,27770885,262,1,124,13499,
517.564,9155.58,51.4661,7.40924,160.718,25.5419,307.743,1,13,-86,-6,2,54,51,15,27770885,262,1,124,13499,
518.587,9180.48,51.4662,7.40896,161.06,25.4345,308.06,1,10,-86,-5,10,54,49,5,27770885,262,1,124,13499,
519.591,9205.22,51.4664,7.40868,161.548,25.591,307.85,1,10,-86,-5,10,54,49,5,27770885,262,1,124,13499,
520.559,9230.76,51.4665,7.40839,162.189,25.8587,308.217,1,9,-93,-7,7,47,44,5,27770885,262,1,124,13499,
521.561,9256.81,51.4667,7.4081,162.395,26.0775,308.379,1,9,-93,-7,7,47,44,5,27770885,262,1,124,13499,
522.57,9283.58,51.4668,7.40779,162.707,25.9792,309.034,1,11,-88,-6,11,52,47,5,27770885,262,1,124,13499,
523.575,9308.72,51.467,7.40751,162.793,25.4919,309.1,1,11,-88,-6,11,52,47,5,27770885,262,1,124,13499,
524.568,9333.9,51.4671,7.40723,162.769,25.2923,309.344,1,21,-83,-5,14,57,52,5,27770885,262,1,124,13499,
525.574,9359,51.4672,7.40694,162.607,25.2002,309.596,1,21,-83,-5,14,57,52,5,27770885,262,1,124,13499,
526.57,9383.75,51.4674,7.40667,162.362,25.1332,309.971,1,21,-80,-4,12,60,53,5,27770885,262,1,124,13499,
527.596,9408.12,51.4675,7.40639,161.93,25.381,310.241,1,21,-80,-4,12,60,53,5,27770885,262,1,124,13499,
528.577,9433.2,51.4677,7.40611,161.663,25.5355,310.605,1,19,-84,-6,9,56,53,5,27770885,262,1,124,13499,
529.565,9458.74,51.4678,7.40583,161.28,25.447,310.47,1,19,-84,-6,9,56,53,5,27770885,262,1,124,13499,
530.57,9483.74,51.468,7.40556,160.957,25.646,310.876,1,19,-84,-6,9,56,53,5,27770885,262,1,124,13499,
531.565,9483.74,51.4657,7.40638,nan,25.676,311.452,1,18,-79,-4,11,61,54,5,27770885,262,1,124,13499,
532.58,9483.74,51.4683,7.405,160.261,25.7087,311.656,1,18,-79,-4,11,61,54,5,27770885,262,1,124,13499,
533.581,9509.74,51.4684,7.40472,159.771,25.6055,311.879,1,9,-84,-6,8,56,52,5,27770885,262,1,124,13499,
534.577,9535.88,51.4686,7.40444,159.656,25.8216,312.518,1,9,-84,-6,8,56,52,5,27770885,262,1,124,13499,
535.562,9561.94,51.4687,7.40417,159.759,25.9374,312.673,1,4,-87,-8,11,53,52,5,27770885,262,1,124,13499,
536.572,9587.94,51.4689,7.40389,159.766,26.1749,312.931,1,4,-87,-8,11,53,52,5,27770885,262,1,124,13499,
537.592,9614.43,51.4691,7.40361,159.862,26.3616,313.035,1,10,-80,-6,15,60,56,19,27771140,262,1,289,13499,
538.588,9640.96,51.4692,7.40332,159.888,26.9957,312.706,1,10,-80,-6,15,60,56,19,27771140,262,1,289,13499,
539.59,9667.54,51.4694,7.40304,160.251,26.5738,313.105,1,22,-83,-6,15,57,55,19,27771140,262,1,289,13499,
540.578,9694.5,51.4695,7.40275,160.203,26.4562,313.353,1,22,-83,-6,15,57,55,19,27771140,262,1,289,13499,
541.586,9720.97,51.4697,7.40247,160.038,26.0922,314.291,1,22,-82,-6,11,58,55,19,27771140,262,1,289,13499,
542.605,9747.58,51.4699,7.40219,160.112,25.2965,314.471,1,22,-82,-6,11,58,55,19,27771140,262,1,289,13499,
543.584,9772.83,51.47,7.40193,160.399,24.7816,314.188,1,22,-81,-6,11,59,56,19,27771140,262,1,289,13499,
544.575,9797.21,51.4702,7.40168,160.754,24.197,315.722,1,22,-81,-6,11,59,56,19,27771140,262,1,289,13499,
545.561,9820.63,51.4703,7.40145,161.128,23.9965,315.881,1,21,-79,-5,11,61,58,19,27771140,262,1,289,13499,
546.569,9844.73,51.4705,7.40121,161.47,24.0044,316.04,1,21,-79,-5,11,61,58,19,27771140,262,1,289,13499,
547.572,9868.28,51.4706,7.40097,162.135,23.9868,316.4,1,24,-79,-5,12,61,57,19,27771140,262,1,289,13499,
548.57,9892.26,51.4708,7.40074,162.854,24.2235,316.852,1,24,-79,-5,12,61,57,19,27771140,262,1,289,13499,
549.572,9916.39,51.471,7.4005,163.731,24.1879,317.082,1,27,-79,-5,12,61,57,19,27771140,262,1,289,13499,
550.587,9940.96,51.4711,7.40027,164.456,24.1449,316.981,1,27,-79,-5,12,61,57,19,27771140,262,1,289,13499,
551.591,9940.96,51.4755,7.40225,nan,24.18,316.798,1,21,-80,-6,2,60,57,19,27771140,262,1,289,13499,
552.593,9940.96,51.4715,7.3998,165.737,24.086,317.471,1,21,-80,-6,2,60,57,19,27771140,262,1,289,13499,
553.574,9965.02,51.4716,7.39956,166.536,24.2191,317.71,1,23,-79,-7,2,61,60,19,27771140,262,1,289,13499,
554.584,9989.44,51.4718,7.39933,167.058,24.3504,317.978,1,23,-79,-7,2,61,60,19,27771140,262,1,289,13499,
555.58,10014,51.4719,7.39909,167.454,24.6364,318.272,1,23,-79,-7,2,61,60,19,27771140,262,1,289,13499,
556.597,10039,51.4721,7.39884,167.736,25.0915,318.619,1,22,-80,-7,2,60,58,19,27771140,262,1,289,13499,
557.596,10064.4,51.4723,7.39859,167.995,25.4315,318.729,1,22,-80,-7,2,60,58,19,27771140,262,1,289,13499,
558.565,10090.4,51.4724,7.39835,168.506,25.8659,319.577,1,26,-83,-6,2,57,54,19,27771140,262,1,289,13499,
559.589,10115.6,51.4726,7.39811,168.966,25.9815,319.54,1,26,-83,-6,2,57,54,19,27771140,262,1,289,13499,
560.578,10141.2,51.4728,7.39787,169.571,26.1028,319.362,1,20,-83,-6,2,57,54,19,27771140,262,1,289,13499,
561.564,10167.5,51.473,7.39762,170.054,26.6433,319.573,1,20,-83,-6,2,57,54,19,27771140,262,1,289,13499,
562.6,10193.8,51.4732,7.39737,170.439,26.9081,320.308,1,19,-86,-7,2,54,52,19,27771140,262,1,289,13499,
563.588,10220.9,51.4733,7.39712,170.752,27.0179,321.257,1,19,-86,-7,2,54,52,19,27771140,262,1,289,13499,
564.596,10246.4,51.4735,7.39689,171.098,26.2229,320.74,1,16,-87,-8,2,53,52,19,27771140,262,1,289,13499,
565.587,10272.2,51.4737,7.39665,171.643,25.7291,320.773,1,16,-87,-8,2,53,52,19,27771140,262,1,289,13499,
566.58,10298.7,51.4739,7.39642,172.353,25.922,321.602,1,15,-87,-7,2,53,51,19,27771140,262,1,289,13499,
567.568,10325,51.4741,7.39619,173.073,25.5351,322.723,1,15,-87,-7,2,53,51,19,27771140,262,1,289,13499,
568.579,10350.1,51.4743,7.39597,173.592,25.0651,323.486,1,14,-86,-6,2,54,51,19,27771140,262,1,289,13499,
569.575,10375.5,51.4744,7.39576,174.334,25.0261,324.152,1,14,-86,-6,2,54,51,19,27771140,262,1,289,13499,
570.578,10400.6,51.4746,7.39555,174.734,24.926,324.486,1,14,-87,-6,2,53,51,19,27771140,262,1,289,13499,
571.575,10400.6,51.4697,7.39987,nan,24.6183,324.762,1,14,-87,-6,2,53,51,19,27771140,262,1,289,13499,
572.581,10400.6,51.475,7.39515,174.875,23.9305,326.667,1,21,-86,-6,2,54,51,19,27771140,262,1,289,13499,
573.561,10425,51.4752,7.39497,175.01,23.9088,328.798,1,21,-86,-6,2,54,51,19,27771140,262,1,289,13499,
574.577,10450.1,51.4754,7.39479,175.361,24.3973,329.848,1,25,-81,-6,2,59,56,19,27771140,262,1,289,13499,
575.58,10475.3,51.4756,7.39461,175.742,24.7076,330.33,1,25,-81,-6,2,59,56,19,27771140,262,1,289,13499,
576.572,10499.2,51.4758,7.39444,176.212,24.2316,330.068,1,17,-78,-6,2,62,59,19,27771140,262,1,289,13499,
577.579,10522.9,51.4759,7.39427,176.624,23.544,330.773,1,17,-78,-6,2,62,59,19,27771140,262,1,289,13499,
578.578,10545.7,51.4761,7.39411,177.078,22.6908,331.068,1,17,-78,-6,2,62,59,19,27771140,262,1,289,13499,
579.574,10568.3,51.4763,7.39396,177.414,22.3076,332.452,1,29,-78,-6,2,62,59,19,27771140,262,1,289,13499,
580.567,10589.7,51.4765,7.39382,177.579,21.5099,333.166,1,29,-78,-6,2,62,59,19,27771140,262,1,289,13499,
581.589,10610.5,51.4766,7.39369,177.798,20.8317,334.253,1,27,-78,-6,2,62,59,19,27771140,262,1,289,13499,
582.579,10630.8,51.4768,7.39356,178.057,20.2349,335.783,1,27,-78,-6,2,62,59,19,27771140,262,1,289,13499,
583.555,10650.3,51.477,7.39345,178.361,19.5467,337.111,1,19,-75,-7,2,65,62,19,27771140,262,1,289,13499,
584.576,10669.5,51.4771,7.39334,178.735,18.781,337.707,1,19,-75,-7,2,65,62,19,27771140,262,1,289,13499,
585.566,10687.7,51.4773,7.39325,178.945,17.8166,338.178,1,18,-81,-8,2,59,58,19,27771140,262,1,289,13499,
586.58,10704.7,51.4774,7.39316,179.177,16.8705,339.615,1,18,-81,-8,2,59,58,19,27771140,262,1,289,13499,
587.58,10721.2,51.4776,7.39309,179.643,15.8933,341.867,1,16,-83,-8,2,57,56,19,27771140,262,1,289,13499,
588.582,10737.9,51.4777,7.39303,180.02,15.3636,345.081,1,16,-83,-8,2,57,56,19,27771140,262,1,289,13499,
589.577,10753.1,51.4779,7.393,180.468,15.7668,349.188,1,18,-81,-7,2,59,56,19,27771139,262,1,288,13499,
590.576,10769.8,51.478,7.39301,180.956,16.2297,2.83663,1,18,-81,-7,2,59,56,19,27771139,262,1,288,13499,
591.688,10769.8,51.4821,7.39726,nan,16.5236,4.65698,1,24,-81,-6,2,59,56,19,27771139,262,1,288,13499,
592.547,10769.8,51.4783,7.39308,181.724,16.8164,8.36225,1,24,-81,-6,2,59,56,19,27771139,262,1,288,13499,
593.589,10787.5,51.4784,7.39318,182.045,17.174,21.9626,1,23,-82,-6,15,58,56,4,27771139,262,1,288,13499,
594.584,10805.2,51.4786,7.39328,182.46,17.0767,24.4479,1,23,-82,-6,15,58,56,4,27771139,262,1,288,13499,
595.595,10823,51.4787,7.39341,182.478,16.7155,27.8043,1,26,-81,-5,15,59,55,4,27771139,262,1,288,13499,
596.565,10839.8,51.4789,7.39354,182.783,15.8826,30.0981,1,26,-81,-5,15,59,55,4,27771139,262,1,288,13499,
597.554,10854.4,51.479,7.39366,182.932,14.8014,29.456,1,26,-81,-5,15,59,55,4,27771139,262,1,288,13499,
598.57,10868.6,51.4791,7.39376,183.037,14.3375,28.0621,1,22,-83,-5,15,57,53,4,27771139,262,1,288,13499,
599.588,10880.7,51.4792,7.3938,183.059,13.6004,8.95278,1,22,-83,-5,15,57,53,4,27771139,262,1,288,13499,
600.558,10894.5,51.4793,7.39381,183.018,13.742,355.69,1,19,-88,-6,11,52,48,4,27771139,262,1,288,13499,
601.527,10894.5,51.4793,7.39381,183.018,13.742,355.69,1,19,-88,-6,11,52,48,4,27771139,262,1,288,13499,
602.573,10921.9,51.4796,7.39372,183.649,14.3436,336.815,1,7,-91,-7,14,49,47,4,27771139,262,1,288,13499,
603.553,10935.5,51.4797,7.39364,184.513,14.4251,335.606,1,7,-91,-7,14,49,47,4,27771139,262,1,288,13499,
604.612,10949.4,51.4798,7.39356,185.277,13.5052,334.843,1,7,-91,-7,12,49,47,15,28365058,262,1,288,13499,
605.637,10962.7,51.4799,7.39348,186.106,11.7634,335.22,1,7,-91,-7,12,49,47,15,28365058,262,1,288,13499,
606.606,10974.3,51.48,7.39342,186.783,10.5451,338.309,1,11,-90,-6,12,50,47,15,28365058,262,1,223,13499,
607.63,10984.2,51.4801,7.39341,187.568,9.15614,357.54,1,11,-90,-6,12,50,47,15,28365058,262,1,223,13499,
608.613,10993.8,51.4802,7.39343,188.491,9.45628,14.5598,1,33,-89,-7,7,51,48,5,27771139,262,1,223,13499,
609.614,11004.4,51.4802,7.39351,189.305,10.9573,33.2461,1,33,-89,-7,7,51,48,5,27771139,262,1,223,13499,
610.607,11014.7,51.4803,7.39362,189.668,11.6477,49.9349,1,21,-85,-6,15,55,51,5,27771139,262,1,288,13499,
611.611,11014.7,51.4806,7.39475,nan,12.6604,53.0971,1,21,-85,-6,15,55,51,5,27771139,262,1,288,13499,
612.61,11014.7,51.4804,7.39393,190.89,13.694,54.4932,1,14,-85,-5,14,55,52,5,27771139,262,1,288,13499,
613.674,11029.4,51.4805,7.39411,191.532,14.8319,54.879,1,14,-85,-5,14,55,52,5,27771139,262,1,288,13499,
614.595,11043.9,51.4806,7.39428,192.429,14.3638,55.7148,1,16,-85,-6,14,55,52,5,27771139,262,1,288,13499,
615.575,11057.4,51.4807,7.39444,192.588,14.3433,56.5845,1,16,-85,-6,14,55,52,5,27771139,262,1,288,13499,
616.559,11071.7,51.4807,7.39462,192.703,14.217,57.2497,1,10,-86,-6,14,54,51,5,27771139,262,1,288,13499,
617.604,11085.9,51.4808,7.3948,192.19,14.1347,58.088,1,10,-86,-6,14,54,51,5,27771139,262,1,288,13499,
618.589,11100.5,51.4809,7.39498,191.9,14.158,58.5637,1,22,-81,-5,11,59,56,5,27771139,262,1,288,13499,
619.577,11114.3,51.4809,7.39515,191.376,14.158,58.9511,1,22,-81,-5,11,59,56,5,27771139,262,1,288,13499,
620.579,11127.8,51.481,7.39532,190.863,14.126,59.8057,1,22,-81,-5,11,59,56,5,27771139,262,1,288,13499,
621.585,11141.3,51.481,7.39549,190.235,14.3175,59.982,1,16,-83,-5,11,57,53,5,27771139,262,1,288,13499,
622.576,11155.3,51.4811,7.39567,189.213,14.5152,59.963,1,16,-83,-5,11,57,53,5,27771139,262,1,288,13499,
623.562,11170,51.4812,7.39585,188.303,14.7336,60.1467,1,9,-86,-6,14,54,52,5,27771139,262,1,288,13499,
624.601,11184.9,51.4812,7.39605,187.464,14.9179,60.187,1,9,-86,-6,14,54,52,5,27771139,262,1,288,13499,
625.582,11199.7,51.4813,7.39623,186.844,14.8951,60.1882,1,13,-86,-6,2,54,52,5,27771139,262,1,288,13499,
626.595,11214.6,51.4814,7.39642,186.828,14.4915,60.0971,1,13,-86,-6,2,54,52,5,27771139,262,1,288,13499,
627.553,11228.7,51.4814,7.3966,186.995,14.0362,59.782,1,19,-85,-5,2,55,53,5,27771139,262,1,288,13499,
628.57,11242,51.4815,7.39676,187.064,13.1813,59.2533,1,19,-85,-5,2,55,53,5,27771139,262,1,288,13499,
629.563,11254.8,51.4815,7.39692,187.027,12.2535,58.5402,1,19,-85,-5,2,55,52,5,27771139,262,1,288,13499,
630.574,11266.6,51.4816,7.39707,187.147,11.6224,57.8809,1,19,-85,-5,2,55,52,5,27771139,262,1,288,13499,
631.527,11277.5,51.4817,7.3972,187.241,10.6751,57.0589,1,21,-86,-6,2,54,52,5,27771139,262,1,288,13499,
632.587,11277.5,51.4806,7.39475,nan,9.68588,56.2365,1,21,-86,-6,2,54,52,5,27771139,262,1,288,13499,
633.557,11277.5,51.4817,7.39743,187.075,8.23894,55.6191,1,20,-86,-6,2,54,52,5,27771139,262,1,288,13499,
634.584,11285,51.4818,7.39752,187.041,7.0397,54.8821,1,20,-86,-6,2,54,52,5,27771139,262,1,288,13499,
635.577,11291.2,51.4818,7.3976,186.722,6.13398,54.1968,1,22,-85,-6,2,55,52,5,27771139,262,1,288,13499,
636.564,11297,51.4818,7.39766,186.809,5.82098,53.8445,1,22,-85,-6,2,55,52,5,27771139,262,1,288,13499,
637.594,11302.6,51.4819,7.39772,187.004,5.41289,53.3663,1,21,-83,-6,2,57,54,5,27771139,262,1,288,13499,
638.645,11308.4,51.4819,7.39779,186.969,5.51212,52.7604,1,21,-83,-6,2,57,54,5,27771139,262,1,288,13499,
639.576,11314.3,51.4819,7.39786,187.192,6.07112,52.205,1,25,-80,-5,15,60,55,10,27771139,262,1,288,13499,
640.558,11320.8,51.482,7.39793,187.367,6.71669,51.5745,1,25,-80,-5,15,60,55,10,27771139,262,1,288,13499,
641.591,11328,51.482,7.39801,187.488,7.25953,50.9826,1,25,-80,-5,15,60,55,10,27771139,262,1,288,13499,
642.578,11335.8,51.4821,7.3981,187.676,7.44129,50.1939,1,21,-80,-5,15,60,54,10,27771139,262,1,288,13499,
643.581,11343.8,51.4821,7.39818,187.979,7.53748,49.5156,1,21,-80,-5,15,60,54,10,27771139,262,1,288,13499,
644.562,11351.3,51.4822,7.39826,188.009,7.74324,48.6695,1,21,-79,-5,14,61,56,10,27771139,262,1,288,13499,
645.572,11359.1,51.4822,7.39834,188.09,8.07165,47.4625,1,21,-79,-5,14,61,56,10,27771139,262,1,288,13499,
646.587,11367.1,51.4823,7.39842,188.59,7.25702,46.1973,1,22,-78,-5,1,62,55,10,27771139,262,1,288,13499,
647.585,11374.1,51.4823,7.39849,188.444,5.43205,46.6722,1,22,-78,-5,1,62,55,10,27771139,262,1,288,13499,
648.57,11379.8,51.4823,7.39855,188.38,2.98692,45.9489,1,29,-80,-4,14,60,53,10,27771139,262,1,288,13499,
649.559,11382.2,51.4824,7.39857,188.317,2.07945,44.4107,1,29,-80,-4,14,60,53,10,27771139,262,1,288,13499,
650.555,11384.8,51.4824,7.3986,188.199,1.74032,43.6421,1,28,-80,-5,14,60,53,10,27771139,262,1,288,13499,
651.561,11384.8,51.4806,7.39475,nan,0.428456,43.6421,1,28,-80,-5,14,60,53,10,27771139,262,1,288,13499,
652.57,11384.8,51.4824,7.3986,188.123,0,43.6421,1,21,-82,-5,13,58,51,10,27771139,262,1,288,13499,
653.583,11384.8,51.4824,7.3986,188.111,0,43.6421,1,21,-82,-5,13,58,51,10,27771139,262,1,288,13499,
654.575,11384.8,51.4824,7.3986,188.101,0,43.6421,1,20,-81,-5,13,59,51,10,27771139,262,1,288,13499,
655.569,11384.8,51.4824,7.3986,188.087,0,43.6421,1,20,-81,-5,13,59,51,10,27771139,262,1,288,13499,
656.581,11384.8,51.4824,7.3986,188.071,0,43.6421,1,18,-79,-5,2,61,51,10,27771139,262,1,288,13499,
657.579,11384.8,51.4824,7.3986,188.055,0,43.6421,1,18,-79,-5,2,61,51,10,27771139,262,1,288,13499,
658.565,11384.8,51.4824,7.3986,188.034,0,43.6421,1,19,-81,-6,2,59,51,10,27771139,262,1,288,13499,
659.58,11384.8,51.4824,7.3986,188.015,0,43.6421,1,19,-81,-6,2,59,51,10,27771139,262,1,288,13499,
660.571,11384.8,51.4824,7.3986,187.989,0,43.6421,1,19,-81,-6,2,59,51,10,27771139,262,1,288,13499,
661.597,11384.8,51.4824,7.3986,187.96,0,43.6421,1,19,-81,-6,2,59,51,10,27771139,262,1,288,13499,
662.579,11384.8,51.4824,7.3986,187.93,0,43.6421,1,19,-81,-6,2,59,51,10,27771139,262,1,288,13499,
663.59,11384.8,51.4824,7.3986,187.9,0,43.6421,1,17,-81,-5,2,59,50,10,27771139,262,1,288,13499,
664.581,11384.8,51.4824,7.3986,187.869,0,43.6421,1,17,-81,-5,2,59,50,10,27771139,262,1,288,13499,
665.574,11384.8,51.4824,7.3986,187.846,0,43.6421,1,17,-82,-5,2,58,50,10,27771139,262,1,288,13499,
666.566,11384.8,51.4824,7.3986,187.827,0,43.6421,1,17,-82,-5,2,58,50,10,27771139,262,1,288,13499,
667.585,11384.8,51.4824,7.3986,187.812,0,43.6421,1,18,-82,-5,2,58,50,10,27771139,262,1,288,13499,
668.575,11384.8,51.4824,7.3986,187.8,0,43.6421,1,18,-82,-5,2,58,50,10,27771139,262,1,288,13499,
669.61,11384.8,51.4824,7.3986,187.789,0,43.6421,1,18,-83,-5,2,57,50,10,27771139,262,1,288,13499,
670.559,11384.8,51.4824,7.3986,187.779,0,43.6421,1,18,-83,-5,2,57,50,10,27771139,262,1,288,13499,
671.575,11384.8,51.4806,7.39475,nan,0,43.6421,1,19,-83,-4,2,57,50,10,27771139,262,1,288,13499,
672.567,11384.8,51.4824,7.3986,187.764,0,43.6421,1,19,-83,-4,2,57,50,10,27771139,262,1,288,13499,
673.56,11384.8,51.4824,7.3986,187.758,0,43.6421,1,18,-83,-5,2,57,50,10,27771139,262,1,288,13499,
674.583,11384.8,51.4824,7.3986,187.753,0,43.6421,1,18,-83,-5,2,57,50,10,27771139,262,1,288,13499,
675.648,11384.8,51.4824,7.3986,187.748,0,43.6421,1,18,-83,-5,2,57,51,10,27771139,262,1,288,13499,
676.57,11384.8,51.4824,7.3986,187.744,0,43.6421,1,18,-83,-5,2,57,51,10,27771139,262,1,288,13499,
677.585,11384.8,51.4824,7.3986,187.741,0,43.6421,1,17,-83,-5,12,57,50,10,27771139,262,1,288,13499,
678.579,11384.8,51.4824,7.3986,187.737,0,43.6421,1,17,-83,-5,12,57,50,10,27771139,262,1,288,13499,
679.562,11384.8,51.4824,7.3986,187.734,0,43.6421,1,19,-82,-4,14,58,50,10,27771139,262,1,288,13499,
680.579,11384.8,51.4824,7.3986,187.731,0,43.6421,1,19,-82,-4,14,58,50,10,27771139,262,1,288,13499,
681.561,11384.8,51.4824,7.3986,187.729,0,43.6421,1,20,-84,-5,13,56,50,10,27771139,262,1,288,13499,
682.576,11384.8,51.4824,7.3986,187.727,0,43.6421,1,20,-84,-5,13,56,50,10,27771139,262,1,288,13499,
683.604,11384.8,51.4824,7.3986,187.725,0,43.6421,1,20,-84,-5,13,56,50,10,27771139,262,1,288,13499,
684.563,11384.8,51.4824,7.3986,187.724,0,43.6421,1,30,-83,-5,13,57,50,10,27771139,262,1,288,13499,
685.595,11384.8,51.4824,7.3986,187.72,0,43.6421,1,30,-83,-5,13,57,50,10,27771139,262,1,288,13499,
686.571,11384.8,51.4824,7.3986,187.712,0,43.6421,1,29,-83,-5,12,57,50,10,27771139,262,1,288,13499,
687.579,11384.8,51.4824,7.3986,187.704,0,43.6421,1,29,-83,-5,12,57,50,10,27771139,262,1,288,13499,
688.554,11384.8,51.4824,7.3986,187.698,0,43.6421,1,30,-83,-5,13,57,51,10,27771139,262,1,288,13499,
689.565,11384.8,51.4824,7.3986,187.692,0,43.6421,1,30,-83,-5,13,57,51,10,27771139,262,1,288,13499,
690.569,11384.8,51.4824,7.3986,187.688,0,43.6421,1,18,-84,-5,12,56,49,10,27771139,262,1,288,13499,
691.597,11384.8,51.4806,7.39475,nan,0,43.6421,1,18,-84,-5,12,56,49,10,27771139,262,1,288,13499,
692.571,11384.8,51.4824,7.3986,187.699,0,43.6421,1,18,-80,-5,2,60,51,10,27771139,262,1,288,13499,
693.557,11384.8,51.4824,7.3986,187.707,0,43.6421,1,18,-80,-5,2,60,51,10,27771139,262,1,288,13499,
694.555,11384.8,51.4824,7.3986,187.715,0,43.6421,1,17,-83,-5,2,57,51,10,27771139,262,1,288,13499,
695.583,11384.8,51.4824,7.3986,187.717,0,43.6421,1,17,-83,-5,2,57,51,10,27771139,262,1,288,13499,
696.597,11384.8,51.4824,7.3986,187.78,0,43.6421,1,17,-83,-5,2,57,51,10,27771139,262,1,288,13499,
697.568,11391,51.4824,7.39867,187.832,0,41.0173,1,17,-83,-5,2,57,51,10,27771139,262,1,288,13499,
698.569,11397.9,51.4825,7.39874,187.51,0,40.1524,1,11,-83,-5,2,57,50,10,27771139,262,1,288,13499,
699.554,11407.3,51.4825,7.39882,187.253,9.17291,38.961,1,11,-83,-5,2,57,50,10,27771139,262,1,288,13499,
700.588,11417.7,51.4826,7.39891,186.831,10.6665,38.0597,1,13,-85,-5,2,55,49,10,27771139,262,1,288,13499,
701.575,11427.7,51.4827,7.39899,186.607,11.077,37.0688,1,13,-85,-5,2,55,49,10,27771139,262,1,288,13499,
702.565,11438.5,51.4828,7.39907,186.106,11.3696,35.6167,1,19,-88,-6,2,52,48,10,27771139,262,1,288,13499,
703.557,11449.1,51.4828,7.39915,186.2,12.204,33.5433,1,19,-88,-6,2,52,48,10,27771139,262,1,288,13499,
704.579,11462.2,51.4829,7.39925,186.32,13.0154,33.3413,1,19,-88,-6,2,52,48,10,27771139,262,1,288,13499,
705.567,11476.4,51.4831,7.39936,186.663,14.0705,32.6219,1,13,-88,-6,2,52,49,10,27771139,262,1,288,13499,
706.574,11489.9,51.4832,7.39946,186.313,14.3707,32.876,1,13,-88,-6,2,52,49,10,27771139,262,1,288,13499,
707.581,11504.4,51.4833,7.39958,185.868,14.4782,33.2545,1,9,-87,-6,2,53,50,10,27771139,262,1,288,13499,
708.589,11518.5,51.4834,7.39968,185.867,14.6391,33.6359,1,9,-87,-6,2,53,50,10,27771139,262,1,288,13499,
709.576,11533.5,51.4835,7.3998,186.099,14.9478,34.4562,1,7,-89,-6,2,51,48,10,27771139,262,1,288,13499,
710.577,11548.7,51.4836,7.39992,185.954,15.3309,34.3038,1,7,-89,-6,2,51,48,10,27771139,262,1,288,13499,
711.555,11548.7,51.4821,7.40232,nan,15.5887,34.8452,1,11,-94,-7,2,46,45,10,28365058,262,1,223,13499,
712.64,11548.7,51.4838,7.40019,185.703,15.7108,35.3123,1,11,-94,-7,2,46,45,10,28365058,262,1,223,13499,
713.58,11565.2,51.484,7.40033,185.52,15.9453,35.8011,1,10,-92,-6,11,48,44,9,28365058,262,1,223,13499,
714.586,11581.5,51.4841,7.40048,185.497,15.8201,36.5416,1,10,-92,-6,11,48,44,9,28365058,262,1,223,13499,
715.582,11597.6,51.4842,7.40062,185.971,15.525,37.6158,1,10,-92,-6,8,48,45,9,28365058,262,1,223,13499,
716.563,11613.5,51.4843,7.40076,186.68,15.0695,38.4644,1,10,-92,-6,8,48,45,9,28365058,262,1,223,13499,
717.572,11629.2,51.4844,7.40091,186.936,16.1484,39.8592,1,7,-95,-7,12,45,42,9,28365058,262,1,223,13499,
718.589,11643.7,51.4845,7.40105,187.008,15.4206,40.5368,1,7,-95,-7,12,45,42,9,28365058,262,1,223,13499,
719.597,11658.7,51.4846,7.4012,186.972,15.3239,41.439,1,3,-100,-8,10,40,39,9,28365058,262,1,223,13499,
720.572,11673.6,51.4847,7.40134,186.782,15.0662,42.0375,1,3,-100,-8,10,40,39,9,28365058,262,1,223,13499,
721.561,11688.3,51.4848,7.40149,186.2,15.1117,42.2557,1,4,-100,-8,9,40,37,9,28365058,262,1,223,13499,
722.557,11703.2,51.4849,7.40164,186.083,15.0534,41.2942,1,4,-100,-8,9,40,37,9,28365058,262,1,223,13499,
723.6,11718.5,51.485,7.40179,186.194,14.9699,41.6892,1,8,-98,-7,8,42,38,9,28365058,262,1,223,13499,
724.573,11733.3,51.4851,7.40194,186.177,14.7331,42.5264,1,8,-98,-7,8,42,38,9,28365058,262,1,223,13499,
725.565,11747.7,51.4852,7.40208,186.289,14.4702,43.9855,1,8,-98,-7,11,42,39,9,28365058,262,1,223,13499,
726.591,11763,51.4853,7.40224,186.358,14.0794,45.6096,1,8,-98,-7,11,42,39,9,28365058,262,1,223,13499,
727.588,11777.9,51.4854,7.4024,186.479,12.8469,46.7545,1,2,-98,-7,6,42,40,9,28365058,262,1,223,13499,
728.591,11789.7,51.4854,7.40253,185.851,11.852,47.7973,1,2,-98,-7,6,42,40,9,28365058,262,1,223,13499,
729.594,11799.3,51.4855,7.40264,185.053,9.42282,48.8991,1,3,-92,-6,2,48,40,9,28365058,262,1,223,13499,
730.576,11807.8,51.4855,7.40274,184.114,6.79419,46.802,1,3,-92,-6,2,48,40,9,28365058,262,1,223,13499,
731.587,11815.1,51.4856,7.40278,183.36,7.17311,19.6583,1,3,-92,-6,2,48,40,9,28365058,262,1,223,13499,
732.586,11815.1,51.4842,7.40118,nan,7.84829,3.90243,1,7,-98,-8,2,42,40,9,28365058,262,1,223,13499,
733.593,11815.1,51.4857,7.40276,183.236,8.69137,339.238,1,7,-98,-8,2,42,40,9,28365058,262,1,223,13499,
734.582,11823,51.4858,7.40269,183.671,9.38148,323.281,1,-6,-101,-10,2,39,39,9,29391105,262,1,351,13499,
735.556,11834.4,51.4859,7.4026,184.12,9.69595,323.478,1,-6,-101,-10,2,39,39,9,29391105,262,1,351,13499,
736.587,11845.1,51.486,7.40251,184.264,10.6546,324.779,1,5,-102,-8,2,38,37,9,28365058,262,1,223,13499,
737.582,11855.9,51.486,7.40241,184.365,10.8091,325.66,1,5,-102,-8,2,38,37,9,28365058,262,1,223,13499,
738.586,11867.7,51.4861,7.40232,184.747,11.7929,326.513,1,1,-102,-8,2,38,38,9,28365058,262,1,223,13499,
739.612,11879.3,51.4862,7.40223,185.106,11.9185,327.425,1,1,-102,-8,2,38,38,9,28365058,262,1,223,13499,
740.575,11890.3,51.4863,7.40214,185.115,12.016,329.221,1,4,-101,-9,2,39,40,9,29391106,262,1,353,13499,
741.563,11902.7,51.4864,7.40205,185.244,12.4171,331.507,1,4,-101,-9,2,39,40,9,29391106,262,1,353,13499,
742.588,11915.3,51.4865,7.40197,185.174,12.7729,334.192,1,1,-99,-9,2,41,41,9,29391106,262,1,353,13499,
743.579,11928.2,51.4866,7.4019,185.017,12.8202,336.203,1,1,-99,-9,2,41,41,9,29391106,262,1,353,13499,
744.585,11941.6,51.4867,7.40184,184.437,13.2332,338.844,1,-6,-101,-10,2,39,41,9,29391106,262,1,353,13499,
745.578,11954.1,51.4868,7.40179,183.668,13.3906,341.521,1,-6,-101,-10,2,39,41,9,29391106,262,1,353,13499,
746.569,11966.9,51.4869,7.40175,182.789,13.4031,343.948,1,9,-100,-9,2,40,40,9,27771139,262,1,288,13499,
747.577,11979.8,51.487,7.40172,182.399,13.4794,346.245,1,9,-100,-9,2,40,40,9,27771139,262,1,288,13499,
748.57,11994.3,51.4872,7.40169,182.231,13.4791,349.19,1,11,-95,-7,2,45,42,9,27771139,262,1,288,13499,
749.557,12008.6,51.4873,7.40167,181.899,13.6206,352.173,1,11,-95,-7,2,45,42,9,27771139,262,1,288,13499,
750.569,12023,51.4874,7.40167,181.615,13.7049,354.614,1,8,-93,-7,2,47,44,9,27771139,262,1,288,13499,
751.577,12036.7,51.4876,7.40167,181.046,13.6794,356.399,1,8,-93,-7,2,47,44,9,27771139,262,1,288,13499,
752.587,12036.7,51.4854,7.39771,nan,13.7545,357.94,1,17,-87,-6,2,53,50,9,26385409,262,1,93,13499,
753.597,12036.7,51.4878,7.40168,180.28,13.7887,358.812,1,17,-87,-6,2,53,50,9,26385409,262,1,93,13499,
754.626,12050.8,51.4879,7.40169,179.793,14.0405,359.18,1,18,-87,-5,2,53,49,9,26385409,262,1,93,13499,
755.571,12065.7,51.4881,7.4017,179.185,14.6728,359.586,1,18,-87,-5,2,53,49,9,26385409,262,1,93,13499,
756.578,12081.4,51.4882,7.40171,178.65,15.0914,359.834,1,18,-81,-6,15,59,55,2,26385409,262,1,93,13499,
757.571,12095.8,51.4883,7.40172,178.029,15.1781,0.517156,1,18,-81,-6,15,59,55,2,26385409,262,1,93,13499,
758.557,12111.5,51.4885,7.40173,177.578,14.8271,0.176549,1,19,-84,-6,15,56,53,2,26385409,262,1,93,13499,
759.556,12126.2,51.4886,7.40174,177.07,14.5399,0.193995,1,19,-84,-6,15,56,53,2,26385409,262,1,93,13499,
760.573,12140.4,51.4887,7.40174,176.646,14.3534,359.421,1,19,-84,-6,15,56,53,2,26385409,262,1,93,13499,
761.561,12154.5,51.4889,7.40174,176.615,13.7492,359.774,1,8,-84,-8,12,56,56,2,26385409,262,1,93,13499,
762.584,12168.3,51.489,7.40174,176.685,12.7403,0.2143,1,8,-84,-8,12,56,56,2,26385409,262,1,93,13499,
763.57,12177.3,51.4891,7.40175,176.842,10.0604,0.626639,1,6,-79,-7,6,61,59,1,26385410,262,1,94,13499,
764.586,12187.7,51.4892,7.40175,176.976,7.20817,0.518496,1,6,-79,-7,6,61,59,1,26385410,262,1,94,13499,
765.581,12194.2,51.4892,7.40175,177.014,4.03934,1.3722,1,25,-72,-5,15,68,63,1,26385410,262,1,94,13499,
766.574,12197.5,51.4893,7.40175,177.126,2.60526,2.226,1,25,-72,-5,15,68,63,1,26385410,262,1,94,13499,
767.599,12198.7,51.4893,7.40176,177.229,0.603983,2.226,1,27,-66,-5,15,74,63,1,26385410,262,1,94,13499,
768.569,12198.7,51.4893,7.40176,177.239,0,2.226,1,27,-66,-5,15,74,63,1,26385410,262,1,94,13499,
769.564,12198.7,51.4893,7.40176,177.25,0,2.226,1,25,-66,-5,15,74,63,1,26385410,262,1,94,13499,
770.583,12198.7,51.4893,7.40176,177.261,0,2.226,1,25,-66,-5,15,74,63,1,26385410,262,1,94,13499,
771.581,12198.7,51.4893,7.40176,177.273,0,2.226,1,31,-65,-5,15,75,63,1,26385410,262,1,94,13499,
772.576,12198.7,51.4918,7.40151,nan,0,2.226,1,31,-65,-5,15,75,63,1,26385410,262,1,94,13499,
773.596,12198.7,51.4893,7.40176,177.306,0,2.226,1,34,-65,-5,15,75,63,1,26385410,262,1,94,13499,
774.573,12198.7,51.4893,7.40176,177.331,0,2.226,1,34,-65,-5,15,75,63,1,26385410,262,1,94,13499,
775.581,12198.7,51.4893,7.40176,177.35,0,2.226,1,28,-66,-7,15,74,63,1,26385410,262,1,94,13499,
776.587,12198.7,51.4893,7.40176,177.365,0,2.226,1,28,-66,-7,15,74,63,1,26385410,262,1,94,13499,
777.584,12198.7,51.4893,7.40176,177.374,0,2.226,1,29,-65,-5,15,75,63,1,26385410,262,1,94,13499,
778.588,12198.7,51.4893,7.40176,177.38,0,2.226,1,29,-65,-5,15,75,63,1,26385410,262,1,94,13499,
779.587,12198.7,51.4893,7.40176,177.383,0,2.226,1,29,-66,-8,2,74,63,1,26385410,262,1,94,13499,
780.613,12198.7,51.4893,7.40176,177.388,0,2.226,1,29,-66,-8,2,74,63,1,26385410,262,1,94,13499,
781.592,12198.7,51.4893,7.40176,177.395,0,2.226,1,31,-69,-7,2,71,63,1,26385410,262,1,94,13499,
782.571,12198.7,51.4893,7.40176,177.395,0,2.226,1,31,-69,-7,2,71,63,1,26385410,262,1,94,13499,
783.586,12198.7,51.4893,7.40176,177.389,0,2.226,1,30,-71,-7,2,69,63,1,26385410,262,1,94,13499,
784.601,12198.7,51.4893,7.40176,177.384,0,2.226,1,30,-71,-7,2,69,63,1,26385410,262,1,94,13499,
785.568,12198.7,51.4893,7.40176,177.38,0,2.226,1,30,-71,-7,2,69,63,1,26385410,262,1,94,13499,
786.556,12198.7,51.4893,7.40176,177.372,0,2.226,1,32,-73,-6,2,67,63,1,26385410,262,1,94,13499,
787.588,12198.7,51.4893,7.40176,177.362,0,2.226,1,32,-73,-6,2,67,63,1,26385410,262,1,94,13499,
788.576,12198.7,51.4893,7.40176,177.243,0,1.02008,1,30,-73,-6,2,67,63,1,26385410,262,1,94,13499,
789.563,12198.7,51.4893,7.40176,177.113,0,1.82964,1,30,-73,-6,2,67,63,1,26385410,262,1,94,13499,
790.578,12207.8,51.4893,7.40178,175.878,5.62677,26.1977,1,31,-71,-6,2,69,63,1,26385410,262,1,94,13499,
791.591,12213.3,51.4894,7.40185,174.442,6.44884,57.3833,1,31,-71,-6,2,69,63,1,26385410,262,1,94,13499,
792.594,12213.3,51.4918,7.40151,nan,7.74399,74.1646,1,32,-70,-6,2,70,63,1,26385410,262,1,94,13499,
793.606,12213.3,51.4894,7.40207,172.696,8.97658,78.2091,1,32,-70,-6,2,70,63,1,26385410,262,1,94,13499,
794.599,12222.8,51.4894,7.4022,172.514,10.3291,81.9589,1,27,-69,-5,2,71,63,1,26385410,262,1,94,13499,
795.58,12234.1,51.4894,7.40237,172.866,11.031,84.5785,1,27,-69,-5,2,71,63,1,26385410,262,1,94,13499,
796.594,12245.5,51.4894,7.40253,173.392,12.3847,86.8623,1,29,-70,-5,2,70,63,1,26385410,262,1,94,13499,
797.571,12257.6,51.4894,7.40271,174.095,13.1933,88.3361,1,29,-70,-5,2,70,63,1,26385410,262,1,94,13499,
798.558,12271.5,51.4894,7.40291,175.279,13.8101,89.1819,1,30,-75,-6,2,65,62,1,26385410,262,1,94,13499,
799.568,12285.3,51.4894,7.40311,176.437,13.9654,89.712,1,30,-75,-6,2,65,62,1,26385410,262,1,94,13499,
800.574,12299.2,51.4894,7.40331,177.441,14.016,90.076,1,26,-75,-6,2,65,62,1,26385410,262,1,94,13499,
801.572,12313.7,51.4894,7.40352,177.998,14.0389,90.5434,1,26,-75,-6,2,65,62,1,26385410,262,1,94,13499,
802.579,12328.5,51.4894,7.40373,178.386,14.1016,90.8072,1,23,-74,-6,2,66,63,1,26385410,262,1,94,13499,
803.58,12342.3,51.4894,7.40393,178.674,14.0475,90.6436,1,23,-74,-6,2,66,63,1,26385410,262,1,94,13499,
804.574,12356.4,51.4894,7.40413,178.909,13.9053,90.8127,1,22,-73,-7,2,67,63,1,26385410,262,1,94,13499,
805.578,12369.8,51.4894,7.40433,179.401,13.7368,90.5948,1,22,-73,-7,2,67,63,1,26385410,262,1,94,13499,
806.583,12383.5,51.4894,7.40453,180.063,13.6944,90.8767,1,20,-74,-7,2,66,63,1,26385410,262,1,94,13499,
807.661,12396.4,51.4894,7.40471,180.659,13.5279,90.775,1,20,-74,-7,2,66,63,1,26385410,262,1,94,13499,
808.579,12409.8,51.4894,7.40491,181.156,13.6182,90.0021,1,11,-83,-14,11,57,63,1,26385410,262,1,94,13499,
809.574,12423.4,51.4894,7.4051,181.473,13.3859,89.5318,1,11,-83,-14,11,57,63,1,26385410,262,1,94,13499,
810.578,12438.6,51.4894,7.40532,181.762,13.4561,88.18,1,26,-73,-6,15,67,63,1,26385408,262,1,95,13499,
811.566,12452.9,51.4894,7.40553,181.831,13.7622,86.4291,1,26,-73,-6,15,67,63,1,26385408,262,1,95,13499,
812.614,12452.9,51.4897,7.40772,nan,13.9842,84.8512,1,26,-73,-6,15,67,63,1,26385408,262,1,95,13499,
813.565,12452.9,51.4894,7.40592,181.851,14.3137,83.1356,1,21,-75,-6,14,65,62,1,26385408,262,1,95,13499,
814.586,12466.5,51.4894,7.40612,182.15,14.1716,81.7629,1,21,-75,-6,14,65,62,1,26385408,262,1,95,13499,
815.552,12480.8,51.4895,7.40632,182.403,14.0845,80.3003,1,21,-77,-6,11,63,61,1,26385408,262,1,95,13499,
816.554,12494.3,51.4895,7.40651,182.467,14.1389,79.1597,1,21,-77,-6,11,63,61,1,26385408,262,1,95,13499,
817.574,12508.5,51.4895,7.40671,182.378,14.207,78.6656,1,19,-76,-6,13,64,61,1,26385408,262,1,95,13499,
818.563,12523.3,51.4896,7.40692,182.8,14.4039,78.015,1,19,-76,-6,13,64,61,1,26385408,262,1,95,13499,
819.576,12538,51.4896,7.40712,183.317,14.5179,77.7214,1,19,-72,-6,13,68,63,1,26385408,262,1,95,13499,
820.558,12551.9,51.4896,7.40732,183.805,14.5993,77.4756,1,19,-72,-6,13,68,63,1,26385408,262,1,95,13499,
821.579,12566,51.4896,7.40752,184.019,14.5377,78.0618,1,17,-72,-6,12,68,60,1,26385408,262,1,95,13499,
822.573,12580.6,51.4897,7.40772,184.138,13.5532,78.7408,1,17,-72,-6,12,68,60,1,26385408,262,1,95,13499,
823.558,12594.6,51.4897,7.40792,183.931,13.3923,79.1221,1,18,-72,-6,13,68,63,1,26385408,262,1,95,13499,
824.587,12607.3,51.4897,7.4081,183.708,12.8264,79.5081,1,18,-72,-6,13,68,63,1,26385408,262,1,95,13499,
825.576,12620.4,51.4898,7.40829,183.352,12.7373,78.1441,1,16,-77,-9,2,63,62,1,26385408,262,1,95,13499,
826.562,12633.1,51.4898,7.40846,183.273,13.1761,75.8223,1,16,-77,-9,2,63,62,1,26385408,262,1,95,13499,
827.573,12646.1,51.4898,7.40865,183.127,13.0382,76.8962,1,18,-76,-7,2,64,62,1,26385408,262,1,95,13499,
828.587,12658.8,51.4898,7.40883,182.932,13.2241,78.2289,1,18,-76,-7,2,64,62,1,26385408,262,1,95,13499,
829.59,12672.5,51.4898,7.40902,183.082,13.2751,78.8831,1,17,-74,-6,2,66,63,1,26385408,262,1,95,13499,
830.576,12685.3,51.4899,7.4092,182.744,13.4322,78.1183,1,17,-74,-6,2,66,63,1,26385408,262,1,95,13499,
831.572,12698.8,51.4899,7.4094,182.715,13.7452,78.5803,1,19,-74,-5,2,66,62,1,26385408,262,1,95,13499,
832.61,12698.8,51.4897,7.40772,nan,13.7894,79.5257,1,19,-74,-5,2,66,62,1,26385408,262,1,95,13499,
833.561,12698.8,51.4899,7.4098,183.226,13.8575,78.9763,1,19,-77,-5,12,63,59,5,26385408,262,1,95,13499,
834.569,12714,51.49,7.41002,183.794,13.8576,78.6132,1,19,-77,-5,12,63,59,5,26385408,262,1,95,13499,
835.583,12727.7,51.49,7.41021,184.098,13.9124,79.0013,1,20,-78,-6,15,62,60,5,26385408,262,1,95,13499,
836.589,12740,51.49,7.41039,183.337,13.8322,79.4144,1,20,-78,-6,15,62,60,5,26385408,262,1,95,13499,
837.567,12752.8,51.49,7.41057,181.861,13.7392,78.7072,1,12,-85,-6,14,55,53,5,26385408,262,1,95,13499,
838.579,12766,51.4901,7.41075,180.592,13.5951,77.8469,1,12,-85,-6,14,55,53,5,26385408,262,1,95,13499,
839.556,12780.6,51.4901,7.41096,179.001,13.6199,77.0128,1,12,-85,-6,14,55,53,5,26385408,262,1,95,13499,
