0.107,0,51.4902,7.41186,164.861,14.0537,78.0584,1,12,-90,-6,8,50,47,4,26385408,262,1,95,13499,
1.333,15.0541,51.4902,7.41207,164.971,14.1762,78.3362,1,14,-90,-7,10,50,49,4,26385408,262,1,95,13499,
2.332,28.4295,51.4903,7.41226,164.199,14.3279,77.6773,1,14,-90,-7,10,50,49,4,26385408,262,1,95,13499,
3.336,42.7653,51.4903,7.41247,163.017,14.7594,77.2953,1,14,-90,-7,15,50,49,4,26385408,262,1,95,13499,
4.326,57.1464,51.4903,7.41267,162.001,14.6877,77.7564,1,14,-90,-7,15,50,49,4,26385408,262,1,95,13499,
5.359,71.9117,51.4903,7.41288,161.789,14.6026,78.0814,1,18,-87,-6,12,53,50,4,26385408,262,1,95,13499,
6.29,86.4815,51.4904,7.41309,161.921,14.5135,77.6726,1,18,-87,-6,12,53,50,4,26385408,262,1,95,13499,
7.318,101.73,51.4904,7.4133,161.665,14.253,78.0703,1,16,-88,-6,10,52,50,4,26385408,262,1,95,13499,
8.316,116.098,51.4904,7.4135,161.207,14.011,78.613,1,16,-88,-6,10,52,50,4,26385408,262,1,95,13499,
9.306,128.983,51.4905,7.41369,161.239,14.066,78.0188,1,19,-85,-5,12,55,53,4,26385408,262,1,95,13499,
10.328,143.468,51.4905,7.41389,160.972,14.4404,77.6814,1,19,-85,-5,12,55,53,4,26385408,262,1,95,13499,
11.339,158.989,51.4905,7.41411,160.028,14.8369,77.5037,1,18,-85,-6,12,55,53,4,26385408,262,1,95,13499,
12.347,174.823,51.4905,7.41434,158.291,15.2135,77.7978,1,18,-85,-6,12,55,53,4,26385408,262,1,95,13499,
13.34,189.272,51.4906,7.41454,157.565,15.3972,78.4078,1,21,-82,-6,11,58,56,4,26385408,262,1,95,13499,
14.331,204.259,51.4906,7.41475,156.857,15.1826,77.5948,1,21,-82,-6,11,58,56,4,26385408,262,1,95,13499,
15.332,218.756,51.4906,7.41496,156.343,14.8793,78.6684,1,12,-84,-7,13,56,55,4,26385408,262,1,95,13499,
16.334,233.753,51.4906,7.41517,155.906,14.7757,80.4605,1,12,-84,-7,13,56,55,4,26385408,262,1,95,13499,
17.322,247.471,51.4906,7.41537,155.93,14.4545,82.281,1,9,-87,-9,8,53,52,4,26385408,262,1,95,13499,
18.337,261.663,51.4907,7.41557,155.939,14.1588,84.2441,1,9,-87,-9,8,53,52,4,26385408,262,1,95,13499,
19.344,275.962,51.4907,7.41578,155.935,13.9784,86.4606,1,25,-83,-6,15,57,53,4,29391105,262,1,351,13499,
20.326,289.954,51.4907,7.41598,155.913,13.6773,88.9834,1,25,-83,-6,15,57,53,4,29391105,262,1,351,13499,
21.328,302.886,51.4907,7.41617,155.373,12.3789,91.5465,1,25,-83,-6,15,57,53,4,29391105,262,1,351,13499,
22.328,313.876,51.4907,7.41633,155.301,10.665,94.0569,1,19,-84,-6,12,56,53,4,29391105,262,1,351,13499,
23.333,325.153,51.4906,7.41649,154.868,8.86924,96.7518,1,19,-84,-6,12,56,53,4,29391105,262,1,351,13499,
24.315,334.198,51.4906,7.41662,154.645,7.577,99.5894,1,13,-83,-6,10,57,54,4,29391105,262,1,351,13499,
25.333,340.286,51.4906,7.4167,154.776,5.4134,100.189,1,13,-83,-6,10,57,54,4,29391105,262,1,351,13499,
26.315,344.387,51.4906,7.41676,154.781,3.22324,102.616,1,24,-81,-5,15,59,56,4,29391105,262,1,351,13499,
27.325,346.347,51.4906,7.41679,154.738,1.22845,105.624,1,24,-81,-5,15,59,56,4,29391105,262,1,351,13499,
28.34,346.347,51.4906,7.41679,154.733,0,105.624,1,23,-83,-6,14,57,54,4,29391105,262,1,351,13499,
29.321,346.347,51.4906,7.41679,154.727,0,105.624,1,23,-83,-6,14,57,54,4,29391105,262,1,351,13499,
30.32,346.347,51.4906,7.41679,154.722,0,105.624,1,28,-79,-5,15,61,58,4,29391105,262,1,351,13499,
31.356,346.347,51.4906,7.41679,154.716,0,105.624,1,28,-79,-5,15,61,58,4,29391105,262,1,351,13499,
32.332,346.347,51.4906,7.41679,154.712,0,105.624,1,22,-82,-5,12,58,54,4,29391105,262,1,351,13499,
33.319,346.347,51.4906,7.41679,154.708,0,105.624,1,22,-82,-5,12,58,54,4,29391105,262,1,351,13499,
34.323,346.347,51.4906,7.41679,154.706,0,105.624,1,22,-85,-6,2,55,51,4,29391105,262,1,351,13499,
35.324,346.347,51.4906,7.41679,154.707,0,105.624,1,22,-85,-6,2,55,51,4,29391105,262,1,351,13499,
36.323,346.347,51.4906,7.41679,154.71,0,105.624,1,21,-84,-6,14,56,53,4,29391105,262,1,351,13499,
37.337,346.347,51.4906,7.41679,154.715,0,105.624,1,21,-84,-6,14,56,53,4,29391105,262,1,351,13499,
38.329,346.347,51.4906,7.41679,154.714,0,105.624,1,20,-82,-5,12,58,55,4,29391105,262,1,351,13499,
39.352,346.347,51.4906,7.41679,154.712,0,105.624,1,20,-82,-5,12,58,55,4,29391105,262,1,351,13499,
40.325,346.347,51.4906,7.41679,154.71,0,105.624,1,20,-82,-6,14,58,55,4,29391105,262,1,351,13499,
41.334,346.347,51.4906,7.41679,154.71,0,105.624,1,20,-82,-6,14,58,55,4,29391105,262,1,351,13499,
42.314,346.347,51.4906,7.41679,154.71,0,105.624,1,16,-82,-5,13,58,56,4,29391105,262,1,351,13499,
43.327,346.347,51.4906,7.41679,154.711,0,105.624,1,16,-82,-5,13,58,56,4,29391105,262,1,351,13499,
44.385,346.347,51.4906,7.41679,154.712,0,105.624,1,16,-82,-5,13,58,54,4,29391105,262,1,351,13499,
45.33,346.347,51.4906,7.41679,154.713,0,105.624,1,16,-82,-5,13,58,54,4,29391105,262,1,351,13499,
46.347,346.347,51.4906,7.41679,154.715,0,105.624,1,20,-82,-6,11,58,55,4,29391105,262,1,351,13499,
47.324,346.347,51.4906,7.41679,154.721,0,105.624,1,20,-82,-6,11,58,55,4,29391105,262,1,351,13499,
48.348,346.347,51.4906,7.41679,154.729,0,105.624,1,20,-82,-6,11,58,55,4,29391105,262,1,351,13499,
49.336,346.347,51.4906,7.41679,154.736,0,105.624,1,25,-83,-5,14,57,54,4,29391105,262,1,351,13499,
50.34,346.347,51.4906,7.41679,154.763,0,105.624,1,25,-83,-5,14,57,54,4,29391105,262,1,351,13499,
51.325,346.347,51.4906,7.41679,154.872,0,101.781,1,21,-83,-6,12,57,54,4,29391105,262,1,351,13499,
52.332,346.347,51.4906,7.41679,154.961,0,101.79,1,21,-83,-6,12,57,54,4,29391105,262,1,351,13499,
53.333,355.228,51.4906,7.41691,156.62,4.46396,101.645,1,20,-81,-5,15,59,56,4,29391105,262,1,351,13499,
54.329,359.821,51.4906,7.41698,158.079,4.49666,100.543,1,20,-81,-5,15,59,56,4,29391105,262,1,351,13499,
55.329,364.109,51.4906,7.41704,158.961,4.9821,97.7918,1,28,-74,-5,15,66,63,4,29391105,262,1,351,13499,
56.329,369.751,51.4906,7.41712,159.21,5.60843,74.3164,1,28,-74,-5,15,66,63,4,29391105,262,1,351,13499,
57.343,374.125,51.4906,7.41717,158.015,5.89612,52.763,1,24,-85,-5,14,55,52,4,29391105,262,1,351,13499,
58.323,378.848,51.4906,7.41719,157.203,6.39606,24.4512,1,24,-85,-5,14,55,52,4,29391105,262,1,351,13499,
59.338,384.985,51.4907,7.4172,156.186,7.34475,0.207255,1,16,-88,-6,10,52,49,4,29391105,262,1,351,13499,
60.344,392.85,51.4908,7.41719,155.497,8.37839,357.364,1,16,-88,-6,10,52,49,4,29391105,262,1,351,13499,
61.329,399.392,51.4908,7.41717,155.505,6.52796,356.859,1,11,-89,-7,14,51,46,4,29391105,262,1,351,13499,
62.32,405.593,51.4909,7.4172,155.41,6.43859,19.7006,1,11,-89,-7,14,51,46,4,29391105,262,1,351,13499,
63.342,412.541,51.4909,7.41728,155.586,6.34326,57.9926,1,7,-89,-6,2,51,47,4,29391105,262,1,351,13499,
64.346,417.87,51.4909,7.41735,155.05,7.50949,93.6068,1,7,-89,-6,2,51,47,4,29391105,262,1,351,13499,
65.322,425.758,51.4909,7.41747,154.399,8.481,94.0124,1,12,-91,-7,2,49,46,4,29391105,262,1,351,13499,
66.34,436.26,51.4909,7.41762,154.145,8.98461,93.0745,1,12,-91,-7,2,49,46,4,29391105,262,1,351,13499,
67.359,446.114,51.4909,7.41776,153.945,8.88492,94.0594,1,11,-93,-8,2,47,45,4,29391105,262,1,351,13499,
68.326,453.851,51.4909,7.41787,153.186,9.07648,93.5463,1,11,-93,-8,2,47,45,4,29391105,262,1,351,13499,
69.329,462.418,51.4909,7.41799,152.382,9.32126,93.0022,1,11,-93,-8,2,47,45,4,29391105,262,1,351,13499,
70.331,471.945,51.4909,7.41813,151.644,9.53431,94.1131,1,17,-95,-8,2,45,43,4,29391105,262,1,351,13499,
71.326,481.61,51.4909,7.41827,150.948,9.75877,96.7319,1,17,-95,-8,2,45,43,4,29391105,262,1,351,13499,
72.337,492.088,51.4909,7.41842,150.583,9.99698,100.617,1,15,-93,-7,2,47,45,4,29391105,262,1,351,13499,
73.319,502.067,51.4908,7.41855,150.434,10.388,118.878,1,15,-93,-7,2,47,45,4,29391105,262,1,351,13499,
74.315,502.067,51.491,7.41831,nan,10.4128,121.672,1,14,-93,-6,2,47,45,4,29391105,262,1,351,13499,
75.327,502.067,51.4907,7.4188,150.096,10.7305,125.177,1,14,-93,-6,2,47,45,4,29391105,262,1,351,13499,
76.324,512.408,51.4907,7.41891,150.172,10.6731,128.836,1,10,-95,-6,2,45,42,4,29391105,262,1,351,13499,
77.313,523.413,51.4906,7.41902,150.501,10.5495,131.213,1,10,-95,-6,2,45,42,4,29391105,262,1,351,13499,
78.333,534.512,51.4905,7.41914,150.808,10.9236,133.003,1,6,-101,-8,2,39,38,4,29391105,262,1,351,13499,
79.335,545.376,51.4904,7.41924,151.442,10.8511,134.616,1,6,-101,-8,2,39,38,4,29391105,262,1,351,13499,
80.315,555.612,51.4904,7.41934,152.023,10.9807,135.101,1,8,-100,-8,2,40,39,4,28365056,262,1,222,13499,
81.381,566.223,51.4903,7.41944,152.451,10.618,136.154,1,8,-100,-8,2,40,39,4,28365056,262,1,222,13499,
82.321,577.056,51.4902,7.41955,152.896,10.5657,136.746,1,5,-103,-9,7,37,37,14,28365056,262,1,222,13499,
83.325,588.734,51.4902,7.41966,152.996,10.5776,137.588,1,5,-103,-9,7,37,37,14,28365056,262,1,222,13499,
84.34,598.406,51.4901,7.41975,152.902,10.1643,138.158,1,7,-100,-8,11,40,39,14,28365056,262,1,222,13499,
85.334,608.215,51.49,7.41984,152.654,10.2058,138.909,1,7,-100,-8,11,40,39,14,28365056,262,1,222,13499,
86.328,618.399,51.4899,7.41993,152.219,10.2525,139.707,1,10,-98,-8,11,42,41,14,28365056,262,1,222,13499,
87.35,629.272,51.4899,7.42003,151.69,10.0253,141.537,1,10,-98,-8,11,42,41,14,28365056,262,1,222,13499,
88.34,639.528,51.4898,7.42011,151.417,9.60154,145.131,1,21,-97,-7,10,43,41,14,28365056,262,1,222,13499,
89.338,649.622,51.4897,7.42019,150.988,9.96,146.129,1,21,-97,-7,10,43,41,14,28365056,262,1,222,13499,
90.287,660.688,51.4896,7.42028,150.76,10.2304,145.58,1,10,-99,-7,11,41,40,14,28365056,262,1,222,13499,
91.326,670.68,51.4896,7.42036,150.089,9.91066,145.148,1,10,-99,-7,11,41,40,14,28365056,262,1,222,13499,
92.324,680.869,51.4895,7.42044,149.57,9.23374,144.229,1,8,-101,-8,11,39,38,14,28365056,262,1,222,13499,
93.334,690.722,51.4894,7.42055,149.018,8.98715,127.126,1,8,-101,-8,11,39,38,14,28365056,262,1,222,13499,
94.312,699.895,51.4894,7.42066,148.283,8.57905,123.521,1,8,-101,-8,11,39,38,14,28365056,262,1,222,13499,
95.336,708.026,51.4894,7.42077,147.251,8.56772,104.189,1,12,-103,-8,12,37,36,14,28365056,262,1,222,13499,
96.32,715.353,51.4893,7.42087,146.536,6.45817,103.41,1,12,-103,-8,12,37,36,14,28365056,262,1,222,13499,
97.339,720.904,51.4893,7.42095,146.518,4.07284,102.812,1,10,-104,-8,7,36,34,14,28365056,262,1,222,13499,
98.319,724.895,51.4893,7.421,146.517,3.42201,119.857,1,10,-104,-8,7,36,34,14,28365056,262,1,222,13499,
99.339,728.512,51.4893,7.42103,146.632,4.44488,158.163,1,8,-105,-9,6,35,35,14,28365056,262,1,222,13499,
100.317,733.831,51.4892,7.42104,146.889,5.29618,189.843,1,8,-105,-9,6,35,35,14,28365056,262,1,222,13499,
101.334,740.528,51.4892,7.42102,147.456,7.39581,191.799,1,7,-102,-8,7,38,38,14,28365056,262,1,222,13499,
102.343,748.288,51.4891,7.42099,148.126,8.13483,193.222,1,7,-102,-8,7,38,38,14,28365056,262,1,222,13499,
103.32,757.81,51.489,7.42095,148.413,9.40381,193.259,1,4,-100,-8,6,40,39,14,28365056,262,1,222,13499,
104.322,769.201,51.4889,7.42091,148.747,11.0299,195.232,1,4,-100,-8,6,40,39,14,28365056,262,1,222,13499,
105.328,780.182,51.4888,7.42086,149.251,11.2132,196.977,1,9,-91,-6,6,49,46,9,29391105,262,1,351,13499,
106.347,789.417,51.4888,7.4208,149.75,9.51988,198.068,1,9,-91,-6,6,49,46,9,29391105,262,1,351,13499,
107.333,797.499,51.4887,7.42076,150.29,6.93328,196.92,1,22,-89,-6,15,51,48,9,29391105,262,1,351,13499,
108.33,804.995,51.4886,7.42074,150.933,4.55362,195.32,1,22,-89,-6,15,51,48,9,29391105,262,1,351,13499,
109.339,808.939,51.4886,7.42076,150.923,3.55253,152.973,1,12,-89,-6,13,51,50,9,29391105,262,1,351,13499,
110.321,815.468,51.4886,7.42085,150.361,6.91498,115.592,1,12,-89,-6,13,51,50,9,29391105,262,1,351,13499,
111.343,821.81,51.4886,7.42094,149.739,6.79314,102.857,1,12,-92,-6,10,48,45,9,29391105,262,1,351,13499,
112.324,828.104,51.4886,7.42103,149.604,8.06851,100.347,1,12,-92,-6,10,48,45,9,29391105,262,1,351,13499,
113.339,836.452,51.4885,7.42115,149.322,7.97019,99.2061,1,12,-92,-6,10,48,46,9,29391105,262,1,351,13499,
114.345,844.174,51.4885,7.42126,149.113,7.50651,100.14,1,12,-92,-6,10,48,46,9,29391105,262,1,351,13499,
115.288,851.959,51.4885,7.42136,148.962,7.25536,123.933,1,16,-92,-6,11,48,46,9,29391105,262,1,351,13499,
116.327,859.7,51.4885,7.42145,148.834,8.41636,125.333,1,16,-92,-6,11,48,46,9,29391105,262,1,351,13499,
117.341,868.302,51.4884,7.42155,148.671,9.45394,127.663,1,16,-95,-6,9,45,42,9,29391105,262,1,351,13499,
118.324,877.685,51.4884,7.42165,148.474,9.64831,128.926,1,16,-95,-6,9,45,42,9,29391105,262,1,351,13499,
119.334,887.801,51.4883,7.42177,148.741,9.68368,128.375,1,16,-95,-6,9,45,42,9,29391105,262,1,351,13499,
120.315,897.766,51.4882,7.42188,149.017,9.49364,128.876,1,10,-97,-7,14,43,41,9,29391105,262,1,351,13499,
121.328,908.057,51.4882,7.422,149.068,10.069,126.056,1,10,-97,-7,14,43,41,9,29391105,262,1,351,13499,
122.344,917.513,51.4882,7.42212,148.507,10.3211,122.369,1,11,-93,-6,2,47,41,9,29391105,262,1,351,13499,
123.332,927.56,51.4881,7.42226,147.541,9.44786,108.994,1,11,-93,-6,2,47,41,9,29391105,262,1,351,13499,
124.325,937.484,51.4881,7.42239,147.358,9.31296,107.968,1,15,-96,-6,2,44,41,9,29391105,262,1,351,13499,
125.317,946.445,51.4881,7.42252,147.126,9.2846,107.284,1,15,-96,-6,2,44,41,9,29391105,262,1,351,13499,
126.345,956.232,51.488,7.42265,146.884,10.1527,106.045,1,11,-96,-6,2,44,42,9,29391105,262,1,351,13499,
127.321,966.774,51.488,7.4228,146.802,10.7602,105.087,1,11,-96,-6,2,44,42,9,29391105,262,1,351,13499,
128.33,977.58,51.488,7.42295,146.585,11.0569,104.751,1,7,-99,-6,2,41,39,9,29391105,262,1,351,13499,
129.317,988.264,51.488,7.4231,146.337,10.8829,105.141,1,7,-99,-6,2,41,39,9,29391105,262,1,351,13499,
130.339,998.84,51.4879,7.42325,145.99,10.6324,105.625,1,9,-99,-8,2,41,40,9,28365056,262,1,222,13499,
131.344,1009.32,51.4879,7.42339,145.927,10.6186,106.884,1,9,-99,-8,2,41,40,9,28365056,262,1,222,13499,
132.326,1019.39,51.4879,7.42353,146.105,10.2023,109.892,1,7,-97,-7,2,43,42,9,28365056,262,1,222,13499,
133.343,1029.72,51.4878,7.42365,146.029,10.8531,123.937,1,7,-97,-7,2,43,42,9,28365056,262,1,222,13499,
134.327,1039.88,51.4878,7.42377,146.114,10.614,126.256,1,6,-95,-8,2,45,44,9,28365056,262,1,222,13499,
135.331,1050.59,51.4877,7.42389,146.136,10.756,128.479,1,6,-95,-8,2,45,44,9,28365056,262,1,222,13499,
136.322,1061.58,51.4877,7.42401,146.117,10.9956,132.343,1,7,-94,-9,11,46,46,14,28365056,262,1,222,13499,
137.326,1073.34,51.4876,7.42413,145.724,11.5627,136.182,1,7,-94,-9,11,46,46,14,28365056,262,1,222,13499,
138.337,1084.83,51.4875,7.42423,145.355,12.1251,139.607,1,10,-93,-8,8,47,45,14,28365056,262,1,222,13499,
139.328,1097.1,51.4874,7.42434,145.085,11.1403,143.579,1,10,-93,-8,8,47,45,14,28365056,262,1,222,13499,
140.313,1109.61,51.4873,7.42444,144.903,11.8121,144.444,1,10,-93,-8,8,47,45,14,28365056,262,1,222,13499,
141.334,1121.2,51.4872,7.42454,144.725,12.0033,142.504,1,6,-94,-9,8,46,47,14,28365056,262,1,222,13499,
142.316,1133.38,51.4871,7.42465,144.639,12.1496,140.318,1,6,-94,-9,8,46,47,14,28365056,262,1,222,13499,
143.322,1145.1,51.4871,7.42476,144.653,12.1982,138.287,1,-1,-97,-11,6,43,46,14,28365056,262,1,222,13499,
144.327,1158.37,51.487,7.42489,144.59,12.3344,136.263,1,-1,-97,-11,6,43,46,14,28365056,262,1,222,13499,
145.359,1170.39,51.4869,7.42502,144.477,12.1588,132.627,1,-1,-90,-8,6,50,50,10,28367106,262,1,103,13499,
146.332,1182.3,51.4868,7.42515,144.415,12.7414,131.71,1,-1,-90,-8,6,50,50,10,28367106,262,1,103,13499,
147.336,1194.41,51.4868,7.42528,144.895,12.2071,131.112,1,13,-92,-9,14,48,48,10,28367106,262,1,103,13499,
148.34,1207.26,51.4867,7.42543,145.532,13.0962,130.138,1,13,-92,-9,14,48,48,10,28367106,262,1,103,13499,
149.319,1221.37,51.4866,7.42559,145.446,13.0329,130.546,1,15,-84,-7,12,56,55,10,28367106,262,1,103,13499,
150.319,1233.83,51.4865,7.42573,145.051,13.2395,131.174,1,15,-84,-7,12,56,55,10,28367106,262,1,103,13499,
151.326,1246.48,51.4865,7.42586,144.306,13.3829,133.071,1,14,-88,-7,11,52,51,10,28367106,262,1,103,13499,
152.334,1259.87,51.4864,7.42599,142.942,13.5776,136.62,1,14,-88,-7,11,52,51,10,28367106,262,1,103,13499,
153.336,1273.74,51.4863,7.42612,141.523,13.5527,138.122,1,10,-85,-6,10,55,53,10,28367106,262,1,103,13499,
154.316,1287.13,51.4862,7.42625,140.227,13.5858,138.456,1,10,-85,-6,10,55,53,10,28367106,262,1,103,13499,
155.342,1287.13,51.4829,7.43167,nan,13.4259,137.851,1,22,-85,-6,14,55,53,10,28367106,262,1,103,13499,
156.342,1287.13,51.486,7.42652,138.271,13.7049,134.156,1,22,-85,-6,14,55,53,10,28367106,262,1,103,13499,
157.31,1300.45,51.4859,7.42667,138.097,13.4474,130.632,1,17,-85,-6,12,55,51,10,28367106,262,1,103,13499,
158.324,1313.91,51.4859,7.42683,138.129,13.4611,127.297,1,17,-85,-6,12,55,51,10,28367106,262,1,103,13499,
159.303,1327.86,51.4858,7.427,137.987,13.5029,124.677,1,20,-85,-6,12,55,52,10,28367106,262,1,103,13499,
160.441,1340.91,51.4857,7.42716,137.605,13.4631,125.069,1,20,-85,-6,12,55,52,10,28367106,262,1,103,13499,
161.338,1354.76,51.4857,7.42733,137.025,13.0881,127.322,1,16,-89,-6,10,51,48,7,28367106,262,1,103,13499,
162.333,1367.26,51.4856,7.42744,136.099,12.7251,141.671,1,16,-89,-6,10,51,48,7,28367106,262,1,103,13499,
163.328,1379.48,51.4855,7.42755,135.267,11.9601,142.782,1,18,-91,-6,14,49,47,7,28367106,262,1,103,13499,
164.359,1391.1,51.4854,7.42766,134.525,10.992,143.339,1,18,-91,-6,14,49,47,7,28367106,262,1,103,13499,
165.346,1400.44,51.4853,7.42774,133.668,9.67446,145.768,1,23,-90,-6,11,50,47,7,28367106,262,1,103,13499,
166.319,1409.7,51.4853,7.42777,132.807,9.00191,165.036,1,23,-90,-6,11,50,47,7,28367106,262,1,103,13499,
167.322,1419.74,51.4852,7.42781,131.918,9.78608,167.613,1,23,-90,-6,11,50,47,7,28367106,262,1,103,13499,
168.321,1431.17,51.4851,7.42784,131.173,10.7376,166.838,1,20,-92,-7,10,48,46,7,28367106,262,1,103,13499,
169.333,1443.36,51.485,7.42789,131.105,11.4388,165.461,1,20,-92,-7,10,48,46,7,28367106,262,1,103,13499,
170.328,1455.15,51.4849,7.42793,130.989,10.9008,164.555,1,16,-87,-6,9,53,50,7,28367106,262,1,103,13499,
171.334,1465.68,51.4848,7.42797,131.418,11.6414,163.625,1,16,-87,-6,9,53,50,7,28367106,262,1,103,13499,
172.294,1477.14,51.4847,7.42802,131.84,11.9097,162.464,1,23,-85,-6,9,55,52,7,28367106,262,1,103,13499,
173.314,1490.17,51.4846,7.42808,132.378,12.3848,161.544,1,23,-85,-6,9,55,52,7,28367106,262,1,103,13499,
174.348,1501.65,51.4845,7.42814,133.141,11.7098,161.681,1,24,-85,-5,11,55,51,7,28367106,262,1,103,13499,
175.331,1513.61,51.4844,7.4282,133.831,10.1201,161.167,1,24,-85,-5,11,55,51,7,28367106,262,1,103,13499,
176.34,1523.43,51.4843,7.42824,134.63,9.8921,160.63,1,26,-88,-6,12,52,50,7,28367106,262,1,103,13499,
177.348,1532.58,51.4842,7.42828,134.902,8.87094,161.747,1,26,-88,-6,12,52,50,7,28367106,262,1,103,13499,
178.339,1542.27,51.4841,7.42832,135.222,9.86126,162.57,1,23,-87,-6,12,53,49,7,28367106,262,1,103,13499,
179.315,1553.29,51.484,7.42837,135.912,10.7455,162.024,1,23,-87,-6,12,53,49,7,28367106,262,1,103,13499,
180.333,1564.39,51.4839,7.42841,135.925,10.4853,161.507,1,23,-85,-6,11,55,53,7,28367106,262,1,103,13499,
181.333,1577.69,51.4838,7.42847,135.665,10.7902,161.895,1,23,-85,-6,11,55,53,7,28367106,262,1,103,13499,
182.321,1588.81,51.4837,7.42852,135.895,10.6069,162.477,1,25,-86,-6,12,54,50,7,28367106,262,1,103,13499,
183.325,1601.19,51.4836,7.42856,136.49,11.283,162.839,1,25,-86,-6,12,54,50,7,28367106,262,1,103,13499,
184.361,1612.8,51.4835,7.42861,137.618,10.2362,162.091,1,24,-88,-6,10,52,47,7,28367106,262,1,103,13499,
185.316,1623.46,51.4834,7.42866,138.574,10.2424,161.1,1,24,-88,-6,10,52,47,7,28367106,262,1,103,13499,
186.334,1635.11,51.4833,7.42871,139.656,10.4382,162.611,1,14,-90,-6,9,50,48,7,28367106,262,1,103,13499,
187.332,1646.94,51.4832,7.42876,140.49,11.2315,164.359,1,14,-90,-6,9,50,48,7,28367106,262,1,103,13499,
188.339,1658.35,51.4831,7.4288,141.001,10.2128,167.637,1,18,-92,-7,8,48,47,7,28367106,262,1,103,13499,
189.322,1671.88,51.483,7.42884,141,11.6178,169.523,1,18,-92,-7,8,48,47,7,28367106,262,1,103,13499,
190.319,1685.48,51.4829,7.42887,140.788,11.5568,171.07,1,16,-89,-7,8,51,48,7,28367106,262,1,103,13499,
191.329,1696.96,51.4828,7.42889,141.061,9.11442,174.38,1,16,-89,-7,8,51,48,7,28367106,262,1,103,13499,
192.332,1708.11,51.4827,7.4289,141.317,7.06453,175.744,1,3,-91,-6,2,49,44,7,28367106,262,1,103,13499,
193.324,1714.03,51.4826,7.42891,141.324,5.07154,173.748,1,3,-91,-6,2,49,44,7,28367106,262,1,103,13499,
194.333,1720.32,51.4826,7.42897,140.681,6.69653,135.544,1,10,-92,-7,2,48,47,7,28367106,262,1,103,13499,
195.319,1726.69,51.4825,7.42904,140.767,7.31574,119.484,1,10,-92,-7,2,48,47,7,28367106,262,1,103,13499,
196.337,1733.9,51.4825,7.42914,140.848,8.21811,98.5792,1,5,-92,-7,2,48,47,7,28367106,262,1,103,13499,
197.341,1742.66,51.4825,7.42927,140.746,9.20705,98.0241,1,5,-92,-7,2,48,47,7,28367106,262,1,103,13499,
198.321,1753.05,51.4825,7.42942,140.32,10.5487,97.6582,1,9,-99,-8,2,41,41,7,29563904,262,1,350,13499,
199.34,1764.12,51.4825,7.42957,139.971,11.4171,97.0858,1,9,-99,-8,2,41,41,7,29563904,262,1,350,13499,
200.34,1775.69,51.4825,7.42974,139.953,12.0271,96.4106,1,9,-99,-8,2,41,41,7,29563904,262,1,350,13499,
201.322,1787.94,51.4825,7.42992,139.83,12.264,96.9343,1,4,-99,-8,2,41,40,7,29563904,262,1,350,13499,
202.34,1799.63,51.4825,7.43008,139.811,11.6783,97.1171,1,4,-99,-8,2,41,40,7,29563904,262,1,350,13499,
203.332,1811.45,51.4824,7.43025,139.865,10.7543,97.4045,1,1,-101,-8,2,39,38,7,29563904,262,1,350,13499,
204.354,1822.54,51.4824,7.43041,140.013,10.4449,96.7863,1,1,-101,-8,2,39,38,7,29563904,262,1,350,13499,
205.342,1833.11,51.4824,7.43057,139.938,9.93635,97.2905,1,0,-103,-12,2,37,40,7,28365056,262,1,222,13499,
206.327,1843.3,51.4824,7.43071,139.921,9.27668,96.8187,1,0,-103,-12,2,37,40,7,28365056,262,1,222,13499,
207.332,1850.95,51.4824,7.43082,139.918,8.1925,97.389,1,5,-96,-8,2,44,42,7,28367106,262,1,103,13499,
208.337,1858.33,51.4824,7.43093,140.151,7.31282,96.9668,1,5,-96,-8,2,44,42,7,28367106,262,1,103,13499,
209.327,1865.37,51.4824,7.43103,140.575,6.53257,96.4337,1,9,-94,-6,2,46,44,7,28367106,262,1,103,13499,
210.342,1871.35,51.4824,7.43112,140.656,5.42754,97.0901,1,9,-94,-6,2,46,44,7,28367106,262,1,103,13499,
211.328,1877.31,51.4824,7.4312,140.836,4.42048,98.5201,1,9,-93,-6,2,47,44,7,28367106,262,1,103,13499,
212.316,1880.79,51.4824,7.43125,141.265,5.13466,98.0809,1,9,-93,-6,2,47,44,7,28367106,262,1,103,13499,
213.331,1885.37,51.4824,7.43131,141.584,6.5979,98.52,1,12,-91,-6,2,49,45,7,28367106,262,1,103,13499,
214.334,1892.88,51.4824,7.43142,141.623,7.98395,98.4101,1,12,-91,-6,2,49,45,7,28367106,262,1,103,13499,
215.32,1900.58,51.4824,7.43153,141.709,8.03239,97.9223,1,13,-91,-6,2,49,46,7,28367106,262,1,103,13499,
216.334,1908.77,51.4823,7.43165,141.882,7.35696,97.3425,1,13,-91,-6,2,49,46,7,28367106,262,1,103,13499,
217.325,1915.72,51.4823,7.43175,142.089,5.23814,97.2612,1,4,-92,-8,11,48,45,6,28367106,262,1,103,13499,
218.317,1920.02,51.4823,7.43181,142.125,2.9595,96.6451,1,4,-92,-8,11,48,45,6,28367106,262,1,103,13499,
219.419,1922.33,51.4823,7.43184,142.169,1.36593,96.233,1,5,-93,-8,10,47,46,6,28367106,262,1,103,13499,
220.325,1923.25,51.4823,7.43186,142.231,0.336268,96.233,1,5,-93,-8,10,47,46,6,28367106,262,1,103,13499,
221.334,1923.25,51.4823,7.43186,142.239,0,96.233,1,5,-93,-8,10,47,44,6,28367106,262,1,103,13499,
222.352,1924.13,51.4823,7.43187,142.287,0.958264,97.3596,1,5,-93,-8,10,47,44,6,28367106,262,1,103,13499,
223.36,1924.88,51.4823,7.43188,142.303,1.88531,96.5066,1,5,-93,-8,6,47,45,6,28367106,262,1,103,13499,
224.326,1928.17,51.4823,7.43193,142.328,3.23937,94.5706,1,5,-93,-8,6,47,45,6,28367106,262,1,103,13499,
225.345,1933.13,51.4823,7.432,142.52,5.45689,95.1231,1,5,-95,-9,6,45,45,6,28367106,262,1,103,13499,
226.346,1938.68,51.4823,7.43208,142.669,5.63238,96.0815,1,5,-95,-9,6,45,45,6,28367106,262,1,103,13499,
227.322,1945.39,51.4823,7.43218,142.811,6.11899,96.0594,1,5,-95,-9,6,45,45,6,28367106,262,1,103,13499,
228.326,1952.52,51.4823,7.43228,142.993,7.02919,96.1779,1,5,-94,-9,8,46,48,6,28367106,262,1,103,13499,
229.355,1959.46,51.4823,7.43238,143.268,8.43427,96.5336,1,5,-94,-9,8,46,48,6,28367106,262,1,103,13499,
230.32,1969.31,51.4823,7.43252,143.386,9.80264,96.8122,1,11,-83,-7,11,57,55,6,28367106,262,1,103,13499,
231.315,1980.62,51.4823,7.43268,143.655,10.8935,97.488,1,11,-83,-7,11,57,55,6,28367106,262,1,103,13499,
232.332,1992.59,51.4823,7.43285,144.079,11.453,97.8713,1,7,-83,-6,6,57,53,10,28368386,262,1,32,13499,
233.349,2002.21,51.4823,7.43299,144.418,11.6753,97.0138,1,7,-83,-6,6,57,53,10,28368386,262,1,32,13499,
234.319,2014.67,51.4822,7.43317,144.591,12.4057,97.0689,1,7,-89,-10,11,51,50,10,28368386,262,1,32,13499,
235.325,2026,51.4822,7.43333,144.937,13.1179,96.4603,1,7,-89,-10,11,51,50,10,28368386,262,1,32,13499,
236.346,2039.61,51.4822,7.43353,145.189,13.261,96.5899,1,5,-89,-7,6,51,48,4,28367106,262,1,103,13499,
237.323,2051.96,51.4822,7.4337,145.327,13.1637,96.1509,1,5,-89,-7,6,51,48,4,28367106,262,1,103,13499,
238.351,2065.61,51.4822,7.4339,145.41,13.0135,97.0221,1,5,-93,-8,11,47,47,4,28367106,262,1,103,13499,
239.318,2077.97,51.4822,7.43408,145.225,12.4583,96.5639,1,5,-93,-8,11,47,47,4,28367106,262,1,103,13499,
240.321,2090.04,51.4822,7.43425,145.155,12.6022,96.8689,1,5,-96,-10,5,44,44,4,28367106,262,1,103,13499,
241.319,2103.66,51.4821,7.43445,145.519,11.6801,97.3891,1,5,-96,-10,5,44,44,4,28367106,262,1,103,13499,
242.327,2113.28,51.4821,7.43458,145.768,10.7324,96.2715,1,7,-93,-9,6,47,48,4,28367106,262,1,103,13499,
243.357,2123.05,51.4821,7.43472,145.644,10.3959,95.905,1,7,-93,-9,6,47,48,4,28367106,262,1,103,13499,
244.335,2133.77,51.4821,7.43488,145.489,10.2516,96.4173,1,12,-90,-8,8,50,48,4,28367106,262,1,103,13499,
245.329,2143.54,51.4821,7.43502,145.42,9.93108,97.321,1,12,-90,-8,8,50,48,4,28367106,262,1,103,13499,
246.344,2153.59,51.4821,7.43516,145.43,9.5483,96.5222,1,7,-85,-7,13,55,50,4,28367106,262,1,103,13499,
247.352,2163.32,51.4821,7.4353,145.696,9.77604,96.3016,1,7,-85,-7,13,55,50,4,28367106,262,1,103,13499,
248.327,2173.59,51.4821,7.43545,146.021,10.0172,97.2397,1,4,-92,-10,6,48,49,10,28368386,262,1,32,13499,
249.319,2184.78,51.4821,7.43561,146.061,11.4626,96.5793,1,4,-92,-10,6,48,49,10,28368386,262,1,32,13499,
250.328,2196.39,51.482,7.43578,146.079,11.8529,96.2487,1,5,-89,-8,6,51,50,4,28367105,262,1,102,13499,
251.339,2208.22,51.482,7.43595,145.881,11.1435,96.7194,1,5,-89,-8,6,51,50,4,28367105,262,1,102,13499,
252.324,2218.81,51.482,7.4361,145.696,10.7302,96.1363,1,13,-77,-8,15,63,60,4,28367105,262,1,102,13499,
253.332,2229.94,51.482,7.43626,145.431,10.5072,95.8233,1,13,-77,-8,15,63,60,4,28367105,262,1,102,13499,
254.341,2241.01,51.482,7.43642,145.096,10.3376,96.5674,1,1,-91,-10,8,49,51,4,28367105,262,1,102,13499,
255.297,2250.73,51.482,7.43656,144.764,10.6475,97.2392,1,1,-91,-10,8,49,51,4,28367105,262,1,102,13499,
256.322,2261.6,51.482,7.43671,144.335,10.6152,96.8669,1,1,-91,-10,8,49,51,4,28367105,262,1,102,13499,
257.314,2271.46,51.482,7.43685,143.741,10.4452,96.2977,1,1,-86,-8,7,54,52,4,28367105,262,1,102,13499,
258.324,2281.75,51.482,7.437,143.467,9.99624,96.6198,1,1,-86,-8,7,54,52,4,28367105,262,1,102,13499,
259.334,2291.5,51.4819,7.43714,143.418,9.55618,97.3938,1,1,-87,-8,6,53,51,4,28367105,262,1,102,13499,
260.339,2299.6,51.4819,7.43726,143.613,8.14213,98.1566,1,1,-87,-8,6,53,51,4,28367105,262,1,102,13499,
261.326,2307.97,51.4819,7.43738,143.579,7.26385,95.6534,1,10,-89,-7,13,51,48,4,28367105,262,1,102,13499,
262.335,2315.31,51.4819,7.43748,143.605,6.50508,96.1089,1,10,-89,-7,13,51,48,4,28367105,262,1,102,13499,
263.325,2320.83,51.4819,7.43756,144.118,5.50839,94.6415,1,8,-87,-7,12,53,52,4,28367105,262,1,102,13499,
264.315,2326.96,51.4819,7.43765,144.528,5.20732,94.7883,1,8,-87,-7,12,53,52,4,28367105,262,1,102,13499,
265.324,2332.9,51.4819,7.43774,145.022,4.68169,96.2086,1,16,-85,-6,11,55,51,4,28367105,262,1,102,13499,
266.327,2338.63,51.4819,7.43782,145.772,4.73145,94.3208,1,16,-85,-6,11,55,51,4,28367105,262,1,102,13499,
267.34,2343.26,51.4819,7.43788,145.837,4.09126,95.4864,1,16,-84,-6,10,56,52,4,28367105,262,1,102,13499,
268.341,2347.22,51.4819,7.43794,145.877,3.85573,98.1084,1,16,-84,-6,10,56,52,4,28367105,262,1,102,13499,
269.332,2350.99,51.4819,7.43799,146.115,4.83313,96.7291,1,22,-81,-6,15,59,55,4,28367105,262,1,102,13499,
270.357,2356.76,51.4819,7.43808,146.675,6.14263,95.8424,1,22,-81,-6,15,59,55,4,28367105,262,1,102,13499,
271.325,2364.43,51.4819,7.43819,147.973,6.53101,96.303,1,17,-84,-6,11,56,54,4,28367105,262,1,102,13499,
272.337,2371.38,51.4819,7.43829,148.771,7.77648,95.397,1,17,-84,-6,11,56,54,4,28367105,262,1,102,13499,
273.328,2377.61,51.4819,7.43838,149.558,7.43613,94.5378,1,13,-85,-6,11,55,52,4,28367105,262,1,102,13499,
274.428,2385.44,51.4818,7.43849,150.141,7.82109,95.0537,1,13,-85,-6,11,55,52,4,28367105,262,1,102,13499,
275.323,2394.08,51.4818,7.43861,150.171,7.94078,95.5253,1,11,-90,-7,12,50,48,4,28367105,262,1,102,13499,
276.338,2402.86,51.4818,7.43874,150.408,8.49563,95.6533,1,11,-90,-7,12,50,48,4,28367105,262,1,102,13499,
277.339,2412.6,51.4818,7.43888,150.773,9.52521,96.6247,1,4,-95,-9,9,45,45,4,28367105,262,1,102,13499,
278.351,2422.18,51.4818,7.43902,151.402,10.3133,96.0802,1,4,-95,-9,9,45,45,4,28367105,262,1,102,13499,
279.323,2433.13,51.4818,7.43917,151.997,10.4964,95.4102,1,8,-79,-6,6,61,52,9,28368386,262,1,32,13499,
280.375,2443.94,51.4818,7.43933,152.434,10.3764,95.4706,1,8,-79,-6,6,61,52,9,28368386,262,1,32,13499,
281.322,2454.75,51.4818,7.43948,152.796,10.6441,94.7544,1,10,-90,-7,11,50,47,9,28368386,262,1,32,13499,
282.34,2464.79,51.4818,7.43963,153.213,11.1178,94.7903,1,10,-90,-7,11,50,47,9,28368386,262,1,32,13499,
283.326,2475.9,51.4818,7.43979,153.638,11.0262,95.1789,1,10,-91,-7,8,49,46,9,28368386,262,1,32,13499,
284.339,2486.75,51.4817,7.43994,154.14,10.5253,95.0764,1,10,-91,-7,8,49,46,9,28368386,262,1,32,13499,
285.345,2496.38,51.4817,7.44008,154.437,9.49107,95.5205,1,5,-92,-8,9,48,47,9,28368386,262,1,32,13499,
286.333,2505.26,51.4817,7.44021,154.867,8.66613,95.5632,1,5,-92,-8,9,48,47,9,28368386,262,1,32,13499,
287.325,2513.84,51.4817,7.44033,155.278,7.90565,96.3995,1,5,-92,-8,9,48,47,9,28368386,262,1,32,13499,
288.323,2521.33,51.4817,7.44044,155.589,7.3085,96.4307,1,6,-97,-10,9,43,44,9,28368386,262,1,32,13499,
289.324,2527.71,51.4817,7.44053,155.747,6.51329,96.2481,1,6,-97,-10,9,43,44,9,28368386,262,1,32,13499,
290.322,2535.57,51.4817,7.44065,155.816,5.73159,95.8594,1,8,-95,-8,9,45,44,9,28368386,262,1,32,13499,
291.334,2539.65,51.4817,7.44071,155.874,5.01346,96.2804,1,8,-95,-8,9,45,44,9,28368386,262,1,32,13499,
292.319,2544.2,51.4817,7.44077,155.776,4.1937,95.823,1,6,-97,-9,7,43,42,9,28368386,262,1,32,13499,
293.332,2548,51.4817,7.44083,155.762,3.40066,95.8874,1,6,-97,-9,7,43,42,9,28368386,262,1,32,13499,
294.332,2550.49,51.4817,7.44086,155.751,2.48837,96.3744,1,5,-93,-9,2,47,46,9,28368386,262,1,32,13499,
295.306,2551.36,51.4817,7.44087,155.766,0.436366,96.3744,1,5,-93,-9,2,47,46,9,28368386,262,1,32,13499,
296.315,2551.36,51.4817,7.44087,155.77,0,96.3744,1,9,-92,-7,9,48,44,10,28368386,262,1,32,13499,
297.311,2551.36,51.4817,7.44087,155.777,0,96.3744,1,9,-92,-7,9,48,44,10,28368386,262,1,32,13499,
298.324,2551.36,51.4817,7.44087,155.788,0,96.3744,1,10,-95,-8,8,45,42,10,28368386,262,1,32,13499,
299.325,2551.36,51.4817,7.44087,155.804,0,96.3744,1,10,-95,-8,8,45,42,10,28368386,262,1,32,13499,
300.332,2551.36,51.4817,7.44087,155.826,0,96.3744,1,10,-95,-8,11,45,42,10,28368386,262,1,32,13499,
301.338,2551.36,51.4817,7.44087,155.851,0,96.3744,1,10,-95,-8,11,45,42,10,28368386,262,1,32,13499,
302.322,2551.36,51.4817,7.44087,155.879,0,96.3744,1,11,-95,-8,8,45,43,10,28368386,262,1,32,13499,
303.333,2551.36,51.4817,7.44087,155.907,0,96.3744,1,11,-95,-8,8,45,43,10,28368386,262,1,32,13499,
304.34,2551.36,51.4817,7.44087,155.936,0,96.3744,1,7,-95,-8,9,45,42,10,28368386,262,1,32,13499,
305.343,2551.36,51.4817,7.44087,155.965,0,96.3744,1,7,-95,-8,9,45,42,10,28368386,262,1,32,13499,
306.329,2551.36,51.4817,7.44087,155.995,0,96.3744,1,9,-94,-8,8,46,41,10,28368386,262,1,32,13499,
307.344,2551.36,51.4817,7.44087,156.025,0,96.3744,1,9,-94,-8,8,46,41,10,28368386,262,1,32,13499,
308.328,2551.36,51.4817,7.44087,156.056,0,96.3744,1,10,-95,-8,9,45,42,10,28368386,262,1,32,13499,
309.334,2551.36,51.4817,7.44087,156.086,0,96.3744,1,10,-95,-8,9,45,42,10,28368386,262,1,32,13499,
310.341,2551.36,51.4817,7.44087,156.396,0,96.3744,1,8,-96,-10,2,44,44,10,28368386,262,1,32,13499,
311.325,2551.36,51.4817,7.44087,156.685,0,102.246,1,8,-96,-10,2,44,44,10,28368386,262,1,32,13499,
312.343,2560.65,51.4817,7.44101,156.959,0,100.71,1,8,-96,-10,2,44,44,10,28368386,262,1,32,13499,
313.334,2565.16,51.4817,7.44107,159.333,4.91691,99.7723,1,10,-96,-9,2,44,43,10,28368386,262,1,32,13499,
314.324,2570,51.4817,7.44114,160.852,5.78519,98.8369,1,10,-96,-9,2,44,43,10,28368386,262,1,32,13499,
315.324,2575.39,51.4817,7.44122,161.651,6.61044,99.8199,1,3,-96,-9,2,44,44,10,28368386,262,1,32,13499,
316.32,2580.49,51.4817,7.44129,161.564,6.77666,101.89,1,3,-96,-9,2,44,44,10,28368386,262,1,32,13499,
317.329,2588.01,51.4816,7.44139,161.336,7.3059,105.454,1,-1,-97,-9,2,43,43,10,28367105,262,1,102,13499,
318.331,2595.87,51.4816,7.44149,160.994,8.21807,119.825,1,-1,-97,-9,2,43,43,10,28367105,262,1,102,13499,
319.33,2604.67,51.4816,7.4416,160.296,8.94288,120.975,1,6,-95,-9,2,45,44,10,28368386,262,1,32,13499,
320.339,2614.37,51.4815,7.44172,159.563,9.65421,122.841,1,6,-95,-9,2,45,44,10,28368386,262,1,32,13499,
321.322,2623.82,51.4815,7.44183,158.757,9.42782,124.87,1,11,-93,-8,2,47,45,10,28368386,262,1,32,13499,
322.33,2632.66,51.4814,7.44192,158.067,8.96181,127.183,1,11,-93,-8,2,47,45,10,28368386,262,1,32,13499,
323.332,2641.23,51.4814,7.44201,157.472,8.89981,128.969,1,11,-94,-9,2,46,46,10,28367105,262,1,102,13499,
324.314,2650.27,51.4813,7.4421,157.409,8.41621,132.789,1,11,-94,-9,2,46,46,10,28367105,262,1,102,13499,
325.328,2657.19,51.4813,7.44217,157.442,4.64027,136.862,1,8,-93,-8,2,47,46,10,28367105,262,1,102,13499,
326.326,2661.64,51.4812,7.44221,157.489,3.67889,136.221,1,8,-93,-8,2,47,46,10,28367105,262,1,102,13499,
327.32,2664.78,51.4812,7.44224,157.933,4.61395,137.211,1,10,-93,-7,2,47,45,10,28367105,262,1,102,13499,
328.338,2670.15,51.4812,7.44229,158.539,6.4783,136.984,1,10,-93,-7,2,47,45,10,28367105,262,1,102,13499,
329.397,2677.23,51.4811,7.44236,158.941,7.58545,135.47,1,10,-93,-7,2,47,45,10,28367105,262,1,102,13499,
330.315,2685.75,51.4811,7.44245,159.331,8.54782,134.262,1,10,-93,-7,2,47,45,10,28367105,262,1,102,13499,
331.335,2694.96,51.481,7.44255,159.686,9.333,134.969,1,18,-83,-4,15,57,53,7,28367105,262,1,102,13499,
332.341,2704.25,51.4809,7.44264,160.058,9.99026,134.143,1,18,-83,-4,15,57,53,7,28367105,262,1,102,13499,
333.328,2714.6,51.4809,7.44275,160.667,10.7887,133.482,1,19,-86,-4,11,54,52,7,28367105,262,1,102,13499,
334.336,2726.06,51.4808,7.44287,161.21,11.4848,133.319,1,19,-86,-4,11,54,52,7,28367105,262,1,102,13499,
335.326,2738.39,51.4807,7.44299,161.734,11.7005,135.468,1,13,-89,-6,8,51,48,7,28367105,262,1,102,13499,
336.353,2750.97,51.4806,7.44309,162.011,11.069,149.598,1,13,-89,-6,8,51,48,7,28367105,262,1,102,13499,
337.321,2761.02,51.4806,7.44313,162.681,10.2006,167.355,1,13,-89,-6,8,51,48,7,28367105,262,1,102,13499,
338.342,2771.22,51.4805,7.44316,163.63,10.595,170.871,1,6,-95,-7,9,45,44,7,28367105,262,1,102,13499,
339.333,2782.07,51.4804,7.44318,164.525,11.3411,172.015,1,6,-95,-7,9,45,44,7,28367105,262,1,102,13499,
340.324,2793.41,51.4803,7.4432,165.02,11.9935,169.082,1,4,-97,-9,8,43,43,7,28367105,262,1,102,13499,
341.334,2806.65,51.4802,7.44328,165.475,12.6062,153.274,1,4,-97,-9,8,43,43,7,28367105,262,1,102,13499,
342.327,2819.54,51.48,7.44336,165.89,13.199,152.907,1,3,-98,-10,8,42,43,7,28367105,262,1,102,13499,
343.356,2833.15,51.4799,7.44345,166.123,14.0974,152.399,1,3,-98,-10,8,42,43,7,28367105,262,1,102,13499,
344.342,2848.17,51.4798,7.44355,166.486,14.6827,151.75,1,3,-101,-11,8,39,40,7,28367105,262,1,102,13499,
345.324,2862.52,51.4797,7.44365,166.444,15.2534,151.484,1,3,-101,-11,8,39,40,7,28367105,262,1,102,13499,
346.328,2878.28,51.4796,7.44376,166.603,15.4,151.839,1,-2,-102,-13,4,38,42,7,28367105,262,1,102,13499,
347.334,2893.52,51.4795,7.44386,166.78,15.4747,151.439,1,-2,-102,-13,4,38,42,7,28367105,262,1,102,13499,
348.326,2908.29,51.4793,7.44397,166.864,15.4266,151.876,1,1,-98,-10,6,42,43,9,28368386,262,1,32,13499,
349.373,2923.76,51.4792,7.44407,166.876,15.5805,151.444,1,1,-98,-10,6,42,43,9,28368386,262,1,32,13499,
350.316,2939.6,51.4791,7.44418,167.074,15.7824,151.315,1,8,-97,-10,11,43,43,9,28368386,262,1,32,13499,
351.325,2955.5,51.479,7.4443,167.112,15.8624,151.512,1,8,-97,-10,11,43,43,9,28368386,262,1,32,13499,
352.318,2971.05,51.4789,7.4444,167.071,15.8532,151.644,1,5,-99,-9,9,41,40,9,28368386,262,1,32,13499,
353.33,2986.84,51.4787,7.44451,167.072,15.8326,151.976,1,5,-99,-9,9,41,40,9,28368386,262,1,32,13499,
354.326,3001.51,51.4786,7.44462,166.691,15.6351,152.023,1,2,-106,-13,5,34,37,9,28368386,262,1,32,13499,
355.322,3015.9,51.4785,7.44471,166.223,15.4285,151.634,1,2,-106,-13,5,34,37,9,28368386,262,1,32,13499,
356.331,3030.89,51.4784,7.44482,165.844,14.5689,151.004,1,0,-103,-9,6,37,37,11,28367105,262,1,102,13499,
357.332,3044.2,51.4783,7.44491,165.476,13.5084,151.252,1,0,-103,-9,6,37,37,11,28367105,262,1,102,13499,
358.328,3057.04,51.4782,7.445,165.083,12.8465,151.465,1,-1,-105,-12,7,35,38,11,28367105,262,1,102,13499,
359.341,3069.4,51.4781,7.44509,164.771,11.9069,151.869,1,-1,-105,-12,7,35,38,11,28367105,262,1,102,13499,
360.334,3080.74,51.478,7.44517,164.525,11.3266,150.957,1,0,-102,-9,6,38,37,7,28368384,262,1,31,13499,
361.341,3091.66,51.4779,7.44525,164.723,9.24142,151.551,1,0,-102,-9,6,38,37,7,28368384,262,1,31,13499,
362.322,3100.29,51.4778,7.44531,164.933,7.62282,151.407,1,6,-101,-11,10,39,40,7,28368384,262,1,31,13499,
363.337,3106.12,51.4778,7.44535,164.989,6.12026,151.368,1,6,-101,-11,10,39,40,7,28368384,262,1,31,13499,
364.323,3112.14,51.4777,7.44539,165.429,4.40222,151.386,1,3,-99,-10,6,41,40,7,28368384,262,1,31,13499,
365.327,3115.03,51.4777,7.44541,165.472,2.49518,151.209,1,3,-99,-10,6,41,40,7,28368384,262,1,31,13499,
366.326,3116.12,51.4777,7.44542,165.51,0.581608,151.209,1,3,-99,-10,6,41,40,7,28368384,262,1,31,13499,
367.341,3116.12,51.4777,7.44542,165.515,0,151.209,1,7,-97,-8,10,43,40,7,28368384,262,1,31,13499,
368.329,3116.12,51.4777,7.44542,165.522,0,151.209,1,7,-97,-8,10,43,40,7,28368384,262,1,31,13499,
369.331,3116.12,51.4777,7.44542,165.596,0,151.209,1,7,-97,-8,9,43,40,7,28368384,262,1,31,13499,
370.331,3116.12,51.4777,7.44542,165.683,0,160.1,1,7,-97,-8,9,43,40,7,28368384,262,1,31,13499,
371.33,3124.28,51.4776,7.44547,166.348,0,158.334,1,6,-97,-8,7,43,39,7,28368384,262,1,31,13499,
372.334,3133.97,51.4776,7.44553,166.987,8.62747,156.117,1,6,-97,-8,7,43,39,7,28368384,262,1,31,13499,
373.318,3145.05,51.4775,7.4456,167.711,10.3369,154.648,1,16,-98,-8,7,42,40,7,28368384,262,1,31,13499,
374.336,3155.46,51.4774,7.44568,167.776,11.3695,153.572,1,16,-98,-8,7,42,40,7,28368384,262,1,31,13499,
375.323,3166.45,51.4773,7.44575,167.248,12.5419,153.046,1,8,-97,-7,2,43,42,7,28368384,262,1,31,13499,
376.32,3179.02,51.4772,7.44584,166.419,13.5126,152.626,1,8,-97,-7,2,43,42,7,28368384,262,1,31,13499,
377.325,3192.64,51.4771,7.44594,165.535,13.6219,151.994,1,11,-96,-7,2,44,42,7,28368384,262,1,31,13499,
378.32,3206.48,51.477,7.44603,164.691,13.5598,151.42,1,11,-96,-7,2,44,42,7,28368384,262,1,31,13499,
379.333,3220.43,51.4769,7.44613,163.969,13.6504,151.65,1,4,-94,-7,2,46,43,7,28368384,262,1,31,13499,
380.327,3235.23,51.4768,7.44624,163.479,13.6695,151.513,1,4,-94,-7,2,46,43,7,28368384,262,1,31,13499,
381.355,3249.11,51.4767,7.44633,163.797,13.4314,151.462,1,0,-94,-8,2,46,44,7,28368384,262,1,31,13499,
382.318,3262.12,51.4766,7.44642,164.131,12.9792,151.248,1,0,-94,-8,2,46,44,7,28368384,262,1,31,13499,
383.344,3274.53,51.4765,7.44651,164.624,12.7148,151.808,1,10,-94,-7,2,46,44,7,29568768,262,1,415,13499,
384.333,3286.76,51.4764,7.44659,164.862,12.3163,152.079,1,10,-94,-7,2,46,44,7,29568768,262,1,415,13499,
385.345,3299.07,51.4763,7.44668,164.757,12.0938,152.01,1,11,-93,-7,2,47,45,7,29568768,262,1,415,13499,
386.329,3310.31,51.4762,7.44675,164.665,11.3071,151.71,1,11,-93,-7,2,47,45,7,29568768,262,1,415,13499,
387.332,3319.41,51.4761,7.44681,164.272,10.2437,151.87,1,11,-93,-7,2,47,45,7,29568768,262,1,415,13499,
388.334,3329.3,51.476,7.44688,164.128,9.03562,151.899,1,13,-88,-6,2,52,49,7,29568768,262,1,415,13499,
389.338,3337.99,51.476,7.44694,164.45,7.19426,151.747,1,13,-88,-6,2,52,49,7,29568768,262,1,415,13499,
390.329,3344.7,51.4759,7.44699,165.095,5.61431,151.239,1,16,-85,-6,2,55,52,7,29568768,262,1,415,13499,
391.32,3349.56,51.4759,7.44702,165.943,4.21488,151.963,1,16,-85,-6,2,55,52,7,29568768,262,1,415,13499,
392.327,3350.98,51.4758,7.44703,165.931,2.67095,151.176,1,15,-85,-6,2,55,52,7,29568768,262,1,415,13499,
393.348,3350.98,51.4758,7.44703,165.932,0,151.176,1,15,-85,-6,2,55,52,7,29568768,262,1,415,13499,
394.337,3350.98,51.4758,7.44703,165.932,0,151.176,1,14,-86,-6,2,54,52,7,29568768,262,1,415,13499,
395.314,3350.98,51.4758,7.44703,165.929,0,151.176,1,14,-86,-6,2,54,52,7,29568768,262,1,415,13499,
396.32,3350.98,51.4758,7.44703,165.924,0,151.176,1,16,-85,-6,14,55,52,10,29568768,262,1,415,13499,
397.334,3350.98,51.4758,7.44703,165.916,0,151.176,1,16,-85,-6,14,55,52,10,29568768,262,1,415,13499,
398.339,3350.98,51.4758,7.44703,165.906,0,151.176,1,30,-85,-6,14,55,53,10,29568768,262,1,415,13499,
399.33,3350.98,51.4758,7.44703,165.821,0,151.176,1,30,-85,-6,14,55,53,10,29568768,262,1,415,13499,
400.336,3350.98,51.4758,7.44703,165.746,0,158.526,1,28,-84,-5,15,56,53,10,29568768,262,1,415,13499,
401.329,3364.69,51.4757,7.44711,165.656,0,157.275,1,28,-84,-5,15,56,53,10,29568768,262,1,415,13499,
402.333,3374.4,51.4757,7.44717,165.549,9.07875,155.492,1,22,-87,-5,8,53,50,10,29568768,262,1,415,13499,
403.32,3384.98,51.4756,7.44724,165.382,10.4837,153.764,1,22,-87,-5,8,53,50,10,29568768,262,1,415,13499,
404.319,3397.05,51.4755,7.44732,165.549,11.4435,152.459,1,12,-96,-8,9,44,43,10,29568768,262,1,415,13499,
405.326,3409.42,51.4754,7.44741,165.867,12.5127,150.889,1,12,-96,-8,9,44,43,10,29568768,262,1,415,13499,
406.359,3421.97,51.4753,7.44751,166.013,13.2034,149.553,1,8,-95,-7,10,45,44,10,29568768,262,1,415,13499,
407.365,3433.7,51.4752,7.4476,165.752,13.0026,148.62,1,8,-95,-7,10,45,44,10,29568768,262,1,415,13499,
408.317,3445.52,51.4751,7.44769,165.215,12.2949,147.123,1,20,-101,-10,7,39,40,10,29568768,262,1,415,13499,
409.321,3457.2,51.475,7.44779,164.564,11.887,145.874,1,20,-101,-10,7,39,40,10,29568768,262,1,415,13499,
410.312,3469.17,51.4749,7.44789,164.11,11.3798,144.885,1,3,-97,-7,6,43,41,8,28368384,262,1,31,13499,
411.316,3480.39,51.4749,7.44799,163.712,10.8272,143.944,1,3,-97,-7,6,43,41,8,28368384,262,1,31,13499,
412.333,3491.49,51.4748,7.44809,163.462,10.3668,143.073,1,3,-97,-7,6,43,41,8,28368384,262,1,31,13499,
413.337,3501.47,51.4747,7.44819,163.321,9.96162,142.59,1,4,-96,-7,11,44,42,8,29568768,262,1,415,13499,
414.327,3510.32,51.4746,7.44827,163.263,8.61069,142.374,1,4,-96,-7,11,44,42,8,29568768,262,1,415,13499,
415.33,3518.04,51.4746,7.44834,163.255,7.14031,141.73,1,7,-96,-7,10,44,42,8,29568768,262,1,415,13499,
416.329,3523.65,51.4746,7.4484,163.312,5.2722,140.762,1,7,-96,-7,10,44,42,8,29568768,262,1,415,13499,
417.338,3527.18,51.4745,7.44843,163.353,2.80001,141.532,1,5,-97,-7,10,43,41,8,29568768,262,1,415,13499,
418.329,3529.45,51.4745,7.44845,163.42,0.861025,141.532,1,5,-97,-7,10,43,41,8,29568768,262,1,415,13499,
419.34,3530.43,51.4745,7.44847,163.492,0.521424,141.532,1,3,-98,-8,9,42,40,8,29568768,262,1,415,13499,
420.339,3532.59,51.4745,7.44849,163.552,2.43071,140.306,1,3,-98,-8,9,42,40,8,29568768,262,1,415,13499,
421.344,3535.98,51.4745,7.44852,164.274,4.25138,140.881,1,21,-96,-7,10,44,42,8,29568768,262,1,415,13499,
422.323,3540.78,51.4744,7.44857,165.002,5.64455,140.855,1,21,-96,-7,10,44,42,8,29568768,262,1,415,13499,
423.339,3548.03,51.4744,7.44863,166,7.30388,140.266,1,20,-98,-8,9,42,42,8,29568768,262,1,415,13499,
424.323,3555.48,51.4743,7.4487,167.12,7.93193,139.86,1,20,-98,-8,9,42,42,8,29568768,262,1,415,13499,
425.326,3562.33,51.4743,7.44877,167.564,8.40377,139.802,1,3,-93,-7,6,47,45,9,28368384,262,1,31,13499,
426.352,3570.77,51.4742,7.44885,167.633,9.22824,140.027,1,3,-93,-7,6,47,45,9,28368384,262,1,31,13499,
427.338,3580.83,51.4742,7.44894,167.629,10.1403,139.412,1,5,-92,-7,11,48,46,9,28368384,262,1,31,13499,
428.317,3591.3,51.4741,7.44904,167.527,10.6999,139.067,1,5,-92,-7,11,48,46,9,28368384,262,1,31,13499,
429.328,3602.49,51.474,7.44914,167.76,10.5654,138.528,1,9,-90,-7,10,50,47,9,28368384,262,1,31,13499,
430.328,3612.39,51.474,7.44924,167.702,10.6926,137.699,1,9,-90,-7,10,50,47,9,28368384,262,1,31,13499,
431.328,3622.78,51.4739,7.44934,167.554,11.25,136.653,1,13,-81,-7,14,59,58,7,29568768,262,1,415,13499,
432.332,3634.13,51.4738,7.44946,167.362,11.63,135.692,1,13,-81,-7,14,59,58,7,29568768,262,1,415,13499,
433.352,3645.44,51.4737,7.44958,167.273,11.9439,134.446,1,17,-80,-6,14,60,59,7,29568768,262,1,415,13499,
434.324,3657.77,51.4737,7.4497,167.31,12.5803,133.254,1,17,-80,-6,14,60,59,7,29568768,262,1,415,13499,
435.327,3670.8,51.4736,7.44984,167.024,12.7557,132.134,1,17,-80,-6,14,60,59,7,29568768,262,1,415,13499,
436.52,3684.11,51.4735,7.44999,166.945,12.3868,130.893,1,23,-84,-6,10,56,55,7,29568768,262,1,415,13499,
437.315,3696.88,51.4734,7.45014,167.036,11.9204,129.511,1,23,-84,-6,10,56,55,7,29568768,262,1,415,13499,
438.322,3708.25,51.4734,7.45027,167.318,11.0981,127.993,1,21,-85,-6,11,55,53,7,29568768,262,1,415,13499,
439.334,3718.33,51.4733,7.45038,167.508,9.41301,126.826,1,21,-85,-6,11,55,53,7,29568768,262,1,415,13499,
440.344,3727.8,51.4733,7.4505,167.666,8.79057,125.809,1,24,-84,-6,11,56,54,7,29568768,262,1,415,13499,
441.336,3736.64,51.4732,7.4506,167.807,9.32524,124.455,1,24,-84,-6,11,56,54,7,29568768,262,1,415,13499,
442.318,3746.77,51.4732,7.45073,167.819,10.7104,123.459,1,14,-82,-6,11,58,56,7,29568768,262,1,415,13499,
443.348,3758.07,51.4731,7.45087,167.908,11.7778,122.608,1,14,-82,-6,11,58,56,7,29568768,262,1,415,13499,
444.315,3770.5,51.4731,7.45103,167.842,12.9366,121.11,1,26,-77,-5,15,63,59,7,29568768,262,1,415,13499,
445.32,3784.14,51.473,7.4512,167.767,13.9116,119.446,1,26,-77,-5,15,63,59,7,29568768,262,1,415,13499,
446.339,3799.6,51.473,7.4514,167.755,14.7942,117.644,1,18,-73,-6,14,67,62,7,29568768,262,1,415,13499,
447.336,3814.55,51.4729,7.4516,167.754,15.6117,116.015,1,18,-73,-6,14,67,62,7,29568768,262,1,415,13499,
448.313,3830.08,51.4729,7.4518,167.771,16.3683,114.274,1,22,-84,-6,12,56,52,7,29568768,262,1,415,13499,
449.338,3846.52,51.4728,7.45203,167.702,16.7801,112.294,1,22,-84,-6,12,56,52,7,29568768,262,1,415,13499,
450.319,3863.15,51.4728,7.45226,167.692,16.7726,110.516,1,24,-76,-5,15,64,60,7,29568768,262,1,415,13499,
451.34,3880.06,51.4727,7.45249,167.708,16.5309,108.784,1,24,-76,-5,15,64,60,7,29568768,262,1,415,13499,
452.314,3896.43,51.4727,7.45272,167.709,16.2703,107.139,1,26,-76,-5,15,64,62,7,29568768,262,1,415,13499,
453.339,3912.16,51.4726,7.45294,167.674,16.071,106.128,1,26,-76,-5,15,64,62,7,29568768,262,1,415,13499,
454.334,3927.87,51.4726,7.45316,167.798,15.9765,105.188,1,24,-76,-5,2,64,59,7,29568768,262,1,415,13499,
455.327,3944.16,51.4726,7.45339,167.884,16.2024,104.85,1,24,-76,-5,2,64,59,7,29568768,262,1,415,13499,
456.321,3960.43,51.4725,7.45362,167.884,16.4387,104.787,1,21,-78,-6,2,62,59,7,29568768,262,1,415,13499,
457.328,3977.33,51.4725,7.45386,167.784,16.6772,104.982,1,21,-78,-6,2,62,59,7,29568768,262,1,415,13499,
458.33,3994.24,51.4725,7.45409,167.703,16.9091,105.348,1,21,-78,-6,2,62,59,7,29568768,262,1,415,13499,
459.338,4011.12,51.4724,7.45433,167.6,17.0213,106.118,1,23,-82,-6,2,58,56,7,29568768,262,1,415,13499,
460.332,4027.86,51.4724,7.45456,167.493,16.7958,106.932,1,23,-82,-6,2,58,56,7,29568768,262,1,415,13499,
461.314,4044.06,51.4724,7.45479,167.401,16.4272,107.433,1,22,-82,-6,2,58,55,7,29568768,262,1,415,13499,
462.314,4060.19,51.4723,7.45501,167.309,16.1109,108.069,1,22,-82,-6,2,58,55,7,29568768,262,1,415,13499,
463.326,4076.19,51.4723,7.45523,167.152,15.9363,108.674,1,24,-81,-6,2,59,56,7,29568768,262,1,415,13499,
464.34,4092.02,51.4722,7.45544,166.938,15.8253,109.519,1,24,-81,-6,2,59,56,7,29568768,262,1,415,13499,
465.341,4107.45,51.4722,7.45565,166.308,15.9836,110.33,1,16,-80,-6,2,60,56,7,29568768,262,1,415,13499,
466.32,4123.55,51.4721,7.45586,165.619,16.2665,111.049,1,16,-80,-6,2,60,56,7,29568768,262,1,415,13499,
467.327,4140.57,51.472,7.45609,165.062,16.1919,112.028,1,16,-81,-5,2,59,55,7,29568768,262,1,415,13499,
468.35,4156.95,51.472,7.45631,164.62,15.9509,112.769,1,16,-81,-5,2,59,55,7,29568768,262,1,415,13499,
469.34,4172.8,51.4719,7.45652,164.266,15.7741,113.485,1,16,-84,-5,2,56,53,7,29568768,262,1,415,13499,
470.325,4188.38,51.4719,7.45672,163.972,15.6269,114.009,1,16,-84,-5,2,56,53,7,29568768,262,1,415,13499,
471.334,4203.79,51.4718,7.45692,163.749,15.372,114.448,1,18,-85,-6,2,55,51,7,29568768,262,1,415,13499,
472.336,4218.91,51.4718,7.45712,163.506,15.2239,114.852,1,18,-85,-6,2,55,51,7,29568768,262,1,415,13499,
473.349,4234.02,51.4717,7.45732,163.362,15.0476,115.302,1,16,-86,-6,2,54,51,7,29568768,262,1,415,13499,
474.333,4248.9,51.4716,7.45751,163.292,15.0204,115.902,1,16,-86,-6,2,54,51,7,29568768,262,1,415,13499,
475.382,4263.68,51.4716,7.4577,163.307,15.0014,116.607,1,19,-87,-6,2,53,50,7,29568768,262,1,415,13499,
476.335,4278.52,51.4715,7.45789,163.299,14.9803,117.064,1,19,-87,-6,2,53,50,7,29568768,262,1,415,13499,
477.337,4293.29,51.4714,7.45808,163.222,14.9746,116.211,1,20,-85,-6,12,55,53,4,29568768,262,1,415,13499,
478.327,4308.35,51.4714,7.45827,163.189,14.7195,115.649,1,20,-85,-6,12,55,53,4,29568768,262,1,415,13499,
479.336,4322.61,51.4713,7.45846,163.065,13.7789,114.983,1,20,-85,-6,12,55,53,4,29568768,262,1,415,13499,
480.342,4335.85,51.4713,7.45863,162.868,12.6212,115.231,1,28,-84,-6,13,56,54,4,29568768,262,1,415,13499,
481.327,4347.97,51.4712,7.45879,162.696,11.44,115.836,1,28,-84,-6,13,56,54,4,29568768,262,1,415,13499,
482.338,4358.41,51.4712,7.45892,162.467,9.83429,116.392,1,19,-91,-8,13,49,46,4,29568768,262,1,415,13499,
483.341,4367.63,51.4712,7.45904,162.161,8.69736,115.756,1,19,-91,-8,13,49,46,4,29568768,262,1,415,13499,
484.328,4375.79,51.4711,7.45915,162.001,7.22052,115.742,1,22,-90,-9,10,50,51,4,29568768,262,1,415,13499,
485.315,4382.4,51.4711,7.45923,161.893,5.92886,116.162,1,22,-90,-9,10,50,51,4,29568768,262,1,415,13499,
486.336,4387.7,51.4711,7.4593,161.682,4.97484,116.004,1,22,-91,-9,14,49,48,4,29568768,262,1,415,13499,
487.327,4392.86,51.4711,7.45937,161.591,4.91493,116.355,1,22,-91,-9,14,49,48,4,29568768,262,1,415,13499,
488.326,4397.84,51.471,7.45943,161.704,4.83416,117.154,1,21,-94,-10,11,46,46,4,29568768,262,1,415,13499,
489.35,4404.47,51.471,7.45952,162.003,6.00941,116.798,1,21,-94,-10,11,46,46,4,29568768,262,1,415,13499,
490.32,4411.14,51.471,7.45961,162.323,7.1257,117.36,1,18,-94,-10,11,46,47,4,29568768,262,1,415,13499,
491.334,4418.46,51.471,7.4597,162.537,7.55646,117.283,1,18,-94,-10,11,46,47,4,29568768,262,1,415,13499,
492.319,4427.36,51.4709,7.45982,162.524,9.46889,116.048,1,6,-90,-11,2,50,53,4,29568768,262,1,415,13499,
493.324,4437.21,51.4709,7.45995,162.591,10.6937,114.705,1,6,-90,-11,2,50,53,4,29568768,262,1,415,13499,
494.357,4448.1,51.4708,7.46009,162.647,11.5892,113.299,1,2,-94,-9,2,46,47,4,29568769,262,1,416,13499,
495.326,4460.15,51.4708,7.46025,162.502,12.4996,112.532,1,2,-94,-9,2,46,47,4,29568769,262,1,416,13499,
496.335,4473.15,51.4708,7.46042,162.153,13.3698,112.111,1,3,-94,-10,2,46,47,4,29568769,262,1,416,13499,
497.327,4486.5,51.4707,7.4606,161.667,14.1405,112.847,1,3,-94,-10,2,46,47,4,29568769,262,1,416,13499,
498.334,4501.2,51.4707,7.4608,161.458,14.8296,113.461,1,10,-96,-10,2,44,46,4,29568769,262,1,416,13499,
499.314,4516.03,51.4706,7.46099,161.123,15.6543,113.886,1,10,-96,-10,2,44,46,4,29568769,262,1,416,13499,
500.334,4531.72,51.4705,7.4612,160.789,16.2497,114.411,1,10,-96,-10,2,44,46,4,29568769,262,1,416,13499,
501.319,4547.65,51.4705,7.46141,160.609,16.0305,115.24,1,2,-95,-10,2,45,46,4,29568769,262,1,416,13499,
502.321,4563.71,51.4704,7.46162,160.655,15.8675,115.037,1,2,-95,-10,2,45,46,4,29568769,262,1,416,13499,
503.328,4580.12,51.4704,7.46184,160.636,16.0723,115.377,1,-1,-94,-10,2,46,47,4,29568769,262,1,416,13499,
504.347,4595.36,51.4703,7.46203,160.482,16.367,116.243,1,-1,-94,-10,2,46,47,4,29568769,262,1,416,13499,
505.315,4612.31,51.4702,7.46225,160.162,16.4897,115.84,1,-3,-99,-12,2,41,45,4,29568769,262,1,416,13499,
506.322,4628.6,51.4702,7.46247,159.916,16.4856,115.43,1,-3,-99,-12,2,41,45,4,29568769,262,1,416,13499,
507.334,4644.61,51.4701,7.46267,159.824,15.5996,115.917,1,6,-99,-11,2,41,43,4,26378498,262,1,495,13499,
508.315,4660.36,51.47,7.46288,159.713,14.9618,114.981,1,6,-99,-11,2,41,43,4,26378498,262,1,495,13499,
509.336,4675.36,51.47,7.46308,159.525,14.7612,114.965,1,-1,-99,-10,2,41,42,4,26378498,262,1,495,13499,
510.34,4690.05,51.4699,7.46327,159.648,15.0735,114.527,1,-1,-99,-10,2,41,42,4,26378498,262,1,495,13499,
511.328,4704.94,51.4699,7.46347,159.675,15.2073,113.975,1,4,-101,-12,2,39,42,4,26378498,262,1,495,13499,
512.331,4719.86,51.4698,7.46366,159.546,15.3677,113.506,1,4,-101,-12,2,39,42,4,26378498,262,1,495,13499,
513.314,4734.71,51.4698,7.46386,159.448,15.9003,112.139,1,7,-100,-11,2,40,43,4,26378498,262,1,495,13499,
514.31,4750.28,51.4697,7.46407,159.369,16.3175,111.029,1,7,-100,-11,2,40,43,4,26378498,262,1,495,13499,
515.336,4766.34,51.4697,7.46429,159.297,16.6879,109.465,1,8,-99,-10,2,41,43,4,26378498,262,1,495,13499,
516.342,4783.3,51.4696,7.46452,159.114,17.1253,108.351,1,8,-99,-10,2,41,43,4,26378498,262,1,495,13499,
517.331,4801.16,51.4696,7.46477,158.815,17.5257,107,1,8,-100,-9,6,40,40,12,26378498,262,1,495,13499,
518.315,4818.4,51.4695,7.46501,158.424,17.6231,105.61,1,8,-100,-9,6,40,40,12,26378498,262,1,495,13499,
519.335,4836.67,51.4695,7.46527,158.157,18.2184,103.341,1,0,-99,-9,6,41,41,12,26378498,262,1,495,13499,
520.313,4855.78,51.4695,7.46554,158.003,18.5568,101.461,1,0,-99,-9,6,41,41,12,26378498,262,1,495,13499,
521.325,4875,51.4695,7.46582,157.897,18.8589,99.2705,1,0,-96,-8,6,44,43,14,29401601,262,1,430,13499,
522.314,4894.17,51.4694,7.46609,157.77,19.2411,97.4448,1,0,-96,-8,6,44,43,14,29401601,262,1,430,13499,
523.322,4912.77,51.4694,7.46636,157.353,19.6455,95.798,1,0,-96,-8,6,44,43,14,29401601,262,1,430,13499,
524.334,4933.06,51.4694,7.46665,156.896,19.9484,93.7651,1,4,-95,-7,10,45,44,14,29401601,262,1,430,13499,
525.324,4953.07,51.4694,7.46694,156.586,20.3248,91.5249,1,4,-95,-7,10,45,44,14,29401601,262,1,430,13499,
526.343,4974.35,51.4694,7.46725,156.711,20.7518,85.8703,1,13,-92,-7,9,48,46,14,29401601,262,1,430,13499,
527.33,4994.43,51.4695,7.46754,157.016,20.7606,85.1547,1,13,-92,-7,9,48,46,14,29401601,262,1,430,13499,
528.335,5014.43,51.4695,7.46782,157.175,20.7145,82.4287,1,5,-98,-9,8,42,42,14,29401601,262,1,430,13499,
529.326,5034.8,51.4695,7.46811,157.378,20.7566,81.967,1,5,-98,-9,8,42,42,14,29401601,262,1,430,13499,
530.337,5056.23,51.4696,7.46842,157.602,20.6191,81.7479,1,8,-98,-8,9,42,42,14,29401601,262,1,430,13499,
531.314,5077.34,51.4696,7.46872,158.233,20.5455,81.7776,1,8,-98,-8,9,42,42,14,29401601,262,1,430,13499,
532.345,5098.26,51.4696,7.46902,159.069,20.6464,80.3621,1,5,-101,-9,8,39,39,14,29401601,262,1,430,13499,
533.338,5118.73,51.4697,7.46931,159.699,20.8121,80.0332,1,5,-101,-9,8,39,39,14,29401601,262,1,430,13499,
534.321,5139.27,51.4697,7.4696,160.14,20.7615,80.2704,1,6,-103,-11,5,37,40,14,29401601,262,1,430,13499,
535.339,5159.72,51.4697,7.46989,160.467,20.611,80.8742,1,6,-103,-11,5,37,40,14,29401601,262,1,430,13499,
536.355,5180.5,51.4698,7.47019,160.657,20.3408,81.8671,1,5,-97,-9,8,43,43,16,29401601,262,1,430,13499,
537.325,5201.2,51.4698,7.47048,160.946,20.008,84.4708,1,5,-97,-9,8,43,43,16,29401601,262,1,430,13499,
538.325,5221.41,51.4698,7.47077,161.406,20.382,84.6585,1,5,-97,-9,5,43,43,16,29401601,262,1,430,13499,
539.358,5242.14,51.4698,7.47107,161.896,20.8094,85.3961,1,5,-97,-9,5,43,43,16,29401601,262,1,430,13499,
540.33,5262.91,51.4698,7.47137,162.413,20.6188,88.7904,1,5,-97,-8,6,43,42,16,29401601,262,1,430,13499,
541.326,5283.47,51.4698,7.47167,163.22,20.4354,91.0358,1,5,-97,-8,6,43,42,16,29401601,262,1,430,13499,
542.334,5304.64,51.4698,7.47197,164.083,20.4997,92.0902,1,5,-100,-10,6,40,41,16,29401601,262,1,430,13499,
543.321,5325.02,51.4698,7.47227,164.61,20.1613,94.0356,1,5,-100,-10,6,40,41,16,29401601,262,1,430,13499,
544.443,5344.67,51.4698,7.47255,165.316,19.7506,96.3135,1,2,-100,-10,5,40,41,16,29401601,262,1,430,13499,
545.323,5362.48,51.4698,7.4728,166.006,18.8097,100.376,1,2,-100,-10,5,40,41,16,29401601,262,1,430,13499,
546.339,5381.54,51.4697,7.47307,166.798,19.186,99.3861,1,0,-101,-12,7,39,43,16,29401601,262,1,430,13499,
547.334,5400.97,51.4697,7.47335,167.541,19.6525,99.1514,1,0,-101,-12,7,39,43,16,29401601,262,1,430,13499,
548.35,5420.23,51.4697,7.47363,168.181,18.9978,99.893,1,0,-101,-12,6,39,42,16,29401601,262,1,430,13499,
549.333,5439.24,51.4697,7.4739,168.908,19.0137,99.6978,1,0,-101,-12,6,39,42,16,29401601,262,1,430,13499,
550.359,5459.33,51.4696,7.47418,169.288,19.5467,98.8899,1,0,-101,-12,6,39,42,16,29401601,262,1,430,13499,
551.319,5479.2,51.4696,7.47447,169.933,19.3842,98.2444,1,-3,-103,-14,4,37,42,16,29401601,262,1,430,13499,
552.328,5499.79,51.4696,7.47476,170.252,19.2461,97.782,1,-3,-103,-14,4,37,42,16,29401601,262,1,430,13499,
553.335,5518.86,51.4696,7.47504,170.304,18.666,97.4477,1,-5,-106,-15,4,34,41,16,29401601,262,1,430,13499,
554.314,5537.03,51.4695,7.4753,170.388,18.8621,96.6652,1,-5,-106,-15,4,34,41,16,29401601,262,1,430,13499,
555.335,5555.07,51.4695,7.47556,170.76,18.9776,95.8004,1,-7,-99,-11,6,41,43,8,26378497,262,1,496,13499,
556.356,5574.09,51.4695,7.47583,170.999,18.872,94.6392,1,-7,-99,-11,6,41,43,8,26378497,262,1,496,13499,
557.324,5592.94,51.4695,7.4761,171.283,17.84,93.2704,1,2,-99,-11,6,41,43,8,26378497,262,1,496,13499,
558.339,5610.7,51.4695,7.47636,171.662,17.1846,92.088,1,2,-99,-11,6,41,43,8,26378497,262,1,496,13499,
559.319,5629.55,51.4695,7.47663,171.909,16.3806,90.9538,1,1,-101,-12,6,39,42,8,26378497,262,1,496,13499,
560.321,5645.65,51.4695,7.47687,172.728,15.9846,89.388,1,1,-101,-12,6,39,42,8,26378497,262,1,496,13499,
561.336,5662.52,51.4695,7.47711,173.352,16.8063,87.0815,1,-2,-101,-13,5,39,44,8,26378497,262,1,496,13499,
562.351,5679.09,51.4696,7.47735,174.013,16.6832,85.6114,1,-2,-101,-13,5,39,44,8,26378497,262,1,496,13499,
563.325,5695.08,51.4696,7.47757,174.582,16.6114,84.0328,1,-3,-100,-14,5,40,45,8,26378497,262,1,496,13499,
564.324,5711.3,51.4696,7.4778,175.073,16.6647,81.5753,1,-3,-100,-14,5,40,45,8,26378497,262,1,496,13499,
565.314,5728.22,51.4696,7.47804,175.533,17.2161,78.6172,1,-3,-97,-12,6,43,47,8,26378497,262,1,496,13499,
566.338,5744.41,51.4697,7.47827,176.015,16.3839,77.6391,1,-3,-97,-12,6,43,47,8,26378497,262,1,496,13499,
567.311,5760.29,51.4697,7.4785,176.039,15.7069,77.2104,1,8,-94,-10,10,46,47,8,26378497,262,1,496,13499,
568.329,5776.29,51.4697,7.47872,175.83,15.0025,77.0718,1,8,-94,-10,10,46,47,8,26378497,262,1,496,13499,
569.328,5791.02,51.4698,7.47893,175.53,14.742,76.1834,1,13,-91,-7,10,49,48,8,26378497,262,1,496,13499,
570.339,5805.5,51.4698,7.47913,175.022,14.8166,75.4861,1,13,-91,-7,10,49,48,8,26378497,262,1,496,13499,
571.345,5820.33,51.4698,7.47934,174.178,14.6241,74.867,1,18,-82,-6,2,58,53,8,26378497,262,1,496,13499,
572.334,5834.62,51.4699,7.47954,173.148,14.3405,74.1939,1,18,-82,-6,2,58,53,8,26378497,262,1,496,13499,
573.316,5849.12,51.4699,7.47974,172.246,14.465,73.6559,1,18,-82,-6,2,58,53,8,26378497,262,1,496,13499,
574.315,5863.93,51.4699,7.47994,171.415,14.9632,73.0167,1,20,-81,-6,2,59,53,8,26378497,262,1,496,13499,
575.324,5879.32,51.47,7.48015,170.814,15.3952,72.4496,1,20,-81,-6,2,59,53,8,26378497,262,1,496,13499,
576.33,5895.74,51.47,7.48038,170.881,16.0532,71.8188,1,16,-80,-7,11,60,55,8,26378497,262,1,496,13499,
577.333,5911.29,51.4701,7.48059,170.919,15.6782,71.409,1,16,-80,-7,11,60,55,8,26378497,262,1,496,13499,
578.38,5927.17,51.4701,7.48081,171.061,15.1186,71.7681,1,22,-86,-6,11,54,49,8,26378497,262,1,496,13499,
579.323,5941.31,51.4702,7.481,171.298,13.4887,72.6215,1,22,-86,-6,11,54,49,8,26378497,262,1,496,13499,
580.342,5953.85,51.4702,7.48117,171.44,12.3602,73.079,1,19,-83,-6,11,57,51,8,26378497,262,1,496,13499,
581.335,5964.94,51.4702,7.48132,171.84,10.833,73.6284,1,19,-83,-6,11,57,51,8,26378497,262,1,496,13499,
582.325,5974.81,51.4703,7.48146,171.998,8.06713,76.4427,1,25,-89,-6,11,51,48,8,26378497,262,1,496,13499,
583.332,5981.18,51.4703,7.48155,172.219,6.50517,103.435,1,25,-89,-6,11,51,48,8,26378497,262,1,496,13499,
584.333,5987.23,51.4702,7.48162,172.957,7.00113,135.64,1,20,-90,-7,9,50,48,8,26378497,262,1,496,13499,
585.333,5993.66,51.4702,7.48167,174.566,8.27207,154.035,1,20,-90,-7,9,50,48,8,26378497,262,1,496,13499,
586.34,6001.53,51.4701,7.48172,175.71,9.54109,157.092,1,21,-90,-6,8,50,47,8,26378497,262,1,496,13499,
587.32,6009.88,51.47,7.48176,176.16,9.98301,159.364,1,21,-90,-6,8,50,47,8,26378497,262,1,496,13499,
588.319,6019.69,51.47,7.48181,176.215,9.71675,160.848,1,19,-91,-7,7,49,47,8,26378497,262,1,496,13499,
589.333,6030.22,51.4699,7.48186,176.507,10.5666,162.124,1,19,-91,-7,7,49,47,8,26378497,262,1,496,13499,
590.34,6042.22,51.4698,7.48191,176.866,11.6204,163.052,1,7,-90,-6,6,50,48,8,26378497,262,1,496,13499,
591.342,6055.11,51.4696,7.48195,177.788,12.2067,163.996,1,7,-90,-6,6,50,48,8,26378497,262,1,496,13499,
592.334,6067.45,51.4695,7.48199,178.478,13.661,165.555,1,18,-91,-7,6,49,47,8,26378497,262,1,496,13499,
593.35,6081,51.4694,7.48203,178.896,14.3108,165.071,1,18,-91,-7,6,49,47,8,26378497,262,1,496,13499,
594.339,6094.53,51.4693,7.48208,179.179,13.7875,164.195,1,24,-92,-7,7,48,47,8,26378497,262,1,496,13499,
595.347,6111.4,51.4692,7.48214,179.105,15.001,165.121,1,24,-92,-7,7,48,47,8,26378497,262,1,496,13499,
596.327,6126.92,51.469,7.4822,179.037,14.0078,165.576,1,5,-93,-8,10,47,46,10,26378497,262,1,496,13499,
597.33,6141.9,51.4689,7.48225,178.868,14.5186,166.218,1,5,-93,-8,10,47,46,10,26378497,262,1,496,13499,
598.336,6155.99,51.4688,7.4823,178.884,14.0371,165.688,1,23,-93,-8,10,47,46,10,26378497,262,1,496,13499,
599.321,6170.28,51.4686,7.48234,179.129,13.7841,164.982,1,23,-93,-8,10,47,46,10,26378497,262,1,496,13499,
600.319,6183.49,51.4685,7.48239,179.512,13.4959,164.044,1,23,-93,-8,10,47,46,10,26378497,262,1,496,13499,
601.318,6197.14,51.4684,7.48244,179.702,12.6989,163.201,1,21,-94,-8,11,46,45,10,26378497,262,1,496,13499,
602.335,6211.74,51.4683,7.48249,179.882,13.717,164.086,1,21,-94,-8,11,46,45,10,26378497,262,1,496,13499,
603.339,6225.12,51.4682,7.48254,179.947,14.0435,164.967,1,8,-98,-8,8,42,41,10,26378497,262,1,496,13499,
604.319,6239.09,51.468,7.48259,179.843,13.5433,165.337,1,8,-98,-8,8,42,41,10,26378497,262,1,496,13499,
605.329,6253.69,51.4679,7.48263,179.79,13.8117,166.586,1,8,-101,-10,9,39,40,10,26378497,262,1,496,13499,
606.326,6268.2,51.4678,7.48267,179.874,13.9273,167.981,1,8,-101,-10,9,39,40,10,26378497,262,1,496,13499,
607.328,6282.13,51.4677,7.48271,179.546,14.2987,168.911,1,-1,-103,-12,7,37,40,10,26378497,262,1,496,13499,
608.36,6295.77,51.4675,7.48274,178.885,14.432,170.519,1,-1,-103,-12,7,37,40,10,26378497,262,1,496,13499,
609.331,6310.26,51.4674,7.48276,178.264,14.9763,172.733,1,16,-103,-9,8,37,37,10,26378497,262,1,496,13499,
610.334,6325,51.4673,7.48277,177.718,15.1881,175.108,1,16,-103,-9,8,37,37,10,26378497,262,1,496,13499,
611.317,6339.91,51.4671,7.48277,177.422,14.9479,177.162,1,-1,-104,-13,2,36,40,10,26378497,262,1,496,13499,
612.33,6355.15,51.467,7.48277,177.033,15.0662,179.669,1,-1,-104,-13,2,36,40,10,26378497,262,1,496,13499,
613.333,6371.22,51.4669,7.48274,176.9,14.7844,182.41,1,4,-101,-8,2,39,38,10,28371200,262,1,68,13499,
614.332,6386.35,51.4667,7.48271,176.855,14.7683,185.483,1,4,-101,-8,2,39,38,10,28371200,262,1,68,13499,
615.326,6399.97,51.4666,7.48266,177.132,14.5723,188.703,1,8,-100,-7,2,40,39,10,28371200,262,1,68,13499,
616.348,6414.62,51.4665,7.48261,177.422,14.9933,190.849,1,8,-100,-7,2,40,39,10,28371200,262,1,68,13499,
617.316,6431.19,51.4663,7.48255,177.638,14.8434,193.724,1,12,-99,-8,2,41,41,10,28371200,262,1,68,13499,
618.329,6447.47,51.4662,7.48247,177.646,14.0863,197.574,1,12,-99,-8,2,41,41,10,28371200,262,1,68,13499,
619.332,6463.47,51.4661,7.48239,177.558,14.5307,196.844,1,3,-99,-9,2,41,42,10,28371200,262,1,68,13499,
620.339,6478.48,51.4659,7.48233,175.767,16.1186,195.728,1,3,-99,-9,2,41,42,10,28371200,262,1,68,13499,
621.327,6495.34,51.4658,7.48234,174.554,17.9898,176.491,1,2,-105,-10,2,35,35,10,30492930,262,1,9,13499,
622.327,6512.45,51.4656,7.48233,173.649,18.38,177.295,1,2,-105,-10,2,35,35,10,30492930,262,1,9,13499,
623.32,6526.74,51.4655,7.48222,173.854,14.712,202.706,1,1,-108,-9,2,32,31,10,30492930,262,1,9,13499,
624.334,6542.67,51.4654,7.4821,173.747,14.7222,202.068,1,1,-108,-9,2,32,31,10,30492930,262,1,9,13499,
625.33,6560.06,51.4653,7.48196,174.181,15.4192,202.389,1,1,-106,-11,2,34,36,10,30492930,262,1,9,13499,
626.336,6574.94,51.4652,7.48183,174.574,15.0969,203.135,1,1,-106,-11,2,34,36,10,30492930,262,1,9,13499,
627.336,6590.97,51.465,7.48171,174.457,15.1513,202.407,1,1,-106,-11,2,34,36,10,30492930,262,1,9,13499,
628.34,6606.6,51.4649,7.48161,174.325,14.0328,200.862,1,-2,-102,-11,2,38,41,10,30492930,262,1,9,13499,
629.334,6620.37,51.4648,7.48153,174.232,14.5988,200.11,1,-2,-102,-11,2,38,41,10,30492930,262,1,9,13499,
630.341,6634.93,51.4647,7.48145,174.065,14.937,199.706,1,7,-102,-9,2,38,38,10,26378497,262,1,496,13499,
631.329,6650.13,51.4645,7.48137,173.976,15.4299,199.152,1,7,-102,-9,2,38,38,10,26378497,262,1,496,13499,
632.337,6665.83,51.4644,7.48128,174.386,15.6052,198.712,1,4,-102,-9,2,38,38,10,26378497,262,1,496,13499,
633.33,6680.95,51.4643,7.48122,174.843,14.8708,197.966,1,4,-102,-9,2,38,38,10,26378497,262,1,496,13499,
634.295,6695.76,51.4642,7.48115,175.259,15.0182,197.258,1,-3,-105,-10,2,35,37,10,26378497,262,1,496,13499,
635.326,6710.29,51.464,7.48108,175.595,14.6089,196.965,1,-3,-105,-10,2,35,37,10,26378497,262,1,496,13499,
636.318,6724.9,51.4639,7.48102,176.252,14.6225,196.386,1,-3,-105,-9,9,35,36,16,28371200,262,1,68,13499,
637.317,6741.16,51.4638,7.48095,177.115,15.1579,195.922,1,-3,-105,-9,9,35,36,16,28371200,262,1,68,13499,
638.315,6755.78,51.4636,7.48089,177.652,15.5043,196.036,1,3,-110,-10,7,30,32,16,28371200,262,1,68,13499,
639.316,6770.4,51.4635,7.48084,178.671,15.0628,196.323,1,3,-110,-10,7,30,32,16,28371200,262,1,68,13499,
640.335,6785.08,51.4634,7.48079,179.699,14.5552,195.95,1,-1,-112,-11,4,28,31,16,28371200,262,1,68,13499,
641.331,6798.84,51.4633,7.48073,180.237,14.1297,196.543,1,-1,-112,-11,4,28,31,16,28371200,262,1,68,13499,
642.333,6812.89,51.4631,7.48068,180.687,13.6774,196.651,1,0,-111,-11,6,29,31,15,28371206,262,1,68,13499,
643.316,6826.25,51.463,7.48062,181.06,13.2291,196.316,1,0,-111,-11,6,29,31,15,28371206,262,1,68,13499,
644.338,6839.14,51.4629,7.48057,181.257,12.4012,195.728,1,-3,-100,-10,2,40,34,15,28371206,262,1,129,13499,
645.32,6851.4,51.4628,7.48052,181.476,11.5026,195.215,1,-3,-100,-10,2,40,34,15,28371206,262,1,129,13499,
646.423,6862.38,51.4627,7.48047,181.855,10.5535,195.806,1,2,-96,-9,9,44,38,15,28371206,262,1,129,13499,
647.325,6872.32,51.4626,7.48043,182.276,9.54913,195.545,1,2,-96,-9,9,44,38,15,28371206,262,1,129,13499,
648.373,6880.28,51.4626,7.48039,182.428,8.3511,196.116,1,-1,-97,-11,8,43,37,15,28371206,262,1,129,13499,
649.323,6887.52,51.4625,7.48037,182.482,6.73757,195.739,1,-1,-97,-11,8,43,37,15,28371206,262,1,129,13499,
650.337,6893.41,51.4625,7.48035,182.517,5.33406,195.249,1,-1,-97,-11,8,43,37,15,28371206,262,1,129,13499,
651.345,6899.31,51.4624,7.48033,182.478,4.32885,195.531,1,3,-94,-7,9,46,37,25,29568778,262,1,353,13499,
652.336,6903.17,51.4624,7.48031,182.477,2.783,194.546,1,3,-94,-7,9,46,37,25,29568778,262,1,353,13499,
653.32,6905.1,51.4624,7.4803,182.5,1.59017,194.3,1,4,-98,-10,8,42,36,25,29568778,262,1,353,13499,
654.328,6905.28,51.4624,7.4803,182.518,0.339667,194.3,1,4,-98,-10,8,42,36,25,29568778,262,1,353,13499,
655.342,6905.28,51.4624,7.4803,182.52,0,194.3,1,2,-99,-10,9,41,33,25,29568778,262,1,353,13499,
656.335,6905.28,51.4624,7.4803,182.524,0,194.3,1,2,-99,-10,9,41,33,25,29568778,262,1,353,13499,
657.318,6905.28,51.4624,7.4803,182.528,0,194.3,1,2,-97,-10,9,43,33,25,29568778,262,1,353,13499,
658.32,6905.28,51.4624,7.4803,182.534,0,194.3,1,2,-97,-10,9,43,33,25,29568778,262,1,353,13499,
659.326,6905.28,51.4624,7.4803,182.54,0,194.3,1,4,-98,-10,8,42,34,25,29568778,262,1,353,13499,
660.352,6905.28,51.4624,7.4803,182.598,0,194.3,1,4,-98,-10,8,42,34,25,29568778,262,1,353,13499,
661.288,6905.28,51.4624,7.4803,182.667,0,192.773,1,6,-98,-11,6,42,35,25,29568778,262,1,353,13499,
662.322,6913.08,51.4623,7.48028,182.768,0,193.496,1,6,-98,-11,6,42,35,25,29568778,262,1,353,13499,
663.341,6917.61,51.4622,7.48026,183.494,4.5494,194.649,1,2,-99,-9,8,41,34,25,29568778,262,1,353,13499,
664.316,6921.62,51.4622,7.48025,183.556,3.51765,195.231,1,2,-99,-9,8,41,34,25,29568778,262,1,353,13499,
665.352,6924.16,51.4622,7.48024,183.655,2.4567,196.436,1,2,-102,-11,6,38,32,25,29568778,262,1,353,13499,
666.335,6924.63,51.4622,7.48024,183.712,1.48371,196.436,1,2,-102,-11,6,38,32,25,29568778,262,1,353,13499,
667.316,6924.63,51.4622,7.48024,183.713,0,196.436,1,16,-98,-8,8,42,35,25,29568778,262,1,353,13499,
668.325,6924.63,51.4622,7.48024,183.712,0,196.436,1,16,-98,-8,8,42,35,25,29568778,262,1,353,13499,
669.313,6924.63,51.4622,7.48024,183.71,0,196.436,1,5,-104,-10,2,36,36,25,27771906,262,1,486,13499,
670.327,6924.63,51.4622,7.48024,183.709,0,196.436,1,5,-104,-10,2,36,36,25,27771906,262,1,486,13499,
671.349,6924.63,51.4622,7.48024,183.708,0,196.436,1,7,-104,-10,2,36,35,25,27771906,262,1,486,13499,
672.329,6924.63,51.4622,7.48024,183.704,0,196.436,1,7,-104,-10,2,36,35,25,27771906,262,1,486,13499,
673.338,6924.63,51.4622,7.48024,183.699,0,196.436,1,7,-104,-10,2,36,35,25,27771906,262,1,486,13499,
674.32,6924.63,51.4622,7.48024,183.692,0,196.436,1,6,-105,-9,2,35,34,25,27771906,262,1,486,13499,
675.327,6924.63,51.4622,7.48024,183.684,0,196.436,1,6,-105,-9,2,35,34,25,27771906,262,1,486,13499,
676.318,6924.63,51.4622,7.48024,183.675,0,196.436,1,7,-105,-8,2,35,33,25,27771906,262,1,486,13499,
677.325,6924.63,51.4622,7.48024,183.665,0,196.436,1,7,-105,-8,2,35,33,25,27771906,262,1,486,13499,
678.328,6924.63,51.4622,7.48024,183.577,0,197.974,1,0,-110,-11,2,30,30,25,28371200,262,1,68,13499,
679.343,6924.63,51.4622,7.48024,183.533,0,195.792,1,0,-110,-11,2,30,30,25,28371200,262,1,68,13499,
680.324,6932.35,51.4621,7.48021,183.525,3.75103,192.152,1,2,-111,-12,2,29,31,25,28371200,262,1,68,13499,
681.335,6936.5,51.4621,7.48024,183.495,4.0977,151.112,1,2,-111,-12,2,29,31,25,28371200,262,1,68,13499,
682.348,6940.14,51.4621,7.48028,183.253,6.05605,129.148,1,0,-112,-12,2,28,31,25,28371200,262,1,68,13499,
683.324,6946.82,51.4621,7.48038,183.113,7.39188,100.593,1,0,-112,-12,2,28,31,25,28371200,262,1,68,13499,
684.34,6953.32,51.4621,7.48047,182.391,8.09535,97.8183,1,-4,-111,-11,2,29,31,25,28371200,262,1,68,13499,
685.317,6961.22,51.462,7.48059,181.747,9.06076,95.4718,1,-4,-111,-11,2,29,31,25,28371200,262,1,68,13499,
686.338,6970.34,51.462,7.48072,180.708,9.9354,93.962,1,-3,-113,-12,2,27,31,25,28371200,262,1,68,13499,
687.322,6981.95,51.4621,7.48089,179.842,10.0253,92.4825,1,-3,-113,-12,2,27,31,25,28371200,262,1,68,13499,
688.334,6993.02,51.4621,7.48105,179.143,10.3312,91.554,1,-2,-116,-12,2,24,28,25,28368641,262,1,25,13499,
689.334,7003.63,51.4621,7.4812,178.636,10.8797,90.5439,1,-2,-116,-12,2,24,28,25,28368641,262,1,25,13499,
690.334,7015.8,51.4621,7.48137,178.642,11.8722,90.9662,1,1,-115,-12,2,25,28,25,28368641,262,1,25,13499,
691.316,7027.9,51.4621,7.48155,178.407,12.5159,91.3826,1,1,-115,-12,2,25,28,25,28368641,262,1,25,13499,
692.327,7040.28,51.4621,7.48173,178.293,13.0613,91.7762,1,-4,-115,-12,2,25,28,25,28368641,262,1,25,13499,
693.318,7053.1,51.4621,7.48191,178.259,13.691,91.0323,1,-4,-115,-12,2,25,28,25,28368641,262,1,25,13499,
694.315,7066.91,51.4621,7.48211,178.244,13.7864,90.7533,1,1,-116,-12,2,24,28,25,26378497,262,1,496,13499,
695.325,7080.53,51.4621,7.48231,178.245,13.2878,90.3448,1,1,-116,-12,2,24,28,25,26378497,262,1,496,13499,
696.317,7094.43,51.4621,7.48251,178.408,13.3386,90.7465,1,7,-115,-12,2,25,28,25,26378497,262,1,496,13499,
697.318,7107.64,51.4621,7.4827,178.253,13.246,90.9084,1,7,-115,-12,2,25,28,25,26378497,262,1,496,13499,
698.326,7122.02,51.4621,7.48291,178.214,12.744,90.1972,1,7,-115,-12,2,25,28,25,26378497,262,1,496,13499,
699.347,7135.56,51.4621,7.4831,178.439,12.7523,89.6099,1,2,-111,-11,2,29,30,25,26378497,262,1,496,13499,
700.323,7147.05,51.4621,7.48327,178.958,12.899,90.4402,1,2,-111,-11,2,29,30,25,26378497,262,1,496,13499,
701.34,7158.21,51.4621,7.48343,179.041,11.707,90.0219,1,6,-105,-9,2,35,35,25,26378497,262,1,496,13499,
702.331,7169.85,51.4621,7.4836,178.794,10.8918,90.886,1,6,-105,-9,2,35,35,25,26378497,262,1,496,13499,
703.333,7181.89,51.462,7.48377,178.351,12.5964,93.9343,1,-7,-104,-9,2,36,35,25,26378497,262,1,496,13499,
704.331,7190.63,51.462,7.4839,178.48,8.81954,92.8396,1,-7,-104,-9,2,36,35,25,26378497,262,1,496,13499,
705.316,7199.58,51.462,7.48402,178.419,7.68071,107.059,1,-4,-110,-12,2,30,33,25,26378497,262,1,496,13499,
706.33,7208.82,51.462,7.48413,178.538,8.18898,133.328,1,-4,-110,-12,2,30,33,25,26378497,262,1,496,13499,
707.321,7217.25,51.4619,7.48422,178.977,8.77273,136.942,1,10,-106,-9,2,34,34,25,28371200,262,1,68,13499,
708.315,7226.07,51.4618,7.48428,179.7,9.06263,158.848,1,10,-106,-9,2,34,34,25,28371200,262,1,68,13499,
709.334,7235.66,51.4618,7.48433,180.771,9.85654,160.951,1,11,-103,-8,2,37,37,25,28371200,262,1,68,13499,
710.323,7246.16,51.4617,7.48438,182.039,10.5458,161.406,1,11,-103,-8,2,37,37,25,28371200,262,1,68,13499,
711.326,7258.06,51.4616,7.48442,183.589,11.4911,163.163,1,8,-97,-7,2,43,41,25,28371200,262,1,68,13499,
712.341,7271.31,51.4615,7.48446,185.17,12.2261,165.27,1,8,-97,-7,2,43,41,25,28371200,262,1,68,13499,
713.333,7284.88,51.4613,7.4845,186.55,12.9691,167.436,1,10,-98,-7,2,42,41,25,28371200,262,1,68,13499,
714.355,7298.19,51.4612,7.48452,187.68,13.5299,169.298,1,10,-98,-7,2,42,41,25,28371200,262,1,68,13499,
715.353,7313.89,51.4611,7.48455,188.631,13.9082,170.725,1,10,-98,-7,2,42,41,25,28371200,262,1,68,13499,
716.319,7328.61,51.4609,7.48457,189.388,13.5413,172.763,1,10,-98,-7,2,42,41,25,28371200,262,1,68,13499,
717.342,7342.61,51.4608,7.48457,190.232,13.9569,174.896,1,10,-97,-9,2,43,44,25,28371200,262,1,68,13499,
718.323,7356.89,51.4607,7.48457,190.909,14.1649,177.111,1,10,-97,-9,2,43,44,25,28371200,262,1,68,13499,
719.328,7372.54,51.4605,7.48457,191.4,14.5066,178.851,1,0,-96,-9,2,44,45,25,28371200,262,1,68,13499,
720.337,7387.66,51.4604,7.48456,192.251,14.6122,180.522,1,0,-96,-9,2,44,45,25,28371200,262,1,68,13499,
721.31,7402.48,51.4603,7.48455,193.156,15.1488,182.121,1,2,-98,-9,2,42,43,25,28371200,262,1,68,13499,
722.321,7417.21,51.4601,7.48453,194.232,14.6093,183.622,1,2,-98,-9,2,42,43,25,28371200,262,1,68,13499,
723.336,7431.56,51.46,7.4845,195.328,14.0291,185.001,1,0,-103,-11,2,37,39,25,28371200,262,1,68,13499,
724.339,7445.17,51.4599,7.48447,196.297,14.1713,186.271,1,0,-103,-11,2,37,39,25,28371200,262,1,68,13499,
725.346,7460.16,51.4598,7.48443,197.246,14.298,187.13,1,-3,-105,-11,2,35,38,25,28371200,262,1,68,13499,
726.317,7474.46,51.4596,7.4844,198.311,14.4946,187.984,1,-3,-105,-11,2,35,38,25,28371200,262,1,68,13499,
727.327,7489.92,51.4595,7.48436,199.575,14.9609,188.677,1,-3,-105,-11,2,35,38,25,28371200,262,1,68,13499,
728.329,7504.84,51.4594,7.48431,200.821,15.3264,189.184,1,-1,-108,-12,2,32,36,25,28371200,262,1,68,13499,
729.345,7520.33,51.4592,7.48426,202.095,15.4719,189.731,1,-1,-108,-12,2,32,36,25,28371200,262,1,68,13499,
730.328,7536.19,51.4591,7.48421,203.351,15.4646,190.483,1,-2,-108,-12,2,32,35,25,28371200,262,1,68,13499,
731.341,7551.59,51.459,7.48416,204.645,14.6451,191.35,1,-2,-108,-12,2,32,35,25,28371200,262,1,68,13499,
732.342,7565.89,51.4588,7.48411,206.126,14.0543,191.847,1,-3,-106,-12,2,34,38,25,30492929,262,1,272,13499,
733.324,7578.87,51.4587,7.48406,207.369,13.3183,192.16,1,-3,-106,-12,2,34,38,25,30492929,262,1,272,13499,
734.343,7592.44,51.4586,7.48402,208.342,12.2127,192.706,1,-6,-105,-12,2,35,38,25,30492929,262,1,272,13499,
735.326,7603.87,51.4585,7.48398,209.213,11.3526,192.305,1,-6,-105,-12,2,35,38,25,30492929,262,1,272,13499,
736.335,7614.86,51.4584,7.48394,210.294,11.2807,191.853,1,4,-101,-9,9,39,39,7,28371200,262,1,68,13499,
737.346,7625.82,51.4583,7.48391,211.48,11.5495,191.449,1,4,-101,-9,9,39,39,7,28371200,262,1,68,13499,
738.317,7638.75,51.4582,7.48387,212.327,12.2828,191.983,1,5,-97,-9,8,43,43,7,28371200,262,1,68,13499,
739.331,7651.68,51.4581,7.48384,212.88,13.1099,192.13,1,5,-97,-9,8,43,43,7,28371200,262,1,68,13499,
740.323,7664.81,51.458,7.4838,212.953,13.7555,192.043,1,4,-96,-8,9,44,43,7,28371200,262,1,68,13499,
741.325,7680.5,51.4578,7.48375,213.175,14.3399,192.067,1,4,-96,-8,9,44,43,7,28371200,262,1,68,13499,
742.316,7695.94,51.4577,7.48371,213.484,14.5614,192.083,1,21,-95,-8,10,45,45,7,28371200,262,1,68,13499,
743.335,7710.22,51.4576,7.48367,213.791,14.971,191.686,1,21,-95,-8,10,45,45,7,28371200,262,1,68,13499,
744.327,7723.9,51.4574,7.48362,213.971,14.9292,192.401,1,16,-94,-9,10,46,45,7,28371200,262,1,68,13499,
745.342,7738.43,51.4573,7.48358,214.577,15.345,191.549,1,16,-94,-9,10,46,45,7,28371200,262,1,68,13499,
746.479,7753.43,51.4572,7.48353,214.914,15.3973,190.756,1,22,-93,-7,11,47,46,7,28371200,262,1,68,13499,
747.338,7768.87,51.457,7.4835,215.41,15.8893,190.236,1,22,-93,-7,11,47,46,7,28371200,262,1,68,13499,
748.328,7784.89,51.4569,7.48346,215.699,16.1643,190.007,1,22,-93,-7,11,47,46,7,28371200,262,1,68,13499,
749.288,7801.73,51.4568,7.48342,215.954,16.3708,189.574,1,10,-94,-9,12,46,47,7,28371200,262,1,68,13499,
750.322,7818.54,51.4566,7.48338,216.234,16.6495,189.13,1,10,-94,-9,12,46,47,7,28371200,262,1,68,13499,
751.334,7835.8,51.4565,7.48335,216.502,16.8631,188.416,1,24,-87,-9,9,53,53,7,28371200,262,1,68,13499,
752.314,7852.87,51.4563,7.48331,216.984,16.8968,187.586,1,24,-87,-9,9,53,53,7,28371200,262,1,68,13499,
753.337,7869.11,51.4562,7.48329,217.198,17.0226,186.639,1,18,-95,-9,11,45,46,7,28371200,262,1,68,13499,
754.334,7886.36,51.456,7.48328,217.543,17.3394,185.351,1,18,-95,-9,11,45,46,7,28371200,262,1,68,13499,
755.362,7903.71,51.4558,7.48327,217.929,17.2874,184.144,1,19,-90,-10,9,50,50,5,28371200,262,1,68,13499,
756.334,7920.59,51.4557,7.48327,218.499,17.9858,182.483,1,19,-90,-10,9,50,50,5,28371200,262,1,68,13499,
757.344,7937.64,51.4555,7.48327,219.002,17.6144,180.967,1,7,-92,-7,6,48,45,7,28371202,262,1,67,13499,
758.323,7955.06,51.4554,7.48328,219.386,17.4388,179.279,1,7,-92,-7,6,48,45,7,28371202,262,1,67,13499,
759.343,7973.69,51.4552,7.4833,219.946,17.1943,177.042,1,17,-88,-6,15,52,48,7,28371202,262,1,67,13499,
760.324,7991.15,51.4551,7.48334,220.441,17.457,174.213,1,17,-88,-6,15,52,48,7,28371202,262,1,67,13499,
761.327,8009.78,51.4549,7.48339,221.527,17.4326,171.397,1,28,-87,-6,12,53,51,7,28371202,262,1,67,13499,
762.328,8027.72,51.4547,7.48345,222.677,17.5547,168.851,1,28,-87,-6,12,53,51,7,28371202,262,1,67,13499,
763.339,8046.06,51.4546,7.48353,224.064,17.6082,166.481,1,31,-88,-6,13,52,49,7,28371202,262,1,67,13499,
764.33,8061.63,51.4545,7.48362,224.799,17.6619,163.482,1,31,-88,-6,13,52,49,7,28371202,262,1,67,13499,
765.329,8078.37,51.4543,7.48373,225.145,17.8876,159.604,1,19,-93,-6,9,47,45,7,28371202,262,1,67,13499,
766.361,8096.53,51.4542,7.48386,225.786,17.8202,155.992,1,19,-93,-6,9,47,45,7,28371202,262,1,67,13499,
767.319,8116.17,51.454,7.48401,226.58,17.7366,152.564,1,19,-93,-6,9,47,45,7,28371202,262,1,67,13499,
768.353,8134.93,51.4539,7.48416,227.294,17.8321,148.741,1,26,-93,-6,9,47,44,7,28371202,262,1,67,13499,
769.316,8153.72,51.4538,7.48433,228.271,17.9776,145.063,1,26,-93,-6,9,47,44,7,28371202,262,1,67,13499,
770.332,8173.02,51.4537,7.48456,229.176,17.8004,129.241,1,25,-91,-7,8,49,47,7,28371202,262,1,67,13499,
771.344,8191.21,51.4536,7.48477,230.431,17.7698,129.725,1,25,-91,-7,8,49,47,7,28371202,262,1,67,13499,
772.321,8209.24,51.4535,7.48498,231.85,17.8224,130.185,1,17,-84,-6,2,56,53,7,28371202,262,1,67,13499,
773.332,8226.23,51.4534,7.48517,233.326,17.8424,129.81,1,17,-84,-6,2,56,53,7,28371202,262,1,67,13499,
774.326,8244.1,51.4533,7.48537,234.96,17.8067,130.862,1,23,-83,-5,2,57,54,7,28371202,262,1,67,13499,
775.347,8262.03,51.4532,7.48557,236.766,17.92,131.51,1,23,-83,-5,2,57,54,7,28371202,262,1,67,13499,
776.339,8279.31,51.4531,7.48575,237.824,17.8126,131.888,1,22,-85,-6,13,55,53,4,28371202,262,1,67,13499,
777.327,8296.48,51.453,7.48594,238.944,17.3033,132.103,1,22,-85,-6,13,55,53,4,28371202,262,1,67,13499,
778.351,8313.99,51.4528,7.48613,239.758,17.2685,132.618,1,23,-82,-5,11,58,55,4,28371202,262,1,67,13499,
779.337,8330.93,51.4527,7.4863,240.742,17.1519,135.337,1,23,-82,-5,11,58,55,4,28371202,262,1,67,13499,
780.33,8348.14,51.4526,7.48647,241.539,17.6019,137.889,1,22,-82,-5,12,58,54,4,28371202,262,1,67,13499,
781.322,8364.18,51.4525,7.48661,242.032,16.9722,140.091,1,22,-82,-5,12,58,54,4,28371202,262,1,67,13499,
782.337,8380.42,51.4524,7.48675,242.352,16.65,141.849,1,22,-85,-6,12,55,53,4,28371202,262,1,67,13499,
783.316,8397.53,51.4523,7.48689,243.016,16.7458,144.483,1,22,-85,-6,12,55,53,4,28371202,262,1,67,13499,
784.346,8414.2,51.4521,7.48701,243.541,16.8147,146.506,1,23,-87,-6,12,53,49,4,28371202,262,1,67,13499,
785.325,8431.5,51.452,7.48714,243.994,16.8331,147.994,1,23,-87,-6,12,53,49,4,28371202,262,1,67,13499,
786.333,8448.32,51.4519,7.48725,244.515,17.0641,150.077,1,16,-88,-6,13,52,49,4,28371202,262,1,67,13499,
787.334,8466.29,51.4517,7.48736,245.709,16.9692,151.483,1,16,-88,-6,13,52,49,4,28371202,262,1,67,13499,
788.338,8482.53,51.4516,7.48746,246.755,16.8107,153.377,1,17,-88,-7,11,52,51,4,28371202,262,1,67,13499,
789.339,8499.75,51.4514,7.48756,247.856,16.9217,155.744,1,17,-88,-7,11,52,51,4,28371202,262,1,67,13499,
790.321,8517.42,51.4513,7.48765,248.392,16.6622,156.31,1,17,-88,-7,11,52,51,4,28371202,262,1,67,13499,
791.328,8534.71,51.4512,7.48773,248.704,16.8967,156.922,1,9,-92,-7,12,48,46,4,28371202,262,1,67,13499,
