0.111,0,51.4501,7.48826,246.61,12.621,162.075,1,10,-95,-8,13,45,46,7,28371202,262,1,67,13499,
1.302,13.5927,51.45,7.48831,246.954,13.6125,164.532,1,10,-95,-8,13,45,46,7,28371202,262,1,67,13499,
2.245,27.2402,51.4499,7.48835,247.29,13.9734,167.185,1,10,-95,-8,13,45,46,7,28371202,262,1,67,13499,
3.205,27.2402,51.4499,7.48835,247.29,13.9734,167.185,1,13,-96,-9,11,44,44,7,28371202,262,1,67,13499,
4.218,41.6533,51.4498,7.48839,247.437,14.5368,169.462,1,13,-96,-9,11,44,44,7,28371202,262,1,67,13499,
5.221,56.4584,51.4496,7.48842,248.252,15.0668,171.319,1,11,-98,-9,11,42,42,7,28371202,262,1,67,13499,
6.21,72.3003,51.4495,7.48844,248.92,15.6738,173.594,1,11,-98,-9,11,42,42,7,28371202,262,1,67,13499,
7.202,87.7998,51.4494,7.48845,249.611,16.0038,176.125,1,8,-100,-10,9,40,41,7,28371202,262,1,67,13499,
8.202,103.457,51.4492,7.48845,250.737,16.0062,178.26,1,8,-100,-10,9,40,41,7,28371202,262,1,67,13499,
9.211,118.504,51.4491,7.48843,251.959,15.0472,180.717,1,8,-103,-10,9,37,38,7,28371202,262,1,67,13499,
10.2,135.267,51.4489,7.48841,253.025,14.842,184.829,1,8,-103,-10,9,37,38,7,28371202,262,1,67,13499,
11.204,152.075,51.4488,7.48836,254.29,14.7266,188.544,1,4,-104,-11,8,36,37,7,28371202,262,1,67,13499,
12.212,169.17,51.4486,7.48831,255.411,15.0588,190.21,1,4,-104,-11,8,36,37,7,28371202,262,1,67,13499,
13.207,186.604,51.4485,7.48825,256.211,15.7717,191.372,1,-1,-109,-12,7,31,34,7,28371202,262,1,67,13499,
14.202,203.758,51.4483,7.48819,257.135,15.7692,192.459,1,-1,-109,-12,7,31,34,7,28371202,262,1,67,13499,
15.207,221.753,51.4482,7.48812,258.116,17.1652,192.889,1,-2,-106,-9,6,34,34,9,27771909,262,1,151,13499,
16.2,237.909,51.448,7.48806,258.765,15.853,192.778,1,-2,-106,-9,6,34,34,9,27771909,262,1,151,13499,
17.215,255.691,51.4479,7.488,258.975,15.8824,192.533,1,6,-105,-9,9,35,36,9,27771909,262,1,151,13499,
18.206,272.904,51.4477,7.48794,259.438,15.2683,191.996,1,6,-105,-9,9,35,36,9,27771909,262,1,151,13499,
19.21,289.385,51.4476,7.4879,259.469,15.5686,189.787,1,2,-106,-10,7,34,37,9,27771909,262,1,151,13499,
20.21,305.248,51.4474,7.48787,259.636,15.292,187.223,1,2,-106,-10,7,34,37,9,27771909,262,1,151,13499,
21.206,321.271,51.4473,7.48785,260.081,15.9208,183.673,1,7,-103,-9,7,37,37,9,27771909,262,1,151,13499,
22.207,337.618,51.4472,7.48786,260.374,17.0027,179.705,1,7,-103,-9,7,37,37,9,27771909,262,1,151,13499,
23.23,353.85,51.447,7.48792,260.689,15.8814,165.654,1,7,-103,-9,7,37,37,9,27771909,262,1,151,13499,
24.207,371.229,51.4469,7.48799,261.333,15.8988,165.322,1,4,-105,-9,9,35,34,9,27771909,262,1,151,13499,
25.196,387.559,51.4467,7.48807,262.443,15.8185,164.127,1,4,-105,-9,9,35,34,9,27771909,262,1,151,13499,
26.224,403.722,51.4466,7.48815,263.174,16.2052,161.912,1,4,-106,-9,6,34,34,9,27771909,262,1,151,13499,
27.216,419.623,51.4465,7.48825,263.563,16.0027,159.099,1,4,-106,-9,6,34,34,9,27771909,262,1,151,13499,
28.21,436.186,51.4463,7.48835,264.058,16.1323,156.114,1,4,-101,-8,11,39,37,9,27771909,262,1,151,13499,
29.211,453.541,51.4462,7.48848,264.74,16.0374,152.076,1,4,-101,-8,11,39,37,9,27771909,262,1,151,13499,
30.206,471.174,51.4461,7.48862,265.2,16.1817,148.086,1,3,-104,-9,7,36,36,9,27771909,262,1,151,13499,
31.201,488.048,51.4459,7.48877,265.831,15.9216,144.575,1,3,-104,-9,7,36,36,9,27771909,262,1,151,13499,
32.215,504.675,51.4458,7.48893,266.562,15.601,141.874,1,8,-103,-8,10,37,36,9,27771909,262,1,151,13499,
33.207,520.244,51.4457,7.4891,267.257,15.9409,137.968,1,8,-103,-8,10,37,36,9,27771909,262,1,151,13499,
34.216,535.491,51.4456,7.48927,268.252,14.9859,134.963,1,0,-101,-9,6,39,40,13,28371201,262,1,66,13499,
35.228,551.29,51.4456,7.48945,269.371,14.9637,132.519,1,0,-101,-9,6,39,40,13,28371201,262,1,66,13499,
36.212,566.69,51.4455,7.48962,270.807,14.8224,131.054,1,9,-102,-9,10,38,37,13,28371201,262,1,66,13499,
37.205,581.431,51.4454,7.4898,272.133,14.6505,129.465,1,9,-102,-9,10,38,37,13,28371201,262,1,66,13499,
38.21,596.499,51.4453,7.48998,273.258,14.7071,128.244,1,6,-103,-8,9,37,37,13,28371201,262,1,66,13499,
39.209,611.052,51.4452,7.49015,274.177,13.5954,127.676,1,6,-103,-8,9,37,37,13,28371201,262,1,66,13499,
40.212,625.399,51.4452,7.49032,274.647,13.203,127.29,1,6,-103,-8,6,37,37,13,28371201,262,1,66,13499,
41.203,638.227,51.4451,7.49048,274.97,12.6559,127.956,1,6,-103,-8,6,37,37,13,28371201,262,1,66,13499,
42.211,650.759,51.445,7.49062,274.749,12.1054,128.549,1,4,-107,-9,8,33,34,13,28371201,262,1,66,13499,
43.22,662.53,51.445,7.49076,274.638,11.4607,128.001,1,4,-107,-9,8,33,34,13,28371201,262,1,66,13499,
44.209,672.144,51.4449,7.49088,274.856,10.745,127.795,1,2,-107,-9,8,33,34,13,28371201,262,1,66,13499,
45.216,682.433,51.4449,7.491,275.435,10.3641,127.367,1,2,-107,-9,8,33,34,13,28371201,262,1,66,13499,
46.217,693.394,51.4448,7.49113,275.534,9.78385,127.272,1,5,-109,-9,6,31,30,13,28371201,262,1,66,13499,
47.208,701.994,51.4448,7.49123,275.955,8.25471,127.943,1,5,-109,-9,6,31,30,13,28371201,262,1,66,13499,
48.209,708.874,51.4447,7.49131,276.526,6.03699,127.216,1,5,-109,-9,6,31,30,13,28371201,262,1,66,13499,
49.204,712.872,51.4447,7.49136,276.897,4.48832,127.867,1,1,-84,-9,15,56,54,9,27771904,262,1,487,13499,
50.207,715.268,51.4447,7.49139,276.91,2.51883,127.527,1,1,-84,-9,15,56,54,9,27771904,262,1,487,13499,
51.216,715.268,51.4447,7.49139,276.91,0,127.527,1,18,-83,-10,11,57,56,9,27771904,262,1,487,13499,
52.21,715.268,51.4447,7.49139,276.911,0,127.527,1,18,-83,-10,11,57,56,9,27771904,262,1,487,13499,
53.202,715.268,51.4447,7.49139,276.914,0,127.527,1,29,-81,-10,13,59,57,9,27771904,262,1,487,13499,
54.205,715.268,51.4447,7.49139,276.919,0,127.527,1,29,-81,-10,13,59,57,9,27771904,262,1,487,13499,
55.216,715.268,51.4447,7.49139,276.921,0,127.527,1,32,-82,-8,12,58,55,9,27771904,262,1,487,13499,
56.213,715.268,51.4447,7.49139,276.923,0,127.527,1,32,-82,-8,12,58,55,9,27771904,262,1,487,13499,
57.203,715.268,51.4447,7.49139,276.925,0,127.527,1,25,-81,-10,10,59,57,9,27771904,262,1,487,13499,
58.201,715.268,51.4447,7.49139,276.925,0,127.527,1,25,-81,-10,10,59,57,9,27771904,262,1,487,13499,
59.201,715.268,51.4447,7.49139,276.924,0,127.527,1,36,-81,-9,14,59,56,9,27771904,262,1,487,13499,
60.205,715.268,51.4447,7.49139,276.922,0,127.527,1,36,-81,-9,14,59,56,9,27771904,262,1,487,13499,
61.207,715.268,51.4447,7.49139,276.921,0,127.527,1,25,-80,-10,14,60,58,7,27771904,262,1,487,13499,
62.2,715.268,51.4447,7.49139,276.919,0,127.527,1,25,-80,-10,14,60,58,7,27771904,262,1,487,13499,
63.217,715.268,51.4447,7.49139,276.918,0,127.527,1,20,-81,-9,11,59,57,7,27771904,262,1,487,13499,
64.2,715.268,51.4447,7.49139,276.918,0,127.527,1,20,-81,-9,11,59,57,7,27771904,262,1,487,13499,
65.207,715.268,51.4447,7.49139,276.918,0,127.527,1,20,-81,-9,11,59,57,7,27771904,262,1,487,13499,
66.215,715.268,51.4447,7.49139,276.919,0,127.527,1,18,-82,-9,15,58,56,7,27771904,262,1,487,13499,
67.313,715.268,51.4447,7.49139,276.919,0,127.527,1,18,-82,-9,15,58,56,7,27771904,262,1,487,13499,
68.213,715.268,51.4447,7.49139,276.919,0,127.527,1,22,-83,-9,13,57,56,7,27771904,262,1,487,13499,
69.213,715.268,51.4447,7.49139,276.92,0,127.527,1,22,-83,-9,13,57,56,7,27771904,262,1,487,13499,
70.222,715.268,51.4447,7.49139,276.92,0,127.527,1,27,-82,-9,13,58,56,7,27771904,262,1,487,13499,
71.219,715.268,51.4447,7.49139,276.929,0,127.527,1,27,-82,-9,13,58,56,7,27771904,262,1,487,13499,
72.215,715.268,51.4447,7.49139,276.941,0,127.527,1,22,-82,-8,15,58,56,7,27771904,262,1,487,13499,
73.234,715.268,51.4447,7.49139,276.959,0,127.527,1,22,-82,-8,15,58,56,7,27771904,262,1,487,13499,
74.212,715.268,51.4447,7.49139,276.959,0,127.527,1,21,-82,-9,15,58,56,7,27771904,262,1,487,13499,
75.21,715.268,51.4447,7.49139,276.966,0,127.527,1,21,-82,-9,15,58,56,7,27771904,262,1,487,13499,
76.219,715.268,51.4447,7.49139,277.011,0,127.527,1,22,-83,-8,11,57,56,7,27771904,262,1,487,13499,
77.208,715.268,51.4447,7.49139,277.049,0,127.623,1,22,-83,-8,11,57,56,7,27771904,262,1,487,13499,
78.206,725.659,51.4447,7.49151,277.178,0,127.446,1,25,-77,-9,14,63,61,7,27771904,262,1,487,13499,
79.23,730.236,51.4446,7.49157,276.978,5.49575,127.349,1,25,-77,-9,14,63,61,7,27771904,262,1,487,13499,
80.211,736.989,51.4446,7.49165,277.033,5.46164,129.424,1,24,-80,-7,14,60,56,7,27771904,262,1,487,13499,
81.234,743.131,51.4446,7.49169,277.336,6.0534,149.735,1,24,-80,-7,14,60,56,7,27771904,262,1,487,13499,
82.204,749.73,51.4445,7.49171,277.408,6.6656,180.98,1,24,-76,-9,14,64,63,7,27771904,262,1,487,13499,
83.202,757.285,51.4444,7.49167,277.645,7.53998,202.428,1,24,-76,-9,14,64,63,7,27771904,262,1,487,13499,
84.221,764.867,51.4444,7.49161,277.989,8.7428,217.59,1,24,-76,-9,14,64,63,7,27771904,262,1,487,13499,
85.214,773.271,51.4443,7.49155,278.242,9.70093,217.04,1,19,-70,-9,15,70,63,7,27771904,262,1,487,13499,
86.212,783.592,51.4442,7.49146,278.449,10.8728,216.214,1,19,-70,-9,15,70,63,7,27771904,262,1,487,13499,
87.214,795.144,51.4442,7.49137,278.713,12.0114,215.775,1,27,-69,-8,2,71,63,7,27771904,262,1,487,13499,
88.198,808.005,51.4441,7.49126,278.992,12.9497,215.314,1,27,-69,-8,2,71,63,7,27771904,262,1,487,13499,
89.206,821.617,51.444,7.49115,279.158,14.0253,215.048,1,24,-90,-6,2,50,46,7,27771907,262,1,150,13499,
90.196,835.508,51.4439,7.49104,279.331,14.901,215.744,1,24,-90,-6,2,50,46,7,27771907,262,1,150,13499,
91.198,850.063,51.4437,7.49091,279.565,15.4761,216.109,1,29,-86,-6,2,54,50,7,27771907,262,1,150,13499,
92.218,865.089,51.4436,7.49079,278.878,15.6324,216.292,1,29,-86,-6,2,54,50,7,27771907,262,1,150,13499,
93.216,880.799,51.4435,7.49065,277.762,15.8592,216.185,1,28,-76,-5,2,64,60,7,27771907,262,1,150,13499,
94.211,896.805,51.4434,7.49052,276.599,16.1439,216.344,1,28,-76,-5,2,64,60,7,27771907,262,1,150,13499,
95.251,913.267,51.4433,7.49038,275.561,16.3841,216.425,1,26,-73,-5,2,67,63,7,27771907,262,1,150,13499,
96.222,929.699,51.4432,7.49024,275.009,16.6659,216.444,1,26,-73,-5,2,67,63,7,27771907,262,1,150,13499,
97.243,947.004,51.443,7.49009,274.995,16.9607,216.284,1,21,-88,-6,12,52,50,4,27771907,262,1,150,13499,
98.202,964.549,51.4429,7.48994,275.247,16.7881,216.526,1,21,-88,-6,12,52,50,4,27771907,262,1,150,13499,
99.224,981.253,51.4428,7.48981,275.564,16.6746,217.105,1,29,-80,-5,15,60,57,4,27771907,262,1,150,13499,
100.207,998.49,51.4427,7.48966,275.969,16.7972,216.455,1,29,-80,-5,15,60,57,4,27771907,262,1,150,13499,
101.206,1015.13,51.4425,7.48952,276.403,16.6992,216.298,1,31,-66,-4,15,74,63,4,27771907,262,1,150,13499,
102.214,1031.37,51.4424,7.48938,277.096,16.4861,217.236,1,31,-66,-4,15,74,63,4,27771907,262,1,150,13499,
103.221,1046.65,51.4423,7.48925,277.633,15.9705,217.192,1,8,-71,-5,13,69,63,4,27771907,262,1,150,13499,
104.201,1064.58,51.4422,7.48909,278.48,16.1814,217.847,1,8,-71,-5,13,69,63,4,27771907,262,1,150,13499,
105.203,1080.93,51.4421,7.48894,279.212,16.8071,218.678,1,28,-74,-5,15,66,63,4,27771907,262,1,150,13499,
106.203,1097.32,51.442,7.48879,279.735,17.0223,219.261,1,28,-74,-5,15,66,63,4,27771907,262,1,150,13499,
107.21,1113.69,51.4419,7.48863,280.579,16.91,221.928,1,28,-74,-5,15,66,63,4,27771907,262,1,150,13499,
108.217,1131.41,51.4417,7.48845,281.058,17.1104,223.571,1,22,-64,-5,15,76,63,4,27771907,262,1,150,13499,
109.223,1148.9,51.4416,7.48827,281.103,17.2555,225.52,1,22,-64,-5,15,76,63,4,27771907,262,1,150,13499,
110.219,1166.58,51.4415,7.48807,281.314,16.8605,227.245,1,35,-70,-5,14,70,63,4,27771907,262,1,150,13499,
111.213,1184.14,51.4414,7.48788,282.161,17.091,229.238,1,35,-70,-5,14,70,63,4,27771907,262,1,150,13499,
112.204,1200.55,51.4413,7.48769,282.383,17.0123,230.337,1,31,-74,-5,14,66,63,4,27771907,262,1,150,13499,
113.208,1218.24,51.4412,7.48749,282.705,16.8966,231.201,1,31,-74,-5,14,66,63,4,27771907,262,1,150,13499,
114.212,1235.53,51.4411,7.48729,282.495,17.0778,231.852,1,31,-79,-6,14,61,56,4,27771907,262,1,150,13499,
115.196,1252.61,51.441,7.4871,282.46,16.9651,232.435,1,31,-79,-6,14,61,56,4,27771907,262,1,150,13499,
116.199,1268.89,51.441,7.4869,282.306,17.0443,231.818,1,7,-87,-10,10,53,53,4,27771907,262,1,150,13499,
117.21,1286.47,51.4409,7.4867,282.435,16.9853,232.458,1,7,-87,-10,10,53,53,4,27771907,262,1,150,13499,
118.231,1303.85,51.4408,7.4865,282.819,17.0811,233.476,1,13,-84,-10,11,56,57,4,27771907,262,1,150,13499,
119.205,1320.91,51.4407,7.4863,283.102,17.5494,232.822,1,13,-84,-10,11,56,57,4,27771907,262,1,150,13499,
120.204,1336.58,51.4406,7.48612,283.465,17.0306,231.982,1,8,-81,-7,6,59,57,1,27771908,262,1,152,13499,
121.221,1353.67,51.4405,7.48592,283.585,17.1729,231.973,1,8,-81,-7,6,59,57,1,27771908,262,1,152,13499,
122.198,1372.26,51.4404,7.48571,283.371,17.1139,232.656,1,23,-78,-6,15,62,59,1,27771908,262,1,152,13499,
123.211,1390.45,51.4403,7.4855,283.13,17.2646,233.114,1,23,-78,-6,15,62,59,1,27771908,262,1,152,13499,
124.211,1407.34,51.4402,7.48531,282.723,17.3821,233.107,1,33,-74,-6,14,66,63,1,27771908,262,1,152,13499,
125.204,1424.5,51.4401,7.48511,282.543,16.9395,233.735,1,33,-74,-6,14,66,63,1,27771908,262,1,152,13499,
126.22,1441.03,51.44,7.48492,282.345,16.6968,233.296,1,31,-74,-5,15,66,62,1,27771908,262,1,152,13499,
127.215,1456.63,51.4399,7.48474,282.429,16.4696,232.843,1,31,-74,-5,15,66,62,1,27771908,262,1,152,13499,
128.223,1488.67,51.4398,7.48437,282.794,16.4196,233.442,1,34,-70,-5,15,70,63,1,27771908,262,1,152,13499,
129.206,1488.67,51.4398,7.48437,282.794,16.4196,233.442,1,34,-70,-5,15,70,63,1,27771908,262,1,152,13499,
130.197,1504.96,51.4397,7.48418,283.298,16.8064,232.805,1,25,-67,-6,15,73,63,1,27771908,262,1,152,13499,
131.206,1522.2,51.4396,7.48398,284.064,17.0919,232.935,1,25,-67,-6,15,73,63,1,27771908,262,1,152,13499,
132.21,1539.08,51.4395,7.48378,284.85,17.021,233.978,1,25,-67,-6,15,73,63,1,27771908,262,1,152,13499,
133.198,1555.9,51.4394,7.48358,285.565,16.7101,234.71,1,35,-71,-5,15,69,63,1,27771908,262,1,152,13499,
134.206,1572.37,51.4393,7.48339,285.817,16.0694,235.425,1,35,-71,-5,15,69,63,1,27771908,262,1,152,13499,
135.205,1589.51,51.4393,7.48318,285.286,16.3414,236.866,1,28,-73,-5,14,67,61,1,27771908,262,1,152,13499,
136.207,1605.66,51.4392,7.48298,285.157,16.2468,238.277,1,28,-73,-5,14,67,61,1,27771908,262,1,152,13499,
137.2,1622.68,51.4391,7.48276,285.385,16.3958,237.461,1,26,-79,-5,2,61,56,1,27771908,262,1,152,13499,
138.207,1638.31,51.439,7.48257,285.991,16.2549,238.127,1,26,-79,-5,2,61,56,1,27771908,262,1,152,13499,
139.214,1654.94,51.439,7.48236,286.165,16.4347,238.773,1,27,-79,-5,2,61,56,1,27771908,262,1,152,13499,
140.214,1671.3,51.4389,7.48215,286.36,16.5168,239.58,1,27,-79,-5,2,61,56,1,27771908,262,1,152,13499,
141.287,1688.06,51.4388,7.48194,286.517,16.4472,240.247,1,25,-82,-6,2,58,54,1,27771908,262,1,152,13499,
142.203,1704.29,51.4387,7.48173,286.358,16.115,240.213,1,25,-82,-6,2,58,54,1,27771908,262,1,152,13499,
143.218,1720.97,51.4387,7.48152,286.635,16.3733,239.525,1,22,-93,-5,13,47,44,6,27771908,262,1,152,13499,
144.228,1737.95,51.4386,7.4813,286.812,16.8294,240.321,1,22,-93,-5,13,47,44,6,27771908,262,1,152,13499,
145.201,1754.64,51.4385,7.48108,286.945,17.0091,241.462,1,21,-94,-5,15,46,42,6,27771908,262,1,152,13499,
146.217,1770.55,51.4385,7.48087,286.849,16.9926,240.503,1,21,-94,-5,15,46,42,6,27771908,262,1,152,13499,
147.209,1787.53,51.4384,7.48066,286.652,17.3511,239.985,1,11,-98,-6,11,42,39,6,27771908,262,1,152,13499,
148.209,1805.3,51.4383,7.48043,286.395,17.7693,240.269,1,11,-98,-6,11,42,39,6,27771908,262,1,152,13499,
149.212,1823.18,51.4383,7.4802,286.329,17.8576,241.182,1,7,-100,-6,14,40,37,6,27771908,262,1,152,13499,
150.204,1840.64,51.4382,7.47998,286.183,17.5374,240.761,1,7,-100,-6,14,40,37,6,27771908,262,1,152,13499,
151.204,1857.84,51.4381,7.47976,286.101,16.8172,241.381,1,7,-100,-6,14,40,37,6,27771908,262,1,152,13499,
152.198,1875.74,51.438,7.47953,286.052,17.1812,241.856,1,10,-103,-6,8,37,34,6,27771908,262,1,152,13499,
153.206,1892.31,51.438,7.47932,286.43,17.075,241.4,1,10,-103,-6,8,37,34,6,27771908,262,1,152,13499,
154.21,1908.17,51.4379,7.47912,286.949,16.7514,242.1,1,3,-104,-8,8,36,36,6,27771908,262,1,152,13499,
155.2,1923.95,51.4378,7.47892,287.096,15.6618,241.568,1,3,-104,-8,8,36,36,6,27771908,262,1,152,13499,
156.2,1940.32,51.4378,7.47871,287.254,16.1895,240.719,1,7,-104,-8,7,36,35,6,27771908,262,1,152,13499,
157.207,1957.64,51.4377,7.47849,287.535,16.4864,240.476,1,7,-104,-8,7,36,35,6,27771908,262,1,152,13499,
158.204,1975.05,51.4376,7.47827,287.71,17.3915,242.135,1,4,-105,-10,7,35,36,6,27771908,262,1,152,13499,
159.221,1991.98,51.4375,7.47805,288.186,17.2684,241.702,1,4,-105,-10,7,35,36,6,27771908,262,1,152,13499,
160.206,2009.43,51.4375,7.47783,288.611,17.0448,242.161,1,8,-107,-10,2,33,34,6,27771908,262,1,152,13499,
161.212,2025.64,51.4374,7.47762,289.475,16.3248,241.504,1,8,-107,-10,2,33,34,6,27771908,262,1,152,13499,
162.207,2041.66,51.4373,7.47742,289.803,15.9382,241.928,1,7,-108,-8,2,32,31,6,27771908,262,1,152,13499,
163.215,2058.13,51.4373,7.47721,289.821,15.9159,240.198,1,7,-108,-8,2,32,31,6,27771908,262,1,152,13499,
164.224,2073.34,51.4372,7.47701,289.785,13.6804,242.871,1,-1,-107,-8,2,33,31,6,27771908,262,1,152,13499,
165.195,2087.39,51.4372,7.47681,290.194,11.8721,255.985,1,-1,-107,-8,2,33,31,6,27771908,262,1,152,13499,
166.203,2101.51,51.4372,7.47661,291.066,11.1026,258.22,1,13,-106,-8,2,34,33,6,27771908,262,1,152,13499,
167.208,2113,51.4372,7.47645,291.489,10.2581,274.382,1,13,-106,-8,2,34,33,6,27771908,262,1,152,13499,
168.195,2123.61,51.4372,7.47631,291.717,9.22156,294.538,1,14,-103,-7,2,37,35,6,27771908,262,1,152,13499,
169.209,2133.62,51.4373,7.47621,292.359,8.09011,318.072,1,14,-103,-7,2,37,35,6,27771908,262,1,152,13499,
170.212,2143.48,51.4373,7.47616,293.166,7.8153,341.313,1,20,-101,-7,2,39,37,6,27771908,262,1,152,13499,
171.215,2152.49,51.4374,7.47616,294.284,8.6761,5.19638,1,20,-101,-7,2,39,37,6,27771908,262,1,152,13499,
172.226,2172.18,51.4376,7.4763,295.358,10.9859,38.2283,1,23,-97,-6,2,43,40,6,27771908,262,1,152,13499,
173.21,2172.18,51.4376,7.4763,295.358,10.9859,38.2283,1,23,-97,-6,2,43,40,6,27771908,262,1,152,13499,
174.217,2183.35,51.4377,7.4764,295.408,11.805,41.7473,1,32,-87,-5,2,53,49,6,27771908,262,1,152,13499,
175.218,2196.1,51.4377,7.47654,295.417,13.0187,44.9753,1,32,-87,-5,2,53,49,6,27771908,262,1,152,13499,
176.214,2209.98,51.4378,7.47669,294.782,14.3211,47.6165,1,30,-82,-5,2,58,53,6,27771908,262,1,152,13499,
177.206,2225.17,51.4379,7.47686,294.236,15.3776,49.6568,1,30,-82,-5,2,58,53,6,27771908,262,1,152,13499,
178.224,2241.06,51.438,7.47704,293.769,16.3568,51.0551,1,31,-80,-5,2,60,56,6,27771908,262,1,152,13499,
179.212,2258.48,51.4381,7.47725,293.289,17.5874,52.6189,1,31,-80,-5,2,60,56,6,27771908,262,1,152,13499,
180.2,2277.35,51.4382,7.47748,293.034,18.3533,53.8657,1,32,-81,-5,2,59,55,6,27771908,262,1,152,13499,
181.216,2296.43,51.4383,7.47771,292.817,18.4774,54.8932,1,32,-81,-5,2,59,55,6,27771908,262,1,152,13499,
182.203,2314.37,51.4384,7.47793,292.626,18.1584,55.3545,1,32,-79,-6,2,61,58,6,27771908,262,1,152,13499,
183.2,2331.66,51.4384,7.47814,292.496,17.4973,56.5379,1,32,-79,-6,2,61,58,6,27771908,262,1,152,13499,
184.204,2349.53,51.4385,7.47836,292.161,17.5175,56.9493,1,32,-79,-6,2,61,58,6,27771908,262,1,152,13499,
185.195,2367.35,51.4386,7.47858,291.976,17.5565,57.0417,1,29,-78,-6,2,62,59,6,27771908,262,1,152,13499,
186.206,2385.7,51.4387,7.47881,291.837,18.1485,56.5056,1,29,-78,-6,2,62,59,6,27771908,262,1,152,13499,
187.209,2404.06,51.4388,7.47904,291.397,18.384,56.1566,1,30,-79,-6,2,61,57,6,27771908,262,1,152,13499,
188.208,2422.2,51.4389,7.47926,290.877,18.1581,56.3917,1,30,-79,-6,2,61,57,6,27771908,262,1,152,13499,
189.21,2439.59,51.4389,7.47947,290.092,18.088,56.118,1,27,-83,-5,2,57,54,6,27771908,262,1,152,13499,
190.204,2457.41,51.439,7.47968,289.288,18.1008,55.6801,1,27,-83,-5,2,57,54,6,27771908,262,1,152,13499,
191.21,2475.15,51.4391,7.4799,288.535,17.9129,54.9016,1,29,-86,-6,2,54,51,6,27771908,262,1,152,13499,
192.287,2492.44,51.4392,7.4801,287.695,18.1397,54.6173,1,29,-86,-6,2,54,51,6,27771908,262,1,152,13499,
193.214,2511.04,51.4393,7.48032,287.347,17.7522,55.0224,1,27,-88,-6,14,52,50,6,27771908,262,1,152,13499,
194.214,2528.38,51.4394,7.48053,286.687,18.048,54.9378,1,27,-88,-6,14,52,50,6,27771908,262,1,152,13499,
195.208,2547.68,51.4395,7.48075,286.186,18.854,54.5902,1,24,-88,-6,15,52,50,6,27771908,262,1,152,13499,
196.212,2565.97,51.4396,7.48097,286.116,18.7861,54.218,1,24,-88,-6,15,52,50,6,27771908,262,1,152,13499,
197.214,2585.31,51.4397,7.48119,286.024,18.9558,53.528,1,21,-87,-6,12,53,50,6,27771908,262,1,152,13499,
198.228,2622.91,51.4399,7.48163,285.153,18.8593,51.9209,1,21,-87,-6,12,53,50,6,27771908,262,1,152,13499,
199.216,2622.91,51.4399,7.48163,285.153,18.8593,51.9209,1,21,-86,-6,11,54,52,6,27771908,262,1,152,13499,
200.22,2641.18,51.44,7.48184,284.298,18.8516,50.1364,1,21,-86,-6,11,54,52,6,27771908,262,1,152,13499,
201.216,2659.5,51.4401,7.48204,283.354,18.5936,48.5107,1,23,-84,-7,15,56,54,6,27771908,262,1,152,13499,
202.223,2678.32,51.4402,7.48224,282.179,18.6464,46.9954,1,23,-84,-7,15,56,54,6,27771908,262,1,152,13499,
203.205,2695.73,51.4403,7.48242,280.901,18.5377,45.2393,1,27,-84,-6,14,56,53,6,27771908,262,1,152,13499,
204.22,2713.15,51.4404,7.48259,279.841,18.6904,44.0561,1,27,-84,-6,14,56,53,6,27771908,262,1,152,13499,
205.22,2731.14,51.4406,7.48277,278.475,19.024,42.7376,1,19,-83,-5,15,57,53,6,27771908,262,1,152,13499,
206.203,2749.75,51.4407,7.48295,276.925,18.8439,41.6903,1,19,-83,-5,15,57,53,6,27771908,262,1,152,13499,
207.212,2768.15,51.4408,7.48312,275.812,18.7714,41.0303,1,19,-83,-5,15,57,53,6,27771908,262,1,152,13499,
208.207,2786.16,51.4409,7.48329,274.523,18.4601,40.389,1,18,-83,-6,15,57,54,6,27771908,262,1,152,13499,
209.219,2804.22,51.4411,7.48346,273.424,18.4477,39.3529,1,18,-83,-6,15,57,54,6,27771908,262,1,152,13499,
210.205,2821.87,51.4412,7.48362,272.216,19.0386,37.9557,1,22,-84,-6,15,56,53,6,27771908,262,1,152,13499,
211.21,2838.71,51.4413,7.48376,270.859,18.1252,36.8526,1,22,-84,-6,15,56,53,6,27771908,262,1,152,13499,
212.208,2856.86,51.4414,7.48391,270.383,18.6558,35.5387,1,18,-83,-6,2,57,54,6,27771908,262,1,152,13499,
213.215,2874.57,51.4416,7.48406,269.496,18.1977,34.2864,1,18,-83,-6,2,57,54,6,27771908,262,1,152,13499,
214.219,2892.45,51.4417,7.4842,268.608,18.321,32.7313,1,15,-87,-7,2,53,52,6,27771908,262,1,152,13499,
215.222,2911.48,51.4419,7.48433,268.304,18.9311,31.1372,1,15,-87,-7,2,53,52,6,27771908,262,1,152,13499,
216.207,2931.26,51.442,7.48447,267.974,18.8409,29.8828,1,11,-88,-9,2,52,52,6,27771909,262,1,151,13499,
217.196,2951.11,51.4422,7.48459,268.26,18.7542,28.8768,1,11,-88,-9,2,52,52,6,27771909,262,1,151,13499,
218.207,2970.42,51.4423,7.48471,268.874,18.5263,28.0154,1,21,-85,-8,2,55,53,6,27771909,262,1,151,13499,
219.208,2989.86,51.4425,7.48482,269.356,18.5465,27.2661,1,21,-85,-8,2,55,53,6,27771909,262,1,151,13499,
220.213,3008.63,51.4426,7.48493,269.754,18.3751,26.2685,1,24,-83,-7,2,57,54,6,27771909,262,1,151,13499,
221.215,3027.85,51.4428,7.48503,270.383,18.2595,25.6292,1,24,-83,-7,2,57,54,6,27771909,262,1,151,13499,
222.215,3046.39,51.443,7.48513,270.717,18.077,25.0245,1,28,-83,-7,2,57,54,6,27771909,262,1,151,13499,
223.21,3064.52,51.4431,7.48523,271.025,17.9156,24.4319,1,28,-83,-7,2,57,54,6,27771909,262,1,151,13499,
224.204,3083.27,51.4433,7.48533,271.375,17.9559,23.989,1,28,-79,-6,2,61,58,6,27771909,262,1,151,13499,
225.223,3101.23,51.4434,7.48542,271.507,18.197,23.6386,1,28,-79,-6,2,61,58,6,27771909,262,1,151,13499,
226.219,3119.89,51.4436,7.48552,271.491,18.012,23.2926,1,31,-78,-5,2,62,59,6,27771909,262,1,151,13499,
227.217,3156.05,51.4439,7.48571,271.292,16.8852,22.3801,1,31,-78,-5,2,62,59,6,27771909,262,1,151,13499,
228.217,3156.05,51.4439,7.48571,271.292,16.8852,22.3801,1,33,-76,-5,2,64,60,6,27771909,262,1,151,13499,
229.211,3172.75,51.444,7.48579,271.219,16.2362,21.9066,1,33,-76,-5,2,64,60,6,27771909,262,1,151,13499,
230.209,3188.97,51.4442,7.48588,271.427,15.3234,22.7596,1,31,-74,-6,2,66,62,6,27771909,262,1,151,13499,
231.198,3203.63,51.4443,7.48596,271.495,14.6903,23.7785,1,31,-74,-6,2,66,62,6,27771909,262,1,151,13499,
232.277,3219.33,51.4444,7.48605,271.235,14.3496,26.4102,1,30,-68,-5,2,72,63,6,27771909,262,1,151,13499,
233.211,3233.89,51.4445,7.48615,271.228,13.7236,29.7768,1,30,-68,-5,2,72,63,6,27771909,262,1,151,13499,
234.218,3258.42,51.4447,7.4864,270.436,12.3373,48.0399,1,28,-73,-4,15,67,63,4,27771909,262,1,151,13499,
235.221,3258.42,51.4447,7.4864,270.436,12.3373,48.0399,1,28,-73,-4,15,67,63,4,27771909,262,1,151,13499,
236.211,3269.39,51.4447,7.48655,269.654,11.3615,68.7779,1,27,-81,-5,15,59,55,4,27771909,262,1,151,13499,
237.213,3282.92,51.4447,7.48674,268.991,10.9221,81.5989,1,27,-81,-5,15,59,55,4,27771909,262,1,151,13499,
238.21,3296.54,51.4447,7.48694,268.575,11.9579,102.745,1,27,-81,-5,15,59,55,4,27771909,262,1,151,13499,
239.208,3309.29,51.4447,7.4871,268.432,12.5846,116.823,1,25,-83,-6,14,57,54,4,27771909,262,1,151,13499,
240.199,3321.26,51.4446,7.48725,268.445,12.8937,120.85,1,25,-83,-6,14,57,54,4,27771909,262,1,151,13499,
241.213,3332.91,51.4445,7.48736,267.991,13.4694,144.907,1,25,-77,-6,15,63,58,4,27771909,262,1,151,13499,
242.223,3361.76,51.4443,7.48752,266.896,12.9987,170.759,1,25,-77,-6,15,63,58,4,27771909,262,1,151,13499,
243.206,3361.76,51.4443,7.48752,266.896,12.9987,170.759,1,30,-67,-5,15,73,63,4,27771909,262,1,151,13499,
244.209,3374.62,51.4442,7.48752,266.644,12.9187,185.014,1,30,-67,-5,15,73,63,4,27771909,262,1,151,13499,
245.21,3387.44,51.4441,7.48747,266.438,12.6076,197.65,1,28,-70,-5,15,70,63,4,27771909,262,1,151,13499,
246.208,3399.13,51.444,7.48739,266.457,12.826,212.188,1,28,-70,-5,15,70,63,4,27771909,262,1,151,13499,
247.209,3410.25,51.4439,7.48727,266.469,12.6935,228.203,1,29,-75,-5,15,65,63,4,27771909,262,1,151,13499,
248.208,3422.83,51.4438,7.48713,266.678,13.1962,231.923,1,29,-75,-5,15,65,63,4,27771909,262,1,151,13499,
249.205,3435.96,51.4438,7.48695,266.328,13.5737,254.727,1,28,-83,-6,2,57,54,4,27771909,262,1,151,13499,
250.216,3450.56,51.4438,7.48674,266.171,14.1277,267.417,1,28,-83,-6,2,57,54,4,27771909,262,1,151,13499,
251.237,3478.54,51.4438,7.48634,265.808,15.6364,269.038,1,25,-83,-6,2,57,54,4,27771909,262,1,151,13499,
252.208,3478.54,51.4438,7.48634,265.808,15.6364,269.038,1,25,-83,-6,2,57,54,4,27771909,262,1,151,13499,
253.206,3494.16,51.4438,7.48611,265.762,16.3673,268.675,1,29,-80,-6,2,60,57,4,27771909,262,1,151,13499,
254.211,3510.92,51.4438,7.48587,265.821,17.1452,268.304,1,29,-80,-6,2,60,57,4,27771909,262,1,151,13499,
255.208,3530.5,51.4438,7.48559,266.356,18.2107,267.639,1,27,-80,-6,2,60,57,4,27771909,262,1,151,13499,
256.207,3552.6,51.4437,7.48527,266.273,18.605,268.001,1,27,-80,-6,2,60,57,4,27771909,262,1,151,13499,
257.206,3573.1,51.4437,7.48498,265.818,19.1744,268.543,1,25,-82,-6,2,58,55,4,27771909,262,1,151,13499,
258.204,3590.26,51.4437,7.48473,266.05,19.8693,269.214,1,25,-82,-6,2,58,55,4,27771909,262,1,151,13499,
259.206,3607.71,51.4437,7.48448,266.299,20.0328,268.843,1,31,-79,-6,15,61,57,3,27771909,262,1,151,13499,
260.198,3626.56,51.4437,7.4842,266.979,19.6707,268.975,1,31,-79,-6,15,61,57,3,27771909,262,1,151,13499,
261.202,3645.84,51.4437,7.48393,267.698,19.8817,268.575,1,31,-79,-6,15,61,57,3,27771909,262,1,151,13499,
262.262,3665.75,51.4437,7.48364,268.153,19.9246,268.251,1,32,-68,-5,15,72,63,3,27771909,262,1,151,13499,
263.2,3686.77,51.4437,7.48334,268.43,20.8436,267.948,1,32,-68,-5,15,72,63,3,27771909,262,1,151,13499,
264.213,3708.05,51.4437,7.48303,268.922,21.3411,267.988,1,30,-74,-5,14,66,63,3,27771909,262,1,151,13499,
265.217,3751.94,51.4437,7.4824,269.946,21.7649,267.328,1,30,-74,-5,14,66,63,3,27771909,262,1,151,13499,
266.208,3751.94,51.4437,7.4824,269.946,21.7649,267.328,1,24,-78,-4,14,62,57,3,27771909,262,1,151,13499,
267.236,3795.54,51.4437,7.48177,270.31,22.2878,266.717,1,24,-78,-4,14,62,57,3,27771909,262,1,151,13499,
268.221,3795.54,51.4437,7.48177,270.31,22.2878,266.717,1,32,-86,-5,13,54,50,3,27771909,262,1,151,13499,
269.2,3817.97,51.4436,7.48144,270.424,22.1017,266.378,1,32,-86,-5,13,54,50,3,27771909,262,1,151,13499,
270.208,3840.65,51.4436,7.48112,270.779,22.1423,266.234,1,11,-89,-6,12,51,47,3,27771909,262,1,151,13499,
271.199,3863.58,51.4436,7.48079,271.002,22.3669,265.219,1,11,-89,-6,12,51,47,3,27771909,262,1,151,13499,
272.207,3885.25,51.4436,7.48047,271.341,22.338,265.396,1,10,-87,-5,13,53,49,3,27771909,262,1,151,13499,
273.2,3906.98,51.4436,7.48016,271.54,22.4011,263.47,1,10,-87,-5,13,53,49,3,27771909,262,1,151,13499,
274.21,3929.94,51.4436,7.47983,271.648,22.7472,263.264,1,21,-88,-5,12,52,47,3,27771909,262,1,151,13499,
275.211,3953.39,51.4435,7.4795,271.439,22.9444,262.223,1,21,-88,-5,12,52,47,3,27771909,262,1,151,13499,
276.206,3976.24,51.4435,7.47917,271.212,22.6755,262.032,1,19,-89,-6,14,51,48,3,27771909,262,1,151,13499,
277.196,3999.07,51.4435,7.47884,270.688,22.4604,262.3,1,19,-89,-6,14,51,48,3,27771909,262,1,151,13499,
278.206,4021.48,51.4434,7.47852,269.895,22.5192,262.421,1,20,-86,-5,12,54,51,3,27771909,262,1,151,13499,
279.203,4043.48,51.4434,7.47821,269.199,22.8026,262.237,1,20,-86,-5,12,54,51,3,27771909,262,1,151,13499,
280.206,4066.09,51.4434,7.47789,268.221,22.9516,262.08,1,16,-87,-6,2,53,51,3,27771909,262,1,151,13499,
281.204,4089.25,51.4434,7.47755,267.287,22.7861,262.462,1,16,-87,-6,2,53,51,3,27771909,262,1,151,13499,
282.188,4112.15,51.4433,7.47723,266.418,22.3322,262.19,1,12,-90,-6,2,50,48,3,27771909,262,1,151,13499,
283.222,4134.61,51.4433,7.47691,265.732,22.5087,262.231,1,12,-90,-6,2,50,48,3,27771909,262,1,151,13499,
284.223,4180.04,51.4433,7.47626,264.221,22.6945,261.927,1,15,-91,-7,2,49,46,3,27771909,262,1,151,13499,
285.207,4180.04,51.4433,7.47626,264.221,22.6945,261.927,1,15,-91,-7,2,49,46,3,27771909,262,1,151,13499,
286.214,4202.86,51.4432,7.47593,263.196,22.6226,260.871,1,15,-91,-7,2,49,46,3,27771909,262,1,151,13499,
287.229,4248.1,51.4432,7.47528,261.497,22.8219,260.25,1,16,-91,-7,2,49,45,3,27771909,262,1,151,13499,
288.216,4248.1,51.4432,7.47528,261.497,22.8219,260.25,1,16,-91,-7,2,49,45,3,27771909,262,1,151,13499,
289.212,4271.35,51.4431,7.47495,260.947,23.4984,259.002,1,11,-89,-7,2,51,46,3,27771909,262,1,151,13499,
290.201,4294.81,51.4431,7.47462,260.24,23.9356,259.001,1,11,-89,-7,2,51,46,3,27771909,262,1,151,13499,
291.212,4318.92,51.443,7.47428,259.454,24.3775,258.867,1,6,-93,-7,2,47,44,3,27771909,262,1,151,13499,
292.217,4342.9,51.443,7.47394,258.593,24.4647,258.992,1,6,-93,-7,2,47,44,3,27771909,262,1,151,13499,
293.216,4392.63,51.4429,7.47323,257.226,24.8486,259.295,1,-4,-102,-10,2,38,37,3,27771909,262,1,151,13499,
294.259,4417.82,51.4429,7.47288,256.833,25.0087,259.111,1,-4,-102,-10,2,38,37,3,27771909,262,1,151,13499,
295.202,4417.82,51.4429,7.47288,256.833,25.0087,259.111,1,-4,-109,-12,2,31,34,3,31281409,262,1,232,13499,
296.211,4442.68,51.4428,7.47252,256.508,24.6549,259.243,1,-4,-109,-12,2,31,34,3,31281409,262,1,232,13499,
297.202,4467.78,51.4428,7.47217,256.285,24.6484,259.179,1,-5,-109,-12,2,31,33,3,31281409,262,1,232,13499,
298.21,4492.67,51.4427,7.47182,256.01,24.8021,259.221,1,-5,-109,-12,2,31,33,3,31281409,262,1,232,13499,
299.227,4517.17,51.4427,7.47147,255.446,24.949,259.041,1,1,-113,-12,2,27,30,3,31281409,262,1,232,13499,
300.207,4541.36,51.4427,7.47112,254.712,24.8705,258.638,1,1,-113,-12,2,27,30,3,31281409,262,1,232,13499,
301.204,4565.53,51.4426,7.47078,253.781,25.002,258.175,1,0,-113,-11,2,27,29,3,31281409,262,1,232,13499,
302.201,4590.55,51.4426,7.47043,252.855,24.8074,258.092,1,0,-113,-11,2,27,29,3,31281409,262,1,232,13499,
303.209,4613.54,51.4425,7.4701,252.155,24.413,258.01,1,1,-112,-11,2,28,29,3,31281409,262,1,232,13499,
304.204,4638.23,51.4425,7.46975,251.251,24.3163,258.706,1,1,-112,-11,2,28,29,3,31281409,262,1,232,13499,
305.196,4663.06,51.4424,7.4694,250.212,24.3908,258.126,1,1,-110,-9,2,30,31,3,31281409,262,1,232,13499,
306.215,4686.78,51.4424,7.46907,249.555,24.2576,257.935,1,1,-110,-9,2,30,31,3,31281409,262,1,232,13499,
307.22,4710.72,51.4424,7.46873,249.173,24.0173,257.957,1,4,-109,-9,2,31,31,3,31281409,262,1,232,13499,
308.222,4734.78,51.4423,7.46839,248.791,23.6893,258.288,1,4,-109,-9,2,31,31,3,31281409,262,1,232,13499,
309.211,4758.54,51.4423,7.46806,248.157,23.4109,258.299,1,8,-109,-9,2,31,31,3,31281409,262,1,232,13499,
310.217,4781.78,51.4422,7.46773,247.718,23.2088,259.176,1,8,-109,-9,2,31,31,3,31281409,262,1,232,13499,
311.214,4804.95,51.4422,7.4674,247.039,23.1967,258.533,1,11,-108,-9,2,32,32,3,31281409,262,1,232,13499,
312.214,4827.69,51.4422,7.46707,246.334,22.9844,259.159,1,11,-108,-9,2,32,32,3,31281409,262,1,232,13499,
313.22,4851.76,51.4421,7.46673,246.294,23.8421,259.483,1,11,-108,-9,2,32,32,3,31281409,262,1,232,13499,
314.207,4875.3,51.4421,7.4664,246.134,24.2772,259.487,1,12,-105,-8,2,35,34,3,31281409,262,1,232,13499,
315.205,4899.66,51.442,7.46605,246.19,24.3562,260.042,1,12,-105,-8,2,35,34,3,31281409,262,1,232,13499,
316.212,4924.39,51.442,7.4657,246.469,24.2005,260.387,1,16,-102,-8,2,38,37,3,31281409,262,1,232,13499,
317.213,4948.25,51.4419,7.46536,246.803,23.6721,260.378,1,16,-102,-8,2,38,37,3,31281409,262,1,232,13499,
318.201,4972.55,51.4419,7.46502,247.333,23.8052,260.825,1,13,-100,-7,2,40,38,3,31281409,262,1,232,13499,
319.204,4995.93,51.4419,7.46468,247.735,23.6308,261.588,1,13,-100,-7,2,40,38,3,31281409,262,1,232,13499,
320.203,5020.56,51.4419,7.46433,248.053,23.8073,262.618,1,25,-102,-7,11,38,37,25,31281409,262,1,232,13499,
321.203,5044.99,51.4418,7.46398,247.988,24.9479,261.924,1,25,-102,-7,11,38,37,25,31281409,262,1,232,13499,
322.216,5069.37,51.4418,7.46363,247.762,24.5241,262.68,1,24,-103,-6,8,37,35,25,31281409,262,1,232,13499,
323.226,5093.54,51.4418,7.46329,247.528,24.1681,263.368,1,24,-103,-6,8,37,35,25,31281409,262,1,232,13499,
324.222,5116.95,51.4417,7.46295,246.914,23.9429,263.815,1,21,-104,-7,8,36,34,25,31281409,262,1,232,13499,
325.207,5141.37,51.4417,7.4626,246.431,24.4606,264.807,1,21,-104,-7,8,36,34,25,31281409,262,1,232,13499,
326.209,5166.34,51.4417,7.46224,245.704,25.1827,264.302,1,21,-101,-7,10,39,37,25,31281409,262,1,232,13499,
327.199,5191.35,51.4417,7.46188,245.228,25.2827,265.139,1,21,-101,-7,10,39,37,25,31281409,262,1,232,13499,
328.205,5215.4,51.4417,7.46153,244.564,24.522,265.828,1,8,-101,-7,11,39,37,25,31281409,262,1,232,13499,
329.209,5239.29,51.4416,7.46119,243.788,23.8629,265.913,1,8,-101,-7,11,39,37,25,31281409,262,1,232,13499,
330.209,5263.07,51.4416,7.46085,242.809,23.6127,266.293,1,21,-101,-7,10,39,37,25,31281409,262,1,232,13499,
331.201,5286.77,51.4416,7.46051,241.933,23.9985,266.049,1,21,-101,-7,10,39,37,25,31281409,262,1,232,13499,
332.2,5311,51.4416,7.46016,241.144,24.5089,266.191,1,6,-105,-9,9,35,35,25,31281409,262,1,232,13499,
333.212,5335.24,51.4416,7.45981,240.49,24.4618,267.436,1,6,-105,-9,9,35,35,25,31281409,262,1,232,13499,
334.219,5383.07,51.4416,7.45912,239.207,24.3454,267.874,1,8,-105,-10,8,35,36,25,31281409,262,1,232,13499,
335.206,5407.37,51.4416,7.45877,238.96,24.3004,268.007,1,8,-105,-10,8,35,36,25,31281409,262,1,232,13499,
336.197,5407.37,51.4416,7.45877,238.96,24.3004,268.007,1,7,-102,-9,2,38,38,25,31281409,262,1,232,13499,
337.206,5432.3,51.4416,7.45841,238.828,24.8777,268.706,1,7,-102,-9,2,38,38,25,31281409,262,1,232,13499,
338.218,5457.82,51.4416,7.45804,238.348,24.8553,269.612,1,7,-102,-9,2,38,38,25,31281409,262,1,232,13499,
339.227,5506.18,51.4416,7.45734,237.655,23.8963,270.126,1,11,-101,-6,2,39,36,25,27771908,262,1,152,13499,
340.215,5506.18,51.4416,7.45734,237.655,23.8963,270.126,1,11,-101,-6,2,39,36,25,27771908,262,1,152,13499,
341.218,5529.59,51.4416,7.457,237.484,23.445,270.363,1,10,-100,-6,2,40,37,25,27771908,262,1,152,13499,
342.211,5552.91,51.4416,7.45666,237.215,23.2681,270.45,1,10,-100,-6,2,40,37,25,27771908,262,1,152,13499,
343.224,5599.93,51.4416,7.45599,236.849,23.6462,270.965,1,13,-99,-6,2,41,38,25,27771908,262,1,152,13499,
344.201,5599.93,51.4416,7.45599,236.849,23.6462,270.965,1,13,-99,-6,2,41,38,25,27771908,262,1,152,13499,
345.215,5622.95,51.4416,7.45565,236.721,23.4299,271.019,1,17,-96,-5,2,44,40,25,27771908,262,1,152,13499,
346.221,5645.91,51.4416,7.45532,236.483,22.9779,271.38,1,17,-96,-5,2,44,40,25,27771908,262,1,152,13499,
347.216,5668.35,51.4416,7.455,236.24,22.9992,271.855,1,5,-94,-5,2,46,42,25,27771908,262,1,152,13499,
348.351,5715.07,51.4416,7.45432,235.624,24.0282,272.919,1,5,-94,-5,2,46,42,25,27771908,262,1,152,13499,
349.217,5715.07,51.4416,7.45432,235.624,24.0282,272.919,1,-1,-98,-7,2,42,39,28,27771908,262,1,152,13499,
350.218,5739.12,51.4416,7.45398,235.3,24.4426,273.023,1,-1,-98,-7,2,42,39,28,27771908,262,1,152,13499,
351.209,5789.76,51.4417,7.45325,234.553,25.5963,274.97,1,18,-82,-5,15,58,55,15,33527552,262,1,433,13499,
352.248,5789.76,51.4417,7.45325,234.553,25.5963,274.97,1,18,-82,-5,15,58,55,15,33527552,262,1,433,13499,
353.219,5814.94,51.4417,7.45289,234.209,25.1363,275.412,1,22,-80,-5,13,60,57,15,33527552,262,1,433,13499,
354.212,5840.38,51.4417,7.45252,234.112,24.5922,275.649,1,22,-80,-5,13,60,57,15,33527552,262,1,433,13499,
355.222,5865.19,51.4417,7.45216,234.124,24.4046,275.78,1,18,-82,-6,10,58,56,15,33527552,262,1,433,13499,
356.21,5889.42,51.4418,7.45181,234.181,24.0457,276.251,1,18,-82,-6,10,58,56,15,33527552,262,1,433,13499,
357.208,5913.52,51.4418,7.45147,234.336,23.8057,276.598,1,24,-83,-6,11,57,55,15,33527552,262,1,433,13499,
358.2,5937.64,51.4418,7.45112,234.464,23.8736,277.124,1,24,-83,-6,11,57,55,15,33527552,262,1,433,13499,
359.208,5961.79,51.4418,7.45078,234.499,24.1833,277.308,1,29,-79,-6,12,61,58,15,33527552,262,1,433,13499,
360.212,5985.7,51.4418,7.45043,234.422,24.7369,277.41,1,29,-79,-6,12,61,58,15,33527552,262,1,433,13499,
361.206,6010,51.4419,7.45009,234.151,24.4787,277.905,1,27,-83,-6,14,57,55,15,33527552,262,1,433,13499,
362.214,6034.49,51.4419,7.44974,234.081,24.3702,278.273,1,27,-83,-6,14,57,55,15,33527552,262,1,433,13499,
363.205,6059.74,51.4419,7.44937,234.144,24.3825,278.522,1,31,-80,-5,15,60,58,15,33527552,262,1,433,13499,
364.208,6084.35,51.442,7.44902,234.172,24.5243,278.389,1,31,-80,-5,15,60,58,15,33527552,262,1,433,13499,
365.202,6108.86,51.442,7.44867,234.365,24.29,279.215,1,31,-80,-5,15,60,58,15,33527552,262,1,433,13499,
366.214,6132.71,51.442,7.44833,234.098,23.9955,279.561,1,31,-79,-5,15,61,59,15,33527552,262,1,433,13499,
367.218,6179.17,51.4421,7.44768,233.493,23.6174,280.676,1,31,-79,-5,15,61,59,15,33527552,262,1,433,13499,
368.225,6203.04,51.4422,7.44734,233.377,23.7694,281.12,1,29,-79,-5,15,61,60,9,33527552,262,1,433,13499,
369.219,6203.04,51.4422,7.44734,233.377,23.7694,281.12,1,29,-79,-5,15,61,60,9,33527552,262,1,433,13499,
370.222,6251.56,51.4422,7.44665,233.179,24.44,282.319,1,28,-78,-5,15,62,59,9,33527552,262,1,433,13499,
371.203,6251.56,51.4422,7.44665,233.179,24.44,282.319,1,28,-78,-5,15,62,59,9,33527552,262,1,433,13499,
372.229,6276.04,51.4423,7.4463,233.097,24.3831,282.252,1,31,-73,-5,15,67,63,9,33527552,262,1,433,13499,
373.212,6299.68,51.4423,7.44597,232.905,24.0514,282.565,1,31,-73,-5,15,67,63,9,33527552,262,1,433,13499,
374.212,6323.51,51.4424,7.44564,232.678,23.8343,283.06,1,32,-72,-5,14,68,63,9,33527552,262,1,433,13499,
375.204,6347.6,51.4424,7.4453,232.762,23.5752,283.659,1,32,-72,-5,14,68,63,9,33527552,262,1,433,13499,
376.207,6371.1,51.4425,7.44496,232.832,23.3951,283.728,1,29,-73,-6,15,67,63,9,33527552,262,1,433,13499,
377.198,6394.53,51.4425,7.44464,232.825,23.3724,283.568,1,29,-73,-6,15,67,63,9,33527552,262,1,433,13499,
378.213,6417.8,51.4426,7.44431,232.799,23.1054,283.612,1,32,-71,-5,15,69,63,9,33527552,262,1,433,13499,
379.218,6464.36,51.4427,7.44366,232.578,23.2141,284.052,1,32,-71,-5,15,69,63,9,33527552,262,1,433,13499,
380.221,6488.15,51.4427,7.44332,232.543,23.5075,284.076,1,32,-70,-6,1,70,63,9,33527552,262,1,433,13499,
381.219,6488.15,51.4427,7.44332,232.543,23.5075,284.076,1,32,-70,-6,1,70,63,9,33527552,262,1,433,13499,
382.209,6511.35,51.4428,7.443,232.313,23.6138,285.438,1,31,-71,-6,14,69,63,9,33527552,262,1,433,13499,
383.22,6557.28,51.4429,7.44236,231.597,23.0302,285.987,1,31,-71,-6,14,69,63,9,33527552,262,1,433,13499,
384.206,6557.28,51.4429,7.44236,231.597,23.0302,285.987,1,32,-68,-6,2,72,63,9,33527552,262,1,433,13499,
385.223,6580.17,51.443,7.44205,231.073,23.2215,286.136,1,32,-68,-6,2,72,63,9,33527552,262,1,433,13499,
386.214,6603.21,51.443,7.44173,230.404,23.8207,286.772,1,27,-68,-5,2,72,63,9,33527552,262,1,433,13499,
387.198,6626.82,51.4431,7.44141,229.541,24.4441,286.973,1,27,-68,-5,2,72,63,9,33527552,262,1,433,13499,
388.212,6652,51.4432,7.44106,228.793,24.4256,287.285,1,27,-68,-5,2,72,63,9,33527552,262,1,433,13499,
389.217,6676.52,51.4432,7.44072,228.176,24.3368,286.668,1,25,-68,-5,2,72,63,9,33527552,262,1,433,13499,
390.294,6724.23,51.4434,7.44006,226.625,24.2072,288.894,1,25,-68,-5,2,72,63,9,33527552,262,1,433,13499,
391.208,6724.23,51.4434,7.44006,226.625,24.2072,288.894,1,27,-76,-6,2,64,61,9,33527552,262,1,433,13499,
392.213,6747.8,51.4434,7.43974,225.625,24.3374,287.784,1,27,-76,-6,2,64,61,9,33527552,262,1,433,13499,
393.21,6772.05,51.4435,7.43941,224.555,24.1967,288.416,1,21,-78,-5,10,62,61,2,33527552,262,1,433,13499,
394.205,6795.3,51.4436,7.4391,223.86,23.9812,289.104,1,21,-78,-5,10,62,61,2,33527552,262,1,433,13499,
395.209,6819.75,51.4436,7.43877,223.166,23.6736,289.768,1,25,-74,-6,15,66,63,2,33527552,262,1,433,13499,
396.197,6843.99,51.4437,7.43843,222.472,23.3908,289.794,1,25,-74,-6,15,66,63,2,33527552,262,1,433,13499,
397.213,6866.48,51.4438,7.43813,221.801,23.3495,290.231,1,21,-80,-5,14,60,55,2,33527552,262,1,433,13499,
398.212,6912.02,51.4439,7.43752,220.256,23.3686,290.499,1,21,-80,-5,14,60,55,2,33527552,262,1,433,13499,
399.196,6912.02,51.4439,7.43752,220.256,23.3686,290.499,1,17,-80,-8,9,60,59,2,33527552,262,1,433,13499,
400.225,6936.15,51.444,7.4372,219.565,23.4491,291.787,1,17,-80,-8,9,60,59,2,33527552,262,1,433,13499,
401.217,6960.41,51.4441,7.43687,218.844,24.1235,291.126,1,21,-78,-5,15,62,59,1,33527554,262,1,434,13499,
402.204,6984.21,51.4442,7.43655,218.467,24.1816,290.55,1,21,-78,-5,15,62,59,1,33527554,262,1,434,13499,
403.215,7009.17,51.4443,7.43622,217.889,24.3834,293.392,1,22,-80,-5,14,60,57,1,33527554,262,1,434,13499,
404.22,7055.76,51.4444,7.43561,215.729,24.0633,293.314,1,22,-80,-5,14,60,57,1,33527554,262,1,434,13499,
405.215,7055.76,51.4444,7.43561,215.729,24.0633,293.314,1,18,-81,-5,14,59,54,1,33527554,262,1,434,13499,
406.211,7079.44,51.4445,7.43529,214.934,23.9393,293.857,1,18,-81,-5,14,59,54,1,33527554,262,1,434,13499,
407.201,7103.23,51.4446,7.43498,214.339,23.7837,294.149,1,17,-78,-4,12,62,59,1,33527554,262,1,434,13499,
408.223,7126.8,51.4447,7.43467,213.602,23.2313,293.156,1,17,-78,-4,12,62,59,1,33527554,262,1,434,13499,
409.204,7149.24,51.4448,7.43438,213.076,22.5578,295.713,1,19,-86,-6,8,54,51,1,33527554,262,1,434,13499,
410.205,7171.39,51.4449,7.4341,212.463,22.2637,296.743,1,19,-86,-6,8,54,51,1,33527554,262,1,434,13499,
411.203,7194.33,51.445,7.4338,211.727,22.2758,295.118,1,25,-82,-5,15,58,55,1,33527554,262,1,434,13499,
412.202,7216.87,51.4451,7.4335,210.877,22.1228,295.633,1,25,-82,-5,15,58,55,1,33527554,262,1,434,13499,
413.204,7238.16,51.4451,7.43323,209.803,21.6166,297.733,1,25,-82,-5,15,58,55,1,33527554,262,1,434,13499,
414.21,7259.13,51.4452,7.43296,208.892,21.4801,298.393,1,20,-83,-5,13,57,52,1,33527554,262,1,434,13499,
415.205,7279.08,51.4453,7.43271,207.793,20.9403,299.741,1,20,-83,-5,13,57,52,1,33527554,262,1,434,13499,
416.212,7299.37,51.4454,7.43247,206.658,20.7297,302.069,1,25,-83,-6,2,57,54,1,33527554,262,1,434,13499,
417.228,7319.99,51.4455,7.43222,205.45,20.5848,303.58,1,25,-83,-6,2,57,54,1,33527554,262,1,434,13499,
418.211,7340.73,51.4456,7.43197,204.518,20.4187,304.08,1,20,-83,-6,2,57,55,1,33527554,262,1,434,13499,
419.206,7360.63,51.4457,7.43173,203.196,20.5133,304.709,1,20,-83,-6,2,57,55,1,33527554,262,1,434,13499,
420.208,7380.92,51.4458,7.43149,202.254,20.248,304.028,1,19,-83,-6,2,57,54,1,33527554,262,1,434,13499,
421.211,7400.8,51.4459,7.43126,201.163,20.1962,304.809,1,19,-83,-6,2,57,54,1,33527554,262,1,434,13499,
422.2,7420.65,51.446,7.43103,200.048,19.7337,305.386,1,28,-83,-6,2,57,54,1,33527554,262,1,434,13499,
423.216,7440.31,51.4461,7.4308,198.916,19.5649,306.848,1,28,-83,-6,2,57,54,1,33527554,262,1,434,13499,
424.205,7459.27,51.4463,7.43059,198.327,19.4213,307.481,1,28,-81,-5,2,59,55,1,33527554,262,1,434,13499,
425.201,7478.39,51.4464,7.43037,197.615,19.3433,308.16,1,28,-81,-5,2,59,55,1,33527554,262,1,434,13499,
426.202,7497.4,51.4465,7.43016,197.065,19.1146,308.504,1,29,-79,-4,2,61,56,1,33527554,262,1,434,13499,
427.2,7515.8,51.4466,7.42996,196.67,18.8719,309.113,1,29,-79,-4,2,61,56,1,33527554,262,1,434,13499,
428.206,7534.49,51.4467,7.42976,196.483,18.7127,309.791,1,29,-77,-5,2,63,59,1,33527554,262,1,434,13499,
429.203,7552.68,51.4468,7.42957,196.051,18.254,310.458,1,29,-77,-5,2,63,59,1,33527554,262,1,434,13499,
430.213,7571.48,51.4469,7.42937,195.583,18.3341,311.282,1,22,-80,-6,2,60,57,1,33527554,262,1,434,13499,
431.221,7607.86,51.4472,7.429,194.521,17.8187,312.832,1,22,-80,-6,2,60,57,1,33527554,262,1,434,13499,
432.205,7607.86,51.4472,7.429,194.521,17.8187,312.832,1,11,-84,-6,2,56,52,1,33527554,262,1,434,13499,
433.213,7625.89,51.4473,7.42882,193.839,17.8398,313.653,1,11,-84,-6,2,56,52,1,33527554,262,1,434,13499,
434.269,7643.02,51.4474,7.42866,193.344,17.9053,314.441,1,14,-86,-5,2,54,50,1,33527554,262,1,434,13499,
435.211,7661.78,51.4475,7.42847,192.702,18.7061,314.952,1,14,-86,-5,2,54,50,1,33527554,262,1,434,13499,
436.214,7680.87,51.4476,7.42829,191.967,19.6957,315.911,1,0,-92,-6,9,48,45,55,27771140,262,1,434,13499,
437.212,7701,51.4478,7.42809,191.381,20.6927,316.921,1,0,-92,-6,9,48,45,55,27771140,262,1,434,13499,
438.212,7741.41,51.448,7.42771,189.758,20.6421,319.296,1,0,-92,-6,9,48,45,55,27771140,262,1,434,13499,
439.208,7741.41,51.448,7.42771,189.758,20.6421,319.296,1,7,-90,-6,11,50,49,55,27771140,262,1,289,13499,
440.22,7761.58,51.4482,7.42754,188.957,20.7249,320.712,1,7,-90,-6,11,50,49,55,27771140,262,1,289,13499,
441.226,7783,51.4483,7.42734,187.998,21.2856,322.19,1,9,-90,-7,11,50,49,55,27771140,262,1,289,13499,
442.217,7804.17,51.4485,7.42716,187.068,21.5794,322.986,1,9,-90,-7,11,50,49,55,27771140,262,1,289,13499,
443.213,7825.13,51.4486,7.42698,186.434,21.658,323.624,1,10,-90,-7,12,50,49,55,27771140,262,1,289,13499,
444.218,7847,51.4488,7.4268,185.891,22.0386,324.65,1,10,-90,-7,12,50,49,55,27771140,262,1,289,13499,
445.214,7868.84,51.449,7.42662,185.263,22.021,325.431,1,12,-95,-6,9,45,42,55,27771140,262,1,289,13499,
446.188,7890.9,51.4491,7.42645,184.929,21.9194,326.39,1,12,-95,-6,9,45,42,55,27771140,262,1,289,13499,
447.216,7912.98,51.4493,7.42628,184.646,21.9098,327.343,1,6,-96,-7,6,44,41,13,33527554,262,1,434,13499,
448.212,7934.2,51.4495,7.42611,183.999,21.7731,327.483,1,6,-96,-7,6,44,41,13,33527554,262,1,434,13499,
449.213,7955.84,51.4496,7.42595,183.275,21.5835,328.888,1,13,-94,-6,15,46,41,13,33527554,262,1,434,13499,
450.2,7977.15,51.4498,7.4258,182.503,21.544,329.686,1,13,-94,-6,15,46,41,13,33527554,262,1,434,13499,
451.214,7998.48,51.45,7.42564,181.463,21.5159,329.891,1,9,-95,-7,12,45,41,13,33527554,262,1,434,13499,
452.218,8040.48,51.4503,7.42535,179.816,21.2322,333.388,1,9,-95,-7,12,45,41,13,33527554,262,1,434,13499,
453.231,8061.43,51.4505,7.42521,179.427,21.2562,333.238,1,8,-96,-7,11,44,42,13,33527554,262,1,434,13499,
454.201,8061.43,51.4505,7.42521,179.427,21.2562,333.238,1,8,-96,-7,11,44,42,13,33527554,262,1,434,13499,
455.216,8083.17,51.4506,7.42507,178.749,21.2553,334.264,1,3,-99,-9,9,41,41,13,33527554,262,1,434,13499,
456.237,8124.66,51.451,7.42483,177.635,21.1517,337.281,1,3,-99,-9,9,41,41,13,33527554,262,1,434,13499,
457.212,8124.66,51.451,7.42483,177.635,21.1517,337.281,1,1,-101,-10,7,39,41,50,27771140,262,1,289,13499,
458.221,8144.99,51.4512,7.42472,176.952,19.9451,337.793,1,1,-101,-10,7,39,41,50,27771140,262,1,289,13499,
459.198,8163.34,51.4513,7.42462,175.865,19.1999,338.118,1,0,-99,-10,6,41,42,37,29568770,262,1,414,13499,
460.201,8182.9,51.4515,7.42452,174.776,19.1507,338.986,1,0,-99,-10,6,41,42,37,29568770,262,1,414,13499,
461.21,8202.22,51.4516,7.42442,173.887,18.9504,339.489,1,0,-99,-10,6,41,42,37,29568770,262,1,414,13499,
462.216,8220.91,51.4518,7.42433,173.364,18.7531,340.206,1,0,-98,-8,7,42,38,37,29568770,262,1,414,13499,
463.229,8257.78,51.4521,7.42416,172.261,18.8635,341.263,1,0,-98,-8,7,42,38,37,29568770,262,1,414,13499,
464.206,8257.78,51.4521,7.42416,172.261,18.8635,341.263,1,-1,-103,-10,6,37,39,19,27770883,262,1,125,13499,
465.213,8276.83,51.4523,7.42407,171.929,18.8675,341.105,1,-1,-103,-10,6,37,39,19,27770883,262,1,125,13499,
466.198,8295.88,51.4524,7.42398,171.683,18.6628,341.731,1,1,-101,-9,7,39,40,19,27770883,262,1,125,13499,
467.209,8314.94,51.4526,7.4239,171.571,18.7945,341.845,1,1,-101,-9,7,39,40,19,27770883,262,1,125,13499,
468.205,8333.76,51.4528,7.42381,171.323,19.055,342.639,1,3,-99,-9,8,41,42,19,27770883,262,1,125,13499,
469.195,8353.39,51.4529,7.42373,171.119,19.3036,342.433,1,3,-99,-9,8,41,42,19,27770883,262,1,125,13499,
470.21,8372.63,51.4531,7.42364,170.998,19.3751,342.686,1,3,-96,-9,9,44,44,19,27770883,262,1,125,13499,
471.214,8391.5,51.4532,7.42356,170.677,19.2565,343.133,1,3,-96,-9,9,44,44,19,27770883,262,1,125,13499,
472.214,8427.46,51.4536,7.42341,169.27,18.6712,343.663,1,3,-91,-9,6,49,49,19,27770883,262,1,125,13499,
473.218,8427.46,51.4536,7.42341,169.27,18.6712,343.663,1,3,-91,-9,6,49,49,19,27770883,262,1,125,13499,
474.221,8445.84,51.4537,7.42334,168.206,18.9086,344.235,1,4,-98,-9,6,42,43,19,27770883,262,1,125,13499,
475.202,8464.8,51.4539,7.42326,167.16,19.1594,343.824,1,4,-98,-9,6,42,43,19,27770883,262,1,125,13499,
476.2,8484.33,51.4541,7.42319,166.323,20.1176,343.83,1,7,-91,-8,7,49,48,19,27770883,262,1,125,13499,
477.203,8505.25,51.4542,7.4231,165.74,21.148,343.719,1,7,-91,-8,7,49,48,19,27770883,262,1,125,13499,
478.207,8526.44,51.4544,7.42302,165.041,21.8298,343.29,1,0,-93,-12,2,47,50,19,27770883,262,1,125,13499,
479.214,8548.83,51.4546,7.42292,164.572,22.6972,341.584,1,0,-93,-12,2,47,50,19,27770883,262,1,125,13499,
480.204,8571.73,51.4548,7.42281,164.299,22.7901,341.661,1,2,-95,-10,2,45,47,19,27770883,262,1,125,13499,
481.195,8594.74,51.455,7.42271,164.015,23.0552,341.856,1,2,-95,-10,2,45,47,19,27770883,262,1,125,13499,
482.222,8616.92,51.4552,7.42261,163.303,23.4689,342.389,1,2,-95,-10,2,45,47,19,27770883,262,1,125,13499,
483.207,8639.18,51.4554,7.42251,162.405,23.5365,342.466,1,2,-94,-9,2,46,47,19,27770883,262,1,125,13499,
484.21,8662.02,51.4556,7.42241,161.458,23.209,342.4,1,2,-94,-9,2,46,47,19,27770883,262,1,125,13499,
485.205,8684.63,51.4558,7.42231,160.463,22.7452,341.854,1,8,-93,-9,2,47,48,19,27770883,262,1,125,13499,
486.221,8706.27,51.456,7.42221,159.194,22.7614,341.57,1,8,-93,-9,2,47,48,19,27770883,262,1,125,13499,
487.211,8728.65,51.4561,7.42211,158.094,23.0922,340.869,1,6,-92,-9,2,48,48,19,27770883,262,1,125,13499,
488.201,8751.6,51.4563,7.422,157.137,23.5841,340.37,1,6,-92,-9,2,48,48,19,27770883,262,1,125,13499,
489.2,8774.79,51.4565,7.42189,156.15,24.3298,339.579,1,7,-92,-9,2,48,48,19,27770883,262,1,125,13499,
490.22,8798.65,51.4567,7.42177,155.211,25.0015,338.793,1,7,-92,-9,2,48,48,19,27770883,262,1,125,13499,
491.217,8823.71,51.4569,7.42163,154.272,25.8441,338.546,1,9,-93,-9,2,47,47,19,27770883,262,1,125,13499,
492.212,8874.96,51.4574,7.42134,152.327,26.527,336.382,1,9,-93,-9,2,47,47,19,27770883,262,1,125,13499,
493.209,8874.96,51.4574,7.42134,152.327,26.527,336.382,1,13,-90,-7,2,50,49,19,27770883,262,1,125,13499,
494.21,8901.24,51.4576,7.42119,151.814,26.4961,335.271,1,13,-90,-7,2,50,49,19,27770883,262,1,125,13499,
495.21,8927.63,51.4578,7.42103,151.291,26.2403,334.785,1,7,-88,-6,2,52,51,19,27770883,262,1,125,13499,
496.212,8954.34,51.458,7.42087,150.788,26.6231,334.434,1,7,-88,-6,2,52,51,19,27770883,262,1,125,13499,
497.21,8980.99,51.4582,7.4207,150.552,26.8765,334.182,1,6,-87,-6,2,53,51,19,27770883,262,1,125,13499,
498.215,9008.96,51.4585,7.42052,150.403,27.1057,333.189,1,6,-87,-6,2,53,51,19,27770883,262,1,125,13499,
499.213,9036.92,51.4587,7.42032,150.598,27.693,331.911,1,15,-86,-7,2,54,52,19,27770883,262,1,125,13499,
500.215,9065.2,51.4589,7.42012,150.909,28.1869,330.733,1,15,-86,-7,2,54,52,19,27770883,262,1,125,13499,
501.216,9122.18,51.4593,7.41971,151.668,29.1516,329.35,1,16,-83,-6,2,57,54,19,27770883,262,1,125,13499,
502.224,9151.36,51.4596,7.41948,152.119,28.9022,328.129,1,16,-83,-6,2,57,54,19,27770883,262,1,125,13499,
503.204,9151.36,51.4596,7.41948,152.119,28.9022,328.129,1,20,-81,-6,2,59,56,19,27770883,262,1,125,13499,
504.213,9180.07,51.4598,7.41927,152.546,28.3751,327.813,1,20,-81,-6,2,59,56,19,27770883,262,1,125,13499,
505.321,9236.22,51.4602,7.41883,153.189,28.1987,325.806,1,20,-81,-6,2,59,56,19,27770883,262,1,125,13499,
506.205,9236.22,51.4602,7.41883,153.189,28.1987,325.806,1,17,-82,-6,2,58,55,19,27770883,262,1,125,13499,
507.21,9264.55,51.4604,7.4186,153.535,28.4244,325.055,1,17,-82,-6,2,58,55,19,27770883,262,1,125,13499,
508.211,9293.18,51.4606,7.41836,153.815,28.5722,324.153,1,19,-74,-5,12,66,61,8,27770883,262,1,125,13499,
509.214,9322.32,51.4608,7.41811,153.949,28.8626,323.316,1,19,-74,-5,12,66,61,8,27770883,262,1,125,13499,
510.214,9351.64,51.4611,7.41786,153.927,29.0372,323.034,1,21,-72,-4,11,68,63,8,27770883,262,1,125,13499,
511.212,9381.02,51.4613,7.41761,153.724,29.1234,322.383,1,21,-72,-4,11,68,63,8,27770883,262,1,125,13499,
512.222,9409.77,51.4615,7.41735,153.501,28.9377,321.239,1,21,-75,-6,15,65,62,8,27770883,262,1,125,13499,
513.201,9438.69,51.4617,7.41709,153.245,28.7544,321.026,1,21,-75,-6,15,65,62,8,27770883,262,1,125,13499,
514.211,9467.41,51.4619,7.41682,153.074,28.7191,319.647,1,18,-78,-6,15,62,59,8,27770883,262,1,125,13499,
515.234,9496.25,51.4621,7.41655,153.066,28.7625,318.868,1,18,-78,-6,15,62,59,8,27770883,262,1,125,13499,
516.207,9525.28,51.4623,7.41628,153.053,28.7695,318.223,1,16,-74,-6,14,66,63,8,27770883,262,1,125,13499,
517.204,9554.29,51.4625,7.41599,153.283,28.6031,316.748,1,16,-74,-6,14,66,63,8,27770883,262,1,125,13499,
518.251,9582.83,51.4627,7.41571,153.673,28.334,316.173,1,21,-74,-5,15,66,62,8,27770883,262,1,125,13499,
519.203,9611.27,51.4628,7.41543,154.053,27.8838,315.657,1,21,-74,-5,15,66,62,8,27770883,262,1,125,13499,
520.217,9639.02,51.463,7.41514,154.591,27.9571,314.582,1,22,-78,-5,14,62,59,8,27770883,262,1,125,13499,
521.226,9695.05,51.4634,7.41456,155.806,27.6836,313.147,1,22,-78,-5,14,62,59,8,27770883,262,1,125,13499,
522.21,9722.79,51.4635,7.41426,156.248,27.6742,312.064,1,21,-85,-6,14,55,53,8,27770883,262,1,125,13499,
523.21,9722.79,51.4635,7.41426,156.248,27.6742,312.064,1,21,-85,-6,14,55,53,8,27770883,262,1,125,13499,
524.197,9750.18,51.4637,7.41396,156.673,27.0942,311.432,1,21,-85,-6,14,55,53,8,27770883,262,1,125,13499,
525.214,9777.34,51.4639,7.41367,157.031,26.6429,311.096,1,-2,-87,-6,2,53,48,8,27770883,262,1,125,13499,
526.204,9803.55,51.464,7.41338,157.316,26.2338,310.672,1,-2,-87,-6,2,53,48,8,27770883,262,1,125,13499,
527.213,9829.38,51.4642,7.4131,157.636,25.9757,309.847,1,22,-85,-7,2,55,52,8,27770883,262,1,125,13499,
528.212,9880.64,51.4644,7.41252,158.175,25.4279,308.999,1,22,-85,-7,2,55,52,8,27770883,262,1,125,13499,
529.209,9880.64,51.4644,7.41252,158.175,25.4279,308.999,1,18,-82,-7,2,58,55,8,27770883,262,1,125,13499,
530.216,9905.93,51.4646,7.41224,158.574,25.4527,308.873,1,18,-82,-7,2,58,55,8,27770883,262,1,125,13499,
531.226,9958.62,51.4649,7.41165,159.452,26.2412,308.16,1,14,-78,-7,2,62,58,8,27770883,262,1,125,13499,
532.207,9958.62,51.4649,7.41165,159.452,26.2412,308.16,1,14,-78,-7,2,62,58,8,27770883,262,1,125,13499,
533.202,9984.47,51.465,7.41136,159.818,25.9441,308.362,1,5,-82,-8,2,58,54,8,27770883,262,1,125,13499,
534.202,10011.1,51.4652,7.41105,160.265,25.9705,308.081,1,5,-82,-8,2,58,54,8,27770883,262,1,125,13499,
535.205,10037.4,51.4653,7.41076,160.68,26.2028,308.069,1,11,-96,-7,2,44,41,8,27770885,262,1,124,13499,
536.2,10064,51.4655,7.41045,161.173,26.5686,307.856,1,11,-96,-7,2,44,41,8,27770885,262,1,124,13499,
537.195,10090.7,51.4656,7.41015,161.704,26.9158,308.033,1,9,-94,-7,2,46,43,8,27770885,262,1,124,13499,
538.208,10117.1,51.4658,7.40985,162.235,26.362,308.052,1,9,-94,-7,2,46,43,8,27770885,262,1,124,13499,
539.211,10143.2,51.4659,7.40956,162.688,25.9128,308.304,1,16,-85,-6,2,55,50,8,27770885,262,1,124,13499,
540.209,10168.8,51.4661,7.40927,163.008,25.9859,308.503,1,16,-85,-6,2,55,50,8,27770885,262,1,124,13499,
541.214,10195,51.4662,7.40897,163.387,25.5884,308.323,1,13,-88,-6,10,52,49,4,27770885,262,1,124,13499,
542.215,10219.9,51.4663,7.40869,163.919,24.8203,308.38,1,13,-88,-6,10,52,49,4,27770885,262,1,124,13499,
543.209,10269.3,51.4666,7.40813,164.602,24.5786,308.799,1,10,-91,-7,8,49,47,4,27770885,262,1,124,13499,
544.217,10269.3,51.4666,7.40813,164.602,24.5786,308.799,1,10,-91,-7,8,49,47,4,27770885,262,1,124,13499,
545.209,10293.1,51.4668,7.40786,164.761,24.8818,308.776,1,13,-85,-6,9,55,51,4,27770885,262,1,124,13499,
546.199,10317.5,51.4669,7.40759,164.775,25.2785,309.186,1,13,-85,-6,9,55,51,4,27770885,262,1,124,13499,
547.218,10342.6,51.467,7.40731,164.596,25.8133,308.99,1,13,-85,-6,9,55,51,4,27770885,262,1,124,13499,
548.212,10368.8,51.4672,7.40702,164.392,26.3512,309.033,1,32,-75,-5,15,65,55,4,27770885,262,1,124,13499,
549.199,10394.4,51.4673,7.40673,164.343,25.6451,309.94,1,32,-75,-5,15,65,55,4,27770885,262,1,124,13499,
550.283,10420.1,51.4675,7.40644,164.335,25.0146,309.792,1,21,-76,-5,1,64,58,4,27770885,262,1,124,13499,
551.196,10444.8,51.4676,7.40617,164.431,24.4292,310.407,1,21,-76,-5,1,64,58,4,27770885,262,1,124,13499,
552.205,10469.4,51.4678,7.4059,164.642,24.532,310.567,1,13,-81,-5,1,59,53,4,27770885,262,1,124,13499,
553.212,10493.6,51.4679,7.40564,164.811,24.8156,310.818,1,13,-81,-5,1,59,53,4,27770885,262,1,124,13499,
554.212,10519.3,51.4681,7.40536,165.012,25.3105,311.499,1,13,-79,-5,11,61,58,4,27770885,262,1,124,13499,
555.196,10545.1,51.4682,7.40508,165.437,25.6888,311.853,1,13,-79,-5,11,61,58,4,27770885,262,1,124,13499,
556.209,10570.9,51.4684,7.4048,166.019,25.1267,312.037,1,10,-82,-5,10,58,52,4,27770885,262,1,124,13499,
557.201,10595.7,51.4685,7.40453,166.61,24.5178,312.291,1,10,-82,-5,10,58,52,4,27770885,262,1,124,13499,
558.216,10620.3,51.4687,7.40427,167.022,23.921,312.107,1,4,-85,-6,8,55,52,4,27770885,262,1,124,13499,
559.214,10643.7,51.4688,7.40402,167.355,23.336,313.282,1,4,-85,-6,8,55,52,4,27770885,262,1,124,13499,
560.209,10666.7,51.469,7.40378,167.707,23.0484,312.488,1,-7,-89,-10,6,51,54,19,27771140,262,1,124,13499,
561.207,10689.8,51.4691,7.40354,167.904,22.8816,313.068,1,-7,-89,-10,6,51,54,19,27771140,262,1,124,13499,
562.208,10713.2,51.4692,7.40329,168.136,23.1801,312.902,1,5,-88,-7,11,52,51,19,27771140,262,1,289,13499,
563.201,10735.8,51.4694,7.40306,168.8,23.602,315.737,1,5,-88,-7,11,52,51,19,27771140,262,1,289,13499,
564.201,10759,51.4695,7.40282,168.762,23.9347,313.777,1,13,-86,-7,10,54,54,19,27771140,262,1,289,13499,
565.201,10783,51.4697,7.40257,168.589,24.2082,313.907,1,13,-86,-7,10,54,54,19,27771140,262,1,289,13499,
566.197,10807.1,51.4698,7.40231,168.207,24.201,314.195,1,16,-89,-7,14,51,50,19,27771140,262,1,289,13499,
567.205,10830.9,51.47,7.40207,167.905,24.0583,315.137,1,16,-89,-7,14,51,50,19,27771140,262,1,289,13499,
568.21,10854.6,51.4701,7.40183,167.763,23.8922,315.293,1,16,-89,-7,14,51,50,19,27771140,262,1,289,13499,
569.196,10878.6,51.4703,7.40159,167.713,23.6658,315.528,1,17,-85,-6,9,55,54,19,27771140,262,1,289,13499,
570.209,10902.5,51.4704,7.40134,167.586,23.6773,315.771,1,17,-85,-6,9,55,54,19,27771140,262,1,289,13499,
571.199,10925.9,51.4706,7.40111,167.676,23.6146,316.079,1,20,-82,-6,11,58,55,19,27771140,262,1,289,13499,
572.212,10949.2,51.4707,7.40088,168.061,23.1105,316.745,1,20,-82,-6,11,58,55,19,27771140,262,1,289,13499,
573.225,10994.2,51.471,7.40043,169.073,21.8735,316.913,1,23,-85,-6,12,55,53,19,27771140,262,1,289,13499,
574.213,10994.2,51.471,7.40043,169.073,21.8735,316.913,1,23,-85,-6,12,55,53,19,27771140,262,1,289,13499,
575.2,11015.9,51.4712,7.40022,169.329,21.3505,317.185,1,21,-87,-6,2,53,51,19,27771140,262,1,289,13499,
576.211,11036.7,51.4713,7.40002,169.479,21.0442,317.954,1,21,-87,-6,2,53,51,19,27771140,262,1,289,13499,
577.22,11058,51.4715,7.39981,169.823,21.0568,317.598,1,21,-87,-6,2,53,51,19,27771140,262,1,289,13499,
578.209,11100.9,51.4717,7.39939,171.114,21.5531,318.169,1,21,-87,-6,2,53,51,19,27771140,262,1,289,13499,
579.206,11100.9,51.4717,7.39939,171.114,21.5531,318.169,1,21,-87,-6,2,53,51,19,27771140,262,1,289,13499,
580.218,11123.4,51.4719,7.39917,171.734,22.0061,318.515,1,21,-87,-6,2,53,51,19,27771140,262,1,289,13499,
581.2,11145.5,51.472,7.39895,172.301,22.4423,318.638,1,12,-86,-6,2,54,52,19,27771140,262,1,289,13499,
582.204,11168.3,51.4722,7.39873,172.938,22.7109,318.73,1,12,-86,-6,2,54,52,19,27771140,262,1,289,13499,
583.207,11191.1,51.4724,7.39852,173.493,22.9903,318.43,1,20,-84,-6,2,56,54,19,27771140,262,1,289,13499,
584.201,11214.5,51.4725,7.3983,174.028,23.4119,319.241,1,20,-84,-6,2,56,54,19,27771140,262,1,289,13499,
585.201,11238.2,51.4727,7.39807,174.508,23.6296,319.865,1,25,-83,-6,2,57,55,19,27771140,262,1,289,13499,
586.207,11261.4,51.4728,7.39785,174.967,23.4055,320.078,1,25,-83,-6,2,57,55,19,27771140,262,1,289,13499,
587.207,11284.3,51.473,7.39763,175.343,22.6694,319.321,1,19,-85,-5,2,55,52,19,27771140,262,1,289,13499,
588.204,11306.2,51.4731,7.39742,175.725,22.1111,319.509,1,19,-85,-5,2,55,52,19,27771140,262,1,289,13499,
589.203,11328.1,51.4733,7.39722,176.121,21.7726,320.066,1,15,-89,-6,2,51,48,19,33527554,262,1,434,13499,
590.201,11349.8,51.4734,7.39702,176.401,21.5695,321.077,1,15,-89,-6,2,51,48,19,33527554,262,1,434,13499,
591.211,11370.8,51.4736,7.39683,176.482,21.4341,321.285,1,15,-89,-6,2,51,48,19,33527554,262,1,434,13499,
592.21,11391.6,51.4737,7.39664,176.449,21.5549,321.67,1,11,-89,-6,2,51,49,19,33527554,262,1,434,13499,
593.216,11413.3,51.4739,7.39645,176.359,21.6279,321.447,1,11,-89,-6,2,51,49,19,33527554,262,1,434,13499,
594.206,11435.5,51.474,7.39626,176.53,22.0877,322.167,1,12,-88,-5,2,52,47,19,33527554,262,1,434,13499,
595.216,11457.9,51.4742,7.39606,176.697,22.3826,322.287,1,12,-88,-5,2,52,47,19,33527554,262,1,434,13499,
596.285,11504,51.4745,7.39567,177.41,23.2054,323.657,1,13,-88,-6,2,52,49,19,33527554,262,1,434,13499,
597.208,11504,51.4745,7.39567,177.41,23.2054,323.657,1,13,-88,-6,2,52,49,19,33527554,262,1,434,13499,
598.218,11527.7,51.4747,7.39548,177.955,23.73,325.071,1,10,-91,-6,10,49,46,7,27771140,262,1,434,13499,
599.208,11551.6,51.4749,7.39528,178.458,23.7909,324.947,1,10,-91,-6,10,49,46,7,27771140,262,1,434,13499,
600.215,11574.7,51.4751,7.39509,178.801,23.5725,325.907,1,29,-83,-5,15,57,54,7,27771140,262,1,289,13499,
601.216,11621.7,51.4754,7.39475,179.585,22.8716,328.848,1,29,-83,-5,15,57,54,7,27771140,262,1,289,13499,
602.224,11645.7,51.4756,7.39457,180.182,22.3783,328.759,1,19,-81,-7,13,59,58,7,27771140,262,1,289,13499,
603.207,11645.7,51.4756,7.39457,180.182,22.3783,328.759,1,19,-81,-7,13,59,58,7,27771140,262,1,289,13499,
604.173,11668.1,51.4758,7.39441,180.617,22.3715,330.251,1,12,-81,-6,14,59,56,7,27771140,262,1,289,13499,
605.183,11690.6,51.476,7.39425,180.916,22.4773,330.626,1,12,-81,-6,14,59,56,7,27771140,262,1,289,13499,
606.208,11712.3,51.4761,7.3941,180.716,22.6613,330.943,1,25,-79,-6,14,61,59,7,27771140,262,1,289,13499,
607.199,11734.5,51.4763,7.39395,180.359,22.7607,331.427,1,25,-79,-6,14,61,59,7,27771140,262,1,289,13499,
608.208,11757.9,51.4765,7.39379,180.256,23.1095,332.453,1,22,-78,-7,14,62,61,7,27771140,262,1,289,13499,
609.194,11781.1,51.4767,7.39365,180.235,22.9156,333.818,1,22,-78,-7,14,62,61,7,27771140,262,1,289,13499,
610.213,11804.1,51.4769,7.39351,180.473,22.1287,334.907,1,23,-80,-6,13,60,59,7,27771140,262,1,289,13499,
611.215,11825.4,51.4771,7.39339,180.472,20.2459,336.239,1,23,-80,-6,13,60,59,7,27771140,262,1,289,13499,
612.21,11845.4,51.4772,7.39328,180.678,18.9978,337.113,1,10,-83,-8,13,57,56,7,27771140,262,1,289,13499,
613.212,11865.5,51.4774,7.39318,181.178,18.4928,338.595,1,10,-83,-8,13,57,56,7,27771140,262,1,289,13499,
614.207,11884.3,51.4775,7.3931,181.772,17.9783,341.188,1,10,-83,-8,13,57,56,7,27771140,262,1,289,13499,
615.21,11901.1,51.4777,7.39304,182.332,17.2565,344.582,1,14,-85,-10,11,55,57,7,27771140,262,1,289,13499,
616.204,11917.7,51.4778,7.39299,182.87,17.007,348.393,1,14,-85,-10,11,55,57,7,27771140,262,1,289,13499,
617.201,11934.6,51.478,7.39301,183.776,17.4801,2.15105,1,18,-80,-6,15,60,57,4,27771139,262,1,288,13499,
618.199,11952.2,51.4782,7.39304,184.14,17.1459,3.99164,1,18,-80,-6,15,60,57,4,27771139,262,1,288,13499,
619.204,11969.5,51.4783,7.39308,184.044,18.042,8.05047,1,22,-83,-5,14,57,54,4,27771139,262,1,288,13499,
620.201,11988.4,51.4785,7.39318,184.475,18.8169,20.698,1,22,-83,-5,14,57,54,4,27771139,262,1,288,13499,
621.208,12007.5,51.4786,7.39329,184.758,18.9438,23.4727,1,34,-73,-5,15,67,63,4,27771139,262,1,288,13499,
622.194,12025.9,51.4788,7.39342,184.574,18.4231,26.9993,1,34,-73,-5,15,67,63,4,27771139,262,1,288,13499,
623.197,12042.7,51.4789,7.39356,184.55,16.0584,29.7561,1,19,-85,-5,13,55,51,4,27771139,262,1,288,13499,
624.209,12058.2,51.479,7.39367,184.324,14.461,29.6202,1,19,-85,-5,13,55,51,4,27771139,262,1,288,13499,
625.23,12085,51.4792,7.39381,183.693,12.905,5.57762,1,27,-80,-5,14,60,56,4,27771139,262,1,288,13499,
626.204,12085,51.4792,7.39381,183.693,12.905,5.57762,1,27,-80,-5,14,60,56,4,27771139,262,1,288,13499,
627.209,12095.6,51.4793,7.39382,183.009,12.3624,2.17501,1,25,-88,-6,11,52,48,4,27771139,262,1,288,13499,
628.21,12107,51.4794,7.39378,182.772,11.9535,344.696,1,25,-88,-6,11,52,48,4,27771139,262,1,288,13499,
629.194,12117.7,51.4795,7.39374,182.925,11.3075,341.68,1,14,-92,-7,9,48,45,4,27771139,262,1,288,13499,
630.21,12128.7,51.4796,7.39369,183.515,10.8031,339.298,1,14,-92,-7,9,48,45,4,27771139,262,1,288,13499,
631.228,12149.1,51.4798,7.39357,184.668,9.96352,336.091,1,9,-86,-6,6,54,50,14,28365058,262,1,223,13499,
632.217,12149.1,51.4798,7.39357,184.668,9.96352,336.091,1,9,-86,-6,6,54,50,14,28365058,262,1,223,13499,
633.209,12169.2,51.48,7.39347,186.169,9.55074,339.021,1,17,-82,-5,14,58,54,14,28365058,262,1,223,13499,
634.213,12169.2,51.48,7.39347,186.169,9.55074,339.021,1,17,-82,-5,14,58,54,14,28365058,262,1,223,13499,
635.2,12179.5,51.48,7.39345,186.941,9.89793,354.228,1,5,-88,-7,10,52,48,14,28365058,262,1,223,13499,
636.219,12189.1,51.4801,7.39344,187.736,10.302,357.689,1,5,-88,-7,10,52,48,14,28365058,262,1,223,13499,
637.2,12198.5,51.4802,7.3935,188.286,10.3256,27.3778,1,6,-86,-6,6,54,50,5,27771139,262,1,288,13499,
638.204,12209.2,51.4803,7.3936,188.634,10.6935,43.6758,1,6,-86,-6,6,54,50,5,27771139,262,1,288,13499,
639.218,12219.5,51.4803,7.39371,188.716,11.4027,47.5001,1,6,-86,-6,6,54,50,5,27771139,262,1,288,13499,
640.195,12247.1,51.4805,7.39402,190.108,14.1607,53.2542,1,17,-85,-6,12,55,52,5,27771139,262,1,288,13499,
641.267,12247.1,51.4805,7.39402,190.108,14.1607,53.2542,1,17,-85,-6,12,55,52,5,27771139,262,1,288,13499,
642.191,12261.4,51.4806,7.39419,190.689,14.8695,54.4565,1,21,-84,-6,12,56,52,5,27771139,262,1,288,13499,
643.209,12277.2,51.4807,7.39438,191.078,15.9602,55.5821,1,21,-84,-6,12,56,52,5,27771139,262,1,288,13499,
644.203,12293.2,51.4807,7.39458,191.309,16.6055,56.7253,1,14,-86,-6,14,54,52,5,27771139,262,1,288,13499,
645.205,12310.3,51.4808,7.39479,191.827,17.0375,57.4119,1,14,-86,-6,14,54,52,5,27771139,262,1,288,13499,
646.199,12328.5,51.4809,7.39501,192.516,17.581,58.0219,1,21,-80,-5,14,60,56,5,27771139,262,1,288,13499,
647.206,12345.9,51.481,7.39523,193.068,17.7275,58.579,1,21,-80,-5,14,60,56,5,27771139,262,1,288,13499,
648.21,12363.2,51.481,7.39545,193.143,17.7956,59.044,1,16,-83,-5,12,57,53,5,27771139,262,1,288,13499,
649.214,12380.9,51.4811,7.39568,192.97,17.6612,59.5078,1,16,-83,-5,12,57,53,5,27771139,262,1,288,13499,
650.234,12399.2,51.4812,7.39591,192.662,17.8236,59.6984,1,17,-86,-6,8,54,52,5,27771139,262,1,288,13499,
651.219,12416.6,51.4813,7.39613,192.419,17.874,59.6297,1,17,-86,-6,8,54,52,5,27771139,262,1,288,13499,
652.206,12433.2,51.4814,7.39634,192.664,17.7023,59.9676,1,10,-86,-6,11,54,51,5,27771139,262,1,288,13499,
653.213,12451.7,51.4814,7.39657,193.152,17.7822,59.5674,1,10,-86,-6,11,54,51,5,27771139,262,1,288,13499,
654.213,12468.4,51.4815,7.39678,193.202,16.5573,59.1812,1,15,-88,-6,10,52,50,5,27771139,262,1,288,13499,
655.211,12484.7,51.4816,7.39698,192.835,16.4151,58.5445,1,15,-88,-6,10,52,50,5,27771139,262,1,288,13499,
656.214,12499.7,51.4817,7.39716,192.731,16.0317,57.6358,1,19,-84,-4,12,56,50,5,27771139,262,1,288,13499,
657.216,12516.5,51.4817,7.39736,192.946,15.6843,56.7673,1,19,-84,-4,12,56,50,5,27771139,262,1,288,13499,
658.212,12532.1,51.4818,7.39755,192.929,15.2111,55.7557,1,21,-79,-4,2,61,56,5,27771139,262,1,288,13499,
659.217,12546.6,51.4819,7.39772,192.745,14.6171,54.9327,1,21,-79,-4,2,61,56,5,27771139,262,1,288,13499,
660.206,12561.5,51.482,7.39789,192.414,14.1006,53.6911,1,25,-78,-4,15,62,58,10,27771139,262,1,288,13499,
661.21,12575.3,51.4821,7.39805,191.835,13.1437,52.4863,1,25,-78,-4,15,62,58,10,27771139,262,1,288,13499,
662.204,12587.1,51.4821,7.39818,190.986,11.6448,51.1833,1,25,-78,-4,15,62,58,10,27771139,262,1,288,13499,
663.206,12597.3,51.4822,7.39829,190.102,10.2176,49.1215,1,21,-78,-5,14,62,58,10,27771139,262,1,288,13499,
664.207,12606.3,51.4822,7.39839,188.999,8.73849,47.7682,1,21,-78,-5,14,62,58,10,27771139,262,1,288,13499,
665.211,12614.6,51.4823,7.39847,187.709,7.15159,46.1887,1,28,-81,-5,13,59,56,10,27771139,262,1,288,13499,
666.191,12621.9,51.4823,7.39855,186.414,5.2434,44.6783,1,28,-81,-5,13,59,56,10,27771139,262,1,288,13499,
667.216,12623.9,51.4823,7.39857,186.305,2.91947,42.6438,1,33,-82,-5,13,58,55,10,27771139,262,1,288,13499,
668.204,12623.9,51.4823,7.39857,186.173,0.268287,42.6438,1,33,-82,-5,13,58,55,10,27771139,262,1,288,13499,
669.215,12623.9,51.4823,7.39857,186.164,0,42.6438,1,30,-83,-6,12,57,51,10,27771139,262,1,288,13499,
670.219,12623.9,51.4823,7.39857,186.153,0,42.6438,1,30,-83,-6,12,57,51,10,27771139,262,1,288,13499,
671.215,12623.9,51.4823,7.39857,186.142,0,42.6438,1,32,-83,-6,14,57,52,10,27771139,262,1,288,13499,
672.229,12623.9,51.4823,7.39857,186.128,0,42.6438,1,32,-83,-6,14,57,52,10,27771139,262,1,288,13499,
673.212,12623.9,51.4823,7.39857,186.11,0,42.6438,1,29,-83,-6,13,57,51,10,27771139,262,1,288,13499,
674.223,12623.9,51.4823,7.39857,186.068,0,42.6438,1,29,-83,-6,13,57,51,10,27771139,262,1,288,13499,
675.201,12623.9,51.4823,7.39857,186.068,0,42.6438,1,17,-84,-5,11,56,48,10,27771139,262,1,288,13499,
676.21,12623.9,51.4823,7.39857,186.047,0,42.6438,1,17,-84,-5,11,56,48,10,27771139,262,1,288,13499,
677.203,12623.9,51.4823,7.39857,186.026,0,42.6438,1,16,-84,-5,2,56,47,10,27771139,262,1,288,13499,
678.205,12623.9,51.4823,7.39857,185.998,0,42.6438,1,16,-84,-5,2,56,47,10,27771139,262,1,288,13499,
679.196,12623.9,51.4823,7.39857,185.97,0,42.6438,1,16,-84,-5,2,56,48,10,27771139,262,1,288,13499,
680.195,12623.9,51.4823,7.39857,185.941,0,42.6438,1,16,-84,-5,2,56,48,10,27771139,262,1,288,13499,
681.21,12623.9,51.4823,7.39857,185.912,0,42.6438,1,16,-83,-6,11,57,49,10,27771139,262,1,288,13499,
682.208,12623.9,51.4823,7.39857,185.886,0,42.6438,1,16,-83,-6,11,57,49,10,27771139,262,1,288,13499,
683.225,12623.9,51.4823,7.39857,185.862,0,42.6438,1,17,-81,-6,4,59,50,10,27771139,262,1,288,13499,
684.205,12623.9,51.4823,7.39857,185.843,0,42.6438,1,17,-81,-6,4,59,50,10,27771139,262,1,288,13499,
685.216,12623.9,51.4823,7.39857,185.827,0,42.6438,1,17,-81,-6,4,59,50,10,27771139,262,1,288,13499,
686.221,12623.9,51.4823,7.39857,185.817,0,42.6438,1,19,-81,-6,13,59,51,10,27771139,262,1,288,13499,
687.284,12623.9,51.4823,7.39857,185.81,0,42.6438,1,19,-81,-6,13,59,51,10,27771139,262,1,288,13499,
688.196,12623.9,51.4823,7.39857,185.807,0,42.6438,1,20,-81,-6,12,59,51,10,27771139,262,1,288,13499,
689.217,12623.9,51.4823,7.39857,185.805,0,42.6438,1,20,-81,-6,12,59,51,10,27771139,262,1,288,13499,
690.213,12623.9,51.4823,7.39857,185.803,0,42.6438,1,21,-81,-5,14,59,52,10,27771139,262,1,288,13499,
691.218,12623.9,51.4823,7.39857,185.796,0,42.6438,1,21,-81,-5,14,59,52,10,27771139,262,1,288,13499,
692.212,12623.9,51.4823,7.39857,185.65,0,40.2749,1,20,-83,-5,12,57,53,10,27771139,262,1,288,13499,
693.205,12636.1,51.4824,7.39868,185.454,0,39.8522,1,20,-83,-5,12,57,53,10,27771139,262,1,288,13499,
694.207,12644.1,51.4825,7.39875,185.358,9.43921,39.1958,1,11,-87,-6,10,53,48,10,27771139,262,1,288,13499,
695.202,12654.5,51.4826,7.39884,185.299,10.8857,38.1777,1,11,-87,-6,10,53,48,10,27771139,262,1,288,13499,
696.202,12666.3,51.4827,7.39894,185.364,11.6256,36.8088,1,9,-86,-6,13,54,48,10,27771139,262,1,288,13499,
697.216,12677.7,51.4827,7.39903,185.772,11.7069,35.5268,1,9,-86,-6,13,54,48,10,27771139,262,1,288,13499,
698.204,12690.8,51.4828,7.39914,185.904,12.1599,34.8172,1,9,-84,-5,9,56,51,10,27771139,262,1,288,13499,
699.209,12703.7,51.4829,7.39924,185.665,12.9091,34.4559,1,9,-84,-5,9,56,51,10,27771139,262,1,288,13499,
700.199,12717.4,51.483,7.39935,185.634,13.6493,33.9166,1,11,-83,-5,12,57,51,10,27771139,262,1,288,13499,
701.214,12731.6,51.4831,7.39946,185.708,14.3734,33.4461,1,11,-83,-5,12,57,51,10,27771139,262,1,288,13499,
702.222,12761.8,51.4834,7.39969,185.625,15.1965,33.7052,1,13,-86,-5,14,54,48,10,27771139,262,1,288,13499,
703.202,12761.8,51.4834,7.39969,185.625,15.1965,33.7052,1,13,-86,-5,14,54,48,10,27771139,262,1,288,13499,
704.208,12777.3,51.4835,7.39981,185.621,15.5663,34.3147,1,12,-92,-6,11,48,46,10,27771139,262,1,288,13499,
705.202,12793,51.4836,7.39993,185.687,15.7754,34.7274,1,12,-92,-6,11,48,46,10,27771139,262,1,288,13499,
706.205,12809,51.4837,7.40006,185.847,15.9146,35.3614,1,2,-95,-8,9,45,44,9,28365058,262,1,288,13499,
707.217,12823.9,51.4838,7.40019,186.016,15.8539,35.789,1,2,-95,-8,9,45,44,9,28365058,262,1,288,13499,
708.201,12840.8,51.484,7.40033,185.926,15.8289,36.4043,1,8,-92,-7,12,48,46,9,28365058,262,1,223,13499,
709.206,12856.8,51.4841,7.40047,186.181,15.9074,37.1027,1,8,-92,-7,12,48,46,9,28365058,262,1,223,13499,
710.216,12872.5,51.4842,7.4006,186.309,16.1256,37.9147,1,8,-92,-7,12,48,46,9,28365058,262,1,223,13499,
711.22,12904,51.4844,7.4009,185.673,16.4539,39.1847,1,10,-93,-7,8,47,45,9,28365058,262,1,223,13499,
712.218,12904,51.4844,7.4009,185.673,16.4539,39.1847,1,10,-93,-7,8,47,45,9,28365058,262,1,223,13499,
713.206,12920,51.4845,7.40105,184.918,16.2933,40.0033,1,8,-94,-8,8,46,43,9,28365058,262,1,223,13499,
714.213,12936.6,51.4846,7.40122,184.644,16.1447,40.9361,1,8,-94,-8,8,46,43,9,28365058,262,1,223,13499,
715.201,12952.7,51.4847,7.40138,184.337,15.9214,41.5946,1,4,-96,-7,11,44,41,9,28365058,262,1,223,13499,
716.212,12968.6,51.4848,7.40154,184.545,16.022,42.1289,1,4,-96,-7,11,44,41,9,28365058,262,1,223,13499,
717.224,13001.6,51.4851,7.40186,185.273,15.7198,42.7391,1,11,-94,-6,8,46,42,9,28365058,262,1,223,13499,
718.198,13001.6,51.4851,7.40186,185.273,15.7198,42.7391,1,11,-94,-6,8,46,42,9,28365058,262,1,223,13499,
719.208,13016.2,51.4851,7.40201,184.913,15.5013,43.847,1,5,-93,-6,12,47,44,9,28365058,262,1,223,13499,
720.197,13030.2,51.4852,7.40216,183.858,14.4847,45.1128,1,5,-93,-6,12,47,44,9,28365058,262,1,223,13499,
721.219,13043.5,51.4853,7.4023,182.856,13.4335,46.3271,1,3,-94,-6,2,46,43,9,28365058,262,1,223,13499,
722.217,13056.7,51.4854,7.40245,181.938,12.4567,47.5056,1,3,-94,-6,2,46,43,9,28365058,262,1,223,13499,
723.212,13068.3,51.4854,7.40258,180.773,10.8199,48.391,1,8,-96,-7,2,44,42,9,28365058,262,1,223,13499,
724.205,13078,51.4855,7.4027,179.386,8.5048,48.6168,1,8,-96,-7,2,44,42,9,28365058,262,1,223,13499,
725.203,13085.6,51.4855,7.40277,178.745,7.15553,34.8292,1,5,-96,-8,2,44,42,9,28365058,262,1,223,13499,
726.213,13092.5,51.4856,7.4028,178.555,6.97061,9.75111,1,5,-96,-8,2,44,42,9,28365058,262,1,223,13499,
727.212,13097.8,51.4857,7.40278,178.364,7.24849,347.699,1,2,-96,-8,2,44,42,9,29391105,262,1,351,13499,
728.209,13104.4,51.4857,7.40274,178.342,8.05074,329.984,1,2,-96,-8,2,44,42,9,29391105,262,1,351,13499,
729.198,13112.8,51.4858,7.40268,178.707,8.81304,327.658,1,-11,-98,-8,2,42,40,9,29391105,262,1,351,13499,
730.215,13123.9,51.4859,7.4026,179.527,10.0261,326.244,1,-11,-98,-8,2,42,40,9,29391105,262,1,351,13499,
731.206,13136.4,51.486,7.4025,180.541,11.0538,325.753,1,3,-100,-9,2,40,40,9,26385409,262,1,93,13499,
732.208,13147.8,51.486,7.40241,181.86,11.0985,326.257,1,3,-100,-9,2,40,40,9,26385409,262,1,93,13499,
733.215,13159.2,51.4861,7.40233,183.459,10.7442,327.365,1,5,-97,-8,2,43,42,9,26385409,262,1,93,13499,
734.214,13182,51.4863,7.40216,186.657,10.9204,329.839,1,5,-97,-8,2,43,42,9,26385409,262,1,93,13499,
735.218,13192.7,51.4864,7.40208,187.752,10.8015,331.087,1,7,-96,-8,2,44,44,9,26385409,262,1,93,13499,
736.21,13203.9,51.4865,7.40201,188.654,11.525,332.43,1,7,-96,-8,2,44,44,9,26385409,262,1,93,13499,
737.205,13203.9,51.4865,7.40201,188.654,11.525,332.43,1,5,-94,-8,2,46,45,9,26385409,262,1,93,13499,
738.214,13215.8,51.4866,7.40194,189.5,11.5053,334.176,1,5,-94,-8,2,46,45,9,26385409,262,1,93,13499,
739.279,13227.5,51.4867,7.40188,190.053,12.0161,337.356,1,9,-94,-7,2,46,45,9,26385409,262,1,93,13499,
740.226,13239.5,51.4868,7.40183,189.91,12.4804,340.013,1,9,-94,-7,2,46,45,9,26385409,262,1,93,13499,
741.206,13251.4,51.4869,7.40178,189.596,12.8847,342.452,1,9,-94,-7,2,46,45,9,26385409,262,1,93,13499,
742.202,13264,51.487,7.40174,189.275,12.3985,345.067,1,5,-93,-12,7,47,50,4,26385409,262,1,93,13499,
743.194,13276.5,51.4871,7.40171,188.878,12.3002,347.222,1,5,-93,-12,7,47,50,4,26385409,262,1,93,13499,
744.203,13288.9,51.4872,7.40169,188.814,12.3221,349.644,1,21,-85,-6,11,55,52,4,26385409,262,1,93,13499,
745.209,13301.1,51.4873,7.40168,188.447,12.8237,351.797,1,21,-85,-6,11,55,52,4,26385409,262,1,93,13499,
746.197,13313.2,51.4874,7.40167,187.877,12.8332,353.671,1,18,-83,-6,11,57,54,4,26385409,262,1,93,13499,
747.207,13326.2,51.4875,7.40167,186.953,12.9193,355.559,1,18,-83,-6,11,57,54,4,26385409,262,1,93,13499,
748.209,13339.2,51.4877,7.40167,186.239,12.8129,357.79,1,20,-85,-6,11,55,52,4,26385409,262,1,93,13499,
749.206,13352.3,51.4878,7.40167,185.808,12.8018,358.672,1,20,-85,-6,11,55,52,4,26385409,262,1,93,13499,
750.21,13365.1,51.4879,7.40168,185.526,12.7227,359.22,1,19,-88,-6,10,52,49,4,26385409,262,1,93,13499,
751.201,13378.5,51.488,7.40169,185.355,12.7729,0.039901,1,19,-88,-6,10,52,49,4,26385409,262,1,93,13499,
752.21,13391.5,51.4881,7.40169,185.707,12.7409,0.169528,1,17,-79,-6,10,61,59,4,26385409,262,1,93,13499,
753.203,13405.3,51.4883,7.4017,185.651,13.1526,0.470505,1,17,-79,-6,10,61,59,4,26385409,262,1,93,13499,
754.214,13418.9,51.4884,7.4017,185.462,13.2427,0.632471,1,9,-83,-6,12,57,54,4,26385409,262,1,93,13499,
755.216,13445,51.4886,7.40172,185.041,12.4678,1.00019,1,9,-83,-6,12,57,54,4,26385409,262,1,93,13499,
756.222,13445,51.4886,7.40172,185.041,12.4678,1.00019,1,17,-82,-8,15,58,55,4,26385409,262,1,93,13499,
757.201,13457.5,51.4887,7.40172,185.159,11.8779,359.716,1,17,-82,-8,15,58,55,4,26385409,262,1,93,13499,
758.209,13469.7,51.4888,7.40172,185.266,12.003,358.509,1,12,-82,-8,2,58,58,4,26385409,262,1,93,13499,
759.21,13481.5,51.4889,7.40172,185.245,10.9461,358.173,1,12,-82,-8,2,58,58,4,26385409,262,1,93,13499,
760.174,13492.6,51.489,7.40172,185.246,10.8629,357.752,1,-5,-84,-10,2,56,58,2,26385409,262,1,93,13499,
761.196,13503.3,51.4891,7.40171,185.122,10.4777,358.877,1,-5,-84,-10,2,56,58,2,26385409,262,1,93,13499,
762.205,13513.7,51.4892,7.40171,184.584,9.77684,0.264117,1,4,-69,-6,6,71,63,1,26385410,262,1,94,13499,
763.211,13521.7,51.4893,7.40174,184.429,7.34718,17.4138,1,4,-69,-6,6,71,63,1,26385410,262,1,94,13499,
764.219,13528.5,51.4894,7.4018,184.128,6.50436,43.092,1,27,-73,-7,15,67,63,1,26385410,262,1,94,13499,
765.219,13535.1,51.4894,7.40188,183.985,6.92332,62.8145,1,27,-73,-7,15,67,63,1,26385410,262,1,94,13499,
766.207,13543.4,51.4894,7.402,184.017,7.929,81.2535,1,27,-73,-7,15,67,63,1,26385410,262,1,94,13499,
767.205,13551.1,51.4894,7.40211,183.7,9.464,83.7692,1,28,-71,-6,15,69,63,1,26385410,262,1,94,13499,
768.207,13562.1,51.4894,7.40227,183.327,11.1761,85.5536,1,28,-71,-6,15,69,63,1,26385410,262,1,94,13499,
769.207,13573.8,51.4894,7.40243,183.013,12.7256,87.2541,1,29,-72,-7,15,68,63,1,26385410,262,1,94,13499,
770.205,13586.5,51.4894,7.40262,182.697,13.6089,88.2395,1,29,-72,-7,15,68,63,1,26385410,262,1,94,13499,
771.216,13600.7,51.4894,7.40282,182.4,14.7576,89.0988,1,16,-78,-7,14,62,61,1,26385410,262,1,94,13499,
772.219,13616,51.4894,7.40305,182.138,15.0853,89.7745,1,16,-78,-7,14,62,61,1,26385410,262,1,94,13499,
773.205,13631,51.4894,7.40326,181.875,14.7983,90.1406,1,19,-71,-6,14,69,63,1,26385410,262,1,94,13499,
774.21,13645.7,51.4894,7.40347,181.732,14.2957,90.5563,1,19,-71,-6,14,69,63,1,26385410,262,1,94,13499,
775.199,13659.5,51.4894,7.40367,181.632,13.6122,90.5963,1,12,-78,-8,11,62,61,1,26385410,262,1,94,13499,
776.209,13673,51.4894,7.40387,181.533,13.0663,90.0402,1,12,-78,-8,11,62,61,1,26385410,262,1,94,13499,
777.215,13686.1,51.4894,7.40406,181.512,13.1589,90.9718,1,12,-69,-6,2,71,63,1,26385410,262,1,94,13499,
778.21,13699.5,51.4894,7.40425,181.569,13.6328,91.0988,1,12,-69,-6,2,71,63,1,26385410,262,1,94,13499,
779.221,13713.4,51.4894,7.40445,181.86,13.2841,91.3,1,7,-74,-8,2,66,63,1,26385410,262,1,94,13499,
780.219,13725.9,51.4894,7.40463,182.041,12.6816,90.8545,1,7,-74,-8,2,66,63,1,26385410,262,1,94,13499,
781.214,13751.1,51.4894,7.405,182.279,12.7934,89.5668,1,-7,-77,-10,2,63,63,1,26385410,262,1,94,13499,
782.206,13751.1,51.4894,7.405,182.279,12.7934,89.5668,1,-7,-77,-10,2,63,63,1,26385410,262,1,94,13499,
783.277,13763.8,51.4894,7.40518,182.213,12.7272,89.0334,1,27,-72,-5,2,68,63,1,26385408,262,1,95,13499,
784.192,13776.1,51.4894,7.40536,182.136,12.3,87.8742,1,27,-72,-5,2,68,63,1,26385408,262,1,95,13499,
785.211,13788.4,51.4894,7.40554,182.116,12.3756,86.2114,1,23,-72,-6,15,68,63,1,26385408,262,1,95,13499,
786.232,13812.6,51.4895,7.40588,182.023,12.0154,82.2223,1,23,-72,-6,15,68,63,1,26385408,262,1,95,13499,
787.2,13812.6,51.4895,7.40588,182.023,12.0154,82.2223,1,23,-72,-6,15,68,63,1,26385408,262,1,95,13499,
788.21,13824.6,51.4895,7.40605,181.987,12.1435,81.2,1,18,-75,-6,14,65,62,1,26385408,262,1,95,13499,
789.211,13836.3,51.4895,7.40622,181.832,12.1263,80.3009,1,18,-75,-6,14,65,62,1,26385408,262,1,95,13499,
790.206,13849.2,51.4895,7.4064,181.763,12.3796,79.1037,1,30,-75,-5,12,65,62,1,26385408,262,1,95,13499,
791.213,13861.7,51.4896,7.40658,181.811,12.7489,78.5861,1,30,-75,-5,12,65,62,1,26385408,262,1,95,13499,
792.202,13874.5,51.4896,7.40676,182.062,12.5967,77.7416,1,30,-77,-6,12,63,60,1,26385408,262,1,95,13499,
793.208,13887.9,51.4896,7.40695,182.661,12.8357,77.5438,1,30,-77,-6,12,63,60,1,26385408,262,1,95,13499,
794.195,13900.9,51.4896,7.40713,183.273,13.0681,76.7979,1,30,-69,-5,15,71,63,1,26385408,262,1,95,13499,
795.207,13913.8,51.4897,7.40731,183.896,12.8525,77.518,1,30,-69,-5,15,71,63,1,26385408,262,1,95,13499,
796.204,13925.9,51.4897,7.40748,184.657,12.0228,78.0343,1,11,-73,-5,10,67,62,1,26385408,262,1,95,13499,
797.216,13937.3,51.4897,7.40764,184.615,11.1951,77.7688,1,11,-73,-5,10,67,62,1,26385408,262,1,95,13499,
798.221,13947.9,51.4897,7.40779,184.38,10.9244,77.4809,1,25,-79,-6,11,61,57,1,26385408,262,1,95,13499,
799.211,13958.6,51.4897,7.40795,184.074,10.8669,79.8702,1,25,-79,-6,11,61,57,1,26385408,262,1,95,13499,
800.201,13969.6,51.4898,7.4081,184.044,11.0139,81.0656,1,27,-79,-6,11,61,58,1,26385408,262,1,95,13499,
801.215,13980.7,51.4898,7.40826,184.257,10.4029,80.1344,1,27,-79,-6,11,61,58,1,26385408,262,1,95,13499,
802.178,13990.7,51.4898,7.4084,184.116,8.99369,83.5021,1,22,-77,-6,12,63,59,1,26385408,262,1,95,13499,
803.212,13999.4,51.4898,7.40853,183.959,9.03033,82.4802,1,22,-77,-6,12,63,59,1,26385408,262,1,95,13499,
804.217,14020.2,51.4898,7.40882,182.736,11.3298,79.5421,1,22,-74,-6,10,66,55,1,26385408,262,1,95,13499,
805.214,14032,51.4899,7.40899,182.159,12.407,78.7166,1,22,-74,-6,10,66,55,1,26385408,262,1,95,13499,
806.209,14032,51.4899,7.40899,182.159,12.407,78.7166,1,24,-79,-6,10,61,56,1,26385408,262,1,95,13499,
807.205,14044.1,51.4899,7.40916,181.519,13.0006,78.0368,1,24,-79,-6,10,61,56,1,26385408,262,1,95,13499,
808.253,14056.4,51.4899,7.40934,180.859,13.102,77.313,1,29,-77,-5,12,63,58,1,26385408,262,1,95,13499,
809.225,14069.9,51.4899,7.40952,179.994,13.252,76.8654,1,29,-77,-5,12,63,58,1,26385408,262,1,95,13499,
810.212,14097.8,51.49,7.40992,178.025,13.3422,77.1264,1,19,-78,-6,15,62,58,1,26385408,262,1,95,13499,
811.2,14097.8,51.49,7.40992,178.025,13.3422,77.1264,1,19,-78,-6,15,62,58,1,26385408,262,1,95,13499,
812.208,14111.1,51.49,7.4101,177.316,13.2825,77.6124,1,19,-78,-6,15,62,58,1,26385408,262,1,95,13499,
813.215,14139,51.4901,7.4105,176.295,12.9584,78.5496,1,25,-78,-5,15,62,58,1,26385408,262,1,95,13499,
814.219,14152,51.4901,7.41068,175.72,13.0075,77.9083,1,25,-78,-5,15,62,58,1,26385408,262,1,95,13499,
