0.244,0,51.4903,7.41234,158.124,4.07881,76.7467,1,16,-90,-6,2,50,46,6,26385408,262,1,95,13499,
1.404,10.0609,51.4903,7.41248,159.111,4.41885,78.8605,1,16,-90,-6,2,50,46,6,26385408,262,1,95,13499,
2.444,20.7612,51.4903,7.41263,159.218,10.1203,83.4468,1,16,-90,-5,14,50,47,10,26385408,262,1,95,13499,
3.472,34.0235,51.4904,7.41282,159.431,11.3915,83.0704,1,16,-90,-5,14,50,47,10,26385408,262,1,95,13499,
4.477,44.9151,51.4904,7.41297,159.312,11.9975,81.6911,1,13,-86,-7,8,54,53,10,26385408,262,1,95,13499,
5.474,56.3571,51.4904,7.41314,158.942,12.2614,80.6012,1,13,-86,-7,8,54,53,10,26385408,262,1,95,13499,
6.484,68.9771,51.4904,7.41331,158.752,12.6267,80.2187,1,16,-88,-7,10,52,51,10,26385408,262,1,95,13499,
7.498,81.647,51.4905,7.41349,158.215,12.8131,80.054,1,16,-88,-7,10,52,51,10,26385408,262,1,95,13499,
8.467,94.5391,51.4905,7.41368,157.294,13.0273,79.3696,1,8,-87,-7,10,53,52,10,26385408,262,1,95,13499,
9.497,107.711,51.4905,7.41386,156.704,13.3954,79.4778,1,8,-87,-7,10,53,52,10,26385408,262,1,95,13499,
10.485,122.194,51.4905,7.41406,156.653,13.785,79.137,1,2,-86,-6,8,54,52,10,26385408,262,1,95,13499,
11.473,136.496,51.4906,7.41427,156.721,14.3524,78.7826,1,2,-86,-6,8,54,52,10,26385408,262,1,95,13499,
12.47,150.164,51.4906,7.41446,156.64,14.5811,78.6811,1,7,-83,-6,12,57,55,10,26385408,262,1,95,13499,
13.477,164.198,51.4906,7.41466,156.265,14.6108,78.9943,1,7,-83,-6,12,57,55,10,26385408,262,1,95,13499,
14.478,178.349,51.4906,7.41486,155.981,14.4743,79.5208,1,4,-86,-9,7,54,55,10,26385408,262,1,95,13499,
15.496,193.335,51.4907,7.41507,155.888,14.3166,80.4838,1,4,-86,-9,7,54,55,10,26385408,262,1,95,13499,
16.483,209.112,51.4907,7.4153,155.961,14.1042,81.8182,1,4,-86,-9,7,54,55,10,26385408,262,1,95,13499,
17.468,222.975,51.4907,7.4155,155.79,13.8529,83.5782,1,3,-88,-11,2,52,54,10,26385408,262,1,95,13499,
18.475,236.93,51.4907,7.4157,155.611,13.8267,85.7885,1,3,-88,-11,2,52,54,10,26385408,262,1,95,13499,
19.504,250.511,51.4907,7.41589,155.358,13.6359,88.4013,1,24,-81,-6,2,59,56,10,29391105,262,1,351,13499,
20.493,264.36,51.4907,7.41609,154.974,13.463,90.7097,1,24,-81,-6,2,59,56,10,29391105,262,1,351,13499,
21.477,277.478,51.4907,7.41628,154.745,12.5874,93.0284,1,23,-81,-6,2,59,55,10,29391105,262,1,351,13499,
22.486,289.376,51.4907,7.41645,154.426,11.509,95.6224,1,23,-81,-6,2,59,55,10,29391105,262,1,351,13499,
23.475,301.105,51.4907,7.41662,154.078,10.525,97.6738,1,29,-80,-5,2,60,55,10,29391105,262,1,351,13499,
24.471,310.772,51.4906,7.41676,153.643,9.16092,99.7148,1,29,-80,-5,2,60,55,10,29391105,262,1,351,13499,
25.48,319.443,51.4906,7.41688,153.195,6.13908,102.173,1,26,-81,-5,2,59,55,10,29391105,262,1,351,13499,
26.505,322.898,51.4906,7.41693,153.167,2.45969,100.275,1,26,-81,-5,2,59,55,10,29391105,262,1,351,13499,
27.472,322.898,51.4906,7.41693,153.166,0,100.275,1,29,-79,-6,2,61,57,10,29391105,262,1,351,13499,
28.473,322.898,51.4906,7.41693,153.17,0,100.275,1,29,-79,-6,2,61,57,10,29391105,262,1,351,13499,
29.481,322.898,51.4906,7.41693,153.174,0,100.275,1,29,-78,-7,2,62,60,10,29391105,262,1,351,13499,
30.493,322.898,51.4906,7.41693,153.179,0,100.275,1,29,-78,-7,2,62,60,10,29391105,262,1,351,13499,
31.478,322.898,51.4906,7.41693,153.183,0,100.275,1,29,-76,-8,2,64,62,10,29391105,262,1,351,13499,
32.486,322.898,51.4906,7.41693,153.186,0,100.275,1,29,-76,-8,2,64,62,10,29391105,262,1,351,13499,
33.479,322.898,51.4906,7.41693,153.189,0,100.275,1,27,-75,-9,2,65,63,10,29391105,262,1,351,13499,
34.499,322.898,51.4906,7.41693,153.191,0,100.275,1,27,-75,-9,2,65,63,10,29391105,262,1,351,13499,
35.492,322.898,51.4906,7.41693,153.193,0,100.275,1,27,-74,-7,2,66,63,10,29391105,262,1,351,13499,
36.477,322.898,51.4906,7.41693,153.194,0,100.275,1,27,-74,-7,2,66,63,10,29391105,262,1,351,13499,
37.488,322.898,51.4906,7.41693,153.194,0,100.275,1,32,-74,-7,2,66,63,10,29391105,262,1,351,13499,
38.493,322.898,51.4906,7.41693,153.194,0,100.275,1,32,-74,-7,2,66,63,10,29391105,262,1,351,13499,
39.478,322.898,51.4906,7.41693,153.195,0,100.275,1,29,-74,-6,2,66,63,10,29391105,262,1,351,13499,
40.486,322.898,51.4906,7.41693,153.205,0,100.275,1,29,-74,-6,2,66,63,10,29391105,262,1,351,13499,
41.488,322.898,51.4906,7.41693,153.217,0,100.275,1,31,-75,-6,2,65,63,10,29391105,262,1,351,13499,
42.479,322.898,51.4906,7.41693,153.228,0,100.275,1,31,-75,-6,2,65,63,10,29391105,262,1,351,13499,
43.515,322.898,51.4906,7.41693,153.24,0,100.275,1,31,-75,-6,2,65,63,10,29391105,262,1,351,13499,
44.485,322.898,51.4906,7.41693,153.251,0,100.275,1,30,-75,-6,2,65,63,10,29391105,262,1,351,13499,
45.472,322.898,51.4906,7.41693,153.263,0,100.275,1,30,-75,-6,2,65,63,10,29391105,262,1,351,13499,
46.467,322.898,51.4906,7.41693,153.275,0,100.275,1,28,-75,-6,15,65,62,5,29391105,262,1,351,13499,
47.477,322.898,51.4906,7.41693,153.288,0,100.275,1,28,-75,-6,15,65,62,5,29391105,262,1,351,13499,
48.48,322.898,51.4906,7.41693,153.302,0,100.275,1,28,-76,-6,15,64,61,5,29391105,262,1,351,13499,
49.487,322.898,51.4906,7.41693,153.318,0,100.275,1,28,-76,-6,15,64,61,5,29391105,262,1,351,13499,
50.486,322.898,51.4906,7.41693,153.335,0,100.275,1,28,-75,-6,15,65,62,5,29391105,262,1,351,13499,
51.472,322.898,51.4906,7.41693,153.348,0,100.275,1,28,-75,-6,15,65,62,5,29391105,262,1,351,13499,
52.485,322.898,51.4906,7.41693,153.356,0,100.275,1,28,-75,-6,15,65,62,5,29391105,262,1,351,13499,
53.497,322.898,51.4906,7.41693,153.361,0,100.275,1,28,-75,-6,15,65,62,5,29391105,262,1,351,13499,
54.473,322.898,51.4906,7.41693,153.364,0,100.275,1,27,-75,-6,15,65,62,5,29391105,262,1,351,13499,
55.48,323.032,51.4906,7.41693,153.367,0,100.275,1,27,-75,-6,15,65,62,5,29391105,262,1,351,13499,
56.479,323.729,51.4906,7.41693,153.369,0,100.275,1,26,-75,-6,15,65,62,5,29391105,262,1,351,13499,
57.487,324.598,51.4906,7.41692,153.37,0,100.275,1,26,-75,-6,15,65,62,5,29391105,262,1,351,13499,
58.477,325.611,51.4906,7.41693,153.357,0,100.275,1,25,-75,-9,15,65,63,5,29391105,262,1,351,13499,
59.492,326.637,51.4906,7.41693,153.341,0,100.275,1,25,-75,-9,15,65,63,5,29391105,262,1,351,13499,
60.501,327.803,51.4906,7.41692,153.332,0,100.275,1,25,-75,-7,2,65,63,5,29391105,262,1,351,13499,
61.467,329.676,51.4906,7.41691,153.422,0,266.808,1,25,-75,-7,2,65,63,5,29391105,262,1,351,13499,
62.466,331.112,51.4905,7.4169,153.489,0,103.273,1,23,-76,-8,2,64,63,5,29391105,262,1,351,13499,
63.487,334.656,51.4905,7.41695,153.544,1.8639,101.321,1,23,-76,-8,2,64,63,5,29391105,262,1,351,13499,
64.491,340.571,51.4905,7.41704,154.181,3.44258,83.357,1,22,-80,-6,14,60,57,4,29391105,262,1,351,13499,
65.487,348.337,51.4906,7.41713,154.418,4.69217,51.1702,1,22,-80,-6,14,60,57,4,29391105,262,1,351,13499,
66.481,355.524,51.4906,7.41719,154.826,5.47867,36.0796,1,18,-88,-6,12,52,49,4,29391105,262,1,351,13499,
67.51,364.596,51.4907,7.4172,154.662,8.25181,358.112,1,18,-88,-6,12,52,49,4,29391105,262,1,351,13499,
68.473,373.029,51.4908,7.41719,154.518,8.08391,356.262,1,18,-88,-6,12,52,49,4,29391105,262,1,351,13499,
69.497,379.774,51.4908,7.41718,154.619,5.5972,359.764,1,15,-90,-7,7,50,46,4,29391105,262,1,351,13499,
70.466,385.689,51.4909,7.41721,154.756,5.49262,33.7527,1,15,-90,-7,7,50,46,4,29391105,262,1,351,13499,
71.487,392.199,51.4909,7.4173,154.866,6.71472,75.2845,1,13,-90,-9,14,50,50,4,29391105,262,1,351,13499,
72.497,399.848,51.4909,7.41741,155.052,8.1315,92.3919,1,13,-90,-9,14,50,50,4,29391105,262,1,351,13499,
73.471,408.003,51.4909,7.41753,155.419,8.65803,92.9235,1,8,-96,-8,11,44,42,4,29391105,262,1,351,13499,
74.483,418.204,51.4909,7.41768,155.601,10.0638,93.1365,1,8,-96,-8,11,44,42,4,29391105,262,1,351,13499,
75.481,428.434,51.4909,7.41782,155.227,10.3434,93.4687,1,17,-94,-6,9,46,43,4,29391105,262,1,351,13499,
76.484,439.335,51.4909,7.41798,154.742,10.6192,94.1413,1,17,-94,-6,9,46,43,4,29391105,262,1,351,13499,
77.466,449.742,51.4909,7.41813,154.153,10.403,95.6019,1,21,-90,-6,12,50,49,4,29391105,262,1,351,13499,
78.493,459.972,51.4909,7.41828,153.367,10.0027,97.8535,1,21,-90,-6,12,50,49,4,29391105,262,1,351,13499,
79.604,469.394,51.4908,7.41841,152.594,10.0546,101.169,1,18,-93,-8,9,47,46,4,29391105,262,1,351,13499,
80.472,480.3,51.4908,7.41855,152.073,10.2863,116.329,1,18,-93,-8,9,47,46,4,29391105,262,1,351,13499,
81.488,491.927,51.4908,7.4187,151.743,10.5561,117.504,1,12,-96,-8,11,44,43,4,29391105,262,1,351,13499,
82.493,502.547,51.4907,7.41884,151.661,10.3116,120.962,1,12,-96,-8,11,44,43,4,29391105,262,1,351,13499,
83.485,512.321,51.4907,7.41894,151.629,10.1365,133.672,1,6,-100,-10,8,40,41,4,29391105,262,1,351,13499,
84.487,521.67,51.4906,7.41903,151.587,9.86928,135.3,1,6,-100,-10,8,40,41,4,29391105,262,1,351,13499,
85.463,533.344,51.4905,7.41914,151.582,10.0436,137.032,1,0,-100,-10,6,40,41,14,28365056,262,1,222,13499,
86.495,544.709,51.4904,7.41924,151.523,11.2242,137.5,1,0,-100,-10,6,40,41,14,28365056,262,1,222,13499,
87.484,556.017,51.4904,7.41935,151.636,11.4017,137.079,1,8,-101,-10,10,39,40,14,28365056,262,1,222,13499,
88.484,566.853,51.4903,7.41945,151.423,10.9883,137.29,1,8,-101,-10,10,39,40,14,28365056,262,1,222,13499,
89.472,576.823,51.4902,7.41954,151.329,10.8631,136.941,1,8,-102,-8,9,38,37,14,28365056,262,1,222,13499,
90.478,586.496,51.4901,7.41963,150.963,10.7922,137.39,1,8,-102,-8,9,38,37,14,28365056,262,1,222,13499,
91.476,596.388,51.4901,7.41973,150.296,10.7259,137.953,1,7,-100,-9,9,40,41,14,28365056,262,1,222,13499,
92.476,606.985,51.49,7.41983,149.627,10.753,138.321,1,7,-100,-9,9,40,41,14,28365056,262,1,222,13499,
93.486,618.1,51.4899,7.41992,149.127,10.6348,139.296,1,7,-100,-9,9,40,41,14,28365056,262,1,222,13499,
94.486,629.853,51.4898,7.42002,148.354,10.4013,141.464,1,8,-97,-8,7,43,42,14,28365056,262,1,222,13499,
95.486,639.719,51.4898,7.4201,147.982,9.81568,143.739,1,8,-97,-8,7,43,42,14,28365056,262,1,222,13499,
96.486,649.555,51.4897,7.42018,147.854,9.38659,144.854,1,9,-98,-8,11,42,41,14,28365056,262,1,222,13499,
97.477,660.543,51.4896,7.42027,148.261,9.11848,145.456,1,9,-98,-8,11,42,41,14,28365056,262,1,222,13499,
98.476,669.896,51.4895,7.42034,148.713,9.31181,146.046,1,10,-100,-8,11,40,41,14,28365056,262,1,222,13499,
99.486,678.816,51.4895,7.42041,148.725,9.25707,145.68,1,10,-100,-8,11,40,41,14,28365056,262,1,222,13499,
100.465,687.028,51.4894,7.4205,148.912,9.17186,131.132,1,9,-97,-7,8,43,40,14,28365056,262,1,222,13499,
101.486,696.455,51.4894,7.42062,148.35,9.16788,113.569,1,9,-97,-7,8,43,40,14,28365056,262,1,222,13499,
102.47,704.849,51.4894,7.42073,147.624,8.5796,110.514,1,7,-100,-5,2,40,33,14,28365056,262,1,222,13499,
103.478,712.552,51.4893,7.42084,146.823,6.68746,107.065,1,7,-100,-5,2,40,33,14,28365056,262,1,222,13499,
104.501,718.561,51.4893,7.42092,146.749,3.61794,106.291,1,2,-104,-8,2,36,36,14,28365056,262,1,222,13499,
105.485,719.942,51.4893,7.42094,146.734,1.41889,124.579,1,2,-104,-8,2,36,36,14,28365056,262,1,222,13499,
106.479,721.421,51.4893,7.42095,146.726,3.1961,125.237,1,5,-103,-8,2,37,36,14,28365056,262,1,222,13499,
107.502,725.956,51.4893,7.42099,146.541,4.15853,148.958,1,5,-103,-8,2,37,36,14,28365056,262,1,222,13499,
108.489,731.031,51.4892,7.42099,146.203,5.44204,190.836,1,4,-103,-9,2,37,37,14,28365056,262,1,222,13499,
109.485,738.752,51.4892,7.42096,146.15,7.29958,193.031,1,4,-103,-9,2,37,37,14,28365056,262,1,222,13499,
110.466,746.418,51.4891,7.42094,145.961,8.61232,194.008,1,10,-104,-10,2,36,37,14,28365056,262,1,222,13499,
111.467,755.169,51.489,7.42091,145.852,9.56173,194.677,1,10,-104,-10,2,36,37,14,28365056,262,1,222,13499,
112.466,764.599,51.4889,7.42088,145.927,10.0468,195.186,1,7,-103,-10,2,37,39,14,28365056,262,1,222,13499,
113.489,774.458,51.4888,7.42085,146.321,9.80991,195.566,1,7,-103,-10,2,37,39,14,28365056,262,1,222,13499,
114.487,784.07,51.4888,7.42081,146.682,9.28743,195.182,1,7,-94,-9,2,46,48,14,29391105,262,1,351,13499,
115.485,792.617,51.4887,7.42079,146.312,8.32683,194.838,1,7,-94,-9,2,46,48,14,29391105,262,1,351,13499,
116.477,799.516,51.4886,7.42076,146.441,5.5731,195.386,1,16,-90,-8,2,50,51,14,29391105,262,1,351,13499,
117.472,804.697,51.4886,7.42077,146.56,4.54435,171.242,1,16,-90,-8,2,50,51,14,29391105,262,1,351,13499,
118.468,809.623,51.4885,7.42078,146.724,4.75256,167.287,1,5,-88,-6,2,52,50,14,29391105,262,1,351,13499,
119.469,816.293,51.4885,7.42087,146.917,5.50693,113.822,1,5,-88,-6,2,52,50,14,29391105,262,1,351,13499,
120.497,824.349,51.4885,7.42098,147.053,7.77616,100.452,1,5,-88,-6,2,52,50,14,29391105,262,1,351,13499,
121.484,829.018,51.4885,7.42105,147.251,6.55284,99.5011,1,9,-89,-6,2,51,49,14,29391105,262,1,351,13499,
122.476,835.765,51.4885,7.42115,147.128,5.76814,99.9043,1,9,-89,-6,2,51,49,14,29391105,262,1,351,13499,
123.474,842.392,51.4885,7.42124,147.022,5.66863,101.786,1,14,-92,-7,2,48,47,14,29391105,262,1,351,13499,
124.493,847.41,51.4885,7.42131,146.922,5.78844,122.15,1,14,-92,-7,2,48,47,14,29391105,262,1,351,13499,
125.486,855.023,51.4884,7.4214,146.969,6.64622,125.23,1,3,-95,-9,10,45,44,10,29391105,262,1,351,13499,
126.487,861.815,51.4884,7.42148,146.921,6.91603,126.753,1,3,-95,-9,10,45,44,10,29391105,262,1,351,13499,
127.478,868.2,51.4884,7.42156,146.901,7.10819,127.312,1,14,-94,-7,13,46,44,10,29391105,262,1,351,13499,
128.485,876.217,51.4883,7.42166,146.527,7.4878,128.457,1,14,-94,-7,13,46,44,10,29391105,262,1,351,13499,
129.488,883.64,51.4883,7.42175,146.355,8.20484,129.886,1,1,-94,-8,11,46,45,10,29391105,262,1,351,13499,
130.478,892.568,51.4882,7.42185,146.417,9.27584,129.162,1,1,-94,-8,11,46,45,10,29391105,262,1,351,13499,
131.488,900.195,51.4882,7.42193,146.397,8.42948,128.417,1,9,-95,-9,13,45,43,10,29391105,262,1,351,13499,
132.472,909.623,51.4881,7.42204,146.419,8.78733,124.884,1,9,-95,-9,13,45,43,10,29391105,262,1,351,13499,
133.49,918.942,51.4881,7.42216,146.508,8.22339,111.255,1,5,-96,-7,7,44,43,10,29391105,262,1,351,13499,
134.489,928.199,51.4881,7.42229,146.733,9.39902,109.518,1,5,-96,-7,7,44,43,10,29391105,262,1,351,13499,
135.485,936.545,51.4881,7.4224,146.773,9.44201,107.968,1,8,-98,-8,8,42,42,10,29391105,262,1,351,13499,
136.49,945.586,51.488,7.42253,146.556,9.48108,106.733,1,8,-98,-8,8,42,42,10,29391105,262,1,351,13499,
137.474,955.629,51.488,7.42267,146.208,9.43671,105.937,1,9,-99,-6,9,41,38,10,29391105,262,1,351,13499,
138.47,964.604,51.488,7.4228,145.861,9.32588,105.523,1,9,-99,-6,9,41,38,10,29391105,262,1,351,13499,
139.47,974.314,51.488,7.42293,145.476,9.47902,105.017,1,6,-102,-8,12,38,38,10,29391105,262,1,351,13499,
140.484,983.51,51.488,7.42306,145.188,9.52077,105.255,1,6,-102,-8,12,38,38,10,29391105,262,1,351,13499,
141.499,992.772,51.488,7.42319,145.082,9.44586,105.74,1,7,-94,-7,11,46,45,14,28365056,262,1,222,13499,
142.472,1002.15,51.4879,7.42333,145.223,9.58505,106.295,1,7,-94,-7,11,46,45,14,28365056,262,1,222,13499,
143.47,1011.4,51.4879,7.42345,145.38,8.91142,109.092,1,7,-94,-7,11,46,45,14,28365056,262,1,222,13499,
144.497,1022.08,51.4879,7.42358,145.518,8.76294,123.856,1,8,-94,-10,11,46,48,14,28365056,262,1,222,13499,
145.478,1032.83,51.4878,7.42372,145.419,10.123,124.421,1,8,-94,-10,11,46,48,14,28365056,262,1,222,13499,
146.481,1043.35,51.4877,7.42384,145.853,10.9049,126.707,1,7,-94,-8,11,46,46,14,28365056,262,1,222,13499,
147.454,1053.72,51.4877,7.42395,146.093,11.0797,129.672,1,7,-94,-8,11,46,46,14,28365056,262,1,222,13499,
148.478,1064.13,51.4876,7.42404,146.233,11.2993,143.179,1,9,-92,-7,10,48,47,14,28365056,262,1,222,13499,
149.499,1075.97,51.4875,7.42414,146.473,11.3758,142.543,1,9,-92,-7,10,48,47,14,28365056,262,1,222,13499,
150.483,1088.52,51.4874,7.42425,146.832,11.7188,142.334,1,5,-92,-8,11,48,47,14,28365056,262,1,222,13499,
151.477,1101.39,51.4873,7.42436,146.767,11.355,143.657,1,5,-92,-8,11,48,47,14,28365056,262,1,222,13499,
152.466,1112.61,51.4873,7.42445,146.703,12.0913,142.501,1,7,-94,-9,6,46,47,14,28365056,262,1,222,13499,
153.471,1124.68,51.4872,7.42456,146.552,11.9913,141.028,1,7,-94,-9,6,46,47,14,28365056,262,1,222,13499,
154.494,1135.64,51.4871,7.42466,146.59,11.2567,140.287,1,16,-95,-11,8,45,47,14,28365056,262,1,222,13499,
155.467,1148.12,51.487,7.42477,146.57,11.1613,139.817,1,16,-95,-11,8,45,47,14,28365056,262,1,222,13499,
156.581,1159.09,51.4869,7.42488,146.027,12.1326,137.925,1,1,-91,-9,6,49,48,10,28367106,262,1,103,13499,
157.482,1171.63,51.4869,7.42501,145.041,12.1171,134.81,1,1,-91,-9,6,49,48,10,28367106,262,1,103,13499,
158.508,1184.98,51.4868,7.42515,144.081,12.3069,133.768,1,11,-94,-9,13,46,46,10,28367106,262,1,103,13499,
159.485,1197.33,51.4867,7.42529,143.258,12.1137,133.917,1,11,-94,-9,13,46,46,10,28367106,262,1,103,13499,
160.486,1210.79,51.4866,7.42544,142.484,12.7581,132.628,1,10,-87,-8,15,53,52,10,28367106,262,1,103,13499,
161.484,1223.38,51.4866,7.42558,141.726,12.9613,132.312,1,10,-87,-8,15,53,52,10,28367106,262,1,103,13499,
162.494,1235.11,51.4865,7.42571,141.019,12.1885,133.372,1,18,-87,-7,10,53,52,10,28367106,262,1,103,13499,
163.482,1246.92,51.4864,7.42583,140.436,12.0625,135.599,1,18,-87,-7,10,53,52,10,28367106,262,1,103,13499,
164.502,1259.37,51.4863,7.42595,139.578,11.7219,138.509,1,22,-82,-5,12,58,55,10,28367106,262,1,103,13499,
165.478,1270.66,51.4863,7.42606,138.464,12.3478,139.488,1,22,-82,-5,12,58,55,10,28367106,262,1,103,13499,
166.48,1283.55,51.4862,7.42619,137.908,12.2335,139.092,1,22,-82,-5,12,58,55,10,28367106,262,1,103,13499,
167.499,1296.97,51.4861,7.42632,137.535,11.7978,137.395,1,26,-86,-6,9,54,52,10,28367106,262,1,103,13499,
168.482,1309.13,51.486,7.42646,137.105,11.7099,134.511,1,26,-86,-6,9,54,52,10,28367106,262,1,103,13499,
169.49,1320.82,51.4859,7.42659,136.538,11.7965,131.047,1,23,-87,-6,11,53,49,10,28367106,262,1,103,13499,
170.468,1332.52,51.4859,7.42673,135.737,11.5045,127.651,1,23,-87,-6,11,53,49,10,28367106,262,1,103,13499,
171.491,1343.65,51.4858,7.42687,135.132,10.2968,125.468,1,22,-85,-6,15,55,53,10,28367106,262,1,103,13499,
172.485,1353.83,51.4858,7.42699,134.425,10.0302,123.272,1,22,-85,-6,15,55,53,10,28367106,262,1,103,13499,
173.495,1362.09,51.4857,7.4271,133.696,9.05459,122.702,1,24,-90,-6,15,50,48,10,28367106,262,1,103,13499,
174.441,1370.76,51.4857,7.4272,132.827,8.26965,124.336,1,24,-90,-6,15,50,48,10,28367106,262,1,103,13499,
175.492,1378.29,51.4857,7.42729,131.938,8.17281,126.945,1,21,-94,-7,9,46,44,10,28367106,262,1,103,13499,
176.485,1386.24,51.4856,7.42736,131.173,7.82623,145.438,1,21,-94,-7,9,46,44,10,28367106,262,1,103,13499,
177.466,1394.76,51.4856,7.42744,130.352,8.18627,146.242,1,19,-92,-6,11,48,44,10,28367106,262,1,103,13499,
178.488,1402.89,51.4855,7.4275,129.479,7.83057,147.108,1,19,-92,-6,11,48,44,10,28367106,262,1,103,13499,
179.477,1409.64,51.4854,7.42756,128.979,6.82503,146.893,1,23,-93,-7,11,47,44,10,28367106,262,1,103,13499,
180.49,1416.59,51.4854,7.42761,128.597,6.41169,145.834,1,23,-93,-7,11,47,44,10,28367106,262,1,103,13499,
181.502,1423.84,51.4853,7.42767,128.383,6.65559,143.916,1,13,-89,-7,2,51,48,10,28367106,262,1,103,13499,
182.487,1430.37,51.4853,7.42773,128.435,6.37621,145.864,1,13,-89,-7,2,51,48,10,28367106,262,1,103,13499,
183.47,1436.39,51.4852,7.42774,128.269,6.5787,174.346,1,16,-88,-6,2,52,50,10,28367106,262,1,103,13499,
184.485,1442.91,51.4852,7.42776,128.022,6.39317,174.233,1,16,-88,-6,2,52,50,10,28367106,262,1,103,13499,
185.482,1449.26,51.4851,7.42778,128.026,6.20276,171.021,1,18,-92,-7,2,48,45,10,28367106,262,1,103,13499,
186.504,1456.31,51.4851,7.4278,128.28,7.11521,168.944,1,18,-92,-7,2,48,45,10,28367106,262,1,103,13499,
187.47,1463.43,51.485,7.42783,128.571,7.59798,166.755,1,18,-92,-7,2,48,45,10,28367106,262,1,103,13499,
188.501,1472.06,51.4849,7.42787,129.136,7.84703,165.493,1,13,-91,-6,2,49,47,10,28367106,262,1,103,13499,
189.482,1478.85,51.4849,7.42789,129.546,6.57012,163.79,1,13,-91,-6,2,49,47,10,28367106,262,1,103,13499,
190.493,1485.25,51.4848,7.42793,129.456,6.42311,162.457,1,13,-89,-6,2,51,47,10,28367106,262,1,103,13499,
191.477,1492.34,51.4848,7.42796,129.873,7.18567,161.737,1,13,-89,-6,2,51,47,10,28367106,262,1,103,13499,
192.48,1499.86,51.4847,7.42799,130.135,7.86216,160.977,1,16,-89,-6,2,51,48,10,28367106,262,1,103,13499,
193.477,1506.97,51.4846,7.42803,130.412,6.97282,161.52,1,16,-89,-6,2,51,48,10,28367106,262,1,103,13499,
194.485,1513.97,51.4846,7.42807,130.62,6.58248,161.981,1,19,-87,-6,2,53,50,10,28367106,262,1,103,13499,
195.485,1520.89,51.4845,7.4281,130.997,6.29529,162.045,1,19,-87,-6,2,53,50,10,28367106,262,1,103,13499,
196.49,1527.21,51.4845,7.42813,131.289,6.72616,162.524,1,15,-86,-6,2,54,50,10,28367106,262,1,103,13499,
197.473,1534.19,51.4844,7.42816,131.786,6.69963,162.913,1,15,-86,-6,2,54,50,10,28367106,262,1,103,13499,
198.485,1541.01,51.4843,7.42819,132.278,6.62896,162.343,1,15,-87,-6,11,53,49,7,28367106,262,1,103,13499,
199.479,1548.61,51.4843,7.42822,132.315,5.4575,162.083,1,15,-87,-6,11,53,49,7,28367106,262,1,103,13499,
200.495,1554.09,51.4842,7.42824,133.259,5.36187,162.988,1,13,-85,-6,13,55,52,7,28367106,262,1,103,13499,
201.478,1558.98,51.4842,7.42826,134.074,5.46041,161.6,1,13,-85,-6,13,55,52,7,28367106,262,1,103,13499,
202.49,1565.57,51.4841,7.42829,134.362,6.26134,160.899,1,14,-87,-7,11,53,51,7,28367106,262,1,103,13499,
203.563,1571.83,51.4841,7.42832,134.103,5.18881,161.974,1,14,-87,-7,11,53,51,7,28367106,262,1,103,13499,
204.466,1577.59,51.484,7.42834,134.393,4.89541,162.341,1,7,-87,-7,14,53,52,7,28367106,262,1,103,13499,
205.478,1585.97,51.4839,7.42837,134.716,6.2801,162.961,1,7,-87,-7,14,53,52,7,28367106,262,1,103,13499,
206.489,1591.38,51.4839,7.42839,134.619,4.14622,164.817,1,11,-86,-7,15,54,51,7,28367106,262,1,103,13499,
207.485,1595.48,51.4839,7.42842,134.477,3.92248,163.474,1,11,-86,-7,15,54,51,7,28367106,262,1,103,13499,
208.484,1600.09,51.4838,7.42844,133.337,4.94471,163.839,1,13,-86,-6,9,54,52,7,28367106,262,1,103,13499,
209.484,1606.27,51.4838,7.42847,132.316,6.49759,164.733,1,13,-86,-6,9,54,52,7,28367106,262,1,103,13499,
210.476,1613.31,51.4837,7.4285,131.794,7.78721,164.105,1,17,-87,-6,11,53,50,7,28367106,262,1,103,13499,
211.47,1620.3,51.4837,7.42853,132.162,8.69244,163.303,1,17,-87,-6,11,53,50,7,28367106,262,1,103,13499,
212.469,1629.32,51.4836,7.42858,132.874,8.95529,161.351,1,13,-90,-6,11,50,48,7,28367106,262,1,103,13499,
213.472,1638.72,51.4835,7.42862,133.386,9.75289,160.118,1,13,-90,-6,11,50,48,7,28367106,262,1,103,13499,
214.487,1646.84,51.4834,7.42866,133.127,9.2466,159.566,1,13,-90,-6,11,50,48,7,28367106,262,1,103,13499,
215.486,1656.24,51.4834,7.42871,133.431,8.89837,158.922,1,18,-90,-7,13,50,49,7,28367106,262,1,103,13499,
216.498,1666.35,51.4833,7.42875,133.926,9.85687,160.6,1,18,-90,-7,13,50,49,7,28367106,262,1,103,13499,
217.472,1676.61,51.4832,7.42879,134.587,9.42817,162.484,1,16,-88,-6,15,52,49,7,28367106,262,1,103,13499,
218.494,1687.38,51.4831,7.42883,135.27,8.09688,164.521,1,16,-88,-6,15,52,49,7,28367106,262,1,103,13499,
219.492,1697.56,51.483,7.42885,135.381,7.37226,165.696,1,3,-91,-7,11,49,48,7,28367106,262,1,103,13499,
220.478,1704.8,51.4829,7.42887,136.118,6.13022,169.636,1,3,-91,-7,11,49,48,7,28367106,262,1,103,13499,
221.491,1711.48,51.4829,7.4289,136.127,4.1637,156.639,1,10,-90,-7,2,50,47,7,28367106,262,1,103,13499,
222.478,1716.36,51.4828,7.4289,136.286,4.74759,171.12,1,10,-90,-7,2,50,47,7,28367106,262,1,103,13499,
223.496,1720.81,51.4828,7.4289,136.345,3.27618,174.963,1,12,-89,-7,2,51,50,7,28367106,262,1,103,13499,
224.477,1722.85,51.4828,7.4289,136.4,1.21339,174.963,1,12,-89,-7,2,51,50,7,28367106,262,1,103,13499,
225.485,1722.85,51.4828,7.4289,136.412,0,174.963,1,8,-92,-7,8,48,48,7,28367106,262,1,103,13499,
226.485,1722.85,51.4828,7.4289,136.42,0,174.963,1,8,-92,-7,8,48,48,7,28367106,262,1,103,13499,
227.495,1722.85,51.4828,7.4289,136.426,0,174.963,1,13,-89,-6,9,51,49,7,28367106,262,1,103,13499,
228.472,1722.85,51.4828,7.4289,136.432,0,174.963,1,13,-89,-6,9,51,49,7,28367106,262,1,103,13499,
229.466,1722.85,51.4828,7.4289,136.438,0,174.963,1,13,-89,-5,10,51,49,7,28367106,262,1,103,13499,
230.466,1722.85,51.4828,7.4289,136.443,0,174.963,1,13,-89,-5,10,51,49,7,28367106,262,1,103,13499,
231.473,1722.85,51.4828,7.4289,136.45,0,174.963,1,8,-91,-7,8,49,47,7,28367106,262,1,103,13499,
232.489,1722.85,51.4828,7.4289,136.46,0,174.963,1,8,-91,-7,8,49,47,7,28367106,262,1,103,13499,
233.496,1722.85,51.4828,7.4289,136.471,0,174.963,1,10,-89,-6,9,51,49,7,28367106,262,1,103,13499,
234.501,1722.85,51.4828,7.4289,136.485,0,174.963,1,10,-89,-6,9,51,49,7,28367106,262,1,103,13499,
235.478,1722.85,51.4828,7.4289,136.501,0,174.963,1,10,-89,-6,9,51,49,7,28367106,262,1,103,13499,
236.485,1722.85,51.4828,7.4289,136.518,0,174.963,1,11,-90,-6,10,50,48,7,28367106,262,1,103,13499,
237.482,1722.85,51.4828,7.4289,136.537,0,174.963,1,11,-90,-6,10,50,48,7,28367106,262,1,103,13499,
238.481,1722.85,51.4828,7.4289,136.557,0,174.963,1,10,-90,-7,9,50,48,7,28367106,262,1,103,13499,
239.513,1722.85,51.4828,7.4289,136.578,0,174.963,1,10,-90,-7,9,50,48,7,28367106,262,1,103,13499,
240.481,1722.85,51.4828,7.4289,136.597,0,174.963,1,10,-91,-7,9,49,47,7,28367106,262,1,103,13499,
241.487,1722.85,51.4828,7.4289,136.617,0,174.963,1,10,-91,-7,9,49,47,7,28367106,262,1,103,13499,
242.446,1722.85,51.4828,7.4289,136.638,0,174.963,1,12,-89,-6,2,51,47,7,28367106,262,1,103,13499,
243.503,1722.85,51.4828,7.4289,136.659,0,174.963,1,12,-89,-6,2,51,47,7,28367106,262,1,103,13499,
244.477,1722.85,51.4828,7.4289,136.681,0,174.963,1,10,-89,-6,2,51,47,7,28367106,262,1,103,13499,
245.5,1722.85,51.4828,7.4289,136.703,0,174.963,1,10,-89,-6,2,51,47,7,28367106,262,1,103,13499,
246.475,1722.85,51.4828,7.4289,136.725,0,174.963,1,12,-90,-6,2,50,47,7,28367106,262,1,103,13499,
247.499,1722.85,51.4828,7.4289,136.747,0,174.963,1,12,-90,-6,2,50,47,7,28367106,262,1,103,13499,
248.476,1722.85,51.4828,7.4289,136.77,0,174.963,1,11,-90,-6,2,50,48,7,28367106,262,1,103,13499,
249.498,1722.85,51.4828,7.4289,136.793,0,174.963,1,11,-90,-6,2,50,48,7,28367106,262,1,103,13499,
250.468,1722.85,51.4828,7.4289,136.817,0,174.963,1,9,-90,-6,2,50,48,7,28367106,262,1,103,13499,
251.485,1722.85,51.4828,7.4289,136.84,0,174.963,1,9,-90,-6,2,50,48,7,28367106,262,1,103,13499,
252.475,1722.85,51.4828,7.4289,136.863,0,174.963,1,12,-90,-6,2,50,48,7,28367106,262,1,103,13499,
253.479,1722.85,51.4828,7.4289,136.883,0,174.963,1,12,-90,-6,2,50,48,7,28367106,262,1,103,13499,
254.48,1722.85,51.4828,7.4289,136.9,0,174.963,1,13,-90,-6,2,50,48,7,28367106,262,1,103,13499,
255.49,1722.85,51.4828,7.4289,136.914,0,174.963,1,13,-90,-6,2,50,48,7,28367106,262,1,103,13499,
256.487,1722.85,51.4828,7.4289,136.926,0,174.963,1,13,-90,-6,2,50,48,7,28367106,262,1,103,13499,
257.49,1722.85,51.4828,7.4289,136.936,0,174.963,1,13,-90,-6,2,50,48,7,28367106,262,1,103,13499,
258.505,1722.85,51.4828,7.4289,136.944,0,174.963,1,11,-91,-6,2,49,47,7,28367106,262,1,103,13499,
259.48,1722.85,51.4828,7.4289,136.952,0,174.963,1,11,-91,-6,2,49,47,7,28367106,262,1,103,13499,
260.485,1722.85,51.4828,7.4289,136.961,0,174.963,1,11,-91,-6,2,49,47,7,28367106,262,1,103,13499,
261.508,1722.85,51.4828,7.4289,136.974,0,174.963,1,7,-91,-6,2,49,47,7,28367106,262,1,103,13499,
262.48,1722.85,51.4828,7.4289,136.989,0,174.963,1,7,-91,-6,2,49,47,7,28367106,262,1,103,13499,
263.476,1722.85,51.4828,7.4289,137.005,0,174.963,1,12,-91,-6,2,49,47,7,28367106,262,1,103,13499,
264.482,1722.85,51.4828,7.4289,137.021,0,174.963,1,12,-91,-6,2,49,47,7,28367106,262,1,103,13499,
265.486,1722.85,51.4828,7.4289,137.036,0,174.963,1,12,-91,-7,9,49,48,7,28367106,262,1,103,13499,
266.48,1722.85,51.4828,7.4289,137.052,0,174.963,1,12,-91,-7,9,49,48,7,28367106,262,1,103,13499,
267.486,1722.85,51.4828,7.4289,137.068,0,174.963,1,9,-91,-7,9,49,48,7,28367106,262,1,103,13499,
268.478,1722.85,51.4828,7.4289,137.084,0,174.963,1,9,-91,-7,9,49,48,7,28367106,262,1,103,13499,
269.484,1722.85,51.4828,7.4289,137.101,0,174.963,1,8,-91,-7,8,49,48,7,28367106,262,1,103,13499,
270.488,1722.85,51.4828,7.4289,137.117,0,174.963,1,8,-91,-7,8,49,48,7,28367106,262,1,103,13499,
271.486,1722.85,51.4828,7.4289,137.134,0,174.963,1,9,-92,-8,8,48,48,7,28367106,262,1,103,13499,
272.471,1722.85,51.4828,7.4289,137.151,0,174.963,1,9,-92,-8,8,48,48,7,28367106,262,1,103,13499,
273.471,1722.85,51.4828,7.4289,137.168,0,174.963,1,10,-91,-7,8,49,48,7,28367106,262,1,103,13499,
274.496,1722.85,51.4828,7.4289,137.185,0,174.963,1,10,-91,-7,8,49,48,7,28367106,262,1,103,13499,
275.484,1722.85,51.4828,7.4289,137.203,0,174.963,1,22,-91,-7,8,49,48,7,28367106,262,1,103,13499,
276.476,1722.85,51.4828,7.4289,137.221,0,174.963,1,22,-91,-7,8,49,48,7,28367106,262,1,103,13499,
277.497,1722.85,51.4828,7.4289,137.239,0,174.963,1,11,-90,-7,8,50,48,7,28367106,262,1,103,13499,
278.478,1722.85,51.4828,7.4289,137.258,0,174.963,1,11,-90,-7,8,50,48,7,28367106,262,1,103,13499,
279.492,1722.85,51.4828,7.4289,137.277,0,174.963,1,10,-91,-6,2,49,46,7,28367106,262,1,103,13499,
280.503,1722.85,51.4828,7.4289,137.484,0,174.963,1,10,-91,-6,2,49,46,7,28367106,262,1,103,13499,
281.471,1722.85,51.4828,7.4289,137.698,0,182.285,1,15,-92,-7,2,48,47,7,28367106,262,1,103,13499,
282.483,1722.85,51.4828,7.4289,137.796,0,180.572,1,15,-92,-7,2,48,47,7,28367106,262,1,103,13499,
283.495,1732.24,51.4827,7.42888,137.865,3.59546,199.045,1,10,-89,-7,2,51,50,7,28367106,262,1,103,13499,
284.477,1739.07,51.4826,7.4289,139.225,4.78711,165.565,1,10,-89,-7,2,51,50,7,28367106,262,1,103,13499,
285.479,1746.28,51.4826,7.42892,140.602,5.8145,162.918,1,10,-89,-7,2,51,50,7,28367106,262,1,103,13499,
286.507,1751.24,51.4825,7.42897,141.217,6.97462,144.57,1,7,-89,-7,2,51,50,7,28367106,262,1,103,13499,
287.481,1756.6,51.4825,7.42904,141.461,7.9835,104.552,1,7,-89,-7,2,51,50,7,28367106,262,1,103,13499,
288.472,1767.03,51.4825,7.42919,142.385,9.56158,102.705,1,5,-91,-8,2,49,48,7,28367106,262,1,103,13499,
289.474,1776.03,51.4825,7.42931,142.24,10.6775,100.759,1,5,-91,-8,2,49,48,7,28367106,262,1,103,13499,
290.479,1787.04,51.4824,7.42947,141.879,11.6578,99.4351,1,10,-98,-8,2,42,40,7,29563904,262,1,350,13499,
291.485,1799.31,51.4824,7.42965,141.563,12.6672,98.2747,1,10,-98,-8,2,42,40,7,29563904,262,1,350,13499,
292.484,1812.1,51.4824,7.42983,141.103,12.9055,97.8268,1,8,-100,-8,2,40,39,7,29563904,262,1,350,13499,
293.472,1824.57,51.4824,7.43001,140.689,13.1562,97.8979,1,8,-100,-8,2,40,39,7,29563904,262,1,350,13499,
294.478,1837.44,51.4824,7.43019,140.239,13.6181,97.6727,1,-2,-100,-7,2,40,39,7,29563904,262,1,350,13499,
295.484,1851.61,51.4824,7.4304,140.118,13.9981,97.6646,1,-2,-100,-7,2,40,39,7,29563904,262,1,350,13499,
296.48,1865.69,51.4824,7.4306,140.179,14.0381,97.3297,1,-5,-101,-9,2,39,40,7,29563904,262,1,350,13499,
297.49,1879.79,51.4823,7.4308,140.344,13.4342,97.0271,1,-5,-101,-9,2,39,40,7,29563904,262,1,350,13499,
298.494,1893.16,51.4823,7.43099,140.418,13.2525,97.0976,1,11,-94,-7,2,46,45,7,28367106,262,1,103,13499,
299.49,1906.24,51.4823,7.43118,140.476,13.3552,97.513,1,11,-94,-7,2,46,45,7,28367106,262,1,103,13499,
300.477,1918.93,51.4823,7.43136,140.457,12.7311,97.8672,1,8,-92,-7,2,48,46,7,28367106,262,1,103,13499,
301.496,1931.48,51.4823,7.43154,140.644,12.3738,97.3271,1,8,-92,-7,2,48,46,7,28367106,262,1,103,13499,
302.477,1944.13,51.4823,7.43172,140.44,12.7249,96.8837,1,5,-92,-7,2,48,46,7,28367106,262,1,103,13499,
303.479,1956.9,51.4823,7.43191,140.493,13.0956,96.7206,1,5,-92,-7,2,48,46,7,28367106,262,1,103,13499,
304.504,1969.85,51.4823,7.43209,140.745,12.596,96.8632,1,4,-92,-8,2,48,46,7,28367106,262,1,103,13499,
305.472,1982.91,51.4823,7.43228,141.106,13.2057,96.4207,1,4,-92,-8,2,48,46,7,28367106,262,1,103,13499,
306.473,1996.18,51.4822,7.43247,141.317,13.6079,95.9587,1,4,-92,-8,2,48,46,7,28367106,262,1,103,13499,
307.476,2009,51.4822,7.43266,141.382,12.0913,96.8174,1,9,-91,-8,2,49,48,7,28367106,262,1,103,13499,
308.474,2020.32,51.4822,7.43282,141.414,11.1338,96.7907,1,9,-91,-8,2,49,48,7,28367106,262,1,103,13499,
309.478,2031.31,51.4822,7.43298,141.414,10.6983,96.7606,1,5,-89,-8,2,51,50,7,28367106,262,1,103,13499,
310.508,2041.75,51.4822,7.43313,141.507,10.2174,96.9121,1,5,-89,-8,2,51,50,7,28367106,262,1,103,13499,
311.479,2051.7,51.4822,7.43327,141.554,9.48778,96.5383,1,1,-88,-9,2,52,51,7,28368386,262,1,32,13499,
312.472,2060.74,51.4822,7.4334,141.618,9.35874,95.9918,1,1,-88,-9,2,52,51,7,28368386,262,1,32,13499,
313.471,2070.52,51.4822,7.43354,141.716,10.1562,96.2123,1,10,-90,-7,2,50,47,7,28367106,262,1,103,13499,
314.477,2081,51.4822,7.43369,141.847,10.8398,96.3667,1,10,-90,-7,2,50,47,7,28367106,262,1,103,13499,
315.472,2092.34,51.4821,7.43386,142.01,11.7376,96.1774,1,4,-92,-8,2,48,47,7,28367106,262,1,103,13499,
316.484,2104.08,51.4821,7.43402,142.201,11.7474,96.7138,1,4,-92,-8,2,48,47,7,28367106,262,1,103,13499,
317.486,2115.88,51.4821,7.43419,142.522,11.7226,97.6003,1,4,-93,-9,2,47,47,7,28367106,262,1,103,13499,
318.483,2127.37,51.4821,7.43436,142.84,11.8954,97.5057,1,4,-93,-9,2,47,47,7,28367106,262,1,103,13499,
319.472,2139.34,51.4821,7.43453,143.251,11.8771,97.2886,1,8,-92,-8,11,48,48,4,28367106,262,1,103,13499,
320.479,2151.51,51.4821,7.4347,143.731,11.9009,96.4045,1,8,-92,-8,11,48,48,4,28367106,262,1,103,13499,
321.675,2163.63,51.4821,7.43488,143.903,11.7276,97.2892,1,9,-87,-7,10,53,51,4,28367106,262,1,103,13499,
322.482,2174.4,51.4821,7.43503,143.791,11.6326,96.6537,1,9,-87,-7,10,53,51,4,28367106,262,1,103,13499,
323.502,2185.89,51.482,7.4352,143.699,11.5895,95.7555,1,0,-94,-11,8,46,48,4,28367106,262,1,103,13499,
324.479,2198.07,51.482,7.43537,143.893,11.7399,96.368,1,0,-94,-11,8,46,48,4,28367106,262,1,103,13499,
325.472,2212.72,51.482,7.43558,147.1,11.9337,96.8973,1,2,-91,-11,6,49,51,10,28368386,262,1,32,13499,
326.505,2224.44,51.482,7.43574,144.334,13.6721,96.9765,1,2,-91,-11,6,49,51,10,28368386,262,1,32,13499,
327.497,2237.7,51.482,7.43593,144.561,13.1428,96.2317,1,4,-88,-9,6,52,50,4,28367105,262,1,102,13499,
328.485,2251.58,51.482,7.43613,144.713,12.1358,96.6438,1,4,-88,-9,6,52,50,4,28367105,262,1,102,13499,
329.498,2263.33,51.482,7.4363,145.032,12.4012,97.5587,1,8,-90,-10,11,50,51,4,28367105,262,1,102,13499,
330.493,2276.5,51.4819,7.43649,145.697,12.8691,96.6163,1,8,-90,-10,11,50,51,4,28367105,262,1,102,13499,
331.477,2289.63,51.4819,7.43668,146.904,11.8617,97.308,1,8,-90,-10,11,50,51,4,28367105,262,1,102,13499,
332.499,2301.6,51.4819,7.43685,147.196,11.9176,96.7595,1,5,-87,-8,8,53,51,4,28367105,262,1,102,13499,
333.485,2313.03,51.4819,7.43701,147.391,11.6703,96.1524,1,5,-87,-8,8,53,51,4,28367105,262,1,102,13499,
334.484,2323.74,51.4819,7.43717,147.51,11.4411,96.687,1,4,-87,-7,11,53,51,4,28367105,262,1,102,13499,
335.466,2334.43,51.4819,7.43732,147.622,10.9949,95.729,1,4,-87,-7,11,53,51,4,28367105,262,1,102,13499,
336.49,2345.92,51.4819,7.43749,147.827,10.4001,95.0972,1,13,-89,-7,8,51,49,4,28367105,262,1,102,13499,
337.487,2357.08,51.4819,7.43765,148.031,10.07,95.5136,1,13,-89,-7,8,51,49,4,28367105,262,1,102,13499,
338.491,2368.38,51.4819,7.43781,148.125,10.6079,95.3799,1,25,-85,-6,11,55,53,4,28367105,262,1,102,13499,
339.487,2378.45,51.4818,7.43795,147.828,11.4293,96.0728,1,25,-85,-6,11,55,53,4,28367105,262,1,102,13499,
340.499,2388.64,51.4818,7.4381,147.415,10.873,96.4954,1,30,-81,-7,12,59,57,4,28367105,262,1,102,13499,
341.468,2398.57,51.4818,7.43824,148.104,8.74652,96.0942,1,30,-81,-7,12,59,57,4,28367105,262,1,102,13499,
342.476,2409.36,51.4818,7.4384,149.048,9.70412,96.6583,1,13,-83,-6,2,57,48,4,28367105,262,1,102,13499,
343.48,2419.25,51.4818,7.43854,150.297,8.88439,97.2,1,13,-83,-6,2,57,48,4,28367105,262,1,102,13499,
344.477,2428.4,51.4818,7.43867,151.407,8.64228,97.1893,1,16,-86,-8,2,54,51,4,28367105,262,1,102,13499,
345.486,2428.4,51.482,7.43896,nan,8.00384,96.6995,1,16,-86,-8,2,54,51,4,28367105,262,1,102,13499,
346.493,2428.4,51.4818,7.4389,152.259,8.69197,96.3122,1,7,-88,-6,6,52,48,9,28368386,262,1,32,13499,
347.475,2437.33,51.4818,7.43903,152.435,8.49096,96.1474,1,7,-88,-6,6,52,48,9,28368386,262,1,32,13499,
348.494,2445.55,51.4818,7.43915,152.542,8.02343,95.7952,1,16,-87,-6,15,53,49,9,28368386,262,1,32,13499,
349.485,2452.87,51.4818,7.43925,152.815,7.63987,95.9339,1,16,-87,-6,15,53,49,9,28368386,262,1,32,13499,
350.486,2460.08,51.4818,7.43936,153.038,7.34563,95.4271,1,12,-88,-7,15,52,49,9,28368386,262,1,32,13499,
351.495,2467.4,51.4817,7.43946,153.207,7.56299,95.3524,1,12,-88,-7,15,52,49,9,28368386,262,1,32,13499,
352.477,2475.9,51.4817,7.43959,153.403,8.91324,95.5675,1,11,-90,-7,10,50,48,9,28368386,262,1,32,13499,
353.477,2484.92,51.4817,7.43972,153.509,9.68028,95.6961,1,11,-90,-7,10,50,48,9,28368386,262,1,32,13499,
354.478,2495.09,51.4817,7.43986,153.543,10.4924,95.2118,1,11,-91,-7,14,49,47,9,28368386,262,1,32,13499,
355.504,2506.02,51.4817,7.44002,153.829,10.8185,94.8476,1,11,-91,-7,14,49,47,9,28368386,262,1,32,13499,
356.482,2517.69,51.4817,7.44019,154.359,11.4507,94.4478,1,12,-94,-9,11,46,46,9,28368386,262,1,32,13499,
357.498,2529.2,51.4817,7.44035,154.716,12.3104,95.1417,1,12,-94,-9,11,46,46,9,28368386,262,1,32,13499,
358.473,2541.19,51.4817,7.44053,154.791,12.7721,96.0369,1,12,-94,-7,8,46,43,9,28368386,262,1,32,13499,
359.473,2553.53,51.4817,7.4407,154.976,12.1685,97.0269,1,12,-94,-7,8,46,43,9,28368386,262,1,32,13499,
360.472,2565.6,51.4817,7.44088,155.28,11.6328,97.2423,1,1,-96,-9,7,44,43,9,28368386,262,1,32,13499,
361.473,2576.59,51.4817,7.44103,155.407,11.0806,97.7268,1,1,-96,-9,7,44,43,9,28368386,262,1,32,13499,
362.466,2587.52,51.4816,7.44119,155.322,10.4328,100.502,1,1,-96,-9,7,44,43,9,28368386,262,1,32,13499,
363.498,2597.67,51.4816,7.44133,155.077,10.6256,104.501,1,7,-97,-9,2,43,43,9,28368386,262,1,32,13499,
364.467,2607.97,51.4816,7.44146,154.902,10.9919,120.15,1,7,-97,-9,2,43,43,9,28368386,262,1,32,13499,
365.485,2619.12,51.4815,7.4416,154.914,10.2561,121.145,1,16,-97,-10,2,43,43,9,28368386,262,1,32,13499,
366.486,2630.01,51.4815,7.44173,155.29,10.3236,122.515,1,16,-97,-10,2,43,43,9,28368386,262,1,32,13499,
367.485,2640.76,51.4814,7.44186,155.492,10.0591,125.242,1,0,-94,-8,2,46,46,9,28368386,262,1,32,13499,
368.502,2649.9,51.4814,7.44196,155.496,9.19198,127.723,1,0,-94,-8,2,46,46,9,28368386,262,1,32,13499,
369.492,2658.55,51.4813,7.44206,155.996,9.28639,129.786,1,8,-92,-7,2,48,45,9,28367105,262,1,102,13499,
370.476,2668.79,51.4812,7.44216,156.227,9.78902,132.424,1,8,-92,-7,2,48,45,9,28367105,262,1,102,13499,
371.578,2678.31,51.4812,7.44226,156.268,8.84138,134.736,1,10,-92,-6,2,48,45,9,28367105,262,1,102,13499,
372.499,2686.95,51.4811,7.44234,156.131,8.67624,135.103,1,10,-92,-6,2,48,45,9,28367105,262,1,102,13499,
373.47,2695.93,51.4811,7.44243,155.934,8.67036,133.386,1,7,-93,-8,12,47,46,7,28367105,262,1,102,13499,
374.5,2704.53,51.481,7.44252,155.738,8.39824,132.398,1,7,-93,-8,12,47,46,7,28367105,262,1,102,13499,
375.493,2713,51.481,7.4426,155.799,9.17457,132.257,1,13,-85,-4,12,55,50,7,28367105,262,1,102,13499,
376.477,2723.13,51.4809,7.44271,155.971,10.581,131.814,1,13,-85,-4,12,55,50,7,28367105,262,1,102,13499,
377.498,2734.3,51.4808,7.44283,156.265,11.4452,131.879,1,20,-87,-5,12,53,51,7,28367105,262,1,102,13499,
378.485,2746.1,51.4808,7.44295,156.414,11.5864,133.055,1,20,-87,-5,12,53,51,7,28367105,262,1,102,13499,
379.481,2757.59,51.4807,7.44307,156.591,10.8928,135.978,1,7,-96,-7,10,44,43,7,28367105,262,1,102,13499,
380.489,2769.54,51.4806,7.44313,157.02,10.9211,161.103,1,7,-96,-7,10,44,43,7,28367105,262,1,102,13499,
381.491,2782.31,51.4805,7.44315,157.217,11.7106,175.45,1,5,-95,-8,7,45,44,7,28367105,262,1,102,13499,
382.49,2793.74,51.4804,7.44316,157.189,12.3625,174.939,1,5,-95,-8,7,45,44,7,28367105,262,1,102,13499,
383.494,2806.13,51.4803,7.44318,157.374,12.9232,172.036,1,5,-99,-11,8,41,44,7,28367105,262,1,102,13499,
384.499,2819.11,51.4801,7.44325,157.676,13.357,155.04,1,5,-99,-11,8,41,44,7,28367105,262,1,102,13499,
385.486,2819.11,51.4801,7.44309,nan,14.3908,153.488,1,5,-99,-11,8,41,44,7,28367105,262,1,102,13499,
386.478,2819.11,51.4799,7.44344,157.862,15.121,152.69,1,2,-101,-11,7,39,40,7,28367105,262,1,102,13499,
387.487,2834.09,51.4798,7.44354,157.414,15.844,151.776,1,2,-101,-11,7,39,40,7,28367105,262,1,102,13499,
388.478,2849,51.4797,7.44365,157.159,15.8627,151.492,1,2,-97,-9,6,43,43,7,28368386,262,1,32,13499,
389.477,2866.33,51.4795,7.44377,157.519,16.2591,151.133,1,2,-97,-9,6,43,43,7,28368386,262,1,32,13499,
390.482,2883.82,51.4794,7.44389,158.212,16.4323,151.705,1,3,-99,-9,9,41,42,7,28368386,262,1,32,13499,
391.463,2900.74,51.4793,7.444,158.672,16.6726,151.297,1,3,-99,-9,9,41,42,7,28368386,262,1,32,13499,
392.482,2917.43,51.4791,7.44411,158.947,16.5299,151.392,1,1,-97,-11,8,43,45,7,28368386,262,1,32,13499,
393.469,2934.15,51.479,7.44422,159.389,16.5693,151.804,1,1,-97,-11,8,43,45,7,28368386,262,1,32,13499,
394.476,2950.31,51.4789,7.44433,159.788,16.7426,151.448,1,4,-99,-10,8,41,41,7,28368386,262,1,32,13499,
395.492,2967.1,51.4787,7.44445,160.296,16.7949,151.908,1,4,-99,-10,8,41,41,7,28368386,262,1,32,13499,
396.499,2985.36,51.4786,7.44457,160.318,16.9254,151.971,1,1,-106,-13,6,34,38,11,28367105,262,1,32,13499,
397.472,3001.5,51.4785,7.44468,160.256,17.0516,151.43,1,1,-106,-13,6,34,38,11,28367105,262,1,32,13499,
398.476,3017.69,51.4783,7.44479,160.269,17.1781,151.46,1,2,-104,-11,7,36,38,11,28367105,262,1,102,13499,
399.503,3033.92,51.4782,7.4449,160.341,16.8725,151.639,1,2,-104,-11,7,36,38,11,28367105,262,1,102,13499,
400.485,3051.98,51.4781,7.44502,160.446,16.6943,151.388,1,-1,-101,-8,6,39,38,7,28368384,262,1,31,13499,
401.476,3069.54,51.4779,7.44515,160.596,16.7926,150.99,1,-1,-101,-8,6,39,38,7,28368384,262,1,31,13499,
402.467,3085.89,51.4778,7.44526,160.788,17.0029,150.959,1,3,-102,-9,9,38,38,7,28368384,262,1,31,13499,
403.507,3103.18,51.4777,7.44538,160.839,16.9434,151.389,1,3,-102,-9,9,38,38,7,28368384,262,1,31,13499,
404.484,3120.4,51.4775,7.44551,160.834,16.745,151.397,1,7,-97,-10,10,43,43,7,28368384,262,1,31,13499,
405.494,3120.4,51.4776,7.44533,nan,16.5863,151.525,1,7,-97,-10,10,43,43,7,28368384,262,1,31,13499,
406.47,3120.4,51.4773,7.44573,161.291,16.7594,151.611,1,11,-94,-7,13,46,45,7,28368384,262,1,31,13499,
407.471,3137.99,51.4771,7.44585,161.085,16.9814,151.73,1,11,-94,-7,13,46,45,7,28368384,262,1,31,13499,
408.474,3153.93,51.477,7.44596,160.766,17.2176,151.383,1,4,-93,-8,10,47,45,7,28368384,262,1,31,13499,
409.472,3171.46,51.4769,7.44608,160.777,17.1483,151.51,1,4,-93,-8,10,47,45,7,28368384,262,1,31,13499,
410.498,3188.82,51.4767,7.4462,160.914,16.7311,151.856,1,4,-93,-8,10,47,45,7,28368384,262,1,31,13499,
411.472,3204.77,51.4766,7.44631,160.968,15.9444,151.96,1,0,-97,-8,9,43,42,11,29568768,262,1,31,13499,
412.473,3221.18,51.4765,7.44642,161.125,15.2917,152.38,1,0,-97,-8,9,43,42,11,29568768,262,1,31,13499,
413.482,3235.6,51.4764,7.44652,161.108,14.555,153.009,1,9,-93,-8,11,47,47,11,29568768,262,1,415,13499,
414.489,3250.06,51.4762,7.44662,161.124,13.5365,152.886,1,9,-93,-8,11,47,47,11,29568768,262,1,415,13499,
415.468,3260.24,51.4762,7.44669,161.408,11.9605,152.07,1,8,-88,-6,12,52,51,11,29568768,262,1,415,13499,
416.47,3272.12,51.4761,7.44676,161.761,10.2837,151.382,1,8,-88,-6,12,52,51,11,29568768,262,1,415,13499,
417.474,3282.06,51.476,7.44682,161.989,8.46388,151.523,1,25,-89,-6,14,51,50,11,29568768,262,1,415,13499,
418.477,3289.25,51.4759,7.44686,162.392,6.4735,151.322,1,25,-89,-6,14,51,50,11,29568768,262,1,415,13499,
419.479,3295.2,51.4759,7.4469,162.643,4.76989,151,1,23,-89,-7,12,51,49,11,29568768,262,1,415,13499,
420.5,3299.93,51.4758,7.44694,162.618,3.05931,151.3,1,23,-89,-7,12,51,49,11,29568768,262,1,415,13499,
421.466,3302.38,51.4758,7.44696,162.553,1.70128,151.92,1,26,-88,-6,14,52,50,11,29568768,262,1,415,13499,
422.485,3303.82,51.4758,7.44698,162.441,0.706657,151.92,1,26,-88,-6,14,52,50,11,29568768,262,1,415,13499,
423.498,3303.82,51.4758,7.44698,162.435,0,151.92,1,11,-88,-6,9,52,50,11,29568768,262,1,415,13499,
424.477,3303.82,51.4758,7.44698,162.439,0,151.92,1,11,-88,-6,9,52,50,11,29568768,262,1,415,13499,
425.477,3303.82,51.4755,7.44699,nan,0,151.92,1,20,-89,-6,13,51,50,11,29568768,262,1,415,13499,
426.472,3303.82,51.4758,7.44698,162.459,0,151.92,1,20,-89,-6,13,51,50,11,29568768,262,1,415,13499,
427.477,3303.82,51.4758,7.44698,162.471,0,151.92,1,25,-89,-7,12,51,49,11,29568768,262,1,415,13499,
428.481,3303.82,51.4758,7.44698,162.484,0,151.92,1,25,-89,-7,12,51,49,11,29568768,262,1,415,13499,
429.48,3303.82,51.4758,7.44698,162.497,0,151.92,1,24,-91,-7,11,49,47,11,29568768,262,1,415,13499,
430.477,3303.82,51.4758,7.44698,162.511,0,151.92,1,24,-91,-7,11,49,47,11,29568768,262,1,415,13499,
431.483,3303.82,51.4758,7.44698,162.526,0,151.92,1,27,-89,-6,13,51,49,11,29568768,262,1,415,13499,
432.479,3303.82,51.4758,7.44698,162.542,0,151.92,1,27,-89,-6,13,51,49,11,29568768,262,1,415,13499,
433.474,3303.82,51.4758,7.44698,162.56,0,151.92,1,14,-88,-6,10,52,50,11,29568768,262,1,415,13499,
434.49,3303.82,51.4758,7.44698,162.578,0,151.92,1,14,-88,-6,10,52,50,11,29568768,262,1,415,13499,
435.478,3303.82,51.4758,7.44698,162.598,0,151.92,1,24,-89,-6,8,51,49,11,29568768,262,1,415,13499,
436.484,3303.82,51.4758,7.44698,162.619,0,151.92,1,24,-89,-6,8,51,49,11,29568768,262,1,415,13499,
437.48,3303.82,51.4758,7.44698,162.639,0,151.92,1,24,-89,-6,8,51,49,11,29568768,262,1,415,13499,
438.492,3303.82,51.4758,7.44698,162.66,0,151.92,1,26,-89,-6,9,51,49,11,29568768,262,1,415,13499,
439.488,3303.82,51.4758,7.44698,162.68,0,151.92,1,26,-89,-6,9,51,49,11,29568768,262,1,415,13499,
440.479,3303.82,51.4758,7.44698,162.695,0,151.92,1,9,-89,-6,9,51,49,11,29568768,262,1,415,13499,
441.5,3303.82,51.4758,7.44698,162.707,0,151.92,1,9,-89,-6,9,51,49,11,29568768,262,1,415,13499,
442.48,3303.82,51.4758,7.44698,162.719,0,151.92,1,14,-87,-6,2,53,50,11,29568768,262,1,415,13499,
443.483,3303.82,51.4758,7.44698,162.728,0,151.92,1,14,-87,-6,2,53,50,11,29568768,262,1,415,13499,
444.591,3303.82,51.4758,7.44698,162.737,0,151.92,1,13,-88,-6,9,52,50,10,29568768,262,1,415,13499,
445.471,3303.82,51.4758,7.44698,162.812,0,151.92,1,13,-88,-6,9,52,50,10,29568768,262,1,415,13499,
446.493,3303.82,51.4758,7.44698,163.719,0,152.668,1,14,-88,-6,10,52,50,10,29568768,262,1,415,13499,
447.492,3311.21,51.4758,7.44702,164.565,0,151.909,1,14,-88,-6,10,52,50,10,29568768,262,1,415,13499,
448.487,3317.95,51.4757,7.44707,164.964,6.97614,151.719,1,12,-87,-5,13,53,51,10,29568768,262,1,415,13499,
449.479,3325.13,51.4756,7.44711,164.952,8.03361,152.472,1,12,-87,-5,13,53,51,10,29568768,262,1,415,13499,
450.489,3334.41,51.4756,7.44718,164.863,9.56861,151.798,1,10,-91,-7,10,49,48,10,29568768,262,1,415,13499,
451.476,3343.91,51.4755,7.44724,164.535,10.4573,150.695,1,10,-91,-7,10,49,48,10,29568768,262,1,415,13499,
452.482,3354.37,51.4754,7.44732,164.294,11.2788,149.72,1,-3,-90,-7,6,50,49,7,28368384,262,1,31,13499,
453.492,3366.4,51.4753,7.44742,164.033,11.3537,149.02,1,-3,-90,-7,6,50,49,7,28368384,262,1,31,13499,
454.5,3377.94,51.4752,7.44751,164.461,10.7829,148.313,1,3,-95,-7,11,45,43,7,28368384,262,1,31,13499,
455.475,3388.54,51.4752,7.4476,165.423,9.67926,147.218,1,3,-95,-7,11,45,43,7,28368384,262,1,31,13499,
456.483,3398.49,51.4751,7.44768,166.281,8.83213,146.611,1,4,-98,-7,10,42,41,7,28368384,262,1,31,13499,
457.479,3406.56,51.475,7.44775,167.487,7.58394,145.512,1,4,-98,-7,10,42,41,7,28368384,262,1,31,13499,
458.495,3412.39,51.475,7.4478,168.453,5.44177,144.838,1,5,-99,-8,9,41,40,7,28368384,262,1,31,13499,
459.487,3415.93,51.475,7.44783,168.533,3.15209,144.369,1,5,-99,-8,9,41,40,7,28368384,262,1,31,13499,
460.487,3418.65,51.4749,7.44785,168.588,1.89648,145.401,1,6,-100,-8,6,40,39,7,28368384,262,1,31,13499,
461.505,3421.84,51.4749,7.44787,168.644,1.68962,143.741,1,6,-100,-8,6,40,39,7,28368384,262,1,31,13499,
462.498,3423.48,51.4749,7.44788,168.687,1.15097,143.741,1,4,-99,-9,9,41,41,7,28368384,262,1,31,13499,
463.493,3424.05,51.4749,7.44789,168.704,0.525841,143.741,1,4,-99,-9,9,41,41,7,28368384,262,1,31,13499,
464.471,3424.05,51.4749,7.44789,168.702,0,143.741,1,4,-99,-9,9,41,41,7,28368384,262,1,31,13499,
465.488,3424.05,51.4749,7.44789,168.694,0,143.741,1,3,-99,-9,9,41,41,7,28368384,262,1,31,13499,
466.466,3424.05,51.4749,7.44789,168.684,0,143.741,1,3,-99,-9,9,41,41,7,28368384,262,1,31,13499,
467.476,3424.05,51.4749,7.44789,168.669,0,143.741,1,4,-98,-8,9,42,41,7,28368384,262,1,31,13499,
468.47,3424.05,51.4749,7.44789,168.65,0,143.741,1,4,-98,-8,9,42,41,7,28368384,262,1,31,13499,
469.48,3424.05,51.4749,7.44789,168.627,0,143.741,1,3,-101,-10,2,39,40,7,28368384,262,1,31,13499,
470.485,3424.05,51.4749,7.44789,168.601,0,143.741,1,3,-101,-10,2,39,40,7,28368384,262,1,31,13499,
471.484,3424.05,51.4749,7.44789,168.296,0,143.741,1,4,-100,-9,2,40,40,7,28368384,262,1,31,13499,
472.48,3424.05,51.4749,7.44789,168.016,0,143.741,1,4,-100,-9,2,40,40,7,28368384,262,1,31,13499,
473.48,3424.05,51.4749,7.44789,167.793,0,143.741,1,3,-99,-8,2,41,40,7,28368384,262,1,31,13499,
474.52,3424.05,51.4749,7.44789,166.335,0,143.162,1,3,-99,-8,2,41,40,7,28368384,262,1,31,13499,
475.487,3424.05,51.4749,7.44789,165.402,0,142.803,1,1,-100,-9,2,40,41,7,28368384,262,1,31,13499,
476.485,3436.73,51.4748,7.44798,164.444,5.86018,143.559,1,1,-100,-9,2,40,41,7,28368384,262,1,31,13499,
477.479,3442.21,51.4748,7.44803,163.578,5.90503,142.448,1,3,-98,-8,2,42,42,7,29568768,262,1,415,13499,
478.49,3449.64,51.4747,7.44809,163.096,6.90897,142.752,1,3,-98,-8,2,42,42,7,29568768,262,1,415,13499,
479.487,3457.73,51.4746,7.44815,162.75,8.24858,142.214,1,8,-96,-8,2,44,43,7,29568768,262,1,415,13499,
480.479,3466.58,51.4746,7.44823,162.918,9.01546,142.285,1,8,-96,-8,2,44,43,7,29568768,262,1,415,13499,
481.488,3475.36,51.4745,7.44831,163.214,8.64096,141.517,1,5,-98,-8,2,42,43,7,29568768,262,1,415,13499,
482.467,3483.51,51.4745,7.44838,163.374,8.48642,140.916,1,5,-98,-8,2,42,43,7,29568768,262,1,415,13499,
483.478,3495.06,51.4744,7.4485,164.513,8.46292,140.57,1,-1,-97,-9,2,43,43,7,29568768,262,1,415,13499,
484.496,3505.99,51.4743,7.44862,165.996,9.03196,140.302,1,-1,-97,-9,2,43,43,7,29568768,262,1,415,13499,
485.473,3515.78,51.4743,7.44872,167.197,10.0197,140.248,1,-1,-97,-9,2,43,43,7,29568768,262,1,415,13499,
486.485,3526.76,51.4742,7.44882,168.016,10.8637,139.747,1,5,-94,-7,2,46,45,7,28368384,262,1,31,13499,
487.477,3537.08,51.4741,7.44893,168.772,10.7533,139.242,1,5,-94,-7,2,46,45,7,28368384,262,1,31,13499,
488.476,3546.88,51.474,7.44902,169.248,11.1223,139.021,1,5,-91,-7,2,49,47,7,28368384,262,1,31,13499,
489.472,3557.04,51.474,7.44912,169.202,11.2721,138.058,1,5,-91,-7,2,49,47,7,28368384,262,1,31,13499,
490.49,3567.24,51.4739,7.44923,168.913,11.1117,137.428,1,7,-91,-7,2,49,47,7,28368384,262,1,31,13499,
491.472,3578.19,51.4738,7.44933,168.634,10.9867,136.68,1,7,-91,-7,2,49,47,7,28368384,262,1,31,13499,
492.473,3589.84,51.4738,7.44945,168.428,10.939,135.693,1,-4,-91,-8,2,49,48,7,28368384,262,1,31,13499,
493.476,3601.58,51.4737,7.44957,168.032,10.9955,134.733,1,-4,-91,-8,2,49,48,7,28368384,262,1,31,13499,
494.48,3613.02,51.4736,7.4497,167.754,10.9394,133.534,1,18,-81,-6,2,59,56,7,29568768,262,1,415,13499,
495.499,3623.5,51.4736,7.44981,167.81,10.7522,132.171,1,18,-81,-6,2,59,56,7,29568768,262,1,415,13499,
496.485,3634.24,51.4735,7.44994,167.996,10.3534,130.927,1,18,-81,-6,2,59,57,7,29568768,262,1,415,13499,
497.472,3645.25,51.4735,7.45006,168.151,9.81949,129.573,1,18,-81,-6,2,59,57,7,29568768,262,1,415,13499,
498.471,3655.55,51.4734,7.45019,168.175,10.3723,128.233,1,18,-81,-6,2,59,57,7,29568768,262,1,415,13499,
499.477,3666.86,51.4733,7.45032,168.295,11.2892,126.996,1,18,-81,-6,2,59,57,7,29568768,262,1,415,13499,
500.472,3678.54,51.4733,7.45046,168.159,12.0761,125.833,1,21,-84,-6,2,56,54,7,29568768,262,1,415,13499,
501.482,3691.23,51.4732,7.45061,167.89,13.1791,124.523,1,21,-84,-6,2,56,54,7,29568768,262,1,415,13499,
502.477,3704.96,51.4731,7.45077,167.533,14.0965,123.495,1,16,-85,-6,2,55,53,7,29568768,262,1,415,13499,
503.475,3718.72,51.4731,7.45095,167.059,15.0182,122.172,1,16,-85,-6,2,55,53,7,29568768,262,1,415,13499,
504.478,3733.3,51.473,7.45113,166.542,15.971,120.271,1,21,-84,-6,2,56,54,7,29568768,262,1,415,13499,
505.491,3733.3,51.473,7.44998,nan,16.761,118.386,1,21,-84,-6,2,56,54,7,29568768,262,1,415,13499,
506.474,3733.3,51.4729,7.45155,165.565,16.7459,116.656,1,15,-79,-5,12,61,54,4,29568768,262,1,415,13499,
507.481,3749.89,51.4728,7.45177,165.237,17.0602,114.864,1,15,-79,-5,12,61,54,4,29568768,262,1,415,13499,
508.486,3767.46,51.4728,7.45201,165.081,17.3151,112.73,1,18,-79,-5,11,61,56,4,29568768,262,1,415,13499,
509.497,3784.72,51.4727,7.45224,165.008,17.1266,110.983,1,18,-79,-5,11,61,56,4,29568768,262,1,415,13499,
510.491,3801.23,51.4727,7.45247,164.795,16.8089,109.035,1,18,-79,-5,11,61,56,4,29568768,262,1,415,13499,
511.59,3818.75,51.4727,7.45272,164.48,16.4946,107.38,1,25,-75,-5,14,65,61,4,29568768,262,1,415,13499,
512.475,3834.87,51.4726,7.45295,164.229,16.5519,106.271,1,25,-75,-5,14,65,61,4,29568768,262,1,415,13499,
513.473,3852.24,51.4726,7.45319,163.752,16.7898,105.443,1,31,-82,-6,13,58,55,4,29568768,262,1,415,13499,
514.484,3868.93,51.4726,7.45343,163.225,16.9515,105.044,1,31,-82,-6,13,58,55,4,29568768,262,1,415,13499,
515.474,3885.06,51.4725,7.45366,162.94,16.6162,104.906,1,11,-82,-5,14,58,55,4,29568768,262,1,415,13499,
516.477,3902.78,51.4725,7.4539,162.935,16.669,105.378,1,11,-82,-5,14,58,55,4,29568768,262,1,415,13499,
517.493,3920.09,51.4724,7.45415,163.611,17.2289,105.99,1,20,-83,-5,12,57,54,4,29568768,262,1,415,13499,
518.477,3936.72,51.4724,7.45438,164.302,17.8656,105.952,1,20,-83,-5,12,57,54,4,29568768,262,1,415,13499,
519.479,3955.82,51.4724,7.45464,164.251,18.4649,106.363,1,14,-79,-5,10,61,56,4,29568768,262,1,415,13499,
520.474,3973.19,51.4723,7.45488,164.291,18.1784,107.107,1,14,-79,-5,10,61,56,4,29568768,262,1,415,13499,
521.48,3990.7,51.4723,7.45512,164.394,17.9493,108.061,1,19,-80,-5,13,60,56,4,29568768,262,1,415,13499,
522.478,4008.78,51.4722,7.45537,164.466,17.6824,109.123,1,19,-80,-5,13,60,56,4,29568768,262,1,415,13499,
523.492,4026.36,51.4721,7.4556,164.34,17.6785,110.129,1,23,-82,-5,13,58,54,4,29568768,262,1,415,13499,
524.476,4044.23,51.4721,7.45584,164.519,17.598,111.135,1,23,-82,-5,13,58,54,4,29568768,262,1,415,13499,
525.484,4044.23,51.4723,7.45639,nan,17.5921,112.111,1,11,-87,-6,8,53,50,4,29568768,262,1,415,13499,
526.475,4044.23,51.472,7.45631,164.995,17.3999,113.068,1,11,-87,-6,8,53,50,4,29568768,262,1,415,13499,
527.495,4061.26,51.4719,7.45653,164.783,16.4374,113.748,1,20,-85,-5,15,55,50,4,29568768,262,1,415,13499,
528.467,4077.72,51.4718,7.45674,164.425,15.9883,114.191,1,20,-85,-5,15,55,50,4,29568768,262,1,415,13499,
529.478,4093.04,51.4718,7.45694,164.006,15.579,114.579,1,12,-86,-6,10,54,49,4,29568768,262,1,415,13499,
530.467,4108.27,51.4717,7.45714,163.257,14.9722,115.109,1,12,-86,-6,10,54,49,4,29568768,262,1,415,13499,
531.478,4123,51.4717,7.45733,162.689,14.4456,115.487,1,12,-86,-6,10,54,49,4,29568768,262,1,415,13499,
532.489,4136.67,51.4716,7.45751,162.15,14.1047,116.823,1,13,-88,-6,8,52,49,4,29568768,262,1,415,13499,
533.483,4150.29,51.4715,7.45768,161.608,13.8184,117.637,1,13,-88,-6,8,52,49,4,29568768,262,1,415,13499,
534.486,4164.17,51.4715,7.45786,160.907,13.302,117.16,1,12,-91,-7,8,49,46,4,29568768,262,1,415,13499,
535.485,4177.03,51.4714,7.45802,160.221,12.7174,116.315,1,12,-91,-7,8,49,46,4,29568768,262,1,415,13499,
536.466,4189.35,51.4714,7.45818,159.794,12.3188,115.424,1,13,-87,-6,10,53,49,4,29568768,262,1,415,13499,
537.489,4201.43,51.4713,7.45833,159.438,11.4937,114.937,1,13,-87,-6,10,53,49,4,29568768,262,1,415,13499,
538.486,4212.52,51.4713,7.45847,159.474,10.0036,114.562,1,14,-88,-7,12,52,50,4,29568768,262,1,415,13499,
539.491,4221.71,51.4712,7.45859,159.529,8.72053,115.29,1,14,-88,-7,12,52,50,4,29568768,262,1,415,13499,
540.473,4229.71,51.4712,7.4587,159.322,7.31373,114.949,1,15,-88,-8,12,52,52,4,29568768,262,1,415,13499,
541.468,4236.03,51.4712,7.45878,158.794,6.38168,115.922,1,15,-88,-8,12,52,52,4,29568768,262,1,415,13499,
542.467,4241.71,51.4712,7.45885,157.964,5.70544,115.557,1,4,-93,-8,2,47,47,4,29568768,262,1,415,13499,
543.51,4246.88,51.4711,7.45892,157.215,5.12825,115.221,1,4,-93,-8,2,47,47,4,29568768,262,1,415,13499,
544.472,4251.84,51.4711,7.45898,156.63,4.58874,115.782,1,14,-94,-8,2,46,45,4,29568768,262,1,415,13499,
545.478,4256.47,51.4711,7.45904,156.596,4.01883,115.477,1,14,-94,-8,2,46,45,4,29568768,262,1,415,13499,
546.484,4260.34,51.4711,7.45909,156.577,3.44927,115.962,1,14,-93,-9,2,47,47,4,29568768,262,1,415,13499,
547.491,4263.4,51.4711,7.45913,156.558,2.74769,116.686,1,14,-93,-9,2,47,47,4,29568768,262,1,415,13499,
548.464,4266.24,51.4711,7.45917,156.557,2.1288,115.864,1,13,-93,-9,2,47,47,4,29568768,262,1,415,13499,
549.467,4266.96,51.4711,7.45918,156.549,0.289532,115.864,1,13,-93,-9,2,47,47,4,29568768,262,1,415,13499,
550.486,4266.96,51.4711,7.45918,156.545,0,115.864,1,7,-93,-10,2,47,48,4,29568768,262,1,415,13499,
551.497,4266.96,51.4711,7.45918,156.539,0,115.864,1,7,-93,-10,2,47,48,4,29568768,262,1,415,13499,
552.485,4266.96,51.4711,7.45918,156.531,0,115.864,1,6,-91,-8,2,49,48,4,29568769,262,1,416,13499,
553.476,4266.96,51.4711,7.45918,156.522,0,115.864,1,6,-91,-8,2,49,48,4,29568769,262,1,416,13499,
554.489,4266.96,51.4711,7.45918,156.512,0,115.864,1,10,-92,-8,2,48,47,4,29568769,262,1,416,13499,
555.495,4266.96,51.4711,7.45918,156.501,0,115.864,1,10,-92,-8,2,48,47,4,29568769,262,1,416,13499,
556.472,4266.96,51.4711,7.45918,156.489,0,115.864,1,10,-91,-8,2,49,47,4,29568769,262,1,416,13499,
557.474,4266.96,51.4711,7.45918,156.477,0,115.864,1,10,-91,-8,2,49,47,4,29568769,262,1,416,13499,
558.474,4266.96,51.4711,7.45918,156.466,0,115.864,1,11,-91,-8,2,49,48,4,29568769,262,1,416,13499,
559.47,4266.96,51.4711,7.45918,156.455,0,115.864,1,11,-91,-8,2,49,48,4,29568769,262,1,416,13499,
560.503,4266.96,51.4711,7.45918,156.445,0,115.864,1,11,-91,-8,2,49,48,4,29568769,262,1,416,13499,
561.486,4266.96,51.4711,7.45918,156.436,0,115.864,1,11,-91,-8,2,49,48,4,29568769,262,1,416,13499,
562.475,4266.96,51.4711,7.45918,156.428,0,115.864,1,11,-91,-8,2,49,48,4,29568769,262,1,416,13499,
563.471,4266.96,51.4711,7.45918,156.421,0,115.864,1,13,-92,-8,2,48,48,4,29568769,262,1,416,13499,
564.49,4266.96,51.4711,7.45918,156.416,0,115.864,1,13,-92,-8,2,48,48,4,29568769,262,1,416,13499,
565.477,4266.96,51.4711,7.45918,156.411,0,115.864,1,12,-92,-8,2,48,48,4,29568769,262,1,416,13499,
566.5,4266.96,51.4711,7.45918,156.407,0,115.864,1,12,-92,-8,2,48,48,4,29568769,262,1,416,13499,
567.48,4266.96,51.4711,7.45918,156.402,0,115.864,1,14,-92,-8,2,48,47,4,29568769,262,1,416,13499,
568.485,4266.96,51.4711,7.45918,156.397,0,115.864,1,14,-92,-8,2,48,47,4,29568769,262,1,416,13499,
569.483,4266.96,51.4711,7.45918,156.391,0,115.864,1,12,-92,-8,2,48,47,4,29568769,262,1,416,13499,
570.492,4266.96,51.4711,7.45918,156.386,0,115.864,1,12,-92,-8,2,48,47,4,29568769,262,1,416,13499,
571.476,4266.96,51.4711,7.45918,156.379,0,115.864,1,12,-91,-8,2,49,47,4,29568769,262,1,416,13499,
572.471,4266.96,51.4711,7.45918,156.372,0,115.864,1,12,-91,-8,2,49,47,4,29568769,262,1,416,13499,
573.476,4266.96,51.4711,7.45918,156.366,0,115.864,1,13,-91,-8,2,49,47,4,29568769,262,1,416,13499,
574.484,4266.96,51.4711,7.45918,156.36,0,115.864,1,13,-91,-8,2,49,47,4,29568769,262,1,416,13499,
575.484,4266.96,51.4711,7.45918,156.356,0,115.864,1,12,-91,-8,2,49,48,4,29568769,262,1,416,13499,
576.503,4266.96,51.4711,7.45918,156.352,0,115.864,1,12,-91,-8,2,49,48,4,29568769,262,1,416,13499,
577.494,4266.96,51.4711,7.45918,156.35,0,115.864,1,13,-91,-8,2,49,48,4,29568769,262,1,416,13499,
578.475,4266.96,51.4711,7.45918,156.347,0,115.864,1,13,-91,-8,2,49,48,4,29568769,262,1,416,13499,
579.515,4266.96,51.4711,7.45918,156.346,0,115.864,1,11,-91,-8,2,49,48,4,29568769,262,1,416,13499,
580.481,4266.96,51.4711,7.45918,156.345,0,115.864,1,11,-91,-8,2,49,48,4,29568769,262,1,416,13499,
581.477,4266.96,51.4711,7.45918,156.346,0,115.864,1,12,-91,-8,2,49,48,4,29568769,262,1,416,13499,
582.47,4266.96,51.4711,7.45918,156.347,0,115.864,1,12,-91,-8,2,49,48,4,29568769,262,1,416,13499,
583.491,4266.96,51.4711,7.45918,156.349,0,115.864,1,13,-91,-8,2,49,48,4,29568769,262,1,416,13499,
584.476,4266.96,51.4711,7.45918,156.353,0,115.864,1,13,-91,-8,2,49,48,4,29568769,262,1,416,13499,
585.464,4266.96,51.4711,7.45918,156.358,0,115.864,1,13,-91,-8,2,49,48,4,29568769,262,1,416,13499,
586.479,4266.96,51.4711,7.45918,156.363,0,115.864,1,10,-91,-8,2,49,48,4,29568769,262,1,416,13499,
587.505,4266.96,51.4711,7.45918,156.369,0,115.864,1,10,-91,-8,2,49,48,4,29568769,262,1,416,13499,
588.495,4266.96,51.4711,7.45918,156.375,0,115.864,1,12,-91,-8,2,49,48,4,29568769,262,1,416,13499,
589.474,4266.96,51.4711,7.45918,156.381,0,115.864,1,12,-91,-8,2,49,48,4,29568769,262,1,416,13499,
590.492,4266.96,51.4711,7.45918,156.387,0,115.864,1,13,-91,-8,2,49,48,4,29568769,262,1,416,13499,
591.484,4266.96,51.4711,7.45918,156.393,0,115.864,1,13,-91,-8,2,49,48,4,29568769,262,1,416,13499,
592.595,4266.96,51.4711,7.45918,156.399,0,115.864,1,11,-91,-8,2,49,48,4,29568769,262,1,416,13499,
593.478,4266.96,51.4711,7.45918,156.404,0,115.864,1,11,-91,-8,2,49,48,4,29568769,262,1,416,13499,
594.479,4266.96,51.4711,7.45918,156.41,0,115.864,1,11,-91,-8,9,49,48,5,29568769,262,1,416,13499,
595.442,4266.96,51.4711,7.45918,156.395,0,115.864,1,11,-91,-8,9,49,48,5,29568769,262,1,416,13499,
596.472,4266.96,51.4711,7.45918,156.337,0,115.864,1,8,-93,-8,11,47,46,5,29568769,262,1,416,13499,
597.485,4266.96,51.4711,7.45918,156.289,0,110.513,1,8,-93,-8,11,47,46,5,29568769,262,1,416,13499,
598.48,4266.96,51.4711,7.45918,156.242,0,112.831,1,10,-93,-9,11,47,47,5,29568769,262,1,416,13499,
599.495,4275.95,51.471,7.45929,155.722,4.68004,114.472,1,10,-93,-9,11,47,47,5,29568769,262,1,416,13499,
600.468,4280.79,51.471,7.45936,154.971,6.01804,115.931,1,7,-93,-9,12,47,47,5,29568769,262,1,416,13499,
601.48,4289.12,51.471,7.45947,153.961,7.29439,116.686,1,7,-93,-9,12,47,47,5,29568769,262,1,416,13499,
602.495,4297.24,51.4709,7.45957,153.416,6.5101,117.087,1,2,-96,-11,8,44,47,5,29568769,262,1,416,13499,
603.475,4304.83,51.4709,7.45967,153.4,7.44389,116.752,1,2,-96,-11,8,44,47,5,29568769,262,1,416,13499,
604.477,4313.11,51.4709,7.45977,153.697,8.41567,116.326,1,0,-92,-10,7,48,50,5,29568769,262,1,416,13499,
605.476,4321.28,51.4709,7.45988,154.073,9.7974,115.358,1,0,-92,-10,7,48,50,5,29568769,262,1,416,13499,
606.479,4329.85,51.4708,7.46,154.243,9.70903,114.313,1,-3,-97,-13,5,43,47,5,29568769,262,1,416,13499,
607.485,4339.89,51.4708,7.46013,154.45,10.2909,113.485,1,-3,-97,-13,5,43,47,5,29568769,262,1,416,13499,
608.506,4351.03,51.4707,7.46028,154.644,11.386,112.531,1,5,-96,-11,8,44,46,5,29568769,262,1,416,13499,
609.48,4362.64,51.4707,7.46044,154.937,12.318,112.003,1,5,-96,-11,8,44,46,5,29568769,262,1,416,13499,
610.486,4375.23,51.4707,7.46061,155.168,12.2066,112.333,1,5,-96,-11,8,44,46,5,29568769,262,1,416,13499,
611.483,4386.87,51.4706,7.46076,155.038,11.9062,113.054,1,0,-96,-11,7,44,46,5,29568769,262,1,416,13499,
612.47,4399.55,51.4706,7.46093,154.611,12.1631,113.736,1,0,-96,-11,7,44,46,5,29568769,262,1,416,13499,
613.479,4410.85,51.4706,7.46109,154.594,11.8675,114.215,1,1,-94,-11,7,46,48,5,29568769,262,1,416,13499,
614.488,4422.31,51.4705,7.46124,154.658,11.6088,114.541,1,1,-94,-11,7,46,48,5,29568769,262,1,416,13499,
615.479,4433.98,51.4705,7.46139,154.54,11.6607,114.153,1,-2,-97,-13,4,43,46,5,29568769,262,1,416,13499,
616.491,4445.87,51.4704,7.46155,154.441,12.0679,114.464,1,-2,-97,-13,4,43,46,5,29568769,262,1,416,13499,
617.48,4458.63,51.4704,7.46172,153.922,12.3609,115.406,1,-3,-99,-12,5,41,44,5,29568769,262,1,416,13499,
618.484,4471.48,51.4703,7.46189,154.47,12.4996,115.042,1,-3,-99,-12,5,41,44,5,29568769,262,1,416,13499,
619.479,4484.68,51.4703,7.46205,155.198,13.3697,115.414,1,-1,-99,-12,7,41,43,13,26378498,262,1,495,13499,
620.514,4499.27,51.4702,7.46224,156.055,13.9713,114.979,1,-1,-99,-12,7,41,43,13,26378498,262,1,495,13499,
621.471,4513.47,51.4702,7.46243,157.03,14.0316,115.424,1,1,-98,-10,7,42,42,13,26378498,262,1,495,13499,
622.471,4527.4,51.4701,7.4626,157.629,14.1312,115.388,1,1,-98,-10,7,42,42,13,26378498,262,1,495,13499,
623.479,4541.1,51.47,7.46278,158.027,13.8382,114.631,1,1,-96,-9,6,44,44,13,26378498,262,1,495,13499,
624.508,4555.13,51.47,7.46296,158.358,13.9455,115.073,1,1,-96,-9,6,44,44,13,26378498,262,1,495,13499,
625.49,4555.13,51.4695,7.46331,nan,14.4493,115.782,1,0,-100,-11,6,40,43,13,26378498,262,1,495,13499,
626.482,4555.13,51.4699,7.46334,158.231,14.9565,115.146,1,0,-100,-11,6,40,43,13,26378498,262,1,495,13499,
627.48,4570.66,51.4698,7.46354,158.401,15.4444,114.441,1,2,-97,-10,8,43,43,13,26378498,262,1,495,13499,
628.477,4586.55,51.4698,7.46375,158.683,15.829,113.424,1,2,-97,-10,8,43,43,13,26378498,262,1,495,13499,
629.472,4602.82,51.4697,7.46397,159.052,16.1923,111.902,1,2,-98,-10,7,42,43,13,26378498,262,1,495,13499,
630.482,4619.36,51.4697,7.4642,159.261,16.6215,110.85,1,2,-98,-10,7,42,43,13,26378498,262,1,495,13499,
631.489,4634.87,51.4696,7.46441,159.219,16.6846,109.802,1,3,-98,-10,8,42,43,13,26378498,262,1,495,13499,
632.485,4650.9,51.4696,7.46463,159.185,16.159,108.661,1,3,-98,-10,8,42,43,13,26378498,262,1,495,13499,
633.467,4666.27,51.4695,7.46484,158.896,14.5673,107.757,1,3,-98,-10,8,42,43,13,26378498,262,1,495,13499,
634.468,4682.65,51.4695,7.46507,158.104,15.4909,105.734,1,-1,-99,-10,6,41,42,13,26378498,262,1,495,13499,
635.492,4698.46,51.4695,7.4653,157.305,15.0308,104.427,1,-1,-99,-10,6,41,42,13,26378498,262,1,495,13499,
636.503,4712.81,51.4694,7.4655,156.892,15.3753,102.555,1,-2,-95,-10,6,45,46,14,29401601,262,1,430,13499,
637.476,4727.65,51.4694,7.46571,156.69,15.8005,100.482,1,-2,-95,-10,6,45,46,14,29401601,262,1,430,13499,
638.485,4745.01,51.4694,7.46596,156.679,15.8839,98.7567,1,8,-95,-8,9,45,43,14,29401601,262,1,430,13499,
639.483,4759.93,51.4694,7.46618,156.608,16.1565,97.2912,1,8,-95,-8,9,45,43,14,29401601,262,1,430,13499,
640.486,4774.97,51.4694,7.4664,156.58,16.5116,95.6954,1,8,-94,-8,9,46,45,14,29401601,262,1,430,13499,
641.484,4791.04,51.4694,7.46663,156.962,16.9903,93.7683,1,8,-94,-8,9,46,45,14,29401601,262,1,430,13499,
642.484,4809.89,51.4694,7.4669,156.694,16.943,91.6193,1,12,-88,-6,12,52,47,14,29401601,262,1,430,13499,
643.501,4827.27,51.4694,7.46715,156.125,16.8306,89.7365,1,12,-88,-6,12,52,47,14,29401601,262,1,430,13499,
644.478,4844.5,51.4694,7.4674,155.617,16.9199,88.0435,1,5,-94,-7,8,46,45,14,29401601,262,1,430,13499,
645.491,4861.85,51.4695,7.46764,155.384,17.1208,86.4329,1,5,-94,-7,8,46,45,14,29401601,262,1,430,13499,
646.506,4879.37,51.4695,7.4679,155.15,17.2391,85.2409,1,4,-96,-9,7,44,44,14,29401601,262,1,430,13499,
647.474,4896.6,51.4695,7.46814,154.802,17.7744,83.6669,1,4,-96,-9,7,44,44,14,29401601,262,1,430,13499,
648.497,4914.2,51.4695,7.46839,154.376,17.4954,82.41,1,0,-100,-9,8,40,40,14,29401601,262,1,430,13499,
649.494,4931.49,51.4696,7.46864,154.143,17.0819,81.8472,1,0,-100,-9,8,40,40,14,29401601,262,1,430,13499,
650.49,4948.1,51.4696,7.46887,153.89,16.8664,81.2956,1,4,-101,-9,7,39,40,14,29401601,262,1,430,13499,
651.479,4964.9,51.4696,7.46911,153.949,16.6861,80.7745,1,4,-101,-9,7,39,40,14,29401601,262,1,430,13499,
652.47,4982,51.4697,7.46935,154.126,16.9114,81.529,1,1,-103,-11,2,37,40,14,29401601,262,1,430,13499,
653.485,5000.37,51.4697,7.46961,154.295,17.5668,80.9119,1,1,-103,-11,2,37,40,14,29401601,262,1,430,13499,
654.498,5017.19,51.4697,7.46985,154.48,18.2286,81.3645,1,7,-101,-11,2,39,41,14,29401601,262,1,430,13499,
655.49,5035.57,51.4698,7.47011,154.91,18.7196,81.2539,1,7,-101,-11,2,39,41,14,29401601,262,1,430,13499,
656.485,5054.19,51.4698,7.47038,155.354,19.2928,82.4367,1,7,-101,-11,2,39,41,14,29401601,262,1,430,13499,
657.474,5072.51,51.4698,7.47064,155.936,18.4823,83.0208,1,4,-100,-10,2,40,42,14,29401601,262,1,430,13499,
658.491,5091.07,51.4698,7.47091,156.491,18.2339,84.0927,1,4,-100,-10,2,40,42,14,29401601,262,1,430,13499,
659.493,5108.84,51.4698,7.47116,156.758,18.3511,86.0939,1,3,-98,-9,2,42,42,14,31263232,262,1,162,13499,
660.492,5126.96,51.4698,7.47142,157.036,18.1527,87.5808,1,3,-98,-9,2,42,42,14,31263232,262,1,162,13499,
661.485,5144.72,51.4699,7.47168,157.508,17.8666,88.7037,1,2,-96,-8,2,44,44,14,29401601,262,1,430,13499,
662.585,5162.93,51.4698,7.47194,158.084,17.4237,90.5338,1,2,-96,-8,2,44,44,14,29401601,262,1,430,13499,
663.487,5179.83,51.4698,7.47219,158.563,17.4619,91.8468,1,2,-102,-12,7,38,41,17,29401601,262,1,430,13499,
664.503,5197.39,51.4698,7.47244,158.98,17.1856,93.0632,1,2,-102,-12,7,38,41,17,29401601,262,1,430,13499,
665.472,5214.47,51.4698,7.47268,159.416,18.0163,94.503,1,2,-100,-10,7,40,42,17,29401601,262,1,430,13499,
666.492,5232.48,51.4698,7.47294,159.881,17.7026,95.3483,1,2,-100,-10,7,40,42,17,29401601,262,1,430,13499,
667.476,5249.3,51.4698,7.47318,160.646,17.1371,96.4301,1,0,-101,-11,6,39,41,17,29401601,262,1,430,13499,
668.488,5266.73,51.4697,7.47343,161.621,16.9405,96.935,1,0,-101,-11,6,39,41,17,29401601,262,1,430,13499,
669.467,5283.46,51.4697,7.47367,162.542,16.5909,97.434,1,-3,-102,-14,4,38,43,22,31263232,262,1,430,13499,
670.482,5300.32,51.4697,7.47391,163.36,16.231,97.9127,1,-3,-102,-14,4,38,43,22,31263232,262,1,430,13499,
671.483,5316.09,51.4697,7.47413,164.134,15.8261,98.3444,1,-4,-101,-13,6,39,43,22,31263232,262,1,162,13499,
672.488,5332.26,51.4696,7.47436,164.566,15.6718,99.0066,1,-4,-101,-13,6,39,43,22,31263232,262,1,162,13499,
673.477,5347.74,51.4696,7.47458,164.581,15.4513,98.6184,1,-4,-104,-15,4,36,42,22,31263232,262,1,162,13499,
674.495,5365.27,51.4696,7.47483,164.921,16.409,98.1316,1,-4,-104,-15,4,36,42,22,31263232,262,1,162,13499,
675.475,5381.49,51.4696,7.47506,165.2,16.9255,97.4682,1,-6,-104,-16,4,36,43,22,31263232,262,1,162,13499,
676.485,5398.74,51.4695,7.47531,165.273,16.6027,96.4978,1,-6,-104,-16,4,36,43,22,31263232,262,1,162,13499,
677.479,5414.72,51.4695,7.47554,165.281,15.9355,95.6594,1,-7,-99,-14,5,41,45,8,26378497,262,1,496,13499,
678.478,5430.23,51.4695,7.47576,165.392,15.3336,94.8986,1,-7,-99,-14,5,41,45,8,26378497,262,1,496,13499,
679.486,5445.32,51.4695,7.47598,165.592,14.6888,94.1155,1,-7,-99,-14,5,41,45,8,26378497,262,1,496,13499,
680.506,5459.87,51.4695,7.47619,165.447,14.3152,92.7632,1,-1,-97,-12,5,43,46,8,26378497,262,1,496,13499,
681.486,5472.51,51.4695,7.47637,165.449,13.6839,91.6639,1,-1,-97,-12,5,43,46,8,26378497,262,1,496,13499,
682.475,5485.92,51.4695,7.47657,165.64,13.0648,90.1682,1,-3,-101,-15,5,39,45,8,26378497,262,1,496,13499,
683.476,5498.98,51.4695,7.47675,166.155,12.5239,87.2877,1,-3,-101,-15,5,39,45,8,26378497,262,1,496,13499,
684.476,5510.69,51.4695,7.47692,166.497,12.2781,87.8207,1,-5,-101,-16,4,39,47,8,26378497,262,1,496,13499,
685.482,5523.64,51.4695,7.47711,166.604,12.1694,88.2279,1,-5,-101,-16,4,39,47,8,26378497,262,1,496,13499,
686.479,5535.59,51.4695,7.47728,166.557,11.7278,85.7933,1,-6,-100,-16,4,40,48,8,26378497,262,1,496,13499,
687.486,5547.82,51.4696,7.47745,166.793,10.6955,84.2115,1,-6,-100,-16,4,40,48,8,26378497,262,1,496,13499,
688.467,5558.15,51.4696,7.4776,166.494,8.45211,82.8412,1,-6,-99,-16,4,41,49,8,26378497,262,1,496,13499,
689.489,5566.34,51.4696,7.47771,166.033,7.10329,83.5264,1,-6,-99,-16,4,41,49,8,26378497,262,1,496,13499,
690.471,5573.52,51.4696,7.47781,165.623,5.92367,82.661,1,-6,-98,-16,4,42,49,8,26378497,262,1,496,13499,
691.487,5577.45,51.4696,7.47787,165.083,4.85371,80.8673,1,-6,-98,-16,4,42,49,8,26378497,262,1,496,13499,
692.483,5582.94,51.4696,7.47795,165.086,3.39231,79.1291,1,-1,-96,-14,2,44,50,8,26378497,262,1,496,13499,
693.486,5585.31,51.4696,7.47798,165.069,2.60175,75.0414,1,-1,-96,-14,2,44,50,8,26378497,262,1,496,13499,
694.482,5587.11,51.4696,7.47801,165.057,2.13841,89.7237,1,1,-95,-14,2,45,51,8,26378497,262,1,496,13499,
695.466,5589.32,51.4696,7.47804,165.093,1.71179,87.4304,1,1,-95,-14,2,45,51,8,26378497,262,1,496,13499,
696.494,5590.28,51.4696,7.47805,165.147,0.989018,87.4304,1,1,-95,-13,2,45,50,8,26378497,262,1,496,13499,
697.473,5590.28,51.4696,7.47805,165.153,0,87.4304,1,1,-95,-13,2,45,50,8,26378497,262,1,496,13499,
698.475,5590.28,51.4696,7.47805,165.246,0,87.4304,1,3,-95,-13,2,45,49,8,26378497,262,1,496,13499,
699.47,5590.28,51.4696,7.47805,165.315,0,75.3505,1,3,-95,-13,2,45,49,8,26378497,262,1,496,13499,
700.485,5590.28,51.4696,7.47805,165.96,0,76.5071,1,4,-95,-12,2,45,49,8,26378497,262,1,496,13499,
701.486,5600.26,51.4697,7.47819,166.422,5.72187,77.3863,1,4,-95,-12,2,45,49,8,26378497,262,1,496,13499,
702.491,5607.16,51.4697,7.47828,167.052,6.57289,77.0734,1,4,-94,-12,2,46,50,8,26378497,262,1,496,13499,
703.489,5615.27,51.4697,7.4784,167.865,7.58222,77.9418,1,4,-94,-12,2,46,50,8,26378497,262,1,496,13499,
704.473,5623.31,51.4697,7.47851,168.276,9.04777,78.6226,1,4,-94,-12,2,46,50,8,26378497,262,1,496,13499,
705.472,5623.31,51.4675,7.47864,nan,10.188,77.5352,1,8,-92,-11,2,48,50,8,26378497,262,1,496,13499,
706.468,5623.31,51.4698,7.47878,169.342,9.95143,76.3368,1,8,-92,-11,2,48,50,8,26378497,262,1,496,13499,
707.484,5633.66,51.4698,7.47893,170.242,10.5241,75.5403,1,10,-84,-9,13,56,55,8,26378497,262,1,496,13499,
708.493,5644.06,51.4698,7.47907,170.794,10.8975,75.0892,1,10,-84,-9,13,56,55,8,26378497,262,1,496,13499,
709.484,5655.07,51.4699,7.47922,171.265,11.3511,74.3128,1,11,-83,-7,12,57,52,8,26378497,262,1,496,13499,
710.536,5666.43,51.4699,7.47938,171.483,10.9786,73.9716,1,11,-83,-7,12,57,52,8,26378497,262,1,496,13499,
711.48,5676.82,51.4699,7.47953,171.118,10.989,73.5425,1,17,-84,-8,10,56,55,8,26378497,262,1,496,13499,
712.484,5687.68,51.4699,7.47968,170.524,11.7889,72.929,1,17,-84,-8,10,56,55,8,26378497,262,1,496,13499,
713.491,5699.45,51.47,7.47984,170.27,11.8556,72.6195,1,19,-78,-6,12,62,58,8,26378497,262,1,496,13499,
714.487,5712.11,51.47,7.48001,170.406,12.6599,71.5937,1,19,-78,-6,12,62,58,8,26378497,262,1,496,13499,
715.502,5725.34,51.47,7.48019,170.65,13.7101,71.164,1,8,-83,-9,12,57,57,8,26378497,262,1,496,13499,
716.485,5739.13,51.4701,7.48038,170.752,14.821,70.8111,1,8,-83,-9,12,57,57,8,26378497,262,1,496,13499,
717.479,5753.78,51.4701,7.48058,170.68,14.9725,71.0285,1,3,-88,-9,11,52,52,8,26378497,262,1,496,13499,
718.489,5768.88,51.4702,7.48078,170.669,14.5296,71.6759,1,3,-88,-9,11,52,52,8,26378497,262,1,496,13499,
719.478,5783.34,51.4702,7.48098,170.775,13.5869,72.077,1,13,-84,-8,13,56,54,8,26378497,262,1,496,13499,
720.493,5796.72,51.4703,7.48116,170.943,12.556,72.7886,1,13,-84,-8,13,56,54,8,26378497,262,1,496,13499,
721.478,5807.22,51.4703,7.48131,170.85,10.3704,73.4435,1,8,-88,-9,9,52,51,8,26378497,262,1,496,13499,
722.486,5815.99,51.4703,7.48143,170.496,7.07014,87.2583,1,8,-88,-9,9,52,51,8,26378497,262,1,496,13499,
723.483,5822.54,51.4703,7.48152,170.664,5.78809,117.061,1,13,-90,-6,14,50,48,8,26378497,262,1,496,13499,
724.484,5830.87,51.4702,7.4816,170.915,7.15257,150.984,1,13,-90,-6,14,50,48,8,26378497,262,1,496,13499,
725.483,5830.87,51.4702,7.48179,nan,9.0272,154.328,1,11,-91,-7,8,49,46,8,26378497,262,1,496,13499,
726.505,5830.87,51.4701,7.48173,171.399,10.5331,156.793,1,11,-91,-7,8,49,46,8,26378497,262,1,496,13499,
727.503,5841.36,51.47,7.48178,171.86,12.2377,159.135,1,11,-91,-7,8,49,46,8,26378497,262,1,496,13499,
728.483,5854.21,51.4699,7.48184,171.946,13.6988,160.747,1,6,-91,-9,4,49,49,8,26378497,262,1,496,13499,
729.477,5869.35,51.4697,7.4819,172.25,15.1889,162.033,1,6,-91,-9,4,49,49,8,26378497,262,1,496,13499,
730.47,5884.58,51.4696,7.48196,172.697,15.5716,162.685,1,14,-91,-10,8,49,49,8,26378497,262,1,496,13499,
731.481,5900.6,51.4695,7.48202,173.425,15.7851,164.137,1,14,-91,-10,8,49,49,8,26378497,262,1,496,13499,
732.491,5915.92,51.4693,7.48207,173.909,15.2392,165.074,1,11,-91,-8,8,49,49,8,26378497,262,1,496,13499,
733.486,5930.11,51.4692,7.48212,174.17,14.9676,165.318,1,11,-91,-8,8,49,49,8,26378497,262,1,496,13499,
734.5,5946.03,51.4691,7.48217,174.451,15.169,165.814,1,9,-92,-9,11,48,48,8,26378497,262,1,496,13499,
735.448,5961.76,51.4689,7.48223,174.403,15.0847,166.191,1,9,-92,-9,11,48,48,8,26378497,262,1,496,13499,
736.472,5977.8,51.4688,7.48228,174.563,14.7793,166.065,1,10,-92,-9,7,48,49,8,26378497,262,1,496,13499,
737.47,5992.72,51.4687,7.48233,174.825,14.6227,165.561,1,10,-92,-9,7,48,49,8,26378497,262,1,496,13499,
738.487,6007.39,51.4685,7.48238,174.806,15.0336,164.761,1,5,-96,-8,7,44,42,8,26378497,262,1,496,13499,
739.491,6021.97,51.4684,7.48244,174.46,15.3522,164.005,1,5,-96,-8,7,44,42,8,26378497,262,1,496,13499,
740.492,6036.6,51.4683,7.48249,174.219,15.3418,164.643,1,6,-98,-9,9,42,40,8,26378497,262,1,496,13499,
741.481,6051.98,51.4681,7.48255,173.775,15.3169,165.49,1,6,-98,-9,9,42,40,8,26378497,262,1,496,13499,
742.486,6067.02,51.468,7.4826,173.18,14.6082,165.928,1,1,-102,-11,2,38,41,8,26378497,262,1,496,13499,
743.486,6082.8,51.4679,7.48265,172.828,15.0726,167.197,1,1,-102,-11,2,38,41,8,26378497,262,1,496,13499,
744.439,6098.08,51.4677,7.4827,172.466,15.0765,168.169,1,4,-101,-11,2,39,41,8,28371200,262,1,68,13499,
745.469,6098.08,51.4677,7.48213,nan,14.9246,169.16,1,4,-101,-11,2,39,41,8,28371200,262,1,68,13499,
746.479,6098.08,51.4675,7.48277,172.683,15.1531,171.322,1,-1,-102,-12,6,38,42,19,28371200,262,1,68,13499,
747.491,6113.48,51.4673,7.48279,172.917,15.4384,172.919,1,-1,-102,-12,6,38,42,19,28371200,262,1,68,13499,
748.467,6129.45,51.4672,7.4828,172.746,15.7117,175.76,1,4,-101,-9,6,39,40,19,28371200,262,1,68,13499,
749.478,6145.38,51.467,7.48279,172.332,16.261,178.736,1,4,-101,-9,6,39,40,19,28371200,262,1,68,13499,
750.474,6162.88,51.4669,7.48277,172.198,16.0472,181.825,1,6,-100,-8,9,40,39,19,28371200,262,1,68,13499,
751.483,6179.73,51.4667,7.48273,172.415,16.1378,185.006,1,6,-100,-8,9,40,39,19,28371200,262,1,68,13499,
752.47,6195.57,51.4666,7.48268,172.45,15.8034,188.047,1,6,-100,-8,9,40,39,19,28371200,262,1,68,13499,
753.486,6211.52,51.4665,7.48262,172.374,16.2927,191.302,1,20,-99,-8,6,41,41,19,28371200,262,1,68,13499,
754.505,6227.46,51.4663,7.48255,172.117,15.7647,193.737,1,20,-99,-8,6,41,41,19,28371200,262,1,68,13499,
755.491,6242.26,51.4662,7.48249,171.521,15.6248,196.186,1,5,-95,-7,9,45,43,19,28371200,262,1,68,13499,
756.474,6257.5,51.4661,7.48241,170.638,14.985,197.391,1,5,-95,-7,9,45,43,19,28371200,262,1,68,13499,
757.487,6274.57,51.4659,7.48233,169.319,17.0148,197.723,1,4,-107,-11,7,33,35,19,28371200,262,1,68,13499,
758.483,6293,51.4658,7.48224,167.995,17.0148,196.455,1,4,-107,-11,7,33,35,19,28371200,262,1,68,13499,
759.467,6309.97,51.4656,7.48213,166.686,15.9286,200.035,1,3,-112,-12,6,28,31,19,28371200,262,1,68,13499,
760.474,6324.67,51.4655,7.48202,166.142,15.4043,200.83,1,3,-112,-12,6,28,31,19,28371200,262,1,68,13499,
761.489,6341.82,51.4654,7.4819,165.666,17.0747,201.365,1,-3,-100,-12,7,40,45,19,28371200,262,1,68,13499,
762.478,6360.39,51.4652,7.48175,166.194,16.5316,202.328,1,-3,-100,-12,7,40,45,19,28371200,262,1,68,13499,
763.494,6377.2,51.4651,7.48165,166.577,16.0969,201.817,1,-2,-103,-10,6,37,37,19,28371200,262,1,68,13499,
764.498,6393.07,51.465,7.48156,166.986,15.0085,201.243,1,-2,-103,-10,6,37,37,19,28371200,262,1,68,13499,
765.484,6401.69,51.4649,7.48154,170.6,14.8124,200.352,1,-2,-107,-12,6,33,36,19,28371200,262,1,68,13499,
766.481,6422.55,51.4647,7.48141,167.492,14.3286,199.757,1,-2,-107,-12,6,33,36,19,28371200,262,1,68,13499,
767.49,6437.26,51.4646,7.48134,167.668,14.2219,199.34,1,0,-107,-11,7,33,34,15,26378497,262,1,496,13499,
768.492,6451.73,51.4645,7.48127,168.313,14.2352,199.006,1,0,-107,-11,7,33,34,15,26378497,262,1,496,13499,
769.496,6465.43,51.4644,7.48121,168.845,14.2072,198.072,1,0,-110,-14,6,30,35,15,26378497,262,1,496,13499,
770.472,6479.55,51.4642,7.48114,169.499,14.2915,197.322,1,0,-110,-14,6,30,35,15,26378497,262,1,496,13499,
771.486,6495.04,51.4641,7.48107,170.395,14.5233,196.897,1,1,-106,-9,8,34,34,16,28371200,262,1,68,13499,
772.482,6510,51.464,7.48101,170.894,14.4757,195.915,1,1,-106,-9,8,34,34,16,28371200,262,1,68,13499,
773.502,6525.56,51.4638,7.48094,171.101,14.8862,196.394,1,4,-108,-9,7,32,32,16,28371200,262,1,68,13499,
774.486,6540.32,51.4637,7.48088,170.973,14.8818,196.167,1,4,-108,-9,7,32,32,16,28371200,262,1,68,13499,
775.483,6555.09,51.4636,7.48083,170.776,14.6781,195.616,1,1,-110,-11,6,30,32,16,28371200,262,1,68,13499,
776.496,6569,51.4635,7.48077,170.714,14.0296,195.332,1,1,-110,-11,6,30,32,16,28371200,262,1,68,13499,
777.48,6581.57,51.4634,7.48073,170.922,13.6698,195.995,1,-1,-111,-11,6,29,32,16,28371200,262,1,68,13499,
778.489,6594.55,51.4632,7.48068,171.244,13.2196,196.521,1,-1,-111,-11,6,29,32,16,28371200,262,1,68,13499,
779.476,6607.39,51.4631,7.48064,171.616,12.6028,196.588,1,-1,-102,-12,7,38,34,15,28371206,262,1,129,13499,
780.472,6619.44,51.463,7.48059,171.966,11.4776,196.319,1,-1,-102,-12,7,38,34,15,28371206,262,1,129,13499,
781.475,6630.84,51.4629,7.48055,172.256,10.5746,196.817,1,-1,-102,-12,7,38,34,15,28371206,262,1,129,13499,
782.491,6640.39,51.4628,7.48051,172.57,9.82775,196.595,1,-5,-100,-11,6,40,36,15,28371206,262,1,129,13499,
783.488,6650.24,51.4628,7.48047,172.786,9.13188,195.887,1,-5,-100,-11,6,40,36,15,28371206,262,1,129,13499,
784.488,6659.18,51.4627,7.48044,172.829,8.22807,196.346,1,0,-98,-10,8,42,37,15,28371206,262,1,129,13499,
785.472,6659.18,51.4626,7.48047,nan,6.73423,195.859,1,0,-98,-10,8,42,37,15,28371206,262,1,129,13499,
786.477,6659.18,51.4626,7.48039,172.786,5.93524,194.783,1,4,-98,-9,9,42,36,15,28371206,262,1,129,13499,
787.493,6664.14,51.4625,7.48037,172.985,4.77449,193.488,1,4,-98,-9,9,42,36,15,28371206,262,1,129,13499,
788.473,6668.63,51.4625,7.48036,173.189,4.3244,194.327,1,2,-99,-11,8,41,36,15,28371206,262,1,129,13499,
789.476,6673.37,51.4624,7.48034,173.235,4.14141,195.079,1,2,-99,-11,8,41,36,15,28371206,262,1,129,13499,
790.472,6676.73,51.4624,7.48032,173.536,4.18345,195.78,1,0,-99,-11,8,41,35,15,28371206,262,1,129,13499,
791.47,6680.31,51.4624,7.4803,173.534,3.32298,196.352,1,0,-99,-11,8,41,35,15,28371206,262,1,129,13499,
792.499,6682.86,51.4624,7.48029,173.55,2.25556,197.325,1,0,-95,-8,6,45,36,26,29568778,262,1,353,13499,
793.596,6684.24,51.4623,7.48028,173.568,1.09552,197.325,1,0,-95,-8,6,45,36,26,29568778,262,1,353,13499,
794.479,6684.54,51.4623,7.48027,173.542,0.406115,197.325,1,0,-97,-9,8,43,35,26,29568778,262,1,353,13499,
795.488,6685.18,51.4623,7.48027,173.52,1.64377,198.124,1,0,-97,-9,8,43,35,26,29568778,262,1,353,13499,
796.484,6686.39,51.4623,7.48026,173.498,1.70267,197.259,1,0,-100,-12,6,40,36,26,29568778,262,1,353,13499,
797.483,6688.21,51.4623,7.48025,173.462,1.63751,196.826,1,0,-100,-12,6,40,36,26,29568778,262,1,353,13499,
798.492,6690.26,51.4623,7.48025,173.434,1.57945,197.586,1,2,-99,-11,9,41,37,26,29568778,262,1,353,13499,
799.492,6691.8,51.4623,7.48024,173.412,1.49978,197.923,1,2,-99,-11,9,41,37,26,29568778,262,1,353,13499,
800.492,6693.26,51.4623,7.48023,173.398,1.41412,197.404,1,0,-102,-15,4,38,36,26,29568778,262,1,353,13499,
801.489,6694.51,51.4623,7.48023,173.387,1.44338,197.234,1,0,-102,-15,4,38,36,26,29568778,262,1,353,13499,
802.467,6695.8,51.4622,7.48022,173.379,1.23354,196.656,1,1,-100,-11,6,40,34,26,29568778,262,1,353,13499,
803.477,6696.56,51.4622,7.48022,173.386,0.320626,196.656,1,1,-100,-11,6,40,34,26,29568778,262,1,353,13499,
804.472,6696.56,51.4622,7.48022,173.386,0,196.656,1,7,-98,-8,10,42,35,26,29568778,262,1,353,13499,
805.48,6696.56,51.4622,7.48022,173.386,0,196.656,1,7,-98,-8,10,42,35,26,29568778,262,1,353,13499,
806.443,6696.56,51.4622,7.48022,173.387,0,196.656,1,6,-98,-9,10,42,36,26,29568778,262,1,353,13499,
807.466,6696.56,51.4622,7.48022,173.386,0,196.656,1,6,-98,-9,10,42,36,26,29568778,262,1,353,13499,
808.5,6696.56,51.4622,7.48022,173.385,0,196.656,1,6,-98,-9,10,42,36,26,29568778,262,1,353,13499,
809.475,6696.56,51.4622,7.48022,173.384,0,196.656,1,3,-99,-9,8,41,34,26,29568778,262,1,353,13499,
810.48,6696.56,51.4622,7.48022,173.391,0,196.656,1,3,-99,-9,8,41,34,26,29568778,262,1,353,13499,
811.499,6696.56,51.4622,7.48022,173.41,0,195.625,1,5,-102,-10,5,38,33,26,29568778,262,1,353,13499,
812.474,6696.56,51.4622,7.48022,173.45,0,195.046,1,5,-102,-10,5,38,33,26,29568778,262,1,353,13499,
813.485,6703.35,51.4622,7.48018,173.497,2.90898,195.91,1,1,-98,-9,4,42,35,26,29568778,262,1,353,13499,
814.492,6706.74,51.4622,7.48017,173.549,2.3862,195.425,1,1,-98,-9,4,42,35,26,29568778,262,1,353,13499,
815.484,6710.49,51.4621,7.48016,173.61,2.46653,180.296,1,5,-99,-11,6,41,35,26,29568778,262,1,353,13499,
816.464,6718.43,51.4621,7.48022,174.289,6.12931,149.243,1,5,-99,-11,6,41,35,26,29568778,262,1,353,13499,
817.477,6725.56,51.462,7.48031,174.994,7.65278,114.853,1,4,-98,-9,7,42,35,26,29568778,262,1,353,13499,
818.486,6733.13,51.462,7.48042,175.582,9.05951,94.8307,1,4,-98,-9,7,42,35,26,29568778,262,1,353,13499,
819.486,6743.85,51.462,7.48057,176.164,10.5407,93.9455,1,6,-100,-9,5,40,33,26,29568778,262,1,353,13499,
820.477,6755.25,51.462,7.48074,176.719,10.4904,92.8054,1,6,-100,-9,5,40,33,26,29568778,262,1,353,13499,
821.482,6765.01,51.462,7.48088,176.993,11.2098,92.2894,1,8,-100,-9,5,40,33,26,29568778,262,1,353,13499,
822.485,6775.84,51.462,7.48103,177.091,11.9534,90.9132,1,8,-100,-9,5,40,33,26,29568778,262,1,353,13499,
823.478,6788.22,51.462,7.48121,176.871,12.0663,90.4312,1,-1,-105,-10,2,35,30,26,29568778,262,1,353,13499,
824.506,6800.7,51.462,7.48139,176.617,12.5588,90.1273,1,-1,-105,-10,2,35,30,26,29568778,262,1,353,13499,
825.467,6813.83,51.462,7.48158,176.303,13.09,90.6572,1,-1,-102,-11,2,38,34,26,29568778,262,1,353,13499,
826.482,6813.83,51.462,7.4816,nan,13.5655,91.2469,1,-1,-102,-11,2,38,34,26,29568778,262,1,353,13499,
827.499,6813.83,51.462,7.48196,175.718,13.5016,92.2178,1,1,-102,-11,2,38,33,26,29568778,262,1,353,13499,
828.476,6827.02,51.462,7.48215,175.057,12.8433,91.9957,1,1,-102,-11,2,38,33,26,29568778,262,1,353,13499,
829.476,6839.63,51.462,7.48233,174.708,12.1903,91.2712,1,-1,-103,-11,2,37,32,26,29568778,262,1,353,13499,
830.474,6851.62,51.462,7.48251,174.625,11.6231,90.8315,1,-1,-103,-11,2,37,32,26,29568778,262,1,353,13499,
831.468,6863.27,51.462,7.48267,174.437,11.083,91.2202,1,-1,-104,-11,2,36,31,26,29568778,262,1,353,13499,
832.474,6874.29,51.462,7.48283,174.219,10.5153,90.7699,1,-1,-104,-11,2,36,31,26,29568778,262,1,353,13499,
833.474,6884.63,51.462,7.48298,173.94,10.5166,90.2213,1,1,-103,-12,2,37,33,26,29568778,262,1,353,13499,
834.479,6895.01,51.462,7.48313,173.857,10.5232,90.6651,1,1,-103,-12,2,37,33,26,29568778,262,1,353,13499,
835.494,6906.21,51.462,7.4833,173.928,11.0555,89.4098,1,1,-103,-12,2,37,33,26,29568778,262,1,353,13499,
836.483,6918.77,51.462,7.48348,174.48,10.4891,87.7435,1,5,-101,-12,2,39,35,26,29568778,262,1,353,13499,
837.495,6929.27,51.462,7.48363,174.165,8.99681,91.5635,1,5,-101,-12,2,39,35,26,29568778,262,1,353,13499,
838.481,6942.22,51.462,7.48382,175.296,12.7456,90.8368,1,-1,-103,-13,2,37,33,26,29568778,262,1,353,13499,
839.473,6951.5,51.462,7.48395,176.153,10.507,92.8895,1,-1,-103,-13,2,37,33,26,29568778,262,1,353,13499,
840.478,6959.65,51.462,7.48407,177.109,8.53689,96.3945,1,17,-100,-11,2,40,36,26,28371206,262,1,129,13499,
841.492,6967.21,51.4619,7.48414,178.202,7.64228,139.333,1,17,-100,-11,2,40,36,26,28371206,262,1,129,13499,
842.508,6974.68,51.4619,7.4842,179.242,8.70923,142.782,1,14,-97,-6,2,43,41,26,28371200,262,1,68,13499,
843.468,6983.6,51.4618,7.48424,179.814,9.83226,161.367,1,14,-97,-6,2,43,41,26,28371200,262,1,68,13499,
844.457,6994.97,51.4617,7.48429,180.005,11.1754,163.849,1,7,-97,-7,2,43,42,26,28371200,262,1,68,13499,
845.479,7007.99,51.4616,7.48436,180.195,12.331,163.861,1,7,-97,-7,2,43,42,26,28371200,262,1,68,13499,
846.486,7007.99,51.4616,7.48466,nan,13.5628,163.346,1,5,-96,-7,2,44,43,26,28371200,262,1,68,13499,
847.489,7007.99,51.4614,7.48445,181.531,14.416,165.159,1,5,-96,-7,2,44,43,26,28371200,262,1,68,13499,
848.481,7023.59,51.4612,7.4845,182.194,15,166.73,1,6,-98,-8,2,42,41,26,28371200,262,1,68,13499,
849.488,7039.3,51.4611,7.48454,183.163,15.5342,168.729,1,6,-98,-8,2,42,41,26,28371200,262,1,68,13499,
850.476,7054.21,51.461,7.48456,184.412,15.0418,171.198,1,6,-99,-8,2,41,41,26,28371200,262,1,68,13499,
851.47,7069.3,51.4608,7.48457,185.701,14.0578,173.812,1,6,-99,-8,2,41,41,26,28371200,262,1,68,13499,
852.482,7083.84,51.4607,7.48458,186.759,14.0184,176.367,1,2,-99,-9,2,41,42,26,28371200,262,1,68,13499,
853.499,7098.15,51.4606,7.48458,187.871,13.3728,178.73,1,2,-99,-9,2,41,42,26,28371200,262,1,68,13499,
854.487,7111.67,51.4604,7.48458,189.071,12.8059,180.25,1,1,-99,-10,2,41,43,26,28371200,262,1,68,13499,
855.505,7126.21,51.4603,7.48458,190.474,13.8116,180.765,1,1,-99,-10,2,41,43,26,28371200,262,1,68,13499,
856.466,7140.21,51.4602,7.48457,191.82,12.9147,182.301,1,1,-99,-10,2,41,43,26,28371200,262,1,68,13499,
857.47,7153.23,51.4601,7.48455,193.22,12.0512,183.934,1,-1,-101,-11,2,39,42,26,28371200,262,1,68,13499,
858.471,7166.68,51.46,7.48453,194.818,12.7567,185.42,1,-1,-101,-11,2,39,42,26,28371200,262,1,68,13499,
859.49,7179.71,51.4598,7.4845,196.011,12.962,186.534,1,-3,-103,-11,2,37,40,26,28371200,262,1,68,13499,
860.497,7193.04,51.4597,7.48446,196.755,13.8679,187.77,1,-3,-103,-11,2,37,40,26,28371200,262,1,68,13499,
861.489,7208.29,51.4596,7.48441,197.482,13.3405,188.749,1,-7,-107,-12,2,33,37,26,28371200,262,1,68,13499,
862.49,7222.92,51.4595,7.48436,197.823,14.0259,189.325,1,-7,-107,-12,2,33,37,26,28371200,262,1,68,13499,
863.506,7237.1,51.4593,7.48431,198.275,14.4998,189.746,1,-4,-107,-12,2,33,37,26,28371200,262,1,68,13499,
864.468,7250.97,51.4592,7.48426,199.024,14.8284,190.21,1,-4,-107,-12,2,33,37,26,28371200,262,1,68,13499,
865.472,7265.1,51.4591,7.48421,199.922,13.4377,190.757,1,-4,-108,-14,2,32,37,26,28371200,262,1,68,13499,
866.467,7278.06,51.459,7.48417,200.734,12.7684,191.217,1,-4,-108,-14,2,32,37,26,28371200,262,1,68,13499,
867.483,7290.61,51.4589,7.48413,201.564,12.0399,190.851,1,-1,-108,-15,5,32,39,8,28371200,262,1,68,13499,
868.483,7302.19,51.4588,7.48409,202.304,12.3376,191.287,1,-1,-108,-15,5,32,39,8,28371200,262,1,68,13499,
869.491,7313.09,51.4587,7.48406,202.789,11.5574,191.834,1,-3,-105,-11,5,35,38,8,28371200,262,1,68,13499,
870.477,7324.7,51.4586,7.48402,203.525,11.0429,191.309,1,-3,-105,-11,5,35,38,8,28371200,262,1,68,13499,
871.471,7334.56,51.4585,7.48398,204.355,9.93966,190.837,1,1,-102,-11,6,38,40,8,28371200,262,1,68,13499,
872.5,7345.05,51.4584,7.48395,205.046,10.5916,191.829,1,1,-102,-11,6,38,40,8,28371200,262,1,68,13499,
873.493,7355.37,51.4583,7.48392,205.702,10.9809,191.055,1,5,-100,-10,8,40,41,8,28371200,262,1,68,13499,
874.481,7366.62,51.4582,7.48388,206.573,11.4972,190.922,1,5,-100,-10,8,40,41,8,28371200,262,1,68,13499,
875.479,7378.12,51.4581,7.48385,207.158,10.9636,191.297,1,1,-98,-10,5,42,43,8,28371200,262,1,68,13499,
876.48,7390.53,51.458,7.48381,207.749,10.6476,192.271,1,1,-98,-10,5,42,43,8,28371200,262,1,68,13499,
877.479,7399.5,51.4579,7.48378,208.476,10.6781,191.219,1,2,-97,-10,8,43,45,8,28371200,262,1,68,13499,
878.506,7409.94,51.4578,7.48376,209.268,10.4053,190.041,1,2,-97,-10,8,43,45,8,28371200,262,1,68,13499,
879.471,7420.8,51.4577,7.48373,209.892,10.7309,191.408,1,2,-97,-10,8,43,45,8,28371200,262,1,68,13499,
880.523,7431.5,51.4576,7.4837,210.42,11.3654,191.987,1,9,-96,-11,6,44,47,8,28371200,262,1,68,13499,
881.47,7443.42,51.4575,7.48366,211.138,12.1736,192.747,1,9,-96,-11,6,44,47,8,28371200,262,1,68,13499,
882.474,7456.54,51.4574,7.48363,211.31,12.7282,192.005,1,10,-92,-10,2,48,48,8,28371200,262,1,68,13499,
883.462,7470.77,51.4573,7.48358,211.633,13.1234,191.537,1,10,-92,-10,2,48,48,8,28371200,262,1,68,13499,
884.492,7484.96,51.4572,7.48354,211.82,14.4692,191.379,1,11,-94,-10,2,46,48,8,28371200,262,1,68,13499,
885.485,7499.34,51.457,7.48349,212.04,14.927,190.95,1,11,-94,-10,2,46,48,8,28371200,262,1,68,13499,
886.48,7514.31,51.4569,7.48345,212.333,14.767,190.579,1,7,-94,-11,2,46,48,8,28371200,262,1,68,13499,
887.485,7528.89,51.4568,7.48342,212.721,14.5467,190.01,1,7,-94,-11,2,46,48,8,28371200,262,1,68,13499,
888.469,7542.79,51.4566,7.48339,212.974,14.3257,189.666,1,14,-94,-11,2,46,49,8,28371200,262,1,68,13499,
889.48,7557.03,51.4565,7.48336,213.264,14.5545,188.96,1,14,-94,-11,2,46,49,8,28371200,262,1,68,13499,
890.492,7571.52,51.4564,7.48334,213.534,14.3818,187.728,1,8,-94,-11,2,46,49,8,28371200,262,1,68,13499,
891.485,7587.3,51.4562,7.48331,213.962,14.8109,186.88,1,8,-94,-11,2,46,49,8,28371200,262,1,68,13499,
892.48,7602.19,51.4561,7.48329,214.213,15.4127,185.945,1,5,-91,-10,2,49,49,8,28371202,262,1,67,13499,
893.484,7617.39,51.456,7.48327,214.587,14.7599,184.997,1,5,-91,-10,2,49,49,8,28371202,262,1,67,13499,
894.488,7632.64,51.4558,7.48326,215.059,14.8734,183.025,1,8,-90,-9,2,50,49,8,28371202,262,1,67,13499,
895.643,7647.87,51.4557,7.48325,215.602,15.3812,182.081,1,8,-90,-9,2,50,49,8,28371202,262,1,67,13499,
896.481,7663.53,51.4556,7.48325,216.104,15.3959,179.952,1,7,-93,-9,10,47,46,6,28371202,262,1,67,13499,
897.485,7678.8,51.4554,7.48327,216.719,15.3719,178.962,1,7,-93,-9,10,47,46,6,28371202,262,1,67,13499,
898.476,7694.13,51.4553,7.48328,217.723,14.7019,177.83,1,7,-93,-9,10,47,46,6,28371202,262,1,67,13499,
899.486,7709.31,51.4552,7.48331,218.76,14.3156,175.996,1,8,-91,-7,7,49,48,6,28371202,262,1,67,13499,
900.49,7723.34,51.455,7.48335,219.509,14.6458,172.496,1,8,-91,-7,7,49,48,6,28371202,262,1,67,13499,
901.488,7738.5,51.4549,7.4834,220.079,14.9459,169.877,1,13,-86,-7,11,54,51,6,28371202,262,1,67,13499,
902.491,7755.06,51.4548,7.48346,220.591,15.5731,167.052,1,13,-86,-7,11,54,51,6,28371202,262,1,67,13499,
903.473,7770.66,51.4546,7.48353,221.011,16.2266,163.931,1,16,-91,-7,7,49,47,6,28371202,262,1,67,13499,
904.475,7787.15,51.4545,7.48362,221.56,16.3786,161.426,1,16,-91,-7,7,49,47,6,28371202,262,1,67,13499,
905.477,7803.36,51.4543,7.48372,222.205,15.9967,158.458,1,10,-94,-7,9,46,44,6,28371202,262,1,67,13499,
906.483,7818.03,51.4542,7.48382,222.788,15.4369,154.863,1,10,-94,-7,9,46,44,6,28371202,262,1,67,13499,
907.491,7834.28,51.4541,7.48393,223.438,15.484,152.393,1,6,-95,-7,9,45,44,6,28371202,262,1,67,13499,
908.482,7851.73,51.454,7.48407,224.093,16.6954,148.386,1,6,-95,-7,9,45,44,6,28371202,262,1,67,13499,
909.485,7867.22,51.4539,7.48421,224.558,15.7439,145.183,1,10,-92,-6,7,48,46,6,28371202,262,1,67,13499,
910.488,7884.48,51.4537,7.48437,224.93,14.3577,142.546,1,10,-92,-6,7,48,46,6,28371202,262,1,67,13499,
911.496,7899.39,51.4536,7.4845,225.596,12.82,140.816,1,12,-88,-6,8,52,49,6,28371202,262,1,67,13499,
912.495,7915.7,51.4535,7.48466,225.955,13.4369,141.735,1,12,-88,-6,8,52,49,6,28371202,262,1,67,13499,
913.478,7932.29,51.4534,7.48482,226.66,13.9222,141.495,1,20,-84,-6,10,56,53,6,28371202,262,1,67,13499,
914.487,7948.48,51.4533,7.48498,227.242,14.8646,139.446,1,20,-84,-6,10,56,53,6,28371202,262,1,67,13499,
915.492,7963.79,51.4532,7.48514,227.984,15.352,137.183,1,20,-82,-7,10,58,55,6,28371202,262,1,67,13499,
916.483,7979.74,51.4531,7.48531,228.456,15.2745,135.08,1,20,-82,-7,10,58,55,6,28371202,262,1,67,13499,
917.474,7995.48,51.453,7.48548,229.061,14.9839,134.35,1,19,-82,-6,10,58,55,6,28371202,262,1,67,13499,
918.481,8010.57,51.4529,7.48565,229.639,14.8128,133.855,1,19,-82,-6,10,58,55,6,28371202,262,1,67,13499,
919.484,8026.04,51.4529,7.48582,230.064,15.1882,133.951,1,18,-82,-6,11,58,55,6,28371202,262,1,67,13499,
920.485,8041.91,51.4528,7.48599,230.514,15.4553,134.924,1,18,-82,-6,11,58,55,6,28371202,262,1,67,13499,
921.484,8058.4,51.4527,7.48617,231.407,15.5699,137.09,1,18,-82,-6,11,58,55,6,28371202,262,1,67,13499,
922.495,8073.58,51.4526,7.48631,232.478,14.5327,140.894,1,13,-82,-6,10,58,55,6,28371202,262,1,67,13499,
923.501,8089.03,51.4524,7.48645,233.057,15.2417,142.529,1,13,-82,-6,10,58,55,6,28371202,262,1,67,13499,
924.478,8104.84,51.4523,7.4866,233.659,16.0176,143.407,1,16,-80,-6,2,60,56,6,28371202,262,1,67,13499,
925.487,8120.86,51.4522,7.48675,234.524,16.2493,144.657,1,16,-80,-6,2,60,56,6,28371202,262,1,67,13499,
926.468,8137.15,51.4521,7.48688,235.318,16.7054,146.204,1,13,-82,-5,2,58,56,6,28371202,262,1,67,13499,
927.51,8154.14,51.452,7.48702,235.827,16.7962,148.544,1,13,-82,-5,2,58,56,6,28371202,262,1,67,13499,
928.473,8171.38,51.4518,7.48714,236.56,16.7569,151.192,1,11,-87,-7,12,53,51,4,28371202,262,1,67,13499,
929.496,8187.67,51.4517,7.48725,237.349,15.4156,154.037,1,11,-87,-7,12,53,51,4,28371202,262,1,67,13499,
930.487,8203.14,51.4516,7.48735,238.095,14.4854,155.886,1,9,-88,-7,7,52,51,4,28371202,262,1,67,13499,
931.494,8218.27,51.4515,7.48743,238.301,14.0952,158.105,1,9,-88,-7,7,52,51,4,28371202,262,1,67,13499,
932.477,8232.17,51.4513,7.4875,238.66,13.5992,159.72,1,7,-89,-7,8,51,50,4,28371202,262,1,67,13499,
933.479,8246.54,51.4512,7.48758,239.023,13.1814,160.586,1,7,-89,-7,8,51,50,4,28371202,262,1,67,13499,
934.477,8260.47,51.4511,7.48765,239.451,13.1693,160.217,1,4,-91,-8,7,49,49,4,28371202,262,1,67,13499,
935.466,8273.14,51.451,7.48772,239.68,12.5264,159.314,1,4,-91,-8,7,49,49,4,28371202,262,1,67,13499,
936.466,8285.72,51.4509,7.48778,240.222,12.502,160.868,1,3,-92,-9,6,48,48,4,28371202,262,1,67,13499,
937.497,8298.29,51.4508,7.48785,240.784,13.3261,160.245,1,3,-92,-9,6,48,48,4,28371202,262,1,67,13499,
938.481,8312.04,51.4507,7.48791,241.337,14.0656,160.811,1,4,-94,-9,7,46,48,4,28371202,262,1,67,13499,
939.467,8325.71,51.4506,7.48797,242.056,14.2789,160.827,1,4,-94,-9,7,46,48,4,28371202,262,1,67,13499,
940.479,8338.19,51.4505,7.48804,242.455,10.9485,160.412,1,4,-95,-9,7,45,46,4,28371202,262,1,67,13499,
941.488,8347.83,51.4504,7.48808,243.15,7.69386,160.154,1,4,-95,-9,7,45,46,4,28371202,262,1,67,13499,
942.483,8355.59,51.4503,7.48814,244.045,6.01277,144.611,1,9,-96,-9,8,44,44,4,28371202,262,1,67,13499,
943.465,8361.73,51.4503,7.48823,245.153,6.84684,94.8442,1,9,-96,-9,8,44,44,4,28371202,262,1,67,13499,
