0.236,0,51.4501,7.48828,247.778,9.68497,162.025,1,13,-97,-11,2,43,45,7,28371201,262,1,66,13499,
1.406,8.93433,51.45,7.48832,248.073,9.1326,163.063,1,9,-98,-11,8,42,44,7,28371201,262,1,66,13499,
2.445,20.7847,51.4499,7.48836,247.968,11.0369,165.074,1,9,-98,-11,8,42,44,7,28371201,262,1,66,13499,
3.517,47.5141,51.4497,7.48843,247.557,13.2647,170.197,1,7,-99,-11,7,41,43,7,28371201,262,1,66,13499,
4.559,63.5452,51.4495,7.48846,247.753,14.7621,171.762,1,7,-99,-11,7,41,43,7,28371201,262,1,66,13499,
5.551,63.5452,51.4495,7.48846,247.753,14.7621,171.762,1,7,-99,-11,7,41,43,7,28371201,262,1,66,13499,
6.562,78.8315,51.4494,7.48848,248.104,15.4926,174.418,1,4,-99,-11,7,41,44,7,28371201,262,1,66,13499,
7.575,95.2427,51.4493,7.48849,247.81,16.2709,176.285,1,4,-99,-11,7,41,44,7,28371201,262,1,66,13499,
8.572,95.2427,51.45,7.48858,nan,15.5351,178.898,1,4,-100,-10,10,40,42,7,28371201,262,1,66,13499,
9.549,95.2427,51.4489,7.48848,248.137,15.5949,181.506,1,4,-100,-10,10,40,42,7,28371201,262,1,66,13499,
10.558,110.387,51.4488,7.48844,248.736,15.8717,184.823,1,3,-102,-11,9,38,40,7,28371201,262,1,66,13499,
11.595,126.96,51.4487,7.48839,249.245,16.5714,188.217,1,3,-102,-11,9,38,40,7,28371201,262,1,66,13499,
12.591,143.722,51.4485,7.48833,249.846,16.7983,190.513,1,2,-105,-12,8,35,38,7,28371201,262,1,66,13499,
13.547,160.571,51.4484,7.48827,250.175,17.2028,191.089,1,2,-105,-12,8,35,38,7,28371201,262,1,66,13499,
14.553,177.567,51.4482,7.48821,250.404,17.596,191.931,1,3,-109,-13,8,31,36,7,28371201,262,1,66,13499,
15.555,194.884,51.4481,7.48814,250.832,16.8445,193.232,1,3,-109,-13,8,31,36,7,28371201,262,1,66,13499,
16.565,212.391,51.4479,7.48807,251.309,16.6448,192.992,1,-2,-105,-10,6,35,35,8,27771909,262,1,151,13499,
17.542,230.52,51.4478,7.488,251.822,15.4025,192.601,1,-2,-105,-10,6,35,35,8,27771909,262,1,151,13499,
18.579,246.38,51.4476,7.48795,252.538,15.1557,189.822,1,3,-105,-10,8,35,36,8,27771909,262,1,151,13499,
19.566,260.848,51.4475,7.48793,252.832,15.6648,188.373,1,3,-105,-10,8,35,36,8,27771909,262,1,151,13499,
20.558,276.731,51.4473,7.48791,253.585,15.3033,185.108,1,4,-104,-10,8,36,37,8,27771909,262,1,151,13499,
21.539,292.929,51.4472,7.48791,254.511,15.6125,181.629,1,4,-104,-10,8,36,37,8,27771909,262,1,151,13499,
22.562,309.333,51.4471,7.48796,255.582,15.5072,168.632,1,22,-100,-8,11,40,38,8,27771909,262,1,151,13499,
23.563,325.367,51.4469,7.48801,256.208,15.1548,167.731,1,22,-100,-8,11,40,38,8,27771909,262,1,151,13499,
24.55,340.885,51.4468,7.48807,257.134,14.9034,166.738,1,10,-105,-10,8,35,36,8,27771909,262,1,151,13499,
25.574,354.179,51.4467,7.48812,258.065,13.9612,164.945,1,10,-105,-10,8,35,36,8,27771909,262,1,151,13499,
26.56,368.109,51.4465,7.48819,258.972,13.3843,162.894,1,-7,-106,-12,8,34,38,8,27771909,262,1,151,13499,
27.571,381.893,51.4464,7.48826,259.694,13.3304,160.458,1,-7,-106,-12,8,34,38,8,27771909,262,1,151,13499,
28.572,395.542,51.4463,7.48834,259.939,13.7653,157.531,1,-4,-101,-10,9,39,40,8,27771909,262,1,151,13499,
29.57,409.33,51.4462,7.48844,260.126,14.0074,154.238,1,-4,-101,-10,9,39,40,8,27771909,262,1,151,13499,
30.568,424.256,51.4461,7.48856,260.428,13.8054,150.785,1,1,-105,-14,2,35,40,8,27771909,262,1,151,13499,
31.58,438.83,51.446,7.48869,260.964,13.7575,147.197,1,1,-105,-14,2,35,40,8,27771909,262,1,151,13499,
32.564,454.124,51.4459,7.48883,261.523,14.0565,143.803,1,1,-105,-14,2,35,40,8,27771909,262,1,151,13499,
33.544,467.155,51.4458,7.48896,261.559,14.0372,140.994,1,3,-102,-10,2,38,39,8,27771907,262,1,150,13499,
34.595,482.251,51.4457,7.48913,261.492,14.1812,139.003,1,3,-102,-10,2,38,39,8,27771907,262,1,150,13499,
35.56,498.098,51.4456,7.48932,261.668,14.417,132.315,1,-1,-102,-10,2,38,39,8,27771907,262,1,150,13499,
36.565,513.543,51.4456,7.4895,262.082,14.639,128.59,1,-1,-102,-10,2,38,39,8,27771907,262,1,150,13499,
37.56,528.169,51.4455,7.48967,262.29,14.7013,127.99,1,7,-103,-11,2,37,39,8,28371201,262,1,66,13499,
38.562,543.025,51.4454,7.48984,262.631,14.226,127.404,1,7,-103,-11,2,37,39,8,28371201,262,1,66,13499,
39.568,557.242,51.4453,7.49001,263.059,14.0374,126.978,1,5,-103,-10,2,37,39,8,28371201,262,1,66,13499,
40.564,571.996,51.4452,7.49018,263.431,14.6366,127.617,1,5,-103,-10,2,37,39,8,28371201,262,1,66,13499,
41.546,586.046,51.4452,7.49034,263.605,14.1925,127.228,1,4,-102,-9,2,38,38,8,28371201,262,1,66,13499,
42.583,600.92,51.4451,7.49052,263.924,13.9011,126.83,1,4,-102,-9,2,38,38,8,28371201,262,1,66,13499,
43.561,614.731,51.445,7.49068,264.413,12.2288,126.148,1,5,-103,-8,2,37,37,8,28371201,262,1,66,13499,
44.549,629.491,51.4449,7.49085,264.917,12.7282,127.007,1,5,-103,-8,2,37,37,8,28371201,262,1,66,13499,
45.547,641.394,51.4449,7.49099,265.627,10.9624,127.035,1,7,-104,-9,2,36,36,8,28371201,262,1,66,13499,
46.562,652.286,51.4448,7.49112,266.394,10.2405,126.702,1,7,-104,-9,2,36,36,8,28371201,262,1,66,13499,
47.559,662.237,51.4448,7.49123,267.481,8.55125,127.48,1,2,-106,-9,2,34,35,8,28371201,262,1,66,13499,
48.582,669.317,51.4447,7.49131,267.824,6.72556,127.614,1,2,-106,-9,2,34,35,8,28371201,262,1,66,13499,
49.562,675.841,51.4447,7.49139,267.454,4.65586,127.445,1,3,-109,-9,8,31,30,6,27771907,262,1,150,13499,
50.564,679.285,51.4447,7.49143,267.457,3.21111,127.54,1,3,-109,-9,8,31,30,6,27771907,262,1,150,13499,
51.557,681.402,51.4447,7.49146,267.446,2.52445,128.261,1,3,-111,-10,8,29,31,6,27771907,262,1,150,13499,
52.573,684.108,51.4447,7.49149,267.464,1.92104,127.601,1,3,-111,-10,8,29,31,6,27771907,262,1,150,13499,
53.558,684.108,51.4447,7.49149,267.469,0,127.601,1,2,-110,-11,7,30,33,6,27771907,262,1,150,13499,
54.577,684.108,51.4447,7.49149,267.467,0,127.601,1,2,-110,-11,7,30,33,6,27771907,262,1,150,13499,
55.574,684.108,51.4447,7.49149,267.459,0,127.601,1,4,-110,-9,8,30,32,6,27771907,262,1,150,13499,
56.575,684.108,51.4447,7.49149,267.45,0,127.601,1,4,-110,-9,8,30,32,6,27771907,262,1,150,13499,
57.566,684.108,51.4447,7.49149,267.441,0,127.601,1,4,-110,-9,8,30,32,6,27771907,262,1,150,13499,
58.557,684.108,51.4447,7.49149,267.433,0,127.601,1,3,-109,-10,7,31,32,6,27771907,262,1,150,13499,
59.563,684.108,51.4447,7.49149,267.426,0,127.601,1,3,-109,-10,7,31,32,6,27771907,262,1,150,13499,
60.564,684.108,51.4447,7.49149,267.345,0,127.601,1,4,-111,-11,7,29,32,6,27771907,262,1,150,13499,
61.558,690.56,51.4446,7.49156,267.261,0,130.269,1,4,-111,-11,7,29,32,6,27771907,262,1,150,13499,
62.569,690.56,51.4446,7.49156,266.223,0,129.656,1,1,-110,-10,7,30,32,6,27771907,262,1,150,13499,
63.561,700.214,51.4446,7.49167,265.435,5.33807,130.517,1,1,-110,-10,7,30,32,6,27771907,262,1,150,13499,
64.58,704.064,51.4445,7.49171,265.069,6.27867,133.672,1,7,-104,-7,7,36,35,6,27771907,262,1,150,13499,
65.563,708.465,51.4445,7.49173,265.44,5.72663,160.111,1,7,-104,-7,7,36,35,6,27771907,262,1,150,13499,
66.569,714.237,51.4444,7.49172,266.267,6.69345,186.658,1,15,-103,-7,2,37,36,6,27771907,262,1,150,13499,
67.549,721.523,51.4444,7.49166,267.216,7.68132,209.73,1,15,-103,-7,2,37,36,6,27771907,262,1,150,13499,
68.564,728.754,51.4443,7.49161,267.763,9.50194,212.194,1,13,-100,-7,2,40,39,6,27771907,262,1,150,13499,
69.545,738.976,51.4443,7.49153,268.003,10.5925,212.988,1,13,-100,-7,2,40,39,6,27771907,262,1,150,13499,
70.54,750.339,51.4442,7.49144,268.255,11.6307,213.805,1,16,-96,-7,2,44,42,6,27771907,262,1,150,13499,
71.561,762.334,51.4441,7.49135,268.51,12.5219,214.261,1,16,-96,-7,2,44,42,6,27771907,262,1,150,13499,
72.55,775.136,51.444,7.49125,268.864,13.5042,214.686,1,22,-92,-6,2,48,45,6,27771907,262,1,150,13499,
73.548,788.947,51.4439,7.49114,269.069,14.443,215.025,1,22,-92,-6,2,48,45,6,27771907,262,1,150,13499,
74.576,803.754,51.4438,7.49101,269.159,14.974,215.199,1,29,-90,-6,2,50,47,6,27771907,262,1,150,13499,
75.567,819.732,51.4437,7.49088,269.272,16.0008,215.921,1,29,-90,-6,2,50,47,6,27771907,262,1,150,13499,
76.566,835.811,51.4435,7.49075,269.64,16.8142,216.198,1,29,-90,-6,2,50,47,6,27771907,262,1,150,13499,
77.552,853.109,51.4434,7.4906,269.735,17.3426,216.534,1,26,-83,-6,2,57,54,6,27771907,262,1,150,13499,
78.608,871.026,51.4433,7.49046,270.095,18.1403,216.825,1,26,-83,-6,2,57,54,6,27771907,262,1,150,13499,
79.565,890.104,51.4431,7.4903,270.782,18.6277,216.806,1,24,-79,-6,2,61,58,6,27771907,262,1,150,13499,
80.569,909.122,51.443,7.49014,271.53,18.3813,216.66,1,24,-79,-6,2,61,58,6,27771907,262,1,150,13499,
81.569,926.299,51.4429,7.48999,271.762,17.6964,215.995,1,23,-82,-6,2,58,55,6,27771907,262,1,150,13499,
82.563,943.734,51.4427,7.48984,271.9,17.177,216.436,1,23,-82,-6,2,58,55,6,27771907,262,1,150,13499,
83.562,960.683,51.4426,7.48969,271.761,16.6754,217.146,1,33,-79,-5,2,61,57,6,27771907,262,1,150,13499,
84.567,976.142,51.4425,7.48955,271.794,16.5163,217.238,1,33,-79,-5,2,61,57,6,27771907,262,1,150,13499,
85.566,992.781,51.4424,7.4894,271.963,15.9081,216.865,1,34,-74,-5,2,66,62,6,27771907,262,1,150,13499,
86.687,1010.09,51.4423,7.48925,272.279,16.6667,217.403,1,34,-74,-5,2,66,62,6,27771907,262,1,150,13499,
87.577,1027.63,51.4421,7.4891,272.73,16.0323,217.922,1,30,-76,-6,14,64,61,2,27771907,262,1,150,13499,
88.545,1044.47,51.442,7.48895,273.559,16.3834,218.93,1,30,-76,-6,14,64,61,2,27771907,262,1,150,13499,
89.583,1061.28,51.4419,7.48879,274.385,16.3647,221.018,1,31,-64,-5,15,76,63,2,27771907,262,1,150,13499,
90.559,1077.59,51.4418,7.48862,274.628,16.5272,223.262,1,31,-64,-5,15,76,63,2,27771907,262,1,150,13499,
91.56,1094.49,51.4417,7.48845,275.877,16.094,225.599,1,32,-66,-5,14,74,63,2,27771907,262,1,150,13499,
92.575,1109.87,51.4416,7.48828,276.838,16.1458,227.185,1,32,-66,-5,14,74,63,2,27771907,262,1,150,13499,
93.558,1127.19,51.4415,7.48809,277.422,16.1669,228.993,1,32,-72,-5,14,68,63,2,27771907,262,1,150,13499,
94.542,1143.62,51.4414,7.48791,277.996,16.1779,229.925,1,32,-72,-5,14,68,63,2,27771907,262,1,150,13499,
95.566,1160.59,51.4413,7.48771,278.757,16.7443,230.981,1,27,-77,-5,14,63,59,2,27771907,262,1,150,13499,
96.571,1176.47,51.4412,7.48752,278.877,17.0445,231.717,1,27,-77,-5,14,63,59,2,27771907,262,1,150,13499,
97.55,1193.93,51.4412,7.48731,279.247,17.2371,232.409,1,24,-80,-6,12,60,56,2,27771907,262,1,150,13499,
98.596,1211.71,51.4411,7.4871,280.08,17.43,231.5,1,24,-80,-6,12,60,56,2,27771907,262,1,150,13499,
99.572,1229.68,51.441,7.48689,280.931,17.3268,232.276,1,21,-86,-8,11,54,53,2,27771907,262,1,150,13499,
100.547,1247.78,51.4409,7.48668,281.705,17.0917,232.959,1,21,-86,-8,11,54,53,2,27771907,262,1,150,13499,
101.554,1265.62,51.4408,7.48648,282.492,17.043,232.714,1,13,-86,-11,12,54,57,2,27771907,262,1,150,13499,
102.559,1280.43,51.4407,7.4863,283.488,16.7793,234.443,1,13,-86,-11,12,54,57,2,27771907,262,1,150,13499,
103.562,1297.78,51.4406,7.4861,283.973,15.8836,233.346,1,16,-79,-6,15,61,58,1,27771908,262,1,152,13499,
104.573,1315.61,51.4405,7.48589,285.338,17.0902,232.904,1,16,-79,-6,15,61,58,1,27771908,262,1,152,13499,
105.553,1332.44,51.4404,7.48569,285.642,17.2066,233.022,1,25,-76,-6,15,64,61,1,27771908,262,1,152,13499,
106.589,1348.53,51.4403,7.48551,286.134,17.683,232.245,1,25,-76,-6,15,64,61,1,27771908,262,1,152,13499,
107.557,1365.79,51.4402,7.48531,286.297,17.1697,231.702,1,25,-76,-6,15,64,61,1,27771908,262,1,152,13499,
108.545,1383.33,51.4401,7.48511,286.827,17.1018,231.574,1,19,-74,-6,12,66,63,1,27771908,262,1,152,13499,
109.56,1398.94,51.4401,7.48493,287.387,16.5942,231.075,1,19,-74,-6,12,66,63,1,27771908,262,1,152,13499,
110.564,1416.57,51.44,7.48474,287.777,17.4884,231.925,1,24,-72,-5,14,68,63,1,27771908,262,1,152,13499,
111.557,1433.26,51.4399,7.48454,288.42,16.4875,233.366,1,24,-72,-5,14,68,63,1,27771908,262,1,152,13499,
112.575,1450.31,51.4398,7.48435,288.628,16.2991,233.735,1,24,-67,-6,14,73,63,1,27771908,262,1,152,13499,
113.575,1466.7,51.4397,7.48415,288.968,17.1087,233.368,1,24,-67,-6,14,73,63,1,27771908,262,1,152,13499,
114.567,1484.29,51.4396,7.48395,289.178,17.775,232.588,1,29,-67,-5,15,73,63,1,27771908,262,1,152,13499,
115.561,1502.78,51.4395,7.48373,289.46,17.7966,233.55,1,29,-67,-5,15,73,63,1,27771908,262,1,152,13499,
116.555,1520.17,51.4394,7.48352,289.356,17.121,234.993,1,29,-69,-5,14,71,63,1,27771908,262,1,152,13499,
117.631,1537.35,51.4393,7.48331,289.211,16.7354,235.948,1,29,-69,-5,14,71,63,1,27771908,262,1,152,13499,
118.566,1553.46,51.4393,7.48311,289.757,17.2986,237.804,1,27,-74,-6,12,66,62,1,27771908,262,1,152,13499,
119.559,1571.16,51.4392,7.48289,290.162,17.6765,239.846,1,27,-74,-6,12,66,62,1,27771908,262,1,152,13499,
120.553,1589.58,51.4391,7.48265,290.72,17.8435,239.88,1,21,-78,-5,14,62,55,1,27771908,262,1,152,13499,
121.552,1608.23,51.439,7.48241,291.047,17.3839,239.281,1,21,-78,-5,14,62,55,1,27771908,262,1,152,13499,
122.575,1626.22,51.439,7.48218,291.954,18.0288,241.476,1,24,-87,-5,12,53,48,1,27771908,262,1,152,13499,
123.569,1644.15,51.4389,7.48195,292.688,17.4088,241.935,1,24,-87,-5,12,53,48,1,27771908,262,1,152,13499,
124.57,1661.91,51.4388,7.48172,292.885,17.9615,242.675,1,24,-90,-6,12,50,45,1,27771908,262,1,152,13499,
125.566,1680.73,51.4387,7.48148,292.666,18.4144,241.791,1,24,-90,-6,12,50,45,1,27771908,262,1,152,13499,
126.55,1699.42,51.4386,7.48125,292.303,18.6351,240.714,1,17,-96,-5,12,44,41,1,27771908,262,1,152,13499,
127.599,1717.24,51.4386,7.48102,292.364,17.9756,242.147,1,17,-96,-5,12,44,41,1,27771908,262,1,152,13499,
128.562,1734.87,51.4385,7.48079,292.581,17.986,243.552,1,17,-96,-5,12,44,41,1,27771908,262,1,152,13499,
129.572,1734.87,51.4372,7.48105,nan,17.9342,242.36,1,21,-98,-6,11,42,40,1,27771908,262,1,152,13499,
130.569,1734.87,51.4383,7.48031,292.519,18.3406,242.355,1,21,-98,-6,11,42,40,1,27771908,262,1,152,13499,
131.577,1753.2,51.4383,7.48008,292.424,18.3856,241.928,1,14,-99,-6,10,41,39,1,27771908,262,1,152,13499,
132.555,1772.24,51.4382,7.47984,292.568,18.1084,241.502,1,14,-99,-6,10,41,39,1,27771908,262,1,152,13499,
133.589,1791.25,51.4381,7.4796,292.511,18.6808,241.11,1,14,-101,-6,8,39,37,1,27771908,262,1,152,13499,
134.551,1808.4,51.438,7.47938,292.136,18.4182,242.065,1,14,-101,-6,8,39,37,1,27771908,262,1,152,13499,
135.593,1826.08,51.4379,7.47916,291.582,18.601,241.682,1,7,-102,-7,2,38,36,1,27771908,262,1,152,13499,
136.569,1844.27,51.4379,7.47893,291.142,18.0052,242.301,1,7,-102,-7,2,38,36,1,27771908,262,1,152,13499,
137.56,1861.77,51.4378,7.47871,290.975,17.159,243.079,1,8,-103,-8,2,37,36,1,27771908,262,1,152,13499,
138.57,1879.24,51.4377,7.47849,289.998,17.3264,242.742,1,8,-103,-8,2,37,36,1,27771908,262,1,152,13499,
139.57,1896.35,51.4376,7.47827,290.227,17.7129,242.511,1,3,-104,-8,2,36,35,1,27771908,262,1,152,13499,
140.563,1914.16,51.4376,7.47804,290.444,18.0289,242.624,1,3,-104,-8,2,36,35,1,27771908,262,1,152,13499,
141.578,1932.49,51.4375,7.4778,289.705,17.5957,243.244,1,0,-105,-9,2,35,35,1,27771908,262,1,152,13499,
142.565,1949.96,51.4374,7.47758,289.568,17.6283,243.913,1,0,-105,-9,2,35,35,1,27771908,262,1,152,13499,
143.585,1967.19,51.4374,7.47735,289.255,17.5508,243.044,1,5,-107,-10,2,33,34,1,27771908,262,1,152,13499,
144.558,1984.9,51.4373,7.47713,288.907,15.8302,242.185,1,5,-107,-10,2,33,34,1,27771908,262,1,152,13499,
145.576,2001.62,51.4372,7.47691,288.38,13.941,245.03,1,5,-107,-10,2,33,34,1,27771908,262,1,152,13499,
146.554,2015.86,51.4372,7.47672,288.024,12.9113,249.142,1,5,-107,-10,2,33,34,1,27771908,262,1,152,13499,
147.566,2027.14,51.4372,7.47655,287.776,11.4189,270.651,1,8,-106,-9,2,34,35,1,27771908,262,1,152,13499,
148.548,2037.76,51.4372,7.47641,287.562,10.059,286.398,1,8,-106,-9,2,34,35,1,27771908,262,1,152,13499,
149.573,2037.76,51.4372,7.48105,nan,9.47982,307.122,1,8,-106,-9,2,34,35,1,27771908,262,1,152,13499,
150.562,2037.76,51.4373,7.47619,286.957,8.96998,328.667,1,13,-101,-7,9,39,37,11,27771908,262,1,152,13499,
151.568,2046.44,51.4374,7.47616,286.765,7.80439,357.045,1,13,-101,-7,9,39,37,11,27771908,262,1,152,13499,
152.573,2053.84,51.4375,7.4762,286.326,9.16224,24.0653,1,16,-94,-6,11,46,43,11,27771908,262,1,152,13499,
153.563,2064.11,51.4375,7.47629,285.644,9.73153,44.7427,1,16,-94,-6,11,46,43,11,27771908,262,1,152,13499,
154.557,2074.68,51.4376,7.4764,285.336,10.9609,46.6271,1,30,-80,-5,14,60,57,11,27771908,262,1,152,13499,
155.565,2086.88,51.4377,7.47653,285.79,11.5199,49.5372,1,30,-80,-5,14,60,57,11,27771908,262,1,152,13499,
156.567,2101.3,51.4378,7.4767,286.499,14.0093,50.9613,1,30,-78,-4,15,62,59,11,27771908,262,1,152,13499,
157.564,2117.04,51.4379,7.47687,287.398,15.1894,51.6877,1,30,-78,-4,15,62,59,11,27771908,262,1,152,13499,
158.561,2134.75,51.438,7.47707,288.619,16.2716,53.0311,1,31,-80,-5,14,60,57,11,27771908,262,1,152,13499,
159.576,2152.24,51.438,7.47728,290.048,17.33,53.6936,1,31,-80,-5,14,60,57,11,27771908,262,1,152,13499,
160.567,2170.07,51.4381,7.47748,291.013,18.4014,54.6875,1,33,-79,-5,15,61,59,11,27771908,262,1,152,13499,
161.555,2188.08,51.4382,7.47769,291.575,19.2958,54.6271,1,33,-79,-5,15,61,59,11,27771908,262,1,152,13499,
162.563,2207.29,51.4383,7.47792,291.835,20.0721,55.2333,1,29,-80,-5,14,60,57,11,27771908,262,1,152,13499,
163.577,2227.48,51.4384,7.47816,291.938,20.6322,55.5149,1,29,-80,-5,14,60,57,11,27771908,262,1,152,13499,
164.569,2248.55,51.4385,7.47841,291.613,21.7661,55.912,1,30,-83,-6,15,57,55,11,27771908,262,1,152,13499,
165.581,2270.2,51.4387,7.47868,291.1,22.2,56.7928,1,30,-83,-6,15,57,55,11,27771908,262,1,152,13499,
166.542,2291.16,51.4387,7.47893,291.224,22.7554,57.0786,1,23,-85,-5,14,55,52,11,27771908,262,1,152,13499,
167.548,2314.34,51.4389,7.47922,291.019,22.7526,57.6677,1,23,-85,-5,14,55,52,11,27771908,262,1,152,13499,
168.549,2336.46,51.439,7.47949,290.546,22.3196,56.3009,1,27,-86,-5,14,54,51,11,27771908,262,1,152,13499,
169.588,2336.46,51.4372,7.48105,nan,22.3315,55.9816,1,27,-86,-5,14,54,51,11,27771908,262,1,152,13499,
170.566,2336.46,51.4392,7.48004,289.837,21.524,58.5081,1,27,-86,-5,14,54,51,11,27771908,262,1,152,13499,
171.559,2357.3,51.4393,7.4803,289.127,21.6835,58.502,1,29,-87,-5,15,53,50,11,27771908,262,1,152,13499,
172.562,2378.19,51.4394,7.48054,288.326,21.7932,53.2955,1,29,-87,-5,15,53,50,11,27771908,262,1,152,13499,
173.565,2401.02,51.4395,7.4808,287.598,21.6806,54.1876,1,22,-89,-6,2,51,49,11,27771908,262,1,152,13499,
174.587,2422.98,51.4396,7.48106,286.389,21.6331,54.0645,1,22,-89,-6,2,51,49,11,27771908,262,1,152,13499,
175.567,2445.03,51.4397,7.48131,285.06,21.6354,52.695,1,24,-87,-5,2,53,50,11,27771908,262,1,152,13499,
176.562,2467.64,51.4399,7.48157,284.051,21.9521,52.1682,1,24,-87,-5,2,53,50,11,27771908,262,1,152,13499,
177.547,2489.26,51.44,7.48181,283.261,21.6476,51.0146,1,27,-87,-5,2,53,50,11,27771908,262,1,152,13499,
178.563,2511.25,51.4401,7.48202,283.146,22.237,44.5307,1,27,-87,-5,2,53,50,11,27771908,262,1,152,13499,
179.583,2534.71,51.4403,7.48226,283.666,22.2226,43.9504,1,25,-85,-5,2,55,51,11,27771908,262,1,152,13499,
180.578,2559.48,51.4405,7.48249,284.398,22.7649,41.9418,1,25,-85,-5,2,55,51,11,27771908,262,1,152,13499,
181.573,2584.5,51.4406,7.48272,285.06,23.1109,41.1881,1,24,-84,-6,2,56,53,11,27771908,262,1,152,13499,
182.551,2608.87,51.4408,7.48294,285.796,23.1931,40.1508,1,24,-84,-6,2,56,53,11,27771908,262,1,152,13499,
183.582,2632.83,51.441,7.48316,286.216,23.2089,39.9557,1,25,-83,-5,2,57,54,11,27771908,262,1,152,13499,
184.559,2656.79,51.4411,7.48337,286.575,23.3256,38.9496,1,25,-83,-5,2,57,54,11,27771908,262,1,152,13499,
185.559,2680.38,51.4413,7.48357,286.813,23.4572,37.0127,1,24,-83,-5,2,57,53,11,27771908,262,1,152,13499,
186.568,2703.83,51.4415,7.48376,286.844,23.3134,35.1391,1,24,-83,-5,2,57,53,11,27771908,262,1,152,13499,
187.562,2727.1,51.4417,7.48394,286.762,23.1972,32.9677,1,18,-83,-5,2,57,53,11,27771908,262,1,152,13499,
188.551,2749.55,51.4418,7.4841,286.379,23.1038,30.4882,1,18,-83,-5,2,57,53,11,27771908,262,1,152,13499,
189.557,2772.76,51.442,7.48426,286.192,23.0878,28.7951,1,-4,-89,-10,2,51,51,1,27771908,262,1,152,13499,
190.565,2796.41,51.4422,7.48441,286.059,23.2971,26.5862,1,-4,-89,-10,2,51,51,1,27771908,262,1,152,13499,
191.563,2819.55,51.4424,7.48456,285.848,23.2355,26.5898,1,1,-83,-6,6,57,52,1,27771909,262,1,151,13499,
192.566,2842.35,51.4426,7.48471,285.197,23.2023,26.1534,1,1,-83,-6,6,57,52,1,27771909,262,1,151,13499,
193.578,2864.5,51.4428,7.48485,284.288,23.0294,25.1634,1,24,-83,-6,15,57,52,1,27771909,262,1,151,13499,
194.543,2887.18,51.4429,7.48498,283.342,23.0046,24.766,1,24,-83,-6,15,57,52,1,27771909,262,1,151,13499,
195.549,2909.93,51.4431,7.48512,282.521,22.8918,24.4368,1,28,-74,-5,15,66,63,1,27771909,262,1,151,13499,
196.569,2933.07,51.4433,7.48525,281.55,22.9907,23.9948,1,28,-74,-5,15,66,63,1,27771909,262,1,151,13499,
197.693,2955.82,51.4435,7.48537,280.559,23.0992,23.2504,1,28,-74,-5,15,66,63,1,27771909,262,1,151,13499,
198.554,2978.19,51.4437,7.48549,279.676,23.1862,22.3602,1,30,-76,-5,15,64,60,1,27771909,262,1,151,13499,
199.568,2999.51,51.4439,7.48561,278.653,22.3673,21.532,1,30,-76,-5,15,64,60,1,27771909,262,1,151,13499,
200.562,3019.88,51.444,7.48572,277.382,19.8365,21.3887,1,32,-64,-5,15,76,63,1,27771909,262,1,151,13499,
201.584,3037.25,51.4442,7.48581,275.895,16.8943,21.8649,1,32,-64,-5,15,76,63,1,27771909,262,1,151,13499,
202.575,3055.01,51.4443,7.48591,274.666,14.9673,23.2664,1,31,-68,-5,15,72,63,1,27771909,262,1,151,13499,
203.58,3070.8,51.4445,7.486,273.677,14.1423,25.3249,1,31,-68,-5,15,72,63,1,27771909,262,1,151,13499,
204.552,3083.79,51.4446,7.4861,272.793,12.9507,29.4205,1,30,-72,-5,15,68,63,1,27771909,262,1,151,13499,
205.56,3098.25,51.4447,7.48624,271.786,12.9016,46.0932,1,30,-72,-5,15,68,63,1,27771909,262,1,151,13499,
206.56,3112.59,51.4447,7.4864,271.065,13.1735,49.2776,1,25,-75,-5,15,65,62,1,27771909,262,1,151,13499,
207.584,3123.91,51.4448,7.48656,269.796,12.9577,70.9276,1,25,-75,-5,15,65,62,1,27771909,262,1,151,13499,
208.558,3135.85,51.4448,7.48673,268.571,13.0841,87.3963,1,21,-81,-5,15,59,55,1,27771909,262,1,151,13499,
209.568,3149.37,51.4447,7.48692,267.354,13.1082,101.837,1,21,-81,-5,15,59,55,1,27771909,262,1,151,13499,
210.569,3162.75,51.4447,7.48711,266.093,12.7598,104.844,1,20,-79,-6,15,61,55,1,27771909,262,1,151,13499,
211.569,3176.49,51.4446,7.48726,265.115,13.2512,131.416,1,20,-79,-6,15,61,55,1,27771909,262,1,151,13499,
212.546,3191,51.4445,7.48739,264.159,12.9989,145.114,1,20,-79,-6,15,61,55,1,27771909,262,1,151,13499,
213.57,3206.04,51.4444,7.48748,262.945,13.0532,159.429,1,24,-65,-4,11,75,60,1,27771909,262,1,151,13499,
214.541,3221.03,51.4443,7.48752,261.925,12.882,171.939,1,24,-65,-4,11,75,60,1,27771909,262,1,151,13499,
215.563,3234.5,51.4441,7.48752,261.067,13.1823,185.478,1,24,-67,-5,2,73,63,1,27771909,262,1,151,13499,
216.567,3247.45,51.444,7.48746,260.312,12.9711,199.674,1,24,-67,-5,2,73,63,1,27771909,262,1,151,13499,
217.57,3259.95,51.4439,7.48737,259.792,12.7476,213.573,1,29,-71,-6,2,69,63,1,27771909,262,1,151,13499,
218.567,3271.02,51.4439,7.48725,259.429,12.6925,231.027,1,29,-71,-6,2,69,63,1,27771909,262,1,151,13499,
219.569,3282.84,51.4438,7.48711,259.047,13.007,235.061,1,30,-72,-6,2,68,63,1,27771909,262,1,151,13499,
220.569,3296.27,51.4438,7.48693,259.231,13.4453,258.26,1,30,-72,-6,2,68,63,1,27771909,262,1,151,13499,
221.564,3310.39,51.4437,7.48673,259.842,13.9909,261.405,1,25,-79,-6,2,61,59,1,27771909,262,1,151,13499,
222.551,3324.9,51.4437,7.48652,260.48,14.9966,264.093,1,25,-79,-6,2,61,59,1,27771909,262,1,151,13499,
223.563,3339.76,51.4437,7.48631,260.731,16.126,265.977,1,29,-81,-7,2,59,57,1,27771909,262,1,151,13499,
224.559,3355.69,51.4437,7.48608,260.536,17.0859,266.986,1,29,-81,-7,2,59,57,1,27771909,262,1,151,13499,
225.568,3373.58,51.4437,7.48582,260.598,17.4374,267.422,1,29,-82,-7,2,58,56,1,27771909,262,1,151,13499,
226.572,3392.43,51.4437,7.48554,260.269,18.1066,268.367,1,29,-82,-7,2,58,56,1,27771909,262,1,151,13499,
227.552,3412.4,51.4437,7.48526,259.867,18.2608,267.671,1,28,-83,-6,2,57,54,1,27771909,262,1,151,13499,
228.591,3430.39,51.4437,7.485,259.74,19.5663,268.547,1,28,-83,-6,2,57,54,1,27771909,262,1,151,13499,
229.568,3430.39,51.4444,7.4809,nan,21.4885,269.388,1,30,-83,-6,2,57,54,1,27771909,262,1,151,13499,
230.514,3430.39,51.4437,7.48437,260.341,22.7136,269.473,1,30,-83,-6,2,57,54,1,27771909,262,1,151,13499,
231.576,3452.64,51.4437,7.48405,260.639,23.905,268.641,1,32,-71,-5,15,69,63,3,27771909,262,1,151,13499,
232.543,3477.18,51.4437,7.4837,261.05,25.1265,268.297,1,32,-71,-5,15,69,63,3,27771909,262,1,151,13499,
233.551,3503.27,51.4437,7.48332,261.295,26.0873,267.992,1,30,-74,-5,15,66,62,3,27771909,262,1,151,13499,
234.561,3529.75,51.4437,7.48294,261.37,26.6203,268.316,1,30,-74,-5,15,66,62,3,27771909,262,1,151,13499,
235.552,3556.85,51.4437,7.48255,261.396,27.3259,267.734,1,22,-83,-5,15,57,51,3,27771909,262,1,151,13499,
236.62,3585.65,51.4437,7.48213,261.219,28.3145,266.922,1,22,-83,-5,15,57,51,3,27771909,262,1,151,13499,
237.563,3614.89,51.4437,7.48171,261.069,29.0274,266.35,1,21,-88,-5,13,52,48,3,27771909,262,1,151,13499,
238.55,3643.65,51.4436,7.4813,260.921,29.3443,266.179,1,21,-88,-5,13,52,48,3,27771909,262,1,151,13499,
239.579,3674.13,51.4436,7.48086,260.644,30.3106,265.578,1,16,-91,-6,12,49,46,3,27771909,262,1,151,13499,
240.541,3705.39,51.4436,7.48041,260.381,30.647,264.515,1,16,-91,-6,12,49,46,3,27771909,262,1,151,13499,
241.555,3736.62,51.4436,7.47996,260.111,31.1854,263.554,1,16,-91,-6,12,49,46,3,27771909,262,1,151,13499,
242.579,3768.01,51.4435,7.47951,259.809,31.4828,263.047,1,16,-91,-6,11,49,46,3,27771909,262,1,151,13499,
243.572,3799.41,51.4435,7.47906,259.525,31.5935,262.938,1,16,-91,-6,11,49,46,3,27771909,262,1,151,13499,
244.55,3830.84,51.4435,7.47861,259.209,31.7539,262.745,1,18,-86,-5,14,54,50,3,27771909,262,1,151,13499,
245.583,3862.8,51.4434,7.47815,258.739,31.7029,262.42,1,18,-86,-5,14,54,50,3,27771909,262,1,151,13499,
246.601,3894.12,51.4434,7.4777,258.207,31.4512,262.263,1,14,-87,-6,12,53,50,3,27771909,262,1,151,13499,
247.561,3925.54,51.4433,7.47725,257.631,31.417,262.232,1,14,-87,-6,12,53,50,3,27771909,262,1,151,13499,
248.566,3956.18,51.4433,7.47682,257.067,31.175,261.705,1,9,-95,-7,10,45,42,3,27771909,262,1,151,13499,
249.575,3956.18,51.4444,7.4809,nan,30.9507,260.915,1,9,-95,-7,10,45,42,3,27771909,262,1,151,13499,
250.584,3956.18,51.4432,7.47593,255.651,30.9538,260.068,1,19,-88,-6,10,52,47,3,27771909,262,1,151,13499,
251.56,3986.66,51.4432,7.4755,254.92,31.2945,258.958,1,19,-88,-6,10,52,47,3,27771909,262,1,151,13499,
252.57,4018.64,51.4431,7.47505,254.118,31.9928,258.104,1,12,-93,-8,12,47,43,3,27771909,262,1,151,13499,
253.571,4050.74,51.443,7.4746,253.336,32.3876,257.678,1,12,-93,-8,12,47,43,3,27771909,262,1,151,13499,
254.551,4083.5,51.443,7.47413,252.909,32.9449,257.606,1,1,-106,-11,2,34,34,3,27771909,262,1,151,13499,
255.558,4116.71,51.4429,7.47367,252.457,33.6125,257.859,1,1,-106,-11,2,34,34,3,27771909,262,1,151,13499,
256.569,4150.15,51.4429,7.47319,251.935,33.7032,258.307,1,-5,-110,-13,2,30,33,3,29908736,262,1,196,13499,
257.566,4183.71,51.4428,7.47272,251.254,33.8328,258.469,1,-5,-110,-13,2,30,33,3,29908736,262,1,196,13499,
258.553,4216.9,51.4427,7.47225,250.605,34.0835,258.44,1,-5,-110,-13,2,30,33,3,29908736,262,1,196,13499,
259.573,4251.35,51.4427,7.47176,249.433,34.2778,258.532,1,-5,-110,-13,2,30,33,3,29908736,262,1,196,13499,
260.551,4286.07,51.4426,7.47127,248.294,34.4988,258.493,1,2,-110,-11,2,30,32,3,31281409,262,1,232,13499,
261.572,4320.46,51.4425,7.47078,247.081,34.4978,258.262,1,2,-110,-11,2,30,32,3,31281409,262,1,232,13499,
262.561,4355.08,51.4425,7.47029,245.89,34.7004,258.229,1,1,-110,-11,2,30,31,3,31281409,262,1,232,13499,
263.577,4389.11,51.4424,7.46981,244.904,34.934,257.956,1,1,-110,-11,2,30,31,3,31281409,262,1,232,13499,
264.546,4424.19,51.4424,7.46932,243.859,35.0885,258.109,1,1,-111,-10,2,29,30,3,31281409,262,1,232,13499,
265.55,4459.42,51.4423,7.46882,242.803,35.2693,258.431,1,1,-111,-10,2,29,30,3,31281409,262,1,232,13499,
266.542,4495.25,51.4422,7.46831,241.635,35.5404,258.694,1,1,-111,-10,2,29,30,3,31281409,262,1,232,13499,
267.563,4530.63,51.4422,7.46781,240.57,35.8091,259.037,1,9,-109,-9,2,31,31,3,31281409,262,1,232,13499,
268.561,4566.55,51.4421,7.4673,239.553,36.1331,259.331,1,9,-109,-9,2,31,31,3,31281409,262,1,232,13499,
269.561,4566.55,51.4442,7.46394,nan,36.3895,259.596,1,12,-107,-9,2,33,33,3,31281409,262,1,232,13499,
270.562,4566.55,51.442,7.46626,237.466,36.7599,259.972,1,12,-107,-9,2,33,33,3,31281409,262,1,232,13499,
271.581,4603.18,51.4419,7.46574,236.481,36.9685,260.776,1,16,-105,-8,2,35,34,3,31281409,262,1,232,13499,
272.566,4641.08,51.4419,7.4652,235.813,37.4285,261.113,1,16,-105,-8,2,35,34,3,31281409,262,1,232,13499,
273.581,4678.52,51.4418,7.46466,235.113,37.4154,261.806,1,16,-101,-7,2,39,37,3,31281409,262,1,232,13499,
274.547,4715.64,51.4418,7.46413,234.597,37.4384,262.257,1,16,-101,-7,2,39,37,3,31281409,262,1,232,13499,
275.557,4753.41,51.4418,7.46359,234.066,37.5599,262.787,1,13,-101,-7,2,39,37,3,31281409,262,1,232,13499,
276.561,4790.45,51.4417,7.46306,233.347,37.5142,263.571,1,13,-101,-7,2,39,37,3,31281409,262,1,232,13499,
277.557,4827.51,51.4417,7.46253,232.698,37.4361,264.091,1,8,-102,-8,2,38,37,3,31281409,262,1,232,13499,
278.558,4863.18,51.4417,7.46201,231.898,37.2819,264.944,1,8,-102,-8,2,38,37,3,31281409,262,1,232,13499,
279.557,4900.1,51.4416,7.46148,231.029,37.1382,265.751,1,12,-102,-8,2,38,37,3,31281409,262,1,232,13499,
280.561,4936.88,51.4416,7.46095,230.323,37.1302,266.013,1,12,-102,-8,2,38,37,3,31281409,262,1,232,13499,
281.564,4973.71,51.4416,7.46042,229.538,37.376,266.43,1,7,-103,-8,2,37,36,3,31281409,262,1,232,13499,
282.577,5010.74,51.4416,7.45989,228.967,37.3215,267.122,1,7,-103,-8,2,37,36,3,31281409,262,1,232,13499,
283.592,5047.62,51.4416,7.45935,228.415,37.25,268.04,1,7,-103,-8,2,37,36,3,31281409,262,1,232,13499,
284.555,5085.16,51.4416,7.45881,228.28,37.3116,268.689,1,10,-103,-8,2,37,36,3,31281409,262,1,232,13499,
285.587,5122.99,51.4416,7.45827,228.295,37.3845,268.657,1,10,-103,-8,2,37,36,3,31281409,262,1,232,13499,
286.562,5159.92,51.4416,7.45773,228.123,37.4414,269.608,1,7,-104,-8,2,36,36,3,31281409,262,1,232,13499,
287.548,5197.02,51.4416,7.4572,227.942,37.4427,270.124,1,7,-104,-8,2,36,36,3,31281409,262,1,232,13499,
288.577,5233.74,51.4416,7.45667,227.426,37.398,270.343,1,-1,-104,-9,2,36,36,3,31281409,262,1,232,13499,
289.584,5233.74,51.4372,7.48105,nan,36.8156,270.409,1,-1,-104,-9,2,36,36,3,31281409,262,1,232,13499,
290.55,5233.74,51.4416,7.4556,226.578,36.7005,270.702,1,1,-98,-6,2,42,39,3,27771908,262,1,152,13499,
291.595,5270.47,51.4416,7.45507,226.269,36.5946,271.487,1,1,-98,-6,2,42,39,3,27771908,262,1,152,13499,
292.579,5306.84,51.4416,7.45454,225.867,36.5434,272.924,1,-1,-96,-8,2,44,43,3,27771908,262,1,152,13499,
293.559,5343.29,51.4416,7.45402,225.5,36.6588,273.309,1,-1,-96,-8,2,44,43,3,27771908,262,1,152,13499,
294.569,5380.73,51.4416,7.45348,225.506,36.8708,273.35,1,13,-92,-7,2,48,46,3,33527552,262,1,433,13499,
295.554,5417.05,51.4417,7.45296,225.248,36.8643,275.048,1,13,-92,-7,2,48,46,3,33527552,262,1,433,13499,
296.565,5453.69,51.4417,7.45243,225.012,36.7831,275.556,1,19,-85,-6,2,55,52,3,33527552,262,1,433,13499,
297.556,5490,51.4417,7.45191,224.526,36.7781,275.973,1,19,-85,-6,2,55,52,3,33527552,262,1,433,13499,
298.569,5526.79,51.4418,7.45138,224.106,36.7898,276.727,1,25,-83,-6,2,57,55,3,33527552,262,1,433,13499,
299.541,5563.41,51.4418,7.45086,223.644,36.7788,276.918,1,25,-83,-6,2,57,55,3,33527552,262,1,433,13499,
300.57,5599.35,51.4418,7.45034,223.017,36.753,277.463,1,27,-81,-5,2,59,56,3,33527552,262,1,433,13499,
301.583,5635.67,51.4419,7.44982,222.361,36.516,278.053,1,27,-81,-5,2,59,56,3,33527552,262,1,433,13499,
302.545,5672.33,51.4419,7.4493,221.89,36.3815,278.241,1,27,-80,-5,2,60,56,3,33527552,262,1,433,13499,
303.547,5707.7,51.442,7.44879,221.267,36.2143,278.909,1,27,-80,-5,2,60,56,3,33527552,262,1,433,13499,
304.566,5744.05,51.442,7.44828,220.748,36.1537,279.791,1,27,-80,-5,2,60,56,3,33527552,262,1,433,13499,
305.568,5780.54,51.4421,7.44776,220.457,36.124,280.216,1,21,-81,-6,2,59,55,3,33527552,262,1,433,13499,
306.552,5816.28,51.4422,7.44725,220.052,36.0269,281.14,1,21,-81,-6,2,59,55,3,33527552,262,1,433,13499,
307.553,5852.33,51.4422,7.44674,219.65,35.8862,281.837,1,30,-81,-6,2,59,57,3,33527552,262,1,433,13499,
308.546,5888.24,51.4423,7.44623,219.208,35.7126,282.362,1,30,-81,-6,2,59,57,3,33527552,262,1,433,13499,
309.584,5888.24,51.4446,7.44758,nan,35.7868,282.787,1,24,-77,-6,2,63,61,3,33527552,262,1,433,13499,
310.569,5888.24,51.4424,7.44522,218.71,35.9685,283.013,1,24,-77,-6,2,63,61,3,33527552,262,1,433,13499,
311.573,5924.06,51.4425,7.44472,218.42,35.9971,283.596,1,28,-74,-6,2,66,63,3,33527552,262,1,433,13499,
312.555,5959.71,51.4426,7.44422,218.331,36.0991,283.742,1,28,-74,-6,2,66,63,3,33527552,262,1,433,13499,
313.578,5995.47,51.4427,7.44371,218.283,36.1063,284.287,1,30,-72,-6,2,68,63,3,33527552,262,1,433,13499,
314.559,6031.53,51.4427,7.44321,218.166,35.9517,284.678,1,30,-72,-6,2,68,63,3,33527552,262,1,433,13499,
315.561,6067.14,51.4428,7.44272,218.08,35.6592,285.605,1,26,-72,-6,2,68,63,3,33527552,262,1,433,13499,
316.544,6102.49,51.4429,7.44223,217.895,35.6323,285.608,1,26,-72,-6,2,68,63,3,33527552,262,1,433,13499,
317.562,6137.56,51.443,7.44174,218.172,35.5827,286.544,1,29,-71,-5,2,69,63,3,33527552,262,1,433,13499,
318.554,6172.65,51.4431,7.44126,218.551,35.7303,286.938,1,29,-71,-5,2,69,63,3,33527552,262,1,433,13499,
319.586,6208.32,51.4432,7.44076,218.878,35.9375,287.227,1,23,-69,-5,2,71,63,3,33527552,262,1,433,13499,
320.574,6243.79,51.4433,7.44028,218.255,36.1042,288.201,1,23,-69,-5,2,71,63,3,33527552,262,1,433,13499,
321.7,6280.36,51.4434,7.43978,217.503,36.1084,288.601,1,27,-72,-5,2,68,63,3,33527552,262,1,433,13499,
322.552,6316.09,51.4435,7.43929,216.412,35.8924,288.837,1,27,-72,-5,2,68,63,3,33527552,262,1,433,13499,
323.557,6352.03,51.4436,7.4388,215.406,35.4377,289.026,1,28,-74,-5,14,66,63,1,33527552,262,1,433,13499,
324.564,6387.44,51.4437,7.43832,214.291,35.0897,289.995,1,28,-74,-5,14,66,63,1,33527552,262,1,433,13499,
325.585,6422.47,51.4438,7.43785,213.371,35.0198,290.915,1,20,-76,-5,1,64,63,1,33527552,262,1,433,13499,
326.582,6457.75,51.444,7.43738,212.416,35.2411,291.609,1,20,-76,-5,1,64,63,1,33527552,262,1,433,13499,
327.56,6493.35,51.4441,7.4369,211.549,35.6558,292.081,1,20,-76,-5,1,64,63,1,33527552,262,1,433,13499,
328.568,6529.26,51.4442,7.43643,210.854,35.917,292.263,1,23,-81,-5,15,59,56,1,33527554,262,1,434,13499,
329.569,6529.26,51.4471,7.4335,nan,35.5294,292.687,1,23,-81,-5,15,59,56,1,33527554,262,1,434,13499,
330.551,6529.26,51.4444,7.43548,209.414,35.7733,293.647,1,15,-87,-6,12,53,50,1,33527554,262,1,434,13499,
331.567,6564.71,51.4446,7.43501,209.078,35.9431,295.057,1,15,-87,-6,12,53,50,1,33527554,262,1,434,13499,
332.566,6600.18,51.4447,7.43456,208.951,35.6602,296.262,1,18,-85,-6,13,55,53,1,33527554,262,1,434,13499,
333.554,6636.16,51.4449,7.43409,208.878,35.6822,296.903,1,18,-85,-6,13,55,53,1,33527554,262,1,434,13499,
334.578,6671.82,51.445,7.43364,208.708,35.6385,298.166,1,21,-83,-8,12,57,57,1,33527554,262,1,434,13499,
335.566,6707.15,51.4452,7.43319,208.203,35.4175,298.238,1,21,-83,-8,12,57,57,1,33527554,262,1,434,13499,
336.567,6741.67,51.4453,7.43275,207.186,35.1892,299.252,1,18,-84,-6,12,56,48,1,33527554,262,1,434,13499,
337.543,6776.06,51.4455,7.43232,205.658,35.5446,301.899,1,18,-84,-6,12,56,48,1,33527554,262,1,434,13499,
338.572,6810.85,51.4456,7.43189,203.937,35.2924,302.272,1,21,-84,-6,12,56,54,1,33527554,262,1,434,13499,
339.568,6845.49,51.4458,7.43147,202.053,34.993,304.059,1,21,-84,-6,12,56,54,1,33527554,262,1,434,13499,
340.558,6880.39,51.446,7.43107,200.261,35.1119,306.213,1,25,-82,-6,12,58,54,1,33527554,262,1,434,13499,
341.553,6915.31,51.4462,7.43066,198.582,35.0405,307.646,1,25,-82,-6,12,58,54,1,33527554,262,1,434,13499,
342.55,6950.07,51.4464,7.43027,197.011,35.0253,308.538,1,30,-75,-4,15,65,60,1,33527554,262,1,434,13499,
343.56,6984.17,51.4466,7.42988,195.349,34.8845,309.052,1,30,-75,-4,15,65,60,1,33527554,262,1,434,13499,
344.589,7018.24,51.4468,7.42951,193.46,35.0893,310.713,1,19,-77,-9,12,63,62,1,33527554,262,1,434,13499,
345.553,7052.74,51.447,7.42914,191.783,34.8269,312.591,1,19,-77,-9,12,63,62,1,33527554,262,1,434,13499,
346.556,7087.53,51.4472,7.42878,190.036,34.8023,313.961,1,19,-80,-6,15,60,55,1,33527554,262,1,434,13499,
347.558,7122.45,51.4474,7.42843,188.285,34.8847,316.023,1,19,-80,-6,15,60,55,1,33527554,262,1,434,13499,
348.563,7157.78,51.4477,7.42808,186.513,35.3872,316.744,1,14,-84,-6,11,56,50,1,33527554,262,1,434,13499,
349.55,7157.78,51.4471,7.4335,nan,35.549,318.173,1,14,-84,-6,11,56,50,1,33527554,262,1,434,13499,
350.576,7157.78,51.4481,7.42741,183.789,35.6739,319.825,1,11,-87,-8,12,53,50,1,33527554,262,1,434,13499,
351.563,7193.31,51.4484,7.42709,182.829,35.5535,321.809,1,11,-87,-8,12,53,50,1,33527554,262,1,434,13499,
352.559,7228.8,51.4486,7.42679,181.906,35.6425,323.228,1,14,-89,-6,12,51,46,1,33527554,262,1,434,13499,
353.581,7264.5,51.4489,7.42649,180.745,35.7273,324.359,1,14,-89,-6,12,51,46,1,33527554,262,1,434,13499,
354.547,7301.23,51.4492,7.4262,179.278,35.6418,326.007,1,22,-94,-7,9,46,42,1,33527554,262,1,434,13499,
355.542,7337.26,51.4495,7.42593,177.793,35.6684,327.847,1,22,-94,-7,9,46,42,1,33527554,262,1,434,13499,
356.553,7372.8,51.4497,7.42566,176.434,35.3748,328.862,1,22,-94,-7,9,46,42,1,33527554,262,1,434,13499,
357.558,7410.45,51.45,7.4254,175.088,35.3807,331.148,1,13,-90,-8,2,50,45,1,33527554,262,1,434,13499,
358.581,7447.04,51.4503,7.42516,173.753,35.2331,332.201,1,13,-90,-8,2,50,45,1,33527554,262,1,434,13499,
359.568,7483.03,51.4506,7.42493,172.444,35.7127,333.627,1,1,-96,-10,2,44,45,1,33527554,262,1,434,13499,
360.555,7518.3,51.4509,7.42473,171.32,36.4485,335.459,1,1,-96,-10,2,44,45,1,33527554,262,1,434,13499,
361.559,7555.3,51.4512,7.42453,170.258,37.1014,338.418,1,-6,-98,-11,2,42,43,1,33527554,262,1,434,13499,
362.558,7592.1,51.4515,7.42434,168.952,36.9643,338.905,1,-6,-98,-11,2,42,43,1,33527554,262,1,434,13499,
363.57,7627.07,51.4518,7.42416,167.587,36.6065,339.576,1,-6,-102,-12,2,38,41,1,33527554,262,1,434,13499,
364.55,7662.61,51.4521,7.424,166.101,36.6525,341.021,1,-6,-102,-12,2,38,41,1,33527554,262,1,434,13499,
365.55,7698.75,51.4524,7.42383,164.946,37.0077,341.863,1,-6,-104,-14,2,36,40,1,33527554,262,1,434,13499,
366.557,7735.52,51.4527,7.42368,163.65,36.8998,342.565,1,-6,-104,-14,2,36,40,1,33527554,262,1,434,13499,
367.557,7773.34,51.4531,7.42352,162.372,36.7944,342.76,1,-8,-102,-13,2,38,42,1,29568770,262,1,414,13499,
368.566,7810.65,51.4534,7.42336,161.284,36.6315,343.515,1,-8,-102,-13,2,38,42,1,29568770,262,1,414,13499,
369.567,7810.65,51.4645,7.45082,nan,36.4835,343.975,1,-6,-98,-12,2,42,45,1,27771140,262,1,289,13499,
370.565,7810.65,51.454,7.42308,158.867,36.152,343.697,1,-6,-98,-12,2,42,45,1,27771140,262,1,289,13499,
371.577,7846.87,51.4543,7.42294,157.807,36.2264,343.771,1,-2,-94,-9,2,46,44,1,29568770,262,1,414,13499,
372.555,7882.69,51.4547,7.4228,156.608,35.4486,343.25,1,-2,-94,-9,2,46,44,1,29568770,262,1,414,13499,
373.566,7917.99,51.455,7.42266,155.395,35.0616,343.205,1,2,-96,-8,2,44,44,1,27770883,262,1,125,13499,
374.553,7952.95,51.4553,7.42251,154.23,35.022,342.81,1,2,-96,-8,2,44,44,1,27770883,262,1,125,13499,
375.553,7987.29,51.4556,7.42237,153.291,35.2302,342.391,1,8,-92,-8,2,48,48,1,27770883,262,1,125,13499,
376.543,8022.22,51.4559,7.42221,152.541,35.5348,341.642,1,8,-92,-8,2,48,48,1,27770883,262,1,125,13499,
377.542,8057.22,51.4562,7.42204,151.883,35.788,340.429,1,8,-92,-8,2,48,48,1,27770883,262,1,125,13499,
378.559,8092.87,51.4565,7.42187,151.457,36.1072,339.459,1,9,-91,-8,2,49,48,1,27770883,262,1,125,13499,
379.589,8129.13,51.4568,7.42168,150.919,36.4797,338.643,1,9,-91,-8,2,49,48,1,27770883,262,1,125,13499,
380.564,8165.51,51.4571,7.42148,150.542,36.5709,337.264,1,4,-91,-9,2,49,49,1,27770883,262,1,125,13499,
381.572,8201.51,51.4574,7.42128,150.387,37.0682,336.434,1,4,-91,-9,2,49,49,1,27770883,262,1,125,13499,
382.553,8237.67,51.4577,7.42107,150.319,37.2749,335.242,1,13,-92,-8,2,48,48,1,27770883,262,1,125,13499,
383.567,8275.09,51.458,7.42083,150.047,37.5583,334.082,1,13,-92,-8,2,48,48,1,27770883,262,1,125,13499,
384.57,8311.27,51.4583,7.4206,149.65,36.748,333.187,1,10,-89,-7,2,51,49,1,27770883,262,1,125,13499,
385.585,8347.23,51.4585,7.42036,149.262,35.9837,332.254,1,10,-89,-7,2,51,49,1,27770883,262,1,125,13499,
386.57,8383.38,51.4588,7.4201,148.766,35.8849,330.601,1,7,-85,-7,2,55,54,1,27770883,262,1,125,13499,
387.594,8419.4,51.4591,7.41984,148.514,35.8067,330.495,1,7,-85,-7,2,55,54,1,27770883,262,1,125,13499,
388.552,8455.59,51.4594,7.41958,148.332,35.3935,329.458,1,22,-82,-7,2,58,57,1,27770883,262,1,125,13499,
389.566,8455.59,51.4602,7.41546,nan,34.5292,328.067,1,22,-82,-7,2,58,57,1,27770883,262,1,125,13499,
390.57,8455.59,51.4599,7.41905,147.954,33.7736,327.053,1,19,-75,-5,12,65,62,10,27770883,262,1,125,13499,
391.57,8489.27,51.4602,7.41879,147.658,33.64,326.812,1,19,-75,-5,12,65,62,10,27770883,262,1,125,13499,
392.573,8522.79,51.4604,7.41851,147.418,33.4756,325.379,1,12,-83,-7,7,57,54,10,27770883,262,1,125,13499,
393.575,8555.45,51.4607,7.41824,147.152,33.4747,324.716,1,12,-83,-7,7,57,54,10,27770883,262,1,125,13499,
394.57,8588.44,51.4609,7.41796,146.856,32.9623,323.311,1,13,-73,-5,4,67,62,10,27770883,262,1,125,13499,
395.655,8622.03,51.4611,7.41766,146.868,33.0895,322.408,1,13,-73,-5,4,67,62,10,27770883,262,1,125,13499,
396.539,8654.82,51.4614,7.41737,146.806,33.3425,321.658,1,21,-77,-7,10,63,63,10,27770883,262,1,125,13499,
397.59,8688.62,51.4616,7.41706,146.728,33.5108,320.72,1,21,-77,-7,10,63,63,10,27770883,262,1,125,13499,
398.548,8722.43,51.4618,7.41675,146.707,33.8757,319.748,1,19,-77,-5,11,63,58,10,27770883,262,1,125,13499,
399.562,8755.7,51.4621,7.41643,146.828,33.6622,318.726,1,19,-77,-5,11,63,58,10,27770883,262,1,125,13499,
400.562,8789.44,51.4623,7.41611,147.532,32.8535,317.312,1,13,-77,-6,3,63,61,10,27770883,262,1,125,13499,
401.559,8822.15,51.4625,7.41579,148.079,32.2338,316.342,1,13,-77,-6,3,63,61,10,27770883,262,1,125,13499,
402.557,8855.19,51.4627,7.41547,148.644,32.3265,315.88,1,11,-80,-8,12,60,59,10,27770883,262,1,125,13499,
403.563,8887.67,51.4629,7.41515,149.028,32.3717,314.969,1,11,-80,-8,12,60,59,10,27770883,262,1,125,13499,
404.557,8919.47,51.4631,7.41482,148.959,32.389,314.214,1,19,-72,-5,15,68,63,10,27770883,262,1,125,13499,
405.562,8952.12,51.4633,7.41449,148.792,32.469,313.411,1,19,-72,-5,15,68,63,10,27770883,262,1,125,13499,
406.577,8983.91,51.4635,7.41415,148.649,32.4266,312.655,1,19,-72,-5,15,68,63,10,27770883,262,1,125,13499,
407.558,9016.23,51.4637,7.4138,148.617,32.2143,311.5,1,11,-85,-8,10,55,53,10,27770883,262,1,125,13499,
408.563,9047.75,51.4639,7.41345,148.645,31.8202,310.496,1,11,-85,-8,10,55,53,10,27770883,262,1,125,13499,
409.54,9047.75,51.4602,7.41546,nan,31.812,310.087,1,5,-85,-6,11,55,51,10,27770883,262,1,125,13499,
410.551,9047.75,51.4643,7.41275,149.172,32.0015,309.618,1,5,-85,-6,11,55,51,10,27770883,262,1,125,13499,
411.587,9079.25,51.4645,7.41239,149.226,31.5075,309.149,1,18,-75,-6,4,65,58,10,27770883,262,1,125,13499,
412.555,9111.03,51.4646,7.41204,149.126,31.6158,308.438,1,18,-75,-6,4,65,58,10,27770883,262,1,125,13499,
413.572,9142.71,51.4648,7.41168,149.06,31.8764,308.407,1,10,-90,-10,8,50,48,10,27770883,262,1,125,13499,
414.579,9175.08,51.465,7.41132,148.956,32.2064,308.46,1,10,-90,-10,8,50,48,10,27770883,262,1,125,13499,
415.555,9207.62,51.4652,7.41096,148.866,32.5435,308.605,1,1,-92,-8,6,48,45,4,27770885,262,1,124,13499,
416.567,9240.19,51.4654,7.41059,149.057,32.9539,308.31,1,1,-92,-8,6,48,45,4,27770885,262,1,124,13499,
417.588,9273.34,51.4656,7.41021,149.378,33.1844,307.835,1,10,-90,-7,11,50,47,4,27770885,262,1,124,13499,
418.546,9306.5,51.4657,7.40983,149.493,33.5578,307.998,1,10,-90,-7,11,50,47,4,27770885,262,1,124,13499,
419.544,9340.16,51.4659,7.40944,149.538,33.993,308.137,1,16,-78,-5,15,62,58,4,27770885,262,1,124,13499,
420.565,9373.96,51.4661,7.40906,149.706,34.4048,308.397,1,16,-78,-5,15,62,58,4,27770885,262,1,124,13499,
421.56,9407.92,51.4663,7.40867,149.899,33.8758,308.339,1,8,-88,-8,9,52,50,4,27770885,262,1,124,13499,
422.552,9441.75,51.4665,7.40829,150.182,33.75,307.982,1,8,-88,-8,9,52,50,4,27770885,262,1,124,13499,
423.577,9475.88,51.4667,7.4079,150.489,33.6508,307.888,1,13,-82,-6,13,58,54,4,27770885,262,1,124,13499,
424.555,9509.91,51.4669,7.40752,150.577,34.022,309.183,1,13,-82,-6,13,58,54,4,27770885,262,1,124,13499,
425.576,9544.07,51.4671,7.40714,150.796,33.9471,309.517,1,11,-72,-5,15,68,60,4,27770885,262,1,124,13499,
426.568,9578.02,51.4673,7.40677,150.947,34.1086,310.854,1,11,-72,-5,15,68,60,4,27770885,262,1,124,13499,
427.543,9611.52,51.4675,7.40641,151.205,34.1269,311.711,1,12,-82,-7,7,58,55,4,27770885,262,1,124,13499,
428.561,9645.99,51.4677,7.40604,151.774,34.3747,312.025,1,12,-82,-7,7,58,55,4,27770885,262,1,124,13499,
429.562,9680.19,51.4679,7.40567,152.228,34.399,311.936,1,11,-79,-5,12,61,57,8,27770885,262,1,124,13499,
430.566,9714.03,51.4681,7.4053,152.735,34.2489,311.88,1,11,-79,-5,12,61,57,8,27770885,262,1,124,13499,
431.56,9748.53,51.4683,7.40493,153.013,34.3843,311.687,1,11,-79,-5,12,61,57,8,27770885,262,1,124,13499,
432.563,9782.87,51.4685,7.40456,153.245,34.1862,311.894,1,9,-84,-6,12,56,52,8,27770885,262,1,124,13499,
433.552,9817.2,51.4687,7.40419,153.477,34.3323,312.432,1,9,-84,-6,12,56,52,8,27770885,262,1,124,13499,
434.562,9851.58,51.4689,7.40383,153.599,34.5504,312.873,1,-2,-81,-7,3,59,59,19,27771140,262,1,289,13499,
435.567,9885.89,51.4691,7.40347,153.549,34.5469,313.137,1,-2,-81,-7,3,59,59,19,27771140,262,1,289,13499,
436.558,9919.44,51.4693,7.40311,154.097,34.6701,313.647,1,13,-81,-5,14,59,56,19,27771140,262,1,289,13499,
437.564,9952.8,51.4695,7.40276,154.661,34.6705,314.102,1,13,-81,-5,14,59,56,19,27771140,262,1,289,13499,
438.576,9986.68,51.4698,7.40241,155.357,34.5671,314.642,1,8,-81,-6,11,59,58,19,27771140,262,1,289,13499,
439.552,10021.6,51.47,7.40205,155.889,34.6593,314.653,1,8,-81,-6,11,59,58,19,27771140,262,1,289,13499,
440.595,10056.5,51.4702,7.40169,156.332,34.7091,315.017,1,21,-79,-5,14,61,57,19,27771140,262,1,289,13499,
441.561,10091.4,51.4704,7.40133,156.733,34.1631,315.457,1,21,-79,-5,14,61,57,19,27771140,262,1,289,13499,
442.567,10125.8,51.4706,7.40099,156.54,33.9934,316.626,1,31,-79,-5,14,61,58,19,27771140,262,1,289,13499,
443.641,10160.3,51.4709,7.40065,156.548,34.0391,316.946,1,31,-79,-5,14,61,58,19,27771140,262,1,289,13499,
444.559,10193.8,51.4711,7.40032,156.73,34.0303,317.012,1,22,-80,-6,14,60,58,19,27771140,262,1,289,13499,
445.554,10228.3,51.4713,7.39998,156.869,33.8371,316.582,1,22,-80,-6,14,60,58,19,27771140,262,1,289,13499,
446.562,10262,51.4715,7.39965,157.018,33.8691,316.916,1,15,-82,-7,11,58,57,19,27771140,262,1,289,13499,
447.572,10296.7,51.4718,7.39932,157.332,34.4403,318.166,1,15,-82,-7,11,58,57,19,27771140,262,1,289,13499,
448.557,10331.5,51.472,7.39899,157.631,34.3969,318.624,1,18,-83,-6,15,57,55,19,27771140,262,1,289,13499,
449.58,10365.9,51.4722,7.39866,157.829,34.3942,318.691,1,18,-83,-6,15,57,55,19,27771140,262,1,289,13499,
450.562,10400.9,51.4725,7.39834,158.11,34.3328,319.27,1,18,-86,-6,15,54,51,19,27771140,262,1,289,13499,
451.605,10436.1,51.4727,7.39801,158.633,34.5293,319.76,1,18,-86,-6,15,54,51,19,27771140,262,1,289,13499,
452.592,10470.6,51.473,7.39769,159.193,34.4717,319.994,1,19,-86,-6,13,54,52,19,27771140,262,1,289,13499,
453.564,10504.4,51.4732,7.39737,159.592,34.3289,319.977,1,19,-86,-6,13,54,52,19,27771140,262,1,289,13499,
454.546,10538.3,51.4734,7.39706,159.852,34.516,320.372,1,13,-86,-5,6,54,50,55,33527554,262,1,434,13499,
455.555,10572,51.4737,7.39674,159.97,34.5698,320.56,1,13,-86,-5,6,54,50,55,33527554,262,1,434,13499,
456.567,10605.8,51.4739,7.39644,160.195,34.1974,321.903,1,16,-86,-7,15,54,52,55,33527554,262,1,434,13499,
457.553,10638.8,51.4741,7.39614,160.32,33.6293,322.239,1,16,-86,-7,15,54,52,55,33527554,262,1,434,13499,
458.54,10671.8,51.4744,7.39585,160.427,32.4727,322.651,1,16,-86,-7,15,54,52,55,33527554,262,1,434,13499,
459.553,10703.4,51.4746,7.39558,160.376,31.6634,323.704,1,9,-85,-7,6,55,53,8,27771140,262,1,289,13499,
460.573,10736.2,51.4748,7.39531,160.572,31.0351,325.391,1,9,-85,-7,6,55,53,8,27771140,262,1,289,13499,
461.548,10767.4,51.4751,7.39507,161.121,30.3854,327.921,1,13,-80,-5,15,60,57,8,27771140,262,1,289,13499,
462.567,10798,51.4753,7.39485,161.591,30.2605,329.693,1,13,-80,-5,15,60,57,8,27771140,262,1,289,13499,
463.589,10828.2,51.4755,7.39462,162.148,29.9059,329.52,1,20,-82,-6,14,58,55,8,27771140,262,1,289,13499,
464.56,10857.5,51.4758,7.39441,162.408,29.365,329.364,1,20,-82,-6,14,58,55,8,27771140,262,1,289,13499,
465.558,10885.9,51.476,7.3942,162.656,28.6168,330.075,1,25,-80,-6,10,60,57,8,27771140,262,1,289,13499,
466.568,10913.3,51.4762,7.39401,163.11,26.7277,331.518,1,25,-80,-6,10,60,57,8,27771140,262,1,289,13499,
467.568,10939.7,51.4764,7.39384,163.681,26.048,333.171,1,35,-75,-6,12,65,63,8,27771140,262,1,289,13499,
468.56,10963.8,51.4766,7.39368,164.219,24.5168,333.759,1,35,-75,-6,12,65,63,8,27771140,262,1,289,13499,
469.573,10987,51.4768,7.39354,164.586,22.9199,334.622,1,20,-77,-6,14,63,60,8,27771140,262,1,289,13499,
470.548,11009.6,51.477,7.39341,165.319,21.3834,335.076,1,20,-77,-6,14,63,60,8,27771140,262,1,289,13499,
471.56,11031.4,51.4772,7.39329,166.105,20.508,338.089,1,32,-85,-8,12,55,54,8,27771140,262,1,289,13499,
472.558,11052.2,51.4773,7.3932,166.764,19.8342,340.978,1,32,-85,-8,12,55,54,8,27771140,262,1,289,13499,
473.561,11071.9,51.4775,7.39312,167.319,19.403,344.666,1,17,-82,-8,12,58,57,8,27771140,262,1,289,13499,
474.553,11091.2,51.4777,7.39307,167.877,19.2144,350.322,1,17,-82,-8,12,58,57,8,27771140,262,1,289,13499,
475.581,11110.7,51.4779,7.39302,168.599,18.3092,351.727,1,15,-80,-6,2,60,57,8,27771139,262,1,288,13499,
476.546,11127.8,51.478,7.39301,169.237,18.782,355.345,1,15,-80,-6,2,60,57,8,27771139,262,1,288,13499,
477.567,11144.9,51.4782,7.39305,169.884,19.3285,9.38963,1,20,-81,-6,2,59,56,8,27771139,262,1,288,13499,
478.563,11163.7,51.4783,7.39311,170.363,19.7774,11.4705,1,20,-81,-6,2,59,56,8,27771139,262,1,288,13499,
479.581,11183.8,51.4785,7.39324,171.085,19.8385,25.4784,1,24,-82,-6,2,58,55,8,27771139,262,1,288,13499,
480.542,11204.6,51.4787,7.39338,171.716,20.323,28.1556,1,24,-82,-6,2,58,55,8,27771139,262,1,288,13499,
481.552,11223.6,51.4788,7.39354,172.069,19.0504,33.3898,1,24,-82,-6,2,58,55,8,27771139,262,1,288,13499,
482.561,11240.8,51.4789,7.39368,172.653,16.9535,32.5401,1,20,-81,-5,2,59,56,8,27771139,262,1,288,13499,
483.569,11258,51.4791,7.39381,173.214,15.354,29.4833,1,20,-81,-5,2,59,56,8,27771139,262,1,288,13499,
484.552,11272.3,51.4792,7.39386,173.99,14.612,8.9082,1,25,-82,-5,2,58,55,8,27771139,262,1,288,13499,
485.575,11287,51.4793,7.39388,174.873,13.9134,7.02551,1,25,-82,-5,2,58,55,8,27771139,262,1,288,13499,
486.549,11299.5,51.4794,7.39388,175.799,12.4977,5.03227,1,16,-83,-6,2,57,54,8,27771139,262,1,288,13499,
487.55,11317.5,51.4796,7.39377,176.8,15.2126,333.526,1,16,-83,-6,2,57,54,8,27771139,262,1,288,13499,
488.559,11335.5,51.4797,7.39365,177.698,15.4029,332.793,1,14,-89,-6,2,51,49,8,27771139,262,1,288,13499,
489.56,11335.5,51.48,7.39499,nan,14.0247,333.333,1,14,-89,-6,2,51,49,8,27771139,262,1,288,13499,
490.553,11335.5,51.48,7.39346,179.19,12.3367,334.761,1,13,-85,-5,2,55,49,8,28365058,262,1,223,13499,
491.57,11346.6,51.4801,7.39341,179.525,11.125,338.494,1,13,-85,-5,2,55,49,8,28365058,262,1,223,13499,
492.554,11357.2,51.4802,7.39339,179.775,10.6706,354.202,1,9,-85,-5,2,55,49,8,28365058,262,1,223,13499,
493.558,11367.2,51.4802,7.39346,180.137,9.89266,32.1281,1,9,-85,-5,2,55,49,8,28365058,262,1,223,13499,
494.567,11377.9,51.4803,7.39357,180.527,11.1572,44.7691,1,22,-86,-6,2,54,50,8,27771139,262,1,288,13499,
495.548,11391,51.4804,7.39372,181.029,12.5698,57.7281,1,22,-86,-6,2,54,50,8,27771139,262,1,288,13499,
496.568,11405.6,51.4804,7.3939,181.812,14.077,58.5547,1,22,-85,-6,2,55,52,8,27771139,262,1,288,13499,
497.564,11419.1,51.4805,7.39408,182.266,15.3895,57.8023,1,22,-85,-6,2,55,52,8,27771139,262,1,288,13499,
498.562,11433.4,51.4806,7.39426,182.656,16.6754,57.4572,1,15,-84,-6,2,56,54,8,27771139,262,1,288,13499,
499.566,11450.6,51.4806,7.39447,182.669,17.6236,58.0845,1,15,-84,-6,2,56,54,8,27771139,262,1,288,13499,
500.579,11468.7,51.4807,7.3947,182.537,18.1613,58.6996,1,19,-84,-6,2,56,54,8,27771139,262,1,288,13499,
501.56,11487,51.4808,7.39493,182.457,18.0612,59.5079,1,19,-84,-6,2,56,54,8,27771139,262,1,288,13499,
502.548,11505.7,51.4809,7.39516,182.187,17.9164,59.7275,1,18,-83,-6,2,57,55,8,27771139,262,1,288,13499,
503.562,11522.1,51.481,7.39537,182.275,17.8501,60.1257,1,18,-83,-6,2,57,55,8,27771139,262,1,288,13499,
504.555,11540.1,51.481,7.3956,182.344,17.7642,60.2715,1,12,-82,-5,2,58,55,8,27771139,262,1,288,13499,
505.563,11558.3,51.4811,7.39582,182.365,17.8644,60.1026,1,12,-82,-5,2,58,55,8,27771139,262,1,288,13499,
506.566,11575.9,51.4812,7.39604,182.277,17.6078,60.0031,1,12,-82,-5,2,58,55,8,27771139,262,1,288,13499,
507.555,11592.8,51.4813,7.39625,182.433,17.1309,60.1821,1,9,-83,-6,2,57,54,8,27771139,262,1,288,13499,
508.587,11609.3,51.4814,7.39646,182.592,16.7482,59.8152,1,9,-83,-6,2,57,54,8,27771139,262,1,288,13499,
509.552,11609.3,51.48,7.39499,nan,16.2136,58.9054,1,16,-85,-6,2,55,53,8,27771139,262,1,288,13499,
510.577,11609.3,51.4815,7.39685,182.871,15.832,58.09,1,16,-85,-6,2,55,53,8,27771139,262,1,288,13499,
511.552,11625.3,51.4816,7.39704,183.49,15.4914,57.6586,1,10,-85,-6,2,55,52,8,27771139,262,1,288,13499,
512.579,11641.4,51.4817,7.39724,183.721,15.055,57.0064,1,10,-85,-6,2,55,52,8,27771139,262,1,288,13499,
513.561,11656,51.4817,7.39741,183.547,14.5873,56.4171,1,17,-85,-6,2,55,51,8,27771139,262,1,288,13499,
514.682,11670.1,51.4818,7.39758,183.055,14.1814,55.7135,1,17,-85,-6,2,55,51,8,27771139,262,1,288,13499,
515.55,11684.1,51.4819,7.39775,182.61,13.7903,54.732,1,24,-83,-5,14,57,54,9,27771139,262,1,288,13499,
516.555,11697.6,51.4819,7.3979,182.204,13.4041,53.6317,1,24,-83,-5,14,57,54,9,27771139,262,1,288,13499,
517.562,11710.6,51.482,7.39805,181.961,12.3984,52.4017,1,23,-78,-4,15,62,57,9,27771139,262,1,288,13499,
518.563,11721.9,51.4821,7.39817,181.822,10.5236,50.8808,1,23,-78,-4,15,62,57,9,27771139,262,1,288,13499,
519.593,11731.5,51.4821,7.39828,181.937,8.72009,49.4298,1,32,-77,-4,15,63,57,9,27771139,262,1,288,13499,
520.546,11740,51.4822,7.39837,182.325,6.66846,48.247,1,32,-77,-4,15,63,57,9,27771139,262,1,288,13499,
521.573,11748,51.4822,7.39845,183.091,5.45765,46.8262,1,21,-77,-5,12,63,57,9,27771139,262,1,288,13499,
522.562,11752.5,51.4823,7.39849,183.155,4.05951,46.2121,1,21,-77,-5,12,63,57,9,27771139,262,1,288,13499,
523.575,11755.9,51.4823,7.39852,183.208,2.71169,45.0402,1,22,-80,-5,14,60,56,9,27771139,262,1,288,13499,
524.58,11756.1,51.4823,7.39853,183.251,1.70986,42.5832,1,22,-80,-5,14,60,56,9,27771139,262,1,288,13499,
525.546,11757.4,51.4823,7.39853,183.292,0.563243,42.5832,1,21,-81,-4,15,59,54,9,27771139,262,1,288,13499,
526.553,11757.8,51.4823,7.39853,183.332,0.345333,42.5832,1,21,-81,-4,15,59,54,9,27771139,262,1,288,13499,
527.551,11757.8,51.4823,7.39853,183.363,0,42.5832,1,19,-81,-4,12,59,55,9,27771139,262,1,288,13499,
528.583,11757.8,51.4823,7.39853,183.412,0,47.2504,1,19,-81,-4,12,59,55,9,27771139,262,1,288,13499,
529.562,11757.8,51.4823,7.39853,183.482,0,44.9341,1,21,-82,-5,1,58,53,9,27771139,262,1,288,13499,
530.562,11768.4,51.4824,7.39863,184.45,4.82123,44.1423,1,21,-82,-5,1,58,53,9,27771139,262,1,288,13499,
531.594,11775.3,51.4824,7.39869,185.582,5.18001,42.3786,1,18,-83,-4,11,57,51,9,27771139,262,1,288,13499,
532.582,11780.6,51.4825,7.39874,186.583,5.79709,40.8046,1,18,-83,-4,11,57,51,9,27771139,262,1,288,13499,
533.548,11787.7,51.4825,7.39879,187.54,7.29914,39.6187,1,18,-83,-4,11,57,51,9,27771139,262,1,288,13499,
534.565,11795.2,51.4826,7.39886,187.875,7.67118,38.7094,1,12,-88,-6,3,52,48,9,27771139,262,1,288,13499,
535.555,11802.2,51.4826,7.39892,187.916,7.58029,37.6401,1,12,-88,-6,3,52,48,9,27771139,262,1,288,13499,
536.554,11810,51.4827,7.39898,187.739,7.71265,36.3643,1,11,-90,-7,8,50,47,9,27771139,262,1,288,13499,
537.593,11818.1,51.4828,7.39904,187.439,7.98015,34.8413,1,11,-90,-7,8,50,47,9,27771139,262,1,288,13499,
538.581,11826,51.4828,7.39909,187.527,8.3922,34.114,1,12,-84,-6,11,56,51,9,27771139,262,1,288,13499,
539.574,11835.8,51.4829,7.39916,187.251,9.99627,33.1558,1,12,-84,-6,11,56,51,9,27771139,262,1,288,13499,
540.552,11845.9,51.483,7.39924,187.285,10.8087,33.9426,1,8,-89,-6,8,51,47,9,27771139,262,1,288,13499,
541.579,11856,51.483,7.39932,187.233,11.4761,33.6011,1,8,-89,-6,8,51,47,9,27771139,262,1,288,13499,
542.549,11867.6,51.4831,7.3994,187.175,12.0251,33.8831,1,8,-88,-5,12,52,47,9,27771139,262,1,288,13499,
543.556,11881.2,51.4832,7.39951,187.158,13.1188,33.6863,1,8,-88,-5,12,52,47,9,27771139,262,1,288,13499,
544.57,11895.5,51.4833,7.39962,187.33,13.576,33.9108,1,22,-90,-6,9,50,47,9,27771139,262,1,288,13499,
545.567,11910,51.4835,7.39973,187.609,13.6309,34.416,1,22,-90,-6,9,50,47,9,27771139,262,1,288,13499,
546.519,11924.3,51.4836,7.39984,187.924,13.7127,35.1456,1,10,-91,-6,2,49,46,9,27771139,262,1,288,13499,
547.545,11939.1,51.4837,7.39996,188.34,13.9948,35.8478,1,10,-91,-6,2,49,46,9,27771139,262,1,288,13499,
548.556,11953.6,51.4838,7.40008,188.598,14.2751,35.5116,1,4,-94,-8,2,46,46,9,27771139,262,1,288,13499,
549.588,11953.6,51.4822,7.40009,nan,14.2499,36.0787,1,4,-94,-8,2,46,46,9,27771139,262,1,288,13499,
550.567,11953.6,51.484,7.40031,188.576,14.7598,36.478,1,10,-92,-7,2,48,46,9,28365058,262,1,223,13499,
551.562,11967.6,51.4841,7.40044,188.004,15.0959,37.1799,1,10,-92,-7,2,48,46,9,28365058,262,1,223,13499,
552.571,11982.4,51.4842,7.40057,187.359,14.7432,38.0529,1,10,-92,-7,2,48,46,9,28365058,262,1,223,13499,
553.552,11997,51.4843,7.40071,186.582,14.5696,38.5232,1,10,-92,-7,2,48,46,9,28365058,262,1,223,13499,
554.59,12011.4,51.4844,7.40084,186.067,14.1948,39.0643,1,13,-93,-7,2,47,45,9,28365058,262,1,223,13499,
555.547,12023.9,51.4845,7.40097,185.093,14.0943,39.8172,1,13,-93,-7,2,47,45,9,28365058,262,1,223,13499,
556.549,12037.4,51.4846,7.4011,184.153,14.0113,40.5375,1,7,-94,-7,2,46,44,9,28365058,262,1,223,13499,
557.559,12050.7,51.4846,7.40123,183.402,13.4723,40.9971,1,7,-94,-7,2,46,44,9,28365058,262,1,223,13499,
558.588,12063.7,51.4847,7.40137,182.829,13.4748,42.0449,1,9,-95,-8,2,45,43,9,28365058,262,1,223,13499,
559.553,12077.4,51.4848,7.40151,182.412,13.2592,42.5048,1,9,-95,-8,2,45,43,9,28365058,262,1,223,13499,
560.566,12090.5,51.4849,7.40164,182.053,13.0607,41.7105,1,9,-95,-8,2,45,43,9,28365058,262,1,223,13499,
561.558,12103.9,51.485,7.40178,181.89,13.1428,41.9307,1,8,-98,-9,2,42,42,9,28365058,262,1,223,13499,
562.565,12117,51.4851,7.40191,181.618,13.2464,42.858,1,8,-98,-9,2,42,42,9,28365058,262,1,223,13499,
563.624,12131.1,51.4852,7.40205,181.51,13.0211,44.0734,1,15,-97,-7,2,43,41,9,28365058,262,1,223,13499,
564.562,12143.9,51.4852,7.40219,181.865,12.0424,45.5528,1,15,-97,-7,2,43,41,9,28365058,262,1,223,13499,
565.573,12153.8,51.4853,7.4023,181.773,11.0911,46.579,1,13,-93,-6,8,47,44,8,28365058,262,1,223,13499,
566.561,12164.2,51.4854,7.40242,181.491,10.4249,47.6064,1,13,-93,-6,8,47,44,8,28365058,262,1,223,13499,
567.567,12173.6,51.4854,7.40252,181.231,8.75878,48.5551,1,6,-96,-7,7,44,42,8,28365058,262,1,223,13499,
568.562,12183.8,51.4855,7.40264,181.028,7.90317,49.288,1,6,-96,-7,7,44,42,8,28365058,262,1,223,13499,
569.575,12183.8,51.4851,7.40359,nan,6.73918,50.0092,1,6,-96,-7,7,44,41,8,28365058,262,1,223,13499,
570.588,12183.8,51.4855,7.40278,180.883,6.40908,34.5821,1,6,-96,-7,7,44,41,8,28365058,262,1,223,13499,
571.587,12191.1,51.4856,7.40281,180.867,7.30034,10.202,1,3,-89,-6,6,51,44,16,29391105,262,1,351,13499,
572.563,12198.3,51.4857,7.4028,180.935,7.04138,354.326,1,3,-89,-6,6,51,44,16,29391105,262,1,351,13499,
573.562,12206.3,51.4857,7.40276,180.479,7.79712,337.178,1,0,-100,-9,6,40,40,8,28365058,262,1,223,13499,
574.568,12214.9,51.4858,7.40269,180.138,8.02481,321.813,1,0,-100,-9,6,40,40,8,28365058,262,1,223,13499,
575.55,12222.7,51.4859,7.40263,180.04,7.87184,320.674,1,8,-97,-8,10,43,42,8,28365058,262,1,223,13499,
576.547,12231.6,51.4859,7.40254,179.905,7.74879,321.353,1,8,-97,-8,10,43,42,8,28365058,262,1,223,13499,
577.573,12240,51.486,7.40247,179.927,7.61442,322.7,1,6,-97,-7,8,43,42,8,28365058,262,1,223,13499,
578.551,12248.1,51.486,7.4024,180.454,6.85179,321.822,1,6,-97,-7,8,43,42,8,28365058,262,1,223,13499,
579.553,12255.4,51.4861,7.40233,180.612,7.99478,323.631,1,4,-98,-9,8,42,43,8,28365058,262,1,223,13499,
580.551,12263.1,51.4861,7.40226,180.706,8.01717,325.879,1,4,-98,-9,8,42,43,8,28365058,262,1,223,13499,
581.563,12270.9,51.4862,7.4022,180.498,7.29564,327.421,1,4,-98,-9,8,42,43,8,28365058,262,1,223,13499,
582.561,12279.3,51.4863,7.40215,180.625,7.68622,328.996,1,2,-95,-8,6,45,45,5,26385409,262,1,93,13499,
583.544,12288.1,51.4863,7.40209,180.672,7.88996,330.046,1,2,-95,-8,6,45,45,5,26385409,262,1,93,13499,
584.557,12297,51.4864,7.40203,180.674,8.33534,330.983,1,8,-93,-7,11,47,46,5,26385409,262,1,93,13499,
585.584,12306.7,51.4865,7.40197,181.165,9.46377,333.174,1,8,-93,-7,11,47,46,5,26385409,262,1,93,13499,
586.579,12316.4,51.4866,7.40192,181.48,9.04659,334.847,1,10,-92,-6,11,48,45,5,26385409,262,1,93,13499,
587.588,12325.2,51.4866,7.40187,181.46,9.32539,337.734,1,10,-92,-6,11,48,45,5,26385409,262,1,93,13499,
588.546,12333.9,51.4867,7.40184,181.453,9.39258,340.383,1,7,-97,-8,10,43,42,5,26385409,262,1,93,13499,
589.554,12343,51.4868,7.4018,181.504,9.15411,341.992,1,7,-97,-8,10,43,42,5,26385409,262,1,93,13499,
590.567,12351.8,51.4869,7.40178,181.308,9.32348,343.44,1,24,-95,-7,10,45,42,5,26385409,262,1,93,13499,
591.546,12360.9,51.487,7.40176,181.142,9.22691,345.029,1,24,-95,-7,10,45,42,5,26385409,262,1,93,13499,
592.538,12370.3,51.487,7.40174,180.835,9.21077,346.731,1,14,-89,-6,9,51,48,5,26385409,262,1,93,13499,
593.561,12381.1,51.4871,7.40172,180.561,10.6442,348.862,1,14,-89,-6,9,51,48,5,26385409,262,1,93,13499,
594.567,12392.2,51.4872,7.4017,179.884,10.5041,350.167,1,26,-86,-6,11,54,51,5,26385409,262,1,93,13499,
595.576,12404.2,51.4873,7.40169,179.655,10.9971,352.185,1,26,-86,-6,11,54,51,5,26385409,262,1,93,13499,
596.602,12416.2,51.4875,7.40167,179.465,11.1031,354.463,1,16,-82,-4,12,58,53,5,26385409,262,1,93,13499,
597.549,12428,51.4876,7.40167,179.166,11.713,356.852,1,16,-82,-4,12,58,53,5,26385409,262,1,93,13499,
598.547,12439.3,51.4877,7.40168,178.698,11.2587,358.025,1,18,-85,-6,11,55,51,5,26385409,262,1,93,13499,
599.543,12450.3,51.4878,7.40169,178.426,11.5813,359.21,1,18,-85,-6,11,55,51,5,26385409,262,1,93,13499,
600.545,12460.8,51.4879,7.40169,178.053,11.3459,359.845,1,30,-87,-6,10,53,50,5,26385409,262,1,93,13499,
601.551,12472,51.488,7.4017,177.516,11.2877,0.45357,1,30,-87,-6,10,53,50,5,26385409,262,1,93,13499,
602.561,12483.1,51.4881,7.40171,176.989,11.4072,359.723,1,22,-84,-6,10,56,53,5,26385409,262,1,93,13499,
603.57,12493.7,51.4882,7.40171,176.692,11.6715,359.34,1,22,-84,-6,10,56,53,5,26385409,262,1,93,13499,
604.562,12506.1,51.4883,7.40172,176.192,12.2786,359.195,1,14,-79,-5,12,61,57,5,26385409,262,1,93,13499,
605.573,12519.8,51.4884,7.40172,175.503,12.7965,359.597,1,14,-79,-5,12,61,57,5,26385409,262,1,93,13499,
606.555,12532.4,51.4885,7.40173,174.767,13.2648,359.229,1,22,-83,-7,11,57,54,5,26385409,262,1,93,13499,
607.568,12546.8,51.4886,7.40173,174.335,14.3515,358.581,1,22,-83,-7,11,57,54,5,26385409,262,1,93,13499,
608.586,12560.8,51.4888,7.40173,173.831,13.7025,359.523,1,22,-84,-9,7,56,56,5,26385409,262,1,93,13499,
609.56,12573.9,51.4889,7.40173,173.543,12.7621,359.133,1,22,-84,-9,7,56,56,5,26385409,262,1,93,13499,
610.56,12579.9,51.4888,7.40177,179.2,12.821,0.126748,1,22,-84,-9,7,56,56,5,26385409,262,1,93,13499,
611.552,12610.9,51.4891,7.40174,172.626,12.3516,0.46093,1,2,-80,-9,6,60,59,2,26385410,262,1,94,13499,
612.553,12621.8,51.4892,7.40174,172.245,10.337,0.302959,1,2,-80,-9,6,60,59,2,26385410,262,1,94,13499,
613.555,12630.9,51.4893,7.40174,171.939,7.65805,0.930838,1,25,-65,-8,15,75,63,2,26385410,262,1,94,13499,
614.572,12637.4,51.4893,7.40177,171.623,6.78349,17.5669,1,25,-65,-8,15,75,63,2,26385410,262,1,94,13499,
615.543,12643.6,51.4894,7.40185,171.569,5.82023,67.4816,1,25,-72,-8,14,68,63,2,26385410,262,1,94,13499,
616.576,12652.3,51.4894,7.40197,171.455,8.25616,84.6362,1,25,-72,-8,14,68,63,2,26385410,262,1,94,13499,
617.56,12661.4,51.4894,7.4021,170.966,9.71902,85.4578,1,27,-69,-9,15,71,63,2,26385410,262,1,94,13499,
618.554,12672,51.4894,7.40226,170.516,11.1445,87.6861,1,27,-69,-9,15,71,63,2,26385410,262,1,94,13499,
619.564,12683.9,51.4894,7.40243,170.318,12.2063,88.8828,1,11,-72,-8,15,68,63,2,26385410,262,1,94,13499,
620.56,12696.9,51.4894,7.40262,170.265,13.2373,89.4685,1,11,-72,-8,15,68,63,2,26385410,262,1,94,13499,
621.573,12710.6,51.4894,7.40281,170.494,14.1534,90.3302,1,22,-78,-10,14,62,63,2,26385410,262,1,94,13499,
622.57,12725.4,51.4894,7.40303,170.989,14.9615,90.743,1,22,-78,-10,14,62,63,2,26385410,262,1,94,13499,
623.542,12740.1,51.4894,7.40324,171.497,15.2755,91.1392,1,22,-75,-8,14,65,63,2,26385410,262,1,94,13499,
624.573,12755.3,51.4894,7.40346,172.036,15.4393,91.1566,1,22,-75,-8,14,65,63,2,26385410,262,1,94,13499,
625.583,12770.5,51.4894,7.40368,172.114,15.51,90.9012,1,15,-74,-8,14,66,63,2,26385410,262,1,94,13499,
626.548,12785.9,51.4894,7.4039,171.992,15.4635,91.7311,1,15,-74,-8,14,66,63,2,26385410,262,1,94,13499,
627.556,12801.3,51.4894,7.40412,171.939,15.1055,91.4095,1,11,-72,-6,2,68,63,2,26385410,262,1,94,13499,
628.552,12816.1,51.4894,7.40434,171.972,14.5928,91.4994,1,11,-72,-6,2,68,63,2,26385410,262,1,94,13499,
629.538,12830.5,51.4894,7.40455,172.376,14.0618,91.2472,1,5,-79,-10,2,61,63,2,26385410,262,1,94,13499,
630.554,12838.8,51.4893,7.40454,178.8,14.1342,90.6228,1,5,-79,-10,2,61,63,2,26385410,262,1,94,13499,
631.551,12868.7,51.4894,7.40495,172.942,14.3981,89.7141,1,3,-73,-6,6,67,63,1,26385408,262,1,95,13499,
632.546,12883.2,51.4894,7.40516,173.192,14.453,89.1324,1,3,-73,-6,6,67,63,1,26385408,262,1,95,13499,
633.568,12897.5,51.4894,7.40537,173.558,14.3911,88.1044,1,14,-74,-6,14,66,63,1,26385408,262,1,95,13499,
634.561,12912.2,51.4894,7.40558,173.859,14.6681,86.2625,1,14,-74,-6,14,66,63,1,26385408,262,1,95,13499,
635.553,12926.6,51.4894,7.40579,173.855,14.8017,84.1165,1,9,-75,-6,10,65,61,1,26385408,262,1,95,13499,
636.54,12941.1,51.4895,7.406,173.61,14.7199,81.8164,1,9,-75,-6,10,65,61,1,26385408,262,1,95,13499,
637.548,12955.6,51.4895,7.4062,173.414,14.5703,79.8445,1,9,-75,-6,10,65,61,1,26385408,262,1,95,13499,
638.559,12970.3,51.4895,7.4064,173.284,14.9705,77.169,1,20,-75,-6,12,65,62,1,26385408,262,1,95,13499,
639.568,12984.8,51.4896,7.4066,173.07,14.8502,77.3615,1,20,-75,-6,12,65,62,1,26385408,262,1,95,13499,
640.579,13000,51.4896,7.40681,173.02,15.2995,77.6976,1,21,-74,-6,12,66,62,1,26385408,262,1,95,13499,
641.562,13015.3,51.4896,7.40703,173.121,15.4261,77.3454,1,21,-74,-6,12,66,62,1,26385408,262,1,95,13499,
642.547,13031.1,51.4897,7.40725,173.577,15.3731,77.0132,1,10,-73,-5,12,67,63,1,26385408,262,1,95,13499,
643.564,13047.2,51.4897,7.40747,174.045,15.367,77.0617,1,10,-73,-5,12,67,63,1,26385408,262,1,95,13499,
644.586,13061.8,51.4897,7.40768,174.15,15.4005,77.9391,1,13,-75,-6,10,65,60,1,26385408,262,1,95,13499,
645.659,13077.1,51.4898,7.40789,174.189,15.2774,78.3059,1,13,-75,-6,10,65,60,1,26385408,262,1,95,13499,
646.554,13092.7,51.4898,7.40811,174.493,15.3433,78.0853,1,13,-77,-6,14,63,60,4,26385408,262,1,95,13499,
647.551,13107.7,51.4898,7.40832,174.481,15.5551,77.2846,1,13,-77,-6,14,63,60,4,26385408,262,1,95,13499,
648.563,13123,51.4899,7.40854,174.17,15.5613,76.7403,1,11,-76,-6,12,64,60,4,26385408,262,1,95,13499,
649.564,13138.5,51.4899,7.40876,173.73,15.5894,76.9997,1,11,-76,-6,12,64,60,4,26385408,262,1,95,13499,
650.579,13153.9,51.4899,7.40897,173.045,15.6027,76.9352,1,16,-76,-6,13,64,61,4,26385408,262,1,95,13499,
651.544,13169.3,51.49,7.40919,172.334,15.6083,76.9169,1,16,-76,-6,13,64,61,4,26385408,262,1,95,13499,
652.576,13184.6,51.49,7.40941,171.448,15.6442,77.5897,1,13,-75,-5,12,65,61,4,26385408,262,1,95,13499,
653.553,13218.3,51.4897,7.40911,169.8,15.6007,77.6881,1,13,-75,-5,12,65,61,4,26385408,262,1,95,13499,
654.575,13279.2,51.49,7.40985,169.718,15.5265,78.0414,1,13,-81,-5,10,59,56,4,26385408,262,1,95,13499,
655.558,13294.6,51.4901,7.41007,169.261,15.4376,78.8731,1,13,-81,-5,10,59,56,4,26385408,262,1,95,13499,
656.559,13309.6,51.4901,7.41028,168.503,15.4506,78.1472,1,10,-77,-5,13,63,59,4,26385408,262,1,95,13499,
657.578,13325.2,51.4901,7.4105,167.473,15.311,77.3686,1,10,-77,-5,13,63,59,4,26385408,262,1,95,13499,
658.558,13340,51.4901,7.41071,166.399,14.5255,75.9139,1,8,-86,-6,9,54,50,4,26385408,262,1,95,13499,
659.555,13353.9,51.4902,7.41091,164.958,14.549,75.397,1,8,-86,-6,9,54,50,4,26385408,262,1,95,13499,
