0.125,0,51.4902,7.41151,174.344,11.6135,78.7787,1,14,-86,-6,11,54,52,4,26385408,262,1,95,13499,
1.31,10.1686,51.4902,7.41165,173.387,10.84,76.1707,1,14,-86,-6,11,54,52,4,26385408,262,1,95,13499,
2.265,18.6386,51.4902,7.41177,172.723,10.1405,76.1638,1,11,-91,-6,11,49,46,4,26385408,262,1,95,13499,
3.196,29.0438,51.4903,7.41192,171.981,11.1542,76.7985,1,11,-91,-6,11,49,46,4,26385408,262,1,95,13499,
4.155,29.0438,51.4903,7.41192,171.981,11.1542,76.7985,1,10,-90,-6,9,50,49,4,26385408,262,1,95,13499,
5.158,40.4803,51.4903,7.41208,170.942,12.1289,75.455,1,10,-90,-6,9,50,49,4,26385408,262,1,95,13499,
6.137,52.6595,51.4903,7.41225,170.085,13.0537,75.9328,1,12,-87,-5,10,53,50,4,26385408,262,1,95,13499,
7.141,65.2403,51.4903,7.41243,169.688,13.1845,76.3368,1,12,-87,-5,10,53,50,4,26385408,262,1,95,13499,
8.143,78.1822,51.4904,7.41261,169.155,13.1781,76.489,1,19,-86,-6,12,54,52,4,26385408,262,1,95,13499,
9.142,92.2866,51.4904,7.41281,168.842,13.111,76.8944,1,19,-86,-6,12,54,52,4,26385408,262,1,95,13499,
10.144,105.13,51.4904,7.41299,168.982,13.0616,76.3983,1,19,-89,-6,11,51,49,4,26385408,262,1,95,13499,
11.138,118.586,51.4905,7.41318,169.059,13.1155,76.9633,1,19,-89,-6,11,51,49,4,26385408,262,1,95,13499,
12.155,132.245,51.4905,7.41337,168.491,13.0716,77.8286,1,19,-89,-6,11,51,49,4,26385408,262,1,95,13499,
13.15,144.705,51.4905,7.41355,168.187,12.9156,78.0258,1,16,-86,-5,12,54,51,4,26385408,262,1,95,13499,
14.141,157.989,51.4905,7.41374,167.747,12.8049,77.5449,1,16,-86,-5,12,54,51,4,26385408,262,1,95,13499,
15.147,170.766,51.4905,7.41392,167.455,13.1201,76.9735,1,11,-91,-8,10,49,49,4,26385408,262,1,95,13499,
16.14,184.022,51.4906,7.4141,167.365,13.4609,77.0264,1,11,-91,-8,10,49,49,4,26385408,262,1,95,13499,
17.161,197.814,51.4906,7.4143,167.111,13.502,77.8694,1,23,-81,-6,15,59,58,4,26385408,262,1,95,13499,
18.141,210.966,51.4906,7.41448,166.827,13.0433,78.5606,1,23,-81,-6,15,59,58,4,26385408,262,1,95,13499,
19.145,223.639,51.4906,7.41466,166.445,12.4714,78.3657,1,17,-84,-6,12,56,55,4,26385408,262,1,95,13499,
20.141,236.157,51.4907,7.41484,165.961,12.3465,79.4714,1,17,-84,-6,12,56,55,4,26385408,262,1,95,13499,
21.135,248.919,51.4907,7.41502,165.031,12.0376,80.2469,1,13,-83,-6,11,57,55,4,26385408,262,1,95,13499,
22.157,261.25,51.4907,7.4152,164.127,12.2112,80.8937,1,13,-83,-6,11,57,55,4,26385408,262,1,95,13499,
23.144,273.929,51.4907,7.41538,163.239,12.5905,82.1442,1,9,-81,-6,6,59,56,4,29391105,262,1,351,13499,
24.135,287.241,51.4907,7.41557,162.19,12.7366,84.9576,1,9,-81,-6,6,59,56,4,29391105,262,1,351,13499,
25.152,300.295,51.4907,7.41576,161.11,13.0344,87.1316,1,19,-83,-6,15,57,54,4,29391105,262,1,351,13499,
26.143,312.823,51.4907,7.41594,160.406,12.9076,89.5404,1,19,-83,-6,15,57,54,4,29391105,262,1,351,13499,
27.143,326.03,51.4907,7.41613,160.114,13.0121,92.7753,1,20,-82,-6,15,58,54,4,29391105,262,1,351,13499,
28.135,340.279,51.4907,7.41634,159.4,11.63,95.1771,1,20,-82,-6,15,58,54,4,29391105,262,1,351,13499,
29.14,349.757,51.4907,7.41647,158.857,10.1254,97.1649,1,27,-80,-5,13,60,56,4,29391105,262,1,351,13499,
30.174,359.076,51.4907,7.41661,158.292,8.72153,98.9443,1,27,-80,-5,13,60,56,4,29391105,262,1,351,13499,
31.162,366.976,51.4906,7.41672,157.676,7.74894,100.645,1,24,-81,-5,13,59,55,4,29391105,262,1,351,13499,
32.148,373.257,51.4906,7.41681,156.815,6.1306,99.8129,1,24,-81,-5,13,59,55,4,29391105,262,1,351,13499,
33.144,379.702,51.4906,7.4169,155.86,4.48746,101.225,1,17,-76,-5,15,64,60,4,29391105,262,1,351,13499,
34.164,381.399,51.4906,7.41692,155.807,1.40248,98.1037,1,17,-76,-5,15,64,60,4,29391105,262,1,351,13499,
35.137,381.399,51.4906,7.41692,155.796,0,98.1037,1,17,-76,-5,15,64,60,4,29391105,262,1,351,13499,
36.153,381.399,51.4906,7.41692,155.787,0,98.1037,1,40,-74,-5,15,66,61,4,29391105,262,1,351,13499,
37.137,381.399,51.4906,7.41692,155.771,0,98.1037,1,40,-74,-5,15,66,61,4,29391105,262,1,351,13499,
38.143,381.399,51.4906,7.41692,155.75,0,98.1037,1,31,-73,-6,15,67,63,4,29391105,262,1,351,13499,
39.137,381.399,51.4906,7.41692,155.729,0,98.1037,1,31,-73,-6,15,67,63,4,29391105,262,1,351,13499,
40.143,381.399,51.4906,7.41692,155.708,0,98.1037,1,36,-73,-5,15,67,62,4,29391105,262,1,351,13499,
41.109,381.399,51.4906,7.41692,155.689,0,98.1037,1,36,-73,-5,15,67,62,4,29391105,262,1,351,13499,
42.148,381.399,51.4906,7.41692,155.669,0,98.1037,1,37,-73,-5,15,67,62,4,29391105,262,1,351,13499,
43.145,381.399,51.4906,7.41692,155.648,0,98.1037,1,37,-73,-5,15,67,62,4,29391105,262,1,351,13499,
44.139,381.399,51.4906,7.41692,155.628,0,98.1037,1,33,-73,-5,15,67,62,4,29391105,262,1,351,13499,
45.139,381.399,51.4906,7.41692,155.607,0,98.1037,1,33,-73,-5,15,67,62,4,29391105,262,1,351,13499,
46.152,381.399,51.4906,7.41692,155.588,0,98.1037,1,30,-73,-5,15,67,63,4,29391105,262,1,351,13499,
47.146,381.399,51.4906,7.41692,155.488,0,98.1037,1,30,-73,-5,15,67,63,4,29391105,262,1,351,13499,
48.125,381.399,51.4906,7.41692,155.49,0,98.5164,1,30,-79,-4,2,61,55,4,29391105,262,1,351,13499,
49.142,393.156,51.4906,7.41709,155.549,0,80.4018,1,30,-79,-4,2,61,55,4,29391105,262,1,351,13499,
50.14,400.15,51.4906,7.41718,155.347,6.48816,54.2367,1,22,-76,-4,2,64,61,4,29391105,262,1,351,13499,
51.138,404.801,51.4907,7.41721,155.302,6.5737,29.1248,1,22,-76,-4,2,64,61,4,29391105,262,1,351,13499,
52.138,410.62,51.4907,7.41721,155.159,7.37033,358.156,1,16,-84,-5,2,56,53,4,29391105,262,1,351,13499,
53.141,416.294,51.4908,7.41719,154.451,7.74693,342.646,1,16,-84,-5,2,56,53,4,29391105,262,1,351,13499,
54.141,421.685,51.4908,7.41717,153.906,5.99427,346.594,1,16,-84,-5,2,56,53,4,29391105,262,1,351,13499,
55.151,427.668,51.4909,7.4172,154.237,5.72652,29.0836,1,16,-89,-6,2,51,47,4,29391105,262,1,351,13499,
56.152,434.012,51.4909,7.41726,154.936,6.13563,51.472,1,16,-89,-6,2,51,47,4,29391105,262,1,351,13499,
57.161,440.109,51.4909,7.41735,155.442,6.80723,86.4596,1,15,-90,-7,2,50,47,4,29391105,262,1,351,13499,
58.142,448.632,51.4909,7.41747,155.706,8.24161,88.2855,1,15,-90,-7,2,50,47,4,29391105,262,1,351,13499,
59.141,457.532,51.4909,7.4176,155.467,9.29086,90.8843,1,10,-92,-7,2,48,45,4,29391105,262,1,351,13499,
60.151,467.139,51.4909,7.41774,155.179,9.64055,92.0409,1,10,-92,-7,2,48,45,4,29391105,262,1,351,13499,
61.158,475.94,51.4909,7.41787,154.685,9.65091,92.8879,1,17,-94,-7,2,46,44,4,29391105,262,1,351,13499,
62.139,485.839,51.4909,7.41801,154.05,9.76014,93.7488,1,17,-94,-7,2,46,44,4,29391105,262,1,351,13499,
63.153,495.717,51.4909,7.41815,153.448,9.80275,95.4748,1,22,-95,-7,2,45,44,4,29391105,262,1,351,13499,
64.149,505.216,51.4909,7.41829,152.673,9.81914,98.1605,1,22,-95,-7,2,45,44,4,29391105,262,1,351,13499,
65.152,515.077,51.4909,7.41842,151.603,9.79331,102.024,1,17,-92,-6,2,48,46,4,29391105,262,1,351,13499,
66.163,525.941,51.4908,7.41857,150.291,9.53726,117.307,1,17,-92,-6,2,48,46,4,29391105,262,1,351,13499,
67.153,535.48,51.4908,7.41868,149.7,9.76368,120.269,1,13,-93,-7,2,47,44,4,29391105,262,1,351,13499,
68.134,545.358,51.4907,7.41879,149.569,9.75181,134.024,1,13,-93,-7,2,47,44,4,29391105,262,1,351,13499,
69.154,555.252,51.4907,7.41888,149.785,9.6158,135.335,1,9,-96,-7,2,44,41,4,29391105,262,1,351,13499,
70.141,564.667,51.4906,7.41897,149.946,9.37315,136.745,1,9,-96,-7,2,44,41,4,29391105,262,1,351,13499,
71.14,573.776,51.4905,7.41906,150.098,9.46626,138.428,1,7,-101,-8,2,39,38,4,28365056,262,1,222,13499,
72.139,583.455,51.4905,7.41915,150.736,9.51339,137.901,1,7,-101,-8,2,39,38,4,28365056,262,1,222,13499,
73.154,593.467,51.4904,7.41924,150.66,9.33535,137.549,1,2,-100,-7,2,40,39,4,28365056,262,1,222,13499,
74.23,602.73,51.4903,7.41933,150.434,9.53308,138.392,1,2,-100,-7,2,40,39,4,28365056,262,1,222,13499,
75.143,612.377,51.4903,7.41942,150.432,9.65313,139.266,1,7,-99,-8,9,41,41,14,28365056,262,1,222,13499,
76.171,622.1,51.4902,7.41952,150.365,10.0522,138.645,1,7,-99,-8,9,41,41,14,28365056,262,1,222,13499,
77.139,631.132,51.4901,7.4196,150.155,9.93397,138.471,1,1,-100,-9,6,40,40,14,28365056,262,1,222,13499,
78.148,640.158,51.4901,7.41968,149.732,9.62837,138.993,1,1,-100,-9,6,40,40,14,28365056,262,1,222,13499,
79.151,649.33,51.49,7.41977,149.345,9.336,139.057,1,3,-99,-9,7,41,41,14,28365056,262,1,222,13499,
80.139,658.643,51.49,7.41985,149.212,9.23439,139.857,1,3,-99,-9,7,41,41,14,28365056,262,1,222,13499,
81.143,668.748,51.4899,7.41994,149.567,8.63634,141.488,1,3,-99,-9,7,41,41,14,28365056,262,1,222,13499,
82.142,678.075,51.4898,7.42003,149.637,7.89522,143.792,1,6,-97,-8,7,43,42,14,28365056,262,1,222,13499,
83.152,686.906,51.4898,7.4201,149.939,8.79051,144.507,1,6,-97,-8,7,43,42,14,28365056,262,1,222,13499,
84.15,696.033,51.4897,7.42017,150.623,8.96073,144.974,1,4,-98,-7,9,42,41,14,28365056,262,1,222,13499,
85.149,705.547,51.4896,7.42025,151.51,8.99759,145.565,1,4,-98,-7,9,42,41,14,28365056,262,1,222,13499,
86.16,715.052,51.4895,7.42032,152.29,8.83964,145.421,1,10,-100,-7,11,40,39,14,28365056,262,1,222,13499,
87.15,723.795,51.4895,7.4204,152.125,8.63786,144.353,1,10,-100,-7,11,40,39,14,28365056,262,1,222,13499,
88.141,732.849,51.4894,7.42048,151.922,7.94123,140.651,1,9,-102,-7,8,38,37,14,28365056,262,1,222,13499,
89.149,740.754,51.4894,7.42058,151.279,8.02591,117.827,1,9,-102,-7,8,38,37,14,28365056,262,1,222,13499,
90.149,749.471,51.4894,7.4207,150.386,8.09864,114.351,1,6,-102,-7,7,38,35,14,28365056,262,1,222,13499,
91.162,757.971,51.4893,7.42081,149.78,6.88734,110.686,1,6,-102,-7,7,38,35,14,28365056,262,1,222,13499,
92.141,763.148,51.4893,7.42089,149.291,4.84936,108.269,1,4,-104,-10,6,36,37,14,28365056,262,1,222,13499,
93.147,766.713,51.4893,7.42094,149.275,3.3848,111.051,1,4,-104,-10,6,36,37,14,28365056,262,1,222,13499,
94.148,770.624,51.4893,7.42097,148.883,4.27437,154.781,1,5,-104,-9,6,36,37,14,28365056,262,1,222,13499,
95.143,773.105,51.4893,7.42098,149.349,4.60811,191.943,1,5,-104,-9,6,36,37,14,28365056,262,1,222,13499,
96.16,779.145,51.4892,7.42098,149.414,6.15268,194.167,1,3,-102,-8,7,38,37,14,28365056,262,1,222,13499,
97.136,787.067,51.4891,7.42095,149.648,8.00893,194.697,1,3,-102,-8,7,38,37,14,28365056,262,1,222,13499,
98.15,794.748,51.4891,7.42092,149.628,9.69212,195.242,1,0,-98,-9,7,42,42,14,28365056,262,1,222,13499,
99.155,804.223,51.489,7.42088,149.682,9.58724,195.825,1,0,-98,-9,7,42,42,14,28365056,262,1,222,13499,
100.145,813.336,51.4889,7.42086,150.218,9.7486,195.295,1,-1,-92,-9,6,48,49,14,28365056,262,1,222,13499,
101.158,821.192,51.4888,7.42083,150.607,7.89313,194.933,1,-1,-92,-9,6,48,49,14,28365056,262,1,222,13499,
102.141,830.035,51.4888,7.4208,150.517,8.74759,196.279,1,9,-88,-5,15,52,48,9,29391105,262,1,351,13499,
103.14,838.369,51.4887,7.42077,150.701,5.42903,196.983,1,9,-88,-5,15,52,48,9,29391105,262,1,351,13499,
104.138,845.82,51.4886,7.42075,150.705,4.14098,184.051,1,9,-88,-5,15,52,48,9,29391105,262,1,351,13499,
105.14,851.572,51.4886,7.42075,150.899,6.43118,183.154,1,15,-87,-5,15,53,49,9,29391105,262,1,351,13499,
106.134,857.855,51.4885,7.42082,150.785,6.04377,129.603,1,15,-87,-5,15,53,49,9,29391105,262,1,351,13499,
107.142,865.723,51.4885,7.42093,150.38,7.675,98.0612,1,6,-91,-6,9,49,46,9,29391105,262,1,351,13499,
108.136,873.875,51.4885,7.42105,150.06,7.51762,97.6354,1,6,-91,-6,9,49,46,9,29391105,262,1,351,13499,
109.142,881.369,51.4885,7.42116,150.102,7.15967,98.4278,1,9,-93,-7,10,47,45,9,29391105,262,1,351,13499,
110.144,888.677,51.4885,7.42127,150.268,6.84276,101.502,1,9,-93,-7,10,47,45,9,29391105,262,1,351,13499,
111.143,894.826,51.4885,7.42134,150.422,7.25568,124.306,1,8,-95,-8,8,45,44,9,29391105,262,1,351,13499,
112.203,900.654,51.4885,7.42141,150.438,7.09537,125.657,1,8,-95,-8,8,45,44,9,29391105,262,1,351,13499,
113.146,909.028,51.4884,7.42151,150.842,7.94518,126.72,1,12,-95,-7,9,45,44,9,29391105,262,1,351,13499,
114.144,918.33,51.4884,7.42161,151.918,8.4018,128.104,1,12,-95,-7,9,45,44,9,29391105,262,1,351,13499,
115.148,927.205,51.4883,7.42171,152.705,8.72857,127.46,1,27,-96,-7,12,44,41,9,29391105,262,1,351,13499,
116.15,935.504,51.4883,7.42181,152.845,8.46181,130.293,1,27,-96,-7,12,44,41,9,29391105,262,1,351,13499,
117.154,943.314,51.4882,7.42189,153.051,8.88498,129.66,1,24,-95,-9,12,45,43,9,29391105,262,1,351,13499,
118.153,951.955,51.4882,7.42199,153.442,8.54865,127.343,1,24,-95,-9,12,45,43,9,29391105,262,1,351,13499,
119.154,962.219,51.4881,7.42212,152.814,8.24875,124.384,1,14,-96,-7,14,44,43,9,29391105,262,1,351,13499,
120.153,971.946,51.4881,7.42225,152.075,9.24714,106.829,1,14,-96,-7,14,44,43,9,29391105,262,1,351,13499,
121.142,981.757,51.4881,7.42239,151.199,9.7267,105.565,1,23,-99,-6,9,41,39,9,29391105,262,1,351,13499,
122.137,991.361,51.4881,7.42252,151.02,9.82492,104.804,1,23,-99,-6,9,41,39,9,29391105,262,1,351,13499,
123.134,1001.6,51.488,7.42267,150.751,9.88918,104.794,1,9,-104,-9,11,36,36,9,29391105,262,1,351,13499,
124.148,1011.28,51.488,7.4228,149.879,10.0959,106.83,1,9,-104,-9,11,36,36,9,29391105,262,1,351,13499,
125.155,1020.84,51.488,7.42293,149.575,9.69064,106.272,1,7,-95,-6,6,45,43,13,28365056,262,1,222,13499,
126.142,1030.32,51.488,7.42307,148.943,9.85785,106.366,1,7,-95,-6,6,45,43,13,28365056,262,1,222,13499,
127.16,1039.72,51.488,7.4232,148.162,9.64939,106,1,7,-95,-6,6,45,43,13,28365056,262,1,222,13499,
128.153,1048.53,51.4879,7.42332,147.969,9.40061,107.254,1,10,-95,-7,11,45,44,13,28365056,262,1,222,13499,
129.155,1058.78,51.4879,7.42346,147.774,9.32077,109.596,1,10,-95,-7,11,45,44,13,28365056,262,1,222,13499,
130.115,1067.86,51.4879,7.42358,147.072,7.99708,122.712,1,6,-94,-8,11,46,45,13,28365056,262,1,222,13499,
131.168,1076.69,51.4878,7.42368,147.085,9.22742,124.107,1,6,-94,-8,11,46,45,13,28365056,262,1,222,13499,
132.149,1085.24,51.4878,7.42378,146.412,9.15992,126.429,1,8,-93,-8,11,47,46,13,28365056,262,1,222,13499,
133.161,1093.95,51.4877,7.42388,145.553,9.28832,130.465,1,8,-93,-8,11,47,46,13,28365056,262,1,222,13499,
134.149,1103.61,51.4877,7.42398,144.947,9.99689,134.088,1,11,-92,-7,10,48,47,13,28365056,262,1,222,13499,
135.135,1114.01,51.4876,7.42408,144.968,9.33271,137.692,1,11,-92,-7,10,48,47,13,28365056,262,1,222,13499,
136.153,1124.63,51.4875,7.42417,144.79,10.01,140.348,1,5,-93,-8,9,47,47,13,28365056,262,1,222,13499,
137.133,1134.72,51.4874,7.42425,144.781,9.38227,144.343,1,5,-93,-8,9,47,47,13,28365056,262,1,222,13499,
138.149,1144,51.4874,7.42432,144.736,9.28116,145.714,1,3,-95,-9,9,45,45,13,28365056,262,1,222,13499,
139.147,1153.6,51.4873,7.42439,144.502,9.22351,145.351,1,3,-95,-9,9,45,45,13,28365056,262,1,222,13499,
140.146,1162.6,51.4872,7.42446,143.908,9.043,144.258,1,4,-96,-9,8,44,44,13,28365056,262,1,222,13499,
141.141,1172.07,51.4872,7.42454,143.315,9.8187,142.273,1,4,-96,-9,8,44,44,13,28365056,262,1,222,13499,
142.149,1181.8,51.4871,7.42463,142.679,10.0064,139.558,1,0,-97,-10,7,43,43,13,28365056,262,1,222,13499,
143.142,1191.73,51.487,7.42473,142.178,9.5791,136.301,1,0,-97,-10,7,43,43,13,28365056,262,1,222,13499,
144.148,1201.72,51.487,7.42484,141.074,9.34888,134.219,1,14,-94,-9,15,46,46,10,28367106,262,1,103,13499,
145.131,1212.17,51.4869,7.42496,140.545,9.70048,132.125,1,14,-94,-9,15,46,46,10,28367106,262,1,103,13499,
146.14,1222.83,51.4869,7.42508,140.218,10.0635,131.329,1,9,-94,-10,10,46,47,10,28367106,262,1,103,13499,
147.155,1233.67,51.4868,7.42521,139.955,10.0087,130.01,1,9,-94,-10,10,46,47,10,28367106,262,1,103,13499,
148.146,1244.49,51.4867,7.42533,139.418,10.1563,129.508,1,14,-90,-8,10,50,50,10,28367106,262,1,103,13499,
149.138,1254.74,51.4867,7.42545,139.202,10.2155,130.234,1,14,-90,-8,10,50,50,10,28367106,262,1,103,13499,
150.157,1265.36,51.4866,7.42556,139.242,10.4532,131.224,1,14,-90,-8,10,50,50,10,28367106,262,1,103,13499,
151.198,1275.67,51.4866,7.42568,139.438,10.8533,131.704,1,12,-90,-8,10,50,49,10,28367106,262,1,103,13499,
152.144,1285.77,51.4865,7.42578,139.735,10.8201,131.874,1,12,-90,-8,10,50,49,10,28367106,262,1,103,13499,
153.161,1297.41,51.4864,7.4259,139.856,10.7687,134.455,1,10,-90,-8,14,50,49,10,28367106,262,1,103,13499,
154.164,1308.58,51.4863,7.42601,139.725,11.0967,136.441,1,10,-90,-8,14,50,49,10,28367106,262,1,103,13499,
155.144,1320.27,51.4863,7.42612,139.648,11.9446,137.177,1,20,-84,-6,11,56,54,10,28367106,262,1,103,13499,
156.161,1331.85,51.4862,7.42623,139.24,11.8794,137.66,1,20,-84,-6,11,56,54,10,28367106,262,1,103,13499,
157.146,1343.59,51.4861,7.42635,138.284,11.1247,136.64,1,16,-89,-7,12,51,49,10,28367106,262,1,103,13499,
158.152,1355.19,51.486,7.42647,137.362,11.5039,134.222,1,16,-89,-7,12,51,49,10,28367106,262,1,103,13499,
159.152,1367.21,51.486,7.4266,136.864,11.5055,130.964,1,17,-86,-6,11,54,51,10,28367106,262,1,103,13499,
160.166,1379.07,51.4859,7.42674,136.783,11.6579,128.12,1,17,-86,-6,11,54,51,10,28367106,262,1,103,13499,
161.154,1391.41,51.4858,7.42689,136.42,11.6247,125.056,1,19,-88,-6,15,52,49,10,28367106,262,1,103,13499,
162.148,1403.7,51.4858,7.42703,136.295,11.4689,123.426,1,19,-88,-6,15,52,49,10,28367106,262,1,103,13499,
163.146,1413.91,51.4857,7.42716,136.189,11.34,123.763,1,19,-93,-6,11,47,44,10,28367106,262,1,103,13499,
164.142,1426.59,51.4857,7.42731,135.538,11.2802,126.27,1,19,-93,-6,11,47,44,10,28367106,262,1,103,13499,
165.148,1436.73,51.4856,7.4274,134.769,11.1711,142.125,1,12,-93,-7,11,47,44,10,28367106,262,1,103,13499,
166.137,1448.28,51.4855,7.4275,134.034,10.8535,143.354,1,12,-93,-7,11,47,44,10,28367106,262,1,103,13499,
167.135,1458.92,51.4854,7.4276,132.965,10.4916,143.22,1,16,-93,-6,12,47,43,10,28367106,262,1,103,13499,
168.145,1468.48,51.4854,7.42768,131.855,9.58914,143.753,1,16,-93,-6,12,47,43,10,28367106,262,1,103,13499,
169.143,1476.79,51.4853,7.42774,130.893,8.71074,146.664,1,10,-91,-6,2,49,47,10,28367106,262,1,103,13499,
170.137,1485.65,51.4852,7.42776,130.633,7.95887,174.756,1,10,-91,-6,2,49,47,10,28367106,262,1,103,13499,
171.143,1493.56,51.4852,7.42779,130.634,7.59512,171.4,1,16,-91,-7,2,49,47,10,28367106,262,1,103,13499,
172.143,1502.34,51.4851,7.42781,131.623,8.84391,169.468,1,16,-91,-7,2,49,47,10,28367106,262,1,103,13499,
173.143,1511.56,51.485,7.42783,132.677,9.79163,169.411,1,18,-90,-7,2,50,48,10,28367106,262,1,103,13499,
174.145,1520.21,51.4849,7.42786,132.599,9.61217,168.066,1,18,-90,-7,2,50,48,10,28367106,262,1,103,13499,
175.137,1529.67,51.4848,7.42791,132.55,9.93612,165.02,1,18,-90,-7,2,50,48,10,28367106,262,1,103,13499,
176.152,1539.21,51.4848,7.42795,132.704,10.0081,164.231,1,19,-89,-7,2,51,49,10,28367106,262,1,103,13499,
177.154,1548.31,51.4847,7.428,133.507,10.0692,164.786,1,19,-89,-7,2,51,49,10,28367106,262,1,103,13499,
178.147,1558.47,51.4846,7.42804,134.01,10.6504,164.562,1,15,-86,-6,2,54,51,10,28367106,262,1,103,13499,
179.149,1567.48,51.4845,7.42808,134.591,10.1931,164.931,1,15,-86,-6,2,54,51,10,28367106,262,1,103,13499,
180.149,1578.47,51.4844,7.42813,134.521,10.5253,166.401,1,18,-86,-6,2,54,51,10,28367106,262,1,103,13499,
181.151,1588.93,51.4843,7.42817,133.657,9.09256,165.418,1,18,-86,-6,2,54,51,10,28367106,262,1,103,13499,
182.166,1598.68,51.4843,7.42822,133.541,9.54966,164.891,1,14,-86,-6,2,54,51,10,28367106,262,1,103,13499,
183.139,1608.31,51.4842,7.42826,133.821,9.0677,165.759,1,14,-86,-6,2,54,51,10,28367106,262,1,103,13499,
184.138,1619.83,51.4841,7.42832,133.785,10.5549,165.339,1,10,-86,-6,2,54,52,10,28367106,262,1,103,13499,
185.142,1630.57,51.484,7.42837,133.704,9.45526,163.966,1,10,-86,-6,2,54,52,10,28367106,262,1,103,13499,
186.144,1640.93,51.4839,7.42841,133.589,8.61886,164.697,1,11,-86,-6,2,54,52,10,28367106,262,1,103,13499,
187.138,1650.43,51.4838,7.42846,133.836,9.5185,163.249,1,11,-86,-6,2,54,52,10,28367106,262,1,103,13499,
188.136,1661.43,51.4837,7.42851,134.512,10.9588,161.905,1,16,-86,-7,2,54,52,10,28367106,262,1,103,13499,
189.15,1673.09,51.4836,7.42857,134.938,11.0915,162.141,1,16,-86,-7,2,54,52,10,28367106,262,1,103,13499,
190.16,1684.9,51.4835,7.42862,135.828,10.4168,163.153,1,11,-90,-6,9,50,47,7,28367106,262,1,103,13499,
191.158,1695.38,51.4834,7.42867,136.541,10.6119,163.742,1,11,-90,-6,9,50,47,7,28367106,262,1,103,13499,
192.149,1705.73,51.4833,7.42871,136.924,8.9315,164.086,1,27,-89,-6,11,51,49,7,28367106,262,1,103,13499,
193.15,1716.09,51.4833,7.42875,137.559,10.0063,163.908,1,27,-89,-6,11,51,49,7,28367106,262,1,103,13499,
194.15,1726.87,51.4832,7.42879,137.89,10.5286,165.653,1,21,-93,-8,8,47,45,7,28367106,262,1,103,13499,
195.147,1738.71,51.4831,7.42883,137.706,11.2065,167.112,1,21,-93,-8,8,47,45,7,28367106,262,1,103,13499,
196.14,1752.77,51.4829,7.42887,137.772,11.602,168.493,1,25,-90,-7,8,50,47,7,28367106,262,1,103,13499,
197.144,1766.67,51.4828,7.42889,138.534,10.7132,170.366,1,25,-90,-7,8,50,47,7,28367106,262,1,103,13499,
198.136,1776.94,51.4827,7.42891,138.818,7.55099,173.037,1,25,-90,-7,8,50,47,7,28367106,262,1,103,13499,
199.153,1784,51.4826,7.42891,139.512,3.66418,175.284,1,14,-91,-7,4,49,47,7,28367106,262,1,103,13499,
200.135,1788.37,51.4826,7.42893,139.635,3.72584,146.992,1,14,-91,-7,4,49,47,7,28367106,262,1,103,13499,
201.149,1794.6,51.4826,7.42901,139.364,6.9825,115.604,1,19,-96,-9,8,44,44,7,28367106,262,1,103,13499,
202.14,1800.06,51.4825,7.42907,139.705,6.5795,112.591,1,19,-96,-9,8,44,44,7,28367106,262,1,103,13499,
203.142,1807.03,51.4825,7.42917,140.002,8.32996,96.529,1,0,-101,-12,8,39,41,7,28367106,262,1,103,13499,
204.14,1816.19,51.4825,7.4293,140.096,9.11608,96.9479,1,0,-101,-12,8,39,41,7,28367106,262,1,103,13499,
205.146,1827.6,51.4825,7.42947,139.753,10.5802,96.2138,1,-3,-106,-14,2,34,40,7,28367106,262,1,103,13499,
206.15,1839.26,51.4825,7.42963,139.525,11.3032,95.8518,1,-3,-106,-14,2,34,40,7,28367106,262,1,103,13499,
207.164,1862.54,51.4825,7.42997,139.887,11.9566,96.726,1,13,-102,-9,2,38,37,7,29563904,262,1,350,13499,
208.136,1862.54,51.4825,7.42997,139.887,11.9566,96.726,1,13,-102,-9,2,38,37,7,29563904,262,1,350,13499,
209.145,1874.52,51.4825,7.43014,139.778,11.0023,97.3693,1,3,-100,-8,6,40,39,15,29563904,262,1,350,13499,
210.154,1884.66,51.4825,7.43028,139.656,10.2223,97.8922,1,3,-100,-8,6,40,39,15,29563904,262,1,350,13499,
211.141,1894.33,51.4825,7.43042,139.75,9.09102,97.1736,1,8,-96,-8,10,44,42,6,28367106,262,1,103,13499,
212.141,1902.93,51.4824,7.43055,140.141,8.13309,98.0661,1,8,-96,-8,10,44,42,6,28367106,262,1,103,13499,
213.148,1911.01,51.4824,7.43066,140.163,6.9586,97.6641,1,10,-93,-7,11,47,45,6,28367106,262,1,103,13499,
214.136,1917.28,51.4824,7.43075,140.469,5.82683,97.2505,1,10,-93,-7,11,47,45,6,28367106,262,1,103,13499,
215.148,1921.75,51.4824,7.43082,140.502,4.01082,97.8523,1,19,-89,-6,11,51,47,6,28367106,262,1,103,13499,
216.16,1925.08,51.4824,7.43086,140.509,2.09027,97.7763,1,19,-89,-6,11,51,47,6,28367106,262,1,103,13499,
217.142,1926.57,51.4824,7.43088,140.529,0.941682,93.8197,1,27,-91,-7,9,49,47,6,28367106,262,1,103,13499,
218.145,1927.82,51.4824,7.4309,140.581,1.12903,93.8197,1,27,-91,-7,9,49,47,6,28367106,262,1,103,13499,
219.139,1931.15,51.4824,7.43095,140.67,3.53008,97.2359,1,11,-94,-7,11,46,45,6,28367106,262,1,103,13499,
220.144,1934.87,51.4824,7.431,141.756,4.59115,96.6155,1,11,-94,-7,11,46,45,6,28367106,262,1,103,13499,
221.15,1938.96,51.4824,7.43106,142.639,4.68278,97.0178,1,11,-94,-7,11,46,45,6,28367106,262,1,103,13499,
222.151,1945.53,51.4824,7.43116,143.449,6.61655,97.1266,1,13,-92,-7,9,48,45,6,28367106,262,1,103,13499,
223.136,1952.38,51.4824,7.43125,143.776,7.76788,95.5879,1,13,-92,-7,9,48,45,6,28367106,262,1,103,13499,
224.136,1961.44,51.4824,7.43138,144.711,9.20214,97.1887,1,10,-96,-9,10,44,45,6,28367106,262,1,103,13499,
225.148,1971.41,51.4824,7.43153,145.538,10.3147,97.3433,1,10,-96,-9,10,44,45,6,28367106,262,1,103,13499,
226.148,1982.57,51.4824,7.43169,146.312,11.1302,97.3645,1,5,-88,-8,11,52,47,6,28367106,262,1,103,13499,
227.151,1994.22,51.4823,7.43185,146.252,12.2066,97.1792,1,5,-88,-8,11,52,47,6,28367106,262,1,103,13499,
228.271,2006.21,51.4823,7.43203,146.219,11.8413,97.2836,1,2,-95,-8,2,45,45,6,28367106,262,1,103,13499,
229.127,2017.4,51.4823,7.43219,146.203,11.1577,96.5834,1,2,-95,-8,2,45,45,6,28367106,262,1,103,13499,
230.145,2028.25,51.4823,7.43234,146.199,10.7953,96.4038,1,10,-88,-7,7,52,50,4,28367106,262,1,103,13499,
231.16,2040.14,51.4823,7.43251,146.348,11.2968,96.1026,1,10,-88,-7,7,52,50,4,28367106,262,1,103,13499,
232.166,2051.62,51.4823,7.43268,146.93,11.9306,96.6619,1,7,-82,-6,6,58,54,10,28368386,262,1,32,13499,
233.156,2063.29,51.4823,7.43285,147.475,11.419,97.2711,1,7,-82,-6,6,58,54,10,28368386,262,1,32,13499,
234.172,2073.52,51.4823,7.43299,147.346,11.1576,96.8586,1,7,-87,-7,13,53,49,10,28368386,262,1,32,13499,
235.152,2084.36,51.4822,7.43315,147.294,10.3357,97.5313,1,7,-87,-7,13,53,49,10,28368386,262,1,32,13499,
236.156,2094.84,51.4822,7.4333,147.063,9.44818,96.7001,1,6,-94,-11,6,46,49,10,28368386,262,1,32,13499,
237.138,2104.01,51.4822,7.43343,146.883,8.75294,97.1351,1,6,-94,-11,6,46,49,10,28368386,262,1,32,13499,
238.137,2112.12,51.4822,7.43355,146.722,8.87128,96.6995,1,7,-92,-7,11,48,46,4,28367106,262,1,103,13499,
239.137,2121.64,51.4822,7.43368,146.207,9.39394,96.2687,1,7,-92,-7,11,48,46,4,28367106,262,1,103,13499,
240.144,2131.22,51.4822,7.43382,146.082,10.4628,96.5324,1,6,-95,-10,9,45,45,4,28367106,262,1,103,13499,
241.157,2141.73,51.4822,7.43397,145.997,10.9675,95.7671,1,6,-95,-10,9,45,45,4,28367106,262,1,103,13499,
242.148,2152.47,51.4822,7.43413,145.935,10.8219,96.1087,1,4,-96,-11,6,44,46,4,28367106,262,1,103,13499,
243.155,2164.08,51.4822,7.43429,145.77,10.9291,96.0092,1,4,-96,-11,6,44,46,4,28367106,262,1,103,13499,
244.155,2175.61,51.4822,7.43446,145.468,11.6969,96.0959,1,5,-93,-11,9,47,49,4,28367106,262,1,103,13499,
245.15,2187.81,51.4821,7.43463,145.633,12.4334,96.7588,1,5,-93,-11,9,47,49,4,28367106,262,1,103,13499,
246.153,2201.37,51.4821,7.43483,145.385,12.99,95.8104,1,5,-93,-11,9,47,49,4,28367106,262,1,103,13499,
247.132,2214.75,51.4821,7.43502,145.161,13.6888,95.7561,1,10,-91,-9,7,49,49,4,28367106,262,1,103,13499,
248.146,2229.01,51.4821,7.43522,144.894,14.2255,96.1284,1,10,-91,-9,7,49,49,4,28367106,262,1,103,13499,
249.156,2242.39,51.4821,7.43542,144.744,13.7823,95.8553,1,4,-89,-8,6,51,50,10,28368386,262,1,32,13499,
250.157,2255.5,51.4821,7.43561,144.456,13.358,96.6226,1,4,-89,-8,6,51,50,10,28368386,262,1,32,13499,
251.15,2268.21,51.4821,7.43579,144.398,12.7158,96.4134,1,4,-88,-8,6,52,50,4,28367105,262,1,102,13499,
252.156,2280.86,51.482,7.43597,144.189,11.7908,96.236,1,4,-88,-8,6,52,50,4,28367105,262,1,102,13499,
253.15,2291.9,51.482,7.43613,144.128,11.2607,95.9484,1,5,-76,-9,8,64,62,4,28367105,262,1,102,13499,
254.169,2303.88,51.482,7.4363,143.954,10.8533,96.7601,1,5,-76,-9,8,64,62,4,28367105,262,1,102,13499,
255.15,2315.19,51.482,7.43646,143.811,11.2495,97.755,1,6,-92,-10,9,48,49,4,28367105,262,1,102,13499,
256.156,2325.89,51.482,7.43661,143.866,11.4443,96.6852,1,6,-92,-10,9,48,49,4,28367105,262,1,102,13499,
257.151,2337.37,51.482,7.43678,143.724,11.1435,97.0202,1,3,-85,-6,6,55,52,9,28368386,262,1,32,13499,
258.141,2347.43,51.482,7.43692,143.982,10.2333,95.8539,1,3,-85,-6,6,55,52,9,28368386,262,1,32,13499,
259.194,2357.3,51.482,7.43707,144.271,9.60084,96.4277,1,7,-89,-6,15,51,48,4,28367105,262,1,102,13499,
260.142,2367.23,51.482,7.43721,144.352,8.83052,96.9058,1,7,-89,-6,15,51,48,4,28367105,262,1,102,13499,
261.149,2375.59,51.482,7.43733,144.519,7.4471,96.949,1,12,-89,-7,14,51,48,4,28367105,262,1,102,13499,
262.161,2382.42,51.4819,7.43743,144.406,6.45734,97.6234,1,12,-89,-7,14,51,48,4,28367105,262,1,102,13499,
263.153,2388.67,51.4819,7.43752,144.248,5.26897,96.8384,1,25,-87,-9,11,53,53,4,28367105,262,1,102,13499,
264.156,2394.21,51.4819,7.4376,144.265,3.11245,78.2299,1,25,-87,-9,11,53,53,4,28367105,262,1,102,13499,
265.149,2396.05,51.4819,7.43762,144.29,1.74673,102.028,1,35,-84,-6,12,56,52,4,28367105,262,1,102,13499,
266.157,2397.32,51.4819,7.43764,144.334,0.558916,102.028,1,35,-84,-6,12,56,52,4,28367105,262,1,102,13499,
267.15,2397.32,51.4819,7.43764,144.343,0,102.028,1,33,-87,-6,11,53,51,4,28367105,262,1,102,13499,
268.16,2397.32,51.4819,7.43764,144.358,0,102.028,1,33,-87,-6,11,53,51,4,28367105,262,1,102,13499,
269.15,2397.32,51.4819,7.43764,144.502,0,102.028,1,19,-85,-6,11,55,52,4,28367105,262,1,102,13499,
270.154,2397.32,51.4819,7.43764,144.665,0,93.3037,1,19,-85,-6,11,55,52,4,28367105,262,1,102,13499,
271.159,2405.15,51.4819,7.43775,146.667,0,93.9372,1,19,-85,-6,11,55,52,4,28367105,262,1,102,13499,
272.151,2409.69,51.4819,7.43782,148.525,5.24158,94.5537,1,20,-83,-5,12,57,53,4,28367105,262,1,102,13499,
273.153,2414.07,51.4819,7.43788,149.948,5.68105,94.7234,1,20,-83,-5,12,57,53,4,28367105,262,1,102,13499,
274.15,2419.59,51.4819,7.43796,150.963,5.23399,95.1354,1,19,-81,-6,11,59,56,4,28367105,262,1,102,13499,
275.157,2425.31,51.4819,7.43804,151.371,4.95437,94.563,1,19,-81,-6,11,59,56,4,28367105,262,1,102,13499,
276.142,2431.99,51.4819,7.43814,152.209,6.46046,94.2628,1,33,-82,-6,12,58,55,4,28367105,262,1,102,13499,
277.159,2441.2,51.4819,7.43827,152.865,8.04935,96.8454,1,33,-82,-6,12,58,55,4,28367105,262,1,102,13499,
278.137,2449.58,51.4819,7.43839,153.066,9.09896,95.1351,1,28,-86,-6,15,54,49,4,28367105,262,1,102,13499,
279.156,2458.81,51.4819,7.43852,153.505,9.61852,95.3813,1,28,-86,-6,15,54,49,4,28367105,262,1,102,13499,
280.142,2468.72,51.4819,7.43866,153.831,9.6231,96.7282,1,7,-94,-8,7,46,45,4,28367105,262,1,102,13499,
281.138,2478.05,51.4818,7.4388,154.058,8.66543,95.9892,1,7,-94,-8,7,46,45,4,28367105,262,1,102,13499,
282.152,2486.37,51.4818,7.43892,154.151,8.49968,96.6049,1,8,-87,-6,6,53,50,9,28368386,262,1,32,13499,
283.153,2494.3,51.4818,7.43903,153.777,7.39735,95.6105,1,8,-87,-6,6,53,50,9,28368386,262,1,32,13499,
284.152,2502.06,51.4818,7.43914,153.48,6.80739,94.3828,1,10,-90,-8,13,50,47,9,28368386,262,1,32,13499,
285.157,2509.25,51.4818,7.43924,153.467,7.58231,93.628,1,10,-90,-8,13,50,47,9,28368386,262,1,32,13499,
286.141,2518.02,51.4818,7.43937,153.541,9.3782,93.2253,1,10,-90,-7,15,50,48,9,28368386,262,1,32,13499,
287.149,2527.92,51.4818,7.43951,153.831,10.5366,93.5559,1,10,-90,-7,15,50,48,9,28368386,262,1,32,13499,
288.138,2539.5,51.4818,7.43968,153.854,11.723,94.0441,1,11,-95,-8,12,45,43,9,28368386,262,1,32,13499,
289.141,2551.57,51.4818,7.43985,154.286,12.6898,94.6439,1,11,-95,-8,12,45,43,9,28368386,262,1,32,13499,
290.138,2563.34,51.4818,7.44002,154.545,13.255,95.4131,1,11,-95,-8,12,45,43,9,28368386,262,1,32,13499,
291.148,2577.51,51.4818,7.44023,154.598,13.7322,96.3049,1,4,-95,-10,7,45,46,9,28368386,262,1,32,13499,
292.15,2590.98,51.4818,7.44042,154.861,13.2066,96.0999,1,4,-95,-10,7,45,46,9,28368386,262,1,32,13499,
293.161,2603.65,51.4817,7.4406,155.171,12.5575,95.3379,1,12,-93,-8,15,47,46,9,28368386,262,1,32,13499,
294.158,2615.73,51.4817,7.44078,155.063,12.1314,95.241,1,12,-93,-8,15,47,46,9,28368386,262,1,32,13499,
295.159,2627.46,51.4817,7.44095,154.821,11.5426,96.0756,1,12,-94,-8,12,46,44,9,28368386,262,1,32,13499,
296.155,2638.38,51.4817,7.4411,154.611,10.9995,97.6005,1,12,-94,-8,12,46,44,9,28368386,262,1,32,13499,
297.142,2648.74,51.4817,7.44125,154.687,10.5467,101.287,1,5,-100,-10,6,40,42,9,28368386,262,1,32,13499,
298.144,2661.18,51.4816,7.44142,154.705,10.506,105.144,1,5,-100,-10,6,40,42,9,28368386,262,1,32,13499,
299.153,2673.03,51.4816,7.44157,154.977,10.4443,118.876,1,10,-92,-7,13,48,46,9,28368386,262,1,32,13499,
300.162,2683.52,51.4815,7.44169,155.519,12.0796,121.339,1,10,-92,-7,13,48,46,9,28368386,262,1,32,13499,
301.137,2694.18,51.4815,7.44182,156.69,12.5225,124.17,1,8,-96,-10,9,44,44,7,28367105,262,1,32,13499,
302.144,2707.73,51.4814,7.44197,157.329,13.1852,127.547,1,8,-96,-10,9,44,44,7,28367105,262,1,32,13499,
303.154,2723.27,51.4813,7.44213,158.254,13.7239,130.482,1,9,-93,-7,9,47,45,7,28367105,262,1,102,13499,
304.143,2736.73,51.4812,7.44227,159.207,13.9611,132.668,1,9,-93,-7,9,47,45,7,28367105,262,1,102,13499,
305.141,2750.91,51.4811,7.44241,159.883,13.6798,132.012,1,15,-88,-6,15,52,49,7,28367105,262,1,102,13499,
306.139,2764.07,51.481,7.44254,160.575,13.4132,131.477,1,15,-88,-6,15,52,49,7,28367105,262,1,102,13499,
307.143,2777.09,51.481,7.44268,161.385,12.6871,132.131,1,15,-85,-5,11,55,52,7,28367105,262,1,102,13499,
308.15,2789.32,51.4809,7.44281,162.145,12.3943,131.989,1,15,-85,-5,11,55,52,7,28367105,262,1,102,13499,
309.153,2802.23,51.4808,7.44294,162.905,11.6863,133.711,1,16,-89,-6,10,51,49,7,28367105,262,1,102,13499,
310.234,2813.59,51.4807,7.44304,163.123,10.9937,137.283,1,16,-89,-6,10,51,49,7,28367105,262,1,102,13499,
311.142,2824.69,51.4806,7.4431,163.222,10.5084,159.976,1,4,-96,-8,6,44,43,7,28367105,262,1,102,13499,
312.15,2836.19,51.4805,7.44314,162.89,10.1658,163.84,1,4,-96,-8,6,44,43,7,28367105,262,1,102,13499,
313.152,2847.78,51.4804,7.44314,162.574,11.7735,178.614,1,7,-95,-9,6,45,45,7,28367105,262,1,102,13499,
314.159,2859.51,51.4803,7.44316,162.609,12.3066,175.269,1,7,-95,-9,6,45,45,7,28367105,262,1,102,13499,
315.142,2872.06,51.4802,7.44322,162.904,12.7878,160.496,1,4,-98,-9,6,42,41,7,28367105,262,1,102,13499,
316.138,2886.49,51.4801,7.4433,163.533,14.1382,157.108,1,4,-98,-9,6,42,41,7,28367105,262,1,102,13499,
317.143,2900.61,51.48,7.44338,164.117,15.3048,155.408,1,2,-101,-11,5,39,42,7,28367105,262,1,102,13499,
318.137,2915.87,51.4799,7.44348,164.499,15.9208,154.628,1,2,-101,-11,5,39,42,7,28367105,262,1,102,13499,
319.158,2931.56,51.4797,7.44358,164.694,15.5497,153.797,1,2,-101,-11,5,39,42,7,28367105,262,1,102,13499,
320.154,2946.48,51.4796,7.44368,164.847,15.2106,153.174,1,2,-99,-9,6,41,41,7,28368386,262,1,32,13499,
321.131,2962.12,51.4795,7.44379,165.108,15.1472,152.614,1,2,-99,-9,6,41,41,7,28368386,262,1,32,13499,
322.162,2977.83,51.4794,7.4439,165.591,15.1667,152.271,1,4,-97,-9,9,43,43,7,28368386,262,1,32,13499,
323.137,2993.55,51.4792,7.44401,166.088,15.2113,151.915,1,4,-97,-9,9,43,43,7,28368386,262,1,32,13499,
324.149,3007.99,51.4791,7.44411,166.734,15.2867,151.427,1,5,-97,-9,9,43,44,7,28368386,262,1,32,13499,
325.175,3023.36,51.479,7.44422,167.231,15.3131,151.041,1,5,-97,-9,9,43,44,7,28368386,262,1,32,13499,
326.138,3039.03,51.4789,7.44433,167.783,15.4546,151.742,1,3,-99,-9,10,41,40,7,28368386,262,1,32,13499,
327.144,3054.36,51.4788,7.44443,168.133,15.5307,151.518,1,3,-99,-9,10,41,40,7,28368386,262,1,32,13499,
328.137,3070.09,51.4786,7.44454,168.617,15.4471,151.4,1,1,-108,-12,7,32,35,7,28368386,262,1,32,13499,
329.148,3085.41,51.4785,7.44465,169.065,15.4945,151.242,1,1,-108,-12,7,32,35,7,28368386,262,1,32,13499,
330.155,3100.72,51.4784,7.44476,169.535,15.1348,151.845,1,-1,-105,-10,6,35,36,13,28367105,262,1,102,13499,
331.139,3116.04,51.4783,7.44486,169.951,14.7969,151.788,1,-1,-105,-10,6,35,36,13,28367105,262,1,102,13499,
332.163,3130.32,51.4782,7.44496,170.19,14.8173,151.453,1,1,-101,-8,6,39,38,7,28368384,262,1,31,13499,
333.151,3144.92,51.478,7.44506,170.442,14.8519,151.675,1,1,-101,-8,6,39,38,7,28368384,262,1,31,13499,
334.15,3160.26,51.4779,7.44517,170.762,14.8652,151.229,1,2,-103,-9,6,37,37,7,28368384,262,1,31,13499,
335.144,3175.35,51.4778,7.44528,170.941,14.958,151.666,1,2,-103,-9,6,37,37,7,28368384,262,1,31,13499,
336.153,3190.09,51.4777,7.44538,171.095,15.0504,151.095,1,3,-100,-10,8,40,40,7,28368384,262,1,31,13499,
337.154,3204.22,51.4776,7.44547,171.11,15.1325,151.675,1,3,-100,-10,8,40,40,7,28368384,262,1,31,13499,
338.16,3219.69,51.4775,7.44558,171.179,15.2179,150.698,1,1,-98,-8,6,42,40,7,28368384,262,1,31,13499,
339.145,3235.1,51.4773,7.44569,171.264,15.3478,151.276,1,1,-98,-8,6,42,40,7,28368384,262,1,31,13499,
340.152,3250.14,51.4772,7.44579,171.191,15.4328,151.494,1,24,-93,-7,15,47,44,7,28368384,262,1,31,13499,
341.155,3265.38,51.4771,7.4459,171.234,15.2371,151.837,1,24,-93,-7,15,47,44,7,28368384,262,1,31,13499,
342.137,3281.37,51.477,7.44601,171.465,14.9704,151.446,1,14,-96,-8,6,44,42,7,28368384,262,1,31,13499,
343.166,3296.61,51.4769,7.44612,171.907,14.9187,151.663,1,14,-96,-8,6,44,42,7,28368384,262,1,31,13499,
344.134,3311.3,51.4767,7.44622,171.931,14.8376,151.518,1,5,-93,-7,6,47,45,11,29568768,262,1,415,13499,
345.165,3325.8,51.4766,7.44632,172.004,14.8278,152.119,1,5,-93,-7,6,47,45,11,29568768,262,1,415,13499,
346.152,3340.77,51.4765,7.44642,172.372,14.3763,152.327,1,13,-91,-6,15,49,47,11,29568768,262,1,415,13499,
347.151,3355.72,51.4764,7.44652,172.666,13.7983,151.792,1,13,-91,-6,15,49,47,11,29568768,262,1,415,13499,
348.141,3367.63,51.4763,7.4466,172.457,13.2075,151.936,1,14,-86,-5,15,54,52,11,29568768,262,1,415,13499,
349.153,3379.63,51.4762,7.44669,172.184,11.9735,152.058,1,14,-86,-5,15,54,52,11,29568768,262,1,415,13499,
350.145,3390.76,51.4761,7.44676,172.082,10.4829,151.988,1,14,-86,-5,15,54,52,11,29568768,262,1,415,13499,
351.142,3401.48,51.476,7.44683,172.233,9.76642,152.948,1,14,-87,-5,11,53,51,11,29568768,262,1,415,13499,
352.14,3410.22,51.476,7.44689,172.421,8.50399,152.53,1,14,-87,-5,11,53,51,11,29568768,262,1,415,13499,
353.147,3417.42,51.4759,7.44694,172.417,6.67597,152.047,1,13,-85,-6,11,55,53,11,29568768,262,1,415,13499,
354.15,3423.47,51.4758,7.44698,172.266,5.00134,152.995,1,13,-85,-6,11,55,53,11,29568768,262,1,415,13499,
355.225,3425.18,51.4758,7.447,172.277,1.20756,154.584,1,17,-85,-5,11,55,53,11,29568768,262,1,415,13499,
356.13,3426.41,51.4758,7.44701,172.291,0.516926,154.584,1,17,-85,-5,11,55,53,11,29568768,262,1,415,13499,
357.158,3426.76,51.4758,7.44701,172.311,0.372985,154.584,1,16,-85,-5,10,55,54,11,29568768,262,1,415,13499,
358.144,3426.76,51.4758,7.44701,172.31,0,154.584,1,16,-85,-5,10,55,54,11,29568768,262,1,415,13499,
359.146,3426.76,51.4758,7.44701,172.315,0,154.584,1,14,-85,-5,10,55,53,11,29568768,262,1,415,13499,
360.148,3426.76,51.4758,7.44701,172.318,0,154.584,1,14,-85,-5,10,55,53,11,29568768,262,1,415,13499,
361.142,3426.76,51.4758,7.44701,172.32,0,154.584,1,15,-85,-5,11,55,53,11,29568768,262,1,415,13499,
362.144,3426.76,51.4758,7.44701,172.322,0,154.584,1,15,-85,-5,11,55,53,11,29568768,262,1,415,13499,
363.144,3426.76,51.4758,7.44701,172.318,0,154.584,1,13,-85,-5,11,55,53,11,29568768,262,1,415,13499,
364.147,3426.76,51.4758,7.44701,172.312,0,154.584,1,13,-85,-5,11,55,53,11,29568768,262,1,415,13499,
365.151,3426.76,51.4758,7.44701,172.305,0,154.584,1,18,-84,-5,11,56,54,11,29568768,262,1,415,13499,
366.148,3426.76,51.4758,7.44701,172.297,0,154.584,1,18,-84,-5,11,56,54,11,29568768,262,1,415,13499,
367.15,3426.76,51.4758,7.44701,172.292,0,154.584,1,15,-85,-5,10,55,53,11,29568768,262,1,415,13499,
368.156,3426.76,51.4758,7.44701,172.292,0,154.584,1,15,-85,-5,10,55,53,11,29568768,262,1,415,13499,
369.133,3426.76,51.4758,7.44701,172.293,0,154.584,1,13,-85,-5,11,55,53,11,29568768,262,1,415,13499,
370.164,3426.76,51.4758,7.44701,172.295,0,154.584,1,13,-85,-5,11,55,53,11,29568768,262,1,415,13499,
371.144,3426.76,51.4758,7.44701,172.292,0,154.584,1,15,-85,-5,10,55,54,11,29568768,262,1,415,13499,
372.135,3426.76,51.4758,7.44701,172.283,0,154.584,1,15,-85,-5,10,55,54,11,29568768,262,1,415,13499,
373.138,3426.76,51.4758,7.44701,172.271,0,154.584,1,15,-85,-5,10,55,54,11,29568768,262,1,415,13499,
374.133,3426.76,51.4758,7.44701,172.265,0,154.584,1,16,-81,-4,2,59,54,11,29568768,262,1,415,13499,
375.152,3426.76,51.4758,7.44701,172.26,0,154.584,1,16,-81,-4,2,59,54,11,29568768,262,1,415,13499,
376.155,3426.76,51.4758,7.44701,172.258,0,154.584,1,19,-86,-5,2,54,53,11,29568768,262,1,415,13499,
377.143,3426.76,51.4758,7.44701,172.257,0,154.584,1,19,-86,-5,2,54,53,11,29568768,262,1,415,13499,
378.136,3426.76,51.4758,7.44701,172.253,0,154.584,1,18,-85,-5,2,55,53,11,29568768,262,1,415,13499,
379.148,3426.76,51.4758,7.44701,172.246,0,154.584,1,18,-85,-5,2,55,53,11,29568768,262,1,415,13499,
380.156,3426.76,51.4758,7.44701,172.081,0,152.591,1,18,-85,-5,2,55,53,11,29568768,262,1,415,13499,
381.148,3426.76,51.4758,7.44701,172.081,0,152.591,1,18,-85,-5,2,55,53,11,29568768,262,1,415,13499,
382.142,3434.63,51.4758,7.44707,171.023,0,152.125,1,15,-86,-5,2,54,52,11,29568768,262,1,415,13499,
383.147,3442.28,51.4757,7.44713,170.379,7.458,151.322,1,15,-86,-5,2,54,52,11,29568768,262,1,415,13499,
384.139,3450.64,51.4756,7.44719,170.323,9.70375,151.739,1,13,-87,-5,2,53,51,11,29568768,262,1,415,13499,
385.139,3461.17,51.4756,7.44726,169.937,11.1789,151.293,1,13,-87,-5,2,53,51,11,29568768,262,1,415,13499,
386.145,3472.93,51.4755,7.44735,169.476,12.0622,150.04,1,1,-90,-6,2,50,50,11,29568768,262,1,415,13499,
387.14,3484.67,51.4754,7.44744,168.897,12.457,149.336,1,1,-90,-6,2,50,50,11,29568768,262,1,415,13499,
388.146,3496.27,51.4753,7.44753,168.771,11.8159,148.89,1,6,-95,-8,2,45,46,11,28368384,262,1,31,13499,
389.142,3507.81,51.4752,7.44762,168.955,11.278,147.738,1,6,-95,-8,2,45,46,11,28368384,262,1,31,13499,
390.149,3519.91,51.4751,7.44773,168.393,10.7028,146.658,1,5,-95,-7,2,45,44,11,28368384,262,1,31,13499,
391.197,3530.49,51.475,7.44781,168.139,10.0786,145.667,1,5,-95,-7,2,45,44,11,28368384,262,1,31,13499,
392.14,3539.99,51.475,7.4479,168.172,9.44731,145.065,1,2,-97,-8,2,43,42,11,28368384,262,1,31,13499,
393.144,3547.94,51.4749,7.44797,168.408,8.9479,144.522,1,2,-97,-8,2,43,42,11,28368384,262,1,31,13499,
394.15,3555.76,51.4749,7.44803,168.903,8.32951,143.474,1,7,-98,-8,2,42,42,11,28368384,262,1,31,13499,
395.16,3563.74,51.4748,7.4481,169.192,7.61522,142.685,1,7,-98,-8,2,42,42,11,28368384,262,1,31,13499,
396.157,3571.33,51.4747,7.44817,169.298,6.80264,142.034,1,1,-99,-9,2,41,42,11,28368384,262,1,31,13499,
397.15,3578.41,51.4747,7.44823,168.689,5.63932,141.483,1,1,-99,-9,2,41,42,11,28368384,262,1,31,13499,
398.152,3582.87,51.4747,7.44827,168.352,4.20718,142.184,1,1,-99,-9,2,41,42,11,28368384,262,1,31,13499,
399.146,3586.92,51.4746,7.44831,168.284,3.01024,141.63,1,4,-99,-9,2,41,41,11,28368384,262,1,31,13499,
400.147,3589.42,51.4746,7.44834,168.205,2.01893,141.217,1,4,-99,-9,2,41,41,11,28368384,262,1,31,13499,
401.138,3591.6,51.4746,7.44836,168.198,3.5252,140.373,1,6,-98,-8,2,42,42,11,28368384,262,1,31,13499,
402.138,3594.81,51.4746,7.44838,168.102,4.3766,141.305,1,6,-98,-8,2,42,42,11,28368384,262,1,31,13499,
403.149,3598.33,51.4746,7.44841,167.977,4.85293,140.663,1,6,-98,-8,2,42,42,11,28368384,262,1,31,13499,
404.171,3602.7,51.4745,7.44845,167.901,5.50087,140.188,1,6,-98,-8,2,42,42,11,28368384,262,1,31,13499,
405.157,3608.25,51.4745,7.4485,167.942,6.13139,140.889,1,10,-98,-8,2,42,41,11,28368384,262,1,31,13499,
406.141,3616.25,51.4744,7.44857,167.355,6.85933,141.094,1,10,-98,-8,2,42,41,11,28368384,262,1,31,13499,
407.142,3624.53,51.4744,7.44865,166.861,8.1052,141.774,1,7,-97,-8,2,43,43,11,28368384,262,1,31,13499,
408.148,3633.21,51.4743,7.44872,166.417,9.38436,141.442,1,7,-97,-8,2,43,43,11,28368384,262,1,31,13499,
409.16,3643,51.4742,7.44881,166.086,10.059,140.994,1,8,-93,-7,2,47,45,11,28368384,262,1,31,13499,
410.16,3654.97,51.4742,7.44892,165.681,11.1593,140.46,1,8,-93,-7,2,47,45,11,28368384,262,1,31,13499,
411.109,3666.96,51.4741,7.44903,165.228,12.4531,139.506,1,10,-93,-7,2,47,45,11,28368384,262,1,31,13499,
412.134,3680.75,51.474,7.44916,164.94,12.3152,139.065,1,10,-93,-7,2,47,45,11,28368384,262,1,31,13499,
413.146,3696.96,51.4739,7.44932,164.627,14.0503,137.797,1,2,-91,-7,2,49,47,11,28368384,262,1,31,13499,
414.14,3712.41,51.4738,7.44948,164.666,14.6496,136.447,1,2,-91,-7,2,49,47,11,28368384,262,1,31,13499,
415.145,3727.94,51.4737,7.44964,164.802,14.5821,135.006,1,19,-85,-7,2,55,53,11,29568768,262,1,415,13499,
416.143,3742.85,51.4736,7.4498,165.367,14.2021,133.341,1,19,-85,-7,2,55,53,11,29568768,262,1,415,13499,
417.147,3755.09,51.4735,7.44994,166.205,13.8271,131.75,1,22,-85,-7,2,55,53,11,29568768,262,1,415,13499,
418.139,3767.48,51.4734,7.45008,166.72,13.3753,130.026,1,22,-85,-7,2,55,53,11,29568768,262,1,415,13499,
419.23,3779.27,51.4734,7.45022,166.988,13.4563,128.824,1,15,-87,-6,2,53,51,11,29568768,262,1,415,13499,
420.118,3793.38,51.4733,7.45039,166.996,13.8327,127.321,1,15,-87,-6,2,53,51,11,29568768,262,1,415,13499,
421.147,3807.85,51.4732,7.45056,166.893,14.6667,125.727,1,15,-87,-6,2,53,51,11,29568768,262,1,415,13499,
422.153,3824.14,51.4732,7.45076,166.746,15.3811,124.186,1,25,-78,-6,15,62,60,5,29568768,262,1,415,13499,
423.152,3839.24,51.4731,7.45095,166.71,16.0337,122.601,1,25,-78,-6,15,62,60,5,29568768,262,1,415,13499,
424.153,3855.88,51.473,7.45116,166.528,15.9876,120.792,1,18,-79,-5,12,61,55,5,29568768,262,1,415,13499,
425.121,3872.13,51.473,7.45138,166.149,15.7484,118.676,1,18,-79,-5,12,61,55,5,29568768,262,1,415,13499,
426.148,3887.93,51.4729,7.45158,165.819,15.2886,116.675,1,21,-83,-6,13,57,53,5,29568768,262,1,415,13499,
427.153,3903.53,51.4729,7.45179,165.652,15.0966,115.044,1,21,-83,-6,13,57,53,5,29568768,262,1,415,13499,
428.139,3918.8,51.4728,7.452,165.334,14.6418,112.873,1,19,-81,-5,12,59,56,5,29568768,262,1,415,13499,
429.139,3932.37,51.4728,7.45218,164.991,14.1454,110.912,1,19,-81,-5,12,59,56,5,29568768,262,1,415,13499,
430.126,3946.48,51.4727,7.45238,164.774,14.3082,108.733,1,26,-73,-5,14,67,63,5,29568768,262,1,415,13499,
431.143,3960.04,51.4727,7.45257,164.428,14.4948,107.121,1,26,-73,-5,14,67,63,5,29568768,262,1,415,13499,
432.14,3974.46,51.4727,7.45277,164.136,14.3987,106.279,1,29,-74,-5,15,66,62,5,29568768,262,1,415,13499,
433.149,3987.98,51.4726,7.45296,163.887,13.8245,105.077,1,29,-74,-5,15,66,62,5,29568768,262,1,415,13499,
434.16,4001.21,51.4726,7.45314,163.731,13.5213,104.662,1,19,-82,-5,11,58,54,5,29568768,262,1,415,13499,
435.136,4014.78,51.4726,7.45334,163.484,13.2721,104.117,1,19,-82,-5,11,58,54,5,29568768,262,1,415,13499,
436.145,4027.82,51.4726,7.45352,163.306,12.8816,103.54,1,17,-80,-5,13,60,57,5,29568768,262,1,415,13499,
437.158,4041.01,51.4725,7.45371,162.913,12.94,103.479,1,17,-80,-5,13,60,57,5,29568768,262,1,415,13499,
438.146,4054.21,51.4725,7.4539,162.845,13.0484,104.18,1,24,-83,-6,13,57,53,5,29568768,262,1,415,13499,
439.134,4067.49,51.4725,7.45408,162.942,13.4532,104.518,1,24,-83,-6,13,57,53,5,29568768,262,1,415,13499,
440.147,4081.51,51.4725,7.45428,162.773,13.8123,105.118,1,19,-78,-5,12,62,55,5,29568768,262,1,415,13499,
441.153,4094.97,51.4724,7.45447,162.667,13.8107,105.719,1,19,-78,-5,12,62,55,5,29568768,262,1,415,13499,
442.178,4109.32,51.4724,7.45467,162.75,13.5256,106.092,1,24,-80,-5,15,60,56,5,29568768,262,1,415,13499,
443.143,4123.46,51.4724,7.45486,162.962,13.302,107.163,1,24,-80,-5,15,60,56,5,29568768,262,1,415,13499,
444.143,4136.81,51.4723,7.45505,163.327,13.4215,107.955,1,25,-79,-5,15,61,56,5,29568768,262,1,415,13499,
445.13,4149.31,51.4723,7.45522,163.312,14.0288,108.633,1,25,-79,-5,15,61,56,5,29568768,262,1,415,13499,
446.136,4164.32,51.4722,7.45542,163.401,14.9804,109.486,1,11,-81,-5,11,59,55,5,29568768,262,1,415,13499,
447.153,4179.99,51.4722,7.45563,163.768,16.0238,110.555,1,11,-81,-5,11,59,55,5,29568768,262,1,415,13499,
448.141,4196,51.4721,7.45585,163.633,15.9453,111.491,1,18,-86,-6,11,54,50,5,29568768,262,1,415,13499,
449.15,4211.93,51.4721,7.45606,163.614,15.1365,112.435,1,18,-86,-6,11,54,50,5,29568768,262,1,415,13499,
450.153,4227.34,51.472,7.45627,163.562,14.6917,113.129,1,18,-86,-6,11,54,50,5,29568768,262,1,415,13499,
451.153,4241.59,51.472,7.45645,163.418,14.4605,113.684,1,16,-87,-6,11,53,50,5,29568768,262,1,415,13499,
452.15,4255.77,51.4719,7.45664,162.993,14.2706,114.359,1,16,-87,-6,11,53,50,5,29568768,262,1,415,13499,
453.171,4269.63,51.4719,7.45681,162.329,13.7103,114.871,1,14,-84,-6,11,56,52,5,29568768,262,1,415,13499,
454.141,4283.26,51.4718,7.45699,161.808,13.3773,114.91,1,14,-84,-6,11,56,52,5,29568768,262,1,415,13499,
455.14,4296.44,51.4717,7.45716,161.298,13.1563,115.543,1,17,-86,-6,12,54,51,5,29568768,262,1,415,13499,
456.148,4309.47,51.4717,7.45732,160.824,12.8179,116.108,1,17,-86,-6,12,54,51,5,29568768,262,1,415,13499,
457.147,4321.85,51.4716,7.45748,160.393,12.3831,117.339,1,18,-89,-6,12,51,48,5,29568768,262,1,415,13499,
458.146,4333.31,51.4716,7.45763,159.828,12.2254,118.002,1,18,-89,-6,12,51,48,5,29568768,262,1,415,13499,
459.143,4344.46,51.4715,7.45777,159.225,12.0159,117.17,1,22,-89,-6,13,51,48,5,29568768,262,1,415,13499,
460.114,4356.45,51.4715,7.45792,158.65,11.7852,116.751,1,22,-89,-6,13,51,48,5,29568768,262,1,415,13499,
461.162,4368.76,51.4714,7.45808,158.253,11.0449,116.296,1,22,-87,-6,15,53,50,5,29568768,262,1,415,13499,
462.153,4380.29,51.4714,7.45823,157.969,10.22,116.792,1,22,-87,-6,15,53,50,5,29568768,262,1,415,13499,
463.142,4390.46,51.4713,7.45836,157.863,9.47087,116.443,1,19,-85,-6,11,55,51,5,29568768,262,1,415,13499,
464.151,4399.43,51.4713,7.45847,157.603,8.92448,116.036,1,19,-85,-6,11,55,51,5,29568768,262,1,415,13499,
465.145,4409.16,51.4713,7.4586,156.853,8.3644,115.706,1,16,-89,-7,10,51,50,5,29568768,262,1,415,13499,
466.145,4417.91,51.4712,7.45871,156.555,8.02842,115.837,1,16,-89,-7,10,51,50,5,29568768,262,1,415,13499,
467.144,4425.04,51.4712,7.4588,156.305,7.44154,114.841,1,12,-90,-7,2,50,48,5,29568768,262,1,415,13499,
468.141,4431.85,51.4712,7.45888,155.893,6.28843,115.314,1,12,-90,-7,2,50,48,5,29568768,262,1,415,13499,
469.141,4437.49,51.4711,7.45895,155.679,5.56993,116.248,1,11,-92,-8,2,48,47,5,29568768,262,1,415,13499,
470.148,4443.09,51.4711,7.45902,155.496,5.05988,115.66,1,11,-92,-8,2,48,47,5,29568768,262,1,415,13499,
471.182,4448.23,51.4711,7.45909,155.274,4.67479,115.465,1,14,-93,-8,2,47,46,5,29568768,262,1,415,13499,
472.143,4452.07,51.4711,7.45914,155.256,4.26472,115.874,1,14,-93,-8,2,47,46,5,29568768,262,1,415,13499,
473.159,4455.58,51.4711,7.45919,155.259,3.78956,117.086,1,12,-92,-9,11,48,48,4,29568768,262,1,415,13499,
474.179,4458.68,51.4711,7.45922,155.241,1.83463,121.079,1,12,-92,-9,11,48,48,4,29568768,262,1,415,13499,
475.137,4459.47,51.4711,7.45923,155.237,0.327191,121.079,1,12,-92,-9,11,48,48,4,29568768,262,1,415,13499,
476.142,4459.47,51.4711,7.45923,155.24,0,121.079,1,10,-93,-9,8,47,45,4,29568768,262,1,415,13499,
477.146,4459.47,51.4711,7.45923,155.245,0,121.079,1,10,-93,-9,8,47,45,4,29568768,262,1,415,13499,
478.139,4459.47,51.4711,7.45923,155.256,0,121.079,1,9,-93,-9,8,47,44,4,29568768,262,1,415,13499,
479.146,4459.47,51.4711,7.45923,155.273,0,121.079,1,9,-93,-9,8,47,44,4,29568768,262,1,415,13499,
480.152,4459.47,51.4711,7.45923,155.291,0,121.079,1,11,-92,-9,12,48,46,4,29568768,262,1,415,13499,
481.155,4459.47,51.4711,7.45923,155.311,0,121.079,1,11,-92,-9,12,48,46,4,29568768,262,1,415,13499,
482.139,4459.47,51.4711,7.45923,155.33,0,121.079,1,9,-93,-9,11,47,45,4,29568768,262,1,415,13499,
483.161,4459.47,51.4711,7.45923,155.351,0,121.079,1,9,-93,-9,11,47,45,4,29568768,262,1,415,13499,
484.151,4459.47,51.4711,7.45923,155.372,0,121.079,1,11,-92,-9,8,48,46,4,29568768,262,1,415,13499,
485.138,4459.47,51.4711,7.45923,155.391,0,121.079,1,11,-92,-9,8,48,46,4,29568768,262,1,415,13499,
486.143,4459.47,51.4711,7.45923,155.412,0,121.079,1,8,-92,-9,8,48,46,4,29568768,262,1,415,13499,
487.148,4459.47,51.4711,7.45923,155.429,0,121.079,1,8,-92,-9,8,48,46,4,29568768,262,1,415,13499,
488.154,4459.47,51.4711,7.45923,155.448,0,121.079,1,10,-91,-8,2,49,46,4,29568768,262,1,415,13499,
489.161,4459.47,51.4711,7.45923,155.466,0,121.079,1,10,-91,-8,2,49,46,4,29568768,262,1,415,13499,
490.153,4459.47,51.4711,7.45923,155.482,0,121.079,1,10,-92,-9,2,48,46,4,29568768,262,1,415,13499,
491.147,4459.47,51.4711,7.45923,155.494,0,121.079,1,10,-92,-9,2,48,46,4,29568768,262,1,415,13499,
492.132,4459.47,51.4711,7.45923,155.509,0,121.079,1,10,-93,-9,13,47,45,4,29568768,262,1,415,13499,
493.16,4459.47,51.4711,7.45923,155.526,0,121.079,1,10,-93,-9,13,47,45,4,29568768,262,1,415,13499,
494.151,4459.47,51.4711,7.45923,155.543,0,121.079,1,8,-92,-9,12,48,47,4,29568768,262,1,415,13499,
495.144,4459.47,51.4711,7.45923,155.558,0,121.079,1,8,-92,-9,12,48,47,4,29568768,262,1,415,13499,
496.142,4459.47,51.4711,7.45923,155.568,0,121.079,1,11,-92,-8,9,48,46,4,29568768,262,1,415,13499,
497.138,4459.47,51.4711,7.45923,155.575,0,121.079,1,11,-92,-8,9,48,46,4,29568768,262,1,415,13499,
498.146,4459.47,51.4711,7.45923,155.577,0,121.079,1,11,-93,-9,12,47,45,4,29568768,262,1,415,13499,
499.166,4459.47,51.4711,7.45923,155.583,0,121.079,1,11,-93,-9,12,47,45,4,29568768,262,1,415,13499,
500.144,4459.47,51.4711,7.45923,155.592,0,121.079,1,10,-94,-10,8,46,47,4,29568768,262,1,415,13499,
501.157,4459.47,51.4711,7.45923,155.74,0,121.079,1,10,-94,-10,8,46,47,4,29568768,262,1,415,13499,
502.133,4459.47,51.4711,7.45923,155.74,0,121.079,1,10,-93,-9,9,47,48,4,29568768,262,1,415,13499,
503.146,4459.47,51.4711,7.45923,155.808,0,121.079,1,10,-93,-9,9,47,48,4,29568768,262,1,415,13499,
504.142,4459.47,51.4711,7.45923,155.872,0,110.253,1,10,-94,-9,8,46,46,4,29568768,262,1,415,13499,
505.156,4459.47,51.4711,7.45923,155.913,0,110.253,1,10,-94,-9,8,46,46,4,29568768,262,1,415,13499,
506.165,4459.47,51.4711,7.45923,155.944,0,116.121,1,6,-95,-10,11,45,46,4,29568768,262,1,415,13499,
507.153,4472.05,51.471,7.45941,156.518,0,117.31,1,6,-95,-10,11,45,46,4,29568768,262,1,415,13499,
508.146,4477.41,51.471,7.45948,156.86,4.98926,117.945,1,6,-95,-10,11,45,46,4,29568768,262,1,415,13499,
509.148,4484.03,51.471,7.45956,157.067,4.76798,118.295,1,2,-94,-11,8,46,48,4,29568768,262,1,415,13499,
510.157,4490.57,51.4709,7.45965,156.94,6.7905,117.662,1,2,-94,-11,8,46,48,4,29568768,262,1,415,13499,
511.145,4498.24,51.4709,7.45975,156.963,8.03511,116.648,1,4,-93,-11,8,47,49,4,29568768,262,1,415,13499,
512.147,4507.45,51.4709,7.45987,157.288,9.93546,115.479,1,4,-93,-11,8,47,49,4,29568768,262,1,415,13499,
513.144,4517.49,51.4709,7.46001,157.403,10.5034,114.315,1,-2,-98,-13,6,42,46,4,29568768,262,1,415,13499,
514.157,4527.72,51.4708,7.46014,157.319,11.441,113.379,1,-2,-98,-13,6,42,46,4,29568768,262,1,415,13499,
515.143,4540.07,51.4708,7.46031,157.486,12.0941,112.316,1,-4,-100,-15,2,40,45,4,29568768,262,1,415,13499,
516.145,4553.41,51.4707,7.46049,157.627,13.0271,112.083,1,-4,-100,-15,2,40,45,4,29568768,262,1,415,13499,
517.136,4568.1,51.4707,7.46069,157.807,13.8833,112.874,1,-4,-97,-12,2,43,47,4,29401602,262,1,429,13499,
518.144,4581.98,51.4706,7.46087,158.268,13.9663,113.766,1,-4,-97,-12,2,43,47,4,29401602,262,1,429,13499,
519.156,4594.59,51.4706,7.46104,158.383,13.7317,114.174,1,-1,-95,-10,2,45,47,4,29568769,262,1,416,13499,
520.147,4608.92,51.4705,7.46123,158.373,13.6159,114.928,1,-1,-95,-10,2,45,47,4,29568769,262,1,416,13499,
521.14,4623.06,51.4705,7.46141,158.276,13.2536,115.504,1,0,-95,-11,2,45,47,4,29568769,262,1,416,13499,
522.158,4636.36,51.4704,7.46158,158.197,12.5974,115.562,1,0,-95,-11,2,45,47,4,29568769,262,1,416,13499,
523.149,4649.84,51.4704,7.46176,157.464,11.7765,116.121,1,-6,-100,-14,2,40,45,4,29568769,262,1,416,13499,
524.154,4661.36,51.4703,7.46191,157.423,12.6067,116.519,1,-6,-100,-14,2,40,45,4,29568769,262,1,416,13499,
525.131,4675.85,51.4703,7.4621,156.575,12.9444,115.883,1,1,-100,-12,2,40,43,4,26378498,262,1,495,13499,
526.146,4688.98,51.4702,7.46226,156.183,13.3186,115.19,1,1,-100,-12,2,40,43,4,26378498,262,1,495,13499,
527.152,4703.01,51.4702,7.46244,156.022,13.864,115.433,1,2,-100,-11,2,40,42,4,26378498,262,1,495,13499,
528.165,4716.18,51.4701,7.46261,156.489,14.478,115.457,1,2,-100,-11,2,40,42,4,26378498,262,1,495,13499,
529.199,4730.4,51.4701,7.4628,157.055,15.1142,114.023,1,1,-99,-11,2,41,42,4,26378498,262,1,495,13499,
530.145,4745.68,51.47,7.46301,157.831,14.6087,113.989,1,1,-99,-11,2,41,42,4,26378498,262,1,495,13499,
531.156,4760.27,51.4699,7.4632,158.837,14.3044,113.053,1,0,-98,-10,8,42,43,13,26378498,262,1,495,13499,
532.173,4775.74,51.4699,7.46341,159.669,14.2737,114.352,1,0,-98,-10,8,42,43,13,26378498,262,1,495,13499,
533.14,4791.23,51.4698,7.46361,159.707,14.6886,112.875,1,2,-100,-10,8,40,42,13,26378498,262,1,495,13499,
534.119,4805.96,51.4698,7.46381,159.871,15.0673,112.185,1,2,-100,-10,8,40,42,13,26378498,262,1,495,13499,
535.142,4820.17,51.4697,7.464,159.825,14.9619,111.042,1,2,-100,-10,8,40,42,13,26378498,262,1,495,13499,
536.15,4833.11,51.4697,7.46418,158.973,14.6028,109.682,1,5,-100,-10,9,40,41,13,26378498,262,1,495,13499,
537.161,4847.98,51.4697,7.46438,157.991,14.5007,108.767,1,5,-100,-10,9,40,41,13,26378498,262,1,495,13499,
538.158,4861.76,51.4696,7.46457,156.747,14.3128,108.25,1,3,-99,-9,9,41,42,13,26378498,262,1,495,13499,
539.155,4875.78,51.4696,7.46477,155.373,14.3482,107.13,1,3,-99,-9,9,41,42,13,26378498,262,1,495,13499,
540.149,4888.94,51.4696,7.46495,154.745,14.0209,105.097,1,2,-100,-10,8,40,41,13,26378498,262,1,495,13499,
541.15,4903.08,51.4695,7.46515,154.712,14.2141,103.596,1,2,-100,-10,8,40,41,13,26378498,262,1,495,13499,
542.154,4916.72,51.4695,7.46535,154.987,13.9454,101.272,1,0,-96,-8,6,44,43,14,29401601,262,1,430,13499,
543.141,4931.14,51.4695,7.46555,155.572,13.9835,99.9316,1,0,-96,-8,6,44,43,14,29401601,262,1,430,13499,
544.133,4945.89,51.4695,7.46577,156.255,14.0171,97.4308,1,10,-95,-7,13,45,44,14,29401601,262,1,430,13499,
545.147,4961.1,51.4695,7.46599,156.666,14.1491,96.2901,1,10,-95,-7,13,45,44,14,29401601,262,1,430,13499,
546.154,4975.56,51.4695,7.46619,156.403,13.896,95.526,1,10,-94,-7,8,46,44,14,29401601,262,1,430,13499,
547.144,4989.16,51.4695,7.46639,156.019,13.7004,93.682,1,10,-94,-7,8,46,44,14,29401601,262,1,430,13499,
548.144,5002.96,51.4695,7.46659,155.774,13.9923,92.1617,1,7,-93,-7,8,47,45,14,29401601,262,1,430,13499,
549.141,5016.7,51.4695,7.46679,155.905,14.3106,90.8813,1,7,-93,-7,8,47,45,14,29401601,262,1,430,13499,
550.15,5031.96,51.4695,7.46701,156.116,15.2115,89.361,1,11,-90,-6,9,50,47,14,29401601,262,1,430,13499,
551.165,5045.69,51.4695,7.46721,156.781,15.5639,87.8423,1,11,-90,-6,9,50,47,14,29401601,262,1,430,13499,
552.15,5062.24,51.4695,7.46744,157.139,16.6265,86.5712,1,2,-97,-9,8,43,42,14,29401601,262,1,430,13499,
553.149,5078.62,51.4695,7.46768,157.596,17.1634,85.4632,1,2,-97,-9,8,43,42,14,29401601,262,1,430,13499,
554.138,5095.51,51.4695,7.46792,158.218,17.0059,83.5048,1,4,-96,-9,7,44,43,14,29401601,262,1,430,13499,
555.136,5112.79,51.4695,7.46817,158.908,17.084,82.9364,1,4,-96,-9,7,44,43,14,29401601,262,1,430,13499,
556.148,5130.6,51.4696,7.46842,159.024,17.3247,82.4061,1,6,-98,-8,9,42,40,14,29401601,262,1,430,13499,
557.141,5147.78,51.4696,7.46867,159.246,17.5176,81.6369,1,6,-98,-8,9,42,40,14,29401601,262,1,430,13499,
558.142,5165.36,51.4696,7.46892,159.215,17.5321,80.9108,1,6,-98,-8,9,42,40,14,29401601,262,1,430,13499,
559.141,5184.17,51.4697,7.46918,159.207,17.7004,80.2528,1,3,-105,-13,7,35,39,16,29401601,262,1,430,13499,
560.149,5201.37,51.4697,7.46943,159.124,17.1226,81.2183,1,3,-105,-13,7,35,39,16,29401601,262,1,430,13499,
561.161,5219.67,51.4697,7.46969,159.195,17.486,79.9465,1,2,-100,-10,8,40,41,16,29401601,262,1,430,13499,
562.144,5238.01,51.4697,7.46995,159.07,17.9194,80.7833,1,2,-100,-10,8,40,41,16,29401601,262,1,430,13499,
563.156,5255.66,51.4698,7.4702,158.636,18.0162,80.6471,1,4,-98,-10,8,42,43,16,29401601,262,1,430,13499,
564.164,5273.67,51.4698,7.47046,158.716,17.521,81.2011,1,4,-98,-10,8,42,43,16,29401601,262,1,430,13499,
565.147,5290.93,51.4698,7.4707,159.021,17.5945,81.5767,1,6,-98,-10,8,42,43,16,29401601,262,1,430,13499,
566.164,5308.61,51.4698,7.47095,159.739,17.8558,82.8306,1,6,-98,-10,8,42,43,16,29401601,262,1,430,13499,
567.146,5326.48,51.4699,7.47121,160.455,18.4133,85.5219,1,7,-97,-8,10,43,42,16,29401601,262,1,430,13499,
568.155,5344.89,51.4699,7.47148,160.981,18.6044,87.2417,1,7,-97,-8,10,43,42,16,29401601,262,1,430,13499,
569.224,5363.29,51.4699,7.47174,161.538,18.4369,88.5679,1,3,-99,-9,8,41,42,16,29401601,262,1,430,13499,
570.153,5381.86,51.4699,7.47201,162.511,17.7216,89.6183,1,3,-99,-9,8,41,42,16,29401601,262,1,430,13499,
571.167,5398.94,51.4699,7.47226,163.759,17.2116,91.1602,1,4,-100,-10,7,40,41,16,29401601,262,1,430,13499,
572.146,5416.27,51.4699,7.47251,164.65,16.7083,93.1728,1,4,-100,-10,7,40,41,16,29401601,262,1,430,13499,
573.157,5433.87,51.4698,7.47276,165.522,17.1037,94.1624,1,-1,-102,-11,5,38,41,16,29401601,262,1,430,13499,
574.168,5450.04,51.4698,7.47299,166.733,17.0768,95.985,1,-1,-102,-11,5,38,41,16,29401601,262,1,430,13499,
575.148,5468,51.4698,7.47325,167.883,17.4533,95.5209,1,1,-101,-13,5,39,42,16,29401601,262,1,430,13499,
576.153,5485.21,51.4698,7.4735,168.773,16.7393,97.0632,1,1,-101,-13,5,39,42,16,29401601,262,1,430,13499,
577.149,5502.45,51.4698,7.47374,169.384,16.5483,97.8653,1,-2,-102,-13,5,38,43,16,29401601,262,1,430,13499,
578.178,5519.76,51.4697,7.47399,169.662,16.6686,97.2788,1,-2,-102,-13,5,38,43,16,29401601,262,1,430,13499,
579.156,5536.68,51.4697,7.47423,170.008,16.597,98.3014,1,-4,-105,-15,4,35,42,16,29401601,262,1,430,13499,
580.149,5552.65,51.4697,7.47446,170.38,17.2245,97.6963,1,-4,-105,-15,4,35,42,16,29401601,262,1,430,13499,
581.161,5570.38,51.4697,7.47471,170.988,17.4471,97.3656,1,-5,-106,-16,4,34,41,93,29908736,262,1,430,13499,
582.157,5588.06,51.4696,7.47497,171.026,17.2028,96.7386,1,-5,-106,-16,4,34,41,93,29908736,262,1,430,13499,
583.151,5605.23,51.4696,7.47521,171.018,17.3332,96.0838,1,-3,-104,-13,6,36,40,9,29908736,262,1,196,13499,
584.152,5622.99,51.4696,7.47547,170.957,16.8353,95.1277,1,-3,-104,-13,6,36,40,9,29908736,262,1,196,13499,
585.169,5639.98,51.4696,7.47571,170.861,15.732,94.4923,1,-2,-100,-12,6,40,43,9,26378497,262,1,496,13499,
586.15,5655.76,51.4696,7.47594,170.269,15.6929,92.9501,1,-2,-100,-12,6,40,43,9,26378497,262,1,496,13499,
587.135,5671.21,51.4696,7.47616,169.701,14.5684,92.0029,1,-2,-100,-12,6,40,43,9,26378497,262,1,496,13499,
588.139,5683.55,51.4696,7.47634,169.26,13.7453,90.9368,1,-1,-100,-12,7,40,43,9,26378497,262,1,496,13499,
589.139,5696.72,51.4696,7.47653,169.362,12.5992,88.5002,1,-1,-100,-12,7,40,43,9,26378497,262,1,496,13499,
590.148,5708.91,51.4696,7.47671,169.547,12.7625,87.9407,1,-4,-100,-12,5,40,43,9,26378497,262,1,496,13499,
591.151,5721.7,51.4696,7.47689,169.99,13.7417,86.6445,1,-4,-100,-12,5,40,43,9,26378497,262,1,496,13499,
592.144,5737.02,51.4696,7.47711,170.179,13.5428,85.204,1,-4,-100,-14,5,40,45,9,26378497,262,1,496,13499,
593.132,5749.23,51.4696,7.47729,170.469,13.348,83.6909,1,-4,-100,-14,5,40,45,9,26378497,262,1,496,13499,
594.134,5763.7,51.4696,7.47749,171.333,13.5596,81.7068,1,-4,-99,-14,5,41,47,9,26378497,262,1,496,13499,
595.154,5777.75,51.4697,7.4777,171.6,13.4476,80.4551,1,-4,-99,-14,5,41,47,9,26378497,262,1,496,13499,
596.151,5789.96,51.4697,7.47787,171.827,12.9202,78.7454,1,-3,-95,-11,6,45,47,9,26378497,262,1,496,13499,
597.166,5802.37,51.4697,7.47805,172.431,12.6871,79.1575,1,-3,-95,-11,6,45,47,9,26378497,262,1,496,13499,
598.149,5815.53,51.4697,7.47823,172.965,12.5928,78.3752,1,6,-94,-10,9,46,47,9,26378497,262,1,496,13499,
599.147,5828.63,51.4697,7.47842,173.682,12.7935,77.2405,1,6,-94,-10,9,46,47,9,26378497,262,1,496,13499,
600.15,5841.65,51.4698,7.4786,174.495,12.8891,76.4743,1,10,-90,-8,10,50,50,9,26378497,262,1,496,13499,
601.152,5854.29,51.4698,7.47878,175.18,12.7318,75.9868,1,10,-90,-8,10,50,50,9,26378497,262,1,496,13499,
602.151,5866.88,51.4698,7.47895,175.801,12.3432,75.1666,1,13,-86,-6,9,54,49,9,26378497,262,1,496,13499,
603.158,5878.79,51.4699,7.47912,176.146,12.3008,74.6642,1,13,-86,-6,9,54,49,9,26378497,262,1,496,13499,
604.139,5890.57,51.4699,7.47928,176.426,12.4284,74.1658,1,19,-81,-5,11,59,50,9,26378497,262,1,496,13499,
605.148,5902.19,51.4699,7.47944,176.964,12.3516,72.3975,1,19,-81,-5,11,59,50,9,26378497,262,1,496,13499,
606.155,5914.06,51.4699,7.47961,177.723,12.0182,72.7525,1,19,-79,-5,12,61,56,9,26378497,262,1,496,13499,
607.161,5926.16,51.47,7.47977,178.267,12.6959,73.7184,1,19,-79,-5,12,61,56,9,26378497,262,1,496,13499,
608.223,5939.47,51.47,7.47996,178.777,13.3845,72.9045,1,19,-80,-7,2,60,58,9,26378497,262,1,496,13499,
609.138,5953.79,51.4701,7.48015,178.607,14.2946,71.9696,1,19,-80,-7,2,60,58,9,26378497,262,1,496,13499,
610.138,5969.13,51.4701,7.48036,178.451,14.2783,71.3086,1,9,-88,-8,9,52,51,8,26378497,262,1,496,13499,
611.138,5983.84,51.4701,7.48057,178.039,13.6492,71.5766,1,9,-88,-8,9,52,51,8,26378497,262,1,496,13499,
612.184,5997.81,51.4702,7.48076,177.603,13.4459,71.5839,1,12,-87,-6,13,53,48,8,26378497,262,1,496,13499,
613.149,6009.95,51.4702,7.48093,176.833,13.1028,72.0537,1,12,-87,-6,13,53,48,8,26378497,262,1,496,13499,
614.153,6022.16,51.4702,7.4811,175.929,12.6341,72.7305,1,18,-83,-7,14,57,54,8,26378497,262,1,496,13499,
615.146,6034.31,51.4703,7.48127,175.243,10.9683,73.5435,1,18,-83,-7,14,57,54,8,26378497,262,1,496,13499,
616.153,6041.69,51.4703,7.48137,174.896,8.09701,73.2775,1,18,-83,-7,14,57,54,8,26378497,262,1,496,13499,
617.154,6049.06,51.4703,7.48147,174.941,4.64302,87.4546,1,9,-88,-7,12,52,49,8,26378497,262,1,496,13499,
618.147,6053.94,51.4703,7.48154,175.087,5.45959,115.029,1,9,-88,-7,12,52,49,8,26378497,262,1,496,13499,
619.148,6060.79,51.4702,7.4816,175.508,7.09956,147.432,1,10,-87,-6,11,53,50,8,26378497,262,1,496,13499,
620.151,6070.02,51.4702,7.48168,176.366,8.25091,151.307,1,10,-87,-6,11,53,50,8,26378497,262,1,496,13499,
621.151,6079.58,51.4701,7.48175,177.034,9.30031,154.83,1,2,-90,-7,10,50,47,8,26378497,262,1,496,13499,
622.156,6090.48,51.47,7.4818,178.228,10.8314,158.469,1,2,-90,-7,10,50,47,8,26378497,262,1,496,13499,
623.153,6100.33,51.4699,7.48184,178.736,11.8502,160.079,1,7,-89,-7,12,51,50,8,26378497,262,1,496,13499,
624.15,6112.09,51.4698,7.4819,179.109,12.7036,160.718,1,7,-89,-7,12,51,50,8,26378497,262,1,496,13499,
625.159,6123.72,51.4697,7.48195,179.082,13.7238,162.059,1,23,-91,-7,8,49,48,8,26378497,262,1,496,13499,
626.134,6138.14,51.4696,7.482,179.263,14.0793,163.241,1,23,-91,-7,8,49,48,8,26378497,262,1,496,13499,
627.142,6152.58,51.4695,7.48206,179.365,13.9938,164.143,1,8,-90,-7,2,50,48,8,26378497,262,1,496,13499,
628.143,6167.6,51.4693,7.48211,179.303,13.6972,164.705,1,8,-90,-7,2,50,48,8,26378497,262,1,496,13499,
629.149,6182.4,51.4692,7.48215,179.071,13.6582,165.892,1,3,-93,-9,2,47,47,8,26378497,262,1,496,13499,
630.168,6197.27,51.4691,7.4822,178.688,14.1956,166.458,1,3,-93,-9,2,47,47,8,26378497,262,1,496,13499,
631.154,6212.01,51.4689,7.48225,178.243,13.3261,166.901,1,7,-93,-9,6,47,46,11,26378497,262,1,496,13499,
632.139,6227.54,51.4688,7.48229,178.135,14.4854,166.16,1,7,-93,-9,6,47,46,11,26378497,262,1,496,13499,
633.147,6241.87,51.4687,7.48234,178.262,14.3807,165.279,1,2,-95,-11,9,45,48,11,26378497,262,1,496,13499,
634.159,6257.03,51.4685,7.48239,178.546,14.5281,164.763,1,2,-95,-11,9,45,48,11,26378497,262,1,496,13499,
635.158,6271.89,51.4684,7.48244,178.862,14.2395,164.399,1,11,-99,-9,7,41,41,11,26378497,262,1,496,13499,
636.141,6287.76,51.4683,7.48249,179.234,14.783,165.408,1,11,-99,-9,7,41,41,11,26378497,262,1,496,13499,
637.146,6303.1,51.4681,7.48254,179.508,14.936,166.423,1,11,-99,-9,7,41,41,11,26378497,262,1,496,13499,
638.144,6317.99,51.468,7.48258,179.617,14.5414,166.956,1,-3,-102,-10,7,38,39,11,26378497,262,1,496,13499,
639.15,6332.99,51.4679,7.48263,179.853,14.0034,166.835,1,-3,-102,-10,7,38,39,11,26378497,262,1,496,13499,
640.157,6347.17,51.4678,7.48267,179.93,14.5889,168.032,1,1,-103,-12,4,37,40,11,26378497,262,1,496,13499,
641.153,6360.45,51.4676,7.48271,179.568,14.3199,169.418,1,1,-103,-12,4,37,40,11,26378497,262,1,496,13499,
642.155,6374.04,51.4675,7.48274,178.81,13.5279,171.104,1,-2,-102,-10,4,38,40,11,26378497,262,1,496,13499,
643.139,6387.07,51.4674,7.48276,177.975,13.1307,174.488,1,-2,-102,-10,4,38,40,11,26378497,262,1,496,13499,
644.143,6399.28,51.4673,7.48277,177.505,12.5575,177.518,1,4,-106,-12,8,34,38,11,26378497,262,1,496,13499,
645.147,6412.54,51.4672,7.48276,177.397,13.4491,179.688,1,4,-106,-12,8,34,38,11,26378497,262,1,496,13499,
646.14,6426.96,51.467,7.48276,177.232,14.5182,180.729,1,0,-102,-8,6,38,36,19,28371200,262,1,68,13499,
647.145,6441.14,51.4669,7.48274,177.007,13.811,183.199,1,0,-102,-8,6,38,36,19,28371200,262,1,68,13499,
648.147,6455.08,51.4668,7.48272,176.402,13.6771,185.298,1,10,-103,-9,9,37,37,19,28371200,262,1,68,13499,
649.151,6469.71,51.4667,7.48267,175.803,13.7304,187.984,1,10,-103,-9,9,37,37,19,28371200,262,1,68,13499,
650.23,6484.42,51.4665,7.48262,175.432,12.8309,191.949,1,11,-98,-8,9,42,42,19,28371200,262,1,68,13499,
651.147,6497.98,51.4664,7.48253,175.098,11.3579,206.494,1,11,-98,-8,9,42,42,19,28371200,262,1,68,13499,
652.153,6511.31,51.4663,7.48245,174.503,13.2978,204.426,1,7,-96,-9,7,44,46,19,28371200,262,1,68,13499,
653.147,6524.49,51.4662,7.48238,173.361,14.0411,202.231,1,7,-96,-9,7,44,46,19,28371200,262,1,68,13499,
654.17,6538.26,51.4661,7.48231,172.386,14.3165,202.641,1,4,-98,-7,6,42,40,15,30492930,262,1,9,13499,
655.156,6553.92,51.466,7.48222,171.557,15.6414,200.906,1,4,-98,-7,6,42,40,15,30492930,262,1,9,13499,
656.172,6570.6,51.4658,7.48215,171,15.6414,201.377,1,2,-116,-12,6,24,28,15,30492930,262,1,9,13499,
657.16,6586.12,51.4657,7.48205,170.335,14.8671,204.485,1,2,-116,-12,6,24,28,15,30492930,262,1,9,13499,
658.154,6601.15,51.4656,7.48196,169.798,14.4987,203.204,1,2,-101,-12,7,39,43,15,30492930,262,1,9,13499,
659.152,6616.17,51.4654,7.48187,170.128,14.957,203.556,1,2,-101,-12,7,39,43,15,30492930,262,1,9,13499,
660.156,6631.83,51.4653,7.48177,169.764,15.8242,203.213,1,1,-102,-11,7,38,40,15,30492930,262,1,9,13499,
661.148,6647.37,51.4652,7.48168,169.926,16.1954,203.128,1,1,-102,-11,7,38,40,15,30492930,262,1,9,13499,
662.146,6664.09,51.465,7.48158,170.57,15.7408,202.661,1,1,-102,-11,7,38,40,15,30492930,262,1,9,13499,
663.134,6680.27,51.4649,7.4815,171.339,15.1065,201.797,1,0,-105,-13,6,35,38,15,30492930,262,1,9,13499,
664.151,6695.45,51.4648,7.48142,172.32,15.3497,200.918,1,0,-105,-13,6,35,38,15,30492930,262,1,9,13499,
665.129,6711.13,51.4647,7.48134,173.509,15.4492,200.445,1,3,-102,-9,7,38,39,15,26378497,262,1,496,13499,
666.133,6726.5,51.4645,7.48127,174.591,15.3785,199.867,1,3,-102,-9,7,38,39,15,26378497,262,1,496,13499,
667.152,6741.86,51.4644,7.48119,175.54,15.6474,199.064,1,-3,-106,-10,6,34,35,16,28371200,262,1,68,13499,
668.144,6757.46,51.4643,7.48113,176.516,15.6912,198.348,1,-3,-106,-10,6,34,35,16,28371200,262,1,68,13499,
669.142,6772.46,51.4641,7.48106,177.38,15.8089,197.952,1,3,-107,-9,8,33,33,16,28371200,262,1,68,13499,
670.127,6788.43,51.464,7.48099,178.119,15.9464,197.522,1,3,-107,-9,8,33,33,16,28371200,262,1,68,13499,
671.137,6803.91,51.4639,7.48093,178.753,15.591,197.105,1,0,-108,-10,7,32,32,16,28371200,262,1,68,13499,
672.14,6819.77,51.4637,7.48087,179.319,15.598,196.765,1,0,-108,-10,7,32,32,16,28371200,262,1,68,13499,
673.138,6835.81,51.4636,7.48082,179.278,15.4523,196.603,1,0,-111,-12,6,29,31,16,28371200,262,1,68,13499,
674.142,6851.51,51.4634,7.48076,179.523,15.4922,197.108,1,0,-111,-12,6,29,31,16,28371200,262,1,68,13499,
675.154,6866.74,51.4633,7.48071,180.141,14.1937,196.636,1,-1,-98,-8,9,42,34,15,28371206,262,1,129,13499,
676.134,6881.92,51.4632,7.48065,180.211,15.0867,196.033,1,-1,-98,-8,9,42,34,15,28371206,262,1,129,13499,
677.163,6896.85,51.463,7.48058,180.307,15.3304,196.406,1,3,-101,-11,8,39,34,15,28371206,262,1,129,13499,
678.154,6911.94,51.4629,7.48052,180.511,14.6944,195.832,1,3,-101,-11,8,39,34,15,28371206,262,1,129,13499,
679.145,6926.88,51.4628,7.48046,180.742,14.5459,195.702,1,2,-99,-10,7,41,35,15,28371206,262,1,129,13499,
680.142,6940.78,51.4627,7.48041,181.054,14.073,196.438,1,2,-99,-10,7,41,35,15,28371206,262,1,129,13499,
681.141,6954.47,51.4626,7.48035,181.184,13.7969,195.762,1,1,-94,-8,6,46,37,25,29568778,262,1,353,13499,
682.151,6966.98,51.4624,7.4803,181.013,13.0677,195.238,1,1,-94,-8,6,46,37,25,29568778,262,1,353,13499,
683.208,6979.07,51.4623,7.48025,181.076,11.492,195.882,1,6,-95,-8,11,45,35,25,29568778,262,1,353,13499,
684.149,6989.84,51.4622,7.4802,180.916,10.9644,196.828,1,6,-95,-8,11,45,35,25,29568778,262,1,353,13499,
685.146,6997.28,51.4622,7.48017,180.694,7.53341,197.161,1,2,-98,-10,9,42,36,25,29568778,262,1,353,13499,
686.139,7003.94,51.4621,7.48018,180.637,6.29933,175.686,1,2,-98,-10,9,42,36,25,29568778,262,1,353,13499,
687.147,7008.43,51.4621,7.48022,180.367,4.82008,141.003,1,3,-92,-8,8,48,37,25,29568778,262,1,353,13499,
688.161,7014.1,51.4621,7.4803,180.293,6.27385,106.995,1,3,-92,-8,8,48,37,25,29568778,262,1,353,13499,
689.134,7019.75,51.4621,7.48038,179.349,6.29383,90.0499,1,5,-100,-10,8,40,33,25,29568778,262,1,353,13499,
690.137,7027.03,51.4621,7.48049,178.474,7.32391,89.6426,1,5,-100,-10,8,40,33,25,29568778,262,1,353,13499,
691.141,7036.27,51.4621,7.48062,177.568,7.9892,89.2294,1,3,-100,-10,9,40,32,25,29568778,262,1,353,13499,
692.137,7044.67,51.4621,7.48074,177.383,7.59652,89.7286,1,3,-100,-10,9,40,32,25,29568778,262,1,353,13499,
693.145,7052.69,51.4621,7.48086,177.204,7.47929,88.7414,1,3,-100,-10,9,40,32,25,29568778,262,1,353,13499,
694.139,7060.64,51.4621,7.48097,177.001,7.80939,89.0766,1,1,-99,-8,8,41,34,25,29568778,262,1,353,13499,
695.138,7069.14,51.4621,7.48109,177.064,8.64291,90.0117,1,1,-99,-8,8,41,34,25,29568778,262,1,353,13499,
696.143,7077.67,51.4621,7.48122,177.098,9.3053,90.0263,1,2,-102,-10,6,38,30,25,29568778,262,1,353,13499,
697.148,7087.27,51.4621,7.48136,176.936,9.38331,90.9815,1,2,-102,-10,6,38,30,25,29568778,262,1,353,13499,
698.151,7096.72,51.4621,7.48149,177.073,9.39513,90.6439,1,1,-105,-12,6,35,30,25,29568778,262,1,353,13499,
699.151,7105.91,51.4621,7.48163,177.248,8.95619,90.9833,1,1,-105,-12,6,35,30,25,29568778,262,1,353,13499,
700.168,7114.5,51.4621,7.48175,177.635,8.77167,91.5086,1,1,-105,-11,8,35,30,25,29568778,262,1,353,13499,
701.139,7122.67,51.4621,7.48187,177.774,8.45564,91.8393,1,1,-105,-11,8,35,30,25,29568778,262,1,353,13499,
702.147,7131.36,51.4621,7.48199,177.808,8.84842,91.1984,1,1,-103,-10,7,37,31,25,29568778,262,1,353,13499,
703.149,7139.81,51.4621,7.48212,177.788,9.24723,91.9175,1,1,-103,-10,7,37,31,25,29568778,262,1,353,13499,
704.163,7148.72,51.4621,7.48224,178.09,9.05251,91.2176,1,0,-106,-12,7,34,30,25,29568778,262,1,353,13499,
705.143,7157.56,51.4621,7.48237,178.401,9.15978,90.8554,1,0,-106,-12,7,34,30,25,29568778,262,1,353,13499,
706.144,7166.47,51.4621,7.4825,178.828,9.23311,90.4417,1,0,-103,-12,7,37,33,25,29568778,262,1,353,13499,
707.136,7175.33,51.4621,7.48263,179.416,9.1436,89.983,1,0,-103,-12,7,37,33,25,29568778,262,1,353,13499,
708.143,7183.88,51.4621,7.48275,179.9,8.64669,90.5932,1,4,-101,-11,2,39,34,25,29568778,262,1,353,13499,
709.131,7192.98,51.4621,7.48288,180.507,8.80791,89.7431,1,4,-101,-11,2,39,34,25,29568778,262,1,353,13499,
710.154,7201.12,51.4621,7.483,181.134,8.65648,90.0323,1,1,-103,-8,2,37,34,25,26378497,262,1,496,13499,
711.144,7209.53,51.4621,7.48312,181.727,8.30468,88.6052,1,1,-103,-8,2,37,34,25,26378497,262,1,496,13499,
712.15,7218.16,51.4621,7.48325,182.302,8.60874,87.1689,1,8,-102,-9,2,38,37,25,26378497,262,1,496,13499,
713.155,7225.48,51.4621,7.48335,182.451,5.75904,74.3901,1,8,-102,-9,2,38,37,25,26378497,262,1,496,13499,
714.158,7232.24,51.4621,7.48345,183.353,6.16178,100.576,1,-3,-104,-9,2,36,36,25,26378497,262,1,496,13499,
715.151,7241.74,51.462,7.48358,184.786,6.16178,91.0209,1,-3,-104,-9,2,36,36,25,26378497,262,1,496,13499,
716.154,7250.08,51.462,7.4837,184.989,7.15265,93.8968,1,-3,-104,-9,2,36,36,25,26378497,262,1,496,13499,
717.146,7259.91,51.462,7.48384,186.228,8.99467,88.0532,1,-4,-108,-10,2,32,33,25,26378497,262,1,496,13499,
718.143,7267.54,51.462,7.48395,186.329,6.15993,107.472,1,-4,-108,-10,2,32,33,25,26378497,262,1,496,13499,
719.134,7278.29,51.462,7.4841,186.205,7.74801,124.136,1,7,-111,-11,2,29,32,25,28371200,262,1,68,13499,
720.149,7286.8,51.462,7.48421,186.701,8.28278,125.753,1,7,-111,-11,2,29,32,25,28371200,262,1,68,13499,
721.147,7295.25,51.4619,7.48426,186.658,9.15872,163.433,1,7,-107,-10,2,33,34,25,28371200,262,1,68,13499,
722.138,7305.41,51.4618,7.4843,186.708,9.93545,164.149,1,7,-107,-10,2,33,34,25,28371200,262,1,68,13499,
723.143,7316.12,51.4617,7.48433,186.926,10.2264,164.959,1,10,-99,-8,2,41,40,25,28371200,262,1,68,13499,
724.139,7327.52,51.4616,7.48437,187.169,10.1966,166.316,1,10,-99,-8,2,41,40,25,28371200,262,1,68,13499,
725.148,7339.4,51.4615,7.4844,187.414,11.1603,167.953,1,6,-98,-8,2,42,41,25,28371200,262,1,68,13499,
726.149,7352.68,51.4614,7.48443,187.808,11.823,168.31,1,6,-98,-8,2,42,41,25,28371200,262,1,68,13499,
727.147,7366.41,51.4613,7.48446,188.454,14.0187,171.305,1,5,-98,-9,2,42,42,25,28371200,262,1,68,13499,
728.132,7380.93,51.4611,7.48449,188.963,14.0987,172.063,1,5,-98,-9,2,42,42,25,28371200,262,1,68,13499,
729.157,7394.64,51.461,7.48451,189.431,13.7946,173.712,1,6,-97,-9,2,43,43,25,28371200,262,1,68,13499,
730.161,7408.44,51.4609,7.48452,189.855,14.2021,175.468,1,6,-97,-9,2,43,43,25,28371200,262,1,68,13499,
731.14,7423.15,51.4608,7.48452,190.21,14.5236,177.437,1,5,-95,-8,2,45,46,25,28371200,262,1,68,13499,
732.149,7439.28,51.4606,7.48452,190.782,14.8409,179.474,1,5,-95,-8,2,45,46,25,28371200,262,1,68,13499,
733.161,7455.3,51.4605,7.48451,191.048,14.7414,181.543,1,4,-101,-11,7,39,40,10,28371200,262,1,68,13499,
734.147,7470.76,51.4603,7.48449,191.422,14.6856,182.84,1,4,-101,-11,7,39,40,10,28371200,262,1,68,13499,
735.146,7485.96,51.4602,7.48446,191.692,14.917,184.174,1,1,-103,-11,7,37,39,10,28371200,262,1,68,13499,
736.15,7500.71,51.4601,7.48444,192.073,14.3719,186.274,1,1,-103,-11,7,37,39,10,28371200,262,1,68,13499,
737.14,7515.5,51.4599,7.4844,192.55,13.8681,188.665,1,-1,-107,-13,5,33,36,10,28371200,262,1,68,13499,
738.145,7531.05,51.4598,7.48436,193.388,13.8909,190.006,1,-1,-107,-13,5,33,36,10,28371200,262,1,68,13499,
739.132,7545.68,51.4597,7.48432,194.002,14.2527,190.47,1,-3,-112,-14,4,28,34,10,28371200,262,1,68,13499,
740.138,7561.17,51.4595,7.48428,194.541,14.7216,190.378,1,-3,-112,-14,4,28,34,10,28371200,262,1,68,13499,
741.139,7575.9,51.4594,7.48424,195.018,14.4756,190.853,1,-3,-112,-14,4,28,34,10,28371200,262,1,68,13499,
742.151,7591.16,51.4593,7.48419,195.606,14.2234,191.277,1,4,-106,-11,7,34,37,10,28371200,262,1,68,13499,
743.159,7607.21,51.4591,7.48414,196.226,16.0593,190.927,1,4,-106,-11,7,34,37,10,28371200,262,1,68,13499,
744.14,7621.85,51.459,7.48409,196.78,14.7373,191.676,1,-2,-106,-12,5,34,38,10,28371200,262,1,68,13499,
745.141,7637.74,51.4588,7.48405,197.909,14.8151,191.608,1,-2,-106,-12,5,34,38,10,28371200,262,1,68,13499,
746.142,7652.97,51.4587,7.484,199.281,15.1685,190.779,1,-3,-105,-12,5,35,37,10,28371200,262,1,68,13499,
747.146,7668.18,51.4586,7.48396,200.637,15.2045,191.636,1,-3,-105,-12,5,35,37,10,28371200,262,1,68,13499,
748.144,7683.2,51.4584,7.48392,202.103,14.9444,191.445,1,-2,-104,-12,2,36,39,10,28371200,262,1,68,13499,
749.142,7698.55,51.4583,7.48387,203.541,14.9848,191.211,1,-2,-104,-12,2,36,39,10,28371200,262,1,68,13499,
750.147,7713.61,51.4582,7.48383,204.81,14.432,191.513,1,6,-98,-10,6,42,44,7,28371200,262,1,68,13499,
751.148,7729.44,51.458,7.48378,206.101,14.922,191.932,1,6,-98,-10,6,42,44,7,28371200,262,1,68,13499,
752.146,7745.68,51.4579,7.48373,207.185,15.0262,192.384,1,5,-97,-10,9,43,44,7,28371200,262,1,68,13499,
753.156,7761.62,51.4578,7.48368,207.654,15.2316,192.786,1,5,-97,-10,9,43,44,7,28371200,262,1,68,13499,
754.14,7777.74,51.4576,7.48364,207.695,15.3359,192.308,1,10,-94,-10,11,46,47,7,28371200,262,1,68,13499,
755.139,7794.82,51.4575,7.48359,207.913,16.6445,191.714,1,10,-94,-10,11,46,47,7,28371200,262,1,68,13499,
756.142,7809.74,51.4573,7.48356,208.321,15.7056,190.751,1,13,-94,-8,11,46,45,7,28371200,262,1,68,13499,
757.144,7825.27,51.4572,7.48352,208.715,15.8405,191.172,1,13,-94,-8,11,46,45,7,28371200,262,1,68,13499,
758.151,7842.47,51.457,7.48348,208.97,16.5027,190.842,1,7,-96,-10,11,44,44,7,28371200,262,1,68,13499,
759.151,7860.69,51.4569,7.48344,209.515,16.6845,190.613,1,7,-96,-10,11,44,44,7,28371200,262,1,68,13499,
760.154,7878.04,51.4567,7.4834,210.004,16.8132,190.437,1,10,-88,-8,10,52,53,7,28371200,262,1,68,13499,
761.153,7894.09,51.4566,7.48336,210.815,16.5302,189.961,1,10,-88,-8,10,52,53,7,28371200,262,1,68,13499,
762.129,7910.69,51.4564,7.48333,211.634,16.0363,189.164,1,13,-95,-10,12,45,47,7,28371200,262,1,68,13499,
763.153,7927.4,51.4563,7.4833,212.499,15.6478,188.131,1,13,-95,-10,12,45,47,7,28371200,262,1,68,13499,
764.142,7943.46,51.4561,7.48327,213.399,15.6813,187.034,1,13,-95,-10,12,45,47,7,28371200,262,1,68,13499,
765.157,7958.99,51.456,7.48325,214.019,15.2773,186.139,1,12,-92,-10,12,48,49,7,28371200,262,1,68,13499,
766.278,7974.52,51.4559,7.48324,214.781,16.0158,184.391,1,12,-92,-10,12,48,49,7,28371200,262,1,68,13499,
767.149,7990.78,51.4557,7.48323,215.216,16.4104,182.786,1,8,-88,-7,2,52,49,7,28371202,262,1,67,13499,
768.129,8005.46,51.4556,7.48323,215.989,16.3873,180.987,1,8,-88,-7,2,52,49,7,28371202,262,1,67,13499,
769.149,8021.08,51.4554,7.48324,216.914,16.5278,178.679,1,8,-92,-7,8,48,46,6,28371202,262,1,67,13499,
770.142,8039.05,51.4553,7.48327,218.083,16.7105,177.366,1,8,-92,-7,8,48,46,6,28371202,262,1,67,13499,
771.149,8056.56,51.4551,7.4833,219.331,16.9136,175.788,1,16,-88,-5,12,52,49,6,28371202,262,1,67,13499,
772.173,8074.6,51.455,7.48335,220.279,16.8854,172.848,1,16,-88,-5,12,52,49,6,28371202,262,1,67,13499,
773.141,8090.87,51.4548,7.48342,221.328,16.7168,169.417,1,14,-89,-6,11,51,48,6,28371202,262,1,67,13499,
774.146,8107.63,51.4547,7.48348,222.616,16.1618,167.211,1,14,-89,-6,11,51,48,6,28371202,262,1,67,13499,
775.14,8122.42,51.4546,7.48356,223.656,16.3775,164.462,1,13,-91,-6,10,49,44,6,28371202,262,1,67,13499,
776.153,8137.59,51.4544,7.48365,224.337,16.3698,161.065,1,13,-91,-6,10,49,44,6,28371202,262,1,67,13499,
777.162,8173.64,51.4541,7.4839,225.072,16.2644,155.052,1,7,-95,-6,11,45,43,6,28371202,262,1,67,13499,
778.153,8173.64,51.4541,7.4839,225.072,16.2644,155.052,1,7,-95,-6,11,45,43,6,28371202,262,1,67,13499,
779.155,8191.81,51.454,7.48406,225.591,15.7853,141.947,1,10,-95,-7,9,45,43,6,28371202,262,1,67,13499,
780.143,8208.59,51.4539,7.48422,226.316,15.5682,140.935,1,10,-95,-7,9,45,43,6,28371202,262,1,67,13499,
781.149,8224.55,51.4538,7.48438,226.703,15.4096,138.811,1,7,-91,-6,8,49,47,6,28371202,262,1,67,13499,
782.149,8239.23,51.4537,7.48453,226.928,14.9136,137.232,1,7,-91,-6,8,49,47,6,28371202,262,1,67,13499,
783.169,8254.53,51.4536,7.48468,227.345,14.839,136.52,1,20,-87,-5,14,53,50,6,28371202,262,1,67,13499,
784.157,8270.39,51.4535,7.48485,227.721,15.4931,138.589,1,20,-87,-5,14,53,50,6,28371202,262,1,67,13499,
785.144,8285.87,51.4534,7.485,228.344,15.833,138.571,1,23,-85,-5,13,55,52,6,28371202,262,1,67,13499,
786.144,8302.15,51.4533,7.48517,229.804,16.0005,138.065,1,23,-85,-5,13,55,52,6,28371202,262,1,67,13499,
787.143,8319.08,51.4532,7.48535,230.77,16.0578,135.944,1,20,-82,-5,2,58,54,6,28371202,262,1,67,13499,
788.144,8335.68,51.4531,7.48553,231.774,16.2654,133.907,1,20,-82,-5,2,58,54,6,28371202,262,1,67,13499,
789.147,8351.87,51.453,7.48571,232.909,15.9896,133.137,1,22,-83,-7,2,57,55,6,28371202,262,1,67,13499,
790.143,8367.58,51.4529,7.48588,233.599,15.6436,133.011,1,22,-83,-7,2,57,55,6,28371202,262,1,67,13499,
791.146,8384.01,51.4528,7.48606,234.569,15.7762,133.456,1,22,-83,-7,2,57,55,6,28371202,262,1,67,13499,
792.152,8399.41,51.4527,7.48622,235.004,16.178,134.628,1,19,-84,-7,2,56,55,6,28371202,262,1,67,13499,
793.144,8416.16,51.4526,7.48639,235.116,16.5483,136.768,1,19,-84,-7,2,56,55,6,28371202,262,1,67,13499,
794.144,8431.91,51.4525,7.48654,235.764,16.2516,138.509,1,24,-83,-6,2,57,54,6,28371202,262,1,67,13499,
795.156,8448.15,51.4524,7.48668,235.969,16.0113,141.115,1,24,-83,-6,2,57,54,6,28371202,262,1,67,13499,
796.142,8463.94,51.4523,7.48682,236.537,15.6668,143.937,1,21,-83,-6,2,57,54,6,28371202,262,1,67,13499,
797.146,8480.01,51.4522,7.48694,236.879,16.0514,145.771,1,21,-83,-6,2,57,54,6,28371202,262,1,67,13499,
798.145,8496.8,51.452,7.48707,237.696,16.0878,147.282,1,13,-84,-6,2,56,53,6,28371202,262,1,67,13499,
799.139,8513.92,51.4519,7.48719,238.455,16.5315,150.01,1,13,-84,-6,2,56,53,6,28371202,262,1,67,13499,
800.139,8530.67,51.4518,7.4873,239.435,16.8928,152.324,1,21,-87,-6,2,53,51,6,28371202,262,1,67,13499,
801.141,8547.11,51.4516,7.4874,239.933,15.7423,154.043,1,21,-87,-6,2,53,51,6,28371202,262,1,67,13499,
802.156,8563.17,51.4515,7.48748,240.774,15.3183,155.664,1,11,-87,-6,2,53,51,6,28371202,262,1,67,13499,
803.142,8578.66,51.4514,7.48756,241.749,14.6716,157.584,1,11,-87,-6,2,53,51,6,28371202,262,1,67,13499,
804.144,8593.65,51.4512,7.48764,242.842,14.8335,157.585,1,5,-88,-7,2,52,50,6,28371202,262,1,67,13499,
805.14,8608.65,51.4511,7.48771,243.541,14.3751,159.797,1,5,-88,-7,2,52,50,6,28371202,262,1,67,13499,
806.138,8623.71,51.451,7.48778,244.031,14.7936,161.507,1,16,-92,-7,2,48,46,6,28371202,262,1,67,13499,
807.146,8638.74,51.4509,7.48785,244.199,15.3002,162.271,1,16,-92,-7,2,48,46,6,28371202,262,1,67,13499,
808.139,8652.81,51.4507,7.48791,244.298,14.4681,161.6,1,17,-94,-8,2,46,45,6,28371202,262,1,67,13499,
809.144,8667.27,51.4506,7.48798,244.602,13.8265,161.111,1,17,-94,-8,2,46,45,6,28371202,262,1,67,13499,
810.228,8682.16,51.4505,7.48805,244.988,13.4713,160.528,1,15,-95,-8,2,45,45,6,28371202,262,1,67,13499,
811.138,8695.59,51.4504,7.48812,245.677,13.3043,160.136,1,15,-95,-8,2,45,45,6,28371202,262,1,67,13499,
