0.106,0,51.49,7.41218,165.613,0,243.383,1,17,-85,-6,2,55,53,5,29391105,262,1,351,13499,
1.392,0,51.49,7.41218,165.599,0,243.383,1,19,-84,-7,11,56,57,6,29391105,262,1,351,13499,
2.44,1.30761,51.49,7.41219,165.347,0,44.8775,1,19,-84,-7,11,56,57,6,29391105,262,1,351,13499,
3.492,3.02828,51.49,7.41221,165.135,0,75.0697,1,17,-85,-8,10,55,57,6,29391105,262,1,351,13499,
4.519,5.65379,51.4901,7.41223,164.914,1.0029,32.5486,1,17,-85,-8,10,55,57,6,29391105,262,1,351,13499,
5.566,8.38515,51.4901,7.41224,164.705,1.65546,7.92771,1,10,-88,-10,8,52,54,6,29391105,262,1,351,13499,
6.558,11.5085,51.4901,7.41225,164.544,2.09749,4.31318,1,10,-88,-10,8,52,54,6,29391105,262,1,351,13499,
7.549,14.9314,51.4901,7.41224,164.43,2.40026,354.214,1,11,-90,-9,8,50,52,6,29391105,262,1,351,13499,
8.559,18.4695,51.4902,7.41223,164.368,2.6391,350.065,1,11,-90,-9,8,50,52,6,29391105,262,1,351,13499,
9.562,22.2067,51.4902,7.41222,164.365,2.81449,349.419,1,2,-94,-9,6,46,45,7,26385408,262,1,95,13499,
10.561,26.0984,51.4902,7.41221,164.447,2.91839,348.209,1,2,-94,-9,6,46,45,7,26385408,262,1,95,13499,
11.561,29.6045,51.4903,7.4122,164.558,2.94277,359.53,1,8,-91,-7,12,49,47,7,26385408,262,1,95,13499,
12.561,29.6045,51.4897,7.40731,nan,2.94588,26.3128,1,8,-91,-7,12,49,47,7,26385408,262,1,95,13499,
13.547,29.6045,51.4903,7.41225,165.297,3.04122,62.9345,1,10,-89,-7,10,51,48,7,26385408,262,1,95,13499,
14.584,35.2328,51.4903,7.41233,165.266,3.26557,75.6468,1,10,-89,-7,10,51,48,7,26385408,262,1,95,13499,
15.549,42.4835,51.4903,7.41243,164.481,3.61465,77.0177,1,15,-89,-6,9,51,50,7,26385408,262,1,95,13499,
16.562,49.944,51.4904,7.41254,163.551,4.06436,79.4152,1,15,-89,-6,9,51,50,7,26385408,262,1,95,13499,
17.553,60.4324,51.4904,7.41269,162.256,9.9908,78.2142,1,11,-86,-9,9,54,54,7,26385408,262,1,95,13499,
18.559,71.9234,51.4904,7.41285,160.617,10.9396,79.2755,1,11,-86,-9,9,54,54,7,26385408,262,1,95,13499,
19.554,83.837,51.4904,7.41301,159.648,11.5793,78.854,1,11,-86,-9,9,54,54,7,26385408,262,1,95,13499,
20.573,97.2792,51.4905,7.4132,159.714,11.8613,79.1066,1,10,-88,-7,8,52,51,7,26385408,262,1,95,13499,
21.575,109.179,51.4905,7.41337,160.117,12.0006,78.7768,1,10,-88,-7,8,52,51,7,26385408,262,1,95,13499,
22.554,120.701,51.4905,7.41353,160.244,12.1386,78.9849,1,7,-89,-8,12,51,50,7,26385408,262,1,95,13499,
23.543,133.654,51.4905,7.41372,160.034,12.3453,79.1973,1,7,-89,-8,12,51,50,7,26385408,262,1,95,13499,
24.561,145.621,51.4905,7.41389,159.841,12.5235,78.4352,1,0,-88,-6,2,52,51,7,26385408,262,1,95,13499,
25.548,157.397,51.4906,7.41406,159.234,12.6809,78.5963,1,0,-88,-6,2,52,51,7,26385408,262,1,95,13499,
26.574,170.49,51.4906,7.41424,158.17,12.7101,78.0694,1,-2,-91,-10,2,49,50,7,26385408,262,1,95,13499,
27.561,182.976,51.4906,7.41442,157.328,12.7793,78.6866,1,-2,-91,-10,2,49,50,7,26385408,262,1,95,13499,
28.565,195.726,51.4906,7.4146,156.448,12.816,79.0029,1,9,-89,-9,2,51,52,7,26385408,262,1,95,13499,
29.539,208.857,51.4906,7.41479,155.268,12.817,79.6005,1,9,-89,-9,2,51,52,7,26385408,262,1,95,13499,
30.566,221.76,51.4907,7.41497,154.292,12.8044,80.3861,1,2,-88,-9,2,52,52,7,26385408,262,1,95,13499,
31.549,235.076,51.4907,7.41516,154.009,13.0036,81.417,1,2,-88,-9,2,52,52,7,26385408,262,1,95,13499,
32.554,235.076,51.4903,7.4138,nan,12.9206,82.7533,1,-8,-90,-11,2,50,53,7,26385408,262,1,95,13499,
33.573,235.076,51.4907,7.41552,153.498,12.845,83.8716,1,-8,-90,-11,2,50,53,7,26385408,262,1,95,13499,
34.579,247.792,51.4907,7.41571,153.169,12.8801,85.8144,1,16,-86,-10,2,54,55,7,29391105,262,1,351,13499,
35.561,260.538,51.4907,7.41589,152.563,12.6541,87.9324,1,16,-86,-10,2,54,55,7,29391105,262,1,351,13499,
36.552,273.056,51.4907,7.41607,151.294,11.8385,90.3218,1,18,-78,-8,11,62,61,4,29391105,262,1,351,13499,
37.565,284.813,51.4907,7.41624,149.995,10.8304,92.8844,1,18,-78,-8,11,62,61,4,29391105,262,1,351,13499,
38.553,294.71,51.4907,7.41638,148.622,9.2805,95.0402,1,19,-81,-9,12,59,59,4,29391105,262,1,351,13499,
39.611,303.235,51.4907,7.4165,147.111,7.7619,97.4277,1,19,-81,-9,12,59,59,4,29391105,262,1,351,13499,
40.564,310.816,51.4906,7.41661,145.953,6.62598,112.92,1,21,-82,-9,11,58,59,4,29391105,262,1,351,13499,
41.542,315.374,51.4906,7.41667,144.833,4.41983,109.518,1,21,-82,-9,11,58,59,4,29391105,262,1,351,13499,
42.543,319.762,51.4906,7.41673,144.769,2.88413,107.892,1,17,-83,-9,1,57,56,4,29391105,262,1,351,13499,
43.577,321.942,51.4906,7.41676,144.695,1.5052,105.053,1,17,-83,-9,1,57,56,4,29391105,262,1,351,13499,
44.575,322.677,51.4906,7.41677,144.592,0.64936,105.053,1,20,-83,-9,13,57,58,4,29391105,262,1,351,13499,
45.584,322.677,51.4906,7.41677,144.578,0,105.053,1,20,-83,-9,13,57,58,4,29391105,262,1,351,13499,
46.566,322.677,51.4906,7.41677,144.57,0,105.053,1,20,-83,-9,13,57,58,4,29391105,262,1,351,13499,
47.561,322.677,51.4906,7.41677,144.562,0,105.053,1,16,-83,-9,12,57,56,4,29391105,262,1,351,13499,
48.585,322.677,51.4906,7.41677,144.555,0,105.053,1,16,-83,-9,12,57,56,4,29391105,262,1,351,13499,
49.568,322.677,51.4906,7.41677,144.549,0,105.053,1,17,-83,-9,12,57,56,4,29391105,262,1,351,13499,
50.581,322.677,51.4906,7.41677,144.538,0,105.053,1,17,-83,-9,12,57,56,4,29391105,262,1,351,13499,
51.564,322.677,51.4906,7.41677,144.52,0,105.053,1,18,-83,-9,12,57,57,4,29391105,262,1,351,13499,
52.565,322.677,51.4921,7.42188,nan,0,105.053,1,18,-83,-9,12,57,57,4,29391105,262,1,351,13499,
53.545,322.677,51.4906,7.41677,144.468,0,105.053,1,18,-83,-9,8,57,57,4,29391105,262,1,351,13499,
54.568,322.677,51.4906,7.41677,144.442,0,105.053,1,18,-83,-9,8,57,57,4,29391105,262,1,351,13499,
55.552,322.677,51.4906,7.41677,144.418,0,105.053,1,18,-83,-9,12,57,56,4,29391105,262,1,351,13499,
56.568,322.677,51.4906,7.41677,144.398,0,105.053,1,18,-83,-9,12,57,56,4,29391105,262,1,351,13499,
57.574,322.677,51.4906,7.41677,144.381,0,105.053,1,18,-83,-9,2,57,56,4,29391105,262,1,351,13499,
58.564,322.677,51.4906,7.41677,144.366,0,105.053,1,18,-83,-9,2,57,56,4,29391105,262,1,351,13499,
59.551,322.677,51.4906,7.41677,144.354,0,105.053,1,19,-83,-9,2,57,56,4,29391105,262,1,351,13499,
60.565,322.677,51.4906,7.41677,144.351,0,105.053,1,19,-83,-9,2,57,56,4,29391105,262,1,351,13499,
61.569,322.677,51.4906,7.41677,144.352,0,105.053,1,18,-84,-7,2,56,54,4,29391105,262,1,351,13499,
62.573,322.677,51.4906,7.41677,144.354,0,105.053,1,18,-84,-7,2,56,54,4,29391105,262,1,351,13499,
63.552,322.677,51.4906,7.41677,144.363,0,105.053,1,19,-84,-6,2,56,53,4,29391105,262,1,351,13499,
64.56,322.677,51.4906,7.41677,144.372,0,105.053,1,19,-84,-6,2,56,53,4,29391105,262,1,351,13499,
65.553,322.677,51.4906,7.41677,144.379,0,105.053,1,19,-84,-6,2,56,53,4,29391105,262,1,351,13499,
66.558,322.677,51.4906,7.41677,144.385,0,105.053,1,19,-84,-6,2,56,53,4,29391105,262,1,351,13499,
67.56,322.677,51.4906,7.41677,144.391,0,105.053,1,19,-84,-6,2,56,53,4,29391105,262,1,351,13499,
68.56,322.677,51.4906,7.41677,144.398,0,105.053,1,19,-84,-7,2,56,53,4,29391105,262,1,351,13499,
69.573,322.677,51.4906,7.41677,144.404,0,105.053,1,19,-84,-7,2,56,53,4,29391105,262,1,351,13499,
70.561,322.677,51.4906,7.41677,144.411,0,105.053,1,19,-84,-7,2,56,54,4,29391105,262,1,351,13499,
71.542,322.677,51.4906,7.41677,144.417,0,105.053,1,19,-84,-7,2,56,54,4,29391105,262,1,351,13499,
72.561,322.677,51.4921,7.42188,nan,0,105.053,1,17,-84,-7,2,56,53,4,29391105,262,1,351,13499,
73.569,322.677,51.4906,7.41677,144.515,0,105.053,1,17,-84,-7,2,56,53,4,29391105,262,1,351,13499,
74.557,322.677,51.4906,7.41677,144.567,0,105.053,1,17,-84,-7,2,56,53,4,29391105,262,1,351,13499,
75.564,322.677,51.4906,7.41677,144.682,0,97.533,1,17,-84,-7,2,56,53,4,29391105,262,1,351,13499,
76.557,331.742,51.4906,7.41689,144.82,0,98.3118,1,25,-83,-7,2,57,55,4,29391105,262,1,351,13499,
77.546,336.24,51.4906,7.41696,145.976,4.857,98.9935,1,25,-83,-7,2,57,55,4,29391105,262,1,351,13499,
78.561,340.486,51.4906,7.41702,147.264,5.01706,96.3306,1,27,-75,-9,15,65,63,5,29391105,262,1,351,13499,
79.554,344.054,51.4906,7.41707,148.015,4.90162,76.5212,1,27,-75,-9,15,65,63,5,29391105,262,1,351,13499,
80.573,349.486,51.4906,7.41714,148.487,5.52984,57.1251,1,19,-87,-8,11,53,51,5,29391105,262,1,351,13499,
81.572,353.365,51.4906,7.41718,149.001,5.5928,31.3578,1,19,-87,-8,11,53,51,5,29391105,262,1,351,13499,
82.568,358.098,51.4907,7.41719,149.461,6.33433,2.35854,1,11,-90,-9,14,50,50,5,29391105,262,1,351,13499,
83.557,364.525,51.4907,7.41719,150.189,6.99289,358.781,1,11,-90,-9,14,50,50,5,29391105,262,1,351,13499,
84.569,372.466,51.4908,7.41719,150.959,6.74433,356.198,1,10,-91,-6,8,49,46,5,29391105,262,1,351,13499,
85.555,378.941,51.4909,7.41718,152.106,5.31528,359.333,1,10,-91,-6,8,49,46,5,29391105,262,1,351,13499,
86.566,384.55,51.4909,7.41723,152.445,5.16071,37.7321,1,8,-92,-6,9,48,46,5,29391105,262,1,351,13499,
87.551,390.706,51.4909,7.4173,152.996,5.62534,60.2893,1,8,-92,-6,9,48,46,5,29391105,262,1,351,13499,
88.56,396.316,51.4909,7.41738,153.294,6.60535,98.7226,1,3,-94,-7,10,46,44,5,29391105,262,1,351,13499,
89.553,402.978,51.4909,7.41748,153.496,7.27094,97.2152,1,3,-94,-7,10,46,44,5,29391105,262,1,351,13499,
90.555,411.278,51.4909,7.4176,153.706,7.73696,96.1325,1,4,-99,-8,10,41,40,5,29391105,262,1,351,13499,
91.543,419.502,51.4909,7.41772,153.666,8.19537,95.2003,1,4,-99,-8,10,41,40,5,29391105,262,1,351,13499,
92.561,419.502,51.4921,7.42188,nan,8.48784,94.8656,1,4,-99,-8,10,41,40,5,29391105,262,1,351,13499,
93.64,419.502,51.4909,7.41798,151.684,9.01576,94.6479,1,10,-97,-7,2,43,40,5,29391105,262,1,351,13499,
94.569,429.014,51.4909,7.41812,150.514,9.45723,95.272,1,10,-97,-7,2,43,40,5,29391105,262,1,351,13499,
95.565,437.779,51.4909,7.41824,149.346,9.89454,97.1839,1,13,-92,-6,12,48,45,6,29391105,262,1,351,13499,
96.571,449.748,51.4909,7.41842,147.93,10.189,100.271,1,13,-92,-6,12,48,45,6,29391105,262,1,351,13499,
97.55,458.676,51.4908,7.41853,146.516,10.0091,115.179,1,12,-94,-7,12,46,44,6,29391105,262,1,351,13499,
98.565,468.187,51.4908,7.41866,145.466,9.68399,117.411,1,12,-94,-7,12,46,44,6,29391105,262,1,351,13499,
99.562,477.58,51.4907,7.41876,144.961,9.67753,131.479,1,7,-99,-8,5,41,38,6,29391105,262,1,351,13499,
100.568,486.954,51.4907,7.41886,145.085,9.94101,132.347,1,7,-99,-8,5,41,38,6,29391105,262,1,351,13499,
101.565,497.206,51.4906,7.41896,145.119,10.1598,133.736,1,-2,-104,-10,7,36,37,6,29391105,262,1,351,13499,
102.568,506.987,51.4905,7.41906,144.819,8.29501,136.487,1,-2,-104,-10,7,36,37,6,29391105,262,1,351,13499,
103.567,517.011,51.4905,7.41916,144.546,9.35886,137.783,1,-3,-100,-8,6,40,39,13,28365056,262,1,222,13499,
104.569,526.842,51.4904,7.41925,143.993,9.24392,138.16,1,-3,-100,-8,6,40,39,13,28365056,262,1,222,13499,
105.554,537.624,51.4903,7.41936,143.653,9.56569,137.789,1,2,-103,-8,9,37,37,13,28365056,262,1,222,13499,
106.568,547.336,51.4903,7.41945,143.366,9.56811,137.444,1,2,-103,-8,9,37,37,13,28365056,262,1,222,13499,
107.567,556.703,51.4902,7.41954,143.142,9.66475,137.985,1,2,-102,-8,9,38,37,13,28365056,262,1,222,13499,
108.568,566.436,51.4901,7.41964,143.341,10.0082,138.24,1,2,-102,-8,9,38,37,13,28365056,262,1,222,13499,
109.561,576.913,51.4901,7.41974,143.683,10.0463,137.761,1,2,-101,-9,8,39,39,13,28365056,262,1,222,13499,
110.552,586.992,51.49,7.41983,143.75,10.0809,138.166,1,2,-101,-9,8,39,39,13,28365056,262,1,222,13499,
111.569,597.627,51.4899,7.41993,143.784,10.1773,139.09,1,1,-99,-9,7,41,41,13,28365056,262,1,222,13499,
112.552,597.627,51.4891,7.42235,nan,10.1463,140.384,1,1,-99,-9,7,41,41,13,28365056,262,1,222,13499,
113.566,597.627,51.4898,7.4201,143.717,10.1191,140.031,1,1,-99,-9,7,41,41,13,28365056,262,1,222,13499,
114.56,607.56,51.4897,7.42018,143.626,9.53976,141.691,1,7,-98,-8,6,42,41,13,28365056,262,1,222,13499,
115.565,617.913,51.4896,7.42026,143.691,9.87006,144.118,1,7,-98,-8,6,42,41,13,28365056,262,1,222,13499,
116.555,628.337,51.4896,7.42035,144.051,9.51784,143.696,1,5,-101,-9,10,39,39,13,28365056,262,1,222,13499,
117.561,638.544,51.4895,7.42043,144.45,9.52933,143.083,1,5,-101,-9,10,39,39,13,28365056,262,1,222,13499,
118.544,646.191,51.4894,7.4205,144.447,8.84533,139.896,1,1,-95,-6,2,45,41,13,28365056,262,1,222,13499,
119.562,653.124,51.4894,7.42059,144.551,8.86887,117.763,1,1,-95,-6,2,45,41,13,28365056,262,1,222,13499,
120.562,661.794,51.4894,7.4207,144.421,8.41434,115.298,1,2,-97,-6,2,43,39,13,28365056,262,1,222,13499,
121.56,670.056,51.4893,7.42081,143.61,7.59744,112.698,1,2,-97,-6,2,43,39,13,28365056,262,1,222,13499,
122.569,676.024,51.4893,7.42089,143.258,5.84546,109.428,1,5,-100,-7,2,40,37,13,28365056,262,1,222,13499,
123.562,679.828,51.4893,7.42094,143.283,3.16234,110.818,1,5,-100,-7,2,40,37,13,28365056,262,1,222,13499,
124.553,683.314,51.4893,7.42098,143.29,3.41867,137.22,1,4,-103,-8,2,37,35,13,28365056,262,1,222,13499,
125.566,686.694,51.4893,7.421,143.342,3.4959,161.582,1,4,-103,-8,2,37,35,13,28365056,262,1,222,13499,
126.563,690.864,51.4892,7.42099,143.991,5.13451,192.755,1,2,-103,-8,2,37,36,13,28365056,262,1,222,13499,
127.548,697.098,51.4892,7.42097,144.305,6.18358,193.237,1,2,-103,-8,2,37,36,13,28365056,262,1,222,13499,
128.56,704.345,51.4891,7.42094,144.557,7.83596,194.202,1,3,-103,-9,2,37,37,13,28365056,262,1,222,13499,
129.568,712.263,51.489,7.42091,144.633,9.09533,193.805,1,3,-103,-9,2,37,37,13,28365056,262,1,222,13499,
130.573,722.423,51.489,7.42087,144.296,10.0492,193.403,1,-1,-101,-9,2,39,40,13,28365056,262,1,222,13499,
131.564,731.554,51.4889,7.42083,143.671,9.10066,195.625,1,-1,-101,-9,2,39,40,13,28365056,262,1,222,13499,
132.572,731.554,51.4896,7.41994,nan,8.47716,195.697,1,-4,-98,-9,2,42,42,13,28365056,262,1,222,13499,
133.587,731.554,51.4887,7.42076,142.426,6.94474,196.035,1,-4,-98,-9,2,42,42,13,28365056,262,1,222,13499,
134.56,737.397,51.4887,7.42073,142.185,5.23728,195.386,1,3,-91,-8,2,49,49,13,29391105,262,1,351,13499,
135.631,742.333,51.4886,7.42072,142.149,4.49753,181.71,1,3,-91,-8,2,49,49,13,29391105,262,1,351,13499,
136.553,748.137,51.4886,7.42078,142.698,4.81831,132.601,1,3,-91,-8,2,49,49,13,29391105,262,1,351,13499,
137.551,752.861,51.4886,7.42084,142.884,6.27773,96.7784,1,1,-89,-7,7,51,50,9,29391105,262,1,351,13499,
138.542,761.729,51.4886,7.42097,141.991,7.25218,97.3372,1,1,-89,-7,7,51,50,9,29391105,262,1,351,13499,
139.55,768.769,51.4886,7.42107,141.831,7.06784,95.7335,1,4,-91,-8,10,49,48,9,29391105,262,1,351,13499,
140.55,775.457,51.4886,7.42117,141.698,6.92288,96.9673,1,4,-91,-8,10,49,48,9,29391105,262,1,351,13499,
141.569,782.8,51.4885,7.42127,141.177,7.24097,100.86,1,-2,-92,-9,4,48,48,9,29391105,262,1,351,13499,
142.546,790.612,51.4885,7.42137,140.282,6.95559,120.935,1,-2,-92,-9,4,48,48,9,29391105,262,1,351,13499,
143.557,798.188,51.4885,7.42145,140.459,6.87048,123.56,1,4,-93,-9,7,47,48,9,29391105,262,1,351,13499,
144.552,805.631,51.4884,7.42153,140.768,7.45061,126.188,1,4,-93,-9,7,47,48,9,29391105,262,1,351,13499,
145.572,813.845,51.4884,7.42162,141.279,7.84296,126.742,1,-3,-95,-10,9,45,46,9,29391105,262,1,351,13499,
146.596,821.723,51.4883,7.42171,142.317,7.26446,128.084,1,-3,-95,-10,9,45,46,9,29391105,262,1,351,13499,
147.575,829.468,51.4883,7.42179,142.517,7.42781,129.152,1,-2,-96,-8,6,44,45,9,29391105,262,1,351,13499,
148.559,837.76,51.4882,7.42188,142.439,7.51265,129.921,1,-2,-96,-8,6,44,45,9,29391105,262,1,351,13499,
149.555,846.569,51.4882,7.42198,142.157,7.76098,127.464,1,-2,-96,-9,7,44,44,9,29391105,262,1,351,13499,
150.547,854.881,51.4882,7.42209,142.018,9.09905,114.371,1,-2,-96,-9,7,44,44,9,29391105,262,1,351,13499,
151.566,863.853,51.4881,7.42221,141.737,9.76762,112.178,1,3,-97,-9,7,43,42,9,29391105,262,1,351,13499,
152.545,863.853,51.4921,7.42188,nan,9.5991,109.824,1,3,-97,-9,7,43,42,9,29391105,262,1,351,13499,
153.56,863.853,51.4881,7.42246,141.967,9.583,108.126,1,2,-97,-8,7,43,41,9,29391105,262,1,351,13499,
154.54,873.82,51.488,7.4226,141.939,9.67683,107.107,1,2,-97,-8,7,43,41,9,29391105,262,1,351,13499,
155.514,883.688,51.488,7.42273,142.252,9.72847,106.541,1,-2,-103,-12,5,37,40,9,29391105,262,1,351,13499,
156.564,893.203,51.488,7.42286,142.432,9.92443,106.347,1,-2,-103,-12,5,37,40,9,29391105,262,1,351,13499,
157.547,902.463,51.488,7.42299,142.235,9.79056,105.724,1,1,-96,-7,9,44,43,13,28365056,262,1,222,13499,
158.558,911.888,51.488,7.42313,141.582,9.4145,104.113,1,1,-96,-7,9,44,43,13,28365056,262,1,222,13499,
159.547,921.946,51.4879,7.42327,140.987,9.64176,104.668,1,8,-95,-7,10,45,44,13,28365056,262,1,222,13499,
160.564,931.33,51.4879,7.4234,140.461,9.47863,107.5,1,8,-95,-7,10,45,44,13,28365056,262,1,222,13499,
161.566,942.473,51.4879,7.42355,140.28,9.81538,110.705,1,8,-95,-7,10,45,44,13,28365056,262,1,222,13499,
162.566,952.405,51.4878,7.42367,140.366,9.36868,112.727,1,21,-93,-7,9,47,44,13,28365056,262,1,222,13499,
163.55,961.649,51.4878,7.42378,140.973,9.2122,127.111,1,21,-93,-7,9,47,44,13,28365056,262,1,222,13499,
164.565,971.231,51.4877,7.42389,141.452,9.25654,130.01,1,7,-94,-7,11,46,44,13,28365056,262,1,222,13499,
165.575,981.034,51.4877,7.42399,141.987,9.04661,133.855,1,7,-94,-7,11,46,44,13,28365056,262,1,222,13499,
166.561,991.1,51.4876,7.42408,142.812,9.78789,136.363,1,10,-94,-8,9,46,46,13,28365056,262,1,222,13499,
167.561,1002.07,51.4875,7.42418,143.67,10.6063,139.214,1,10,-94,-8,9,46,46,13,28365056,262,1,222,13499,
168.549,1012.68,51.4874,7.42427,144.356,10.532,142.693,1,4,-93,-6,8,47,45,13,28365056,262,1,222,13499,
169.562,1024.18,51.4874,7.42437,145.075,10.7353,144.188,1,4,-93,-6,8,47,45,13,28365056,262,1,222,13499,
170.578,1035.88,51.4873,7.42446,145.862,10.8361,144.622,1,7,-97,-8,11,43,42,13,28365056,262,1,222,13499,
171.564,1047.14,51.4872,7.42455,146.336,11.3375,143.227,1,7,-97,-8,11,43,42,13,28365056,262,1,222,13499,
172.553,1047.14,51.4891,7.42235,nan,10.2593,140.536,1,4,-98,-8,2,42,41,13,28365056,262,1,222,13499,
173.553,1047.14,51.487,7.42476,146.13,9.4982,138.85,1,4,-98,-8,2,42,41,13,28365056,262,1,222,13499,
174.548,1057.95,51.487,7.42487,145.626,9.97587,135.969,1,3,-98,-8,2,42,41,13,28365056,262,1,222,13499,
175.55,1068.74,51.4869,7.42498,144.971,9.53932,134.675,1,3,-98,-8,2,42,41,13,28365056,262,1,222,13499,
176.564,1079.92,51.4868,7.4251,144.248,10.518,133.603,1,9,-95,-9,2,45,45,13,28367106,262,1,103,13499,
177.561,1091.33,51.4868,7.42522,143.98,10.8037,132.49,1,9,-95,-9,2,45,45,13,28367106,262,1,103,13499,
178.564,1102.77,51.4867,7.42534,143.072,10.9665,131.985,1,14,-93,-8,2,47,47,13,28367106,262,1,103,13499,
179.549,1115.01,51.4866,7.42548,142.029,11.7248,132.655,1,14,-93,-8,2,47,47,13,28367106,262,1,103,13499,
180.563,1126.73,51.4865,7.4256,141.057,11.0607,133.59,1,14,-93,-8,2,47,47,13,28367106,262,1,103,13499,
181.566,1138.81,51.4865,7.42573,139.657,11.4581,135.131,1,16,-91,-8,2,49,48,13,28367106,262,1,103,13499,
182.576,1150.99,51.4864,7.42585,137.918,11.5118,137.883,1,16,-91,-8,2,49,48,13,28367106,262,1,103,13499,
183.575,1162.27,51.4863,7.42596,135.977,11.9007,139.487,1,15,-91,-8,2,49,49,13,28367106,262,1,103,13499,
184.562,1174.02,51.4862,7.42607,134.584,11.9844,139.895,1,15,-91,-8,2,49,49,13,28367106,262,1,103,13499,
185.56,1185.63,51.4862,7.42618,133.365,12.0726,139.187,1,20,-88,-7,2,52,51,13,28367106,262,1,103,13499,
186.569,1198.38,51.4861,7.42631,132.444,12.0039,136.969,1,20,-88,-7,2,52,51,13,28367106,262,1,103,13499,
187.575,1211.64,51.486,7.42645,131.557,12.0544,133.981,1,25,-86,-6,2,54,52,13,28367106,262,1,103,13499,
188.556,1224.35,51.4859,7.42659,130.586,12.3821,130.761,1,25,-86,-6,2,54,52,13,28367106,262,1,103,13499,
189.557,1236.34,51.4859,7.42673,129.807,12.353,127.571,1,28,-86,-6,2,54,53,13,28367106,262,1,103,13499,
190.55,1249.26,51.4858,7.42689,128.99,12.8585,125.02,1,28,-86,-6,2,54,53,13,28367106,262,1,103,13499,
191.558,1262.48,51.4857,7.42706,128.064,12.679,123.902,1,20,-86,-6,2,54,52,13,28367106,262,1,103,13499,
192.524,1262.48,51.4833,7.43134,nan,11.6377,125.425,1,20,-86,-6,2,54,52,13,28367106,262,1,103,13499,
193.554,1262.48,51.4856,7.42731,126.792,11.3469,139.432,1,25,-87,-6,2,53,51,13,28367106,262,1,103,13499,
194.573,1273.85,51.4855,7.42743,126.527,11.1162,140.649,1,25,-87,-6,2,53,51,13,28367106,262,1,103,13499,
195.575,1284.78,51.4855,7.42753,126.209,10.6121,141.626,1,18,-92,-7,2,48,46,13,28367106,262,1,103,13499,
196.568,1294.83,51.4854,7.42762,126.139,10.202,142.528,1,18,-92,-7,2,48,46,13,28367106,262,1,103,13499,
197.547,1304.56,51.4853,7.42771,126.078,9.5834,145.438,1,17,-93,-7,2,47,45,13,28367106,262,1,103,13499,
198.555,1313.16,51.4853,7.42773,126.235,9.20625,171.23,1,17,-93,-7,2,47,45,13,28367106,262,1,103,13499,
199.55,1323.58,51.4852,7.42776,126.388,9.53557,170.437,1,22,-92,-6,2,48,45,13,28367106,262,1,103,13499,
200.566,1334.17,51.4851,7.4278,126.649,9.58803,168.725,1,22,-92,-6,2,48,45,13,28367106,262,1,103,13499,
201.56,1343.81,51.485,7.42783,126.791,10.3536,167.254,1,14,-93,-6,2,47,43,13,28367106,262,1,103,13499,
202.673,1354.62,51.4849,7.42788,126.614,10.1251,165.04,1,14,-93,-6,2,47,43,13,28367106,262,1,103,13499,
203.544,1365.48,51.4848,7.42793,126.551,10.7627,163.42,1,18,-85,-5,12,55,52,7,28367106,262,1,103,13499,
204.553,1377.86,51.4847,7.42798,126.202,11.0731,163.013,1,18,-85,-5,12,55,52,7,28367106,262,1,103,13499,
205.568,1387.98,51.4846,7.42803,126.245,11.0429,162.127,1,18,-85,-5,12,55,52,7,28367106,262,1,103,13499,
206.565,1398.92,51.4845,7.42809,126.036,11.0844,161.565,1,10,-86,-6,14,54,51,7,28367106,262,1,103,13499,
207.574,1410.38,51.4844,7.42814,125.828,11.0069,162.1,1,10,-86,-6,14,54,51,7,28367106,262,1,103,13499,
208.587,1421.37,51.4843,7.4282,125.478,10.3847,161.108,1,18,-85,-6,9,55,52,7,28367106,262,1,103,13499,
209.56,1432.45,51.4842,7.42825,126.244,11.1973,161.681,1,18,-85,-6,9,55,52,7,28367106,262,1,103,13499,
210.598,1443.64,51.4841,7.42831,126.269,11.2321,161.046,1,14,-86,-5,10,54,51,7,28367106,262,1,103,13499,
211.558,1453.13,51.4841,7.42835,127.153,10.5328,161.851,1,14,-86,-5,10,54,51,7,28367106,262,1,103,13499,
212.55,1453.13,51.4833,7.43134,nan,9.54602,160.921,1,13,-86,-6,10,54,52,7,28367106,262,1,103,13499,
213.561,1453.13,51.4839,7.42845,128.644,9.74603,161.962,1,13,-86,-6,10,54,52,7,28367106,262,1,103,13499,
214.566,1463.87,51.4838,7.4285,129.317,9.86062,161.517,1,13,-86,-6,11,54,51,7,28367106,262,1,103,13499,
215.554,1474.91,51.4837,7.42854,130.118,11.037,161.511,1,13,-86,-6,11,54,51,7,28367106,262,1,103,13499,
216.55,1485.16,51.4836,7.42859,131.336,11.0742,162.294,1,19,-89,-6,10,51,48,7,28367106,262,1,103,13499,
217.554,1495.54,51.4835,7.42863,132.217,11.3504,162.782,1,19,-89,-6,10,51,48,7,28367106,262,1,103,13499,
218.561,1506.52,51.4834,7.42867,132.917,10.2294,163.277,1,15,-91,-6,11,49,47,7,28367106,262,1,103,13499,
219.554,1517.2,51.4833,7.42871,133.281,10.7955,163.812,1,15,-91,-6,11,49,47,7,28367106,262,1,103,13499,
220.574,1527.76,51.4832,7.42875,133.855,9.56316,163.401,1,16,-89,-5,12,51,48,7,28367106,262,1,103,13499,
221.568,1538.77,51.4831,7.42879,134.684,8.76673,165.431,1,16,-89,-5,12,51,48,7,28367106,262,1,103,13499,
222.566,1549.35,51.483,7.42883,135.58,7.99868,166.852,1,8,-93,-7,10,47,45,7,28367106,262,1,103,13499,
223.554,1555.71,51.483,7.42885,136.511,6.94138,165.924,1,8,-93,-7,10,47,45,7,28367106,262,1,103,13499,
224.569,1562.05,51.4829,7.42886,137.295,5.78761,168.486,1,10,-90,-6,11,50,48,7,28367106,262,1,103,13499,
225.56,1568.41,51.4829,7.42888,137.822,4.68213,169.354,1,10,-90,-6,11,50,48,7,28367106,262,1,103,13499,
226.565,1572.92,51.4828,7.42888,137.888,3.90424,170.292,1,10,-90,-6,11,50,48,7,28367106,262,1,103,13499,
227.552,1575.66,51.4828,7.42888,137.961,2.68973,169.638,1,1,-92,-7,7,48,47,7,28367106,262,1,103,13499,
228.554,1578.47,51.4828,7.42889,138.069,1.08235,169.638,1,1,-92,-7,7,48,47,7,28367106,262,1,103,13499,
229.555,1579.29,51.4828,7.42888,138.147,0.853058,186.293,1,10,-90,-6,2,50,47,7,28367106,262,1,103,13499,
230.554,1581.75,51.4827,7.42888,138.202,1.56347,185.113,1,10,-90,-6,2,50,47,7,28367106,262,1,103,13499,
231.566,1584.09,51.4827,7.42888,138.241,2.28628,184.134,1,9,-91,-6,2,49,46,7,28367106,262,1,103,13499,
232.558,1584.09,51.4833,7.43134,nan,4.34572,181.285,1,9,-91,-6,2,49,46,7,28367106,262,1,103,13499,
233.547,1584.09,51.4826,7.42889,139.501,4.41161,180.792,1,8,-91,-6,2,49,46,7,28367106,262,1,103,13499,
234.551,1590.24,51.4826,7.4289,139.707,4.46085,177.117,1,8,-91,-6,2,49,46,7,28367106,262,1,103,13499,
235.56,1595.72,51.4826,7.42894,140.111,5.59768,139.011,1,10,-91,-6,2,49,46,7,28367106,262,1,103,13499,
236.574,1601.79,51.4825,7.42902,139.282,5.77585,113.273,1,10,-91,-6,2,49,46,7,28367106,262,1,103,13499,
237.566,1608.34,51.4825,7.42911,138.317,7.11311,94.7805,1,3,-92,-7,2,48,46,7,28367106,262,1,103,13499,
238.555,1615.58,51.4825,7.42922,137.674,7.80343,95.8246,1,3,-92,-7,2,48,46,7,28367106,262,1,103,13499,
239.562,1624.03,51.4825,7.42934,136.996,8.93946,95.5975,1,5,-94,-7,2,46,45,7,28367106,262,1,103,13499,
240.562,1632.31,51.4825,7.42946,136.402,9.67183,96.3303,1,5,-94,-7,2,46,45,7,28367106,262,1,103,13499,
241.539,1642.92,51.4825,7.42961,135.842,10.632,96.308,1,2,-102,-9,2,38,39,7,29563904,262,1,350,13499,
242.567,1653.62,51.4825,7.42977,135.165,10.0759,95.943,1,2,-102,-9,2,38,39,7,29563904,262,1,350,13499,
243.548,1663.87,51.4825,7.42991,134.292,9.63494,96.6861,1,4,-102,-9,2,38,38,7,29563904,262,1,350,13499,
244.543,1672.71,51.4825,7.43004,133.824,9.48767,97.1661,1,4,-102,-9,2,38,38,7,29563904,262,1,350,13499,
245.538,1681.34,51.4825,7.43017,134.011,8.9797,97.6421,1,-2,-103,-11,2,37,39,7,29563904,262,1,350,13499,
246.569,1690.25,51.4825,7.43029,134.387,8.49915,97.9454,1,-2,-103,-11,2,37,39,7,29563904,262,1,350,13499,
247.547,1698.65,51.4825,7.43041,134.692,8.13132,98.7698,1,-2,-101,-10,2,39,40,7,28367106,262,1,103,13499,
248.549,1706.55,51.4824,7.43053,134.806,7.59701,97.7467,1,-2,-101,-10,2,39,40,7,28367106,262,1,103,13499,
249.554,1713.16,51.4824,7.43062,135.78,7.21283,98.3749,1,1,-101,-10,2,39,40,7,28367106,262,1,103,13499,
250.548,1720.79,51.4824,7.43073,136.595,6.69463,99.7505,1,1,-101,-10,2,39,40,7,28367106,262,1,103,13499,
251.563,1726.95,51.4824,7.43082,137.173,5.40024,99.0758,1,1,-101,-10,2,39,40,7,28367106,262,1,103,13499,
252.559,1726.95,51.4833,7.43134,nan,4.5711,98.4653,1,6,-99,-8,2,41,40,7,28367106,262,1,103,13499,
253.543,1726.95,51.4824,7.43094,137.763,3.39844,97.9371,1,6,-99,-8,2,41,40,7,28367106,262,1,103,13499,
254.564,1728.93,51.4824,7.43096,137.864,1.87924,98.3277,1,15,-95,-7,2,45,44,7,28367106,262,1,103,13499,
255.573,1730,51.4824,7.43097,137.974,0.639064,98.3277,1,15,-95,-7,2,45,44,7,28367106,262,1,103,13499,
256.553,1730,51.4824,7.43097,137.986,0,98.3277,1,10,-92,-6,2,48,46,7,28367106,262,1,103,13499,
257.572,1730,51.4824,7.43097,137.998,0,98.3277,1,10,-92,-6,2,48,46,7,28367106,262,1,103,13499,
258.57,1730,51.4824,7.43097,138.096,0,98.972,1,14,-93,-6,2,47,45,7,28367106,262,1,103,13499,
259.562,1734.49,51.4824,7.43104,138.17,0,97.8117,1,14,-93,-6,2,47,45,7,28367106,262,1,103,13499,
260.561,1738.69,51.4824,7.4311,138.861,4.87299,98.3157,1,15,-93,-6,2,47,45,7,28367106,262,1,103,13499,
261.552,1743.43,51.4824,7.43117,139.761,5.56877,97.5363,1,15,-93,-6,2,47,45,7,28367106,262,1,103,13499,
262.564,1748.69,51.4824,7.43124,140.751,6.58035,97.1191,1,12,-93,-6,2,47,45,7,28367106,262,1,103,13499,
263.548,1755.9,51.4823,7.43134,141.545,7.773,96.6576,1,12,-93,-6,2,47,45,7,28367106,262,1,103,13499,
264.56,1765.73,51.4823,7.43148,142.213,9.25532,97.13,1,11,-93,-8,2,47,44,7,28367106,262,1,103,13499,
265.585,1776.28,51.4823,7.43163,142.68,9.85946,97.229,1,11,-93,-8,2,47,44,7,28367106,262,1,103,13499,
266.556,1786.52,51.4823,7.43178,142.889,10.2413,96.4007,1,11,-93,-8,2,47,45,7,28367106,262,1,103,13499,
267.567,1797.16,51.4823,7.43193,143.063,10.8946,96.716,1,11,-93,-8,2,47,45,7,28367106,262,1,103,13499,
268.562,1808.06,51.4823,7.43209,143.097,11.0737,96.8086,1,7,-96,-9,2,44,44,7,28367106,262,1,103,13499,
269.556,1819.06,51.4823,7.43225,143.638,11.5596,96.3637,1,7,-96,-9,2,44,44,7,28367106,262,1,103,13499,
270.575,1831.25,51.4823,7.43242,143.616,11.9476,96.7434,1,9,-96,-9,2,44,44,7,28367106,262,1,103,13499,
271.554,1843.28,51.4823,7.4326,143.101,11.9195,96.1142,1,9,-96,-9,2,44,44,7,28367106,262,1,103,13499,
272.56,1843.28,51.4833,7.43134,nan,11.7327,97.1767,1,13,-93,-9,2,47,47,7,28367106,262,1,103,13499,
273.556,1843.28,51.4822,7.43294,142.07,11.4559,98.1528,1,13,-93,-9,2,47,47,7,28367106,262,1,103,13499,
274.573,1854.48,51.4822,7.4331,141.885,11.2574,97.7068,1,13,-93,-9,2,47,47,7,28367106,262,1,103,13499,
275.573,1865.73,51.4822,7.43326,141.562,10.937,96.8335,1,16,-86,-7,2,54,52,7,28367106,262,1,103,13499,
276.558,1875.99,51.4822,7.43341,141.457,10.5615,97.4354,1,16,-86,-7,2,54,52,7,28367106,262,1,103,13499,
277.574,1886.9,51.4822,7.43356,141.181,10.7162,96.8771,1,16,-88,-7,2,52,50,7,28367106,262,1,103,13499,
278.678,1897.84,51.4822,7.43372,140.926,11.0742,96.2636,1,16,-88,-7,2,52,50,7,28367106,262,1,103,13499,
279.564,1908.24,51.4822,7.43387,140.959,10.8332,95.826,1,10,-88,-7,2,52,49,7,28367106,262,1,103,13499,
280.547,1918.13,51.4822,7.43401,141.101,10.0823,95.0714,1,10,-88,-7,2,52,49,7,28367106,262,1,103,13499,
281.558,1928.14,51.4822,7.43416,141.31,9.98596,95.5842,1,3,-96,-9,9,44,43,5,28367106,262,1,103,13499,
282.56,1938.22,51.4821,7.4343,141.578,9.59107,96.028,1,3,-96,-9,9,44,43,5,28367106,262,1,103,13499,
283.563,1947.08,51.4821,7.43443,141.654,9.76621,96.4807,1,7,-96,-9,9,44,44,5,28367106,262,1,103,13499,
284.55,1957.13,51.4821,7.43457,142.018,10.0465,98.7824,1,7,-96,-9,9,44,44,5,28367106,262,1,103,13499,
285.578,1967.33,51.4821,7.43472,142.777,9.42364,99.6026,1,10,-93,-8,12,47,46,5,28367106,262,1,103,13499,
286.561,1977.46,51.4821,7.43486,143.483,9.25186,99.1707,1,10,-93,-8,12,47,46,5,28367106,262,1,103,13499,
287.587,1986.12,51.4821,7.43499,144.18,9.54163,98.5415,1,14,-90,-7,10,50,48,5,28367106,262,1,103,13499,
288.548,1996.01,51.4821,7.43513,144.688,9.62084,98.0944,1,14,-90,-7,10,50,48,5,28367106,262,1,103,13499,
289.546,2005.64,51.4821,7.43526,145.529,9.49575,99.0436,1,6,-95,-10,10,45,45,5,28367106,262,1,103,13499,
290.556,2016.4,51.482,7.43542,146.467,9.16405,100.002,1,6,-95,-10,10,45,45,5,28367106,262,1,103,13499,
291.55,2025.54,51.482,7.43555,146.885,9.57825,99.1651,1,4,-92,-7,6,48,46,10,28368386,262,1,32,13499,
292.559,2025.54,51.4826,7.43624,nan,8.58651,98.5381,1,4,-92,-7,6,48,46,10,28368386,262,1,32,13499,
293.547,2025.54,51.482,7.43583,147.749,8.38878,97.9366,1,2,-90,-8,6,50,49,4,28367105,262,1,102,13499,
294.555,2034.35,51.482,7.43595,147.648,9.15696,97.3154,1,2,-90,-8,6,50,49,4,28367105,262,1,102,13499,
295.554,2043.51,51.482,7.43608,147.795,9.77388,96.6169,1,3,-76,-8,15,64,62,4,28367105,262,1,102,13499,
296.571,2054.57,51.482,7.43624,147.181,10.4531,97.0621,1,3,-76,-8,15,64,62,4,28367105,262,1,102,13499,
297.55,2064.02,51.482,7.43638,146.09,10.2461,97.322,1,6,-90,-8,12,50,49,4,28367105,262,1,102,13499,
298.562,2073.56,51.482,7.43652,144.971,9.96728,96.6453,1,6,-90,-8,12,50,49,4,28367105,262,1,102,13499,
299.55,2083.12,51.482,7.43665,145.486,9.86568,96.1748,1,6,-90,-8,12,50,49,4,28367105,262,1,102,13499,
300.57,2094.23,51.4819,7.43681,145.585,9.39294,95.5717,1,5,-88,-6,6,52,49,10,28368386,262,1,32,13499,
301.542,2103.7,51.4819,7.43695,144.915,9.13709,95.7137,1,5,-88,-6,6,52,49,10,28368386,262,1,32,13499,
302.56,2112.09,51.4819,7.43707,144.174,8.92224,96.24,1,4,-91,-7,9,49,45,4,28367105,262,1,32,13499,
303.561,2119.54,51.4819,7.43718,144.263,8.89713,98.8283,1,4,-91,-7,9,49,45,4,28367105,262,1,32,13499,
304.562,2127.96,51.4819,7.4373,144.461,8.09374,98.297,1,13,-90,-6,14,50,47,4,28367105,262,1,102,13499,
305.561,2136.86,51.4819,7.43743,144.953,7.35895,96.584,1,13,-90,-6,14,50,47,4,28367105,262,1,102,13499,
306.561,2142.39,51.4819,7.4375,145.914,6.20982,96.1521,1,13,-89,-6,10,51,49,4,28367105,262,1,102,13499,
307.555,2150.14,51.4819,7.43762,146.988,4.94206,95.3305,1,13,-89,-6,10,51,49,4,28367105,262,1,102,13499,
308.561,2154.98,51.4819,7.43768,147.042,3.09172,93.3464,1,15,-88,-6,10,52,49,4,28367105,262,1,102,13499,
309.574,2156.42,51.4819,7.4377,147.139,2.12275,96.1745,1,15,-88,-6,10,52,49,4,28367105,262,1,102,13499,
310.573,2157.56,51.4819,7.43772,147.172,0.946777,96.1745,1,15,-86,-5,9,54,50,4,28367105,262,1,102,13499,
311.554,2157.56,51.4819,7.43772,147.174,0,96.1745,1,15,-86,-5,9,54,50,4,28367105,262,1,102,13499,
312.559,2157.56,51.4834,7.43899,nan,0,96.1745,1,17,-85,-5,11,55,48,4,28367105,262,1,102,13499,
313.548,2157.56,51.4819,7.43772,147.194,0,96.1745,1,17,-85,-5,11,55,48,4,28367105,262,1,102,13499,
314.577,2157.56,51.4819,7.43772,147.208,0,96.1745,1,16,-85,-4,14,55,48,4,28367105,262,1,102,13499,
315.554,2157.56,51.4819,7.43772,147.222,0,96.1745,1,16,-85,-4,14,55,48,4,28367105,262,1,102,13499,
316.554,2157.56,51.4819,7.43772,147.236,0,96.1745,1,15,-84,-4,11,56,49,4,28367105,262,1,102,13499,
317.566,2157.56,51.4819,7.43772,147.248,0,96.1745,1,15,-84,-4,11,56,49,4,28367105,262,1,102,13499,
318.549,2157.56,51.4819,7.43772,147.351,0,96.1745,1,16,-83,-4,2,57,49,4,28367105,262,1,102,13499,
319.617,2157.56,51.4819,7.43772,147.419,0,90.9422,1,16,-83,-4,2,57,49,4,28367105,262,1,102,13499,
320.573,2164.05,51.4819,7.43781,148.284,0,93.4117,1,15,-87,-6,14,53,51,4,28367105,262,1,102,13499,
321.575,2169.14,51.4819,7.43788,149.352,5.74088,95.211,1,15,-87,-6,14,53,51,4,28367105,262,1,102,13499,
322.563,2175.6,51.4818,7.43798,149.94,6.1826,96.0064,1,25,-79,-5,12,61,58,4,28367105,262,1,102,13499,
323.566,2181.8,51.4818,7.43806,150.237,6.23231,93.5904,1,25,-79,-5,12,61,58,4,28367105,262,1,102,13499,
324.57,2190.38,51.4818,7.43819,150.579,5.45216,92.7275,1,25,-79,-5,12,61,58,4,28367105,262,1,102,13499,
325.569,2197.71,51.4818,7.43829,150.703,6.3419,95.9723,1,20,-83,-5,12,57,53,4,28367105,262,1,102,13499,
326.563,2203.84,51.4818,7.43838,150.839,7.11937,95.5482,1,20,-83,-5,12,57,53,4,28367105,262,1,102,13499,
327.572,2212.55,51.4818,7.43851,150.725,7.88772,95.6925,1,10,-87,-6,10,53,49,4,28367105,262,1,102,13499,
328.586,2220.71,51.4818,7.43863,151.157,8.30256,96.0353,1,10,-87,-6,10,53,49,4,28367105,262,1,102,13499,
329.557,2228.49,51.4818,7.43874,151.441,8.39811,96.6427,1,10,-91,-7,9,49,47,4,28367105,262,1,102,13499,
330.545,2236.56,51.4818,7.43885,151.435,8.25108,96.607,1,10,-91,-7,9,49,47,4,28367105,262,1,102,13499,
331.573,2244.75,51.4818,7.43897,151.136,8.75315,96.3728,1,6,-84,-5,6,56,52,9,28368386,262,1,32,13499,
332.553,2244.75,51.4804,7.43522,nan,9.68311,95.9759,1,6,-84,-5,6,56,52,9,28368386,262,1,32,13499,
333.551,2244.75,51.4818,7.43923,150.912,9.50272,95.9535,1,7,-90,-7,11,50,47,9,28368386,262,1,32,13499,
334.572,2254.02,51.4818,7.43936,150.801,9.64562,95.4946,1,7,-90,-7,11,50,47,9,28368386,262,1,32,13499,
335.588,2263.79,51.4818,7.4395,150.779,9.85783,94.9846,1,11,-91,-7,13,49,45,9,28368386,262,1,32,13499,
336.572,2274.24,51.4818,7.43965,150.663,10.3045,94.7001,1,11,-91,-7,13,49,45,9,28368386,262,1,32,13499,
337.552,2284.49,51.4817,7.4398,150.597,10.4201,94.9929,1,13,-94,-8,7,46,43,9,28368386,262,1,32,13499,
338.555,2295.06,51.4817,7.43995,150.493,10.9333,95.2073,1,13,-94,-8,7,46,43,9,28368386,262,1,32,13499,
339.567,2306.43,51.4817,7.44011,150.5,11.1525,95.0959,1,10,-97,-8,11,43,40,9,28368386,262,1,32,13499,
340.556,2317.6,51.4817,7.44028,150.77,11.0175,95.0944,1,10,-97,-8,11,43,40,9,28368386,262,1,32,13499,
341.57,2329.28,51.4817,7.44044,151.182,11.4373,95.7631,1,7,-96,-7,11,44,43,6,28367105,262,1,102,13499,
342.552,2340.61,51.4817,7.44061,151.536,11.2051,95.6634,1,7,-96,-7,11,44,43,6,28367105,262,1,102,13499,
343.569,2351.58,51.4817,7.44076,151.829,10.7794,96.0888,1,2,-96,-7,8,44,41,6,28367105,262,1,102,13499,
344.559,2362.34,51.4817,7.44092,151.901,10.5522,96.4845,1,2,-96,-7,8,44,41,6,28367105,262,1,102,13499,
345.555,2372.58,51.4817,7.44106,152.318,10.5801,98.6692,1,2,-96,-7,8,44,41,6,28367105,262,1,102,13499,
346.574,2381.47,51.4817,7.44119,152.602,9.93371,102.14,1,4,-97,-8,9,43,42,6,28367105,262,1,102,13499,
347.568,2389.75,51.4816,7.4413,153.269,7.47011,105.188,1,4,-97,-8,9,43,42,6,28367105,262,1,102,13499,
348.544,2397.19,51.4816,7.44141,153.837,5.47583,108.322,1,8,-97,-7,7,43,42,6,28367105,262,1,102,13499,
349.569,2402.63,51.4816,7.44148,153.94,4.04113,110.448,1,8,-97,-7,7,43,42,6,28367105,262,1,102,13499,
350.566,2407.61,51.4816,7.44154,155.326,5.70133,112.478,1,4,-96,-7,9,44,42,6,28367105,262,1,102,13499,
351.567,2414.35,51.4815,7.44163,156.168,7.47728,116.22,1,4,-96,-7,9,44,42,6,28367105,262,1,102,13499,
352.556,2414.35,51.4824,7.43915,nan,8.64644,119.437,1,4,-93,-7,6,47,43,9,28368386,262,1,32,13499,
353.561,2414.35,51.4814,7.44185,156.12,10.1477,123.196,1,4,-93,-7,6,47,43,9,28368386,262,1,32,13499,
354.553,2424.42,51.4814,7.44196,155.68,10.9025,127.082,1,2,-92,-5,6,48,43,7,28367105,262,1,102,13499,
355.563,2435.54,51.4813,7.44208,155.583,11.4874,130.289,1,2,-92,-5,6,48,43,7,28367105,262,1,102,13499,
356.566,2449.93,51.4812,7.44223,155.503,12.565,132.994,1,11,-95,-6,13,45,43,7,28367105,262,1,102,13499,
357.624,2462.28,51.4811,7.44235,155.93,12.852,134.082,1,11,-95,-6,13,45,43,7,28367105,262,1,102,13499,
358.554,2472.85,51.4811,7.44245,156.763,13.1065,134.424,1,16,-89,-5,11,51,47,7,28367105,262,1,102,13499,
359.554,2485.62,51.481,7.44258,157.01,13.1895,133.152,1,16,-89,-5,11,51,47,7,28367105,262,1,102,13499,
360.57,2498.72,51.4809,7.44271,156.593,12.7305,132.466,1,21,-87,-5,12,53,49,7,28367105,262,1,102,13499,
361.566,2512.35,51.4808,7.44285,156.319,12.1514,131.529,1,21,-87,-5,12,53,49,7,28367105,262,1,102,13499,
362.554,2524.98,51.4807,7.44298,156.393,11.8145,133.413,1,16,-91,-5,10,49,45,7,28367105,262,1,102,13499,
363.571,2537.02,51.4806,7.44307,156.62,11.2916,147.113,1,16,-91,-5,10,49,45,7,28367105,262,1,102,13499,
364.597,2547.66,51.4806,7.44313,156.992,10.6268,162.942,1,9,-95,-6,8,45,43,7,28367105,262,1,102,13499,
365.552,2557.51,51.4805,7.44313,157.515,10.3313,179.602,1,9,-95,-6,8,45,43,7,28367105,262,1,102,13499,
366.559,2568.63,51.4804,7.44314,157.913,10.8692,178.56,1,9,-96,-7,7,44,42,7,28367105,262,1,102,13499,
367.586,2580.42,51.4803,7.44315,158.528,11.0015,175.122,1,9,-96,-7,7,44,42,7,28367105,262,1,102,13499,
368.57,2591.8,51.4802,7.44322,158.923,11.5816,154.678,1,9,-96,-7,7,44,42,7,28367105,262,1,102,13499,
369.56,2603.74,51.4801,7.44329,159.307,12.2243,153.467,1,6,-95,-7,6,45,44,7,28367105,262,1,102,13499,
370.572,2615.49,51.48,7.44337,159.419,12.3866,152.803,1,6,-95,-7,6,45,44,7,28367105,262,1,102,13499,
371.586,2628.1,51.4799,7.44346,159.602,12.993,152.408,1,3,-102,-10,6,38,38,7,28367105,262,1,102,13499,
372.539,2628.1,51.4834,7.43899,nan,13.2807,151.49,1,3,-102,-10,6,38,38,7,28367105,262,1,102,13499,
373.555,2628.1,51.4797,7.44363,160.247,13.4969,151.299,1,3,-102,-10,8,38,39,7,28367105,262,1,102,13499,
374.542,2641.92,51.4796,7.44372,160.309,13.7579,151.354,1,3,-102,-10,8,38,39,7,28367105,262,1,102,13499,
375.545,2655.19,51.4795,7.44382,160.5,14.3337,151.803,1,-3,-106,-11,2,34,35,7,28367105,262,1,102,13499,
376.551,2670.14,51.4793,7.44392,160.852,14.6184,151.502,1,-3,-106,-11,2,34,35,7,28367105,262,1,102,13499,
377.548,2684.66,51.4792,7.44402,161.313,14.739,151.556,1,2,-102,-8,2,38,37,7,26385408,262,1,95,13499,
378.555,2699.58,51.4791,7.44413,161.208,14.8221,151.419,1,2,-102,-8,2,38,37,7,26385408,262,1,95,13499,
379.552,2713.51,51.479,7.44422,161.004,14.3263,151.677,1,8,-98,-9,2,42,42,7,28368384,262,1,31,13499,
380.568,2726.9,51.4789,7.44431,160.853,14.0262,151.804,1,8,-98,-9,2,42,42,7,28368384,262,1,31,13499,
381.552,2740.03,51.4788,7.4444,161.087,13.8081,151.823,1,6,-98,-9,2,42,42,7,28368384,262,1,31,13499,
382.575,2753.98,51.4787,7.4445,161.379,13.8228,151.411,1,6,-98,-9,2,42,42,7,28368384,262,1,31,13499,
383.555,2768.77,51.4786,7.4446,161.493,13.9335,151.535,1,5,-101,-8,2,39,38,7,28368384,262,1,31,13499,
384.548,2782.9,51.4784,7.4447,161.342,13.4778,151.367,1,5,-101,-8,2,39,38,7,28368384,262,1,31,13499,
385.551,2796.05,51.4783,7.44479,161.356,13.168,151.558,1,6,-105,-9,2,35,35,7,28368384,262,1,31,13499,
386.553,2808.06,51.4782,7.44487,161.497,12.5943,151.7,1,6,-105,-9,2,35,35,7,28368384,262,1,31,13499,
387.548,2821.83,51.4781,7.44496,161.473,11.9101,151.208,1,10,-105,-9,2,35,35,7,28368384,262,1,31,13499,
388.555,2833.46,51.478,7.44504,161.53,10.6197,151.505,1,10,-105,-9,2,35,35,7,28368384,262,1,31,13499,
389.561,2842.74,51.478,7.4451,161.361,9.16838,151.337,1,9,-104,-8,2,36,36,7,28368384,262,1,31,13499,
390.554,2849.41,51.4779,7.44515,161.356,7.50284,151.564,1,9,-104,-8,2,36,36,7,28368384,262,1,31,13499,
391.564,2856.95,51.4779,7.4452,161.14,5.96438,151.849,1,10,-102,-9,2,38,38,7,28368384,262,1,31,13499,
392.543,2856.95,51.4771,7.44532,nan,4.37952,152.18,1,10,-102,-9,2,38,38,7,28368384,262,1,31,13499,
393.571,2856.95,51.4778,7.44526,160.584,2.41259,151.679,1,10,-102,-9,2,38,38,7,28368384,262,1,31,13499,
394.57,2859.12,51.4778,7.44528,160.541,1.57817,152.29,1,5,-102,-9,2,38,39,7,28368384,262,1,31,13499,
395.556,2860.26,51.4778,7.44528,160.507,0.610402,152.29,1,5,-102,-9,2,38,39,7,28368384,262,1,31,13499,
396.545,2860.26,51.4778,7.44528,160.505,0,152.29,1,10,-101,-8,2,39,38,7,28368384,262,1,31,13499,
397.621,2860.26,51.4778,7.44528,160.504,0,152.29,1,10,-101,-8,2,39,38,7,28368384,262,1,31,13499,
398.568,2860.26,51.4778,7.44528,160.503,0,152.29,1,8,-100,-7,7,40,38,7,28368384,262,1,31,13499,
399.555,2860.26,51.4778,7.44528,160.503,0,152.29,1,8,-100,-7,7,40,38,7,28368384,262,1,31,13499,
400.559,2860.26,51.4778,7.44528,160.503,0,152.29,1,9,-100,-6,11,40,38,7,28368384,262,1,31,13499,
401.563,2860.26,51.4778,7.44528,160.503,0,152.29,1,9,-100,-6,11,40,38,7,28368384,262,1,31,13499,
402.554,2860.26,51.4778,7.44528,160.503,0,152.29,1,22,-100,-7,8,40,37,7,28368384,262,1,31,13499,
403.552,2860.26,51.4778,7.44528,160.503,0,152.29,1,22,-100,-7,8,40,37,7,28368384,262,1,31,13499,
404.572,2860.26,51.4778,7.44528,160.503,0,152.29,1,22,-100,-7,7,40,37,7,28368384,262,1,31,13499,
405.572,2860.26,51.4778,7.44528,160.502,0,152.29,1,22,-100,-7,7,40,37,7,28368384,262,1,31,13499,
406.562,2860.26,51.4778,7.44528,160.496,0,152.29,1,9,-99,-6,8,41,38,7,28368384,262,1,31,13499,
407.547,2860.26,51.4778,7.44528,160.553,0,151.329,1,9,-99,-6,8,41,38,7,28368384,262,1,31,13499,
408.558,2866.06,51.4777,7.44532,160.985,0,151.861,1,18,-102,-10,5,38,38,7,28368384,262,1,31,13499,
409.557,2872.58,51.4777,7.44537,161.405,6.65281,152.428,1,18,-102,-10,5,38,38,7,28368384,262,1,31,13499,
410.574,2879.91,51.4776,7.44542,161.809,7.16498,151.452,1,11,-97,-7,1,43,41,7,28368384,262,1,31,13499,
411.553,2888.27,51.4775,7.44548,162.115,8.34132,150.499,1,11,-97,-7,1,43,41,7,28368384,262,1,31,13499,
412.544,2888.27,51.4754,7.44572,nan,9.11867,150.461,1,22,-96,-6,14,44,40,7,28368384,262,1,31,13499,
413.556,2888.27,51.4774,7.44561,162.802,9.78506,150.936,1,22,-96,-6,14,44,40,7,28368384,262,1,31,13499,
414.579,2898.01,51.4773,7.44567,163.086,9.65019,151.355,1,24,-96,-6,9,44,40,7,28368384,262,1,31,13499,
415.567,2907.84,51.4772,7.44574,163.255,9.5702,151.595,1,24,-96,-6,9,44,40,7,28368384,262,1,31,13499,
416.549,2918.17,51.4772,7.44581,163.415,10.4193,151.72,1,10,-92,-6,2,48,44,7,28368384,262,1,31,13499,
417.555,2927.48,51.4771,7.44588,164.105,10.9904,151.373,1,10,-92,-6,2,48,44,7,28368384,262,1,31,13499,
418.556,2938.36,51.477,7.44595,164.248,11.5413,151.361,1,10,-92,-6,2,48,44,7,28368384,262,1,31,13499,
419.562,2949.56,51.4769,7.44603,164.381,11.8819,151.529,1,6,-93,-6,2,47,45,7,28368384,262,1,31,13499,
420.562,2961.6,51.4768,7.44611,164.133,12.3311,151.851,1,6,-93,-6,2,47,45,7,28368384,262,1,31,13499,
421.566,2974.19,51.4767,7.4462,163.983,12.794,151.643,1,5,-94,-7,2,46,44,7,28368384,262,1,31,13499,
422.543,2986.53,51.4766,7.44629,163.952,13.0894,152.109,1,5,-94,-7,2,46,44,7,28368384,262,1,31,13499,
423.572,2999.17,51.4765,7.44637,163.547,13.3736,151.789,1,4,-96,-7,2,44,42,7,28368384,262,1,31,13499,
424.578,3012.37,51.4764,7.44647,163.161,13.4954,152.41,1,4,-96,-7,2,44,42,7,28368384,262,1,31,13499,
425.573,3025.76,51.4763,7.44656,163.142,12.9354,152.027,1,11,-95,-7,2,45,43,7,29568768,262,1,415,13499,
426.548,3038.37,51.4762,7.44664,163.394,11.7592,151.663,1,11,-95,-7,2,45,43,7,29568768,262,1,415,13499,
427.564,3048.92,51.4761,7.44671,163.657,10.3365,152.139,1,17,-90,-6,2,50,47,7,29568768,262,1,415,13499,
428.56,3057.19,51.4761,7.44677,163.799,8.68013,152.045,1,17,-90,-6,2,50,47,7,29568768,262,1,415,13499,
429.551,3065.87,51.476,7.44683,163.936,7.17133,151.875,1,18,-88,-5,2,52,48,7,29568768,262,1,415,13499,
430.554,3073.42,51.4759,7.44689,163.979,5.77864,151.945,1,18,-88,-5,2,52,48,7,29568768,262,1,415,13499,
431.574,3079.07,51.4759,7.44693,163.982,4.13349,151.6,1,16,-86,-5,2,54,51,7,29568768,262,1,415,13499,
432.557,3079.07,51.4735,7.45492,nan,2.39951,152,1,16,-86,-5,2,54,51,7,29568768,262,1,415,13499,
433.566,3079.07,51.4758,7.44695,164.032,1.32298,155.008,1,16,-86,-5,2,54,51,7,29568768,262,1,415,13499,
434.627,3079.07,51.4758,7.44695,164.037,0,155.008,1,16,-86,-5,2,54,51,7,29568768,262,1,415,13499,
435.546,3079.07,51.4758,7.44695,164.041,0,155.008,1,13,-90,-5,9,50,48,10,29568768,262,1,415,13499,
436.56,3079.07,51.4758,7.44695,164.046,0,155.008,1,13,-90,-5,9,50,48,10,29568768,262,1,415,13499,
437.569,3079.07,51.4758,7.44695,164.051,0,155.008,1,11,-90,-6,9,50,48,10,29568768,262,1,415,13499,
438.563,3079.07,51.4758,7.44695,164.056,0,155.008,1,11,-90,-6,9,50,48,10,29568768,262,1,415,13499,
439.544,3079.07,51.4758,7.44695,164.063,0,155.008,1,11,-90,-6,9,50,48,10,29568768,262,1,415,13499,
440.558,3079.07,51.4758,7.44695,164.072,0,155.008,1,11,-90,-6,9,50,48,10,29568768,262,1,415,13499,
441.553,3079.07,51.4758,7.44695,164.081,0,155.008,1,12,-90,-6,9,50,48,10,29568768,262,1,415,13499,
442.561,3079.07,51.4758,7.44695,164.09,0,155.008,1,12,-90,-6,9,50,48,10,29568768,262,1,415,13499,
443.566,3079.07,51.4758,7.44695,164.101,0,155.008,1,12,-90,-6,9,50,48,10,29568768,262,1,415,13499,
444.574,3079.07,51.4758,7.44695,164.112,0,155.008,1,12,-91,-7,7,49,49,10,29568768,262,1,415,13499,
445.56,3079.07,51.4758,7.44695,164.124,0,155.008,1,12,-91,-7,7,49,49,10,29568768,262,1,415,13499,
446.552,3079.07,51.4758,7.44695,164.137,0,155.008,1,11,-90,-6,8,50,48,10,29568768,262,1,415,13499,
447.56,3079.07,51.4758,7.44695,164.151,0,155.008,1,11,-90,-6,8,50,48,10,29568768,262,1,415,13499,
448.563,3079.07,51.4758,7.44695,164.163,0,155.008,1,13,-90,-6,8,50,48,10,29568768,262,1,415,13499,
449.577,3079.07,51.4758,7.44695,164.173,0,155.008,1,13,-90,-6,8,50,48,10,29568768,262,1,415,13499,
450.584,3079.07,51.4758,7.44695,164.182,0,155.008,1,13,-89,-6,9,51,48,10,29568768,262,1,415,13499,
451.56,3079.07,51.4758,7.44695,164.192,0,155.008,1,13,-89,-6,9,51,48,10,29568768,262,1,415,13499,
452.549,3079.07,51.4758,7.44695,164.201,0,155.008,1,12,-89,-6,2,51,49,10,29568768,262,1,415,13499,
453.549,3079.07,51.4758,7.44695,164.215,0,155.008,1,12,-89,-6,2,51,49,10,29568768,262,1,415,13499,
454.556,3079.07,51.4758,7.44695,164.231,0,155.008,1,11,-89,-6,2,51,49,10,29568768,262,1,415,13499,
455.559,3079.07,51.4758,7.44695,164.248,0,155.008,1,11,-89,-6,2,51,49,10,29568768,262,1,415,13499,
456.573,3079.07,51.4758,7.44695,164.262,0,155.008,1,11,-90,-6,2,50,48,10,29568768,262,1,415,13499,
457.553,3079.07,51.4758,7.44695,164.272,0,155.008,1,11,-90,-6,2,50,48,10,29568768,262,1,415,13499,
458.566,3079.07,51.4758,7.44695,164.28,0,155.008,1,13,-90,-5,2,50,48,10,29568768,262,1,415,13499,
459.567,3079.07,51.4758,7.44695,164.288,0,155.008,1,13,-90,-5,2,50,48,10,29568768,262,1,415,13499,
460.574,3079.07,51.4758,7.44695,164.354,0,155.008,1,12,-90,-6,2,50,48,10,29568768,262,1,415,13499,
461.55,3079.07,51.4758,7.44695,164.469,0,152.168,1,12,-90,-6,2,50,48,10,29568768,262,1,415,13499,
462.565,3087.26,51.4758,7.447,165.137,0,151.297,1,12,-89,-6,2,51,48,10,29568768,262,1,415,13499,
463.554,3092.95,51.4757,7.44704,165.48,6.15237,150.377,1,12,-89,-6,2,51,48,10,29568768,262,1,415,13499,
464.544,3100.13,51.4757,7.44709,165.492,7.40875,150.915,1,6,-88,-6,2,52,50,10,29568768,262,1,415,13499,
465.572,3108.95,51.4756,7.44715,165.195,8.07097,151.422,1,6,-88,-6,2,52,50,10,29568768,262,1,415,13499,
466.558,3117.5,51.4755,7.44721,164.697,8.65764,151.064,1,8,-91,-8,2,49,49,10,29568768,262,1,415,13499,
467.546,3125.89,51.4755,7.44727,164.222,9.1915,150.32,1,8,-91,-8,2,49,49,10,29568768,262,1,415,13499,
468.576,3134.71,51.4754,7.44734,163.711,9.58521,149.751,1,8,-91,-8,2,49,49,10,29568768,262,1,415,13499,
469.543,3144.44,51.4753,7.44742,163.072,9.4573,148.776,1,9,-91,-6,2,49,46,10,28368384,262,1,31,13499,
470.565,3154.23,51.4753,7.44749,162.527,9.58017,147.989,1,9,-91,-6,2,49,46,10,28368384,262,1,31,13499,
471.56,3163.74,51.4752,7.44756,162.1,9.84588,148.301,1,11,-91,-6,2,49,45,10,28368384,262,1,31,13499,
472.543,3173.67,51.4751,7.44764,161.903,9.66337,146.952,1,11,-91,-6,2,49,45,10,28368384,262,1,31,13499,
473.561,3183.68,51.475,7.44772,161.418,9.87758,146.27,1,14,-92,-6,2,48,45,10,28368384,262,1,31,13499,
474.553,3193.64,51.475,7.44781,161.068,9.72761,144.345,1,14,-92,-6,2,48,45,10,28368384,262,1,31,13499,
475.575,3203.39,51.4749,7.4479,160.903,9.67842,141.322,1,10,-94,-7,2,46,44,10,28368384,262,1,31,13499,
476.578,3213.46,51.4748,7.448,161.341,9.91046,139.989,1,10,-94,-7,2,46,44,10,28368384,262,1,31,13499,
477.561,3222.78,51.4748,7.44809,161.856,9.45308,139.77,1,12,-97,-7,2,43,42,10,28368384,262,1,31,13499,
478.569,3231.56,51.4747,7.44817,162.493,8.63954,140.222,1,12,-97,-7,2,43,42,10,28368384,262,1,31,13499,
479.583,3239.16,51.4747,7.44824,162.836,7.22268,141.148,1,7,-98,-7,2,42,40,10,28368384,262,1,31,13499,
480.548,3245.66,51.4746,7.4483,163.243,6.0201,140.692,1,7,-98,-7,2,42,40,10,28368384,262,1,31,13499,
481.55,3251.35,51.4746,7.44835,163.66,5.05621,139.787,1,11,-97,-7,2,43,42,10,28368384,262,1,31,13499,
482.562,3255.85,51.4745,7.4484,163.634,3.70132,140.393,1,11,-97,-7,2,43,42,10,28368384,262,1,31,13499,
483.554,3257.17,51.4745,7.44841,163.644,2.2566,140.895,1,9,-97,-7,2,43,42,10,28368384,262,1,31,13499,
484.549,3258.8,51.4745,7.44842,163.658,1.33998,137.676,1,9,-97,-7,2,43,42,10,28368384,262,1,31,13499,
485.543,3259.63,51.4745,7.44843,163.61,1.2116,138.316,1,10,-96,-7,2,44,44,10,28368384,262,1,31,13499,
486.557,3262.83,51.4745,7.44846,163.559,3.02881,139.658,1,10,-96,-7,2,44,44,10,28368384,262,1,31,13499,
487.55,3267.36,51.4745,7.44851,163.8,4.36961,140.643,1,13,-97,-8,2,43,43,10,28368384,262,1,31,13499,
488.548,3272.95,51.4744,7.44856,164.118,5.48229,140.483,1,13,-97,-8,2,43,43,10,28368384,262,1,31,13499,
489.568,3279.04,51.4744,7.44861,164.56,6.08179,139.238,1,9,-95,-7,2,45,44,10,29568768,262,1,415,13499,
490.568,3286.04,51.4743,7.44868,164.415,6.83442,139.466,1,9,-95,-7,2,45,44,10,29568768,262,1,415,13499,
491.567,3293.86,51.4743,7.44875,163.514,7.6507,139.919,1,5,-95,-7,2,45,45,10,29568768,262,1,415,13499,
492.554,3302.55,51.4742,7.44883,162.89,8.62492,141.699,1,5,-95,-7,2,45,45,10,29568768,262,1,415,13499,
493.549,3312.78,51.4741,7.44892,162.415,9.30638,143.662,1,5,-94,-8,2,46,45,10,29568768,262,1,415,13499,
494.557,3321.12,51.4741,7.44899,162.337,9.94961,144.513,1,5,-94,-8,2,46,45,10,29568768,262,1,415,13499,
495.559,3330.99,51.474,7.44908,162.409,9.87751,143.91,1,5,-94,-8,2,46,45,10,29568768,262,1,415,13499,
496.562,3340.2,51.474,7.44916,162.006,9.85942,141.792,1,9,-93,-8,2,47,46,10,29568768,262,1,415,13499,
497.569,3349.61,51.4739,7.44926,161.246,9.7659,139.753,1,9,-93,-8,2,47,46,10,29568768,262,1,415,13499,
498.561,3359.92,51.4738,7.44936,160.568,10.5771,137.95,1,10,-91,-7,2,49,47,10,29568768,262,1,415,13499,
499.562,3371.17,51.4737,7.44947,159.97,11.3506,136.352,1,10,-91,-7,2,49,47,10,29568768,262,1,415,13499,
500.548,3382.07,51.4737,7.44959,159.199,11.4563,134.8,1,21,-89,-7,2,51,50,10,29568768,262,1,415,13499,
501.554,3393.17,51.4736,7.44971,159.024,11.2923,133.313,1,21,-89,-7,2,51,50,10,29568768,262,1,415,13499,
502.67,3404.53,51.4735,7.44983,159.051,11.1862,132.052,1,18,-87,-7,2,53,52,10,29568768,262,1,415,13499,
503.574,3415.59,51.4735,7.44995,158.843,11.1691,131.036,1,18,-87,-7,2,53,52,10,29568768,262,1,415,13499,
504.562,3426.84,51.4734,7.45008,158.796,10.7104,129.67,1,21,-85,-6,11,55,53,6,29568768,262,1,415,13499,
505.579,3437.84,51.4734,7.4502,158.561,10.3434,128.38,1,21,-85,-6,11,55,53,6,29568768,262,1,415,13499,
506.567,3447.9,51.4733,7.45032,158.332,10.1188,126.979,1,18,-88,-6,12,52,49,6,29568768,262,1,415,13499,
507.566,3457.4,51.4733,7.45044,158.462,10.3511,125.989,1,18,-88,-6,12,52,49,6,29568768,262,1,415,13499,
508.557,3467.96,51.4732,7.45057,158.534,11.3744,125.179,1,25,-83,-5,12,57,54,6,29568768,262,1,415,13499,
509.553,3480.47,51.4731,7.45072,158.608,12.3304,124.131,1,25,-83,-5,12,57,54,6,29568768,262,1,415,13499,
510.553,3493.12,51.4731,7.45087,158.732,13.4212,122.969,1,24,-78,-5,15,62,56,6,29568768,262,1,415,13499,
511.572,3509.34,51.473,7.45108,158.798,14.341,121.167,1,24,-78,-5,15,62,56,6,29568768,262,1,415,13499,
512.581,3524.93,51.473,7.45128,159.167,15.29,119.292,1,24,-78,-5,15,62,57,6,29568768,262,1,415,13499,
513.56,3542.05,51.4729,7.4515,159.142,15.6374,117.434,1,24,-78,-5,15,62,57,6,29568768,262,1,415,13499,
514.571,3558.55,51.4728,7.45172,159.316,16.1266,115.658,1,22,-83,-5,12,57,52,6,29568768,262,1,415,13499,
515.579,3572.59,51.4728,7.45191,159.129,16.456,114.141,1,22,-83,-5,12,57,52,6,29568768,262,1,415,13499,
516.557,3587.62,51.4728,7.45212,158.574,16.648,112.261,1,27,-74,-6,15,66,63,6,29568768,262,1,415,13499,
517.552,3605.2,51.4727,7.45236,157.963,16.3549,110.267,1,27,-74,-6,15,66,63,6,29568768,262,1,415,13499,
518.557,3621.33,51.4727,7.45259,157.599,16.0635,108.655,1,27,-77,-8,12,63,62,6,29568768,262,1,415,13499,
519.565,3637.35,51.4726,7.45281,157.527,16.0113,107.375,1,27,-77,-8,12,63,62,6,29568768,262,1,415,13499,
520.548,3653.77,51.4726,7.45304,157.485,16.3074,106.208,1,15,-81,-5,15,59,55,6,29568768,262,1,415,13499,
521.555,3670.23,51.4726,7.45327,157.984,16.6213,105.217,1,15,-81,-5,15,59,55,6,29568768,262,1,415,13499,
522.563,3686.79,51.4725,7.45351,158.352,16.3747,104.549,1,15,-81,-5,15,59,55,6,29568768,262,1,415,13499,
523.562,3703.07,51.4725,7.45374,159.07,16.4111,104.595,1,20,-82,-5,10,58,54,6,29568768,262,1,415,13499,
524.573,3719.31,51.4725,7.45396,159.551,16.1683,105.594,1,20,-82,-5,10,58,54,6,29568768,262,1,415,13499,
525.562,3735.17,51.4724,7.45419,159.69,15.8745,106.162,1,19,-83,-5,15,57,52,6,29568768,262,1,415,13499,
526.543,3750.12,51.4724,7.4544,159.942,15.8041,106.45,1,19,-83,-5,15,57,52,6,29568768,262,1,415,13499,
527.562,3766.35,51.4724,7.45462,160.243,15.7866,106.894,1,24,-79,-5,15,61,56,6,29568768,262,1,415,13499,
528.568,3781.63,51.4723,7.45483,160.473,15.8083,107.798,1,24,-79,-5,15,61,56,6,29568768,262,1,415,13499,
529.524,3796.77,51.4723,7.45504,160.56,15.7772,107.978,1,20,-82,-5,14,58,54,6,29568768,262,1,415,13499,
530.548,3812.24,51.4722,7.45526,160.927,15.8311,108.762,1,20,-82,-5,14,58,54,6,29568768,262,1,415,13499,
531.553,3827.29,51.4722,7.45546,161.042,15.7194,109.578,1,22,-81,-6,2,59,55,6,29568768,262,1,415,13499,
532.575,3843.14,51.4721,7.45568,160.904,15.7252,110.242,1,22,-81,-6,2,59,55,6,29568768,262,1,415,13499,
533.53,3859.67,51.4721,7.4559,160.711,15.4714,111.303,1,20,-81,-5,2,59,55,6,29568768,262,1,415,13499,
534.549,3875.06,51.472,7.45611,160.563,15.9301,112.347,1,20,-81,-5,2,59,55,6,29568768,262,1,415,13499,
535.553,3891.33,51.472,7.45632,160.343,15.8461,113.16,1,16,-86,-5,11,54,49,4,29568768,262,1,415,13499,
536.554,3907.69,51.4719,7.45653,159.756,15.4677,113.651,1,16,-86,-5,11,54,49,4,29568768,262,1,415,13499,
537.565,3923.07,51.4718,7.45673,159.155,15.4762,114.086,1,22,-84,-5,13,56,52,4,29568768,262,1,415,13499,
538.562,3938.41,51.4718,7.45693,158.791,15.4166,114.524,1,22,-84,-5,13,56,52,4,29568768,262,1,415,13499,
539.559,3953.41,51.4717,7.45713,158.519,15.2027,114.846,1,10,-89,-6,9,51,48,4,29568768,262,1,415,13499,
540.548,3969.97,51.4717,7.45734,158.486,15.0535,115.412,1,10,-89,-6,9,51,48,4,29568768,262,1,415,13499,
541.562,3984.39,51.4716,7.45752,158.416,14.8166,116.947,1,13,-89,-6,11,51,47,4,29568768,262,1,415,13499,
542.549,3999.26,51.4715,7.45771,158.342,14.8848,117.837,1,13,-89,-6,11,51,47,4,29568768,262,1,415,13499,
543.566,4014.12,51.4715,7.4579,158.515,14.892,117.608,1,10,-89,-6,10,51,48,4,29568768,262,1,415,13499,
544.566,4028.77,51.4714,7.45809,158.779,14.6412,116.969,1,10,-89,-6,10,51,48,4,29568768,262,1,415,13499,
545.556,4042.05,51.4714,7.45826,159.287,13.0155,116.466,1,9,-89,-6,11,51,48,4,29568768,262,1,415,13499,
546.635,4054.02,51.4713,7.45841,159.675,10.874,115.884,1,9,-89,-6,11,51,48,4,29568768,262,1,415,13499,
547.573,4064.66,51.4713,7.45855,159.532,8.58433,114.935,1,9,-89,-6,11,51,48,4,29568768,262,1,415,13499,
548.554,4072.23,51.4712,7.45865,159.567,7.80712,115.335,1,14,-90,-10,14,50,50,4,29568768,262,1,415,13499,
549.619,4080.35,51.4712,7.45875,159.658,7.10871,114.657,1,14,-90,-10,14,50,50,4,29568768,262,1,415,13499,
550.579,4088.2,51.4712,7.45886,159.808,6.56605,115.022,1,15,-91,-8,8,49,48,4,29568768,262,1,415,13499,
551.566,4094.41,51.4711,7.45894,159.51,6.60013,115.08,1,15,-91,-8,8,49,48,4,29568768,262,1,415,13499,
552.552,4100.18,51.4711,7.45902,158.743,6.44717,115.567,1,7,-95,-8,12,45,44,4,29568768,262,1,415,13499,
553.543,4106.76,51.4711,7.4591,158.13,7.2585,115.917,1,7,-95,-8,12,45,44,4,29568768,262,1,415,13499,
554.557,4114.66,51.4711,7.4592,157.795,8.65782,116.372,1,8,-90,-9,11,50,50,4,29568768,262,1,415,13499,
555.569,4123.19,51.471,7.45931,157.634,9.55058,116.916,1,8,-90,-9,11,50,50,4,29568768,262,1,415,13499,
556.577,4132.64,51.471,7.45944,157.693,10.2677,117.461,1,9,-95,-9,8,45,45,4,29568768,262,1,415,13499,
557.575,4142.66,51.471,7.45956,157.526,9.86259,117.424,1,9,-95,-9,8,45,45,4,29568768,262,1,415,13499,
558.544,4153.23,51.4709,7.4597,157.541,10.178,116.545,1,18,-97,-11,10,43,46,4,29568768,262,1,415,13499,
559.548,4163.81,51.4709,7.45984,157.555,10.2446,114.951,1,18,-97,-11,10,43,46,4,29568768,262,1,415,13499,
560.577,4175.55,51.4708,7.45999,157.037,11.3671,113.515,1,1,-98,-11,9,42,44,4,29568768,262,1,415,13499,
561.569,4185.22,51.4708,7.46012,156.252,12.1274,112.508,1,1,-98,-11,9,42,44,4,29568768,262,1,415,13499,
562.6,4196.95,51.4708,7.46028,155.577,11.8461,111.758,1,0,-101,-12,4,39,42,4,29568768,262,1,415,13499,
563.571,4209.04,51.4707,7.46045,155.254,11.7728,112.668,1,0,-101,-12,4,39,42,4,29568768,262,1,415,13499,
564.565,4221.01,51.4707,7.4606,155.117,11.8724,113.219,1,-2,-101,-14,4,39,44,4,29568768,262,1,415,13499,
565.552,4233.75,51.4706,7.46077,155.377,11.9737,114.206,1,-2,-101,-14,4,39,44,4,29568768,262,1,415,13499,
566.547,4246.08,51.4706,7.46094,155.771,11.5647,114.541,1,2,-89,-7,6,51,48,6,29568769,262,1,416,13499,
567.556,4256.98,51.4705,7.46108,156.218,11.452,115.104,1,2,-89,-7,6,51,48,6,29568769,262,1,416,13499,
568.57,4268.78,51.4705,7.46124,156.806,12.0418,115.753,1,-7,-98,-11,5,42,45,6,29568769,262,1,416,13499,
569.567,4280.76,51.4705,7.46139,157.05,12.663,115.34,1,-7,-98,-11,5,42,45,6,29568769,262,1,416,13499,
570.558,4293.98,51.4704,7.46157,157.472,13.6297,115.772,1,2,-99,-11,7,41,43,6,29568769,262,1,416,13499,
571.559,4308.27,51.4704,7.46175,157.485,12.8395,114.847,1,2,-99,-11,7,41,43,6,29568769,262,1,416,13499,
572.547,4321.14,51.4703,7.46192,157.591,13.2569,115.294,1,2,-99,-11,7,41,43,6,29568769,262,1,416,13499,
573.547,4333.97,51.4703,7.46209,158.139,13.1289,115.264,1,-3,-98,-9,6,42,42,13,26378498,262,1,495,13499,
574.554,4346.92,51.4702,7.46226,158.834,13.0438,115.133,1,-3,-98,-9,6,42,42,13,26378498,262,1,495,13499,
575.543,4360.64,51.4702,7.46244,158.734,12.7016,115.037,1,5,-99,-8,10,41,40,13,26378498,262,1,495,13499,
576.573,4374.37,51.4701,7.46262,159.098,12.1713,114.602,1,5,-99,-8,10,41,40,13,26378498,262,1,495,13499,
577.566,4386.88,51.4701,7.46278,158.827,12.3979,113.635,1,10,-99,-8,7,41,41,13,26378498,262,1,495,13499,
578.573,4398.46,51.47,7.46293,158.598,12.202,114.514,1,10,-99,-8,7,41,41,13,26378498,262,1,495,13499,
579.555,4410.79,51.47,7.46309,158.427,12.1245,114.119,1,2,-100,-10,7,40,40,13,26378498,262,1,495,13499,
580.556,4422.54,51.4699,7.46325,158.629,12.304,114.884,1,2,-100,-10,7,40,40,13,26378498,262,1,495,13499,
581.563,4435.64,51.4699,7.46342,158.368,12.9767,113.695,1,8,-99,-9,8,41,41,13,26378498,262,1,495,13499,
582.544,4448.84,51.4698,7.46359,157.804,13.3369,112.293,1,8,-99,-9,8,41,41,13,26378498,262,1,495,13499,
583.568,4462.33,51.4698,7.46377,157.191,13.894,111.939,1,8,-98,-8,11,42,42,13,26378498,262,1,495,13499,
584.557,4476.26,51.4697,7.46396,155.55,14.0203,111.291,1,8,-98,-8,11,42,42,13,26378498,262,1,495,13499,
585.57,4490.87,51.4697,7.46416,154.041,13.8118,110.577,1,11,-100,-8,8,40,39,13,26378498,262,1,495,13499,
586.566,4504.47,51.4696,7.46435,153.135,13.6634,109.166,1,11,-100,-8,8,40,39,13,26378498,262,1,495,13499,
587.566,4519.01,51.4696,7.46455,152.554,14.2456,107.7,1,5,-99,-8,2,41,39,13,26378498,262,1,495,13499,
588.552,4532.61,51.4696,7.46474,152.604,14.8524,106.92,1,5,-99,-8,2,41,39,13,26378498,262,1,495,13499,
589.568,4547.52,51.4695,7.46494,152.641,15.1591,105.934,1,7,-101,-8,2,39,39,13,26378498,262,1,495,13499,
590.548,4563.09,51.4695,7.46516,152.925,15.9414,104.183,1,7,-101,-8,2,39,39,13,26378498,262,1,495,13499,
591.551,4579.71,51.4695,7.4654,153.232,16.5166,102.132,1,5,-101,-9,2,39,39,13,26378498,262,1,495,13499,
592.573,4597.09,51.4695,7.46565,153.377,17.1596,100.713,1,5,-101,-9,2,39,39,13,26378498,262,1,495,13499,
593.558,4614.89,51.4694,7.4659,153.726,18.0765,99.0833,1,6,-98,-8,2,42,41,13,29401601,262,1,430,13499,
594.556,4633.01,51.4694,7.46616,153.351,18.0797,97.1409,1,6,-98,-8,2,42,41,13,29401601,262,1,430,13499,
595.561,4649.98,51.4694,7.46641,152.916,17.9163,95.0149,1,10,-97,-7,2,43,42,13,29401601,262,1,430,13499,
596.561,4667.94,51.4694,7.46667,152.539,17.6427,92.8525,1,10,-97,-7,2,43,42,13,29401601,262,1,430,13499,
597.553,4685.47,51.4694,7.46692,152.159,17.3287,90.9951,1,7,-96,-7,2,44,42,13,29401601,262,1,430,13499,
598.566,4702.77,51.4694,7.46717,151.943,16.9433,89.2187,1,7,-96,-7,2,44,42,13,29401601,262,1,430,13499,
599.557,4720.29,51.4695,7.46742,151.921,16.732,87.7452,1,1,-95,-7,2,45,42,13,29401601,262,1,430,13499,
600.516,4736.69,51.4695,7.46766,152.205,16.718,86.2357,1,1,-95,-7,2,45,42,13,29401601,262,1,430,13499,
601.572,4736.69,51.4695,7.46766,152.205,16.718,86.2357,1,1,-95,-7,2,45,42,13,29401601,262,1,430,13499,
602.569,4769.84,51.4695,7.46813,152.179,16.831,83.505,1,7,-97,-8,2,43,42,13,29401601,262,1,430,13499,
603.53,4787.36,51.4695,7.46838,152.164,16.7872,82.7107,1,7,-97,-8,2,43,42,13,29401601,262,1,430,13499,
604.554,4805.45,51.4696,7.46864,152.693,16.3942,82.2625,1,5,-102,-9,9,38,37,15,29401601,262,1,430,13499,
605.531,4820.55,51.4696,7.46885,152.961,16.1715,81.8437,1,5,-102,-9,9,38,37,15,29401601,262,1,430,13499,
606.573,4836.18,51.4696,7.46907,153.372,16.3243,81.2948,1,7,-104,-8,8,36,35,15,29401601,262,1,430,13499,
607.557,4853.33,51.4697,7.46932,153.642,16.4569,80.8037,1,7,-104,-8,8,36,35,15,29401601,262,1,430,13499,
608.556,4868.96,51.4697,7.46954,154.005,16.2271,80.8958,1,4,-103,-8,6,37,37,15,29401601,262,1,430,13499,
609.567,4885.6,51.4697,7.46977,154.113,15.7631,80.7086,1,4,-103,-8,6,37,37,15,29401601,262,1,430,13499,
610.564,4901.43,51.4697,7.47,154.167,15.2883,80.4774,1,5,-100,-8,7,40,38,15,29401601,262,1,430,13499,
611.56,4915.96,51.4698,7.4702,154.097,14.9421,81.3159,1,5,-100,-8,7,40,38,15,29401601,262,1,430,13499,
612.543,4931.06,51.4698,7.47042,154.335,15.2624,81.6856,1,7,-100,-8,10,40,39,15,29401601,262,1,430,13499,
613.566,4946.41,51.4698,7.47064,154.593,15.3246,82.2771,1,7,-100,-8,10,40,39,15,29401601,262,1,430,13499,
614.556,4962.01,51.4698,7.47086,154.697,14.8215,83.623,1,10,-98,-7,11,42,40,15,29401601,262,1,430,13499,
615.558,4976.58,51.4698,7.47107,155.135,14.8036,84.6056,1,10,-98,-7,11,42,40,15,29401601,262,1,430,13499,
616.56,4991.73,51.4698,7.47129,155.522,15.2693,85.9166,1,11,-99,-7,11,41,39,15,29401601,262,1,430,13499,
617.551,5007.45,51.4699,7.47151,156.084,15.8405,87.0187,1,11,-99,-7,11,41,39,15,29401601,262,1,430,13499,
618.569,5023.57,51.4699,7.47175,156.558,16.3038,88.5202,1,5,-99,-7,7,41,40,15,29401601,262,1,430,13499,
619.56,5039.42,51.4699,7.47198,156.711,15.888,89.7641,1,5,-99,-7,7,41,40,15,29401601,262,1,430,13499,
620.552,5054.31,51.4699,7.47219,157.035,15.5211,92.2159,1,8,-101,-7,2,39,38,15,29401601,262,1,430,13499,
621.551,5069.8,51.4698,7.47241,157.34,15.3903,93.4181,1,8,-101,-7,2,39,38,15,29401601,262,1,430,13499,
622.548,5085.67,51.4698,7.47264,157.692,15.3628,93.9644,1,8,-101,-7,2,39,38,15,29401601,262,1,430,13499,
623.572,5101.08,51.4698,7.47286,157.744,14.8462,95.4824,1,11,-98,-7,2,42,40,15,31263232,262,1,162,13499,
624.577,5115.52,51.4698,7.47307,157.863,14.519,96.8969,1,11,-98,-7,2,42,40,15,31263232,262,1,162,13499,
625.586,5130.29,51.4698,7.47328,158.604,14.2701,97.7754,1,9,-99,-7,2,41,39,15,31263232,262,1,162,13499,
626.542,5145.71,51.4698,7.4735,158.87,14.6747,98.2511,1,9,-99,-7,2,41,39,15,31263232,262,1,162,13499,
627.561,5160.47,51.4697,7.47371,159.449,15.1378,97.7557,1,4,-100,-8,2,40,39,15,31263232,262,1,162,13499,
628.562,5176.36,51.4697,7.47394,159.966,15.8378,98.1548,1,4,-100,-8,2,40,39,15,31263232,262,1,162,13499,
629.564,5192.76,51.4697,7.47417,160.105,16.2633,98.088,1,2,-100,-8,2,40,39,15,31263232,262,1,162,13499,
630.547,5207.54,51.4697,7.47439,160.389,15.5972,99.0104,1,2,-100,-8,2,40,39,15,31263232,262,1,162,13499,
631.568,5223.67,51.4697,7.47462,160.339,15.1606,98.817,1,4,-100,-9,2,40,40,15,31263232,262,1,162,13499,
632.59,5239.58,51.4696,7.47484,160.734,15.1161,98.8779,1,4,-100,-9,2,40,40,15,31263232,262,1,162,13499,
633.565,5254.24,51.4696,7.47505,161.648,15.2291,98.3566,1,-1,-103,-11,2,37,39,15,31263232,262,1,162,13499,
634.562,5254.24,51.4638,7.46245,nan,15.2851,98.4442,1,-1,-103,-11,2,37,39,15,31263232,262,1,162,13499,
635.556,5254.24,51.4696,7.47548,163.533,15.1327,97.253,1,-5,-104,-12,2,36,40,15,31263232,262,1,162,13499,
636.545,5269.14,51.4696,7.47569,164.125,14.5627,96.5885,1,-5,-104,-12,2,36,40,15,31263232,262,1,162,13499,
637.56,5283.89,51.4696,7.47591,164.917,14.3395,95.1836,1,-3,-103,-12,2,37,41,15,28371200,262,1,68,13499,
638.565,5298.2,51.4696,7.47611,165.119,13.8138,93.7584,1,-3,-103,-12,2,37,41,15,28371200,262,1,68,13499,
639.559,5311.61,51.4695,7.47631,165.529,13.9147,94.0276,1,-1,-102,-12,2,38,41,15,28371200,262,1,68,13499,
640.562,5325.32,51.4695,7.4765,165.957,13.9548,92.3157,1,-1,-102,-12,2,38,41,15,28371200,262,1,68,13499,
641.55,5339.4,51.4696,7.47671,166.114,13.8907,89.8534,1,-6,-102,-13,2,38,43,15,28371200,262,1,68,13499,
642.563,5353.32,51.4696,7.47691,165.868,13.5234,88.2734,1,-6,-102,-13,2,38,43,15,28371200,262,1,68,13499,
643.577,5366.58,51.4696,7.4771,166.28,12.9823,87.47,1,-2,-101,-14,2,39,44,15,28371200,262,1,68,13499,
644.561,5378.97,51.4696,7.47728,167.167,12.6029,86.9533,1,-2,-101,-14,2,39,44,15,28371200,262,1,68,13499,
645.552,5391.61,51.4696,7.47746,167.923,12.2244,85.4042,1,-4,-99,-12,2,41,44,15,28371200,262,1,68,13499,
646.551,5403.97,51.4696,7.47764,168.722,11.8241,84.1331,1,-4,-99,-12,2,41,44,15,28371200,262,1,68,13499,
647.569,5416.51,51.4696,7.47782,169.823,11.3052,83.0911,1,-4,-99,-12,2,41,44,15,28371200,262,1,68,13499,
648.572,5426.9,51.4696,7.47796,171.191,10.7955,80.9264,1,4,-98,-11,2,42,45,15,28371200,262,1,68,13499,
649.554,5437.54,51.4697,7.47811,172.386,10.1818,79.5985,1,4,-98,-11,2,42,45,15,28371200,262,1,68,13499,
650.555,5447.36,51.4697,7.47825,173.219,9.19701,79.1119,1,-6,-97,-12,2,43,47,15,28371200,262,1,68,13499,
651.545,5455.43,51.4697,7.47836,173.624,8.23595,78.7359,1,-6,-97,-12,2,43,47,15,28371200,262,1,68,13499,
652.568,5461.87,51.4697,7.47845,173.891,6.76503,77.7601,1,5,-95,-12,2,45,49,15,26378497,262,1,496,13499,
653.555,5467.97,51.4697,7.47854,174.579,4.86036,76.2124,1,5,-95,-12,2,45,49,15,26378497,262,1,496,13499,
654.56,5472.66,51.4697,7.4786,174.637,4.15267,75.7854,1,12,-92,-11,2,48,50,15,26378497,262,1,496,13499,
655.551,5476.03,51.4697,7.47865,174.677,3.20022,75.0811,1,12,-92,-11,2,48,50,15,26378497,262,1,496,13499,
656.562,5478.88,51.4697,7.47869,174.703,2.23866,75.6222,1,10,-90,-9,2,50,51,15,26378497,262,1,496,13499,
657.568,5480.28,51.4698,7.47871,174.719,0.767831,75.6222,1,10,-90,-9,2,50,51,15,26378497,262,1,496,13499,
658.555,5480.28,51.4698,7.47871,174.722,0,75.6222,1,11,-90,-9,2,50,51,15,26378497,262,1,496,13499,
659.548,5480.28,51.4698,7.47871,174.73,0,75.6222,1,11,-90,-9,2,50,51,15,26378497,262,1,496,13499,
660.552,5480.28,51.4698,7.47871,174.741,0,75.6222,1,13,-90,-10,2,50,50,15,26378497,262,1,496,13499,
661.557,5480.28,51.4698,7.47871,174.752,0,75.6222,1,13,-90,-10,2,50,50,15,26378497,262,1,496,13499,
662.558,5480.28,51.4698,7.47871,174.764,0,75.6222,1,12,-90,-10,2,50,51,15,26378497,262,1,496,13499,
663.549,5480.28,51.4698,7.47871,174.77,0,75.6222,1,12,-90,-10,2,50,51,15,26378497,262,1,496,13499,
664.578,5480.28,51.4698,7.47871,174.772,0,75.6222,1,14,-89,-9,2,51,51,15,26378497,262,1,496,13499,
665.568,5480.28,51.4698,7.47871,174.772,0,75.6222,1,14,-89,-9,2,51,51,15,26378497,262,1,496,13499,
666.565,5480.28,51.4698,7.47871,174.771,0,75.6222,1,14,-89,-8,2,51,51,15,26378497,262,1,496,13499,
667.563,5480.28,51.4698,7.47871,174.768,0,75.6222,1,14,-89,-8,2,51,51,15,26378497,262,1,496,13499,
668.555,5480.28,51.4698,7.47871,174.765,0,75.6222,1,10,-89,-8,2,51,51,15,26378497,262,1,496,13499,
669.552,5480.28,51.4698,7.47871,174.761,0,75.6222,1,10,-89,-8,2,51,51,15,26378497,262,1,496,13499,
670.567,5480.28,51.4698,7.47871,174.758,0,75.6222,1,10,-89,-8,2,51,51,15,26378497,262,1,496,13499,
671.58,5480.28,51.4698,7.47871,174.75,0,75.6222,1,9,-89,-8,2,51,50,15,26378497,262,1,496,13499,
672.562,5480.28,51.4698,7.47871,174.739,0,75.6222,1,9,-89,-8,2,51,50,15,26378497,262,1,496,13499,
673.552,5480.28,51.4698,7.47871,174.727,0,75.6222,1,10,-89,-9,2,51,50,15,26378497,262,1,496,13499,
674.548,5480.28,51.4698,7.47871,174.714,0,75.6222,1,10,-89,-9,2,51,50,15,26378497,262,1,496,13499,
675.553,5480.28,51.4698,7.47871,174.702,0,75.6222,1,10,-90,-8,2,50,50,15,26378497,262,1,496,13499,
676.68,5480.28,51.4698,7.47871,174.689,0,75.6222,1,10,-90,-8,2,50,50,15,26378497,262,1,496,13499,
677.557,5480.28,51.4698,7.47871,174.68,0,75.6222,1,9,-90,-8,7,50,48,7,26378497,262,1,496,13499,
678.562,5480.28,51.4698,7.47871,174.673,0,75.6222,1,9,-90,-8,7,50,48,7,26378497,262,1,496,13499,
679.578,5480.28,51.4698,7.47871,174.667,0,75.6222,1,9,-90,-7,7,50,49,7,26378497,262,1,496,13499,
680.554,5480.28,51.4698,7.47871,174.662,0,75.6222,1,9,-90,-7,7,50,49,7,26378497,262,1,496,13499,
681.541,5480.28,51.4698,7.47871,174.658,0,75.6222,1,14,-89,-7,11,51,48,7,26378497,262,1,496,13499,
682.565,5480.28,51.4698,7.47871,174.655,0,75.6222,1,14,-89,-7,11,51,48,7,26378497,262,1,496,13499,
683.554,5480.28,51.4698,7.47871,174.613,0,75.6222,1,12,-90,-8,8,50,48,7,26378497,262,1,496,13499,
684.551,5480.28,51.4698,7.47871,174.572,0,68.6291,1,12,-90,-8,8,50,48,7,26378497,262,1,496,13499,
685.566,5489.57,51.4698,7.47883,174.197,0,70.0996,1,14,-87,-7,9,53,50,7,26378497,262,1,496,13499,
686.547,5495.6,51.4698,7.47892,174.113,5.83156,71.5819,1,14,-87,-7,9,53,50,7,26378497,262,1,496,13499,
687.566,5501.9,51.4698,7.479,174.244,6.61355,72.4215,1,16,-84,-7,14,56,53,7,26378497,262,1,496,13499,
688.552,5508.48,51.4698,7.47909,174.355,7.53635,73.032,1,16,-84,-7,14,56,53,7,26378497,262,1,496,13499,
689.547,5516.17,51.4699,7.4792,174.552,8.61895,73.725,1,17,-83,-6,11,57,54,7,26378497,262,1,496,13499,
690.58,5525.03,51.4699,7.47932,174.901,9.411,74.7032,1,17,-83,-6,11,57,54,7,26378497,262,1,496,13499,
691.563,5534.19,51.4699,7.47945,175.372,9.01157,74.0391,1,19,-83,-6,12,57,54,7,26378497,262,1,496,13499,
692.553,5543.25,51.4699,7.47957,175.886,9.35136,73.3955,1,19,-83,-6,12,57,54,7,26378497,262,1,496,13499,
693.552,5553.05,51.47,7.47971,175.956,9.90445,72.8491,1,19,-83,-6,12,57,54,7,26378497,262,1,496,13499,
694.551,5562.58,51.47,7.47984,175.936,9.99271,72.2517,1,19,-84,-7,12,56,53,7,26378497,262,1,496,13499,
695.553,5572.48,51.47,7.47997,176.029,9.47348,72.0773,1,19,-84,-7,12,56,53,7,26378497,262,1,496,13499,
696.567,5582.23,51.47,7.4801,175.919,9.80952,71.3622,1,18,-79,-7,2,61,56,7,26378497,262,1,496,13499,
697.556,5592.99,51.4701,7.48025,175.866,10.7995,71.8888,1,18,-79,-7,2,61,56,7,26378497,262,1,496,13499,
698.563,5604.35,51.4701,7.48041,175.682,11.7203,72.2683,1,8,-80,-7,2,60,56,7,26378497,262,1,496,13499,
699.553,5616.6,51.4701,7.48058,175.393,12.4031,71.4488,1,8,-80,-7,2,60,56,7,26378497,262,1,496,13499,
700.552,5628.2,51.4702,7.48073,174.718,12.4953,71.4641,1,13,-86,-7,2,54,51,7,26378497,262,1,496,13499,
701.548,5640.81,51.4702,7.48091,174.003,12.0781,71.8224,1,13,-86,-7,2,54,51,7,26378497,262,1,496,13499,
702.557,5652.89,51.4702,7.48107,173.605,11.2551,72.2574,1,12,-87,-6,2,53,49,7,26378497,262,1,496,13499,
703.547,5663.38,51.4703,7.48122,173.053,10.2602,72.9079,1,12,-87,-6,2,53,49,7,26378497,262,1,496,13499,
704.551,5673.15,51.4703,7.48135,172.494,8.5322,74.0713,1,13,-91,-7,2,49,45,7,26378497,262,1,496,13499,
705.561,5679.76,51.4703,7.48145,171.81,5.96433,77.7244,1,13,-91,-7,2,49,45,7,26378497,262,1,496,13499,
706.544,5685.92,51.4703,7.48153,171.493,5.87093,109.147,1,12,-92,-7,2,48,45,7,26378497,262,1,496,13499,
707.561,5692.91,51.4703,7.48161,171.12,6.69088,136.949,1,12,-92,-7,2,48,45,7,26378497,262,1,496,13499,
708.561,5701.94,51.4702,7.48167,171.019,9.05678,154.379,1,10,-93,-8,2,47,47,7,26378497,262,1,496,13499,
709.57,5711.18,51.4701,7.48173,170.991,9.77952,156.625,1,10,-93,-8,2,47,47,7,26378497,262,1,496,13499,
710.562,5721.09,51.47,7.48178,171.141,10.8252,159.226,1,4,-92,-8,2,48,47,7,26378497,262,1,496,13499,
711.568,5732.83,51.4699,7.48183,171.032,12.3462,160.735,1,4,-92,-8,2,48,47,7,26378497,262,1,496,13499,
712.543,5744.87,51.4698,7.48187,171.161,12.0263,162.56,1,1,-93,-8,2,47,47,7,26378497,262,1,496,13499,
713.558,5756.48,51.4697,7.48192,171.021,11.4881,163.193,1,1,-93,-8,2,47,47,7,26378497,262,1,496,13499,
714.547,5767.73,51.4696,7.48196,170.931,11.104,163.977,1,1,-93,-8,2,47,47,7,26378497,262,1,496,13499,
715.552,5780.33,51.4695,7.48201,170.741,11.0842,164.778,1,10,-94,-8,2,46,46,7,26378497,262,1,496,13499,
716.569,5791.16,51.4694,7.48205,170.713,10.4704,165.218,1,10,-94,-8,2,46,46,7,26378497,262,1,496,13499,
717.569,5801.46,51.4693,7.48208,171.002,10.477,164.852,1,5,-93,-8,2,47,46,7,26378497,262,1,496,13499,
718.553,5812.92,51.4692,7.48211,171.17,9.74357,166.835,1,5,-93,-8,2,47,46,7,26378497,262,1,496,13499,
719.549,5824.69,51.4691,7.48215,171.763,9.70778,167.546,1,2,-93,-8,2,47,46,7,26378497,262,1,496,13499,
720.567,5834.62,51.469,7.48216,172.045,9.66264,166.933,1,2,-93,-8,2,47,46,7,26378497,262,1,496,13499,
721.548,5843.64,51.469,7.48219,171.934,10.2113,167.429,1,13,-94,-10,2,46,48,7,26378497,262,1,496,13499,
722.572,5854.71,51.4689,7.48223,171.828,11.4877,166.628,1,13,-94,-10,2,46,48,7,26378497,262,1,496,13499,
723.58,5866.64,51.4688,7.48226,171.862,12.0541,166.092,1,13,-94,-11,2,46,49,7,26378497,262,1,496,13499,
724.565,5878.88,51.4686,7.4823,171.901,12.2544,165.362,1,13,-94,-11,2,46,49,7,26378497,262,1,496,13499,
725.553,5890.64,51.4685,7.48234,172.313,12.2939,164.542,1,11,-95,-11,2,45,48,7,26378497,262,1,496,13499,
726.558,5903.17,51.4684,7.48239,172.84,12.1134,163.907,1,11,-95,-11,2,45,48,7,26378497,262,1,496,13499,
727.655,5916.08,51.4683,7.48244,173.38,12.2576,164.376,1,12,-98,-10,2,42,43,7,26378497,262,1,496,13499,
728.539,5928.21,51.4682,7.48248,173.845,11.7515,165.199,1,12,-98,-10,2,42,43,7,26378497,262,1,496,13499,
729.554,5938.59,51.4681,7.48252,174.107,10.8142,165.542,1,1,-101,-10,10,39,40,12,26378497,262,1,496,13499,
730.567,5948.04,51.468,7.48255,173.959,9.85694,166.298,1,1,-101,-10,10,39,40,12,26378497,262,1,496,13499,
731.563,5957.99,51.468,7.48258,174.033,9.24734,166.689,1,1,-97,-9,6,43,41,20,28371200,262,1,68,13499,
732.551,5966.61,51.4679,7.48261,173.852,8.62032,167.678,1,1,-97,-9,6,43,41,20,28371200,262,1,68,13499,
733.565,5975.08,51.4678,7.48263,173.435,8.44179,168.176,1,2,-101,-10,10,39,41,20,28371200,262,1,68,13499,
734.565,5982.21,51.4677,7.48264,173.15,8.1302,168.801,1,2,-101,-10,10,39,41,20,28371200,262,1,68,13499,
735.543,5991.34,51.4677,7.48267,173.136,7.76043,168.965,1,2,-101,-12,7,39,41,20,28371200,262,1,68,13499,
736.556,5998.61,51.4676,7.48268,172.661,6.88284,170.466,1,2,-101,-12,7,39,41,20,28371200,262,1,68,13499,
737.561,6005.49,51.4675,7.4827,171.924,5.88923,171.63,1,4,-103,-9,8,37,37,20,28371200,262,1,68,13499,
738.554,6010.25,51.4675,7.48271,171.407,4.89075,172.089,1,4,-103,-9,8,37,37,20,28371200,262,1,68,13499,
739.556,6014.37,51.4675,7.48272,171.359,3.48345,173.074,1,4,-103,-9,8,37,38,20,28371200,262,1,68,13499,
740.554,6018.02,51.4674,7.48273,171.334,3.09997,173.77,1,4,-103,-9,8,37,38,20,28371200,262,1,68,13499,
741.562,6022.83,51.4674,7.48273,171.329,5.74193,175.315,1,4,-103,-9,8,37,38,20,28371200,262,1,68,13499,
742.549,6030.28,51.4673,7.48274,172.051,8.87846,175.678,1,8,-102,-10,12,38,40,20,28371200,262,1,68,13499,
743.564,6040.74,51.4672,7.48276,172.609,9.56185,176.228,1,8,-102,-10,12,38,40,20,28371200,262,1,68,13499,
744.547,6051.65,51.4671,7.48276,173.244,11.5384,177.971,1,15,-101,-8,12,39,39,20,28371200,262,1,68,13499,
745.569,6063.05,51.467,7.48275,173.057,13.3304,179.814,1,15,-101,-8,12,39,39,20,28371200,262,1,68,13499,
746.549,6078.21,51.4669,7.48274,172.582,14.1066,182.348,1,13,-101,-9,9,39,40,20,28371200,262,1,68,13499,
747.557,6094.68,51.4667,7.48271,172.295,14.6837,186.054,1,13,-101,-9,9,39,40,20,28371200,262,1,68,13499,
748.57,6109.85,51.4666,7.48267,171.771,14.6827,188.708,1,6,-103,-8,2,37,37,20,28371200,262,1,68,13499,
749.544,6124.85,51.4665,7.48262,171.717,15.0955,191.231,1,6,-103,-8,2,37,37,20,28371200,262,1,68,13499,
750.561,6139.52,51.4663,7.48256,171.836,14.1946,193.5,1,10,-102,-8,2,38,38,20,28371200,262,1,68,13499,
751.552,6155.08,51.4662,7.4825,171.688,15.1128,195.244,1,10,-102,-8,2,38,38,20,28371200,262,1,68,13499,
752.564,6171.69,51.4661,7.48242,171.477,15.4327,197.48,1,10,-100,-9,2,40,40,20,28371200,262,1,68,13499,
753.582,6186.19,51.4659,7.48234,170.899,15.2386,199.08,1,10,-100,-9,2,40,40,20,28371200,262,1,68,13499,
754.561,6200.54,51.4658,7.48227,168.834,14.8272,200.383,1,2,-114,-11,8,26,28,19,28371200,262,1,68,13499,
755.552,6215.87,51.4657,7.48219,167.356,15.1151,199.689,1,2,-114,-11,8,26,28,19,28371200,262,1,68,13499,
756.543,6230.94,51.4656,7.48211,166.89,15.0684,200.345,1,3,-116,-10,8,24,25,19,28371200,262,1,68,13499,
757.575,6245.15,51.4655,7.48204,166.594,14.4379,201.571,1,3,-116,-10,8,24,25,19,28371200,262,1,68,13499,
758.558,6259.81,51.4653,7.48196,166.557,14.486,201.591,1,1,-99,-11,7,41,44,19,28371200,262,1,68,13499,
759.547,6275.44,51.4652,7.48186,166.344,14.2995,202.036,1,1,-99,-11,7,41,44,19,28371200,262,1,68,13499,
760.55,6291.46,51.4651,7.48175,166.614,14.2149,202.381,1,1,-103,-12,9,37,40,19,28371200,262,1,68,13499,
761.576,6305.74,51.465,7.48166,166.603,13.637,201.442,1,1,-103,-12,9,37,40,19,28371200,262,1,68,13499,
762.56,6319.21,51.4649,7.48158,166.628,13.5135,200.396,1,4,-105,-11,6,35,37,19,28371200,262,1,68,13499,
763.57,6332.68,51.4647,7.48151,166.837,14.4313,199.304,1,4,-105,-11,6,35,37,19,28371200,262,1,68,13499,
764.562,6347.37,51.4646,7.48143,166.987,14.5362,198.668,1,0,-104,-9,6,36,36,16,28371200,262,1,496,13499,
765.573,6361.06,51.4645,7.48135,167.317,14.674,198.318,1,0,-104,-9,6,36,36,16,28371200,262,1,496,13499,
766.562,6375.69,51.4644,7.48128,167.407,14.8253,197.344,1,2,-105,-9,9,35,36,16,28371200,262,1,68,13499,
767.553,6390.68,51.4643,7.4812,167.474,14.9899,197.415,1,2,-105,-9,9,35,36,16,28371200,262,1,68,13499,
768.567,6404.46,51.4641,7.48113,167.799,14.7684,196.876,1,10,-107,-9,11,33,33,16,28371200,262,1,68,13499,
769.568,6419.93,51.464,7.48106,168.189,14.8091,196.647,1,10,-107,-9,11,33,33,16,28371200,262,1,68,13499,
770.555,6434.46,51.4639,7.48099,168.592,14.6756,196.8,1,8,-105,-6,11,35,32,16,28371200,262,1,68,13499,
771.564,6449.23,51.4638,7.48092,169.18,14.5104,196.357,1,8,-105,-6,11,35,32,16,28371200,262,1,68,13499,
772.549,6463.66,51.4636,7.48086,169.461,14.4193,196.431,1,0,-112,-10,7,28,29,16,28371200,262,1,68,13499,
773.551,6478.04,51.4635,7.4808,169.774,14.356,196.302,1,0,-112,-10,7,28,29,16,28371200,262,1,68,13499,
774.557,6492.44,51.4634,7.48074,170.173,14.7649,195.71,1,0,-112,-10,7,28,29,16,28371200,262,1,68,13499,
775.561,6507.19,51.4633,7.48068,170.634,14.6958,195.555,1,2,-112,-12,5,28,31,16,28371200,262,1,68,13499,
776.551,6522.26,51.4631,7.48062,171.291,14.8796,195.954,1,2,-112,-12,5,28,31,16,28371200,262,1,68,13499,
777.548,6536.45,51.463,7.48056,172.177,14.8064,195.885,1,0,-101,-11,6,39,34,15,28371206,262,1,129,13499,
778.558,6550.56,51.4629,7.48051,173.189,14.2187,195.855,1,0,-101,-11,6,39,34,15,28371206,262,1,129,13499,
779.642,6565.35,51.4628,7.48045,174.227,13.8505,195.492,1,3,-97,-11,8,43,37,15,28371206,262,1,129,13499,
780.566,6578.98,51.4626,7.4804,175.226,13.5413,194.867,1,3,-97,-11,8,43,37,15,28371206,262,1,129,13499,
781.563,6592.58,51.4625,7.48035,176.177,13.0418,195.217,1,4,-99,-11,8,41,37,15,28371206,262,1,129,13499,
782.558,6604.58,51.4624,7.4803,176.763,12.1598,195.921,1,4,-99,-11,8,41,37,15,28371206,262,1,129,13499,
783.577,6616.82,51.4623,7.48025,177.213,10.9357,196.318,1,1,-101,-11,7,39,34,15,28371206,262,1,129,13499,
784.568,6627.02,51.4622,7.48021,177.182,9.4118,196.652,1,1,-101,-11,7,39,34,15,28371206,262,1,129,13499,
785.566,6634.27,51.4622,7.48018,176.843,7.11991,196.081,1,-1,-97,-8,6,43,35,26,29568778,262,1,353,13499,
786.558,6639.44,51.4621,7.48018,176.736,5.06654,180.212,1,-1,-97,-8,6,43,35,26,29568778,262,1,353,13499,
787.547,6644.81,51.4621,7.48023,176.994,5.17968,135.901,1,0,-97,-9,8,43,36,26,29568778,262,1,353,13499,
788.572,6650.83,51.462,7.48031,177.172,5.6911,105.743,1,0,-97,-9,8,43,36,26,29568778,262,1,353,13499,
789.57,6657.55,51.462,7.4804,176.82,6.73843,87.8466,1,4,-97,-9,9,43,36,26,29568778,262,1,353,13499,
790.561,6665.41,51.462,7.48052,176.768,8.62303,89.0085,1,4,-97,-9,9,43,36,26,29568778,262,1,353,13499,
791.581,6675.93,51.462,7.48067,176.83,10.0751,89.909,1,5,-100,-8,8,40,33,26,29568778,262,1,353,13499,
792.563,6687.32,51.462,7.48083,176.913,11.5223,90.416,1,5,-100,-8,8,40,33,26,29568778,262,1,353,13499,
793.559,6698.99,51.462,7.481,176.894,12.861,91.281,1,6,-99,-8,7,41,33,26,29568778,262,1,353,13499,
794.562,6711.88,51.462,7.48119,176.909,13.656,91.283,1,6,-99,-8,7,41,33,26,29568778,262,1,353,13499,
795.556,6726.04,51.462,7.48139,176.874,13.7535,91.0627,1,2,-102,-10,7,38,31,26,29568778,262,1,353,13499,
796.574,6739.35,51.462,7.48159,176.886,13.5452,90.2304,1,2,-102,-10,7,38,31,26,29568778,262,1,353,13499,
797.576,6753.26,51.462,7.48179,176.958,13.5909,89.9563,1,1,-106,-11,5,34,30,26,29568778,262,1,353,13499,
798.586,6766.9,51.462,7.48198,177.18,13.3501,91.1256,1,1,-106,-11,5,34,30,26,29568778,262,1,353,13499,
799.575,6779.77,51.462,7.48217,177.489,13.1864,92.0618,1,-2,-106,-11,5,34,28,26,29568778,262,1,353,13499,
800.578,6792.64,51.462,7.48236,177.8,13.2227,91.4072,1,-2,-106,-11,5,34,28,26,29568778,262,1,353,13499,
801.563,6805.79,51.462,7.48255,178.092,13.3751,90.9622,1,-2,-106,-11,5,34,28,26,29568778,262,1,353,13499,
802.552,6819.19,51.462,7.48274,178.32,13.6028,90.6219,1,4,-107,-11,2,33,34,26,26378497,262,1,496,13499,
803.562,6832.68,51.462,7.48293,178.65,13.6251,89.8515,1,4,-107,-11,2,33,34,26,26378497,262,1,496,13499,
804.561,6846.99,51.462,7.48314,178.88,13.6205,89.3895,1,9,-106,-10,2,34,35,26,26378497,262,1,496,13499,
805.569,6859.5,51.462,7.48332,179.12,12.2744,90.1934,1,9,-106,-10,2,34,35,26,26378497,262,1,496,13499,
806.539,6872.51,51.462,7.48351,179.277,13.4869,90.5941,1,11,-104,-10,2,36,36,26,26378497,262,1,496,13499,
807.578,6883.84,51.462,7.48367,179.996,13.081,94.2929,1,11,-104,-10,2,36,36,26,26378497,262,1,496,13499,
808.575,6897.16,51.462,7.48386,180.258,12.0622,93.6473,1,-5,-105,-10,2,35,36,26,26378497,262,1,496,13499,
809.553,6907.13,51.462,7.48401,180.91,8.5573,95.3059,1,-5,-105,-10,2,35,36,26,26378497,262,1,496,13499,
810.565,6915.49,51.462,7.48411,182.69,8.40539,126.57,1,6,-109,-9,2,31,32,26,28371200,262,1,68,13499,
811.551,6924.22,51.4619,7.48419,183.745,9.02694,147.906,1,6,-109,-9,2,31,32,26,28371200,262,1,68,13499,
812.549,6933.34,51.4618,7.48425,184.602,9.90083,160.67,1,8,-105,-9,2,35,35,26,28371200,262,1,68,13499,
813.549,6943,51.4617,7.4843,185.198,10.2448,163.525,1,8,-105,-9,2,35,35,26,28371200,262,1,68,13499,
814.548,6954.63,51.4616,7.48434,185.274,11.1035,163.969,1,9,-97,-7,11,43,42,12,28371200,262,1,68,13499,
815.566,6967.52,51.4615,7.48438,185.125,12.1305,165.872,1,9,-97,-7,11,43,42,12,28371200,262,1,68,13499,
816.569,6981.13,51.4614,7.48442,184.721,13.392,166.999,1,12,-98,-9,7,42,43,12,28371200,262,1,68,13499,
817.612,6995.24,51.4613,7.48447,183.857,15.0009,167.943,1,12,-98,-9,7,42,43,12,28371200,262,1,68,13499,
818.563,7009.05,51.4612,7.4845,183.352,15.2013,169.804,1,6,-97,-9,9,43,43,12,28371200,262,1,68,13499,
819.574,7024.37,51.461,7.48452,183.269,15.3893,171.562,1,6,-97,-9,9,43,43,12,28371200,262,1,68,13499,
820.551,7040.35,51.4609,7.48454,183.507,15.8623,173.365,1,3,-96,-8,6,44,44,12,28371200,262,1,68,13499,
821.571,7056.88,51.4607,7.48455,183.59,15.683,175.158,1,3,-96,-8,6,44,44,12,28371200,262,1,68,13499,
822.563,7074.73,51.4606,7.48457,183.89,16.0159,175.837,1,-1,-98,-9,8,42,42,12,28371200,262,1,68,13499,
823.561,7091.97,51.4604,7.48458,184.5,15.3406,178.439,1,-1,-98,-9,8,42,42,12,28371200,262,1,68,13499,
824.566,7109.57,51.4603,7.48457,185.665,15.7268,181.033,1,-1,-98,-9,8,42,42,12,28371200,262,1,68,13499,
825.577,7125.23,51.4601,7.48454,187.113,15.6793,182.792,1,2,-102,-11,7,38,40,12,28371200,262,1,68,13499,
826.561,7140.9,51.46,7.48451,188.704,15.4072,184.698,1,2,-102,-11,7,38,40,12,28371200,262,1,68,13499,
827.562,7156.69,51.4598,7.48447,190.236,15.664,186.884,1,1,-106,-14,5,34,40,12,28371200,262,1,68,13499,
828.561,7172.14,51.4597,7.48442,191.509,15.6597,188.332,1,1,-106,-14,5,34,40,12,28371200,262,1,68,13499,
829.551,7188.15,51.4596,7.48437,192.817,15.8342,189.036,1,-4,-111,-15,5,29,35,12,28371200,262,1,68,13499,
830.561,7206.64,51.4594,7.48431,194.614,16.1059,189.386,1,-4,-111,-15,5,29,35,12,28371200,262,1,68,13499,
831.543,7223.85,51.4592,7.48427,196.431,16.1516,189.77,1,-3,-107,-12,6,33,37,12,28371200,262,1,68,13499,
832.566,7240.44,51.4591,7.48422,198.21,16.0123,190.462,1,-3,-107,-12,6,33,37,12,28371200,262,1,68,13499,
833.551,7255.87,51.459,7.48417,199.617,15.7923,190.977,1,-3,-106,-14,5,34,39,12,28371200,262,1,68,13499,
834.548,7271.28,51.4588,7.48413,201.04,16.5921,191.484,1,-3,-106,-14,5,34,39,12,28371200,262,1,68,13499,
835.574,7286.93,51.4587,7.48408,202.234,16.0692,191.1,1,2,-106,-11,8,34,36,12,28371200,262,1,68,13499,
836.576,7302.9,51.4586,7.48403,203.45,16.4208,190.609,1,2,-106,-11,8,34,36,12,28371200,262,1,68,13499,
837.553,7318.84,51.4584,7.48398,204.631,16.3527,191.037,1,-3,-103,-11,5,37,40,12,28371200,262,1,68,13499,
838.571,7335.19,51.4583,7.48393,205.44,16.2013,191.099,1,-3,-103,-11,5,37,40,12,28371200,262,1,68,13499,
839.56,7351.65,51.4581,7.48388,206.462,16.4252,190.468,1,5,-97,-9,9,43,42,12,28371200,262,1,68,13499,
840.56,7368.9,51.458,7.48383,207.325,16.3457,190.21,1,5,-97,-9,9,43,42,12,28371200,262,1,68,13499,
841.547,7385.06,51.4578,7.48379,208.21,16.4132,191.125,1,9,-96,-9,9,44,44,12,28371200,262,1,68,13499,
842.553,7401.6,51.4577,7.48374,209.602,16.4382,191.363,1,9,-96,-9,9,44,44,12,28371200,262,1,68,13499,
843.552,7418.21,51.4575,7.48368,210.6,16.3179,191.958,1,9,-96,-9,9,44,44,12,28371200,262,1,68,13499,
844.579,7435.22,51.4574,7.48363,211.95,16.4643,191.849,1,7,-95,-8,8,45,45,12,28371200,262,1,68,13499,
845.586,7453.01,51.4572,7.48357,212.741,17.4969,191.061,1,7,-95,-8,8,45,45,12,28371200,262,1,68,13499,
846.547,7470.35,51.4571,7.48352,213.63,17.5096,191.025,1,13,-95,-8,14,45,45,12,28371200,262,1,68,13499,
847.555,7486.29,51.4569,7.48348,214.482,17.7094,190.339,1,13,-95,-8,14,45,45,12,28371200,262,1,68,13499,
848.55,7503.32,51.4568,7.48343,214.946,17.4772,190.006,1,11,-94,-9,13,46,47,12,28371200,262,1,68,13499,
849.576,7520.24,51.4566,7.48339,215.829,17.0221,189.185,1,11,-94,-9,13,46,47,12,28371200,262,1,68,13499,
850.564,7537.62,51.4565,7.48335,216.907,16.908,188.262,1,6,-92,-9,12,48,49,12,28371200,262,1,68,13499,
851.577,7553.68,51.4563,7.48332,217.902,16.6261,187.538,1,6,-92,-9,12,48,49,12,28371200,262,1,68,13499,
852.56,7569.63,51.4562,7.4833,218.498,16.4047,186.837,1,8,-95,-9,2,45,45,12,28371200,262,1,68,13499,
853.584,7586.17,51.456,7.48328,218.85,16.7685,185.712,1,8,-95,-9,2,45,45,12,28371200,262,1,68,13499,
854.563,7603.64,51.4559,7.48327,218.826,16.9651,184.536,1,10,-95,-9,2,45,46,12,28371200,262,1,68,13499,
855.565,7621.34,51.4557,7.48325,219.193,16.9211,183.446,1,10,-95,-9,2,45,46,12,28371200,262,1,68,13499,
856.549,7638.95,51.4556,7.48325,219.687,17.0367,181.501,1,15,-91,-8,2,49,48,12,28371202,262,1,67,13499,
857.547,7656.29,51.4554,7.48327,220.203,17.2999,179.369,1,15,-91,-8,2,49,48,12,28371202,262,1,67,13499,
858.549,7673.82,51.4553,7.48329,220.589,17.4429,177.202,1,18,-91,-7,2,49,46,12,28371202,262,1,67,13499,
859.558,7691.38,51.4551,7.48333,221.098,17.4232,174.52,1,18,-91,-7,2,49,46,12,28371202,262,1,67,13499,
860.551,7708.07,51.455,7.48337,221.572,17.3762,172.2,1,17,-91,-7,2,49,46,12,28371202,262,1,67,13499,
861.552,7726.18,51.4548,7.48344,222.013,17.5878,168.974,1,17,-91,-7,2,49,46,12,28371202,262,1,67,13499,
862.563,7743.39,51.4547,7.48351,222.629,17.3524,166.275,1,19,-87,-6,2,53,50,12,28371202,262,1,67,13499,
863.554,7760.88,51.4545,7.48359,223.16,17.4938,163.265,1,19,-87,-6,2,53,50,12,28371202,262,1,67,13499,
864.543,7779.11,51.4544,7.4837,223.649,17.7683,160.03,1,13,-88,-6,2,52,50,12,28371202,262,1,67,13499,
865.558,7797.97,51.4542,7.48383,223.935,17.9229,156.594,1,13,-88,-6,2,52,50,12,28371202,262,1,67,13499,
866.551,7816.6,51.4541,7.48398,224.557,18.2584,152.966,1,13,-88,-6,2,52,50,12,28371202,262,1,67,13499,
867.552,7835.76,51.4539,7.48414,224.908,18.3754,149.91,1,10,-93,-7,2,47,45,12,28371202,262,1,67,13499,
868.557,7855.17,51.4538,7.4843,225.318,19.1493,147.231,1,10,-93,-7,2,47,45,12,28371202,262,1,67,13499,
869.557,7874.52,51.4536,7.48448,225.21,17.52,143.402,1,14,-96,-7,2,44,43,12,28371202,262,1,67,13499,
870.555,7893.08,51.4535,7.48468,225.72,16.5804,129.8,1,14,-96,-7,2,44,43,12,28371202,262,1,67,13499,
871.557,7911.93,51.4534,7.4849,226.731,17.3251,130.699,1,14,-94,-7,2,46,44,12,28371202,262,1,67,13499,
872.554,7931.42,51.4533,7.48511,227.701,17.9867,131.622,1,14,-94,-7,2,46,44,12,28371202,262,1,67,13499,
873.59,7948.57,51.4532,7.48531,228.583,17.3824,130.914,1,25,-89,-6,2,51,50,12,28371202,262,1,67,13499,
874.558,7964.8,51.4531,7.48549,229.291,16.3494,131.853,1,25,-89,-6,2,51,50,12,28371202,262,1,67,13499,
875.563,7980.94,51.453,7.48567,230.274,15.0875,130.301,1,22,-85,-6,2,55,53,12,28371202,262,1,67,13499,
876.646,7997.5,51.4529,7.48585,231.329,14.4747,131.409,1,22,-85,-6,2,55,53,12,28371202,262,1,67,13499,
877.558,8012.05,51.4529,7.48601,233.028,14.2353,132.457,1,31,-84,-6,13,56,54,4,28371202,262,1,67,13499,
878.565,8028.19,51.4528,7.48618,234.496,14.983,135.135,1,31,-84,-6,13,56,54,4,28371202,262,1,67,13499,
879.562,8043.28,51.4527,7.48633,235.495,15.0891,136.749,1,16,-83,-5,10,57,54,4,28371202,262,1,67,13499,
880.56,8059.44,51.4526,7.48649,235.428,14.9272,138.376,1,16,-83,-5,10,57,54,4,28371202,262,1,67,13499,
881.57,8075.23,51.4524,7.48664,235.142,14.8244,140.358,1,13,-84,-5,10,56,53,4,28371202,262,1,67,13499,
882.567,8089.78,51.4523,7.48677,235.666,14.6543,141.993,1,13,-84,-5,10,56,53,4,28371202,262,1,67,13499,
883.562,8103.83,51.4522,7.48688,236.494,14.7562,143.476,1,19,-86,-6,15,54,51,4,28371202,262,1,67,13499,
884.562,8118.53,51.4521,7.487,236.804,14.7916,145.028,1,19,-86,-6,15,54,51,4,28371202,262,1,67,13499,
885.573,8133.71,51.452,7.4871,237.118,14.8898,147.606,1,20,-87,-6,12,53,50,4,28371202,262,1,67,13499,
886.562,8148.2,51.4519,7.48719,237.056,14.6109,149.836,1,20,-87,-6,12,53,50,4,28371202,262,1,67,13499,
887.555,8162.32,51.4518,7.48728,237.428,14.1073,152.806,1,20,-87,-6,12,53,50,4,28371202,262,1,67,13499,
888.559,8177.45,51.4516,7.48736,237.486,14.3123,155.11,1,13,-87,-5,12,53,49,4,28371202,262,1,67,13499,
889.574,8191.18,51.4515,7.48744,237.482,14.3304,157.249,1,13,-87,-5,12,53,49,4,28371202,262,1,67,13499,
890.572,8206.32,51.4514,7.48752,237.234,13.8303,158.592,1,12,-89,-6,9,51,49,4,28371202,262,1,67,13499,
891.575,8221.75,51.4513,7.48759,237.101,14.2424,158.108,1,12,-89,-6,9,51,49,4,28371202,262,1,67,13499,
892.548,8237.06,51.4511,7.48767,236.902,14.0118,158.635,1,11,-92,-7,14,48,46,4,28371202,262,1,67,13499,
893.56,8250.76,51.451,7.48774,237.433,12.9156,159.754,1,11,-92,-7,14,48,46,4,28371202,262,1,67,13499,
894.533,8263.9,51.4509,7.48779,238.287,12.7528,161.627,1,10,-97,-10,10,43,44,4,28371202,262,1,67,13499,
