0.113,0,51.4502,7.48823,249.895,6.96373,184.145,1,11,-97,-7,9,43,41,6,28371201,262,1,66,13499,
1.397,7.96686,51.4501,7.48826,249.111,7.7274,162.082,1,11,-97,-7,9,43,41,6,28371201,262,1,66,13499,
2.421,25.6439,51.45,7.48832,248.789,9.43565,165.707,1,16,-99,-8,11,41,40,6,28371201,262,1,66,13499,
3.501,34.8123,51.4499,7.48835,248.992,10.065,167.379,1,16,-99,-8,11,41,40,6,28371201,262,1,66,13499,
4.547,45.1386,51.4498,7.48839,249.439,10.7487,168.776,1,10,-98,-8,9,42,42,6,28371201,262,1,66,13499,
5.581,56.5463,51.4497,7.48841,250.084,11.1876,171.2,1,10,-98,-8,9,42,42,6,28371201,262,1,66,13499,
6.584,68.2864,51.4496,7.48844,250.791,11.6715,173.089,1,11,-100,-9,8,40,41,6,28371201,262,1,66,13499,
7.559,80.6471,51.4495,7.48845,251.368,12.1997,174.654,1,11,-100,-9,8,40,41,6,28371201,262,1,66,13499,
8.581,93.9808,51.4493,7.48846,251.788,12.6758,175.971,1,11,-99,-8,7,41,40,6,28371201,262,1,66,13499,
9.564,107.894,51.4492,7.48846,252.429,12.9737,178.805,1,11,-99,-8,7,41,40,6,28371201,262,1,66,13499,
10.564,121.305,51.4491,7.48846,252.993,12.6578,180.812,1,11,-100,-8,8,40,39,6,28371201,262,1,66,13499,
11.558,134.073,51.449,7.48845,253.586,12.7951,181.962,1,11,-100,-8,8,40,39,6,28371201,262,1,66,13499,
12.566,147.359,51.4489,7.48842,253.997,13.2339,184.941,1,8,-101,-8,9,39,39,6,28371201,262,1,66,13499,
13.567,160.848,51.4487,7.48838,254.342,13.4802,188.603,1,8,-101,-8,9,39,39,6,28371201,262,1,66,13499,
14.559,172.922,51.4486,7.48835,254.747,12.9453,189.527,1,4,-102,-9,9,38,38,6,28371201,262,1,66,13499,
15.571,185.519,51.4485,7.4883,254.901,13.3171,190.952,1,4,-102,-9,9,38,38,6,28371201,262,1,66,13499,
16.556,199.403,51.4484,7.48825,255.146,13.2784,191.901,1,6,-106,-10,8,34,35,6,28371201,262,1,66,13499,
17.553,212.103,51.4483,7.4882,255.392,12.8334,192.638,1,6,-106,-10,8,34,35,6,28371201,262,1,66,13499,
18.593,226.036,51.4482,7.48814,255.64,13.1518,193.305,1,3,-107,-10,2,33,34,6,28371201,262,1,66,13499,
19.574,240.409,51.4481,7.48809,255.744,12.7547,194.279,1,3,-107,-10,2,33,34,6,28371201,262,1,66,13499,
20.581,253.742,51.4479,7.48803,256.179,12.6886,193.382,1,0,-108,-11,2,32,34,6,28371201,262,1,66,13499,
21.554,267.215,51.4478,7.48799,256.752,12.6589,192.502,1,0,-108,-11,2,32,34,6,28371201,262,1,66,13499,
22.578,279.555,51.4477,7.48795,257.317,12.1831,190.544,1,4,-108,-10,2,32,33,6,27771909,262,1,151,13499,
23.579,293.006,51.4476,7.48792,257.771,12.7956,188.52,1,4,-108,-10,2,32,33,6,27771909,262,1,151,13499,
24.583,305.652,51.4475,7.4879,257.825,12.9062,185.946,1,2,-108,-10,2,32,33,6,27771909,262,1,151,13499,
25.566,317.417,51.4474,7.48789,257.632,12.4032,183.394,1,2,-108,-10,2,32,33,6,27771909,262,1,151,13499,
26.565,330.419,51.4473,7.48789,257.737,12.771,181.218,1,6,-107,-10,2,33,34,6,27771909,262,1,151,13499,
27.561,342.268,51.4471,7.4879,257.696,12.8244,178.167,1,6,-107,-10,2,33,34,6,27771909,262,1,151,13499,
28.574,354.155,51.447,7.48793,257.834,12.6677,174.821,1,4,-107,-10,2,33,34,6,27771909,262,1,151,13499,
29.571,367.881,51.4469,7.48796,258.154,12.8084,172.544,1,4,-107,-10,2,33,34,6,27771909,262,1,151,13499,
30.572,380.606,51.4468,7.488,258.265,12.739,170.116,1,4,-107,-10,2,33,34,6,27771909,262,1,151,13499,
31.56,393.643,51.4467,7.48805,258.56,12.7611,167.282,1,1,-107,-10,2,33,33,6,27771909,262,1,151,13499,
32.572,406.846,51.4466,7.48812,259.107,12.7461,164.48,1,1,-107,-10,2,33,33,6,27771909,262,1,151,13499,
33.565,419.704,51.4465,7.48819,259.927,12.8175,161.569,1,-3,-111,-10,2,29,31,6,27771909,262,1,151,13499,
34.573,432.618,51.4464,7.48827,261.006,12.967,158.94,1,-3,-111,-10,2,29,31,6,27771909,262,1,151,13499,
35.566,445.303,51.4463,7.48835,261.772,12.9457,156.152,1,5,-107,-8,2,33,33,6,28371201,262,1,66,13499,
36.578,458.073,51.4462,7.48845,261.929,12.9983,153.293,1,5,-107,-8,2,33,33,6,28371201,262,1,66,13499,
37.569,472.404,51.4461,7.48856,262.088,13.1373,150.062,1,7,-105,-8,2,35,35,6,28371201,262,1,66,13499,
38.59,486.484,51.446,7.48869,262.376,13.2722,146.858,1,7,-105,-8,2,35,35,6,28371201,262,1,66,13499,
39.589,500.255,51.4459,7.48882,262.849,13.308,144.011,1,8,-104,-7,2,36,36,6,28371201,262,1,66,13499,
40.592,513.911,51.4458,7.48896,263.254,13.4227,140.999,1,8,-104,-7,2,36,36,6,28371201,262,1,66,13499,
41.567,527.071,51.4457,7.4891,263.666,13.3432,137.663,1,7,-106,-9,2,34,34,6,28371201,262,1,66,13499,
42.573,540.245,51.4456,7.48924,264.135,13.4484,135.075,1,7,-106,-9,2,34,34,6,28371201,262,1,66,13499,
43.563,554.59,51.4455,7.48939,264.688,13.4818,132.643,1,7,-106,-9,2,34,34,6,28371201,262,1,66,13499,
44.593,567.948,51.4455,7.48955,265.088,13.5234,131.092,1,7,-106,-9,2,34,34,6,28371201,262,1,66,13499,
45.564,582.042,51.4454,7.48971,265.642,13.5195,129.637,1,7,-106,-9,2,34,34,6,28371201,262,1,66,13499,
46.55,595.696,51.4453,7.48987,266.174,13.627,128.455,1,7,-106,-9,2,34,34,6,28371201,262,1,66,13499,
47.562,609.829,51.4452,7.49003,266.642,13.7568,127.786,1,9,-106,-8,2,34,33,6,28371201,262,1,66,13499,
48.584,624.268,51.4452,7.4902,267.724,12.8467,127.098,1,9,-106,-8,2,34,33,6,28371201,262,1,66,13499,
49.594,637.067,51.4451,7.49036,268.675,12.5374,126.73,1,7,-107,-9,2,33,33,6,28371201,262,1,66,13499,
50.571,650.071,51.445,7.49051,269.722,12.2042,127.119,1,7,-107,-9,2,33,33,6,28371201,262,1,66,13499,
51.58,661.542,51.445,7.49065,270.579,11.6731,127.451,1,4,-108,-9,2,32,32,6,28371201,262,1,66,13499,
52.572,672.831,51.4449,7.49079,271.759,11.152,128.308,1,4,-108,-9,2,32,32,6,28371201,262,1,66,13499,
53.564,682.304,51.4449,7.4909,272.692,10.4777,128.224,1,4,-108,-9,2,32,32,6,28371201,262,1,66,13499,
54.571,692.977,51.4448,7.49103,273.231,10.1818,127.511,1,1,-109,-9,2,31,32,6,28371201,262,1,66,13499,
55.564,702.48,51.4448,7.49114,273.423,9.4225,128.233,1,1,-109,-9,2,31,32,6,28371201,262,1,66,13499,
56.564,702.48,51.4449,7.49148,nan,7.65356,127.834,1,0,-109,-10,2,31,31,6,28371201,262,1,66,13499,
57.555,702.48,51.4447,7.49131,273.285,6.27804,127.424,1,0,-109,-10,2,31,31,6,28371201,262,1,66,13499,
58.566,707.968,51.4447,7.49138,273.164,5.2169,127.016,1,1,-113,-10,6,27,29,16,28371201,262,1,66,13499,
59.577,712.838,51.4447,7.49144,273.171,4.01578,126.345,1,1,-113,-10,6,27,29,16,28371201,262,1,66,13499,
60.573,716.111,51.4446,7.49148,273.195,2.9779,126.989,1,23,-84,-6,15,56,51,7,27771904,262,1,487,13499,
61.559,718.132,51.4446,7.4915,273.23,1.9107,126.131,1,23,-84,-6,15,56,51,7,27771904,262,1,487,13499,
62.574,719.242,51.4446,7.49151,273.278,0.866453,126.131,1,14,-83,-6,12,57,53,7,27771904,262,1,487,13499,
63.671,719.242,51.4446,7.49151,273.283,0,126.131,1,14,-83,-6,12,57,53,7,27771904,262,1,487,13499,
64.535,719.242,51.4446,7.49151,273.287,0,126.131,1,27,-80,-6,12,60,55,7,27771904,262,1,487,13499,
65.573,719.242,51.4446,7.49151,273.289,0,126.131,1,27,-80,-6,12,60,55,7,27771904,262,1,487,13499,
66.581,719.242,51.4446,7.49151,273.289,0,126.131,1,22,-80,-6,15,60,56,7,27771904,262,1,487,13499,
67.572,719.242,51.4446,7.49151,273.286,0,126.131,1,22,-80,-6,15,60,56,7,27771904,262,1,487,13499,
68.558,719.242,51.4446,7.49151,273.28,0,126.131,1,20,-83,-6,10,57,53,7,27771904,262,1,487,13499,
69.583,719.242,51.4446,7.49151,273.272,0,126.131,1,20,-83,-6,10,57,53,7,27771904,262,1,487,13499,
70.581,719.242,51.4446,7.49151,273.262,0,126.131,1,21,-80,-6,15,60,55,7,27771904,262,1,487,13499,
71.564,719.242,51.4446,7.49151,273.25,0,126.131,1,21,-80,-6,15,60,55,7,27771904,262,1,487,13499,
72.577,719.242,51.4446,7.49151,273.243,0,126.131,1,23,-79,-7,11,61,57,7,27771904,262,1,487,13499,
73.565,719.242,51.4446,7.49151,273.24,0,126.131,1,23,-79,-7,11,61,57,7,27771904,262,1,487,13499,
74.558,719.242,51.4446,7.49151,273.239,0,126.131,1,21,-80,-6,10,60,55,7,27771904,262,1,487,13499,
75.566,719.242,51.4446,7.49151,273.236,0,126.131,1,21,-80,-6,10,60,55,7,27771904,262,1,487,13499,
76.574,719.242,51.4446,7.49151,273.233,0,126.131,1,21,-80,-6,10,60,55,7,27771904,262,1,487,13499,
77.555,719.242,51.4446,7.49151,273.227,0,126.131,1,20,-80,-6,10,60,55,7,27771904,262,1,487,13499,
78.566,719.242,51.4446,7.49151,273.197,0,130.665,1,20,-80,-6,10,60,55,7,27771904,262,1,487,13499,
79.556,719.242,51.4446,7.49151,273.186,0,129.177,1,13,-85,-6,15,55,50,7,27771904,262,1,487,13499,
80.56,730.957,51.4446,7.49165,273.025,3.89589,130.14,1,13,-85,-6,15,55,50,7,27771904,262,1,487,13499,
81.56,736.388,51.4445,7.49171,272.897,4.60399,133.911,1,21,-81,-6,10,59,54,7,27771904,262,1,487,13499,
82.565,742.818,51.4445,7.49175,272.843,4.98771,164.373,1,21,-81,-6,10,59,54,7,27771904,262,1,487,13499,
83.572,748.937,51.4444,7.49174,272.697,6.15553,191.348,1,20,-77,-6,12,63,58,7,27771904,262,1,487,13499,
84.565,755.06,51.4444,7.49169,272.227,6.91451,208.175,1,20,-77,-6,12,63,58,7,27771904,262,1,487,13499,
85.555,762.062,51.4443,7.49164,271.864,8.13037,210.434,1,19,-74,-6,14,66,63,7,27771904,262,1,487,13499,
86.562,771.472,51.4443,7.49157,271.731,9.21258,212.55,1,19,-74,-6,14,66,63,7,27771904,262,1,487,13499,
87.567,780.938,51.4442,7.49148,271.611,10.4024,213.877,1,25,-71,-5,2,69,62,7,27771904,262,1,487,13499,
88.568,792.084,51.4441,7.49138,271.649,11.3766,214.527,1,25,-71,-5,2,69,62,7,27771904,262,1,487,13499,
89.569,803.838,51.444,7.49128,271.718,12.1539,215.321,1,17,-95,-7,2,45,42,7,27771907,262,1,150,13499,
90.567,816.366,51.4439,7.49117,271.835,12.668,215.221,1,17,-95,-7,2,45,42,7,27771907,262,1,150,13499,
91.58,828.623,51.4438,7.49106,272.07,12.914,215.126,1,19,-94,-7,2,46,44,7,27771907,262,1,150,13499,
92.562,841.111,51.4438,7.49096,272.246,12.8515,215.593,1,19,-94,-7,2,46,44,7,27771907,262,1,150,13499,
93.571,853.156,51.4437,7.49086,272.728,13.1648,215.811,1,19,-94,-7,2,46,44,7,27771907,262,1,150,13499,
94.581,867.025,51.4436,7.49074,272.839,13.325,215.93,1,29,-88,-6,2,52,49,7,27771907,262,1,150,13499,
95.569,880.905,51.4435,7.49062,272.835,13.3046,216.635,1,29,-88,-6,2,52,49,7,27771907,262,1,150,13499,
96.574,893.823,51.4434,7.4905,272.893,13.2738,216.801,1,29,-79,-6,2,61,57,7,27771907,262,1,150,13499,
97.572,907.809,51.4433,7.49038,272.798,13.5062,216.828,1,29,-79,-6,2,61,57,7,27771907,262,1,150,13499,
98.577,920.949,51.4432,7.49027,272.814,13.4582,216.828,1,19,-77,-6,2,63,60,7,27771907,262,1,150,13499,
99.572,933.941,51.4431,7.49015,273.126,13.4954,216.668,1,19,-77,-6,2,63,60,7,27771907,262,1,150,13499,
100.565,947.672,51.443,7.49003,273.247,13.429,216.684,1,22,-85,-6,2,55,52,7,27771907,262,1,150,13499,
101.55,960.753,51.4429,7.48992,273.37,13.6008,216.177,1,22,-85,-6,2,55,52,7,27771907,262,1,150,13499,
102.563,973.907,51.4428,7.48981,273.796,13.7096,215.182,1,26,-90,-6,2,50,47,7,27771907,262,1,150,13499,
103.559,986.958,51.4427,7.4897,274.407,13.7802,215.856,1,26,-90,-6,2,50,47,7,27771907,262,1,150,13499,
104.562,1000.19,51.4426,7.48959,274.831,14.0764,216.62,1,30,-88,-6,2,52,49,7,27771907,262,1,150,13499,
105.564,1014.65,51.4425,7.48946,275.344,14.5348,216.569,1,30,-88,-6,2,52,49,7,27771907,262,1,150,13499,
106.567,1029.26,51.4424,7.48934,275.97,14.7258,217.031,1,32,-80,-5,2,60,56,7,27771907,262,1,150,13499,
107.572,1044.47,51.4423,7.48921,276.62,14.4637,217.574,1,32,-80,-5,2,60,56,7,27771907,262,1,150,13499,
108.56,1059.58,51.4422,7.48908,277.229,14.2904,218.307,1,31,-74,-5,2,66,61,7,27771907,262,1,150,13499,
109.641,1074.93,51.4421,7.48894,277.463,14.2234,218.666,1,31,-74,-5,2,66,61,7,27771907,262,1,150,13499,
110.56,1089.73,51.442,7.4888,277.595,14.5816,220.599,1,28,-68,-5,15,72,63,2,27771907,262,1,150,13499,
111.58,1103.49,51.4419,7.48867,277.216,14.116,223.362,1,28,-68,-5,15,72,63,2,27771907,262,1,150,13499,
112.533,1118.11,51.4418,7.48851,277.166,14.4721,226.724,1,30,-61,-4,15,79,63,2,27771907,262,1,150,13499,
113.573,1131.44,51.4417,7.48837,277.167,13.7853,228.165,1,30,-61,-4,15,79,63,2,27771907,262,1,150,13499,
114.57,1145.78,51.4416,7.48821,276.595,13.1478,229.045,1,33,-67,-5,15,73,63,2,27771907,262,1,150,13499,
115.577,1160.76,51.4415,7.48805,276.366,13.0151,229.963,1,33,-67,-5,15,73,63,2,27771907,262,1,150,13499,
116.573,1160.76,51.4415,7.48768,nan,12.9857,229.397,1,29,-70,-5,15,70,63,2,27771907,262,1,150,13499,
117.572,1160.76,51.4414,7.48776,275.724,12.8835,230.301,1,29,-70,-5,15,70,63,2,27771907,262,1,150,13499,
118.585,1174.26,51.4413,7.48761,275.597,12.7736,231.259,1,31,-73,-5,15,67,63,2,27771907,262,1,150,13499,
119.584,1188.26,51.4412,7.48745,275.799,12.8904,232.076,1,31,-73,-5,15,67,63,2,27771907,262,1,150,13499,
120.547,1201.72,51.4412,7.4873,276.18,13.4033,233.018,1,23,-78,-5,15,62,59,2,27771907,262,1,150,13499,
121.563,1215.36,51.4411,7.48713,276.669,13.6498,233.415,1,23,-78,-5,15,62,59,2,27771907,262,1,150,13499,
122.554,1229.83,51.441,7.48697,277.1,13.3692,233.263,1,23,-78,-5,15,62,59,2,27771907,262,1,150,13499,
123.565,1243.34,51.4409,7.48681,277.519,13.2445,233.729,1,5,-85,-7,10,55,53,2,27771907,262,1,150,13499,
124.568,1255.82,51.4409,7.48667,277.896,12.7184,232.698,1,5,-85,-7,10,55,53,2,27771907,262,1,150,13499,
125.562,1268.61,51.4408,7.48652,278.142,13.2885,233.557,1,0,-78,-9,6,62,62,2,27771908,262,1,152,13499,
126.574,1281.29,51.4407,7.48637,278.899,13.5762,233.109,1,0,-78,-9,6,62,62,2,27771908,262,1,152,13499,
127.569,1294.9,51.4407,7.48622,279.579,13.4226,234.002,1,24,-84,-7,15,56,55,2,27771908,262,1,152,13499,
128.591,1306.94,51.4406,7.48607,280.201,12.4721,234.924,1,24,-84,-7,15,56,55,2,27771908,262,1,152,13499,
129.588,1319.55,51.4405,7.48592,280.842,12.5607,234.427,1,16,-83,-10,15,57,59,2,27771908,262,1,152,13499,
130.584,1332.3,51.4405,7.48577,281.423,13.3672,233.988,1,16,-83,-10,15,57,59,2,27771908,262,1,152,13499,
131.573,1345.71,51.4404,7.48561,281.672,13.4375,234.361,1,38,-80,-10,15,60,61,2,27771908,262,1,152,13499,
132.555,1358.4,51.4403,7.48546,281.682,13.2003,233.972,1,38,-80,-10,15,60,61,2,27771908,262,1,152,13499,
133.56,1371.18,51.4403,7.48532,281.736,13.5063,234.157,1,26,-77,-9,15,63,63,2,27771908,262,1,152,13499,
134.56,1384.62,51.4402,7.48516,281.611,13.1148,234.597,1,26,-77,-9,15,63,63,2,27771908,262,1,152,13499,
135.569,1397.28,51.4401,7.48502,280.874,12.682,233.92,1,25,-75,-6,15,65,62,2,27771908,262,1,152,13499,
136.56,1411.11,51.44,7.48486,280.448,12.5949,232.816,1,25,-75,-6,15,65,62,2,27771908,262,1,152,13499,
137.561,1424.94,51.44,7.48471,279.845,13.0535,231.942,1,37,-74,-5,15,66,63,2,27771908,262,1,152,13499,
138.572,1438.17,51.4399,7.48456,279.755,11.8055,230.837,1,37,-74,-5,15,66,63,2,27771908,262,1,152,13499,
139.577,1449.97,51.4398,7.48443,279.639,12.2339,229.629,1,29,-73,-5,15,67,63,2,27771908,262,1,152,13499,
140.584,1464,51.4397,7.48428,279.658,12.6628,230.732,1,29,-73,-5,15,67,63,2,27771908,262,1,152,13499,
141.566,1477.67,51.4397,7.48412,279.762,13.0444,231.587,1,32,-65,-4,2,75,63,2,27771908,262,1,152,13499,
142.621,1490.59,51.4396,7.48398,279.918,12.9559,232.103,1,32,-65,-4,2,75,63,2,27771908,262,1,152,13499,
143.559,1504.26,51.4395,7.48381,280.092,12.5782,234.56,1,27,-71,-7,15,69,63,4,27771908,262,1,152,13499,
144.554,1517.19,51.4394,7.48366,280.333,12.7448,236.583,1,27,-71,-7,15,69,63,4,27771908,262,1,152,13499,
145.56,1530.64,51.4394,7.48349,280.754,12.4515,237.296,1,27,-71,-7,15,69,63,4,27771908,262,1,152,13499,
146.568,1543.8,51.4393,7.48333,281.168,12.2971,236.961,1,32,-71,-5,15,69,63,4,27771908,262,1,152,13499,
147.572,1556.97,51.4393,7.48317,281.661,12.4958,237.72,1,32,-71,-5,15,69,63,4,27771908,262,1,152,13499,
148.562,1569.38,51.4392,7.48302,282.101,11.963,238.512,1,29,-78,-8,15,62,61,4,27771908,262,1,152,13499,
149.567,1581.74,51.4391,7.48287,282.486,12.0883,238.109,1,29,-78,-8,15,62,61,4,27771908,262,1,152,13499,
150.554,1593.82,51.4391,7.48272,282.525,12.1931,239.415,1,25,-76,-5,15,64,58,4,27771908,262,1,152,13499,
151.562,1605.65,51.439,7.48257,282.822,11.9436,240.187,1,25,-76,-5,15,64,58,4,27771908,262,1,152,13499,
152.571,1618.25,51.439,7.4824,283.062,12.5077,239.465,1,29,-85,-7,15,55,54,4,27771908,262,1,152,13499,
153.572,1630.68,51.4389,7.48224,283.262,12.9308,239.431,1,29,-85,-7,15,55,54,4,27771908,262,1,152,13499,
154.559,1643.01,51.4389,7.48209,283.46,13.1805,240.403,1,22,-86,-8,13,54,54,4,27771908,262,1,152,13499,
155.566,1656.37,51.4388,7.48191,283.649,12.6001,240.182,1,22,-86,-8,13,54,54,4,27771908,262,1,152,13499,
156.563,1669.55,51.4388,7.48174,283.572,12.93,239.102,1,34,-92,-8,13,48,48,4,27771908,262,1,152,13499,
157.563,1683.49,51.4387,7.48156,283.59,13.7024,240.388,1,34,-92,-8,13,48,48,4,27771908,262,1,152,13499,
158.576,1698.17,51.4387,7.48138,283.766,14.0409,240.844,1,21,-94,-6,14,46,43,4,27771908,262,1,152,13499,
159.585,1712.12,51.4386,7.4812,284.116,13.9983,241.413,1,21,-94,-6,14,46,43,4,27771908,262,1,152,13499,
160.564,1726.72,51.4385,7.48102,284.311,14.2981,240.388,1,22,-95,-6,14,45,41,4,27771908,262,1,152,13499,
161.566,1741.19,51.4385,7.48083,284.304,14.4698,240,1,22,-95,-6,14,45,41,4,27771908,262,1,152,13499,
162.557,1755.04,51.4384,7.48066,284.38,14.7287,240.552,1,18,-98,-8,12,42,41,4,27771908,262,1,152,13499,
163.58,1770.31,51.4383,7.48047,284.403,13.9374,239.334,1,18,-98,-8,12,42,41,4,27771908,262,1,152,13499,
164.561,1784.88,51.4383,7.48029,285.233,14.3679,240.079,1,18,-100,-6,11,40,35,4,27771908,262,1,152,13499,
165.575,1798.51,51.4382,7.48011,285.387,14.0179,240.626,1,18,-100,-6,11,40,35,4,27771908,262,1,152,13499,
166.559,1811.28,51.4382,7.47995,286.104,13.4536,239.749,1,24,-101,-6,10,39,37,4,27771908,262,1,152,13499,
167.562,1824.91,51.4381,7.47978,286.514,13.3091,240.373,1,24,-101,-6,10,39,37,4,27771908,262,1,152,13499,
168.581,1838.24,51.438,7.4796,286.399,12.7683,240.871,1,11,-102,-9,9,38,39,4,27771908,262,1,152,13499,
169.563,1851.05,51.438,7.47944,286.043,11.8523,240.249,1,11,-102,-9,9,38,39,4,27771908,262,1,152,13499,
170.545,1863.62,51.4379,7.47928,286.029,11.1214,241.8,1,11,-102,-9,9,38,39,4,27771908,262,1,152,13499,
171.578,1874.25,51.4379,7.47914,285.883,9.87821,244.004,1,11,-102,-9,2,38,38,4,27771908,262,1,152,13499,
172.571,1884.26,51.4379,7.47901,286.222,9.76916,242.677,1,11,-102,-9,2,38,38,4,27771908,262,1,152,13499,
173.561,1895.84,51.4378,7.47886,286.089,9.87472,241.817,1,11,-102,-9,2,38,38,4,27771908,262,1,152,13499,
174.575,1906.91,51.4378,7.47872,286.193,10.7845,239.777,1,11,-102,-9,2,38,38,4,27771908,262,1,152,13499,
175.579,1919.06,51.4377,7.47857,286.299,11.0331,240.257,1,11,-102,-8,2,38,37,4,27771908,262,1,152,13499,
176.574,1931.38,51.4377,7.47842,286.195,11.3461,239.648,1,11,-102,-8,2,38,37,4,27771908,262,1,152,13499,
177.585,1943.17,51.4376,7.47827,286.362,10.9206,240.485,1,10,-105,-8,7,35,34,9,27771908,262,1,152,13499,
178.601,1954.14,51.4376,7.47813,285.667,10.6462,241.662,1,10,-105,-8,7,35,34,9,27771908,262,1,152,13499,
179.563,1964.79,51.4375,7.47799,285.294,11.1532,242.07,1,7,-107,-9,7,33,34,9,27771908,262,1,152,13499,
180.563,1976.7,51.4375,7.47784,285.504,11.3166,242.515,1,7,-107,-9,7,33,34,9,27771908,262,1,152,13499,
181.582,1988.54,51.4374,7.47769,285.649,11.5657,240.717,1,4,-109,-12,7,31,34,9,27771908,262,1,152,13499,
182.56,2000.08,51.4374,7.47754,286.075,11.8995,241.192,1,4,-109,-12,7,31,34,9,27771908,262,1,152,13499,
183.561,2011.58,51.4373,7.47739,286.614,11.6699,242.205,1,4,-110,-11,8,30,33,9,27771908,262,1,152,13499,
184.557,2023.28,51.4373,7.47724,287.435,11.3277,242.884,1,4,-110,-11,8,30,33,9,27771908,262,1,152,13499,
185.575,2034.63,51.4372,7.47709,287.683,10.5916,244.748,1,-5,-109,-11,6,31,33,9,27771908,262,1,152,13499,
186.562,2046.8,51.4372,7.47693,287.717,10.79,248.438,1,-5,-109,-11,6,31,33,9,27771908,262,1,152,13499,
187.579,2057.75,51.4372,7.47678,287.793,10.1713,251.332,1,10,-106,-10,8,34,35,9,27771908,262,1,152,13499,
188.577,2068.62,51.4372,7.47662,288.203,8.66736,264.79,1,10,-106,-10,8,34,35,9,27771908,262,1,152,13499,
189.556,2078.61,51.4372,7.47648,288.529,8.86933,279.187,1,11,-105,-10,12,35,35,9,27771908,262,1,152,13499,
190.564,2087.94,51.4372,7.47635,288.97,7.79932,282.537,1,11,-105,-10,12,35,35,9,27771908,262,1,152,13499,
191.575,2095.09,51.4372,7.47626,289.432,7.48265,305.937,1,18,-101,-6,11,39,36,9,27771908,262,1,152,13499,
192.566,2104.16,51.4373,7.47618,289.722,7.55536,326.254,1,18,-101,-6,11,39,36,9,27771908,262,1,152,13499,
193.567,2111.04,51.4373,7.47615,289.852,7.59107,342.232,1,22,-98,-5,12,42,39,9,27771908,262,1,152,13499,
194.566,2119.53,51.4374,7.47616,289.845,8.27289,12.6178,1,22,-98,-5,12,42,39,9,27771908,262,1,152,13499,
195.579,2127.47,51.4375,7.47621,289.453,8.86307,31.607,1,22,-98,-5,12,42,39,9,27771908,262,1,152,13499,
196.584,2137.93,51.4376,7.47632,288.877,9.6314,44.8056,1,27,-84,-5,14,56,51,9,27771908,262,1,152,13499,
197.563,2148.29,51.4376,7.47643,288.45,10.7869,47.0272,1,27,-84,-5,14,56,51,9,27771908,262,1,152,13499,
198.579,2160.27,51.4377,7.47656,288.108,11.795,48.9801,1,33,-77,-5,15,63,57,9,27771908,262,1,152,13499,
199.569,2173.13,51.4378,7.4767,287.87,12.764,50.9419,1,33,-77,-5,15,63,57,9,27771908,262,1,152,13499,
200.645,2187.13,51.4378,7.47686,287.78,13.7957,52.3466,1,32,-77,-4,15,63,57,9,27771908,262,1,152,13499,
201.565,2202.48,51.4379,7.47704,287.628,14.7598,53.1586,1,32,-77,-4,15,63,57,9,27771908,262,1,152,13499,
202.56,2218.6,51.438,7.47723,287.598,15.7209,53.8365,1,29,-76,-5,15,64,59,9,27771908,262,1,152,13499,
203.573,2234.42,51.4381,7.47741,287.675,16.4687,54.2368,1,29,-76,-5,15,64,59,9,27771908,262,1,152,13499,
204.58,2251.1,51.4382,7.47761,287.9,17.2819,54.8016,1,31,-77,-7,15,63,61,9,27771908,262,1,152,13499,
205.57,2268.89,51.4383,7.47782,288.244,18.1251,55.3257,1,31,-77,-7,15,63,61,9,27771908,262,1,152,13499,
206.574,2288.21,51.4384,7.47806,288.472,19.6665,56.1785,1,32,-78,-5,15,62,58,9,27771908,262,1,152,13499,
207.571,2307.14,51.4385,7.47828,288.576,19.2187,56.547,1,32,-78,-5,15,62,58,9,27771908,262,1,152,13499,
208.585,2325.67,51.4385,7.47851,288.666,18.7564,56.2274,1,27,-80,-6,15,60,58,9,27771908,262,1,152,13499,
209.599,2344.53,51.4386,7.47873,288.709,18.5667,57.1267,1,27,-80,-6,15,60,58,9,27771908,262,1,152,13499,
210.577,2363.14,51.4387,7.47895,288.635,17.9838,57.2784,1,26,-85,-5,14,55,52,9,27771908,262,1,152,13499,
211.572,2381.8,51.4388,7.47918,288.277,17.6639,56.9164,1,26,-85,-5,14,55,52,9,27771908,262,1,152,13499,
212.581,2399.79,51.4389,7.4794,287.67,17.1156,56.2159,1,29,-87,-5,15,53,51,9,27771908,262,1,152,13499,
213.567,2417.61,51.439,7.47961,286.944,17.1852,55.3383,1,29,-87,-5,15,53,51,9,27771908,262,1,152,13499,
214.571,2434.58,51.4391,7.47982,286.219,16.8319,54.7688,1,35,-88,-7,14,52,50,9,27771908,262,1,152,13499,
215.571,2452.14,51.4392,7.48003,285.862,16.9012,54.9451,1,35,-88,-7,14,52,50,9,27771908,262,1,152,13499,
216.564,2469.56,51.4393,7.48023,285.776,16.7879,54.1251,1,35,-88,-7,14,52,50,9,27771908,262,1,152,13499,
217.559,2486.97,51.4394,7.48044,286.001,16.4977,54.7439,1,25,-88,-8,14,52,52,9,27771908,262,1,152,13499,
218.57,2503.32,51.4394,7.48063,286.139,16.925,54.8878,1,25,-88,-8,14,52,52,9,27771908,262,1,152,13499,
219.58,2519.23,51.4395,7.48082,286.513,16.6004,53.4339,1,22,-89,-5,14,51,48,9,27771908,262,1,152,13499,
220.586,2536.6,51.4396,7.48102,286.608,16.7306,52.292,1,22,-89,-5,14,51,48,9,27771908,262,1,152,13499,
221.572,2553.53,51.4397,7.48121,286.548,16.8489,51.6665,1,25,-89,-6,13,51,49,9,27771908,262,1,152,13499,
222.578,2569.21,51.4398,7.48139,286.414,17.3582,51.9337,1,25,-89,-6,13,51,49,9,27771908,262,1,152,13499,
223.575,2584.59,51.4399,7.48156,286.138,17.7286,51.0486,1,25,-89,-9,14,51,52,9,27771908,262,1,152,13499,
224.592,2602.05,51.44,7.48175,285.65,18.1154,49.6951,1,25,-89,-9,14,51,52,9,27771908,262,1,152,13499,
225.573,2620.38,51.4401,7.48195,285.001,18.2312,48.7583,1,21,-87,-6,14,53,50,9,27771908,262,1,152,13499,
226.556,2638.03,51.4402,7.48214,284.531,17.3943,47.1588,1,21,-87,-6,14,53,50,9,27771908,262,1,152,13499,
227.579,2654.95,51.4403,7.48231,284.056,17.1544,45.2856,1,26,-87,-9,14,53,54,9,27771908,262,1,152,13499,
228.555,2671.4,51.4404,7.48247,283.441,16.2694,44.0732,1,26,-87,-9,14,53,54,9,27771908,262,1,152,13499,
229.573,2685.95,51.4405,7.48261,282.977,15.7169,43.0699,1,25,-86,-10,14,54,54,9,27771908,262,1,152,13499,
230.574,2701.07,51.4406,7.48276,282.372,15.7257,42.4943,1,25,-86,-10,14,54,54,9,27771908,262,1,152,13499,
231.555,2717.87,51.4407,7.48291,281.703,16.3263,41.6108,1,23,-85,-8,14,55,54,9,27771908,262,1,152,13499,
232.564,2734.6,51.4409,7.48307,281.21,16.7236,41.1946,1,23,-85,-8,14,55,54,9,27771908,262,1,152,13499,
233.571,2751.63,51.441,7.48323,280.69,17.5361,40.2295,1,23,-85,-8,13,55,54,9,27771908,262,1,152,13499,
234.551,2768.65,51.4411,7.48338,280.292,18.2022,39.5357,1,23,-85,-8,13,55,54,9,27771908,262,1,152,13499,
235.571,2787.99,51.4412,7.48355,279.93,18.5641,38.3812,1,11,-85,-5,12,55,51,9,27771908,262,1,152,13499,
236.559,2808.26,51.4414,7.48373,279.504,18.3947,37.0562,1,11,-85,-5,12,55,51,9,27771908,262,1,152,13499,
237.562,2826.51,51.4415,7.48388,279.055,18.2371,35.6588,1,13,-87,-10,11,53,53,9,27771908,262,1,152,13499,
238.581,2844.55,51.4416,7.48402,278.629,18.2781,34.2694,1,13,-87,-10,11,53,53,9,27771908,262,1,152,13499,
239.584,2861.54,51.4418,7.48414,278.274,18.0669,32.9434,1,6,-89,-10,10,51,51,9,27771908,262,1,152,13499,
240.562,2879.3,51.4419,7.48427,277.987,17.8613,31.4694,1,6,-89,-10,10,51,51,9,27771908,262,1,152,13499,
241.572,2896.75,51.4421,7.48439,277.707,17.68,30.0975,1,14,-91,-10,2,49,50,9,27771908,262,1,152,13499,
242.559,2914.5,51.4422,7.48451,277.435,17.8796,29.0765,1,14,-91,-10,2,49,50,9,27771908,262,1,152,13499,
243.565,2931.85,51.4423,7.48462,277.026,17.727,28.2912,1,14,-91,-10,2,49,50,9,27771908,262,1,152,13499,
244.572,2949.29,51.4425,7.48473,276.963,17.2396,27.8264,1,21,-89,-8,2,51,51,9,27771909,262,1,151,13499,
245.555,2967.16,51.4426,7.48485,276.746,17.362,27.3311,1,21,-89,-8,2,51,51,9,27771909,262,1,151,13499,
246.559,2984.44,51.4428,7.48496,276.866,17.8095,26.5528,1,20,-87,-8,2,53,52,9,27771909,262,1,151,13499,
247.577,3002.95,51.4429,7.48508,276.82,18.2597,26.005,1,20,-87,-8,2,53,52,9,27771909,262,1,151,13499,
248.652,3020.83,51.4431,7.48518,277.006,18.2236,25.0629,1,25,-86,-8,2,54,52,9,27771909,262,1,151,13499,
249.554,3040.15,51.4432,7.48529,276.784,18.4692,24.213,1,25,-86,-8,2,54,52,9,27771909,262,1,151,13499,
250.568,3059.36,51.4434,7.48539,276.131,18.3908,23.5245,1,29,-74,-6,15,66,62,1,27771909,262,1,151,13499,
251.58,3078.12,51.4435,7.48549,275.269,18.1883,22.9896,1,29,-74,-6,15,66,62,1,27771909,262,1,151,13499,
252.56,3094.79,51.4437,7.48558,273.931,17.5062,22.8876,1,26,-81,-5,11,59,55,1,27771909,262,1,151,13499,
253.561,3110.96,51.4438,7.48567,272.727,16.7959,23.1705,1,26,-81,-5,11,59,55,1,27771909,262,1,151,13499,
254.565,3126.69,51.4439,7.48575,271.607,15.7262,23.5039,1,32,-69,-4,15,71,63,1,27771909,262,1,151,13499,
255.562,3141.47,51.4441,7.48583,270.345,14.3488,23.8295,1,32,-69,-4,15,71,63,1,27771909,262,1,151,13499,
256.596,3155.33,51.4442,7.48591,269.272,13.8186,23.8015,1,31,-66,-5,15,74,63,1,27771909,262,1,151,13499,
257.573,3168.79,51.4443,7.48599,268.856,11.9851,25.1746,1,31,-66,-5,15,74,63,1,27771909,262,1,151,13499,
258.576,3180.82,51.4444,7.48607,268.302,11.9306,26.9437,1,33,-70,-4,15,70,63,1,27771909,262,1,151,13499,
259.554,3191.73,51.4445,7.48614,268.004,11.3686,29.8679,1,33,-70,-4,15,70,63,1,27771909,262,1,151,13499,
260.564,3204.55,51.4446,7.48624,267.784,11.0568,33.7214,1,28,-77,-5,15,63,60,1,27771909,262,1,151,13499,
261.583,3215.06,51.4446,7.48635,267.684,11.0402,52.0281,1,28,-77,-5,15,63,60,1,27771909,262,1,151,13499,
262.57,3225.38,51.4447,7.48647,267.27,10.8478,54.2634,1,28,-77,-5,15,63,59,1,27771909,262,1,151,13499,
263.559,3237.07,51.4447,7.48664,266.808,11.0457,78.9798,1,28,-77,-5,15,63,59,1,27771909,262,1,151,13499,
264.571,3247.5,51.4447,7.48679,266.074,11.2922,92.911,1,22,-84,-6,15,56,54,1,27771909,262,1,151,13499,
265.562,3259.73,51.4447,7.48696,265.693,11.6351,96.4878,1,22,-84,-6,15,56,54,1,27771909,262,1,151,13499,
266.572,3272.32,51.4447,7.48713,265.294,12.4345,116.561,1,24,-80,-5,2,60,55,1,27771909,262,1,151,13499,
267.559,3284.31,51.4446,7.48728,264.932,12.9743,119.772,1,24,-80,-5,2,60,55,1,27771909,262,1,151,13499,
268.568,3297.24,51.4445,7.48739,264.089,12.3689,143.183,1,24,-80,-5,2,60,55,1,27771909,262,1,151,13499,
269.58,3310.19,51.4444,7.4875,263.174,11.7876,147.242,1,27,-81,-6,2,59,55,1,27771909,262,1,151,13499,
270.586,3322.65,51.4443,7.48754,262.098,11.2557,166.416,1,27,-81,-6,2,59,55,1,27771909,262,1,151,13499,
271.563,3334.56,51.4442,7.48754,261.537,10.7091,182.685,1,29,-77,-5,2,63,59,1,27771909,262,1,151,13499,
272.577,3344.99,51.4441,7.48751,261.054,10.3847,186.696,1,29,-77,-5,2,63,59,1,27771909,262,1,151,13499,
273.576,3356.26,51.444,7.48745,260.828,10.5812,205.208,1,31,-71,-6,2,69,63,1,27771909,262,1,151,13499,
274.565,3367.88,51.4439,7.48737,260.572,10.9403,209.119,1,31,-71,-6,2,69,63,1,27771909,262,1,151,13499,
275.573,3378.92,51.4439,7.48725,260.388,11.2761,230.341,1,31,-72,-6,2,68,63,1,27771909,262,1,151,13499,
276.573,3390.16,51.4438,7.48712,260.209,11.4366,234.182,1,31,-72,-6,2,68,63,1,27771909,262,1,151,13499,
277.55,3401.18,51.4438,7.48697,260.36,11.4089,254.839,1,29,-74,-6,2,66,62,1,27771909,262,1,151,13499,
278.56,3412.17,51.4437,7.48681,260.978,11.2202,258.255,1,29,-74,-6,2,66,62,1,27771909,262,1,151,13499,
279.576,3423.83,51.4437,7.48665,261.237,11.4883,261.249,1,29,-76,-5,2,64,60,1,27771909,262,1,151,13499,
280.576,3435.93,51.4437,7.48647,261.798,12.1002,263.188,1,29,-76,-5,2,64,60,1,27771909,262,1,151,13499,
281.579,3448.84,51.4437,7.48629,262.204,12.5833,264.517,1,29,-79,-4,2,61,56,1,27771909,262,1,151,13499,
282.573,3462.57,51.4437,7.48609,262.184,13.1498,265.122,1,29,-79,-4,2,61,56,1,27771909,262,1,151,13499,
283.556,3477.16,51.4437,7.48588,261.963,13.6736,265.634,1,27,-82,-5,2,58,55,1,27771909,262,1,151,13499,
284.554,3490.93,51.4437,7.48568,261.975,13.8962,266.247,1,27,-82,-5,2,58,55,1,27771909,262,1,151,13499,
285.578,3503.9,51.4437,7.48549,261.561,13.9185,266.645,1,22,-82,-6,2,58,55,1,27771909,262,1,151,13499,
286.552,3517.99,51.4437,7.48529,260.987,15.0975,269.522,1,22,-82,-6,2,58,55,1,27771909,262,1,151,13499,
287.576,3531.51,51.4437,7.48509,260.734,14.9167,271.218,1,24,-84,-6,2,56,53,1,27771909,262,1,151,13499,
288.568,3547.55,51.4437,7.48486,260.66,16.1393,269.519,1,24,-84,-6,2,56,53,1,27771909,262,1,151,13499,
289.573,3561.92,51.4437,7.48465,261.061,16.0395,269.394,1,24,-84,-6,2,56,53,1,27771909,262,1,151,13499,
290.569,3578.8,51.4437,7.48441,261.52,15.4319,268.847,1,28,-85,-6,2,55,52,1,27771909,262,1,151,13499,
291.585,3595.19,51.4437,7.48417,261.917,14.9671,268.555,1,28,-85,-6,2,55,52,1,27771909,262,1,151,13499,
292.566,3610.39,51.4437,7.48395,261.934,14.7399,268.051,1,29,-79,-5,2,61,58,1,27771909,262,1,151,13499,
293.553,3625.37,51.4437,7.48374,262.095,14.6711,268.385,1,29,-79,-5,2,61,58,1,27771909,262,1,151,13499,
294.56,3641.07,51.4437,7.48351,262.554,15.0656,268.296,1,34,-73,-5,2,67,63,1,27771909,262,1,151,13499,
295.584,3656.56,51.4437,7.48329,262.951,15.3627,267.353,1,34,-73,-5,2,67,63,1,27771909,262,1,151,13499,
296.579,3672.75,51.4437,7.48305,263.312,15.5765,267.235,1,32,-66,-5,2,74,63,1,27771909,262,1,151,13499,
297.569,3688.42,51.4437,7.48283,263.603,15.5167,266.824,1,32,-66,-5,2,74,63,1,27771909,262,1,151,13499,
298.581,3704.42,51.4437,7.4826,263.853,15.6879,266.462,1,31,-81,-6,15,59,57,4,27771909,262,1,151,13499,
299.559,3720.09,51.4437,7.48237,263.781,15.8764,267.095,1,31,-81,-6,15,59,57,4,27771909,262,1,151,13499,
300.559,3735.94,51.4437,7.48214,263.551,16.051,266.985,1,27,-82,-5,14,58,53,4,27771909,262,1,151,13499,
301.584,3751.45,51.4436,7.48192,263.101,16.0348,266.443,1,27,-82,-5,14,58,53,4,27771909,262,1,151,13499,
302.579,3766.92,51.4436,7.4817,262.461,16.1474,266.486,1,18,-89,-5,12,51,47,4,27771909,262,1,151,13499,
303.581,3782.59,51.4436,7.48147,261.741,16.1999,266.177,1,18,-89,-5,12,51,47,4,27771909,262,1,151,13499,
304.564,3798.25,51.4436,7.48124,261.123,15.9738,266.654,1,15,-90,-5,10,50,47,4,27771909,262,1,151,13499,
305.565,3814.86,51.4436,7.481,260.621,16.2682,266.228,1,15,-90,-5,10,50,47,4,27771909,262,1,151,13499,
306.562,3830.85,51.4436,7.48077,260.397,16.3915,265.974,1,12,-89,-7,13,51,48,4,27771909,262,1,151,13499,
307.572,3846.71,51.4436,7.48055,260.449,16.5658,265.09,1,12,-89,-7,13,51,48,4,27771909,262,1,151,13499,
308.56,3863.26,51.4436,7.48031,260.64,16.8324,264.675,1,11,-89,-7,13,51,47,4,27771909,262,1,151,13499,
309.559,3879.74,51.4436,7.48007,260.665,17.0172,264.294,1,11,-89,-7,13,51,47,4,27771909,262,1,151,13499,
310.655,3896.5,51.4435,7.47983,260.67,17.2626,263.909,1,18,-90,-6,12,50,45,4,27771909,262,1,151,13499,
311.561,3913.75,51.4435,7.47958,260.526,17.2777,263.134,1,18,-90,-6,12,50,45,4,27771909,262,1,151,13499,
312.561,3930.71,51.4435,7.47934,260.46,17.0845,262.26,1,18,-89,-7,11,51,49,4,27771909,262,1,151,13499,
313.571,3947.5,51.4435,7.4791,260.399,16.6965,262.085,1,18,-89,-7,11,51,49,4,27771909,262,1,151,13499,
314.588,3963.74,51.4435,7.47887,260.173,16.4164,262.022,1,18,-89,-7,11,51,49,4,27771909,262,1,151,13499,
315.555,3979.49,51.4434,7.47864,260.201,16.3115,262.678,1,8,-86,-7,8,54,51,4,27771909,262,1,151,13499,
316.573,3996.44,51.4434,7.4784,259.944,16.2945,262.974,1,8,-86,-7,8,54,51,4,27771909,262,1,151,13499,
317.558,3996.44,51.4439,7.47906,nan,16.7308,262.72,1,16,-85,-6,13,55,49,4,27771909,262,1,151,13499,
318.566,3996.44,51.4434,7.47793,259.273,17.1749,262.591,1,16,-85,-6,13,55,49,4,27771909,262,1,151,13499,
319.584,4013.52,51.4434,7.47768,258.989,17.4574,262.982,1,12,-88,-6,10,52,47,4,27771909,262,1,151,13499,
320.578,4030.41,51.4433,7.47744,258.654,16.8457,262.09,1,12,-88,-6,10,52,47,4,27771909,262,1,151,13499,
321.563,4046.82,51.4433,7.47721,258.281,16.7352,262.331,1,12,-89,-7,12,51,46,4,27771909,262,1,151,13499,
322.56,4063.57,51.4433,7.47697,257.749,16.9472,261.996,1,12,-89,-7,12,51,46,4,27771909,262,1,151,13499,
323.564,4081.46,51.4433,7.47671,257.58,17.1794,262.335,1,14,-90,-7,12,50,47,4,27771909,262,1,151,13499,
324.607,4098.44,51.4433,7.47647,257.461,17.5259,261.729,1,14,-90,-7,12,50,47,4,27771909,262,1,151,13499,
325.571,4116.31,51.4432,7.47621,256.848,17.8743,262.015,1,20,-85,-7,12,55,51,4,27771909,262,1,151,13499,
326.583,4133.71,51.4432,7.47597,255.965,17.9257,261.497,1,20,-85,-7,12,55,51,4,27771909,262,1,151,13499,
327.585,4151.75,51.4432,7.47571,255.119,17.9951,260.713,1,10,-90,-7,14,50,49,4,27771909,262,1,151,13499,
328.558,4169.36,51.4432,7.47546,254.435,17.9878,260.62,1,10,-90,-7,14,50,49,4,27771909,262,1,151,13499,
329.557,4186.22,51.4431,7.47522,253.553,17.8726,260.134,1,3,-88,-7,13,52,49,4,27771909,262,1,151,13499,
330.556,4203.76,51.4431,7.47497,252.653,18.0349,259.665,1,3,-88,-7,13,52,49,4,27771909,262,1,151,13499,
331.582,4221.53,51.4431,7.47472,251.983,18.0169,259.176,1,-1,-103,-9,6,37,37,4,27771909,262,1,151,13499,
332.578,4239.28,51.443,7.47447,251.167,18.0142,258.818,1,-1,-103,-9,6,37,37,4,27771909,262,1,151,13499,
333.576,4256.52,51.443,7.47422,250.294,17.8817,258.352,1,1,-106,-11,2,34,36,4,27771909,262,1,151,13499,
334.555,4274.16,51.443,7.47397,249.685,17.8619,257.616,1,1,-106,-11,2,34,36,4,27771909,262,1,151,13499,
335.555,4292.56,51.4429,7.47371,248.638,17.8145,258.096,1,0,-108,-12,2,32,35,4,27771909,262,1,151,13499,
336.578,4310.51,51.4429,7.47346,247.704,17.9929,258.586,1,0,-108,-12,2,32,35,4,27771909,262,1,151,13499,
337.56,4329.18,51.4429,7.4732,247.048,18.3902,258.964,1,-2,-107,-11,2,33,35,4,31281409,262,1,232,13499,
338.57,4348.11,51.4429,7.47293,246.407,18.5853,259.736,1,-2,-107,-11,2,33,35,4,31281409,262,1,232,13499,
339.566,4366.7,51.4428,7.47266,245.773,18.7314,259.633,1,-2,-107,-11,2,33,35,4,31281409,262,1,232,13499,
340.571,4385.05,51.4428,7.4724,245.228,18.5546,259.274,1,0,-109,-11,2,31,33,4,31281409,262,1,232,13499,
341.583,4403.4,51.4428,7.47214,244.531,18.6045,258.871,1,0,-109,-11,2,31,33,4,31281409,262,1,232,13499,
342.577,4420.79,51.4427,7.47189,244.114,18.4946,258.738,1,-4,-114,-12,2,26,29,4,31281409,262,1,232,13499,
343.585,4438.55,51.4427,7.47164,244.106,18.4195,258.345,1,-4,-114,-12,2,26,29,4,31281409,262,1,232,13499,
344.597,4456.73,51.4427,7.47139,243.924,18.1826,258.478,1,-3,-115,-12,2,25,28,4,31281409,262,1,232,13499,
345.582,4473.98,51.4426,7.47114,243.428,17.9587,258.575,1,-3,-115,-12,2,25,28,4,31281409,262,1,232,13499,
346.571,4491.45,51.4426,7.47089,242.697,17.767,258.484,1,1,-114,-12,2,26,29,4,31281409,262,1,232,13499,
347.58,4509.01,51.4426,7.47065,242.144,17.7871,258.86,1,1,-114,-12,2,26,29,4,31281409,262,1,232,13499,
348.559,4527.14,51.4425,7.47039,241.539,18.0029,259.182,1,2,-114,-12,2,26,29,4,31281409,262,1,232,13499,
349.574,4545.13,51.4425,7.47013,241.262,18.2562,258.238,1,2,-114,-12,2,26,29,4,31281409,262,1,232,13499,
350.567,4563.16,51.4425,7.46988,240.959,18.4287,257.925,1,4,-113,-11,2,27,29,4,31281409,262,1,232,13499,
351.563,4581.22,51.4425,7.46962,240.748,18.9009,258.29,1,4,-113,-11,2,27,29,4,31281409,262,1,232,13499,
352.557,4600.77,51.4424,7.46935,240.432,19.2042,258.855,1,3,-113,-11,2,27,29,4,31281409,262,1,232,13499,
353.573,4619.21,51.4424,7.46908,239.976,18.9989,258.636,1,3,-113,-11,2,27,29,4,31281409,262,1,232,13499,
354.568,4638.22,51.4424,7.46882,239.25,19.072,258.789,1,1,-111,-10,2,29,30,4,31281409,262,1,232,13499,
355.574,4657.55,51.4423,7.46854,238.19,19.4728,258.523,1,1,-111,-10,2,29,30,4,31281409,262,1,232,13499,
356.566,4677.03,51.4423,7.46827,236.934,19.7897,258.646,1,2,-110,-10,2,30,30,4,31281409,262,1,232,13499,
357.579,4696.23,51.4422,7.468,236.109,19.8463,258.915,1,2,-110,-10,2,30,30,4,31281409,262,1,232,13499,
358.568,4715.33,51.4422,7.46773,235.456,19.8164,258.864,1,18,-109,-9,9,31,31,28,31281409,262,1,232,13499,
359.562,4734.59,51.4422,7.46745,234.916,19.6943,259.23,1,18,-109,-9,9,31,31,28,31281409,262,1,232,13499,
360.574,4754.16,51.4421,7.46718,234.389,19.7115,259.128,1,18,-109,-9,9,31,31,28,31281409,262,1,232,13499,
361.556,4773.78,51.4421,7.4669,233.878,19.7278,259.825,1,10,-104,-8,11,36,35,28,31281409,262,1,232,13499,
362.555,4793.26,51.4421,7.46662,233.368,19.6991,260.16,1,10,-104,-8,11,36,35,28,31281409,262,1,232,13499,
363.563,4812.98,51.442,7.46634,233.021,19.4313,260.696,1,11,-102,-7,8,38,36,28,31281409,262,1,232,13499,
364.575,4832.63,51.442,7.46606,232.732,19.4887,260.395,1,11,-102,-7,8,38,36,28,31281409,262,1,232,13499,
365.665,4852.54,51.442,7.46578,232.522,19.5682,260.73,1,13,-99,-6,10,41,38,28,31281409,262,1,232,13499,
366.581,4872.46,51.4419,7.4655,232.346,19.7055,260.541,1,13,-99,-6,10,41,38,28,31281409,262,1,232,13499,
367.585,4892.73,51.4419,7.46521,232.234,19.9226,261.454,1,17,-99,-6,12,41,38,28,31281409,262,1,232,13499,
368.576,4913.01,51.4419,7.46492,232.144,20.1449,261.606,1,17,-99,-6,12,41,38,28,31281409,262,1,232,13499,
369.581,4933.19,51.4419,7.46463,232.058,20.3286,262.257,1,9,-102,-7,7,38,37,28,31281409,262,1,232,13499,
370.563,4953.83,51.4418,7.46434,232.046,20.405,262.425,1,9,-102,-7,7,38,37,28,31281409,262,1,232,13499,
371.551,4974.5,51.4418,7.46404,232.184,20.0597,261.756,1,11,-102,-7,7,38,37,28,31281409,262,1,232,13499,
372.557,4994.42,51.4418,7.46376,232.246,19.7121,262.582,1,11,-102,-7,7,38,37,28,31281409,262,1,232,13499,
373.584,5014.18,51.4418,7.46347,232.282,19.4544,262.915,1,10,-101,-6,15,39,36,28,31281409,262,1,232,13499,
374.584,5033.65,51.4417,7.46319,232.231,19.4614,263.371,1,10,-101,-6,15,39,36,28,31281409,262,1,232,13499,
375.548,5053.63,51.4417,7.46291,232.254,19.7414,264.035,1,10,-106,-7,7,34,33,28,31281409,262,1,232,13499,
376.561,5073.82,51.4417,7.46262,232.299,19.8071,264.091,1,10,-106,-7,7,34,33,28,31281409,262,1,232,13499,
377.575,5093.79,51.4417,7.46233,232.391,19.8388,264.529,1,10,-105,-7,7,35,33,28,31281409,262,1,232,13499,
378.593,5113.04,51.4417,7.46205,232.249,19.5514,265.262,1,10,-105,-7,7,35,33,28,31281409,262,1,232,13499,
379.577,5131.57,51.4417,7.46179,232.051,19.1081,265.006,1,11,-103,-8,11,37,36,28,31281409,262,1,232,13499,
380.55,5150.08,51.4417,7.46152,231.731,18.6206,265.552,1,11,-103,-8,11,37,36,28,31281409,262,1,232,13499,
381.564,5168.72,51.4416,7.46125,231.563,18.5045,265.917,1,7,-103,-8,9,37,37,28,31281409,262,1,232,13499,
382.559,5187.25,51.4416,7.46098,231.487,17.979,266.313,1,7,-103,-8,9,37,37,28,31281409,262,1,232,13499,
383.58,5204.69,51.4416,7.46073,231.315,17.1239,267.188,1,5,-103,-7,2,37,35,28,31281409,262,1,232,13499,
384.558,5221.14,51.4416,7.46049,231.161,16.64,267.487,1,5,-103,-7,2,37,35,28,31281409,262,1,232,13499,
385.563,5237.49,51.4416,7.46026,231.104,16.0529,266.695,1,5,-103,-7,2,37,35,28,31281409,262,1,232,13499,
386.56,5253.1,51.4416,7.46003,231.211,15.6581,267.12,1,7,-104,-8,2,36,35,28,31281409,262,1,232,13499,
387.56,5269.17,51.4416,7.4598,231.225,15.781,267.043,1,7,-104,-8,2,36,35,28,31281409,262,1,232,13499,
388.588,5284.76,51.4416,7.45958,231.107,16.1428,267.668,1,5,-104,-8,2,36,35,28,31281409,262,1,232,13499,
389.578,5300.86,51.4416,7.45935,231.019,16.2621,267.964,1,5,-104,-8,2,36,35,28,31281409,262,1,232,13499,
390.563,5316.91,51.4416,7.45911,230.876,15.9873,268.218,1,5,-106,-10,2,34,34,28,31281409,262,1,232,13499,
391.576,5332.35,51.4416,7.45889,230.6,15.5781,268.532,1,5,-106,-10,2,34,34,28,31281409,262,1,232,13499,
392.573,5347.4,51.4416,7.45867,230.436,15.1325,268.52,1,5,-105,-8,2,35,35,28,27771908,262,1,152,13499,
393.559,5362.29,51.4416,7.45846,230.449,14.8945,269.259,1,5,-105,-8,2,35,35,28,27771908,262,1,152,13499,
394.597,5377.66,51.4416,7.45824,230.495,14.9689,269.523,1,6,-104,-9,2,36,37,28,27771908,262,1,152,13499,
395.562,5393.46,51.4416,7.45801,230.595,15.2385,269.236,1,6,-104,-9,2,36,37,28,27771908,262,1,152,13499,
396.586,5408.84,51.4416,7.45779,230.805,15.5388,269.315,1,8,-103,-9,2,37,38,28,27771908,262,1,152,13499,
397.577,5424.4,51.4415,7.45756,230.824,15.8706,269.464,1,8,-103,-9,2,37,38,28,27771908,262,1,152,13499,
398.591,5440.38,51.4415,7.45733,230.931,16.1855,270.255,1,9,-102,-8,2,38,38,28,27771908,262,1,152,13499,
399.586,5456.35,51.4416,7.4571,231.009,16.2371,270.659,1,9,-102,-8,2,38,38,28,27771908,262,1,152,13499,
400.583,5472.38,51.4416,7.45687,231.14,16.3176,270.235,1,10,-100,-7,2,40,38,28,27771908,262,1,152,13499,
401.577,5488.37,51.4416,7.45664,231.294,16.1594,270.491,1,10,-100,-7,2,40,38,28,27771908,262,1,152,13499,
402.564,5504.13,51.4416,7.45641,231.396,15.6873,270.277,1,16,-98,-6,2,42,39,28,27771908,262,1,152,13499,
403.577,5519.97,51.4416,7.45618,231.429,15.5792,270.341,1,16,-98,-6,2,42,39,28,27771908,262,1,152,13499,
404.58,5535.64,51.4416,7.45596,231.051,15.3925,270.393,1,17,-96,-5,2,44,40,28,27771908,262,1,152,13499,
405.568,5550.64,51.4416,7.45574,230.723,14.8013,270.34,1,17,-96,-5,2,44,40,28,27771908,262,1,152,13499,
406.557,5564.69,51.4416,7.45554,230.238,14.8113,270.941,1,14,-94,-6,2,46,42,28,27771908,262,1,152,13499,
407.573,5579.03,51.4416,7.45533,229.717,14.9781,271.043,1,14,-94,-6,2,46,42,28,27771908,262,1,152,13499,
408.579,5594.37,51.4416,7.45511,229.46,15.121,271.399,1,14,-94,-6,2,46,42,28,27771908,262,1,152,13499,
409.577,5609.84,51.4416,7.45488,229.395,15.0063,272.209,1,7,-94,-6,2,46,43,28,27771908,262,1,152,13499,
410.556,5625.06,51.4416,7.45467,229.421,14.6598,271.96,1,7,-94,-6,2,46,43,28,27771908,262,1,152,13499,
411.574,5639.64,51.4416,7.45446,229.474,14.5304,272.746,1,13,-95,-7,2,45,43,28,33527552,262,1,433,13499,
412.573,5654.55,51.4416,7.45424,229.569,14.4668,273.321,1,13,-95,-7,2,45,43,28,33527552,262,1,433,13499,
413.571,5668.86,51.4416,7.45403,229.646,14.2856,273.883,1,17,-92,-6,2,48,44,28,33527552,262,1,433,13499,
414.568,5682.8,51.4416,7.45383,229.835,14.37,274.054,1,17,-92,-6,2,48,44,28,33527552,262,1,433,13499,
415.578,5697.32,51.4416,7.45362,229.87,14.2914,274.456,1,17,-89,-6,2,51,46,28,33527552,262,1,433,13499,
416.573,5712.03,51.4416,7.45341,229.658,14.4254,274.276,1,17,-89,-6,2,51,46,28,33527552,262,1,433,13499,
417.581,5726.96,51.4416,7.4532,229.267,14.7095,274.62,1,16,-82,-5,2,58,53,28,33527552,262,1,433,13499,
418.572,5741.63,51.4417,7.45299,228.815,14.6798,274.681,1,16,-82,-5,2,58,53,28,33527552,262,1,433,13499,
419.573,5755.51,51.4417,7.45279,228.588,14.514,274.89,1,24,-81,-5,2,59,54,28,33527552,262,1,433,13499,
420.66,5769.91,51.4417,7.45258,228.27,14.5668,275.056,1,24,-81,-5,2,59,54,28,33527552,262,1,433,13499,
421.569,5783.97,51.4417,7.45238,228.114,14.2101,275.916,1,25,-78,-5,15,62,57,14,33527552,262,1,433,13499,
422.555,5798.65,51.4417,7.45217,227.685,13.8526,275.95,1,25,-78,-5,15,62,57,14,33527552,262,1,433,13499,
423.577,5812.54,51.4417,7.45197,227.291,14.0739,275.879,1,22,-80,-4,15,60,55,14,33527552,262,1,433,13499,
424.558,5826.73,51.4417,7.45176,227.117,14.182,275.825,1,22,-80,-4,15,60,55,14,33527552,262,1,433,13499,
425.57,5840.79,51.4417,7.45156,226.88,13.8253,276.44,1,19,-80,-4,15,60,55,14,33527552,262,1,433,13499,
426.576,5854.9,51.4418,7.45136,226.604,13.9711,276.808,1,19,-80,-4,15,60,55,14,33527552,262,1,433,13499,
427.567,5868.65,51.4418,7.45116,226.267,14.2431,277.691,1,26,-79,-4,15,61,56,14,33527552,262,1,433,13499,
428.563,5883.21,51.4418,7.45095,226.242,14.8684,277.381,1,26,-79,-4,15,61,56,14,33527552,262,1,433,13499,
429.577,5898.52,51.4418,7.45074,226.188,15.283,277.625,1,26,-79,-4,15,61,56,14,33527552,262,1,433,13499,
430.567,5913.93,51.4418,7.45051,225.867,15.5757,277.209,1,26,-78,-4,15,62,57,14,33527552,262,1,433,13499,
431.575,5929.6,51.4418,7.45029,225.512,15.9274,277.484,1,26,-78,-4,15,62,57,14,33527552,262,1,433,13499,
432.572,5944.72,51.4419,7.45007,225.543,15.7874,277.629,1,27,-79,-4,15,61,57,14,33527552,262,1,433,13499,
433.577,5959.83,51.4419,7.44986,225.802,15.2707,277.656,1,27,-79,-4,15,61,57,14,33527552,262,1,433,13499,
434.572,5975.04,51.4419,7.44964,225.819,15.1879,277.656,1,25,-82,-4,15,58,55,14,33527552,262,1,433,13499,
435.578,5990.6,51.4419,7.44942,225.682,14.9613,278.154,1,25,-82,-4,15,58,55,14,33527552,262,1,433,13499,
436.567,6005.96,51.4419,7.4492,225.71,14.6613,278.513,1,29,-78,-4,15,62,58,14,33527552,262,1,433,13499,
437.573,6020.42,51.442,7.44899,225.768,14.5697,278.589,1,29,-78,-4,15,62,58,14,33527552,262,1,433,13499,
438.563,6034.23,51.442,7.4488,225.809,14.6571,278.981,1,28,-77,-4,2,63,58,14,33527552,262,1,433,13499,
439.558,6048.72,51.442,7.44859,226.052,14.5284,279.233,1,28,-77,-4,2,63,58,14,33527552,262,1,433,13499,
440.558,6062.46,51.442,7.44839,226.223,14.5198,279.737,1,30,-78,-5,2,62,59,14,33527552,262,1,433,13499,
441.558,6077.25,51.4421,7.44818,226.536,14.7787,280.105,1,30,-78,-5,2,62,59,14,33527552,262,1,433,13499,
442.562,6091.97,51.4421,7.44797,227.029,14.8826,279.895,1,30,-78,-4,2,62,58,14,33527552,262,1,433,13499,
443.564,6107.3,51.4421,7.44776,227.41,15.2586,279.789,1,30,-78,-4,2,62,58,14,33527552,262,1,433,13499,
444.559,6123.03,51.4421,7.44753,227.741,15.6332,280.126,1,28,-78,-5,2,62,58,14,33527552,262,1,433,13499,
445.576,6138.98,51.4421,7.4473,227.975,15.9052,281.032,1,28,-78,-5,2,62,58,14,33527552,262,1,433,13499,
446.581,6155.05,51.4422,7.44708,228.34,16.048,281.646,1,28,-78,-5,2,62,58,14,33527552,262,1,433,13499,
447.571,6171.06,51.4422,7.44685,228.705,15.9339,281.938,1,31,-79,-5,2,61,57,14,33527552,262,1,433,13499,
448.579,6187.44,51.4422,7.44662,228.925,15.9216,281.581,1,31,-79,-5,2,61,57,14,33527552,262,1,433,13499,
449.584,6203.67,51.4423,7.44639,229.051,15.9559,281.582,1,32,-78,-5,2,62,58,14,33527552,262,1,433,13499,
450.559,6220,51.4423,7.44616,229.142,16.2116,282.447,1,32,-78,-5,2,62,58,14,33527552,262,1,433,13499,
451.58,6236.21,51.4423,7.44593,228.975,16.264,282.63,1,31,-75,-5,2,65,61,14,33527552,262,1,433,13499,
452.557,6251.76,51.4423,7.44571,228.905,16.1712,282.866,1,31,-75,-5,2,65,61,14,33527552,262,1,433,13499,
453.59,6267.56,51.4424,7.44548,228.442,16.1692,282.598,1,32,-72,-5,2,68,63,14,33527552,262,1,433,13499,
454.573,6283.32,51.4424,7.44526,228.062,16.2187,282.859,1,32,-72,-5,2,68,63,14,33527552,262,1,433,13499,
455.562,6299.19,51.4424,7.44504,227.782,16.3417,283.14,1,33,-70,-5,2,70,63,14,33527552,262,1,433,13499,
456.566,6315.83,51.4425,7.44481,227.479,16.6016,283.775,1,33,-70,-5,2,70,63,14,33527552,262,1,433,13499,
457.556,6332.47,51.4425,7.44457,227.129,16.8354,283.925,1,31,-70,-5,2,70,63,14,33527552,262,1,433,13499,
458.568,6348.9,51.4425,7.44434,226.629,17.1379,284.186,1,31,-70,-5,2,70,63,14,33527552,262,1,433,13499,
459.565,6365.26,51.4426,7.44411,225.992,17.2007,283.621,1,32,-70,-5,2,70,63,14,33527552,262,1,433,13499,
460.573,6382.64,51.4426,7.44387,225.521,17.4583,284.313,1,32,-70,-5,2,70,63,14,33527552,262,1,433,13499,
461.563,6400.25,51.4427,7.44362,225.312,17.4469,284.568,1,32,-71,-6,2,69,63,14,33527552,262,1,433,13499,
462.63,6418.16,51.4427,7.44337,224.957,17.0996,283.967,1,32,-71,-6,2,69,63,14,33527552,262,1,433,13499,
463.555,6435.41,51.4427,7.44313,224.561,16.8635,284.573,1,24,-73,-6,15,67,63,5,33527552,262,1,433,13499,
464.581,6452.6,51.4428,7.44289,223.552,16.3399,285.325,1,24,-73,-6,15,67,63,5,33527552,262,1,433,13499,
465.572,6469.51,51.4428,7.44266,222.32,16.1321,285.454,1,29,-72,-5,15,68,63,5,33527552,262,1,433,13499,
466.579,6484.38,51.4429,7.44245,221.45,15.9158,285.708,1,29,-72,-5,15,68,63,5,33527552,262,1,433,13499,
467.559,6499.54,51.4429,7.44224,221.067,15.5697,286.094,1,32,-69,-6,15,71,63,5,33527552,262,1,433,13499,
468.558,6514.75,51.4429,7.44203,220.678,15.5956,285.988,1,32,-69,-6,15,71,63,5,33527552,262,1,433,13499,
469.568,6530.16,51.443,7.44182,220.027,15.8923,286.371,1,32,-69,-6,15,71,63,5,33527552,262,1,433,13499,
470.572,6546.59,51.443,7.44159,219.697,16.4478,287.26,1,31,-68,-5,15,72,63,5,33527552,262,1,433,13499,
471.553,6563.71,51.4431,7.44136,219.312,16.7623,286.754,1,31,-68,-5,15,72,63,5,33527552,262,1,433,13499,
472.566,6579.72,51.4431,7.44114,218.684,16.7858,287.079,1,32,-69,-6,15,71,63,5,33527552,262,1,433,13499,
473.55,6596.42,51.4432,7.44091,218.01,16.7661,287.08,1,32,-69,-6,15,71,63,5,33527552,262,1,433,13499,
474.568,6612.26,51.4432,7.44069,217.562,16.5128,287.452,1,30,-72,-6,15,68,63,5,33527552,262,1,433,13499,
475.577,6628.73,51.4432,7.44047,217.353,16.6176,287.365,1,30,-72,-6,15,68,63,5,33527552,262,1,433,13499,
476.575,6644.97,51.4433,7.44024,216.963,16.9591,287.69,1,24,-78,-5,15,62,59,5,33527552,262,1,433,13499,
477.578,6662.33,51.4433,7.44001,216.7,17.476,287.857,1,24,-78,-5,15,62,59,5,33527552,262,1,433,13499,
478.555,6679.6,51.4434,7.43977,216.659,17.889,288.197,1,27,-82,-5,15,58,55,5,33527552,262,1,433,13499,
479.593,6697.42,51.4434,7.43953,216.54,18.4229,288.428,1,27,-82,-5,15,58,55,5,33527552,262,1,433,13499,
480.565,6715.93,51.4435,7.43927,216.366,18.8355,288.319,1,29,-77,-4,15,63,61,5,33527552,262,1,433,13499,
481.571,6735.23,51.4436,7.43901,215.979,18.7686,288.519,1,29,-77,-4,15,63,61,5,33527552,262,1,433,13499,
482.564,6753.77,51.4436,7.43876,215.316,18.6568,288.907,1,31,-74,-5,15,66,63,5,33527552,262,1,433,13499,
483.563,6772.33,51.4437,7.4385,214.751,18.5061,289.739,1,31,-74,-5,15,66,63,5,33527552,262,1,433,13499,
484.58,6790.25,51.4437,7.43826,214.087,18.3781,290.091,1,21,-77,-4,15,63,60,5,33527552,262,1,433,13499,
485.559,6808.49,51.4438,7.43802,213.462,18.3442,290.486,1,21,-77,-4,15,63,60,5,33527552,262,1,433,13499,
486.572,6826.66,51.4438,7.43777,212.901,18.4156,291.148,1,22,-79,-6,15,61,59,5,33527552,262,1,433,13499,
487.575,6844.24,51.4439,7.43754,212.199,18.4381,291.083,1,22,-79,-6,15,61,59,5,33527552,262,1,433,13499,
488.577,6862.05,51.444,7.4373,211.336,18.5562,291.587,1,10,-80,-7,6,60,58,1,33527554,262,1,434,13499,
489.57,6880.97,51.444,7.43705,210.69,19.0036,291.254,1,10,-80,-7,6,60,58,1,33527554,262,1,434,13499,
490.576,6900.47,51.4441,7.43678,210.14,19.4765,291.85,1,25,-80,-6,15,60,55,1,33527554,262,1,434,13499,
491.567,6920.03,51.4442,7.43652,209.547,19.6285,291.252,1,25,-80,-6,15,60,55,1,33527554,262,1,434,13499,
492.565,6940.64,51.4442,7.43624,208.68,19.9388,291.689,1,25,-80,-6,15,60,55,1,33527554,262,1,434,13499,
493.561,6961.44,51.4443,7.43597,208.021,20.3177,294.112,1,23,-77,-6,15,63,59,1,33527554,262,1,434,13499,
494.613,6979.86,51.4444,7.43573,207.518,20.387,294.141,1,23,-77,-6,15,63,59,1,33527554,262,1,434,13499,
495.573,7000.03,51.4444,7.43546,206.618,20.289,293.177,1,38,-83,-5,15,57,53,1,33527554,262,1,434,13499,
496.575,7020.76,51.4445,7.43519,205.488,20.2193,293.88,1,38,-83,-5,15,57,53,1,33527554,262,1,434,13499,
497.562,7041.05,51.4446,7.43492,204.181,20.139,294.363,1,40,-78,-4,15,62,59,1,33527554,262,1,434,13499,
498.576,7060.53,51.4447,7.43466,202.817,19.8227,294.865,1,40,-78,-4,15,62,59,1,33527554,262,1,434,13499,
499.564,7081.43,51.4447,7.43438,201.572,19.7846,295.465,1,32,-85,-6,15,55,53,1,33527554,262,1,434,13499,
500.572,7100.17,51.4448,7.43414,200.427,19.9151,296.97,1,32,-85,-6,15,55,53,1,33527554,262,1,434,13499,
501.582,7120.29,51.4449,7.43388,199.544,19.8632,297.462,1,25,-84,-5,15,56,51,1,33527554,262,1,434,13499,
502.607,7140.45,51.445,7.43362,198.71,19.927,297.694,1,25,-84,-5,15,56,51,1,33527554,262,1,434,13499,
503.562,7160.43,51.4451,7.43337,198.162,20.0028,298.745,1,38,-81,-5,15,59,57,1,33527554,262,1,434,13499,
504.581,7179.98,51.4451,7.43312,197.756,20.017,298.954,1,38,-81,-5,15,59,57,1,33527554,262,1,434,13499,
505.57,7199.35,51.4452,7.43288,197.27,19.9087,299.195,1,23,-84,-4,15,56,50,1,33527554,262,1,434,13499,
506.58,7218.51,51.4453,7.43265,196.727,19.9342,300.087,1,23,-84,-4,15,56,50,1,33527554,262,1,434,13499,
507.559,7238.45,51.4454,7.4324,196.231,20.033,300.778,1,21,-83,-5,15,57,50,1,33527554,262,1,434,13499,
508.566,7258.12,51.4455,7.43217,195.712,19.5329,302.659,1,21,-83,-5,15,57,50,1,33527554,262,1,434,13499,
509.581,7276.93,51.4456,7.43194,195.133,18.8625,302.053,1,24,-86,-6,15,54,51,1,33527554,262,1,434,13499,
510.562,7295.26,51.4457,7.43172,194.515,17.947,302.796,1,24,-86,-6,15,54,51,1,33527554,262,1,434,13499,
511.565,7312.58,51.4458,7.43151,193.861,17.1634,303.794,1,29,-83,-5,15,57,53,1,33527554,262,1,434,13499,
512.554,7329.96,51.4459,7.43131,193.135,17.3087,304.345,1,29,-83,-5,15,57,53,1,33527554,262,1,434,13499,
513.56,7347.54,51.446,7.43111,192.379,17.6761,304.826,1,29,-83,-5,15,57,53,1,33527554,262,1,434,13499,
514.575,7365.18,51.4461,7.4309,191.574,17.8515,305.356,1,29,-80,-5,2,60,56,1,33527554,262,1,434,13499,
515.555,7382.53,51.4462,7.4307,190.849,17.6729,306.273,1,29,-80,-5,2,60,56,1,33527554,262,1,434,13499,
516.57,7400.64,51.4463,7.4305,190.214,18.1903,306.91,1,22,-80,-5,2,60,56,1,33527554,262,1,434,13499,
517.589,7419.33,51.4464,7.43029,189.736,19.0577,307.398,1,22,-80,-5,2,60,56,1,33527554,262,1,434,13499,
518.577,7438.21,51.4465,7.43008,189.389,19.2198,308.204,1,28,-79,-5,2,61,57,1,33527554,262,1,434,13499,
519.559,7457.41,51.4466,7.42987,188.774,19.3751,308.86,1,28,-79,-5,2,61,57,1,33527554,262,1,434,13499,
520.565,7476.88,51.4467,7.42965,188.334,19.7565,309.561,1,32,-77,-5,2,63,59,1,33527554,262,1,434,13499,
521.56,7497.31,51.4468,7.42943,188.004,20.2161,310.512,1,32,-77,-5,2,63,59,1,33527554,262,1,434,13499,
522.569,7517.28,51.447,7.42922,187.561,20.7672,311.417,1,28,-76,-4,2,64,59,1,33527554,262,1,434,13499,
523.59,7538.05,51.4471,7.42901,187.205,20.9107,313.152,1,28,-76,-4,2,64,59,1,33527554,262,1,434,13499,
524.583,7559.14,51.4472,7.4288,187.137,21.239,313.994,1,23,-77,-4,2,63,57,1,33527554,262,1,434,13499,
525.563,7579.96,51.4474,7.4286,186.811,21.0118,314.513,1,23,-77,-4,2,63,57,1,33527554,262,1,434,13499,
526.557,7600.65,51.4475,7.42839,186.496,20.9123,315.87,1,24,-81,-4,2,59,54,1,33527554,262,1,434,13499,
527.605,7621.2,51.4476,7.42819,186.152,20.8146,316.796,1,24,-81,-4,2,59,54,1,33527554,262,1,434,13499,
528.576,7641.87,51.4478,7.42799,185.807,20.6049,317.191,1,9,-86,-5,11,54,50,55,27771140,262,1,289,13499,
529.577,7662.33,51.4479,7.4278,185.459,20.3912,317.769,1,9,-86,-5,11,54,50,55,27771140,262,1,289,13499,
530.559,7682.5,51.448,7.42761,184.933,19.9945,319.241,1,11,-89,-5,11,51,48,55,27771140,262,1,289,13499,
531.576,7701.5,51.4482,7.42743,184.011,19.5888,319.602,1,11,-89,-5,11,51,48,55,27771140,262,1,289,13499,
532.575,7719.88,51.4483,7.42726,182.91,19.2591,320.613,1,12,-90,-6,9,50,47,55,27771140,262,1,289,13499,
533.587,7738.39,51.4484,7.4271,181.908,19.0374,321.165,1,12,-90,-6,9,50,47,55,27771140,262,1,289,13499,
534.564,7756.77,51.4486,7.42694,180.989,19.1134,321.727,1,14,-91,-6,3,49,46,55,27771140,262,1,289,13499,
535.58,7775.63,51.4487,7.42679,180.059,19.5022,322.493,1,14,-91,-6,3,49,46,55,27771140,262,1,289,13499,
536.566,7795.86,51.4489,7.42662,179.256,19.8925,323.271,1,13,-92,-6,12,48,45,55,27771140,262,1,289,13499,
537.573,7814.99,51.449,7.42648,178.32,20.4901,324.032,1,13,-92,-6,12,48,45,55,27771140,262,1,289,13499,
538.576,7837.13,51.4492,7.42631,177.24,20.8077,325.816,1,13,-92,-6,12,48,45,55,27771140,262,1,289,13499,
539.579,7858.55,51.4493,7.42614,176.196,21.0961,325.61,1,13,-96,-6,11,44,40,55,27771140,262,1,289,13499,
540.554,7879.4,51.4495,7.42598,175.243,20.7639,326.89,1,13,-96,-6,11,44,40,55,27771140,262,1,289,13499,
541.567,7899.2,51.4496,7.42583,174.121,20.2391,328.167,1,11,-97,-6,14,43,40,13,33527554,262,1,434,13499,
542.571,7918.71,51.4498,7.42569,172.875,20.1284,328.676,1,11,-97,-6,14,43,40,13,33527554,262,1,434,13499,
543.573,7939.49,51.45,7.42554,171.987,20.0207,329.227,1,10,-96,-6,14,44,41,13,33527554,262,1,434,13499,
544.566,7959.65,51.4501,7.42541,170.996,20.3154,330.672,1,10,-96,-6,14,44,41,13,33527554,262,1,434,13499,
545.574,7978.46,51.4503,7.42529,169.956,20.5836,332.506,1,14,-98,-6,10,42,39,13,33527554,262,1,434,13499,
546.558,7998.86,51.4504,7.42518,168.882,20.5556,337.63,1,14,-98,-6,10,42,39,13,33527554,262,1,434,13499,
547.557,8019.55,51.4506,7.42506,167.878,20.6354,336.157,1,7,-101,-7,10,39,37,13,33527554,262,1,434,13499,
548.577,8040.71,51.4508,7.42493,167.025,20.748,334.213,1,7,-101,-7,10,39,37,13,33527554,262,1,434,13499,
549.585,8061.56,51.451,7.4248,166.292,20.6417,333.69,1,6,-103,-10,8,37,38,13,33527554,262,1,434,13499,
550.555,8082.54,51.4511,7.42468,165.602,21.1162,335.432,1,6,-103,-10,8,37,38,13,33527554,262,1,434,13499,
551.563,8103.53,51.4513,7.42456,164.97,21.3981,335.692,1,2,-101,-10,7,39,40,50,27771140,262,1,289,13499,
552.577,8125.2,51.4515,7.42444,164.577,21.9513,338.186,1,2,-101,-10,7,39,40,50,27771140,262,1,289,13499,
553.582,8147.91,51.4517,7.42432,164.296,22.1654,338.576,1,-2,-100,-10,6,40,41,46,28365057,262,1,224,13499,
554.56,8170.73,51.4519,7.42422,164.143,22.087,339.584,1,-2,-100,-10,6,40,41,46,28365057,262,1,224,13499,
555.57,8192.69,51.4521,7.42411,164.082,21.9029,340.194,1,8,-95,-6,12,45,42,46,28365057,262,1,224,13499,
556.562,8214.57,51.4522,7.42401,163.897,21.6635,340.812,1,8,-95,-6,12,45,42,46,28365057,262,1,224,13499,
557.561,8236.3,51.4524,7.4239,163.754,21.5618,341.195,1,5,-96,-7,8,44,42,46,28365057,262,1,224,13499,
558.554,8257.14,51.4526,7.4238,163.583,21.5783,341.686,1,5,-96,-7,8,44,42,46,28365057,262,1,224,13499,
559.576,8278.63,51.4528,7.4237,163.256,21.6147,341.788,1,1,-98,-8,6,42,41,47,27771140,262,1,224,13499,
560.554,8300.02,51.453,7.42361,162.81,21.8294,342.039,1,1,-98,-8,6,42,41,47,27771140,262,1,224,13499,
561.564,8321.34,51.4532,7.42351,162.326,22.1907,342.918,1,1,-98,-8,6,42,41,47,27771140,262,1,224,13499,
562.557,8344.14,51.4534,7.42342,161.817,22.6019,343.521,1,-2,-100,-13,5,40,44,47,27771140,262,1,289,13499,
563.574,8366.68,51.4535,7.42333,161.15,22.527,343.933,1,-2,-100,-13,5,40,44,47,27771140,262,1,289,13499,
564.58,8389.33,51.4537,7.42325,160.394,22.4272,344.225,1,3,-96,-7,6,44,43,18,27770883,262,1,125,13499,
565.561,8411.85,51.4539,7.42317,159.59,22.2314,344.162,1,3,-96,-7,6,44,43,18,27770883,262,1,125,13499,
566.561,8434.03,51.4541,7.42309,158.826,21.9861,344.109,1,9,-91,-6,13,49,47,18,27770883,262,1,125,13499,
567.568,8455.75,51.4543,7.42301,158.138,21.9396,344.195,1,9,-91,-6,13,49,47,18,27770883,262,1,125,13499,
568.575,8477.48,51.4545,7.42293,157.461,21.9261,343.572,1,8,-93,-7,9,47,45,18,27770883,262,1,125,13499,
569.566,8499.18,51.4547,7.42285,156.859,21.7004,343.443,1,8,-93,-7,9,47,45,18,27770883,262,1,125,13499,
570.568,8521.03,51.4549,7.42276,156.222,21.4036,343.302,1,3,-95,-9,6,45,45,18,27770883,262,1,125,13499,
571.564,8541.98,51.4551,7.42268,155.762,21.2671,343.136,1,3,-95,-9,6,45,45,18,27770883,262,1,125,13499,
572.572,8563.13,51.4553,7.42259,155.303,21.3085,342.658,1,11,-91,-7,8,49,49,18,27770883,262,1,125,13499,
573.575,8584.4,51.4554,7.4225,154.825,21.3719,342.341,1,11,-91,-7,8,49,49,18,27770883,262,1,125,13499,
574.643,8605.57,51.4556,7.42242,154.401,21.3295,342.18,1,8,-91,-9,10,49,50,18,27770883,262,1,125,13499,
575.574,8627.28,51.4558,7.42233,154.136,21.3077,342.091,1,8,-91,-9,10,49,50,18,27770883,262,1,125,13499,
576.556,8648.68,51.456,7.42223,153.912,21.309,341.105,1,9,-95,-11,7,45,46,18,27770883,262,1,125,13499,
577.56,8670.42,51.4562,7.42213,153.756,21.5473,340.516,1,9,-95,-11,7,45,46,18,27770883,262,1,125,13499,
578.573,8691.89,51.4564,7.42202,153.558,21.6036,339.765,1,5,-91,-8,10,49,49,18,27770883,262,1,125,13499,
579.573,8713.77,51.4565,7.42192,153.26,21.661,339.112,1,5,-91,-8,10,49,49,18,27770883,262,1,125,13499,
580.58,8735.3,51.4567,7.4218,152.921,21.4774,338.236,1,10,-93,-8,8,47,46,18,27770883,262,1,125,13499,
581.574,8756.53,51.4569,7.42169,152.674,21.0256,337.833,1,10,-93,-8,8,47,46,18,27770883,262,1,125,13499,
582.575,8777.19,51.4571,7.42158,152.438,20.7242,337.585,1,10,-90,-7,11,50,49,18,27770883,262,1,125,13499,
583.563,8797.42,51.4572,7.42147,152.248,20.2716,337.061,1,10,-90,-7,11,50,49,18,27770883,262,1,125,13499,
584.554,8817.31,51.4574,7.42135,151.95,19.9276,336.223,1,14,-86,-5,13,54,51,18,27770883,262,1,125,13499,
585.596,8836.35,51.4576,7.42124,151.793,19.6421,335.494,1,14,-86,-5,13,54,51,18,27770883,262,1,125,13499,
586.563,8855.49,51.4577,7.42113,151.623,19.5162,335.356,1,16,-87,-6,13,53,52,18,27770883,262,1,125,13499,
587.576,8874.68,51.4579,7.42101,151.421,19.4294,334.883,1,16,-87,-6,13,53,52,18,27770883,262,1,125,13499,
588.579,8893.67,51.458,7.42089,151.282,19.6699,334.093,1,16,-87,-6,13,53,52,18,27770883,262,1,125,13499,
589.571,8913.49,51.4582,7.42077,151.101,19.716,333.622,1,11,-83,-7,10,57,56,18,27770883,262,1,125,13499,
590.579,8933.38,51.4583,7.42064,150.894,20.1073,333.257,1,11,-83,-7,10,57,56,18,27770883,262,1,125,13499,
591.572,8953.52,51.4585,7.42051,150.753,20.8262,332.669,1,8,-87,-7,12,53,51,18,27770883,262,1,125,13499,
592.573,8974.97,51.4587,7.42037,150.6,21.5197,331.678,1,8,-87,-7,12,53,51,18,27770883,262,1,125,13499,
593.57,8996.54,51.4589,7.42021,150.489,22.1389,330.801,1,17,-83,-6,10,57,54,18,27770883,262,1,125,13499,
594.581,9019.12,51.459,7.42005,150.271,22.5672,330.281,1,17,-83,-6,10,57,54,18,27770883,262,1,125,13499,
595.571,9042.33,51.4592,7.41988,150.235,23.2239,329.673,1,21,-76,-4,2,64,60,18,27770883,262,1,125,13499,
596.555,9066.14,51.4594,7.4197,150.175,23.8556,328.983,1,21,-76,-4,2,64,60,18,27770883,262,1,125,13499,
597.592,9090.49,51.4596,7.41951,150.118,23.9754,328.835,1,13,-78,-5,2,62,60,18,27770883,262,1,125,13499,
598.579,9115.04,51.4598,7.41931,150.092,24.517,327.644,1,13,-78,-5,2,62,60,18,27770883,262,1,125,13499,
599.568,9139.87,51.4599,7.41911,149.912,24.627,326.921,1,20,-77,-5,2,63,61,18,27770883,262,1,125,13499,
600.58,9164.86,51.4601,7.41891,149.787,25.0339,326.307,1,20,-77,-5,2,63,61,18,27770883,262,1,125,13499,
601.538,9190.22,51.4603,7.4187,149.653,25.3367,325.677,1,13,-79,-6,2,61,58,18,27770883,262,1,125,13499,
602.581,9215.78,51.4605,7.41848,149.655,25.6601,324.753,1,13,-79,-6,2,61,58,18,27770883,262,1,125,13499,
603.566,9241.86,51.4607,7.41827,149.762,25.7541,324.283,1,27,-78,-5,2,62,58,18,27770883,262,1,125,13499,
604.571,9268.23,51.4609,7.41804,150.019,25.9497,323.72,1,27,-78,-5,2,62,58,18,27770883,262,1,125,13499,
605.558,9293.33,51.4611,7.41782,150.047,26.005,322.797,1,27,-72,-4,2,68,63,18,27770883,262,1,125,13499,
606.56,9319.17,51.4613,7.4176,149.948,26.0237,321.831,1,27,-72,-4,2,68,63,18,27770883,262,1,125,13499,
607.558,9344.77,51.4614,7.41737,149.741,26.2022,320.961,1,18,-69,-4,2,71,63,18,27770883,262,1,125,13499,
608.556,9370.89,51.4616,7.41713,149.571,26.2126,320.721,1,18,-69,-4,2,71,63,18,27770883,262,1,125,13499,
609.579,9397.57,51.4618,7.41689,149.774,26.2196,320.048,1,18,-69,-4,2,71,63,18,27770883,262,1,125,13499,
610.584,9424.27,51.462,7.41664,150.106,26.3386,319.26,1,14,-70,-4,2,70,63,18,27770883,262,1,125,13499,
611.565,9450.42,51.4622,7.4164,150.428,26.3512,318.333,1,14,-70,-4,2,70,63,18,27770883,262,1,125,13499,
612.562,9476.67,51.4623,7.41615,150.864,26.4636,317.434,1,24,-77,-5,2,63,59,18,27770883,262,1,125,13499,
613.568,9503.39,51.4625,7.41589,151.233,26.4112,316.695,1,24,-77,-5,2,63,59,18,27770883,262,1,125,13499,
614.579,9529.29,51.4627,7.41564,151.466,26.5089,316.352,1,22,-79,-6,2,61,59,18,27770883,262,1,125,13499,
615.567,9554.12,51.4629,7.41539,151.076,26.5992,315.715,1,22,-79,-6,2,61,59,18,27770883,262,1,125,13499,
616.558,9580.36,51.463,7.41513,150.812,26.6687,314.523,1,13,-75,-6,2,65,62,18,27770883,262,1,125,13499,
617.629,9606.48,51.4632,7.41486,150.473,26.7907,313.943,1,13,-75,-6,2,65,62,18,27770883,262,1,125,13499,
618.565,9633.23,51.4634,7.41458,150.218,26.8393,313.288,1,25,-73,-5,14,67,62,4,27770883,262,1,125,13499,
619.569,9659.89,51.4635,7.4143,149.941,26.8855,312.839,1,25,-73,-5,14,67,62,4,27770883,262,1,125,13499,
620.552,9686.37,51.4637,7.41402,149.677,26.9061,311.927,1,6,-85,-6,11,55,51,4,27770883,262,1,125,13499,
621.576,9713.5,51.4638,7.41372,149.384,26.8786,311.344,1,6,-85,-6,11,55,51,4,27770883,262,1,125,13499,
622.577,9740.54,51.464,7.41343,149.289,26.8721,310.788,1,5,-86,-6,6,54,53,15,29563905,262,1,348,13499,
623.558,9767.4,51.4642,7.41313,149.21,26.5725,310.153,1,5,-86,-6,6,54,53,15,29563905,262,1,348,13499,
624.585,9793.56,51.4643,7.41284,149.136,26.2186,309.833,1,8,-70,-4,6,70,63,4,27770883,262,1,125,13499,
625.601,9819.62,51.4645,7.41255,149.078,25.8535,309.477,1,8,-70,-4,6,70,63,4,27770883,262,1,125,13499,
626.577,9845.18,51.4646,7.41227,149.048,25.4148,308.893,1,14,-77,-7,12,63,58,4,27770883,262,1,125,13499,
627.584,9869.92,51.4647,7.41199,148.912,24.9453,308.78,1,14,-77,-7,12,63,58,4,27770883,262,1,125,13499,
628.578,9894.06,51.4649,7.41172,148.811,24.3866,309.665,1,5,-93,-9,8,47,46,4,27770883,262,1,125,13499,
629.56,9918.17,51.465,7.41144,148.73,23.9771,308.389,1,5,-93,-9,8,47,46,4,27770883,262,1,125,13499,
630.57,9942,51.4652,7.41117,148.712,23.6652,308.558,1,5,-93,-9,8,47,46,4,27770883,262,1,125,13499,
631.57,9965.55,51.4653,7.4109,148.72,23.6324,308.357,1,4,-94,-8,6,46,45,4,27770885,262,1,124,13499,
632.56,9989.43,51.4654,7.41063,148.892,23.6459,307.859,1,4,-94,-8,6,46,45,4,27770885,262,1,124,13499,
633.576,10013,51.4655,7.41037,149.081,23.6646,307.68,1,20,-94,-7,11,46,44,4,27770885,262,1,124,13499,
634.564,10037,51.4657,7.41009,149.464,23.7475,307.857,1,20,-94,-7,11,46,44,4,27770885,262,1,124,13499,
635.554,10061.2,51.4658,7.40982,149.963,23.7144,307.905,1,39,-73,-5,15,67,63,4,27770885,262,1,124,13499,
636.563,10085,51.4659,7.40955,150.425,23.4921,308.044,1,39,-73,-5,15,67,63,4,27770885,262,1,124,13499,
637.564,10108.4,51.4661,7.40928,150.917,23.3913,308.376,1,23,-90,-6,10,50,47,4,27770885,262,1,124,13499,
638.58,10131.4,51.4662,7.40902,151.3,23.2256,308.532,1,23,-90,-6,10,50,47,4,27770885,262,1,124,13499,
639.565,10154.4,51.4663,7.40876,151.654,23.1118,308.594,1,31,-75,-5,14,65,58,4,27770885,262,1,124,13499,
640.573,10176.9,51.4665,7.40851,151.791,22.9133,308.638,1,31,-75,-5,14,65,58,4,27770885,262,1,124,13499,
641.59,10199.6,51.4666,7.40825,151.981,22.4524,308.685,1,21,-93,-8,6,47,46,4,27770885,262,1,124,13499,
642.572,10222.1,51.4667,7.40799,152.23,22.4444,308.737,1,21,-93,-8,6,47,46,4,27770885,262,1,124,13499,
643.581,10244.3,51.4668,7.40774,152.392,22.4434,308.578,1,21,-88,-8,11,52,49,4,27770885,262,1,124,13499,
644.555,10266.4,51.467,7.40749,152.609,22.0496,309.034,1,21,-88,-8,11,52,49,4,27770885,262,1,124,13499,
645.572,10288.1,51.4671,7.40725,152.701,21.9581,309.58,1,22,-75,-5,2,65,61,4,27770885,262,1,124,13499,
646.551,10309.8,51.4672,7.40701,152.678,21.8958,309.573,1,22,-75,-5,2,65,61,4,27770885,262,1,124,13499,
647.569,10331.6,51.4673,7.40677,152.638,22.1137,309.784,1,16,-76,-5,2,64,59,4,27770885,262,1,124,13499,
648.585,10353.4,51.4675,7.40653,152.494,22.3903,309.464,1,16,-76,-5,2,64,59,4,27770885,262,1,124,13499,
649.575,10376.1,51.4676,7.40628,152.613,22.609,310.196,1,19,-76,-5,2,64,57,4,27770885,262,1,124,13499,
650.564,10399.1,51.4677,7.40603,152.821,22.7863,310.535,1,19,-76,-5,2,64,57,4,27770885,262,1,124,13499,
651.573,10422.3,51.4679,7.40577,153.114,22.9246,310.816,1,19,-76,-5,2,64,57,4,27770885,262,1,124,13499,
652.59,10445.6,51.468,7.40552,153.37,23.2766,310.952,1,12,-78,-5,2,62,57,4,27770885,262,1,124,13499,
653.619,10469.2,51.4681,7.40526,153.639,23.5169,311.062,1,12,-78,-5,2,62,57,4,27770885,262,1,124,13499,
654.595,10493,51.4683,7.405,153.919,23.7797,311.45,1,12,-79,-5,2,61,57,4,27770885,262,1,124,13499,
655.585,10516.4,51.4684,7.40475,153.95,24.0272,311.981,1,12,-79,-5,2,61,57,4,27770885,262,1,124,13499,
656.553,10540.2,51.4686,7.40449,153.966,24.1952,312.245,1,7,-83,-7,10,57,53,19,27771140,262,1,124,13499,
657.574,10563.8,51.4687,7.40424,153.705,24.407,312.424,1,7,-83,-7,10,57,53,19,27771140,262,1,124,13499,
658.572,10588.1,51.4689,7.40398,153.599,24.5468,312.536,1,14,-78,-5,15,62,57,19,27771140,262,1,289,13499,
659.557,10613,51.469,7.40372,153.608,24.7794,313.057,1,14,-78,-5,15,62,57,19,27771140,262,1,289,13499,
660.566,10639.8,51.4692,7.40343,153.909,24.6872,313.37,1,12,-83,-5,10,57,52,19,27771140,262,1,289,13499,
661.572,10664.6,51.4693,7.40316,154.23,24.3058,312.375,1,12,-83,-5,10,57,52,19,27771140,262,1,289,13499,
662.57,10688.4,51.4695,7.40291,155.376,23.7695,313.632,1,13,-87,-5,10,53,50,19,27771140,262,1,289,13499,
663.567,10711.8,51.4696,7.40266,156.555,23.3306,313.408,1,13,-87,-5,10,53,50,19,27771140,262,1,289,13499,
664.579,10734.7,51.4697,7.40242,157.316,22.8682,314.181,1,10,-86,-5,10,54,49,19,27771140,262,1,289,13499,
665.569,10758,51.4699,7.40218,157.949,22.737,314.524,1,10,-86,-5,10,54,49,19,27771140,262,1,289,13499,
666.583,10781.2,51.47,7.40194,158.659,22.5561,315.292,1,9,-85,-5,11,55,52,19,27771140,262,1,289,13499,
667.568,10804.3,51.4702,7.4017,159.408,22.5336,315.198,1,9,-85,-5,11,55,52,19,27771140,262,1,289,13499,
668.568,10826.1,51.4703,7.40148,159.914,22.4982,314.986,1,14,-84,-5,11,56,52,19,27771140,262,1,289,13499,
669.564,10848.6,51.4705,7.40125,160.504,22.4466,315.882,1,14,-84,-5,11,56,52,19,27771140,262,1,289,13499,
670.565,10871.4,51.4706,7.40103,161.097,22.327,316.46,1,18,-86,-5,12,54,51,19,27771140,262,1,289,13499,
671.557,10894.1,51.4708,7.4008,161.565,22.3549,316.554,1,18,-86,-5,12,54,51,19,27771140,262,1,289,13499,
672.563,10917.3,51.4709,7.40057,162.208,22.3236,316.811,1,18,-86,-5,12,54,51,19,27771140,262,1,289,13499,
673.574,10939.5,51.4711,7.40034,162.811,22.3499,316.844,1,18,-88,-7,2,52,50,19,27771140,262,1,289,13499,
674.571,10961.9,51.4712,7.40012,163.26,22.2899,317.235,1,18,-88,-7,2,52,50,19,27771140,262,1,289,13499,
675.559,10983.8,51.4714,7.39991,163.447,22.3373,317.618,1,19,-86,-6,2,54,52,19,27771140,262,1,289,13499,
676.555,11005.7,51.4715,7.3997,163.541,22.3336,317.463,1,19,-86,-6,2,54,52,19,27771140,262,1,289,13499,
677.577,11028.3,51.4717,7.39948,163.855,22.448,317.326,1,20,-86,-6,2,54,52,19,27771140,262,1,289,13499,
678.561,11050.9,51.4718,7.39926,164.203,22.4638,317.509,1,20,-86,-6,2,54,52,19,27771140,262,1,289,13499,
679.581,11073.1,51.472,7.39905,164.363,22.4453,318.558,1,11,-85,-6,2,55,52,19,27771140,262,1,289,13499,
680.559,11095.5,51.4721,7.39884,164.655,22.34,318.778,1,11,-85,-6,2,55,52,19,27771140,262,1,289,13499,
681.614,11117.5,51.4723,7.39863,164.795,22.3243,318.66,1,22,-86,-6,2,54,51,19,27771140,262,1,289,13499,
682.591,11139.8,51.4724,7.39842,165.018,22.2765,319.005,1,22,-86,-6,2,54,51,19,27771140,262,1,289,13499,
683.554,11162.5,51.4726,7.39821,165.374,22.4731,319.407,1,21,-83,-7,14,57,54,12,27771140,262,1,289,13499,
684.558,11185.1,51.4727,7.398,165.705,22.4408,319.301,1,21,-83,-7,14,57,54,12,27771140,262,1,289,13499,
685.558,11207.7,51.4729,7.39778,166,22.6152,319.413,1,16,-85,-5,10,55,49,12,27771140,262,1,289,13499,
686.572,11230.3,51.473,7.39757,166.311,22.7391,319.728,1,16,-85,-5,10,55,49,12,27771140,262,1,289,13499,
687.554,11253.4,51.4732,7.39736,166.676,22.8241,319.905,1,6,-91,-8,10,49,49,12,27771140,262,1,289,13499,
688.562,11275.9,51.4733,7.39716,166.989,22.5371,320.839,1,6,-91,-8,10,49,49,12,27771140,262,1,289,13499,
689.572,11297.8,51.4735,7.39696,167.172,22.273,320.67,1,17,-87,-6,6,53,51,55,33527554,262,1,434,13499,
690.566,11319.9,51.4737,7.39676,167.429,21.8869,321.471,1,17,-87,-6,6,53,51,55,33527554,262,1,434,13499,
691.576,11341.9,51.4738,7.39657,167.731,21.6709,322.602,1,10,-88,-5,14,52,48,55,33527554,262,1,434,13499,
692.559,11363.4,51.474,7.39638,168.019,21.6005,322.742,1,10,-88,-5,14,52,48,55,33527554,262,1,434,13499,
693.573,11384.6,51.4741,7.3962,168.185,21.5164,322.901,1,15,-87,-5,10,53,48,55,33527554,262,1,434,13499,
694.568,11406,51.4743,7.39602,168.389,21.3866,323.564,1,15,-87,-5,10,53,48,55,33527554,262,1,434,13499,
695.574,11427.8,51.4744,7.39583,168.674,21.4361,322.938,1,12,-86,-5,11,54,48,55,33527554,262,1,434,13499,
696.578,11449.2,51.4746,7.39565,168.943,21.5691,323.56,1,12,-86,-5,11,54,48,55,33527554,262,1,434,13499,
697.572,11470.7,51.4747,7.39547,169.093,21.4916,324.278,1,12,-86,-5,11,54,48,55,33527554,262,1,434,13499,
698.565,11492.6,51.4749,7.3953,169.54,21.1808,325.918,1,14,-85,-6,14,55,52,8,27771140,262,1,289,13499,
699.554,11514.2,51.4751,7.39513,170.005,21.062,327.188,1,14,-85,-6,14,55,52,8,27771140,262,1,289,13499,
700.565,11534.9,51.4752,7.39498,170.458,20.8991,330.071,1,27,-81,-6,11,59,56,8,27771140,262,1,289,13499,
701.584,11555.9,51.4754,7.39482,170.605,21.2934,330.41,1,27,-81,-6,11,59,56,8,27771140,262,1,289,13499,
702.584,11578.6,51.4756,7.39465,171.034,21.2418,330.259,1,19,-82,-6,14,58,56,8,27771140,262,1,289,13499,
703.573,11600.4,51.4757,7.3945,171.147,21.1794,330.788,1,19,-82,-6,14,58,56,8,27771140,262,1,289,13499,
704.564,11621.2,51.4759,7.39435,171.242,20.7831,330.154,1,25,-81,-7,12,59,58,8,27771140,262,1,289,13499,
705.577,11641.8,51.4761,7.39419,171.437,20.221,329.657,1,25,-81,-7,12,59,58,8,27771140,262,1,289,13499,
706.555,11661.2,51.4762,7.39406,171.611,19.5219,331.769,1,32,-75,-5,14,65,63,8,27771140,262,1,289,13499,
707.564,11680.2,51.4764,7.39393,171.956,18.9535,332.936,1,32,-75,-5,14,65,63,8,27771140,262,1,289,13499,
708.562,11699.3,51.4765,7.39379,172.635,18.3197,333.343,1,28,-73,-9,11,67,63,8,27771140,262,1,289,13499,
709.554,11717.9,51.4767,7.39366,173.594,17.9977,333.935,1,28,-73,-9,11,67,63,8,27771140,262,1,289,13499,
710.575,11736,51.4768,7.39355,174.678,17.8501,334.537,1,24,-69,-7,14,71,63,8,27771140,262,1,289,13499,
711.577,11753.6,51.477,7.39344,175.599,17.7299,335.02,1,24,-69,-7,14,71,63,8,27771140,262,1,289,13499,
712.554,11770.8,51.4771,7.39334,176.329,17.2801,335.704,1,28,-84,-8,10,56,55,8,27771140,262,1,289,13499,
713.561,11788.1,51.4772,7.39325,177.141,16.9631,336.615,1,28,-84,-8,10,56,55,8,27771140,262,1,289,13499,
714.559,11805.1,51.4774,7.39316,177.555,16.4221,338.259,1,16,-82,-8,2,58,57,8,27771140,262,1,289,13499,
715.572,11820.6,51.4775,7.3931,177.658,15.8932,340.165,1,16,-82,-8,2,58,57,8,27771140,262,1,289,13499,
716.557,11835.1,51.4776,7.39304,177.314,15.3087,342.882,1,7,-82,-8,2,58,58,8,27771140,262,1,289,13499,
717.569,11849.5,51.4778,7.393,177.296,15.6203,346.536,1,7,-82,-8,2,58,58,8,27771140,262,1,289,13499,
718.576,11866.3,51.4779,7.39301,177.837,15.6317,2.08751,1,10,-83,-8,2,57,56,8,27771140,262,1,289,13499,
719.634,11882.2,51.4781,7.39303,178.033,15.6502,3.34925,1,10,-83,-8,2,57,56,8,27771140,262,1,289,13499,
720.572,11898.4,51.4782,7.39306,178.156,15.7496,6.35038,1,19,-83,-6,11,57,54,4,27771139,262,1,288,13499,
721.58,11913.9,51.4783,7.39311,178.175,15.7328,10.4509,1,19,-83,-6,11,57,54,4,27771139,262,1,288,13499,
722.573,11932,51.4785,7.39321,178.413,15.6828,24.8591,1,21,-84,-5,12,56,52,4,27771139,262,1,288,13499,
723.585,11949,51.4786,7.39333,179.396,15.7183,26.7759,1,21,-84,-5,12,56,52,4,27771139,262,1,288,13499,
724.579,11965.3,51.4788,7.39344,180.689,15.5587,29.4049,1,37,-77,-5,15,63,59,4,27771139,262,1,288,13499,
725.564,11980.7,51.4789,7.39357,181.59,15.3032,30.6679,1,37,-77,-5,15,63,59,4,27771139,262,1,288,13499,
726.568,11995.5,51.479,7.39368,182.023,14.2772,30.0855,1,37,-77,-5,15,63,59,4,27771139,262,1,288,13499,
727.563,12009.2,51.4791,7.39378,182.136,13.4477,27.4146,1,33,-86,-5,14,54,50,4,27771139,262,1,288,13499,
728.561,12022.7,51.4792,7.39382,182.068,12.7637,10.6356,1,33,-86,-5,14,54,50,4,27771139,262,1,288,13499,
729.573,12033.7,51.4793,7.39384,182.012,12.6682,6.55468,1,38,-78,-5,14,62,57,4,27771139,262,1,288,13499,
730.567,12044.6,51.4794,7.39381,182.098,12.5265,347.624,1,38,-78,-5,14,62,57,4,27771139,262,1,288,13499,
731.576,12057.1,51.4795,7.39377,182.404,12.6911,344.859,1,22,-93,-8,8,47,46,4,27771139,262,1,288,13499,
732.565,12069.7,51.4796,7.39371,182.905,12.9956,341.564,1,22,-93,-8,8,47,46,4,27771139,262,1,288,13499,
733.574,12082,51.4797,7.39365,183.548,13.2102,338.892,1,18,-91,-7,7,49,47,4,27771139,262,1,288,13499,
734.559,12093.8,51.4798,7.39358,184.194,12.5717,337.401,1,18,-91,-7,7,49,47,4,27771139,262,1,288,13499,
735.567,12104.8,51.4799,7.39352,185.072,10.6723,337.814,1,4,-89,-6,14,51,46,15,28365058,262,1,223,13499,
736.578,12114.8,51.48,7.39347,185.634,9.88319,340.962,1,4,-89,-6,14,51,46,15,28365058,262,1,223,13499,
737.558,12123.7,51.4801,7.39346,185.854,8.98246,1.42242,1,5,-88,-6,6,52,48,5,27771139,262,1,288,13499,
738.566,12133.5,51.4802,7.39349,185.933,9.29702,15.7624,1,5,-88,-6,6,52,48,5,27771139,262,1,288,13499,
739.559,12144.7,51.4803,7.39357,186.149,9.7412,39.7801,1,16,-85,-5,14,55,52,5,27771139,262,1,288,13499,
740.569,12155.3,51.4803,7.39368,186.246,10.5834,54.1589,1,16,-85,-5,14,55,52,5,27771139,262,1,288,13499,
741.579,12165.5,51.4804,7.3938,186.214,11.4471,56.0209,1,25,-85,-6,14,55,50,5,27771139,262,1,288,13499,
742.557,12175.4,51.4804,7.39392,186.258,12.4449,56.8893,1,25,-85,-6,14,55,50,5,27771139,262,1,288,13499,
743.579,12187.6,51.4805,7.39407,186.171,13.3356,57.1715,1,13,-86,-6,12,54,51,5,27771139,262,1,288,13499,
744.584,12201.4,51.4806,7.39423,186.101,14.2175,56.5415,1,13,-86,-6,12,54,51,5,27771139,262,1,288,13499,
745.571,12216.5,51.4806,7.39442,185.933,15.0417,56.9706,1,27,-85,-6,12,55,52,5,27771139,262,1,288,13499,
746.576,12232,51.4807,7.39461,185.832,15.5678,57.3909,1,27,-85,-6,12,55,52,5,27771139,262,1,288,13499,
747.585,12247.4,51.4808,7.39479,185.634,15.3967,58.0207,1,27,-85,-6,12,55,52,5,27771139,262,1,288,13499,
748.56,12261.3,51.4808,7.39496,185.262,14.9776,58.4025,1,30,-85,-6,15,55,53,5,27771139,262,1,288,13499,
749.559,12277.4,51.4809,7.39516,185.075,14.7234,58.9617,1,30,-85,-6,15,55,53,5,27771139,262,1,288,13499,
750.565,12292.1,51.481,7.39535,185.077,14.6309,59.8621,1,15,-83,-5,10,57,53,5,27771139,262,1,288,13499,
751.602,12307,51.481,7.39554,185.244,14.8826,60.2412,1,15,-83,-5,10,57,53,5,27771139,262,1,288,13499,
752.565,12322.3,51.4811,7.39573,185.596,15.1885,61.0472,1,10,-84,-6,12,56,54,5,27771139,262,1,288,13499,
753.567,12336.9,51.4812,7.39592,186.019,15.4748,60.7157,1,10,-84,-6,12,56,54,5,27771139,262,1,288,13499,
754.563,12352.2,51.4812,7.39611,186.329,15.5699,59.9129,1,20,-86,-7,13,54,52,5,27771139,262,1,288,13499,
755.566,12366.8,51.4813,7.39629,186.332,15.1912,60.1328,1,20,-86,-7,13,54,52,5,27771139,262,1,288,13499,
756.558,12382.8,51.4814,7.39649,186.562,14.6582,59.5194,1,16,-84,-5,14,56,52,5,27771139,262,1,288,13499,
757.568,12398.1,51.4815,7.39667,186.885,14.1959,59.0387,1,16,-84,-5,14,56,52,5,27771139,262,1,288,13499,
758.576,12412,51.4815,7.39684,186.908,13.7449,58.6464,1,27,-84,-5,10,56,53,5,27771139,262,1,288,13499,
759.571,12425.4,51.4816,7.39701,186.837,13.2257,57.9226,1,27,-84,-5,10,56,53,5,27771139,262,1,288,13499,
760.567,12437.8,51.4817,7.39716,186.79,12.3984,57.4368,1,30,-85,-5,13,55,52,5,27771139,262,1,288,13499,
761.578,12450.2,51.4817,7.39731,186.817,11.1927,56.3098,1,30,-85,-5,13,55,52,5,27771139,262,1,288,13499,
762.576,12460,51.4818,7.39742,186.952,10.0213,55.5934,1,33,-84,-5,14,56,54,5,27771139,262,1,288,13499,
763.573,12469,51.4818,7.39753,187.3,7.98979,54.5946,1,33,-84,-5,14,56,54,5,27771139,262,1,288,13499,
764.563,12476.5,51.4818,7.39762,187.589,6.70763,53.7853,1,35,-82,-5,14,58,56,5,27771139,262,1,288,13499,
765.563,12481.9,51.4819,7.39768,187.834,5.37437,53.9013,1,35,-82,-5,14,58,56,5,27771139,262,1,288,13499,
766.558,12486.7,51.4819,7.39774,187.843,4.42613,53.7395,1,36,-80,-5,15,60,58,5,27771139,262,1,288,13499,
767.581,12490.4,51.4819,7.39778,187.854,3.39636,53.1342,1,36,-80,-5,15,60,58,5,27771139,262,1,288,13499,
768.577,12493.7,51.4819,7.39782,187.872,3.37353,52.8041,1,25,-79,-5,2,61,59,5,27771139,262,1,288,13499,
769.583,12497.7,51.482,7.39786,188.225,4.35978,52.3798,1,25,-79,-5,2,61,59,5,27771139,262,1,288,13499,
770.554,12502.6,51.482,7.39792,188.544,5.36296,51.2094,1,25,-79,-5,2,61,59,5,27771139,262,1,288,13499,
771.559,12508.6,51.482,7.39798,188.529,5.71727,50.7174,1,27,-80,-6,2,60,57,5,27771139,262,1,288,13499,
772.594,12513.9,51.4821,7.39805,188.732,5.52559,50.3668,1,27,-80,-6,2,60,57,5,27771139,262,1,288,13499,
773.571,12519.7,51.4821,7.39811,188.882,5.91746,50.031,1,26,-80,-6,2,60,57,5,27771139,262,1,288,13499,
774.573,12527.3,51.4821,7.3982,188.813,6.56757,49.264,1,26,-80,-6,2,60,57,5,27771139,262,1,288,13499,
775.573,12534,51.4822,7.39827,188.582,7.17357,47.8776,1,25,-80,-6,15,60,58,10,27771139,262,1,288,13499,
776.619,12540.4,51.4822,7.39834,188.343,7.54653,47.2343,1,25,-80,-6,15,60,58,10,27771139,262,1,288,13499,
777.563,12546.9,51.4822,7.39841,188.012,6.96586,46.5267,1,23,-79,-5,14,61,58,10,27771139,262,1,288,13499,
778.578,12553.5,51.4823,7.39847,187.769,6.25031,45.2982,1,23,-79,-5,14,61,58,10,27771139,262,1,288,13499,
779.571,12558.8,51.4823,7.39853,187.533,4.79257,44.5839,1,18,-81,-5,13,59,52,10,27771139,262,1,288,13499,
780.579,12562.6,51.4824,7.39856,187.501,2.82015,42.7546,1,18,-81,-5,13,59,52,10,27771139,262,1,288,13499,
781.595,12565,51.4824,7.39858,187.458,1.61784,40.6179,1,18,-85,-6,10,55,51,10,27771139,262,1,288,13499,
782.576,12565,51.4824,7.39858,187.457,0,40.6179,1,18,-85,-6,10,55,51,10,27771139,262,1,288,13499,
783.575,12565,51.4824,7.39858,187.455,0,40.6179,1,16,-84,-6,11,56,52,10,27771139,262,1,288,13499,
784.578,12565,51.4824,7.39858,187.454,0,40.6179,1,16,-84,-6,11,56,52,10,27771139,262,1,288,13499,
785.556,12565,51.4824,7.39858,187.453,0,40.6179,1,15,-83,-5,12,57,51,10,27771139,262,1,288,13499,
786.573,12565,51.4824,7.39858,187.453,0,40.6179,1,15,-83,-5,12,57,51,10,27771139,262,1,288,13499,
787.578,12565,51.4824,7.39858,187.454,0,40.6179,1,17,-83,-4,12,57,51,10,27771139,262,1,288,13499,
788.566,12565,51.4824,7.39858,187.457,0,40.6179,1,17,-83,-4,12,57,51,10,27771139,262,1,288,13499,
789.535,12565,51.4824,7.39858,187.46,0,40.6179,1,21,-81,-5,13,59,54,10,27771139,262,1,288,13499,
790.568,12565,51.4824,7.39858,187.464,0,40.6179,1,21,-81,-5,13,59,54,10,27771139,262,1,288,13499,
791.577,12565,51.4824,7.39858,187.468,0,40.6179,1,21,-81,-5,13,59,54,10,27771139,262,1,288,13499,
792.561,12565,51.4824,7.39858,187.47,0,40.6179,1,16,-83,-5,12,57,51,10,27771139,262,1,288,13499,
793.559,12565,51.4824,7.39858,187.472,0,40.6179,1,16,-83,-5,12,57,51,10,27771139,262,1,288,13499,
794.56,12565,51.4824,7.39858,187.474,0,40.6179,1,19,-81,-5,2,59,54,10,27771139,262,1,288,13499,
795.572,12565,51.4824,7.39858,187.476,0,40.6179,1,19,-81,-5,2,59,54,10,27771139,262,1,288,13499,
796.578,12565,51.4824,7.39858,187.478,0,40.6179,1,15,-83,-5,2,57,52,10,27771139,262,1,288,13499,
797.563,12565,51.4824,7.39858,187.481,0,40.6179,1,15,-83,-5,2,57,52,10,27771139,262,1,288,13499,
798.577,12565,51.4824,7.39858,187.485,0,40.6179,1,18,-83,-6,13,57,52,10,27771139,262,1,288,13499,
799.556,12565,51.4824,7.39858,187.491,0,40.6179,1,18,-83,-6,13,57,52,10,27771139,262,1,288,13499,
800.596,12565,51.4824,7.39858,187.498,0,40.6179,1,14,-83,-7,12,57,53,10,27771139,262,1,288,13499,
801.569,12565,51.4824,7.39858,187.507,0,40.6179,1,14,-83,-7,12,57,53,10,27771139,262,1,288,13499,
802.565,12565,51.4824,7.39858,187.518,0,40.6179,1,16,-84,-8,12,56,54,10,27771139,262,1,288,13499,
803.561,12565,51.4824,7.39858,187.528,0,40.6179,1,16,-84,-8,12,56,54,10,27771139,262,1,288,13499,
804.572,12565,51.4824,7.39858,187.537,0,40.6179,1,18,-83,-5,12,57,51,10,27771139,262,1,288,13499,
805.579,12565,51.4824,7.39858,187.544,0,40.6179,1,18,-83,-5,12,57,51,10,27771139,262,1,288,13499,
806.562,12565,51.4824,7.39858,187.552,0,40.6179,1,17,-86,-5,11,54,49,10,27771139,262,1,288,13499,
807.564,12565,51.4824,7.39858,187.559,0,40.6179,1,17,-86,-5,11,54,49,10,27771139,262,1,288,13499,
808.555,12565,51.4824,7.39858,187.565,0,40.6179,1,19,-83,-5,12,57,52,10,27771139,262,1,288,13499,
809.562,12565,51.4824,7.39858,187.571,0,40.6179,1,19,-83,-5,12,57,52,10,27771139,262,1,288,13499,
810.581,12565,51.4824,7.39858,187.577,0,40.6179,1,19,-83,-5,12,57,51,10,27771139,262,1,288,13499,
811.578,12565,51.4824,7.39858,187.583,0,40.6179,1,19,-83,-5,12,57,51,10,27771139,262,1,288,13499,
812.581,12565,51.4824,7.39858,187.588,0,40.6179,1,18,-82,-5,12,58,53,10,27771139,262,1,288,13499,
813.561,12565,51.4824,7.39858,187.592,0,40.6179,1,18,-82,-5,12,58,53,10,27771139,262,1,288,13499,
814.568,12565,51.4824,7.39858,187.597,0,40.6179,1,17,-83,-6,2,57,52,10,27771139,262,1,288,13499,
815.578,12565,51.4824,7.39858,187.602,0,40.6179,1,17,-83,-6,2,57,52,10,27771139,262,1,288,13499,
816.564,12565,51.4824,7.39858,187.607,0,40.6179,1,18,-84,-6,2,56,52,10,27771139,262,1,288,13499,
817.663,12565,51.4824,7.39858,187.612,0,40.6179,1,18,-84,-6,2,56,52,10,27771139,262,1,288,13499,
818.568,12565,51.4824,7.39858,187.616,0,40.6179,1,18,-84,-6,2,56,52,10,27771139,262,1,288,13499,
819.566,12565,51.4824,7.39858,187.621,0,40.6179,1,19,-82,-6,12,58,54,10,27771139,262,1,288,13499,
820.572,12565,51.4824,7.39858,187.626,0,40.6179,1,19,-82,-6,12,58,54,10,27771139,262,1,288,13499,
821.572,12565,51.4824,7.39858,187.63,0,40.6179,1,19,-83,-5,12,57,53,10,27771139,262,1,288,13499,
822.564,12565,51.4824,7.39858,187.635,0,40.6179,1,19,-83,-5,12,57,53,10,27771139,262,1,288,13499,
823.564,12565,51.4824,7.39858,187.639,0,40.6179,1,32,-82,-5,13,58,53,10,27771139,262,1,288,13499,
824.582,12565,51.4824,7.39858,187.644,0,40.6179,1,32,-82,-5,13,58,53,10,27771139,262,1,288,13499,
825.583,12565,51.4824,7.39858,187.648,0,40.6179,1,32,-82,-6,12,58,54,10,27771139,262,1,288,13499,
826.563,12565,51.4824,7.39858,187.651,0,40.6179,1,32,-82,-6,12,58,54,10,27771139,262,1,288,13499,
827.572,12565,51.4824,7.39858,187.653,0,34.534,1,28,-84,-6,12,56,52,10,27771139,262,1,288,13499,
828.561,12565,51.4824,7.39858,187.631,0,36.7897,1,28,-84,-6,12,56,52,10,27771139,262,1,288,13499,
829.582,12576.1,51.4824,7.39867,187.398,6.99868,37.3742,1,30,-87,-5,12,53,50,10,27771139,262,1,288,13499,
830.587,12583.9,51.4825,7.39874,187.177,8.19689,36.5138,1,30,-87,-5,12,53,50,10,27771139,262,1,288,13499,
831.594,12592.6,51.4826,7.39881,187.077,8.93287,36.1111,1,22,-90,-6,10,50,46,10,27771139,262,1,288,13499,
832.573,12601.8,51.4826,7.39889,186.967,9.81511,35.7936,1,22,-90,-6,10,50,46,10,27771139,262,1,288,13499,
833.573,12613.1,51.4827,7.39898,186.812,10.1698,34.9579,1,14,-83,-5,2,57,48,10,27771139,262,1,288,13499,
834.583,12623.5,51.4828,7.39906,186.617,10.714,34.4156,1,14,-83,-5,2,57,48,10,27771139,262,1,288,13499,
835.571,12634.3,51.4829,7.39915,186.469,11.201,33.8044,1,14,-84,-6,2,56,51,10,27771139,262,1,288,13499,
836.555,12647,51.483,7.39924,186.62,12.0019,33.9438,1,14,-84,-6,2,56,51,10,27771139,262,1,288,13499,
837.561,12659.5,51.4831,7.39934,186.888,12.9058,33.5251,1,16,-87,-6,2,53,49,10,27771139,262,1,288,13499,
838.573,12672.8,51.4832,7.39944,187.02,13.0173,34.1242,1,16,-87,-6,2,53,49,10,27771139,262,1,288,13499,
839.549,12686.2,51.4833,7.39955,187.159,13.6298,33.5536,1,10,-87,-5,2,53,49,10,27771139,262,1,288,13499,
840.563,12700.4,51.4834,7.39966,187.347,13.9519,33.8601,1,10,-87,-5,2,53,49,10,27771139,262,1,288,13499,
841.558,12714.7,51.4835,7.39977,187.538,14.3892,34.1963,1,10,-90,-6,2,50,47,10,27771139,262,1,288,13499,
842.571,12729.1,51.4836,7.39988,187.443,14.7757,34.0555,1,10,-90,-6,2,50,47,10,27771139,262,1,288,13499,
843.577,12743.2,51.4837,7.4,187.063,14.9194,34.19,1,10,-92,-6,2,48,45,10,27771139,262,1,288,13499,
844.554,12759.2,51.4838,7.40013,186.818,14.5491,34.9929,1,10,-92,-6,2,48,45,10,27771139,262,1,288,13499,
845.563,12774.1,51.4839,7.40025,186.939,14.6388,35.3988,1,4,-95,-7,2,45,43,10,28365058,262,1,223,13499,
846.583,12788.7,51.484,7.40037,187.315,14.7972,36.4672,1,4,-95,-7,2,45,43,10,28365058,262,1,223,13499,
847.565,12803.9,51.4842,7.40051,187.612,15.1558,36.9286,1,10,-95,-7,2,45,43,10,28365058,262,1,223,13499,
848.613,12819.1,51.4843,7.40064,187.754,15.4892,37.8736,1,10,-95,-7,2,45,43,10,28365058,262,1,223,13499,
849.582,12835.9,51.4844,7.40079,188.388,16.0066,38.9078,1,10,-95,-7,2,45,43,10,28365058,262,1,223,13499,
850.584,12851.7,51.4845,7.40095,188.88,16.029,39.9504,1,13,-95,-7,8,45,43,9,28365058,262,1,223,13499,
851.565,12867.4,51.4846,7.4011,189.218,15.6812,40.5587,1,13,-95,-7,8,45,43,9,28365058,262,1,223,13499,
852.556,12882.2,51.4847,7.40125,189.184,15.3717,41.0608,1,7,-100,-7,9,40,38,9,28365058,262,1,223,13499,
853.558,12897.4,51.4848,7.4014,189.073,14.9779,41.4944,1,7,-100,-7,9,40,38,9,28365058,262,1,223,13499,
854.578,12911.8,51.4849,7.40154,188.857,14.6769,42.2029,1,9,-102,-8,8,38,37,9,28365058,262,1,223,13499,
855.562,12925.7,51.485,7.40168,188.573,14.4068,42.5991,1,9,-102,-8,8,38,37,9,28365058,262,1,223,13499,
856.562,12939.3,51.4851,7.40182,188.254,13.9682,42.355,1,-1,-101,-11,7,39,40,9,28365058,262,1,223,13499,
857.573,12952.5,51.4851,7.40196,187.751,13.674,43.3339,1,-1,-101,-11,7,39,40,9,28365058,262,1,223,13499,
858.56,12965.2,51.4852,7.4021,187.152,12.6863,44.3761,1,-2,-97,-8,8,43,41,9,28365058,262,1,223,13499,
859.583,12977.2,51.4853,7.40223,186.713,11.9551,45.4145,1,-2,-97,-8,8,43,41,9,28365058,262,1,223,13499,
860.586,12988.6,51.4853,7.40235,186.268,11.0684,46.692,1,8,-96,-6,7,44,41,9,28365058,262,1,223,13499,
861.574,12999.7,51.4854,7.40248,185.862,10.3492,47.9738,1,8,-96,-6,7,44,41,9,28365058,262,1,223,13499,
862.583,13009,51.4855,7.40258,185.641,9.27465,48.6014,1,2,-98,-9,9,42,41,9,28365058,262,1,223,13499,
863.575,13018.2,51.4855,7.40269,185.394,7.34495,46.2126,1,2,-98,-9,9,42,41,9,28365058,262,1,223,13499,
864.573,13026,51.4856,7.40275,185.214,6.9814,29.8204,1,-3,-95,-8,6,45,45,17,29391105,262,1,351,13499,
865.58,13032.8,51.4856,7.40277,184.952,7.13066,14.5337,1,-3,-95,-8,6,45,45,17,29391105,262,1,351,13499,
866.568,13039.7,51.4857,7.40278,184.597,7.46406,356.8,1,9,-91,-6,12,49,46,17,29391105,262,1,351,13499,
867.562,13046.3,51.4858,7.40275,184.304,7.56137,339.899,1,9,-91,-6,12,49,46,17,29391105,262,1,351,13499,
868.569,13053.8,51.4858,7.4027,184.273,8.13777,324.346,1,0,-102,-8,6,38,37,8,28365058,262,1,223,13499,
869.564,13062.5,51.4859,7.40263,184.436,8.97114,323.666,1,0,-102,-8,6,38,37,8,28365058,262,1,223,13499,
870.569,13072,51.4859,7.40254,184.459,9.40306,323.219,1,0,-101,-9,7,39,38,8,28365058,262,1,223,13499,
871.581,13081.7,51.486,7.40246,184.712,10.333,323.846,1,0,-101,-9,7,39,38,8,28365058,262,1,223,13499,
872.564,13092.3,51.4861,7.40237,184.932,11.196,325.211,1,3,-101,-12,7,39,43,8,28365058,262,1,223,13499,
873.559,13104.1,51.4862,7.40227,184.887,11.8559,326.352,1,3,-101,-12,7,39,43,8,28365058,262,1,223,13499,
874.581,13116.1,51.4863,7.40218,184.83,12.153,328.411,1,3,-101,-12,7,39,43,8,28365058,262,1,223,13499,
875.602,13129.8,51.4864,7.40209,184.74,12.2626,330.393,1,1,-98,-8,6,42,42,4,26385409,262,1,93,13499,
876.583,13141.6,51.4865,7.40201,184.802,12.5975,333.158,1,1,-98,-8,6,42,42,4,26385409,262,1,93,13499,
877.576,13153.6,51.4866,7.40195,184.854,12.4667,335.353,1,8,-96,-8,11,44,42,4,26385409,262,1,93,13499,
878.565,13166,51.4867,7.40189,184.811,12.663,337.359,1,8,-96,-8,11,44,42,4,26385409,262,1,93,13499,
879.564,13178.4,51.4868,7.40184,184.446,13.2113,340.574,1,8,-97,-7,8,43,41,4,26385409,262,1,93,13499,
880.556,13191.9,51.4869,7.40179,183.919,13.6583,343.194,1,8,-97,-7,8,43,41,4,26385409,262,1,93,13499,
881.561,13205.6,51.487,7.40176,183.456,13.4751,345.284,1,8,-85,-5,6,55,48,16,27771139,262,1,288,13499,
882.573,13218.8,51.4871,7.40172,182.988,13.429,347.839,1,8,-85,-5,6,55,48,16,27771139,262,1,288,13499,
883.572,13231.7,51.4873,7.4017,182.218,13.417,350.501,1,17,-85,-6,15,55,50,16,27771139,262,1,288,13499,
884.559,13245.3,51.4874,7.40169,181.674,13.6525,352.984,1,17,-85,-6,15,55,50,16,27771139,262,1,288,13499,
885.577,13259.6,51.4875,7.40168,180.949,13.7521,355.085,1,10,-83,-6,6,57,54,2,26385409,262,1,93,13499,
886.557,13274.1,51.4876,7.40168,180.256,13.9725,356.961,1,10,-83,-6,6,57,54,2,26385409,262,1,93,13499,
887.559,13289,51.4878,7.40168,179.816,13.8547,357.949,1,16,-86,-6,14,54,50,2,26385409,262,1,93,13499,
888.573,13303,51.4879,7.40169,179.436,13.647,358.799,1,16,-86,-6,14,54,50,2,26385409,262,1,93,13499,
889.558,13317,51.488,7.40169,178.924,13.1292,359.538,1,17,-87,-6,11,53,51,2,26385409,262,1,93,13499,
890.559,13330.1,51.4881,7.4017,178.49,12.9475,359.902,1,17,-87,-6,11,53,51,2,26385409,262,1,93,13499,
891.555,13342.7,51.4883,7.40171,177.981,12.7843,0.346935,1,19,-83,-6,14,57,53,2,26385409,262,1,93,13499,
892.585,13355.6,51.4884,7.40172,177.304,12.4399,0.623181,1,19,-83,-6,14,57,53,2,26385409,262,1,93,13499,
893.614,13367.4,51.4885,7.40173,176.697,11.8055,359.768,1,21,-81,-6,13,59,55,2,26385409,262,1,93,13499,
894.576,13377.5,51.4886,7.40173,176.462,11.3662,0.184814,1,21,-81,-6,13,59,55,2,26385409,262,1,93,13499,
895.573,13389,51.4887,7.40174,176.203,11.358,359.993,1,16,-83,-6,14,57,53,2,26385409,262,1,93,13499,
896.638,13399.7,51.4888,7.40174,176.091,11.176,359.47,1,16,-83,-6,14,57,53,2,26385409,262,1,93,13499,
897.558,13410.9,51.4889,7.40174,176.12,11.7911,359.935,1,8,-84,-9,12,56,55,2,26385409,262,1,93,13499,
898.559,13423,51.489,7.40174,175.877,11.4215,0.430731,1,8,-84,-9,12,56,55,2,26385409,262,1,93,13499,
899.584,13432.8,51.4891,7.40175,175.755,10.0981,1.38422,1,8,-84,-9,12,56,55,2,26385409,262,1,93,13499,
900.561,13442.6,51.4892,7.40175,175.703,9.46349,0.76142,1,8,-82,-7,6,58,56,2,26385410,262,1,94,13499,
901.572,13451.7,51.4892,7.40176,175.353,7.76876,1.69679,1,8,-82,-7,6,58,56,2,26385410,262,1,94,13499,
902.561,13458,51.4893,7.40177,175.231,6.14141,3.15654,1,28,-69,-5,15,71,63,2,26385410,262,1,94,13499,
903.564,13464.5,51.4893,7.40181,175.094,5.01022,33.7778,1,28,-69,-5,15,71,63,2,26385410,262,1,94,13499,
904.56,13470.6,51.4894,7.40188,174.891,6.21893,53.7309,1,28,-76,-6,15,64,61,2,26385410,262,1,94,13499,
905.579,13476.3,51.4894,7.40196,174.754,6.83469,72.5527,1,28,-76,-6,15,64,61,2,26385410,262,1,94,13499,
906.572,13483.4,51.4894,7.40206,174.505,7.93392,90.5186,1,28,-67,-5,15,73,63,2,26385410,262,1,94,13499,
907.568,13491,51.4894,7.40217,174.415,8.50612,89.9548,1,28,-67,-5,15,73,63,2,26385410,262,1,94,13499,
908.576,13500.9,51.4894,7.40232,174.837,9.0339,89.9548,1,30,-69,-5,13,71,63,2,26385410,262,1,94,13499,
909.561,13510.4,51.4894,7.40245,175.274,9.70021,89.8931,1,30,-69,-5,13,71,63,2,26385410,262,1,94,13499,
910.572,13519.6,51.4894,7.40259,175.511,10.5759,90.5361,1,19,-75,-6,15,65,63,2,26385410,262,1,94,13499,
911.572,13531,51.4894,7.40275,175.614,11.471,91.1741,1,19,-75,-6,15,65,63,2,26385410,262,1,94,13499,
912.568,13542.7,51.4894,7.40292,175.85,12.3311,91.3809,1,26,-78,-6,15,62,60,2,26385410,262,1,94,13499,
913.574,13555.4,51.4894,7.4031,176.279,12.8387,90.9793,1,26,-78,-6,15,62,60,2,26385410,262,1,94,13499,
914.564,13569.4,51.4894,7.40331,176.346,13.5324,91.6242,1,22,-75,-6,2,65,61,2,26385410,262,1,94,13499,
915.587,13583.9,51.4894,7.40352,176.457,13.3546,90.9982,1,22,-75,-6,2,65,61,2,26385410,262,1,94,13499,
916.565,13597.2,51.4894,7.40371,176.673,13.2617,91.1516,1,26,-73,-6,2,67,63,2,26385410,262,1,94,13499,
917.558,13610,51.4894,7.40389,177.016,13.2127,91.4646,1,26,-73,-6,2,67,63,2,26385410,262,1,94,13499,
918.571,13622.9,51.4894,7.40408,177.444,12.8747,90.8727,1,15,-77,-8,13,63,62,1,26385410,262,1,94,13499,
919.576,13636.2,51.4894,7.40427,177.833,12.9304,90.905,1,15,-77,-8,13,63,62,1,26385410,262,1,94,13499,
920.577,13649,51.4894,7.40445,177.977,12.8889,91.161,1,14,-74,-7,6,66,63,1,26385408,262,1,95,13499,
921.579,13662.1,51.4894,7.40464,178.218,12.6151,90.7607,1,14,-74,-7,6,66,63,1,26385408,262,1,95,13499,
922.565,13675.1,51.4894,7.40483,178.299,12.3836,90.9115,1,33,-73,-6,15,67,63,1,26385408,262,1,95,13499,
923.584,13687.4,51.4894,7.40501,178.551,12.2329,90.2429,1,33,-73,-6,15,67,63,1,26385408,262,1,95,13499,
924.577,13699,51.4894,7.40518,178.723,12.0461,89.4827,1,14,-75,-5,10,65,62,1,26385408,262,1,95,13499,
925.579,13710.9,51.4894,7.40535,178.832,12.0609,88.1053,1,14,-75,-5,10,65,62,1,26385408,262,1,95,13499,
926.563,13722.6,51.4894,7.40552,178.501,12.0913,86.2364,1,14,-75,-5,10,65,62,1,26385408,262,1,95,13499,
927.577,13734.1,51.4894,7.40568,177.708,12.0792,84.4617,1,25,-72,-5,14,68,63,1,26385408,262,1,95,13499,
928.551,13745.8,51.4894,7.40585,177.018,12.1647,82.7769,1,25,-72,-5,14,68,63,1,26385408,262,1,95,13499,
929.573,13758.4,51.4894,7.40603,176.687,12.715,81.696,1,21,-74,-6,13,66,63,1,26385408,262,1,95,13499,
930.576,13771.8,51.4894,7.40622,176.534,12.922,80.5922,1,21,-74,-6,13,66,63,1,26385408,262,1,95,13499,
931.563,13784.7,51.4895,7.4064,176.508,12.6808,79.7477,1,20,-76,-5,14,64,60,1,26385408,262,1,95,13499,
932.562,13797.7,51.4895,7.40658,176.62,12.6936,79.2633,1,20,-76,-5,14,64,60,1,26385408,262,1,95,13499,
933.576,13811.2,51.4895,7.40678,176.419,12.6691,78.8501,1,21,-77,-6,13,63,60,1,26385408,262,1,95,13499,
934.562,13823.1,51.4895,7.40694,176.616,12.5658,77.9933,1,21,-77,-6,13,63,60,1,26385408,262,1,95,13499,
935.583,13835.2,51.4896,7.40711,176.584,12.7708,78.4095,1,15,-76,-7,2,64,60,1,26385408,262,1,95,13499,
936.57,13847.1,51.4896,7.40728,176.308,12.4734,78.3097,1,15,-76,-7,2,64,60,1,26385408,262,1,95,13499,
937.573,13860,51.4896,7.40746,176.292,12.3893,78.4501,1,16,-71,-4,2,69,63,1,26385408,262,1,95,13499,
938.623,13872,51.4897,7.40763,176.026,12.2626,78.6538,1,16,-71,-4,2,69,63,1,26385408,262,1,95,13499,
939.558,13884.2,51.4897,7.4078,175.766,12.0955,78.4701,1,16,-75,-6,12,65,60,3,26385408,262,1,95,13499,
940.568,13896.9,51.4897,7.40798,175.811,11.7916,78.1675,1,16,-75,-6,12,65,60,3,26385408,262,1,95,13499,
941.566,13908.1,51.4897,7.40813,175.736,11.0719,78.5101,1,19,-76,-5,12,64,60,3,26385408,262,1,95,13499,
942.566,13919.9,51.4897,7.4083,175.942,10.1325,78.7694,1,19,-76,-5,12,64,60,3,26385408,262,1,95,13499,
943.564,13929.6,51.4898,7.40844,175.91,9.85474,77.9106,1,20,-77,-5,12,63,60,3,26385408,262,1,95,13499,
944.575,13940.1,51.4898,7.40859,175.888,10.1088,77.3955,1,20,-77,-5,12,63,60,3,26385408,262,1,95,13499,
945.555,13950.1,51.4898,7.40873,175.912,10.3695,77.1693,1,15,-78,-6,10,62,56,3,26385408,262,1,95,13499,
946.558,13961.5,51.4898,7.40889,176.159,10.7836,77.5809,1,15,-78,-6,10,62,56,3,26385408,262,1,95,13499,
947.562,13972.2,51.4898,7.40904,176.054,11.3236,78.2848,1,15,-78,-6,10,62,56,3,26385408,262,1,95,13499,
948.571,13982.5,51.4899,7.40919,175.624,11.3744,78.1432,1,23,-76,-6,12,64,62,3,26385408,262,1,95,13499,
949.56,13993,51.4899,7.40933,174.761,11.3813,77.9264,1,23,-76,-6,12,64,62,3,26385408,262,1,95,13499,
950.558,14004.8,51.4899,7.4095,173.889,11.3897,78.2581,1,16,-80,-6,12,60,58,3,26385408,262,1,95,13499,
951.558,14016,51.4899,7.40966,173.031,11.3874,78.384,1,16,-80,-6,12,60,58,3,26385408,262,1,95,13499,
952.57,14028.3,51.49,7.40983,172.767,11.4366,78.9331,1,14,-79,-5,10,61,58,3,26385408,262,1,95,13499,
953.587,14039.6,51.49,7.40999,172.471,11.3632,79.1896,1,14,-79,-5,10,61,58,3,26385408,262,1,95,13499,
954.571,14050.8,51.49,7.41015,172.114,11.3199,78.8673,1,19,-79,-6,12,61,59,3,26385408,262,1,95,13499,
955.565,14061.8,51.49,7.41031,171.781,11.2719,78.0039,1,19,-79,-6,12,61,59,3,26385408,262,1,95,13499,
956.557,14073.2,51.49,7.41047,171.29,11.0864,77.609,1,21,-79,-6,2,61,58,3,26385408,262,1,95,13499,
957.561,14083.3,51.4901,7.41061,170.429,10.5321,77.4497,1,21,-79,-6,2,61,58,3,26385408,262,1,95,13499,
958.562,14092.7,51.4901,7.41075,169.521,10.4858,78.0542,1,14,-81,-6,2,59,57,3,26385408,262,1,95,13499,
959.58,14102.4,51.4901,7.41088,168.197,10.1708,78.4244,1,14,-81,-6,2,59,57,3,26385408,262,1,95,13499,
960.566,14112.4,51.4901,7.41102,167.311,10.0769,77.5704,1,15,-83,-6,2,57,55,3,26385408,262,1,95,13499,
961.58,14122.5,51.4901,7.41117,166.526,10.0048,78.0639,1,15,-83,-6,2,57,55,3,26385408,262,1,95,13499,
962.563,14132.2,51.4901,7.4113,165.584,9.82592,78.2131,1,14,-89,-6,2,51,49,3,26385408,262,1,95,13499,
