0.124,0,51.4902,7.41118,171.135,12.4366,76.7948,1,10,-84,-5,4,56,52,6,26385408,262,1,95,13499,
1.321,12.6855,51.4902,7.41136,170.382,12.7871,77.1587,1,25,-86,-6,11,54,52,6,26385408,262,1,95,13499,
2.292,26.5038,51.4902,7.41156,169.333,13.2799,77.1451,1,25,-86,-6,11,54,52,6,26385408,262,1,95,13499,
3.292,39.8202,51.4903,7.41175,168.67,13.464,78.0492,1,10,-86,-5,10,54,51,6,26385408,262,1,95,13499,
4.304,53.7855,51.4903,7.41195,168.826,13.5642,77.4113,1,10,-86,-5,10,54,51,6,26385408,262,1,95,13499,
5.302,67.023,51.4903,7.41213,169.125,13.8486,77.6535,1,24,-90,-7,10,50,48,6,26385408,262,1,95,13499,
6.289,79.6929,51.4903,7.41231,169.108,14.1668,77.1788,1,24,-90,-7,10,50,48,6,26385408,262,1,95,13499,
7.306,93.6723,51.4904,7.41251,169.009,14.3068,78.0408,1,19,-89,-6,13,51,48,6,26385408,262,1,95,13499,
8.29,108.402,51.4904,7.41271,169.453,14.3308,79.0111,1,19,-89,-6,13,51,48,6,26385408,262,1,95,13499,
9.282,124.797,51.4904,7.41294,169.644,14.0158,78.8455,1,21,-87,-6,11,53,50,6,26385408,262,1,95,13499,
10.295,140.467,51.4905,7.41316,169.588,14.1613,78.4098,1,21,-87,-6,11,53,50,6,26385408,262,1,95,13499,
11.297,154.53,51.4905,7.41336,169.519,14.089,78.5931,1,10,-88,-6,12,52,48,6,26385408,262,1,95,13499,
12.305,167.531,51.4905,7.41354,169.26,14.1244,78.2785,1,10,-88,-6,12,52,48,6,26385408,262,1,95,13499,
13.304,167.531,51.4897,7.40731,nan,14.1622,78.3091,1,22,-87,-5,12,53,50,6,26385408,262,1,95,13499,
14.283,167.531,51.4906,7.41394,168.105,14.2386,78.3865,1,22,-87,-5,12,53,50,6,26385408,262,1,95,13499,
15.283,181.925,51.4906,7.41414,167.615,14.2274,77.5526,1,7,-90,-7,10,50,48,6,26385408,262,1,95,13499,
16.308,196.424,51.4906,7.41434,167.15,14.5636,77.8906,1,7,-90,-7,10,50,48,6,26385408,262,1,95,13499,
17.302,211.051,51.4906,7.41455,166.502,14.5308,78.5676,1,13,-85,-5,2,55,52,6,26385408,262,1,95,13499,
18.288,224.526,51.4907,7.41474,165.648,14.3351,78.9885,1,13,-85,-5,2,55,52,6,26385408,262,1,95,13499,
19.287,238.932,51.4907,7.41495,164.546,14.0683,79.5226,1,9,-88,-7,2,52,50,6,26385408,262,1,95,13499,
20.303,251.505,51.4907,7.41513,163.394,13.9691,80.7712,1,9,-88,-7,2,52,50,6,26385408,262,1,95,13499,
21.308,264.892,51.4907,7.41532,162.242,13.7869,82.2215,1,16,-87,-8,2,53,52,6,29391105,262,1,351,13499,
22.302,279.088,51.4907,7.41553,161.432,13.7097,83.6729,1,16,-87,-8,2,53,52,6,29391105,262,1,351,13499,
23.292,292.648,51.4907,7.41572,160.726,13.4751,85.7872,1,16,-83,-7,2,57,54,6,29391105,262,1,351,13499,
24.282,306.253,51.4907,7.41592,159.733,13.2269,88.2358,1,16,-83,-7,2,57,54,6,29391105,262,1,351,13499,
25.292,319.19,51.4907,7.41611,158.712,12.7129,90.5885,1,16,-82,-6,2,58,55,6,29391105,262,1,351,13499,
26.287,331.136,51.4907,7.41628,157.737,11.2568,93.1856,1,16,-82,-6,2,58,55,6,29391105,262,1,351,13499,
27.301,341.433,51.4907,7.41642,156.873,9.72933,96.1322,1,15,-83,-6,2,57,53,6,29391105,262,1,351,13499,
28.299,352.717,51.4906,7.41658,156.363,9.20638,98.5273,1,15,-83,-6,2,57,53,6,29391105,262,1,351,13499,
29.307,362.142,51.4906,7.41672,155.916,7.76012,100.657,1,15,-83,-6,2,57,53,6,29391105,262,1,351,13499,
30.306,368.283,51.4906,7.4168,155.887,6.46896,101.452,1,17,-83,-6,2,57,54,6,29391105,262,1,351,13499,
31.294,371.721,51.4906,7.41685,156.319,4.37507,100.315,1,17,-83,-6,2,57,54,6,29391105,262,1,351,13499,
32.312,374.624,51.4906,7.41689,156.389,2.04207,99.5523,1,24,-83,-7,2,57,55,6,29391105,262,1,351,13499,
33.314,374.624,51.4921,7.42188,nan,0,99.5523,1,24,-83,-7,2,57,55,6,29391105,262,1,351,13499,
34.312,374.624,51.4906,7.41689,156.401,0,99.5523,1,28,-78,-6,2,62,59,6,29391105,262,1,351,13499,
35.31,374.624,51.4906,7.41689,156.405,0,99.5523,1,28,-78,-6,2,62,59,6,29391105,262,1,351,13499,
36.296,374.624,51.4906,7.41689,156.405,0,99.5523,1,29,-74,-6,2,66,63,6,29391105,262,1,351,13499,
37.281,374.624,51.4906,7.41689,156.403,0,99.5523,1,29,-74,-6,2,66,63,6,29391105,262,1,351,13499,
38.306,374.624,51.4906,7.41689,156.4,0,99.5523,1,28,-74,-6,2,66,63,6,29391105,262,1,351,13499,
39.294,374.624,51.4906,7.41689,156.396,0,99.5523,1,28,-74,-6,2,66,63,6,29391105,262,1,351,13499,
40.303,374.624,51.4906,7.41689,156.396,0,99.5523,1,29,-74,-7,2,66,63,6,29391105,262,1,351,13499,
41.294,374.624,51.4906,7.41689,156.399,0,99.5523,1,29,-74,-7,2,66,63,6,29391105,262,1,351,13499,
42.3,374.624,51.4906,7.41689,156.403,0,99.5523,1,29,-74,-6,2,66,63,6,29391105,262,1,351,13499,
43.287,374.624,51.4906,7.41689,156.408,0,99.5523,1,29,-74,-6,2,66,63,6,29391105,262,1,351,13499,
44.307,374.624,51.4906,7.41689,156.415,0,99.5523,1,28,-74,-7,2,66,63,6,29391105,262,1,351,13499,
45.308,374.624,51.4906,7.41689,156.421,0,99.5523,1,28,-74,-7,2,66,63,6,29391105,262,1,351,13499,
46.29,374.624,51.4906,7.41689,156.427,0,99.5523,1,28,-74,-7,2,66,63,6,29391105,262,1,351,13499,
47.301,374.624,51.4906,7.41689,156.433,0,99.5523,1,28,-74,-7,2,66,63,6,29391105,262,1,351,13499,
48.299,374.624,51.4906,7.41689,156.438,0,99.5523,1,28,-74,-6,2,66,63,6,29391105,262,1,351,13499,
49.297,374.624,51.4906,7.41689,156.443,0,99.5523,1,28,-74,-6,2,66,63,6,29391105,262,1,351,13499,
50.291,374.624,51.4906,7.41689,156.449,0,99.5523,1,29,-74,-6,2,66,63,6,29391105,262,1,351,13499,
51.302,374.624,51.4906,7.41689,156.454,0,99.5523,1,29,-74,-6,2,66,63,6,29391105,262,1,351,13499,
52.297,374.624,51.4906,7.41689,156.458,0,99.5523,1,29,-74,-6,2,66,63,6,29391105,262,1,351,13499,
53.378,374.624,51.4921,7.42188,nan,0,99.5523,1,29,-74,-6,2,66,63,6,29391105,262,1,351,13499,
54.309,374.624,51.4906,7.41689,156.465,0,99.5523,1,29,-74,-6,2,66,63,6,29391105,262,1,351,13499,
55.301,374.624,51.4906,7.41689,156.47,0,99.5523,1,28,-73,-5,15,67,63,5,29391105,262,1,351,13499,
56.31,374.624,51.4906,7.41689,156.475,0,99.5523,1,28,-73,-5,15,67,63,5,29391105,262,1,351,13499,
57.305,374.624,51.4906,7.41689,156.48,0,99.5523,1,40,-73,-6,15,67,63,5,29391105,262,1,351,13499,
58.307,374.624,51.4906,7.41689,156.488,0,99.5523,1,40,-73,-6,15,67,63,5,29391105,262,1,351,13499,
59.308,374.624,51.4906,7.41689,156.495,0,99.5523,1,40,-73,-7,15,67,63,5,29391105,262,1,351,13499,
60.29,374.624,51.4906,7.41689,156.503,0,99.5523,1,40,-73,-7,15,67,63,5,29391105,262,1,351,13499,
61.299,374.624,51.4906,7.41689,156.511,0,99.5523,1,39,-73,-9,15,67,63,5,29391105,262,1,351,13499,
62.304,374.624,51.4906,7.41689,156.52,0,99.5523,1,39,-73,-9,15,67,63,5,29391105,262,1,351,13499,
63.296,374.624,51.4906,7.41689,156.53,0,99.5523,1,39,-73,-5,15,67,63,5,29391105,262,1,351,13499,
64.288,374.624,51.4906,7.41689,156.592,0,98.3035,1,39,-73,-5,15,67,63,5,29391105,262,1,351,13499,
65.294,381.825,51.4906,7.41699,156.783,0,98.8096,1,39,-74,-6,12,66,62,5,29391105,262,1,351,13499,
66.302,388.856,51.4906,7.41709,156.782,5.61483,96.0074,1,39,-74,-6,12,66,62,5,29391105,262,1,351,13499,
67.296,394.773,51.4906,7.41717,156.729,5.48553,60.0056,1,19,-84,-6,10,56,52,5,29391105,262,1,351,13499,
68.294,401.463,51.4907,7.41722,157.058,6.49186,27.8483,1,19,-84,-6,10,56,52,5,29391105,262,1,351,13499,
69.308,406.962,51.4907,7.41723,157.024,6.64957,8.9381,1,27,-87,-6,9,53,50,5,29391105,262,1,351,13499,
70.295,413.839,51.4908,7.41721,156.639,8.05416,352.034,1,27,-87,-6,9,53,50,5,29391105,262,1,351,13499,
71.308,420.5,51.4908,7.41719,156.069,7.43739,350.971,1,9,-91,-7,2,49,47,5,29391105,262,1,351,13499,
72.293,426.722,51.4909,7.41719,155.816,6.21815,9.68104,1,9,-91,-7,2,49,47,5,29391105,262,1,351,13499,
73.297,426.722,51.4902,7.41588,nan,5.97292,49.4914,1,8,-90,-6,2,50,46,5,29391105,262,1,351,13499,
74.292,426.722,51.4909,7.41732,155.989,6.28736,77.5296,1,8,-90,-6,2,50,46,5,29391105,262,1,351,13499,
75.299,433.867,51.4909,7.41743,156.524,7.09674,91.9397,1,8,-90,-6,2,50,46,5,29391105,262,1,351,13499,
76.295,441.798,51.4909,7.41754,156.85,8.57439,92.4117,1,8,-91,-7,2,49,46,5,29391105,262,1,351,13499,
77.292,451.671,51.4909,7.41768,156.855,9.82344,93.003,1,8,-91,-7,2,49,46,5,29391105,262,1,351,13499,
78.294,462.154,51.4909,7.41783,156.681,10.1344,92.9563,1,6,-93,-7,2,47,45,5,29391105,262,1,351,13499,
79.316,472.409,51.4909,7.41798,156.449,10.2013,93.3705,1,6,-93,-7,2,47,45,5,29391105,262,1,351,13499,
80.288,483.055,51.4909,7.41813,156.192,10.3007,94.8357,1,10,-96,-10,2,44,45,5,29391105,262,1,351,13499,
81.292,493.711,51.4909,7.41829,155.891,10.2141,97.0167,1,10,-96,-10,2,44,45,5,29391105,262,1,351,13499,
82.294,502.929,51.4909,7.41842,155.463,10.4208,100.662,1,10,-95,-10,2,45,46,5,29391105,262,1,351,13499,
83.298,512.709,51.4908,7.41854,155.116,10.4388,116.128,1,10,-95,-10,2,45,46,5,29391105,262,1,351,13499,
84.309,522.402,51.4908,7.41866,154.556,10.3416,119.236,1,4,-96,-9,2,44,45,5,29391105,262,1,351,13499,
85.317,532.972,51.4907,7.41878,153.813,10.5129,134.194,1,4,-96,-9,2,44,45,5,29391105,262,1,351,13499,
86.3,543.757,51.4906,7.41889,153.341,10.6223,134.633,1,-1,-98,-9,2,42,43,5,29391105,262,1,351,13499,
87.306,554.405,51.4906,7.419,152.915,10.4519,134.282,1,-1,-98,-9,2,42,43,5,29391105,262,1,351,13499,
88.292,565.889,51.4905,7.41912,152.385,10.4457,134.399,1,-4,-103,-10,2,37,38,5,29391105,262,1,351,13499,
89.292,577.397,51.4904,7.41924,152.087,11.2568,135.879,1,-4,-103,-10,2,37,38,5,29391105,262,1,351,13499,
90.305,588.08,51.4904,7.41935,152.238,11.0885,135.995,1,1,-101,-8,2,39,38,5,28365056,262,1,222,13499,
91.306,599.917,51.4903,7.41947,152.648,11.2852,136.344,1,1,-101,-8,2,39,38,5,28365056,262,1,222,13499,
92.292,611.946,51.4902,7.41959,153.023,11.4102,136.699,1,4,-100,-8,2,40,38,5,28365056,262,1,222,13499,
93.291,611.946,51.4893,7.41986,nan,11.4108,137.4,1,4,-100,-8,2,40,38,5,28365056,262,1,222,13499,
94.301,611.946,51.49,7.4198,152.931,10.9118,138.201,1,4,-101,-8,2,39,38,5,28365056,262,1,222,13499,
95.29,621.903,51.49,7.4199,152.544,10.798,138.611,1,4,-101,-8,2,39,38,5,28365056,262,1,222,13499,
96.289,633.49,51.4899,7.42,152.056,10.7076,139.333,1,4,-100,-9,2,40,40,5,28365056,262,1,222,13499,
97.292,644.747,51.4898,7.4201,151.662,10.6322,141.195,1,4,-100,-9,2,40,40,5,28365056,262,1,222,13499,
98.298,655.303,51.4897,7.42018,150.495,10.7068,142.663,1,4,-100,-9,2,40,40,5,28365056,262,1,222,13499,
99.303,665.372,51.4897,7.42027,149.196,11.098,143.773,1,1,-99,-9,2,41,41,5,28365056,262,1,222,13499,
100.306,675.787,51.4896,7.42036,148.351,10.6355,144.45,1,1,-99,-9,2,41,41,5,28365056,262,1,222,13499,
101.387,684.051,51.4895,7.42043,147.727,10.3351,144.737,1,5,-98,-9,2,42,41,5,28365056,262,1,222,13499,
102.312,694.573,51.4895,7.42052,147.099,9.72595,142.975,1,5,-98,-9,2,42,41,5,28365056,262,1,222,13499,
103.291,703.575,51.4894,7.42063,147.063,8.93658,116.142,1,3,-100,-7,9,40,37,13,28365056,262,1,222,13499,
104.29,710.808,51.4894,7.42073,147.233,8.56413,114.442,1,3,-100,-7,9,40,37,13,28365056,262,1,222,13499,
105.299,718.486,51.4894,7.42083,147.346,7.53071,110.36,1,3,-104,-8,6,36,35,13,28365056,262,1,222,13499,
106.306,724.823,51.4893,7.42092,147.171,5.05735,106.885,1,3,-104,-8,6,36,35,13,28365056,262,1,222,13499,
107.285,728.877,51.4893,7.42098,147.128,3.43147,104.962,1,4,-104,-8,6,36,34,13,28365056,262,1,222,13499,
108.296,731.847,51.4893,7.421,147.119,3.34,140.814,1,4,-104,-8,6,36,34,13,28365056,262,1,222,13499,
109.311,736.008,51.4893,7.42102,147.14,4.68542,173.435,1,1,-104,-10,8,36,38,13,28365056,262,1,222,13499,
110.305,740.93,51.4892,7.42101,146.917,5.25418,196.344,1,1,-104,-10,8,36,38,13,28365056,262,1,222,13499,
111.304,746.239,51.4892,7.42099,146.846,5.51708,195.685,1,1,-102,-9,8,38,39,13,28365056,262,1,222,13499,
112.3,753.601,51.4891,7.42096,146.937,6.39813,195.226,1,1,-102,-9,8,38,39,13,28365056,262,1,222,13499,
113.293,753.601,51.4891,7.42235,nan,6.69527,195.24,1,1,-100,-8,7,40,40,13,28365056,262,1,222,13499,
114.305,753.601,51.489,7.4209,146.314,6.6619,194.902,1,1,-100,-8,7,40,40,13,28365056,262,1,222,13499,
115.295,762.208,51.4889,7.42087,145.656,7.37246,194.297,1,-1,-98,-10,7,42,43,13,28365056,262,1,222,13499,
116.303,770.719,51.4889,7.42084,144.743,7.14384,193.088,1,-1,-98,-10,7,42,43,13,28365056,262,1,222,13499,
117.302,777.176,51.4888,7.42082,143.573,5.77913,192.168,1,-6,-94,-9,4,46,46,13,28365056,262,1,222,13499,
118.3,783.375,51.4887,7.42081,142.922,5.69861,189.18,1,-6,-94,-9,4,46,46,13,28365056,262,1,222,13499,
119.283,790.969,51.4887,7.42076,142.405,5.36515,207.034,1,8,-89,-7,11,51,51,9,29391105,262,1,351,13499,
120.312,795.786,51.4886,7.42073,141.657,4.86824,206.555,1,8,-89,-7,11,51,51,9,29391105,262,1,351,13499,
121.306,799.429,51.4886,7.42074,141.612,3.8494,163.676,1,16,-90,-8,9,50,49,9,29391105,262,1,351,13499,
122.281,804.58,51.4886,7.42079,141.565,4.11641,134.253,1,16,-90,-8,9,50,49,9,29391105,262,1,351,13499,
123.298,810.553,51.4886,7.42087,141.53,6.66426,102.548,1,16,-90,-8,9,50,49,9,29391105,262,1,351,13499,
124.286,819.994,51.4885,7.421,142.058,7.17707,99.6636,1,4,-91,-8,6,49,48,9,29391105,262,1,351,13499,
125.289,827.851,51.4885,7.42112,142.817,8.10547,97.7267,1,4,-91,-8,6,49,48,9,29391105,262,1,351,13499,
126.285,834.216,51.4885,7.42121,143.372,7.44385,99.3803,1,-1,-92,-8,9,48,47,9,29391105,262,1,351,13499,
127.304,841.227,51.4885,7.4213,144.125,7.99313,112.22,1,-1,-92,-8,9,48,47,9,29391105,262,1,351,13499,
128.302,849.55,51.4885,7.42141,144.616,8.59473,125.231,1,-1,-93,-9,8,47,48,9,29391105,262,1,351,13499,
129.286,858.27,51.4884,7.42151,144.604,9.03691,126.136,1,-1,-93,-9,8,47,48,9,29391105,262,1,351,13499,
130.286,867.827,51.4884,7.42162,144.717,9.48829,127.735,1,15,-93,-8,6,47,46,9,29391105,262,1,351,13499,
131.305,876.905,51.4883,7.42173,144.626,9.5128,129.043,1,15,-93,-8,6,47,46,9,29391105,262,1,351,13499,
132.294,887.074,51.4883,7.42184,144.893,8.92228,129.565,1,3,-95,-9,9,45,45,9,29391105,262,1,351,13499,
133.255,895.46,51.4882,7.42194,145.759,8.14708,128.094,1,3,-95,-9,9,45,45,9,29391105,262,1,351,13499,
134.325,903.648,51.4882,7.42204,146.482,9.1988,124.449,1,0,-97,-8,2,43,42,9,29391105,262,1,351,13499,
135.3,912.57,51.4882,7.42217,146.63,9.54049,107.396,1,0,-97,-8,2,43,42,9,29391105,262,1,351,13499,
136.286,922.037,51.4881,7.4223,146.72,10.4369,106.753,1,-1,-97,-10,2,43,43,9,29391105,262,1,351,13499,
137.307,932.337,51.4881,7.42244,146.644,10.4586,106.331,1,-1,-97,-10,2,43,43,9,29391105,262,1,351,13499,
138.301,942.844,51.4881,7.42259,146.163,10.0091,105.543,1,1,-97,-9,2,43,42,9,29391105,262,1,351,13499,
139.297,952.669,51.4881,7.42272,145.309,10.2144,105.731,1,1,-97,-9,2,43,42,9,29391105,262,1,351,13499,
140.297,962.488,51.488,7.42286,144.416,10.0109,104.846,1,-6,-99,-10,2,41,40,9,29391105,262,1,351,13499,
141.282,972.782,51.488,7.423,143.915,9.67225,105.358,1,-6,-99,-10,2,41,40,9,29391105,262,1,351,13499,
142.309,982.877,51.488,7.42314,143.584,9.46509,104.945,1,9,-99,-9,2,41,41,9,28365056,262,1,222,13499,
143.306,992.728,51.488,7.42328,143.458,9.25646,105.697,1,9,-99,-9,2,41,41,9,28365056,262,1,222,13499,
144.283,1001.43,51.4879,7.4234,143.241,8.7881,107.413,1,9,-96,-7,2,44,42,9,28365056,262,1,222,13499,
145.296,1011.24,51.4879,7.42353,143.297,9.10486,109.661,1,9,-96,-7,2,44,42,9,28365056,262,1,222,13499,
146.312,1019.93,51.4879,7.42365,143.612,8.76035,112.525,1,5,-95,-8,2,45,44,9,28365056,262,1,222,13499,
147.323,1029.87,51.4878,7.42376,143.879,9.50196,126.971,1,5,-95,-8,2,45,44,9,28365056,262,1,222,13499,
148.291,1040.52,51.4878,7.42388,144.346,10.5049,129.816,1,11,-96,-8,2,44,43,9,28365056,262,1,222,13499,
149.289,1051.14,51.4877,7.42399,144.449,10.0514,132.406,1,11,-96,-8,2,44,43,9,28365056,262,1,222,13499,
150.286,1062.4,51.4876,7.4241,144.605,10.5559,136.252,1,7,-96,-8,2,44,43,9,28365056,262,1,222,13499,
151.292,1072.18,51.4876,7.42419,144.469,10.2607,138.979,1,7,-96,-8,2,44,43,9,28365056,262,1,222,13499,
152.308,1083.48,51.4875,7.42429,143.78,10.0598,140.63,1,7,-96,-8,2,44,43,9,28365056,262,1,222,13499,
153.29,1093.61,51.4874,7.42436,142.786,9.96321,143.052,1,15,-94,-7,2,46,44,9,28365056,262,1,222,13499,
154.29,1103.73,51.4873,7.42444,142.001,9.8995,144.026,1,15,-94,-7,2,46,44,9,28365056,262,1,222,13499,
155.306,1113.89,51.4872,7.42452,141.182,9.57378,143.442,1,4,-97,-7,10,43,41,14,28365056,262,1,222,13499,
156.281,1122.9,51.4872,7.42459,140.315,10.0717,142.077,1,4,-97,-7,10,43,41,14,28365056,262,1,222,13499,
157.285,1132.7,51.4871,7.42468,140.198,10.2002,140.32,1,5,-96,-7,10,44,42,14,28365056,262,1,222,13499,
158.311,1143.19,51.487,7.42478,140.386,10.5144,139.411,1,5,-96,-7,10,44,42,14,28365056,262,1,222,13499,
159.3,1153.91,51.487,7.42488,140.735,10.5134,137.288,1,2,-94,-9,6,46,47,10,28367106,262,1,103,13499,
160.302,1165.34,51.4869,7.425,141.277,10.8825,135.592,1,2,-94,-9,6,46,47,10,28367106,262,1,103,13499,
161.286,1175.42,51.4868,7.42512,141.779,10.8808,133.526,1,10,-89,-7,14,51,51,10,28367106,262,1,103,13499,
162.294,1186.59,51.4868,7.42524,141.567,11.0604,132.738,1,10,-89,-7,14,51,51,10,28367106,262,1,103,13499,
163.304,1197.42,51.4867,7.42536,141.019,11.055,131.432,1,13,-86,-7,14,54,53,10,28367106,262,1,103,13499,
164.289,1210.11,51.4866,7.4255,140.414,11.282,130.529,1,13,-86,-7,14,54,53,10,28367106,262,1,103,13499,
165.286,1221.59,51.4866,7.42564,140.076,11.135,128.896,1,12,-89,-8,10,51,51,10,28367106,262,1,103,13499,
166.29,1233.58,51.4865,7.42577,139.772,12.016,131.513,1,12,-89,-8,10,51,51,10,28367106,262,1,103,13499,
167.296,1246.28,51.4864,7.4259,139.435,11.9208,134.193,1,15,-88,-7,11,52,50,10,28367106,262,1,103,13499,
168.3,1259.04,51.4863,7.42604,138.276,12.2461,136.911,1,15,-88,-7,11,52,50,10,28367106,262,1,103,13499,
169.294,1271.21,51.4863,7.42615,137.156,12.326,137.832,1,21,-82,-6,14,58,56,10,28367106,262,1,103,13499,
170.289,1283.09,51.4862,7.42627,135.537,12.364,137.31,1,21,-82,-6,14,58,56,10,28367106,262,1,103,13499,
171.305,1295.18,51.4861,7.42638,134.44,12.6143,136.592,1,26,-87,-7,13,53,51,10,28367106,262,1,103,13499,
172.288,1306.75,51.486,7.4265,133.804,12.5089,134.83,1,26,-87,-7,13,53,51,10,28367106,262,1,103,13499,
173.293,1318.35,51.486,7.42663,132.9,12.2587,121.836,1,21,-85,-6,12,55,52,10,28367106,262,1,103,13499,
174.305,1330.09,51.4859,7.42678,132.131,12.3811,121.817,1,21,-85,-6,12,55,52,10,28367106,262,1,103,13499,
175.308,1342.61,51.4858,7.42693,131.443,12.4219,121.202,1,22,-85,-6,2,55,53,10,28367106,262,1,103,13499,
176.293,1354.67,51.4858,7.42708,131.149,12.2921,121.154,1,22,-85,-6,2,55,53,10,28367106,262,1,103,13499,
177.298,1366.92,51.4857,7.42723,130.91,12.0193,122.478,1,22,-85,-6,2,55,53,10,28367106,262,1,103,13499,
178.3,1378.76,51.4857,7.42735,130.336,11.9275,136.488,1,17,-87,-6,2,53,51,10,28367106,262,1,103,13499,
179.291,1391.48,51.4856,7.42747,129.628,11.8046,140,1,17,-87,-6,2,53,51,10,28367106,262,1,103,13499,
180.423,1402,51.4855,7.42756,129.182,11.2802,141.267,1,16,-89,-6,2,51,49,10,28367106,262,1,103,13499,
181.277,1411.76,51.4854,7.42765,129.166,10.6875,142.013,1,16,-89,-6,2,51,49,10,28367106,262,1,103,13499,
182.293,1422.37,51.4853,7.42773,129.135,9.77251,145.525,1,19,-93,-6,12,47,45,7,28367106,262,1,103,13499,
183.31,1432.18,51.4853,7.42776,128.536,9.39121,168.902,1,19,-93,-6,12,47,45,7,28367106,262,1,103,13499,
184.302,1443.13,51.4852,7.42779,127.944,9.40696,169.146,1,13,-92,-6,11,48,45,7,28367106,262,1,103,13499,
185.285,1453.64,51.4851,7.42782,127.167,10.2078,167.526,1,13,-92,-6,11,48,45,7,28367106,262,1,103,13499,
186.308,1463.58,51.485,7.42786,126.319,10.095,166.491,1,23,-90,-5,15,50,46,7,28367106,262,1,103,13499,
187.3,1474.82,51.4849,7.42789,125.444,10.8758,165.654,1,23,-90,-5,15,50,46,7,28367106,262,1,103,13499,
188.306,1484.42,51.4848,7.42794,124.994,10.257,164.664,1,19,-89,-6,15,51,48,7,28367106,262,1,103,13499,
189.294,1494.87,51.4847,7.42798,124.501,10.3633,163.635,1,19,-89,-6,15,51,48,7,28367106,262,1,103,13499,
190.308,1505.61,51.4846,7.42802,124.797,10.9181,163.277,1,26,-85,-6,15,55,52,7,28367106,262,1,103,13499,
191.299,1516.66,51.4845,7.42807,125.008,11.1031,162.287,1,26,-85,-6,15,55,52,7,28367106,262,1,103,13499,
192.298,1528.27,51.4844,7.42812,125.385,9.64608,162.601,1,22,-86,-6,12,54,51,7,28367106,262,1,103,13499,
193.292,1537.63,51.4843,7.42816,125.465,8.44748,163.631,1,22,-86,-6,12,54,51,7,28367106,262,1,103,13499,
194.288,1548.09,51.4843,7.42821,125.752,8.4605,164.178,1,20,-85,-6,12,55,52,7,28367106,262,1,103,13499,
195.285,1558.1,51.4842,7.42825,126.361,8.01386,163.642,1,20,-85,-6,12,55,52,7,28367106,262,1,103,13499,
196.286,1567,51.4841,7.42829,126.191,8.0873,163.803,1,10,-88,-6,11,52,49,7,28367106,262,1,103,13499,
197.301,1576.07,51.484,7.42833,126.869,8.2849,162.923,1,10,-88,-6,11,52,49,7,28367106,262,1,103,13499,
198.282,1582.89,51.484,7.42837,127.197,6.49997,162.243,1,10,-88,-6,11,52,49,7,28367106,262,1,103,13499,
199.3,1590.14,51.4839,7.4284,127.264,6.24118,162.339,1,11,-87,-6,2,53,51,7,28367106,262,1,103,13499,
200.308,1599.22,51.4838,7.42844,127.563,6.91827,160.903,1,11,-87,-6,2,53,51,7,28367106,262,1,103,13499,
201.28,1605.56,51.4838,7.42847,128.321,5.27706,161.481,1,14,-86,-7,2,54,53,7,28367106,262,1,103,13499,
202.297,1612.64,51.4837,7.4285,128.726,6.32646,161.819,1,14,-86,-7,2,54,53,7,28367106,262,1,103,13499,
203.307,1618.24,51.4837,7.42852,129.569,5.49794,162.638,1,16,-85,-7,2,55,53,7,28367106,262,1,103,13499,
204.303,1624.14,51.4836,7.42855,129.913,5.26086,161.738,1,16,-85,-7,2,55,53,7,28367106,262,1,103,13499,
205.292,1631.09,51.4835,7.42858,129.985,7.32526,161.595,1,15,-87,-6,2,53,50,7,28367106,262,1,103,13499,
206.303,1638.84,51.4835,7.42861,130.425,7.78055,162.15,1,15,-87,-6,2,53,50,7,28367106,262,1,103,13499,
207.309,1646.91,51.4834,7.42864,130.08,7.38747,162.618,1,15,-90,-6,2,50,46,7,28367106,262,1,103,13499,
208.286,1657.38,51.4833,7.42869,130.236,9.64307,163.692,1,15,-90,-6,2,50,46,7,28367106,262,1,103,13499,
209.308,1667.41,51.4832,7.42873,130.311,10.273,164.371,1,11,-91,-5,2,49,46,7,28367106,262,1,103,13499,
210.302,1678.37,51.4831,7.42877,130.459,10.7967,165.108,1,11,-91,-5,2,49,46,7,28367106,262,1,103,13499,
211.302,1689.42,51.483,7.42882,130.761,11.8825,165.773,1,10,-91,-6,2,49,46,7,28367106,262,1,103,13499,
212.313,1700.49,51.4829,7.42885,131.014,10.0609,167.722,1,10,-91,-6,2,49,46,7,28367106,262,1,103,13499,
213.363,1710.96,51.4828,7.42888,131.101,10.127,169.046,1,12,-92,-6,2,48,46,7,28367106,262,1,103,13499,
214.292,1722.37,51.4827,7.42891,131.58,10.2507,169.859,1,12,-92,-6,2,48,46,7,28367106,262,1,103,13499,
215.293,1730.47,51.4827,7.42891,132.203,8.68054,170.674,1,12,-93,-7,8,47,45,7,28367106,262,1,103,13499,
216.28,1737.67,51.4826,7.42892,132.278,5.29161,171.744,1,12,-93,-7,8,47,45,7,28367106,262,1,103,13499,
217.298,1743.38,51.4826,7.42896,133.511,5.15461,148.702,1,10,-91,-6,11,49,45,7,28367106,262,1,103,13499,
218.305,1749.1,51.4825,7.42902,134.355,6.44335,128.083,1,10,-91,-6,11,49,45,7,28367106,262,1,103,13499,
219.301,1754.73,51.4825,7.4291,134.981,7.61557,104.62,1,6,-95,-7,10,45,42,7,28367106,262,1,103,13499,
220.298,1762.16,51.4825,7.42921,135.163,8.72892,102.06,1,6,-95,-7,10,45,42,7,28367106,262,1,103,13499,
221.302,1770.45,51.4825,7.42933,135.485,9.78865,99.6726,1,3,-104,-11,8,36,38,18,28367106,262,1,103,13499,
222.288,1780.56,51.4825,7.42947,135.796,10.2724,98.3788,1,3,-104,-11,8,36,38,18,28367106,262,1,103,13499,
223.294,1794.48,51.4825,7.42967,136.104,11.1042,97.6027,1,3,-104,-11,8,36,38,18,28367106,262,1,103,13499,
224.286,1805.43,51.4825,7.42983,137.056,11.6281,96.8901,1,2,-105,-9,9,35,36,18,29563904,262,1,350,13499,
225.317,1817.04,51.4824,7.42999,138.421,11.9717,96.4293,1,2,-105,-9,9,35,36,18,29563904,262,1,350,13499,
226.283,1827.46,51.4824,7.43014,139.531,11.3325,96.9413,1,3,-104,-11,7,36,38,18,29563904,262,1,350,13499,
227.298,1836.94,51.4824,7.43028,140.568,10.6242,96.54,1,3,-104,-11,7,36,38,18,29563904,262,1,350,13499,
228.303,1848.19,51.4824,7.43044,141.2,10.0911,96.6773,1,-1,-105,-13,6,35,39,6,28367106,262,1,350,13499,
229.283,1858.18,51.4824,7.43058,141.47,9.43911,97.0531,1,-1,-105,-13,6,35,39,6,28367106,262,1,350,13499,
230.298,1867.71,51.4824,7.43072,141.821,8.74145,96.6347,1,8,-96,-8,12,44,44,6,28367106,262,1,103,13499,
231.314,1875.34,51.4824,7.43083,142.467,8.2499,97.0307,1,8,-96,-8,12,44,44,6,28367106,262,1,103,13499,
232.303,1883.86,51.4824,7.43095,142.981,7.61867,96.9336,1,12,-88,-5,9,52,49,6,28367106,262,1,103,13499,
233.313,1892.79,51.4824,7.43108,143.588,8.00926,97.0995,1,12,-88,-5,9,52,49,6,28367106,262,1,103,13499,
234.313,1901.66,51.4824,7.43121,144.519,9.2035,97.785,1,13,-88,-6,11,52,47,6,28367106,262,1,103,13499,
235.29,1911.43,51.4823,7.43135,145.393,9.20245,97.9266,1,13,-88,-6,11,52,47,6,28367106,262,1,103,13499,
236.303,1919.77,51.4823,7.43147,146.59,9.08694,97.8751,1,7,-97,-8,10,43,43,6,28367106,262,1,103,13499,
237.293,1929.28,51.4823,7.4316,147.487,9.03827,98.035,1,7,-97,-8,10,43,43,6,28367106,262,1,103,13499,
238.302,1939.02,51.4823,7.43174,147.776,9.38073,97.4534,1,3,-98,-11,8,42,44,6,28367106,262,1,103,13499,
239.313,1949.15,51.4823,7.43189,147.866,9.89527,96.8199,1,3,-98,-11,8,42,44,6,28367106,262,1,103,13499,
240.305,1958.79,51.4823,7.43203,148.112,10.17,97.403,1,-1,-97,-11,5,43,46,6,28367106,262,1,103,13499,
241.301,1969.44,51.4823,7.43218,148.294,10.5442,96.9043,1,-1,-97,-11,5,43,46,6,28367106,262,1,103,13499,
242.31,1979.03,51.4823,7.43232,148.958,11.1795,96.1263,1,5,-95,-9,10,45,45,6,28367106,262,1,103,13499,
243.305,1989.99,51.4823,7.43247,149.886,11.6752,96.0392,1,5,-95,-9,10,45,45,6,28367106,262,1,103,13499,
244.295,2002.72,51.4822,7.43266,150.287,12.1212,96.4847,1,14,-82,-5,2,58,54,6,28367106,262,1,103,13499,
245.302,2014.58,51.4822,7.43283,150.485,12.4783,96.8424,1,14,-82,-5,2,58,54,6,28367106,262,1,103,13499,
246.307,2027.5,51.4822,7.43301,150.208,12.4385,96.7534,1,14,-82,-5,2,58,54,6,28367106,262,1,103,13499,
247.301,2039.89,51.4822,7.43319,149.894,12.3174,96.6173,1,16,-85,-6,2,55,51,6,28368386,262,1,32,13499,
248.305,2051.16,51.4822,7.43335,149.898,11.988,96.3544,1,16,-85,-6,2,55,51,6,28368386,262,1,32,13499,
249.301,2062.53,51.4822,7.43351,150.517,11.8852,96.3662,1,8,-85,-6,2,55,51,6,28368386,262,1,32,13499,
250.295,2074.48,51.4822,7.43369,151.035,11.5844,96.2329,1,8,-85,-6,2,55,51,6,28368386,262,1,32,13499,
251.292,2085.59,51.4822,7.43385,151.782,11.1025,96.6254,1,8,-92,-7,2,48,47,6,28367106,262,1,103,13499,
252.308,2096.5,51.4822,7.434,152.515,11.3041,96.632,1,8,-92,-7,2,48,47,6,28367106,262,1,103,13499,
253.297,2108.37,51.4821,7.43417,152.996,11.7772,96.0687,1,6,-94,-8,2,46,45,6,28367106,262,1,103,13499,
254.293,2120.62,51.4821,7.43435,153.367,12.6399,96.4571,1,6,-94,-8,2,46,45,6,28367106,262,1,103,13499,
255.3,2133.47,51.4821,7.43453,153.378,12.5582,96.9291,1,10,-96,-9,2,44,45,6,28367106,262,1,103,13499,
256.282,2144.78,51.4821,7.4347,153.689,12.3102,98.1097,1,10,-96,-9,2,44,45,6,28367106,262,1,103,13499,
257.316,2158.01,51.4821,7.43489,153.967,12.1355,97.0396,1,9,-91,-8,11,49,47,4,28367106,262,1,103,13499,
258.372,2170.39,51.4821,7.43506,153.987,12.8399,96.8632,1,9,-91,-8,11,49,47,4,28367106,262,1,103,13499,
259.28,2183.44,51.4821,7.43525,153.804,12.3269,97.1134,1,4,-92,-9,7,48,48,4,28367106,262,1,103,13499,
260.301,2194.96,51.482,7.43542,153.657,11.6533,98.0012,1,4,-92,-9,7,48,48,4,28367106,262,1,103,13499,
261.299,2207.54,51.482,7.4356,153.829,11.8712,97.292,1,2,-92,-7,6,48,46,10,28368386,262,1,32,13499,
262.285,2221.28,51.482,7.43579,153.453,12.142,97.8158,1,2,-92,-7,6,48,46,10,28368386,262,1,32,13499,
263.3,2232.52,51.482,7.43595,153.654,11.8002,96.9516,1,4,-89,-8,6,51,48,4,28367105,262,1,102,13499,
264.286,2243.99,51.482,7.43612,153.658,11.19,96.4409,1,4,-89,-8,6,51,48,4,28367105,262,1,102,13499,
265.298,2253.97,51.482,7.43626,154.287,11.1484,95.9099,1,11,-84,-8,13,56,53,4,28367105,262,1,102,13499,
266.298,2264.82,51.482,7.43642,155.124,11.1568,95.5343,1,11,-84,-8,13,56,53,4,28367105,262,1,102,13499,
267.314,2276,51.482,7.43658,156.01,10.2104,96.1157,1,11,-84,-8,13,56,53,4,28367105,262,1,102,13499,
268.307,2287.08,51.482,7.43674,156.49,10.3211,95.7855,1,4,-90,-7,6,50,48,10,28368386,262,1,32,13499,
269.294,2296.59,51.4819,7.43688,156.694,9.95885,96.3708,1,4,-90,-7,6,50,48,10,28368386,262,1,32,13499,
270.29,2306.03,51.4819,7.43701,157.361,9.61955,96.4439,1,2,-91,-7,9,49,45,10,28368386,262,1,32,13499,
271.288,2316.38,51.4819,7.43716,157.722,9.03798,96.9313,1,2,-91,-7,9,49,45,10,28368386,262,1,32,13499,
272.29,2325.26,51.4819,7.43729,158.397,8.4266,96.3267,1,11,-91,-7,14,49,46,4,28367105,262,1,102,13499,
273.299,2334.87,51.4819,7.43743,158.941,6.96777,98.482,1,11,-91,-7,14,49,46,4,28367105,262,1,102,13499,
274.288,2341.13,51.4819,7.43751,159.461,5.22228,100.659,1,16,-87,-6,14,53,50,4,28367105,262,1,102,13499,
275.298,2346.53,51.4819,7.43759,159.861,4.4013,99.5229,1,16,-87,-6,14,53,50,4,28367105,262,1,102,13499,
276.291,2350.64,51.4819,7.43765,159.931,2.83504,99.1528,1,16,-87,-5,12,53,50,4,28367105,262,1,102,13499,
277.304,2352.71,51.4819,7.43768,160.002,2.13531,103.124,1,16,-87,-5,12,53,50,4,28367105,262,1,102,13499,
278.303,2354.56,51.4819,7.43771,160.036,1.0477,105.749,1,25,-87,-5,12,53,50,4,28367105,262,1,102,13499,
279.319,2355.44,51.4819,7.43772,160.033,0.295613,105.749,1,25,-87,-5,12,53,50,4,28367105,262,1,102,13499,
280.298,2355.44,51.4819,7.43772,160.032,0,105.749,1,20,-86,-5,12,54,52,4,28367105,262,1,102,13499,
281.299,2355.44,51.4819,7.43772,160.029,0,105.749,1,20,-86,-5,12,54,52,4,28367105,262,1,102,13499,
282.285,2355.44,51.4819,7.43772,160.024,0,105.749,1,24,-87,-5,13,53,51,4,28367105,262,1,102,13499,
283.296,2355.44,51.4819,7.43772,160.014,0,105.749,1,24,-87,-5,13,53,51,4,28367105,262,1,102,13499,
284.359,2355.44,51.4819,7.43772,160.003,0,105.749,1,21,-86,-5,14,54,51,4,28367105,262,1,102,13499,
285.294,2355.44,51.4819,7.43772,159.99,0,105.749,1,21,-86,-5,14,54,51,4,28367105,262,1,102,13499,
286.309,2355.44,51.4819,7.43772,159.979,0,105.749,1,22,-86,-5,11,54,52,4,28367105,262,1,102,13499,
287.29,2355.44,51.4819,7.43772,159.967,0,105.749,1,22,-86,-5,11,54,52,4,28367105,262,1,102,13499,
288.32,2355.44,51.4819,7.43772,159.954,0,105.749,1,22,-86,-5,11,54,52,4,28367105,262,1,102,13499,
289.292,2355.44,51.4819,7.43772,159.94,0,105.749,1,22,-86,-5,11,54,51,4,28367105,262,1,102,13499,
290.281,2355.44,51.4819,7.43772,159.789,0,105.749,1,22,-86,-5,11,54,51,4,28367105,262,1,102,13499,
291.309,2355.44,51.4819,7.43772,159.627,0,93.4106,1,21,-85,-6,14,55,52,4,28367105,262,1,102,13499,
292.3,2355.44,51.4819,7.43772,157.898,0,95.6718,1,21,-85,-6,14,55,52,4,28367105,262,1,102,13499,
293.3,2364.7,51.4819,7.43785,156.436,5.32711,94.8963,1,22,-85,-5,14,55,51,4,28367105,262,1,102,13499,
294.301,2369.68,51.4819,7.43792,155.324,6.1586,95.0533,1,22,-85,-5,14,55,51,4,28367105,262,1,102,13499,
295.356,2377.61,51.4819,7.43804,154.559,6.10407,98.2757,1,22,-82,-5,10,58,53,4,28367105,262,1,102,13499,
296.307,2384.55,51.4819,7.43814,153.731,7.42149,99.0768,1,22,-82,-5,10,58,53,4,28367105,262,1,102,13499,
297.304,2394.58,51.4818,7.43828,153.136,8.68919,99.6879,1,14,-86,-5,9,54,50,4,28367105,262,1,102,13499,
298.307,2403.55,51.4818,7.43841,153.257,9.81554,99.1542,1,14,-86,-5,9,54,50,4,28367105,262,1,102,13499,
299.286,2412.99,51.4818,7.43854,153.306,9.57094,98.4601,1,6,-88,-6,13,52,49,4,28367105,262,1,102,13499,
300.304,2422.19,51.4818,7.43867,153.55,9.89065,97.5223,1,6,-88,-6,13,52,49,4,28367105,262,1,102,13499,
301.291,2432.67,51.4818,7.43882,153.791,9.65012,97.412,1,5,-96,-7,8,44,42,4,28367105,262,1,102,13499,
302.293,2441.84,51.4818,7.43896,154.238,9.18253,96.9928,1,5,-96,-7,8,44,42,4,28367105,262,1,102,13499,
303.314,2451.47,51.4818,7.43909,154.626,9.32469,96.4068,1,2,-85,-5,6,55,51,9,28368386,262,1,32,13499,
304.308,2461.49,51.4818,7.43924,155.109,9.88175,95.7067,1,2,-85,-5,6,55,51,9,28368386,262,1,32,13499,
305.3,2470.93,51.4818,7.43937,155.32,10.1183,95.3396,1,11,-90,-6,13,50,47,9,28368386,262,1,32,13499,
306.307,2480.92,51.4818,7.43952,155.703,10.4462,94.9071,1,11,-90,-6,13,50,47,9,28368386,262,1,32,13499,
307.297,2491.31,51.4817,7.43967,156.304,10.8669,94.9312,1,9,-92,-6,14,48,44,9,28368386,262,1,32,13499,
308.292,2501.73,51.4817,7.43982,157.045,10.5878,95.8441,1,9,-92,-6,14,48,44,9,28368386,262,1,32,13499,
309.293,2511.86,51.4817,7.43996,157.563,10.6968,95.2666,1,3,-94,-7,11,46,43,9,28368386,262,1,32,13499,
310.293,2522.91,51.4817,7.44012,157.886,10.6019,95.118,1,3,-94,-7,11,46,43,9,28368386,262,1,32,13499,
311.308,2533.2,51.4817,7.44027,157.95,10.4345,95.541,1,3,-94,-7,11,46,43,9,28368386,262,1,32,13499,
312.313,2544.29,51.4817,7.44043,158.025,10.7116,95.884,1,5,-92,-6,6,48,47,6,28367105,262,1,102,13499,
313.307,2555.21,51.4817,7.44059,158.098,10.8168,96.1721,1,5,-92,-6,6,48,47,6,28367105,262,1,102,13499,
314.299,2566.08,51.4817,7.44075,158.039,10.6502,96.9306,1,7,-99,-9,10,41,40,6,28367105,262,1,102,13499,
315.312,2566.08,51.4834,7.43899,nan,10.5741,96.688,1,7,-99,-9,10,41,40,6,28367105,262,1,102,13499,
316.309,2566.08,51.4817,7.44105,158.352,10.6267,97.2659,1,7,-97,-8,9,43,42,6,28367105,262,1,102,13499,
317.305,2577.24,51.4817,7.44121,158.817,10.975,98.917,1,7,-97,-8,9,43,42,6,28367105,262,1,102,13499,
318.293,2587.06,51.4816,7.44134,159.325,10.7159,111.578,1,8,-95,-7,11,45,42,6,28367105,262,1,102,13499,
319.294,2597.76,51.4816,7.44149,159.335,11.0003,112.645,1,8,-95,-7,11,45,42,6,28367105,262,1,102,13499,
320.302,2608.73,51.4815,7.44163,158.938,11.3616,116.66,1,9,-98,-9,6,42,43,6,28367105,262,1,102,13499,
321.316,2619.43,51.4815,7.44176,158.392,11.2894,120.023,1,9,-98,-9,6,42,43,6,28367105,262,1,102,13499,
322.311,2629.66,51.4814,7.44188,158.055,11.0898,123.414,1,4,-93,-6,6,47,44,6,28367105,262,1,102,13499,
323.351,2641.31,51.4814,7.44201,157.395,11.1671,127.076,1,4,-93,-6,6,47,44,6,28367105,262,1,102,13499,
324.29,2652.43,51.4813,7.44213,156.889,11.4399,129.894,1,11,-93,-6,11,47,44,6,28367105,262,1,102,13499,
325.301,2664.78,51.4812,7.44226,156.943,11.4218,132.77,1,11,-93,-6,11,47,44,6,28367105,262,1,102,13499,
326.332,2678.3,51.4811,7.44239,156.67,11.5799,134.345,1,11,-91,-5,15,49,46,6,28367105,262,1,102,13499,
327.308,2690.22,51.4811,7.44251,156.578,11.6372,133.969,1,11,-91,-5,15,49,46,6,28367105,262,1,102,13499,
328.33,2700.95,51.481,7.44262,156.474,11.5195,133.609,1,21,-87,-4,12,53,48,6,28367105,262,1,102,13499,
329.303,2711.41,51.4809,7.44272,156.391,11.3749,133.15,1,21,-87,-4,12,53,48,6,28367105,262,1,102,13499,
330.298,2722.39,51.4809,7.44284,156.391,11.4843,132.751,1,18,-88,-4,14,52,47,6,28367105,262,1,102,13499,
331.298,2733.38,51.4808,7.44295,156.517,11.5092,134.231,1,18,-88,-4,14,52,47,6,28367105,262,1,102,13499,
332.284,2744.94,51.4807,7.44305,156.684,11.1354,137.872,1,10,-93,-6,10,47,42,6,28367105,262,1,102,13499,
333.291,2756.61,51.4806,7.44312,156.987,10.9973,155.675,1,10,-93,-6,10,47,42,6,28367105,262,1,102,13499,
334.308,2768.22,51.4805,7.44314,157.442,10.489,173.187,1,10,-93,-6,10,47,42,6,28367105,262,1,102,13499,
335.296,2768.22,51.4809,7.44171,nan,10.3599,173.765,1,8,-96,-7,12,44,43,6,28367105,262,1,102,13499,
336.306,2768.22,51.4803,7.44317,158.114,11.2624,172.302,1,8,-96,-7,12,44,43,6,28367105,262,1,102,13499,
337.294,2779.68,51.4802,7.44323,158.498,11.6988,157.573,1,8,-96,-7,10,44,43,6,28367105,262,1,102,13499,
338.309,2791.11,51.4801,7.44329,158.765,12.054,156.082,1,8,-96,-7,10,44,43,6,28367105,262,1,102,13499,
339.294,2802.51,51.48,7.44336,158.682,12.6253,154.329,1,5,-101,-10,8,39,39,6,28367105,262,1,102,13499,
340.308,2814.83,51.4799,7.44344,158.564,12.8263,153.428,1,5,-101,-10,8,39,39,6,28367105,262,1,102,13499,
341.301,2828.07,51.4798,7.44353,158.437,12.9942,152.699,1,1,-101,-8,2,39,39,6,28367105,262,1,102,13499,
342.286,2842.01,51.4797,7.44362,158.317,13.5003,152.337,1,1,-101,-8,2,39,39,6,28367105,262,1,102,13499,
343.285,2855.73,51.4796,7.44371,158.171,13.8931,151.7,1,-3,-105,-11,2,35,38,6,28367105,262,1,102,13499,
344.3,2870.11,51.4795,7.44382,157.974,14.1748,151.765,1,-3,-105,-11,2,35,38,6,28367105,262,1,102,13499,
345.304,2883.99,51.4794,7.44391,158.015,14.1888,151.737,1,5,-102,-10,2,38,38,6,28368384,262,1,31,13499,
346.311,2898.75,51.4792,7.44401,158.248,14.2028,151.542,1,5,-102,-10,2,38,38,6,28368384,262,1,31,13499,
347.301,2913.02,51.4791,7.44412,158.295,14.197,151.642,1,9,-100,-9,2,40,41,6,28368384,262,1,31,13499,
348.296,2926.98,51.479,7.44421,158.127,13.9583,151.519,1,9,-100,-9,2,40,41,6,28368384,262,1,31,13499,
349.281,2941.26,51.4789,7.44431,157.741,13.5502,151.6,1,4,-99,-9,2,41,41,6,28368384,262,1,31,13499,
350.307,2955.04,51.4788,7.44441,157.4,13.2713,151.531,1,4,-99,-9,2,41,41,6,28368384,262,1,31,13499,
351.292,2968.62,51.4787,7.4445,157.026,13.2016,151.66,1,8,-99,-9,2,41,40,6,28368384,262,1,31,13499,
352.292,2981.82,51.4786,7.44459,156.705,13.0606,151.554,1,8,-99,-9,2,41,40,6,28368384,262,1,31,13499,
353.292,2995.24,51.4785,7.44468,156.33,13.11,151.713,1,1,-104,-8,2,36,35,6,28368384,262,1,31,13499,
354.303,3008.61,51.4784,7.44477,155.963,13.1526,151.595,1,1,-104,-8,2,36,35,6,28368384,262,1,31,13499,
355.31,3008.61,51.4754,7.44572,nan,13.5518,151.56,1,5,-105,-9,2,35,35,6,28368384,262,1,31,13499,
356.286,3008.61,51.4782,7.44496,155.237,14.0523,151.43,1,5,-105,-9,2,35,35,6,28368384,262,1,31,13499,
357.286,3022.4,51.478,7.44506,154.932,14.0689,151.558,1,7,-105,-9,2,35,35,6,28368384,262,1,31,13499,
358.29,3036.65,51.4779,7.44516,154.71,13.9988,151.544,1,7,-105,-9,2,35,35,6,28368384,262,1,31,13499,
359.289,3050.71,51.4778,7.44525,154.593,13.8674,151.302,1,7,-105,-9,2,35,35,6,28368384,262,1,31,13499,
360.298,3064.75,51.4777,7.44535,154.705,14.0716,151.401,1,10,-103,-9,2,37,37,6,28368384,262,1,31,13499,
361.288,3078.57,51.4776,7.44545,155.086,14.1776,151.442,1,10,-103,-9,2,37,37,6,28368384,262,1,31,13499,
362.319,3092.88,51.4775,7.44555,155.488,14.3686,151.424,1,5,-103,-10,2,37,38,6,28368384,262,1,31,13499,
363.292,3107.46,51.4774,7.44564,155.912,14.4624,151.23,1,5,-103,-10,2,37,38,6,28368384,262,1,31,13499,
364.297,3121.43,51.4773,7.44574,156.176,14.1757,151.444,1,16,-99,-9,2,41,40,6,28368384,262,1,31,13499,
365.293,3135.14,51.4772,7.44583,156.395,13.8223,151.451,1,16,-99,-9,2,41,40,6,28368384,262,1,31,13499,
366.296,3148.88,51.477,7.44593,156.688,13.4553,151.345,1,13,-95,-7,2,45,43,6,28368384,262,1,31,13499,
367.307,3162,51.4769,7.44602,157.173,13.1452,151.822,1,13,-95,-7,2,45,43,6,28368384,262,1,31,13499,
368.293,3174.52,51.4768,7.4461,157.494,12.7484,151.49,1,13,-95,-7,2,45,43,6,28368384,262,1,31,13499,
369.301,3186.82,51.4767,7.44619,157.876,12.3859,151.426,1,13,-95,-7,2,45,43,6,28368384,262,1,31,13499,
370.278,3198.76,51.4766,7.44627,158.26,12.2365,151.901,1,4,-94,-7,2,46,43,6,28368384,262,1,31,13499,
371.309,3210.98,51.4766,7.44636,158.61,12.0614,152.497,1,4,-94,-7,2,46,43,6,28368384,262,1,31,13499,
372.29,3222.12,51.4765,7.44643,158.761,11.1578,152.907,1,12,-95,-7,2,45,43,6,29568768,262,1,415,13499,
373.293,3232.96,51.4764,7.4465,158.947,10.4525,152.958,1,12,-95,-7,2,45,43,6,29568768,262,1,415,13499,
374.299,3243.19,51.4763,7.44657,159.142,9.61046,152.271,1,12,-92,-6,2,48,46,6,29568768,262,1,415,13499,
375.282,3243.19,51.4735,7.45492,nan,8.57421,152.428,1,12,-92,-6,2,48,46,6,29568768,262,1,415,13499,
376.295,3243.19,51.4762,7.44668,159.552,7.83515,153.068,1,19,-90,-5,2,50,47,6,29568768,262,1,415,13499,
377.305,3250.49,51.4761,7.44672,159.526,6.70674,152.503,1,19,-90,-5,2,50,47,6,29568768,262,1,415,13499,
378.294,3256.18,51.4761,7.44677,159.194,5.86612,151.561,1,16,-87,-5,2,53,50,6,29568768,262,1,415,13499,
379.382,3261.54,51.476,7.44681,158.865,4.65967,151.322,1,16,-87,-5,2,53,50,6,29568768,262,1,415,13499,
380.296,3264.67,51.476,7.44683,158.849,3.33496,151.206,1,16,-87,-5,2,53,50,6,29568768,262,1,415,13499,
381.296,3266.88,51.476,7.44684,158.839,1.46659,151.841,1,16,-86,-6,11,54,51,10,29568768,262,1,415,13499,
382.299,3266.88,51.476,7.44684,158.839,0,151.841,1,16,-86,-6,11,54,51,10,29568768,262,1,415,13499,
383.291,3266.88,51.476,7.44684,158.842,0,151.841,1,10,-92,-6,9,48,46,10,29568768,262,1,415,13499,
384.299,3266.88,51.476,7.44684,158.847,0,151.841,1,10,-92,-6,9,48,46,10,29568768,262,1,415,13499,
385.291,3266.88,51.476,7.44684,158.853,0,151.841,1,13,-86,-5,10,54,50,10,29568768,262,1,415,13499,
386.304,3266.88,51.476,7.44684,158.856,0,151.841,1,13,-86,-5,10,54,50,10,29568768,262,1,415,13499,
387.306,3266.88,51.476,7.44684,158.859,0,151.841,1,13,-87,-5,11,53,50,10,29568768,262,1,415,13499,
388.291,3266.88,51.476,7.44684,158.862,0,151.841,1,13,-87,-5,11,53,50,10,29568768,262,1,415,13499,
389.312,3266.88,51.476,7.44684,158.864,0,151.841,1,11,-87,-5,11,53,49,10,29568768,262,1,415,13499,
390.301,3266.88,51.476,7.44684,158.863,0,151.841,1,11,-87,-5,11,53,49,10,29568768,262,1,415,13499,
391.293,3266.88,51.476,7.44684,158.863,0,151.841,1,11,-87,-5,11,53,49,10,29568768,262,1,415,13499,
392.304,3266.88,51.476,7.44684,158.857,0,151.841,1,11,-87,-5,11,53,49,10,29568768,262,1,415,13499,
393.289,3266.88,51.476,7.44684,158.848,0,151.841,1,13,-88,-5,11,52,48,10,29568768,262,1,415,13499,
394.301,3266.88,51.476,7.44684,158.838,0,151.841,1,13,-88,-5,11,52,48,10,29568768,262,1,415,13499,
395.29,3266.88,51.4735,7.45492,nan,0,151.841,1,10,-89,-5,9,51,48,10,29568768,262,1,415,13499,
396.305,3266.88,51.476,7.44684,158.818,0,151.841,1,10,-89,-5,9,51,48,10,29568768,262,1,415,13499,
397.304,3266.88,51.476,7.44684,158.806,0,151.841,1,13,-87,-5,10,53,49,10,29568768,262,1,415,13499,
398.301,3266.88,51.476,7.44684,158.796,0,151.841,1,13,-87,-5,10,53,49,10,29568768,262,1,415,13499,
399.29,3266.88,51.476,7.44684,158.786,0,151.841,1,12,-88,-5,11,52,49,10,29568768,262,1,415,13499,
400.307,3266.88,51.476,7.44684,158.776,0,151.841,1,12,-88,-5,11,52,49,10,29568768,262,1,415,13499,
401.29,3266.88,51.476,7.44684,158.765,0,151.841,1,12,-88,-5,11,52,49,10,29568768,262,1,415,13499,
402.302,3266.88,51.476,7.44684,158.677,0,151.841,1,13,-88,-5,11,52,49,10,29568768,262,1,415,13499,
403.287,3266.88,51.476,7.44684,158.604,0,151.507,1,13,-88,-5,11,52,49,10,29568768,262,1,415,13499,
404.301,3271.88,51.4759,7.44688,157.774,0,151.151,1,8,-89,-6,15,51,47,10,29568768,262,1,415,13499,
405.305,3277.8,51.4759,7.44693,157.159,6.04792,150.689,1,8,-89,-6,15,51,47,10,29568768,262,1,415,13499,
406.293,3284.36,51.4758,7.44697,156.763,6.84227,151.671,1,13,-88,-5,10,52,48,10,29568768,262,1,415,13499,
407.3,3290.78,51.4758,7.44702,156.082,7.16745,151.445,1,13,-88,-5,10,52,48,10,29568768,262,1,415,13499,
408.301,3299.14,51.4757,7.44708,155.393,8.03089,152.233,1,8,-90,-6,9,50,48,10,29568768,262,1,415,13499,
409.282,3307.39,51.4757,7.44713,154.767,8.41674,151.695,1,8,-90,-6,9,50,48,10,29568768,262,1,415,13499,
410.293,3317.05,51.4756,7.4472,154.196,9.30755,151.012,1,7,-93,-7,2,47,45,10,29568768,262,1,415,13499,
411.299,3326.14,51.4755,7.44727,153.837,9.32481,150.27,1,7,-93,-7,2,47,45,10,29568768,262,1,415,13499,
412.305,3335.13,51.4754,7.44733,153.481,9.06221,149.74,1,3,-93,-7,2,47,45,10,29568768,262,1,415,13499,
413.305,3344.1,51.4754,7.4474,153.364,8.94784,149.098,1,3,-93,-7,2,47,45,10,29568768,262,1,415,13499,
414.319,3352.86,51.4753,7.44747,153.32,8.58724,148.282,1,13,-93,-6,2,47,44,10,28368384,262,1,31,13499,
415.307,3352.86,51.4752,7.44945,nan,8.36904,147.708,1,13,-93,-6,2,47,44,10,28368384,262,1,31,13499,
416.295,3352.86,51.4752,7.4476,153.515,8.08408,147.33,1,13,-94,-6,2,46,44,10,28368384,262,1,31,13499,
417.293,3360.92,51.4751,7.44766,153.701,7.82942,146.616,1,13,-94,-6,2,46,44,10,28368384,262,1,31,13499,
418.294,3368.74,51.4751,7.44772,153.871,7.6588,145.552,1,11,-95,-7,2,45,42,10,28368384,262,1,31,13499,
419.308,3376.16,51.475,7.44778,154.091,7.225,144.487,1,11,-95,-7,2,45,42,10,28368384,262,1,31,13499,
420.3,3383.35,51.4749,7.44784,154.318,6.48944,141.404,1,14,-97,-7,2,43,40,10,28368384,262,1,31,13499,
421.292,3389.9,51.4749,7.44791,154.792,6.12241,138.623,1,14,-97,-7,2,43,40,10,28368384,262,1,31,13499,
422.31,3395.35,51.4749,7.44796,155.341,5.63279,138.049,1,8,-97,-7,2,43,40,10,28368384,262,1,31,13499,
423.311,3400.27,51.4748,7.44801,155.825,4.84116,138.85,1,8,-97,-7,2,43,40,10,28368384,262,1,31,13499,
424.282,3404.48,51.4748,7.44806,156.441,4.2022,139.766,1,10,-98,-7,2,42,40,10,28368384,262,1,31,13499,
425.288,3408.81,51.4748,7.4481,156.464,3.83212,140.246,1,10,-98,-7,2,42,40,10,28368384,262,1,31,13499,
426.3,3412.02,51.4748,7.44812,156.467,2.49553,141.06,1,10,-98,-7,2,42,40,10,28368384,262,1,31,13499,
427.282,3414.29,51.4747,7.44814,156.465,1.83702,141.645,1,10,-99,-8,2,41,40,10,28368384,262,1,31,13499,
428.3,3416.02,51.4747,7.44816,156.473,1.7495,141.799,1,10,-99,-8,2,41,40,10,28368384,262,1,31,13499,
429.286,3418.8,51.4747,7.44818,156.475,3.0553,142.185,1,10,-98,-7,2,42,40,10,28368384,262,1,31,13499,
430.305,3422.03,51.4747,7.44821,156.739,4.36187,141.803,1,10,-98,-7,2,42,40,10,28368384,262,1,31,13499,
431.304,3426.87,51.4747,7.44826,156.931,5.19842,142.172,1,11,-97,-7,2,43,41,10,28368384,262,1,31,13499,
432.309,3431.55,51.4746,7.4483,157.14,5.43463,141.472,1,11,-97,-7,2,43,41,10,28368384,262,1,31,13499,
433.291,3437.7,51.4746,7.44836,157.198,6.43139,141.465,1,11,-97,-7,2,43,41,10,28368384,262,1,31,13499,
434.302,3444.46,51.4745,7.44842,157.547,8.07038,141.612,1,11,-97,-7,2,43,41,10,28368384,262,1,31,13499,
435.286,3444.46,51.4752,7.44945,nan,7.8044,141.216,1,8,-96,-7,2,44,42,10,28368384,262,1,31,13499,
436.276,3444.46,51.4744,7.44857,157.69,8.5114,140.779,1,8,-96,-7,2,44,42,10,28368384,262,1,31,13499,
437.295,3453.37,51.4744,7.44865,157.733,8.87307,140.361,1,7,-96,-7,2,44,43,10,28368384,262,1,31,13499,
438.3,3463.66,51.4743,7.44875,157.476,9.18458,140.772,1,7,-96,-7,2,44,43,10,28368384,262,1,31,13499,
439.302,3471.98,51.4742,7.44882,157.339,8.99494,141.736,1,11,-95,-7,2,45,44,10,28368384,262,1,31,13499,
440.29,3481.83,51.4742,7.44891,157.66,8.79548,143.345,1,11,-95,-7,2,45,44,10,28368384,262,1,31,13499,
441.298,3490.86,51.4741,7.44899,157.905,9.08216,143.955,1,8,-93,-7,2,47,45,10,28368384,262,1,31,13499,
442.286,3499.62,51.474,7.44906,158.15,9.5866,143.153,1,8,-93,-7,2,47,45,10,28368384,262,1,31,13499,
443.301,3510.46,51.474,7.44916,158.899,10.2692,141.545,1,1,-93,-7,2,47,45,10,28368384,262,1,31,13499,
444.301,3521.04,51.4739,7.44926,159.719,10.6495,139.862,1,1,-93,-7,2,47,45,10,28368384,262,1,31,13499,
445.283,3531.45,51.4738,7.44937,160.379,10.8716,138.141,1,1,-93,-7,2,47,45,10,28368384,262,1,31,13499,
446.285,3541.98,51.4737,7.44947,160.972,10.8379,136.654,1,2,-91,-7,2,49,46,10,28368384,262,1,31,13499,
447.299,3553.59,51.4737,7.44959,161.498,10.8816,134.994,1,2,-91,-7,2,49,46,10,28368384,262,1,31,13499,
448.285,3565.24,51.4736,7.44971,161.747,10.9465,133.43,1,13,-86,-7,2,54,52,10,29568768,262,1,415,13499,
449.288,3574.51,51.4735,7.44981,161.879,11.0784,131.959,1,13,-86,-7,2,54,52,10,29568768,262,1,415,13499,
450.305,3587.2,51.4735,7.44995,161.566,11.4021,130.886,1,15,-86,-6,2,54,52,10,29568768,262,1,415,13499,
451.3,3599.88,51.4734,7.4501,161.252,11.9679,129.471,1,15,-86,-6,2,54,52,10,29568768,262,1,415,13499,
452.294,3612.16,51.4733,7.45024,161.494,12.7055,127.946,1,18,-86,-6,2,54,52,10,29568768,262,1,415,13499,
453.42,3624.99,51.4733,7.4504,161.91,13.454,126.576,1,18,-86,-6,2,54,52,10,29568768,262,1,415,13499,
454.291,3638.26,51.4732,7.45056,162.255,14.1422,125.365,1,21,-85,-6,13,55,53,5,29568768,262,1,415,13499,
455.299,3638.26,51.4735,7.45492,nan,14.7138,124.23,1,21,-85,-6,13,55,53,5,29568768,262,1,415,13499,
456.309,3638.26,51.4731,7.45094,162.657,14.6067,122.832,1,16,-81,-5,11,59,55,5,29568768,262,1,415,13499,
457.296,3652.9,51.473,7.45112,163.209,14.5176,121.084,1,16,-81,-5,11,59,55,5,29568768,262,1,415,13499,
458.29,3666.93,51.473,7.4513,163.437,14.5431,119.115,1,25,-79,-5,15,61,56,5,29568768,262,1,415,13499,
459.306,3681.95,51.4729,7.4515,163.599,14.4982,117.154,1,25,-79,-5,15,61,56,5,29568768,262,1,415,13499,
460.304,3696.77,51.4728,7.4517,164.048,14.8694,115.416,1,18,-86,-6,11,54,51,5,29568768,262,1,415,13499,
461.302,3711.33,51.4728,7.45189,163.914,15.146,113.66,1,18,-86,-6,11,54,51,5,29568768,262,1,415,13499,
462.314,3726.58,51.4728,7.4521,163.426,14.9262,111.602,1,26,-80,-5,12,60,57,5,29568768,262,1,415,13499,
463.298,3740.5,51.4727,7.45229,162.858,14.6634,109.912,1,26,-80,-5,12,60,57,5,29568768,262,1,415,13499,
464.293,3755.36,51.4727,7.4525,162.352,14.651,108.311,1,22,-77,-5,12,63,57,5,29568768,262,1,415,13499,
465.295,3769.98,51.4726,7.45271,161.852,14.6324,107.106,1,22,-77,-5,12,63,57,5,29568768,262,1,415,13499,
466.28,3784.96,51.4726,7.45292,161.271,14.4052,106.574,1,25,-79,-5,14,61,57,5,29568768,262,1,415,13499,
467.296,3799.95,51.4726,7.45313,160.767,14.2634,105.829,1,25,-79,-5,14,61,57,5,29568768,262,1,415,13499,
468.306,3814.4,51.4725,7.45333,160.303,14.2217,105.112,1,25,-79,-5,14,61,57,5,29568768,262,1,415,13499,
469.311,3828.51,51.4725,7.45353,160.104,14.2628,104.275,1,18,-80,-5,12,60,55,5,29568768,262,1,415,13499,
470.301,3842.13,51.4725,7.45372,160.374,14.2748,104.619,1,18,-80,-5,12,60,55,5,29568768,262,1,415,13499,
471.287,3856.84,51.4725,7.45393,160.55,14.4277,105.161,1,21,-83,-5,12,57,54,5,29568768,262,1,415,13499,
472.302,3870.81,51.4724,7.45413,160.713,14.1779,105.638,1,21,-83,-5,12,57,54,5,29568768,262,1,415,13499,
473.278,3883.91,51.4724,7.45431,160.581,14.1603,106.047,1,18,-84,-5,2,56,52,5,29568768,262,1,415,13499,
474.295,3898.02,51.4724,7.45451,160.5,14.2103,106.435,1,18,-84,-5,2,56,52,5,29568768,262,1,415,13499,
475.317,3898.02,51.4735,7.45492,nan,14.6417,106.947,1,25,-82,-5,2,58,54,5,29568768,262,1,415,13499,
476.291,3898.02,51.4723,7.45492,160.303,15.5348,107.843,1,25,-82,-5,2,58,54,5,29568768,262,1,415,13499,
477.306,3913.22,51.4723,7.45513,160.395,15.7212,108.628,1,24,-81,-5,2,59,55,5,29568768,262,1,415,13499,
478.29,3928.73,51.4722,7.45534,160.185,15.5518,109.346,1,24,-81,-5,2,59,55,5,29568768,262,1,415,13499,
479.295,3944,51.4722,7.45555,160,15.3077,109.934,1,25,-81,-5,2,59,55,5,29568768,262,1,415,13499,
480.295,3959.24,51.4721,7.45575,159.895,14.8668,111.079,1,25,-81,-5,2,59,55,5,29568768,262,1,415,13499,
481.303,3973.59,51.4721,7.45595,159.915,14.775,111.833,1,17,-81,-5,2,59,54,5,29568768,262,1,415,13499,
482.281,3987.65,51.472,7.45613,160.116,14.4757,112.538,1,17,-81,-5,2,59,54,5,29568768,262,1,415,13499,
483.306,4002.32,51.472,7.45633,159.965,14.1555,113.332,1,20,-86,-6,2,54,50,5,29568768,262,1,415,13499,
484.293,4016.04,51.4719,7.4565,160.002,13.777,113.801,1,20,-86,-6,2,54,50,5,29568768,262,1,415,13499,
485.285,4029.45,51.4719,7.45668,159.711,13.5923,114.491,1,8,-88,-6,2,52,49,5,29568768,262,1,415,13499,
486.295,4043.62,51.4718,7.45687,159.42,13.4826,114.964,1,8,-88,-6,2,52,49,5,29568768,262,1,415,13499,
487.289,4057.08,51.4718,7.45704,159.271,13.3535,114.786,1,8,-88,-6,2,52,49,5,29568768,262,1,415,13499,
488.306,4070.59,51.4717,7.45722,159.122,13.2702,114.924,1,21,-87,-5,2,53,49,5,29568768,262,1,415,13499,
489.287,4083.21,51.4717,7.45738,158.949,13.0135,116.076,1,21,-87,-5,2,53,49,5,29568768,262,1,415,13499,
490.293,4097.02,51.4716,7.45756,158.503,12.6616,116.947,1,20,-88,-6,2,52,49,5,29568768,262,1,415,13499,
491.304,4109.18,51.4715,7.45771,158.028,12.6246,117.493,1,20,-88,-6,2,52,49,5,29568768,262,1,415,13499,
492.309,4120.88,51.4715,7.45786,157.617,12.1937,116.995,1,21,-90,-6,2,50,47,5,29568768,262,1,415,13499,
493.308,4132.89,51.4714,7.45801,156.876,11.3737,116.071,1,21,-90,-6,2,50,47,5,29568768,262,1,415,13499,
494.29,4143.54,51.4714,7.45815,156.634,10.1592,115.726,1,21,-91,-6,2,49,47,5,29568768,262,1,415,13499,
495.291,4143.54,51.4735,7.45492,nan,8.40159,114.941,1,21,-91,-6,2,49,47,5,29568768,262,1,415,13499,
496.367,4143.54,51.4713,7.45838,156.539,7.42642,115.886,1,18,-90,-7,2,50,48,5,29568768,262,1,415,13499,
497.294,4150.22,51.4713,7.45846,156.817,6.30626,116.331,1,18,-90,-7,2,50,48,5,29568768,262,1,415,13499,
498.296,4155.67,51.4713,7.45853,157.117,5.15437,115.57,1,13,-91,-7,10,49,47,4,29568768,262,1,415,13499,
499.285,4159.92,51.4713,7.45859,157.158,4.04874,116.313,1,13,-91,-7,10,49,47,4,29568768,262,1,415,13499,
500.292,4163.99,51.4713,7.45864,157.18,3.33537,115.814,1,14,-93,-7,11,47,45,4,29568768,262,1,415,13499,
501.281,4167.06,51.4712,7.45868,157.177,2.74222,115.418,1,14,-93,-7,11,47,45,4,29568768,262,1,415,13499,
502.289,4168.58,51.4712,7.4587,157.19,2.23207,116.16,1,16,-89,-8,12,51,51,4,29568768,262,1,415,13499,
503.297,4170.21,51.4712,7.45873,157.225,1.33083,116.16,1,16,-89,-8,12,51,51,4,29568768,262,1,415,13499,
504.293,4170.69,51.4712,7.45873,157.308,0.773118,116.16,1,14,-92,-8,11,48,47,4,29568768,262,1,415,13499,
505.298,4170.69,51.4712,7.45873,157.388,0,116.16,1,14,-92,-8,11,48,47,4,29568768,262,1,415,13499,
506.317,4170.69,51.4712,7.45873,157.463,0,111.947,1,13,-93,-8,8,47,45,4,29568768,262,1,415,13499,
507.304,4176.67,51.4712,7.45881,157.549,0,113.191,1,13,-93,-8,8,47,45,4,29568768,262,1,415,13499,
508.286,4182.7,51.4712,7.45889,158.225,5.93573,113.958,1,14,-96,-9,11,44,44,4,29568768,262,1,415,13499,
509.281,4188.86,51.4712,7.45897,158.88,7.10125,114.294,1,14,-96,-9,11,44,44,4,29568768,262,1,415,13499,
510.306,4196.64,51.4711,7.45907,159.088,7.17381,114.904,1,14,-96,-9,11,44,44,4,29568768,262,1,415,13499,
511.31,4203.47,51.4711,7.45916,159.299,7.44578,115.647,1,8,-89,-8,12,51,51,4,29568768,262,1,415,13499,
512.289,4211.28,51.4711,7.45926,159.338,8.76541,116.389,1,8,-89,-8,12,51,51,4,29568768,262,1,415,13499,
513.297,4221,51.471,7.45938,158.868,9.71776,116.73,1,11,-95,-9,7,45,45,4,29568768,262,1,415,13499,
514.298,4229.93,51.471,7.45949,158.036,9.68064,117.092,1,11,-95,-9,7,45,45,4,29568768,262,1,415,13499,
515.292,4229.93,51.4735,7.45492,nan,9.31188,117.43,1,3,-97,-11,2,43,43,4,29568768,262,1,415,13499,
516.304,4229.93,51.4709,7.45974,156.716,9.11454,116.074,1,3,-97,-11,2,43,43,4,29568768,262,1,415,13499,
517.282,4238.03,51.4709,7.45985,156.354,9.00416,115.065,1,0,-95,-10,2,45,46,4,29568768,262,1,415,13499,
518.304,4247.58,51.4708,7.45997,156.202,9.50879,113.637,1,0,-95,-10,2,45,46,4,29568768,262,1,415,13499,
519.289,4257.17,51.4708,7.4601,156.009,9.88594,112.775,1,2,-95,-9,2,45,45,4,29568769,262,1,416,13499,
520.287,4267.01,51.4708,7.46023,155.905,9.92358,112.351,1,2,-95,-9,2,45,45,4,29568769,262,1,416,13499,
521.292,4276.73,51.4707,7.46036,155.579,10.042,111.612,1,2,-98,-10,2,42,44,4,29568769,262,1,416,13499,
522.287,4286.57,51.4707,7.46049,155.208,10.2957,111.98,1,2,-98,-10,2,42,44,4,29568769,262,1,416,13499,
523.287,4297.58,51.4707,7.46064,154.806,10.6671,112.545,1,1,-98,-10,2,42,44,4,29568769,262,1,416,13499,
524.295,4307.97,51.4706,7.46078,154.693,10.7675,113.271,1,1,-98,-10,2,42,44,4,29568769,262,1,416,13499,
525.296,4319.33,51.4706,7.46093,154.849,10.607,114.192,1,6,-96,-10,2,44,45,4,29568769,262,1,416,13499,
526.295,4330.55,51.4705,7.46108,155.194,10.8155,114.626,1,6,-96,-10,2,44,45,4,29568769,262,1,416,13499,
527.305,4340.69,51.4705,7.46121,155.773,10.8489,115.171,1,-3,-96,-10,2,44,46,4,29568769,262,1,416,13499,
528.298,4351.02,51.4705,7.46135,156.257,10.3009,114.749,1,-3,-96,-10,2,44,46,4,29568769,262,1,416,13499,
529.3,4361.76,51.4704,7.46149,156.398,10.8416,115.378,1,-2,-96,-11,2,44,46,4,29568769,262,1,416,13499,
530.297,4371.49,51.4704,7.46162,156.7,10.5338,113.405,1,-2,-96,-11,2,44,46,4,29568769,262,1,416,13499,
531.282,4384.77,51.4704,7.4618,157.486,11.3378,114.057,1,-2,-96,-11,2,44,46,4,29568769,262,1,416,13499,
532.299,4395.58,51.4703,7.46194,157.528,11.7192,115.174,1,-1,-99,-12,2,41,44,4,29568769,262,1,416,13499,
533.299,4407.58,51.4703,7.4621,157.507,11.5693,114.572,1,-1,-99,-12,2,41,44,4,29568769,262,1,416,13499,
534.287,4419.89,51.4702,7.46225,157.662,12.1673,115.226,1,5,-99,-10,2,41,42,4,26378498,262,1,495,13499,
535.287,4419.89,51.4724,7.4673,nan,12.067,114.79,1,5,-99,-10,2,41,42,4,26378498,262,1,495,13499,
536.309,4419.89,51.4701,7.46256,157.812,11.8611,114.532,1,4,-101,-9,9,39,39,13,26378498,262,1,495,13499,
537.314,4432.85,51.4701,7.46273,158.082,11.9026,115.104,1,4,-101,-9,9,39,39,13,26378498,262,1,495,13499,
538.371,4445.3,51.47,7.4629,158.219,12.103,114.929,1,7,-99,-8,8,41,41,13,26378498,262,1,495,13499,
539.298,4458.11,51.47,7.46306,158.244,12.7166,114.425,1,7,-99,-8,8,41,41,13,26378498,262,1,495,13499,
540.306,4470.55,51.4699,7.46323,158.187,13.3653,115.103,1,2,-102,-10,8,38,39,13,26378498,262,1,495,13499,
541.301,4484.03,51.4699,7.4634,157.72,13.8114,114.755,1,2,-102,-10,8,38,39,13,26378498,262,1,495,13499,
542.299,4497.6,51.4698,7.46358,157.448,13.6699,113.853,1,21,-98,-8,7,42,41,13,26378498,262,1,495,13499,
543.307,4511.35,51.4698,7.46377,157.187,13.3199,112.588,1,21,-98,-8,7,42,41,13,26378498,262,1,495,13499,
544.334,4525.13,51.4697,7.46395,156.999,13.6327,111.412,1,9,-101,-8,5,39,39,13,26378498,262,1,495,13499,
545.291,4538.82,51.4697,7.46414,156.773,13.9245,110.319,1,9,-101,-8,5,39,39,13,26378498,262,1,495,13499,
546.3,4551.63,51.4696,7.46431,156.254,13.6568,111.36,1,20,-101,-8,7,39,39,13,26378498,262,1,495,13499,
547.3,4566.59,51.4696,7.46451,155.844,13.7786,110.248,1,20,-101,-8,7,39,39,13,26378498,262,1,495,13499,
548.291,4580.03,51.4696,7.4647,155.626,14.4113,109.318,1,23,-98,-9,10,42,42,13,26378498,262,1,495,13499,
549.305,4595.77,51.4695,7.46491,155.511,14.6101,108.365,1,23,-98,-9,10,42,42,13,26378498,262,1,495,13499,
550.307,4611.4,51.4695,7.46513,155.515,15.0038,106.094,1,1,-102,-10,5,38,40,13,26378498,262,1,495,13499,
551.3,4626.75,51.4695,7.46535,155.243,15.6732,104.215,1,1,-102,-10,5,38,40,13,26378498,262,1,495,13499,
552.309,4641.55,51.4694,7.46556,154.809,15.6567,101.929,1,2,-95,-7,6,45,41,14,29401601,262,1,430,13499,
553.303,4657.04,51.4694,7.46578,154.654,15.3866,100.541,1,2,-95,-7,6,45,41,14,29401601,262,1,430,13499,
554.301,4672.71,51.4694,7.46601,154.747,15.2631,99.3302,1,2,-95,-7,6,45,41,14,29401601,262,1,430,13499,
555.305,4672.71,51.4744,7.46699,nan,16.2229,97.2535,1,13,-97,-7,3,43,40,14,29401601,262,1,430,13499,
556.289,4672.71,51.4694,7.4665,155.949,16.9071,94.8933,1,13,-97,-7,3,43,40,14,29401601,262,1,430,13499,
557.308,4689.11,51.4694,7.46673,156.476,17.6078,92.9914,1,5,-98,-7,11,42,41,14,29401601,262,1,430,13499,
558.291,4707.84,51.4694,7.467,157.112,18.4058,90.8742,1,5,-98,-7,11,42,41,14,29401601,262,1,430,13499,
559.302,4726.76,51.4694,7.46728,157.819,18.6771,88.9482,1,4,-94,-6,7,46,42,14,29401601,262,1,430,13499,
560.299,4745.61,51.4694,7.46755,158.472,18.0936,87.425,1,4,-94,-6,7,46,42,14,29401601,262,1,430,13499,
561.3,4762.12,51.4694,7.46779,158.829,17.4773,85.9701,1,3,-99,-9,10,41,39,14,29401601,262,1,430,13499,
562.292,4778.75,51.4695,7.46802,159.061,17.6666,84.9013,1,3,-99,-9,10,41,39,14,29401601,262,1,430,13499,
563.302,4797.83,51.4695,7.4683,159.175,18.1213,84.0313,1,10,-96,-7,10,44,41,14,29401601,262,1,430,13499,
564.292,4816.38,51.4695,7.46856,159.307,18.6774,83.0413,1,10,-96,-7,10,44,41,14,29401601,262,1,430,13499,
565.286,4835.19,51.4695,7.46883,159.474,19.1718,82.2743,1,4,-103,-9,8,37,37,14,29401601,262,1,430,13499,
566.301,4853.74,51.4696,7.46909,159.594,18.7035,81.5064,1,4,-103,-9,8,37,37,14,29401601,262,1,430,13499,
567.286,4873.1,51.4696,7.46937,159.713,18.3809,81.0097,1,-1,-103,-12,2,37,39,14,29401601,262,1,430,13499,
568.297,4890.94,51.4696,7.46962,160.087,17.9382,80.7359,1,-1,-103,-12,2,37,39,14,29401601,262,1,430,13499,
569.297,4908.81,51.4697,7.46987,160.563,17.903,80.9663,1,5,-103,-11,2,37,38,14,29401601,262,1,430,13499,
570.296,4928.03,51.4697,7.47014,160.964,18.0122,80.8819,1,5,-103,-11,2,37,38,14,29401601,262,1,430,13499,
571.312,4945.96,51.4697,7.4704,161.461,18.0657,81.9907,1,4,-98,-7,2,42,40,14,31263232,262,1,162,13499,
572.304,4964.39,51.4698,7.47066,161.814,18.3045,82.7217,1,4,-98,-7,2,42,40,14,31263232,262,1,162,13499,
573.29,4982.8,51.4698,7.47093,162.364,18.2748,83.2734,1,6,-98,-7,2,42,40,14,31263232,262,1,162,13499,
574.3,5000.14,51.4698,7.47118,162.924,17.6875,84.8127,1,6,-98,-7,2,42,40,14,31263232,262,1,162,13499,
575.29,5000.14,51.4638,7.46245,nan,17.3519,86.5239,1,8,-98,-7,2,42,40,14,31263232,262,1,162,13499,
576.296,5000.14,51.4698,7.47167,163.598,17.3512,87.8874,1,8,-98,-7,2,42,40,14,31263232,262,1,162,13499,
577.345,5018.44,51.4698,7.47193,164.059,17.7212,89.6775,1,8,-98,-7,2,42,40,14,31263232,262,1,162,13499,
578.297,5035.72,51.4698,7.47218,164.457,17.9134,91.4855,1,10,-99,-8,2,41,41,14,31263232,262,1,162,13499,
579.328,5054.26,51.4698,7.47245,164.676,18.2236,92.7475,1,10,-99,-8,2,41,41,14,31263232,262,1,162,13499,
580.284,5072.6,51.4698,7.47271,164.551,18.391,94.1209,1,7,-98,-8,9,42,40,22,31263232,262,1,162,13499,
581.29,5091.49,51.4698,7.47298,164.727,18.0006,95.5191,1,7,-98,-8,9,42,40,22,31263232,262,1,162,13499,
582.293,5108.71,51.4698,7.47323,164.742,17.2266,95.9468,1,19,-98,-7,6,42,41,22,31263232,262,1,162,13499,
583.292,5124.46,51.4697,7.47346,164.804,16.9074,96.6067,1,19,-98,-7,6,42,41,22,31263232,262,1,162,13499,
584.302,5141.35,51.4697,7.4737,164.923,16.9403,97.2784,1,6,-100,-9,6,40,40,22,31263232,262,1,162,13499,
585.289,5158.29,51.4697,7.47394,165.208,16.8957,97.7702,1,6,-100,-9,6,40,40,22,31263232,262,1,162,13499,
586.299,5174.38,51.4697,7.47417,165.543,16.7669,97.6772,1,4,-102,-10,6,38,39,22,31263232,262,1,162,13499,
587.287,5192.11,51.4696,7.47442,165.801,16.8293,97.5253,1,4,-102,-10,6,38,39,22,31263232,262,1,162,13499,
588.291,5209.68,51.4696,7.47467,166,17.3876,98.056,1,0,-104,-12,5,36,40,22,31263232,262,1,162,13499,
589.292,5226.12,51.4696,7.47491,165.925,16.6116,97.5213,1,0,-104,-12,5,36,40,22,31263232,262,1,162,13499,
590.305,5243.75,51.4696,7.47516,166.051,16.4459,96.8881,1,-2,-105,-12,4,35,39,22,31263232,262,1,162,13499,
591.308,5259.71,51.4696,7.47539,166.599,15.5507,96.3417,1,-2,-105,-12,4,35,39,22,31263232,262,1,162,13499,
592.286,5274.56,51.4695,7.4756,167.611,14.6232,95.3854,1,-4,-105,-13,5,35,40,22,31263232,262,1,162,13499,
593.291,5288.85,51.4695,7.47581,168.673,14.9999,94.2945,1,-4,-105,-13,5,35,40,22,31263232,262,1,162,13499,
594.287,5302.94,51.4695,7.47601,169.448,14.143,93.534,1,-6,-101,-13,6,39,43,7,26378497,262,1,496,13499,
595.297,5302.94,51.4713,7.4835,nan,13.6244,92.7273,1,-6,-101,-13,6,39,43,7,26378497,262,1,496,13499,
596.304,5302.94,51.4695,7.47642,171.498,12.964,91.505,1,-6,-101,-13,6,39,43,7,26378497,262,1,496,13499,
597.3,5315.54,51.4695,7.4766,172.511,11.9487,92.402,1,0,-100,-11,6,40,43,7,26378497,262,1,496,13499,
598.283,5327.35,51.4695,7.47677,173.667,11.6364,90.5787,1,0,-100,-11,6,40,43,7,26378497,262,1,496,13499,
599.307,5340.69,51.4695,7.47697,174.972,11.0356,88.7672,1,-2,-102,-13,5,38,44,7,26378497,262,1,496,13499,
600.29,5351.07,51.4695,7.47712,176.201,9.9554,87.7869,1,-2,-102,-13,5,38,44,7,26378497,262,1,496,13499,
601.253,5351.07,51.4695,7.47712,176.201,9.9554,87.7869,1,-2,-101,-13,5,39,44,7,26378497,262,1,496,13499,
602.3,5370.43,51.4695,7.47739,178.387,7.81559,84.7039,1,-2,-101,-13,5,39,44,7,26378497,262,1,496,13499,
603.301,5380.64,51.4695,7.47754,179.402,7.30385,84.2601,1,-4,-101,-14,6,39,44,7,26378497,262,1,496,13499,
604.283,5388.34,51.4696,7.47765,180.697,6.33344,83.8382,1,-4,-101,-14,6,39,44,7,26378497,262,1,496,13499,
605.308,5393.05,51.4696,7.47771,182.19,5.20376,82.5961,1,-4,-99,-13,6,41,46,7,26378497,262,1,496,13499,
606.292,5396.44,51.4696,7.47776,183.255,4.27689,81.082,1,-4,-99,-13,6,41,46,7,26378497,262,1,496,13499,
607.3,5400.11,51.4696,7.47781,183.324,4.01288,83.2926,1,-5,-98,-14,5,42,47,7,26378497,262,1,496,13499,
608.301,5404.57,51.4696,7.47787,183.367,3.38235,84.6933,1,-5,-98,-14,5,42,47,7,26378497,262,1,496,13499,
609.286,5408,51.4696,7.47792,183.395,2.99346,85.15,1,0,-97,-12,2,43,47,7,26378497,262,1,496,13499,
610.277,5411.52,51.4696,7.47797,183.407,2.66401,82.7974,1,0,-97,-12,2,43,47,7,26378497,262,1,496,13499,
611.27,5414.28,51.4696,7.47801,183.415,2.23495,83.1261,1,-3,-97,-12,2,43,47,7,26378497,262,1,496,13499,
612.311,5415.11,51.4696,7.47801,183.36,1.87223,83.1261,1,-3,-97,-12,2,43,47,7,26378497,262,1,496,13499,
613.304,5416.54,51.4696,7.47799,183.234,1.41478,83.1261,1,-1,-97,-12,2,43,47,7,26378497,262,1,496,13499,
614.291,5416.54,51.4696,7.47799,183.076,0,83.1261,1,-1,-97,-12,2,43,47,7,26378497,262,1,496,13499,
615.309,5416.54,51.4713,7.4835,nan,0,83.1261,1,-1,-97,-12,2,43,47,7,26378497,262,1,496,13499,
616.307,5416.54,51.4696,7.47799,183.053,0,83.1261,1,-1,-97,-12,2,43,47,7,26378497,262,1,496,13499,
617.308,5416.54,51.4696,7.47799,183.047,0,83.1261,1,0,-97,-12,2,43,47,7,26378497,262,1,496,13499,
618.309,5416.54,51.4696,7.47799,183.047,0,83.1261,1,0,-97,-12,2,43,47,7,26378497,262,1,496,13499,
619.275,5416.54,51.4696,7.47799,183.049,0,83.1261,1,-1,-94,-9,2,46,46,7,28371200,262,1,68,13499,
620.304,5416.54,51.4696,7.47799,183.052,0,83.1261,1,-1,-94,-9,2,46,46,7,28371200,262,1,68,13499,
621.309,5416.54,51.4696,7.47799,183.055,0,83.1261,1,-1,-94,-9,2,46,46,7,28371200,262,1,68,13499,
622.298,5416.54,51.4696,7.47799,183.057,0,83.1261,1,3,-94,-9,2,46,46,7,28371200,262,1,68,13499,
623.255,5416.54,51.4696,7.47799,183.057,0,83.1261,1,3,-94,-9,2,46,46,7,28371200,262,1,68,13499,
624.305,5416.54,51.4696,7.47799,183.058,0,83.1261,1,0,-94,-9,2,46,47,7,28371200,262,1,68,13499,
625.309,5416.54,51.4696,7.47799,183.057,0,83.1261,1,0,-94,-9,2,46,47,7,28371200,262,1,68,13499,
626.329,5416.54,51.4696,7.47799,183.056,0,83.1261,1,3,-94,-10,2,46,47,7,28371200,262,1,68,13499,
627.311,5416.54,51.4696,7.47799,183.054,0,83.1261,1,3,-94,-10,2,46,47,7,28371200,262,1,68,13499,
628.299,5416.54,51.4696,7.47799,183.051,0,83.1261,1,0,-94,-10,2,46,47,7,28371200,262,1,68,13499,
629.28,5416.54,51.4696,7.47799,183.047,0,83.1261,1,0,-94,-10,2,46,47,7,28371200,262,1,68,13499,
630.312,5416.54,51.4696,7.47799,183.013,0,83.1261,1,-2,-94,-10,2,46,47,7,28371200,262,1,68,13499,
631.299,5416.54,51.4696,7.47799,182.941,0,84.4945,1,-2,-94,-10,2,46,47,7,28371200,262,1,68,13499,
632.282,5423.98,51.4696,7.4781,181.935,0,81.7358,1,-7,-96,-11,2,44,46,7,28371200,262,1,68,13499,
633.298,5430.39,51.4697,7.47819,180.986,6.7679,79.1366,1,-7,-96,-11,2,44,46,7,28371200,262,1,68,13499,
634.299,5437.99,51.4697,7.4783,180.172,7.24435,77.4881,1,-9,-96,-12,2,44,48,7,28371200,262,1,68,13499,
635.253,5445.68,51.4697,7.4784,179.52,7.57679,76.5896,1,-9,-96,-12,2,44,48,7,28371200,262,1,68,13499,
636.281,5453.83,51.4697,7.47852,179.055,8.61834,75.46,1,4,-93,-11,2,47,49,7,26378497,262,1,496,13499,
637.295,5462.77,51.4697,7.47864,178.667,9.44483,74.9142,1,4,-93,-11,2,47,49,7,26378497,262,1,496,13499,
638.301,5473.06,51.4698,7.47879,178.335,10.2947,74.6774,1,10,-92,-11,2,48,50,7,26378497,262,1,496,13499,
639.31,5482.9,51.4698,7.47892,178.33,10.2528,75.1107,1,10,-92,-11,2,48,50,7,26378497,262,1,496,13499,
640.282,5493.67,51.4698,7.47907,178.289,10.0985,74.7965,1,16,-90,-10,2,50,51,7,26378497,262,1,496,13499,
641.282,5503.48,51.4698,7.47921,178.339,10.2753,74.3872,1,16,-90,-10,2,50,51,7,26378497,262,1,496,13499,
642.312,5513.63,51.4699,7.47935,177.993,10.3307,73.7536,1,18,-86,-9,2,54,54,7,26378497,262,1,496,13499,
643.325,5524.19,51.4699,7.47949,177.558,10.1674,73.5991,1,18,-86,-9,2,54,54,7,26378497,262,1,496,13499,
644.316,5534.38,51.4699,7.47963,177.067,9.61584,72.6134,1,18,-86,-9,2,54,54,7,26378497,262,1,496,13499,
645.303,5543.62,51.4699,7.47976,176.679,9.55777,72.033,1,18,-86,-9,2,54,54,7,26378497,262,1,496,13499,
646.302,5553.55,51.47,7.4799,176.587,9.88044,73.1334,1,17,-83,-9,2,57,57,7,26378497,262,1,496,13499,
647.316,5564.95,51.47,7.48005,176.485,10.8025,73.6328,1,17,-83,-9,2,57,57,7,26378497,262,1,496,13499,
648.304,5576.91,51.47,7.48022,176.519,12.011,73.3671,1,18,-82,-9,2,58,58,7,26378497,262,1,496,13499,
649.305,5589.36,51.4701,7.48039,176.619,13.2168,72.5967,1,18,-82,-9,2,58,58,7,26378497,262,1,496,13499,
650.291,5603.63,51.4701,7.48058,176.969,13.2788,72.0135,1,7,-82,-9,2,58,58,7,26378497,262,1,496,13499,
651.278,5616.48,51.4701,7.48076,176.624,12.8182,71.2205,1,7,-82,-9,2,58,58,7,26378497,262,1,496,13499,
652.311,5629.52,51.4702,7.48094,176.127,11.8045,72.157,1,7,-82,-9,2,58,58,7,26378497,262,1,496,13499,
653.29,5640.63,51.4702,7.48109,175.719,9.84477,72.7667,1,18,-89,-10,2,51,51,7,26378497,262,1,496,13499,
654.311,5649.29,51.4702,7.48121,175.32,7.66606,73.1254,1,18,-89,-10,2,51,51,7,26378497,262,1,496,13499,
655.321,5649.29,51.4713,7.4835,nan,5.38909,73.6487,1,10,-90,-10,2,50,49,7,26378497,262,1,496,13499,
656.307,5649.29,51.4703,7.48137,175.179,3.25785,74.5905,1,10,-90,-10,2,50,49,7,26378497,262,1,496,13499,
657.418,5650.51,51.4703,7.48138,175.279,1.37341,73.7692,1,14,-91,-9,2,49,48,7,26378497,262,1,496,13499,
658.322,5650.51,51.4703,7.48138,175.287,0,73.7692,1,14,-91,-9,2,49,48,7,26378497,262,1,496,13499,
659.292,5650.51,51.4703,7.48138,175.292,0,73.7692,1,16,-93,-9,9,47,47,9,26378497,262,1,496,13499,
660.31,5650.51,51.4703,7.48138,175.303,0,73.7692,1,16,-93,-9,9,47,47,9,26378497,262,1,496,13499,
661.323,5650.51,51.4703,7.48138,175.316,0,73.7692,1,13,-93,-7,11,47,45,9,26378497,262,1,496,13499,
662.299,5650.51,51.4703,7.48138,175.33,0,73.7692,1,13,-93,-7,11,47,45,9,26378497,262,1,496,13499,
663.304,5650.51,51.4703,7.48138,175.346,0,73.7692,1,13,-92,-9,11,48,48,9,26378497,262,1,496,13499,
664.299,5650.51,51.4703,7.48138,175.358,0,73.7692,1,13,-92,-9,11,48,48,9,26378497,262,1,496,13499,
665.314,5650.51,51.4703,7.48138,175.369,0,73.7692,1,13,-92,-10,11,48,49,9,26378497,262,1,496,13499,
666.305,5650.51,51.4703,7.48138,175.38,0,73.7692,1,13,-92,-10,11,48,49,9,26378497,262,1,496,13499,
667.304,5650.51,51.4703,7.48138,175.391,0,73.7692,1,13,-92,-7,11,48,46,9,26378497,262,1,496,13499,
668.296,5650.51,51.4703,7.48138,175.401,0,73.7692,1,13,-92,-7,11,48,46,9,26378497,262,1,496,13499,
669.292,5650.51,51.4703,7.48138,175.413,0,73.7692,1,13,-93,-7,11,47,46,9,26378497,262,1,496,13499,
670.311,5650.51,51.4703,7.48138,175.424,0,73.7692,1,13,-93,-7,11,47,46,9,26378497,262,1,496,13499,
671.293,5650.51,51.4703,7.48138,175.434,0,73.7692,1,11,-92,-10,8,48,49,9,26378497,262,1,496,13499,
672.295,5650.51,51.4703,7.48138,175.444,0,73.7692,1,11,-92,-10,8,48,49,9,26378497,262,1,496,13499,
673.296,5650.51,51.4703,7.48138,175.508,0,73.7692,1,11,-92,-10,8,48,49,9,26378497,262,1,496,13499,
674.299,5650.51,51.4703,7.48138,176.1,0,76.3834,1,10,-93,-9,8,47,47,9,26378497,262,1,496,13499,
675.299,5650.51,51.4713,7.4835,nan,0,95.4356,1,10,-93,-9,8,47,47,9,26378497,262,1,496,13499,
676.303,5650.51,51.4702,7.4816,176.43,6.41774,121.862,1,11,-90,-8,2,50,50,9,26378497,262,1,496,13499,
677.292,5657.52,51.4702,7.48166,176.248,7.73532,152.908,1,11,-90,-8,2,50,50,9,26378497,262,1,496,13499,
678.303,5664.94,51.4701,7.4817,176.13,8.43088,155.308,1,12,-91,-9,2,49,49,9,26378497,262,1,496,13499,
679.309,5675.19,51.47,7.48175,176.436,10.3089,158.06,1,12,-91,-9,2,49,49,9,26378497,262,1,496,13499,
680.293,5686.79,51.4699,7.48181,176.843,11.3932,159.927,1,0,-91,-9,2,49,49,9,26378497,262,1,496,13499,
681.298,5699.56,51.4698,7.48186,177.119,12.4176,161.209,1,0,-91,-9,2,49,49,9,26378497,262,1,496,13499,
682.293,5712.77,51.4697,7.48192,177.124,13.6878,162.209,1,4,-93,-9,2,47,47,9,26378497,262,1,496,13499,
683.293,5726.41,51.4696,7.48197,176.41,14.9566,162.943,1,4,-93,-9,2,47,47,9,26378497,262,1,496,13499,
684.299,5739.33,51.4695,7.48202,175.491,14.4001,163.413,1,7,-95,-10,2,45,47,9,26378497,262,1,496,13499,
685.286,5752.42,51.4694,7.48207,174.233,12.9157,162.601,1,7,-95,-10,2,45,47,9,26378497,262,1,496,13499,
686.298,5765.78,51.4693,7.48211,173.494,11.657,163.108,1,7,-94,-10,2,46,47,9,26378497,262,1,496,13499,
687.311,5781.15,51.4691,7.48217,173.01,13.3355,164.053,1,7,-94,-10,2,46,47,9,26378497,262,1,496,13499,
688.359,5796.49,51.469,7.48222,172.521,14.1203,164.659,1,6,-94,-10,2,46,48,9,26378497,262,1,496,13499,
689.284,5811.08,51.4689,7.48227,172.034,13.3408,165.514,1,6,-94,-10,2,46,48,9,26378497,262,1,496,13499,
690.286,5823.88,51.4688,7.4823,171.276,13.4101,164.774,1,8,-96,-8,10,44,44,11,26378497,262,1,496,13499,
691.307,5837.31,51.4686,7.48235,170.93,13.1851,164.366,1,8,-96,-8,10,44,44,11,26378497,262,1,496,13499,
692.316,5850.11,51.4685,7.48239,171.429,13.5043,163.861,1,11,-98,-10,11,42,43,11,26378497,262,1,496,13499,
693.306,5863.43,51.4684,7.48244,172.034,14.0978,163.694,1,11,-98,-10,11,42,43,11,26378497,262,1,496,13499,
694.295,5878.32,51.4683,7.48249,172.94,14.1488,164.11,1,1,-101,-11,6,39,41,11,26378497,262,1,496,13499,
695.314,5878.32,51.4685,7.4823,nan,14.1419,164.844,1,1,-101,-11,6,39,41,11,26378497,262,1,496,13499,
696.311,5878.32,51.468,7.48258,174.682,14.3637,165.289,1,3,-104,-11,6,36,38,11,26378497,262,1,496,13499,
697.313,5893.56,51.4679,7.48263,175.376,13.9873,166.46,1,3,-104,-11,6,36,38,11,26378497,262,1,496,13499,
698.291,5908.13,51.4678,7.48266,175.935,13.1484,168.304,1,6,-100,-7,9,40,39,20,28371200,262,1,68,13499,
699.304,5921.81,51.4676,7.4827,176.109,13.2611,168.965,1,6,-100,-7,9,40,39,20,28371200,262,1,68,13499,
700.286,5935.37,51.4675,7.48273,176.692,13.7213,169.917,1,6,-100,-7,9,40,39,20,28371200,262,1,68,13499,
701.351,5948.26,51.4674,7.48275,177.014,13.3802,172.686,1,3,-102,-9,7,38,39,20,28371200,262,1,68,13499,
702.3,5960.92,51.4673,7.48275,176.635,13.6545,174.586,1,3,-102,-9,7,38,39,20,28371200,262,1,68,13499,
703.293,5974.5,51.4672,7.48276,175.967,14.1384,176.008,1,11,-101,-9,9,39,40,20,28371200,262,1,68,13499,
704.304,5990.22,51.467,7.48276,175.163,14.7103,178.148,1,11,-101,-9,9,39,40,20,28371200,262,1,68,13499,
705.3,6004,51.4669,7.48275,173.624,14.9379,179.926,1,6,-103,-9,11,37,38,20,28371200,262,1,68,13499,
706.296,6021.12,51.4667,7.48272,172.46,14.6093,182.471,1,6,-103,-9,11,37,38,20,28371200,262,1,68,13499,
707.313,6037.6,51.4666,7.48268,171.19,15.2247,185.959,1,0,-102,-8,8,38,38,20,28371200,262,1,68,13499,
708.307,6050.37,51.4665,7.48263,170.271,14.8884,188.316,1,0,-102,-8,8,38,38,20,28371200,262,1,68,13499,
709.285,6065.86,51.4663,7.48257,169.124,14.4215,191.031,1,2,-100,-8,6,40,40,20,28371200,262,1,68,13499,
710.307,6081.52,51.4662,7.48251,167.931,14.9255,192.25,1,2,-100,-8,6,40,40,20,28371200,262,1,68,13499,
711.299,6097.58,51.4661,7.48244,166.357,14.6618,194.74,1,1,-99,-7,6,41,39,15,30492930,262,1,176,13499,
712.297,6112.52,51.4659,7.48236,165.895,14.6139,195.594,1,1,-99,-7,6,41,39,15,30492930,262,1,176,13499,
713.291,6128.06,51.4658,7.48229,166.053,15.6086,197.835,1,7,-107,-7,10,33,30,15,30492930,262,1,176,13499,
714.296,6143.52,51.4657,7.48219,165.656,15.6086,195.798,1,7,-107,-7,10,33,30,15,30492930,262,1,176,13499,
715.3,6143.52,51.4681,7.49235,nan,15.181,202.204,1,-2,-100,-12,7,40,43,15,30492930,262,1,176,13499,
716.305,6143.52,51.4655,7.48195,163.772,14.9784,203.057,1,-2,-100,-12,7,40,43,15,30492930,262,1,176,13499,
717.291,6159.68,51.4653,7.48184,162.124,15.6176,202.154,1,-3,-101,-12,7,39,42,15,30492930,262,1,176,13499,
718.297,6176.1,51.4652,7.48174,160.786,14.867,202.557,1,-3,-101,-12,7,39,42,15,30492930,262,1,176,13499,
719.305,6191.01,51.4651,7.48166,160.026,15.147,202.014,1,-4,-106,-15,4,34,39,15,30492930,262,1,176,13499,
720.296,6205.36,51.465,7.48157,159.649,13.6227,202.03,1,-4,-106,-15,4,34,39,15,30492930,262,1,176,13499,
721.252,6221.25,51.4648,7.48148,159.003,14.913,201.267,1,-6,-102,-11,6,38,39,15,26378497,262,1,496,13499,
722.306,6235.86,51.4647,7.4814,158.989,14.9665,200.334,1,-6,-102,-11,6,38,39,15,26378497,262,1,496,13499,
723.281,6250.58,51.4646,7.48133,158.586,14.929,199.611,1,-3,-108,-13,7,32,36,15,26378497,262,1,496,13499,
724.303,6265.92,51.4645,7.48125,158.187,15.0292,198.681,1,-3,-108,-13,7,32,36,15,26378497,262,1,496,13499,
725.3,6281,51.4643,7.48118,158.093,15.3178,197.788,1,-3,-108,-13,7,32,36,15,26378497,262,1,496,13499,
726.293,6296.71,51.4642,7.48111,158.225,15.4493,197.01,1,-2,-110,-14,6,30,34,16,28371200,262,1,496,13499,
727.303,6313.76,51.4641,7.48105,158.486,15.9156,196.925,1,-2,-110,-14,6,30,34,16,28371200,262,1,496,13499,
728.305,6330.02,51.4639,7.48098,158.922,16.0209,196.587,1,2,-107,-10,8,33,34,16,28371200,262,1,68,13499,
729.31,6345.13,51.4638,7.48092,159.531,16.147,195.658,1,2,-107,-10,8,33,34,16,28371200,262,1,68,13499,
730.287,6360.07,51.4637,7.48086,160.466,16.3327,195.469,1,2,-109,-11,6,31,33,16,28371200,262,1,68,13499,
731.308,6376.01,51.4635,7.4808,161.202,16.1352,196.392,1,2,-109,-11,6,31,33,16,28371200,262,1,68,13499,
732.3,6392.49,51.4634,7.48073,161.569,15.5898,196.697,1,1,-112,-11,6,28,30,16,28371200,262,1,68,13499,
733.279,6409.09,51.4632,7.48066,161.468,15.3158,196.266,1,1,-112,-11,6,28,30,16,28371200,262,1,68,13499,
734.291,6424.81,51.4631,7.4806,161.415,13.8662,195.834,1,0,-112,-10,7,28,30,16,28371206,262,1,68,13499,
735.303,6424.81,51.4665,7.4826,nan,11.8603,196.327,1,0,-112,-10,7,28,30,16,28371206,262,1,68,13499,
736.284,6424.81,51.4629,7.4805,160.911,10.1614,195.533,1,0,-102,-11,7,38,34,16,28371206,262,1,129,13499,
737.361,6434.27,51.4628,7.48047,160.802,8.55176,195.023,1,0,-102,-11,7,38,34,16,28371206,262,1,129,13499,
738.29,6442.94,51.4627,7.48044,160.684,7.55557,194.329,1,-6,-99,-11,2,41,36,16,28371206,262,1,129,13499,
739.295,6450.87,51.4627,7.48041,160.889,6.82624,195.397,1,-6,-99,-11,2,41,36,16,28371206,262,1,129,13499,
740.295,6456.14,51.4626,7.48039,161.17,6.05684,195.961,1,0,-99,-11,7,41,37,16,28371206,262,1,129,13499,
741.3,6461.65,51.4626,7.48036,161.689,5.36125,195.55,1,0,-99,-11,7,41,37,16,28371206,262,1,129,13499,
742.318,6464.75,51.4625,7.48035,161.757,4.00323,196.261,1,-1,-97,-10,6,43,37,25,29568778,262,1,353,13499,
743.299,6467.78,51.4625,7.48034,161.843,3.42252,196.209,1,-1,-97,-10,6,43,37,25,29568778,262,1,353,13499,
744.306,6471.87,51.4625,7.48032,161.963,2.99691,196.156,1,0,-97,-8,9,43,36,25,29568778,262,1,353,13499,
745.316,6475.07,51.4624,7.48031,162.034,2.49508,196.538,1,0,-97,-8,9,43,36,25,29568778,262,1,353,13499,
746.297,6476.94,51.4624,7.48031,162.152,1.70349,195.42,1,4,-97,-10,8,43,37,25,29568778,262,1,353,13499,
747.301,6479.06,51.4624,7.48029,162.238,1.15709,194.606,1,4,-97,-10,8,43,37,25,29568778,262,1,353,13499,
748.305,6480.72,51.4624,7.48028,162.312,1.18738,197.228,1,1,-100,-11,7,40,33,25,29568778,262,1,353,13499,
749.304,6482.83,51.4624,7.48027,162.365,1.51201,197.597,1,1,-100,-11,7,40,33,25,29568778,262,1,353,13499,
750.307,6485.29,51.4624,7.48026,162.415,3.10544,197.065,1,1,-100,-11,7,40,33,25,29568778,262,1,353,13499,
751.309,6489.94,51.4623,7.48024,163.087,4.91154,198.484,1,-3,-99,-10,6,41,34,25,29568778,262,1,353,13499,
752.295,6494.56,51.4623,7.48022,163.687,4.74776,196.653,1,-3,-99,-10,6,41,34,25,29568778,262,1,353,13499,
753.296,6497.61,51.4623,7.48021,163.749,2.63752,194.985,1,2,-99,-10,7,41,34,25,29568778,262,1,353,13499,
754.282,6499.72,51.4622,7.4802,163.82,1.10867,195.437,1,2,-99,-10,7,41,34,25,29568778,262,1,353,13499,
755.296,6499.72,51.4663,7.46905,nan,0.625969,195.437,1,0,-100,-9,6,40,33,25,29568778,262,1,353,13499,
756.286,6499.72,51.4622,7.4802,163.883,0,195.437,1,0,-100,-9,6,40,33,25,29568778,262,1,353,13499,
757.299,6499.72,51.4622,7.4802,163.882,0,195.437,1,-2,-99,-9,2,41,31,25,29568778,262,1,353,13499,
758.287,6499.72,51.4622,7.4802,163.876,0,195.437,1,-2,-99,-9,2,41,31,25,29568778,262,1,353,13499,
759.324,6499.72,51.4622,7.4802,163.835,0,195.437,1,-1,-101,-10,2,39,32,25,29568778,262,1,353,13499,
760.303,6499.72,51.4622,7.4802,163.823,0,190.166,1,-1,-101,-10,2,39,32,25,29568778,262,1,353,13499,
761.298,6506.77,51.4622,7.48017,163.517,0,192.89,1,3,-101,-10,5,39,33,25,29568778,262,1,353,13499,
762.287,6512.63,51.4621,7.48015,163.485,3.5384,193.952,1,3,-101,-10,5,39,33,25,29568778,262,1,353,13499,
763.296,6515.21,51.4621,7.48014,163.483,1.2616,193.301,1,0,-100,-12,6,40,35,25,29568778,262,1,353,13499,
764.302,6515.65,51.4621,7.48013,163.498,0.562824,193.301,1,0,-100,-12,6,40,35,25,29568778,262,1,353,13499,
765.309,6515.65,51.4621,7.48013,163.503,0,193.301,1,0,-99,-11,5,41,35,25,29568778,262,1,353,13499,
766.308,6515.65,51.4621,7.48013,163.51,0,193.301,1,0,-99,-11,5,41,35,25,29568778,262,1,353,13499,
767.299,6515.65,51.4621,7.48013,163.513,0,193.301,1,4,-97,-9,9,43,34,25,29568778,262,1,353,13499,
768.284,6515.65,51.4621,7.48013,163.51,0,193.301,1,4,-97,-9,9,43,34,25,29568778,262,1,353,13499,
769.307,6515.65,51.4621,7.48013,163.538,0,168.471,1,7,-94,-8,11,46,36,25,29568778,262,1,353,13499,
770.286,6515.65,51.4621,7.48013,163.535,0,129.537,1,7,-94,-8,11,46,36,25,29568778,262,1,353,13499,
771.306,6528.24,51.462,7.48028,163.911,6.13613,107.245,1,7,-94,-8,11,46,36,25,29568778,262,1,353,13499,
772.305,6536.44,51.462,7.4804,164.73,7.52848,104.113,1,2,-95,-7,10,45,34,25,29568778,262,1,353,13499,
773.303,6545.9,51.462,7.48053,165.673,8.56479,100.683,1,2,-95,-7,10,45,34,25,29568778,262,1,353,13499,
774.309,6555.17,51.462,7.48067,166.53,10.0109,97.0398,1,10,-98,-9,8,42,34,25,29568778,262,1,353,13499,
775.311,6555.17,51.4663,7.46905,nan,10.8619,95.9866,1,10,-98,-9,8,42,34,25,29568778,262,1,353,13499,
776.305,6555.17,51.462,7.48098,169.099,11.9143,94.5005,1,2,-103,-10,7,37,31,25,29568778,262,1,353,13499,
777.282,6568.84,51.462,7.48118,170.424,12.8006,93.7918,1,2,-103,-10,7,37,31,25,29568778,262,1,353,13499,
778.303,6583.27,51.462,7.48138,171.458,13.1918,93.0077,1,1,-100,-9,9,40,31,25,29568778,262,1,353,13499,
779.294,6595.02,51.462,7.48155,172.46,13.1024,92.1067,1,1,-100,-9,9,40,31,25,29568778,262,1,353,13499,
780.287,6607.54,51.462,7.48173,173.197,13.4601,91.3064,1,1,-105,-12,2,35,31,25,29568778,262,1,353,13499,
781.299,6621.25,51.462,7.48193,174.226,13.7507,90.9683,1,1,-105,-12,2,35,31,25,29568778,262,1,353,13499,
782.297,6635.63,51.462,7.48214,175.316,14.1507,91.4383,1,-3,-104,-11,2,36,31,25,29568778,262,1,353,13499,
783.28,6649.38,51.462,7.48234,176.361,14.3269,91.6322,1,-3,-104,-11,2,36,31,25,29568778,262,1,353,13499,
784.3,6664.1,51.462,7.48255,177.395,14.2257,91.4429,1,4,-105,-11,2,35,30,25,29568778,262,1,353,13499,
785.309,6679.47,51.462,7.48277,178.358,14.5631,90.8969,1,4,-105,-11,2,35,30,25,29568778,262,1,353,13499,
786.308,6693.65,51.462,7.48298,179.533,14.6368,90.1793,1,5,-108,-12,2,32,34,25,26378497,262,1,496,13499,
787.306,6708.36,51.462,7.48319,180.753,14.745,90.9911,1,5,-108,-12,2,32,34,25,26378497,262,1,496,13499,
788.286,6722.94,51.462,7.4834,181.864,13.1731,90.8497,1,10,-106,-10,2,34,35,25,26378497,262,1,496,13499,
789.312,6733.6,51.462,7.48355,182.526,13.2344,89.662,1,10,-106,-10,2,34,35,25,26378497,262,1,496,13499,
790.318,6749.63,51.462,7.48379,182.171,14.7973,89.8316,1,1,-106,-9,2,34,35,25,26378497,262,1,496,13499,
791.308,6761.52,51.462,7.48396,182.54,11.0601,88.9078,1,1,-106,-9,2,34,35,25,26378497,262,1,496,13499,
792.303,6769.76,51.462,7.48408,183.558,8.39547,92.5225,1,-7,-111,-11,2,29,31,25,26378497,262,1,496,13499,
793.301,6779.92,51.462,7.4842,183.341,7.99286,123.282,1,-7,-111,-11,2,29,31,25,26378497,262,1,496,13499,
794.288,6786.98,51.4619,7.48426,183.395,8.56837,149.874,1,9,-110,-10,2,30,31,25,28371200,262,1,68,13499,
795.299,6786.98,51.4631,7.48297,nan,9.56202,153.398,1,9,-110,-10,2,30,31,25,28371200,262,1,68,13499,
796.3,6786.98,51.4618,7.48435,184.012,9.88076,157.133,1,9,-110,-10,2,30,31,25,28371200,262,1,68,13499,
797.298,6797.54,51.4617,7.48439,184.591,9.98778,160.729,1,7,-95,-10,11,45,47,11,28371200,262,1,68,13499,
798.308,6810.09,51.4616,7.48443,184.802,12.4706,163.06,1,7,-95,-10,11,45,47,11,28371200,262,1,68,13499,
799.295,6824.77,51.4614,7.48448,184.525,13.3087,165.277,1,10,-96,-9,11,44,45,11,28371200,262,1,68,13499,
800.302,6839.95,51.4613,7.48452,184.573,14.2136,166.739,1,10,-96,-9,11,44,45,11,28371200,262,1,68,13499,
801.3,6855.46,51.4612,7.48454,185.168,15.0844,169.176,1,5,-96,-9,6,44,45,11,28371200,262,1,68,13499,
802.295,6871.34,51.461,7.48457,185.447,15.1164,171.191,1,5,-96,-9,6,44,45,11,28371200,262,1,68,13499,
803.357,6886.89,51.4609,7.48458,185.782,14.6884,173.389,1,1,-96,-10,6,44,45,11,28371200,262,1,68,13499,
804.306,6903.85,51.4607,7.48459,186.554,15.6969,175.164,1,1,-96,-10,6,44,45,11,28371200,262,1,68,13499,
805.295,6917.8,51.4606,7.4846,187.028,14.963,176.475,1,10,-96,-10,7,44,45,11,28371200,262,1,68,13499,
806.307,6933.37,51.4605,7.48459,187.356,15.374,178.58,1,10,-96,-10,7,44,45,11,28371200,262,1,68,13499,
807.288,6950.83,51.4603,7.48458,187.702,15.824,181.074,1,3,-102,-11,5,38,40,11,28371200,262,1,68,13499,
808.297,6968.23,51.4601,7.48456,188.176,15.7221,182.876,1,3,-102,-11,5,38,40,11,28371200,262,1,68,13499,
809.288,6985.06,51.46,7.48453,188.551,15.7557,183.908,1,1,-103,-10,5,37,38,11,28371200,262,1,68,13499,
810.296,7001.81,51.4598,7.4845,188.842,15.3784,184.919,1,1,-103,-10,5,37,38,11,28371200,262,1,68,13499,
811.286,7016.99,51.4597,7.48446,189.028,14.9612,186.124,1,-3,-106,-11,6,34,37,11,28371200,262,1,68,13499,
812.3,7033.55,51.4596,7.48441,189.175,15.2322,187.672,1,-3,-106,-11,6,34,37,11,28371200,262,1,68,13499,
813.3,7048.78,51.4594,7.48436,189.413,15.0701,188.907,1,-4,-111,-15,4,29,35,11,28371200,262,1,68,13499,
814.307,7063.11,51.4593,7.48431,189.55,14.6725,189.288,1,-4,-111,-15,4,29,35,11,28371200,262,1,68,13499,
815.258,7063.11,51.4631,7.48297,nan,14.6922,189.832,1,2,-105,-11,8,35,36,11,28371200,262,1,68,13499,
816.267,7063.11,51.459,7.48421,189.499,14.763,190.394,1,2,-105,-11,8,35,36,11,28371200,262,1,68,13499,
817.294,7079.07,51.4589,7.48416,189.717,15.603,190.053,1,2,-105,-11,8,35,36,11,28371200,262,1,68,13499,
818.299,7094.77,51.4588,7.48411,190.168,14.7871,190.658,1,1,-106,-12,7,34,37,11,28371200,262,1,68,13499,
819.304,7110.51,51.4586,7.48406,190.652,14.4448,191.092,1,1,-106,-12,7,34,37,11,28371200,262,1,68,13499,
820.308,7125.03,51.4585,7.48401,191.603,14.3167,191.59,1,-4,-105,-12,6,35,38,11,28371200,262,1,68,13499,
821.296,7138.51,51.4584,7.48397,192.645,15.053,191.094,1,-4,-105,-12,6,35,38,11,28371200,262,1,68,13499,
822.301,7152.08,51.4583,7.48392,193.362,14.7735,190.71,1,2,-103,-10,2,37,38,11,28371200,262,1,68,13499,
823.305,7166.24,51.4581,7.48388,193.887,13.8985,189.917,1,2,-103,-10,2,37,38,11,28371200,262,1,68,13499,
824.303,7181.11,51.458,7.48383,194.716,14.0835,190.34,1,4,-102,-11,2,38,40,11,28371200,262,1,68,13499,
825.298,7196.69,51.4579,7.48379,195.629,14.789,189.625,1,4,-102,-11,2,38,40,11,28371200,262,1,68,13499,
826.322,7212.34,51.4577,7.48375,196.642,15.3257,190.206,1,3,-99,-9,2,41,42,11,28371200,262,1,68,13499,
827.304,7228.25,51.4576,7.4837,197.185,15.0452,191.037,1,3,-99,-9,2,41,42,11,28371200,262,1,68,13499,
828.293,7243.1,51.4575,7.48365,197.904,14.592,190.624,1,12,-95,-9,2,45,45,11,28371200,262,1,68,13499,
829.299,7257.8,51.4573,7.48361,198.54,14.3765,190.196,1,12,-95,-9,2,45,45,11,28371200,262,1,68,13499,
830.294,7274.78,51.4572,7.48356,198.846,15.3243,190.57,1,4,-95,-9,2,45,45,11,28371200,262,1,68,13499,
831.296,7291.16,51.457,7.48351,199.152,15.2163,190.994,1,4,-95,-9,2,45,45,11,28371200,262,1,68,13499,
832.299,7305.86,51.4569,7.48347,199.477,15.4656,190.925,1,5,-96,-9,2,44,45,11,28371200,262,1,68,13499,
833.301,7320.5,51.4568,7.48342,199.688,15.2932,190.274,1,5,-96,-9,2,44,45,11,28371200,262,1,68,13499,
834.301,7336.25,51.4566,7.48339,200.022,15.6133,189.29,1,13,-96,-9,2,44,44,11,28371200,262,1,68,13499,
835.283,7336.25,51.4571,7.48431,nan,15.7713,188.663,1,13,-96,-9,2,44,44,11,28371200,262,1,68,13499,
836.29,7336.25,51.4563,7.48332,200.876,15.9437,187.725,1,18,-95,-10,2,45,47,11,28371200,262,1,68,13499,
837.305,7352.16,51.4562,7.4833,201.421,15.8017,186.977,1,18,-95,-10,2,45,47,11,28371200,262,1,68,13499,
838.288,7366.89,51.4561,7.48328,202.147,15.4931,186.151,1,13,-92,-8,2,48,47,11,28371202,262,1,67,13499,
839.306,7381.81,51.4559,7.48326,203.081,15.3157,184.681,1,13,-92,-8,2,48,47,11,28371202,262,1,67,13499,
840.277,7396.72,51.4558,7.48325,203.948,15.5508,183.515,1,13,-92,-8,2,48,47,11,28371202,262,1,67,13499,
841.3,7412.08,51.4557,7.48325,204.909,15.8346,181.841,1,15,-92,-8,2,48,47,11,28371202,262,1,67,13499,
842.291,7427.22,51.4555,7.48326,205.723,15.4408,180.017,1,15,-92,-8,2,48,47,11,28371202,262,1,67,13499,
843.298,7444.37,51.4554,7.48327,206.93,15.8439,178.34,1,14,-91,-8,2,49,47,11,28371202,262,1,67,13499,
844.312,7460.48,51.4552,7.48328,208.133,15.7766,176.285,1,14,-91,-8,2,49,47,11,28371202,262,1,67,13499,
845.302,7476.26,51.4551,7.48331,209.298,15.5337,174.28,1,16,-91,-8,2,49,48,11,28371202,262,1,67,13499,
846.312,7491,51.455,7.48336,210.705,15.7664,172.12,1,16,-91,-8,2,49,48,11,28371202,262,1,67,13499,
847.298,7507.31,51.4548,7.48341,212.291,16.1711,169.532,1,23,-90,-6,2,50,47,11,28371202,262,1,67,13499,
848.293,7523.13,51.4547,7.48348,213.787,16.0458,166.78,1,23,-90,-6,2,50,47,11,28371202,262,1,67,13499,
849.299,7540.31,51.4545,7.48356,214.953,15.9906,163.596,1,22,-88,-6,2,52,49,11,28371202,262,1,67,13499,
850.307,7558.25,51.4544,7.48366,216.377,16.0847,160.728,1,22,-88,-6,2,52,49,11,28371202,262,1,67,13499,
851.293,7574.77,51.4543,7.48376,217.316,16.2053,157.774,1,9,-88,-5,2,52,48,11,28371202,262,1,67,13499,
852.293,7592.4,51.4541,7.48389,218.08,17.5979,154.923,1,9,-88,-5,2,52,48,11,28371202,262,1,67,13499,
853.375,7608.87,51.454,7.48403,218.684,16.967,151.507,1,7,-96,-7,2,44,43,11,28371202,262,1,67,13499,
854.284,7626.99,51.4539,7.48418,219.275,17.7369,148.411,1,7,-96,-7,2,44,43,11,28371202,262,1,67,13499,
855.283,7626.99,51.4535,7.48418,nan,16.1654,144.638,1,9,-91,-7,8,49,48,4,28371202,262,1,67,13499,
856.299,7626.99,51.4536,7.48449,220.894,16.8909,142.148,1,9,-91,-7,8,49,48,4,28371202,262,1,67,13499,
857.282,7642.31,51.4535,7.48464,221.912,15.5161,141.186,1,18,-89,-5,11,51,48,4,28371202,262,1,67,13499,
858.303,7659.44,51.4534,7.4848,223.238,16.5007,139.116,1,18,-89,-5,11,51,48,4,28371202,262,1,67,13499,
859.29,7675.82,51.4533,7.48497,224.321,17.1853,137.034,1,21,-85,-8,12,55,56,4,28371202,262,1,67,13499,
860.31,7690.93,51.4532,7.48514,225.134,16.2836,136.42,1,21,-85,-8,12,55,56,4,28371202,262,1,67,13499,
861.306,7708.3,51.4531,7.48533,225.932,15.9069,134.551,1,22,-82,-5,13,58,55,4,28371202,262,1,67,13499,
862.303,7724.56,51.453,7.48551,226.658,16.5168,134.105,1,22,-82,-5,13,58,55,4,28371202,262,1,67,13499,
863.281,7740.75,51.4529,7.48569,227.566,16.3218,132.99,1,14,-84,-6,15,56,54,4,28371202,262,1,67,13499,
864.299,7756.77,51.4529,7.48588,228.46,17.1352,133.53,1,14,-84,-6,15,56,54,4,28371202,262,1,67,13499,
865.29,7773.32,51.4528,7.48606,229.691,16.499,134.851,1,23,-84,-7,14,56,55,4,28371202,262,1,67,13499,
866.303,7788.76,51.4527,7.48622,230.801,15.917,136.358,1,23,-84,-7,14,56,55,4,28371202,262,1,67,13499,
867.291,7803.21,51.4526,7.48637,231.575,16.1082,138.263,1,23,-84,-7,14,56,55,4,28371202,262,1,67,13499,
868.312,7818.93,51.4525,7.48653,231.872,16.1496,140.347,1,22,-82,-5,14,58,55,4,28371202,262,1,67,13499,
869.314,7835.25,51.4524,7.48669,232.183,16.76,141.314,1,22,-82,-5,14,58,55,4,28371202,262,1,67,13499,
870.308,7850.42,51.4523,7.48682,232.525,15.4582,143.36,1,24,-84,-5,14,56,53,4,28371202,262,1,67,13499,
871.293,7865.57,51.4521,7.48694,233.077,15.5794,145.498,1,24,-84,-5,14,56,53,4,28371202,262,1,67,13499,
872.299,7880.05,51.452,7.48705,233.529,15.1752,147.202,1,12,-86,-5,2,54,50,4,28371202,262,1,67,13499,
873.308,7895.95,51.4519,7.48717,234.224,14.8829,148.674,1,12,-86,-5,2,54,50,4,28371202,262,1,67,13499,
874.287,7910.75,51.4518,7.48727,234.776,14.649,151.074,1,11,-87,-6,2,53,51,4,28371202,262,1,67,13499,
875.281,7910.75,51.4535,7.48418,nan,14.9526,153.491,1,11,-87,-6,2,53,51,4,28371202,262,1,67,13499,
876.289,7910.75,51.4516,7.48744,235.541,14.5798,154.596,1,11,-87,-7,2,53,51,4,28371202,262,1,67,13499,
877.282,7925.23,51.4514,7.48751,236.238,13.3522,156.681,1,11,-87,-7,2,53,51,4,28371202,262,1,67,13499,
878.286,7939.08,51.4513,7.48759,237.191,14.3137,157.404,1,4,-88,-7,2,52,50,4,28371202,262,1,67,13499,
879.298,7954.45,51.4512,7.48767,237.826,13.816,157.959,1,4,-88,-7,2,52,50,4,28371202,262,1,67,13499,
880.306,7969.84,51.4511,7.48775,238.246,13.7432,158.394,1,12,-91,-7,2,49,47,4,28371202,262,1,67,13499,
881.288,7982.58,51.4509,7.48781,238.837,14.2027,159.257,1,12,-91,-7,2,49,47,4,28371202,262,1,67,13499,
