0.24,0,51.4903,7.4125,155.773,8.69115,77.5302,1,15,-91,-8,10,49,47,7,26385408,262,1,95,13499,
1.398,9.13701,51.4904,7.41263,156.502,9.58061,78.1715,1,15,-91,-8,10,49,47,7,26385408,262,1,95,13499,
2.458,20.8534,51.4904,7.41279,156.948,10.7673,77.4768,1,18,-88,-6,12,52,49,7,26385408,262,1,95,13499,
3.509,36.2078,51.4904,7.413,157.247,11.7089,77.6732,1,18,-88,-6,12,52,49,7,26385408,262,1,95,13499,
4.543,48.8411,51.4905,7.41318,157.104,12.406,78.0189,1,14,-87,-7,10,53,51,7,26385408,262,1,95,13499,
5.601,58.0989,51.4905,7.41331,157.426,12.8312,78.2798,1,14,-87,-7,10,53,51,7,26385408,262,1,95,13499,
6.603,68.4994,51.4905,7.41346,157.234,12.8467,78.6143,1,22,-86,-6,11,54,52,7,26385408,262,1,95,13499,
7.6,79.6163,51.4905,7.41362,156.951,12.9405,78.5372,1,22,-86,-6,11,54,52,7,26385408,262,1,95,13499,
8.602,92.0644,51.4905,7.41379,156.709,12.9303,78.508,1,17,-89,-6,10,51,48,7,26385408,262,1,95,13499,
9.602,105.81,51.4906,7.41399,156.952,12.8887,78.4795,1,17,-89,-6,10,51,48,7,26385408,262,1,95,13499,
10.602,119.682,51.4906,7.41419,157.36,12.9082,77.9951,1,19,-86,-6,10,54,52,7,26385408,262,1,95,13499,
11.61,132.25,51.4906,7.41437,157.7,13.0962,78.8619,1,19,-86,-6,10,54,52,7,26385408,262,1,95,13499,
12.597,145.34,51.4906,7.41455,157.596,13.4424,79.2919,1,20,-83,-5,13,57,55,7,26385408,262,1,95,13499,
13.602,158.637,51.4906,7.41474,157.18,13.6075,79.9985,1,20,-83,-5,13,57,55,7,26385408,262,1,95,13499,
14.613,171.754,51.4907,7.41493,156.565,13.4795,80.803,1,14,-86,-6,12,54,53,7,26385408,262,1,95,13499,
15.602,185.359,51.4907,7.41513,155.809,13.3233,81.7378,1,14,-86,-6,12,54,53,7,26385408,262,1,95,13499,
16.597,198.901,51.4907,7.41532,155.112,13.1126,82.7942,1,11,-85,-7,2,55,52,7,26385408,262,1,95,13499,
17.6,212.122,51.4907,7.41551,154.81,12.8853,83.9297,1,11,-85,-7,2,55,52,7,26385408,262,1,95,13499,
18.616,225.742,51.4907,7.41571,154.332,12.5291,85.7049,1,22,-84,-6,2,56,53,7,29391105,262,1,351,13499,
19.605,237.499,51.4907,7.41588,154.162,10.9938,88.0334,1,22,-84,-6,2,56,53,7,29391105,262,1,351,13499,
20.599,247.761,51.4907,7.41602,154.326,9.52736,90.3354,1,24,-83,-6,2,57,54,7,29391105,262,1,351,13499,
21.582,256.767,51.4907,7.41615,154.58,8.26781,92.6345,1,24,-83,-6,2,57,54,7,29391105,262,1,351,13499,
22.627,263.714,51.4907,7.41625,154.779,6.95461,94.8542,1,24,-83,-6,2,57,54,7,29391105,262,1,351,13499,
23.621,270.366,51.4907,7.41635,154.873,5.65451,96.9953,1,24,-82,-6,2,58,55,7,29391105,262,1,351,13499,
24.586,275.621,51.4907,7.41642,154.902,3.74471,98.5959,1,24,-82,-6,2,58,55,7,29391105,262,1,351,13499,
25.597,278.18,51.4907,7.41646,154.926,1.93155,101.023,1,23,-82,-7,2,58,56,7,29391105,262,1,351,13499,
26.614,280.661,51.4906,7.41649,154.982,1.41982,115.861,1,23,-82,-7,2,58,56,7,29391105,262,1,351,13499,
27.621,282.904,51.4906,7.41652,155.056,1.71432,111.95,1,21,-81,-6,2,59,56,7,29391105,262,1,351,13499,
28.608,286.47,51.4906,7.41657,155.147,2.48631,110.559,1,21,-81,-6,2,59,56,7,29391105,262,1,351,13499,
29.629,290.708,51.4906,7.41663,156.111,4.70011,108.845,1,24,-82,-6,2,58,55,7,29391105,262,1,351,13499,
30.612,294.865,51.4906,7.41669,156.638,5.62832,107.105,1,24,-82,-6,2,58,55,7,29391105,262,1,351,13499,
31.603,300.702,51.4906,7.41677,156.863,5.97314,106.539,1,16,-82,-5,2,58,55,7,29391105,262,1,351,13499,
32.596,306.829,51.4906,7.41686,157.084,6.18823,105.689,1,16,-82,-5,2,58,55,7,29391105,262,1,351,13499,
33.642,312.862,51.4906,7.41694,156.957,6.49901,104.821,1,27,-81,-6,2,59,55,7,29391105,262,1,351,13499,
34.604,319.925,51.4906,7.41704,156.762,6.61574,101.304,1,27,-81,-6,2,59,55,7,29391105,262,1,351,13499,
35.588,326.001,51.4906,7.41712,156.48,6.13913,67.7933,1,19,-79,-7,2,61,58,7,29391105,262,1,351,13499,
36.599,326.001,51.4914,7.41744,nan,5.8367,39.7684,1,19,-79,-7,2,61,58,7,29391105,262,1,351,13499,
37.612,326.001,51.4907,7.41719,155.362,6.54299,12.898,1,17,-88,-6,11,52,49,5,29391105,262,1,351,13499,
38.604,331.639,51.4907,7.4172,154.733,6.73879,359.059,1,17,-88,-6,11,52,49,5,29391105,262,1,351,13499,
39.626,337.5,51.4908,7.41719,153.851,7.28929,356.534,1,13,-91,-8,8,49,48,5,29391105,262,1,351,13499,
40.613,343.075,51.4908,7.41718,153.146,5.85865,355.945,1,13,-91,-8,8,49,48,5,29391105,262,1,351,13499,
41.592,348.033,51.4909,7.41721,152.719,5.24694,27.3234,1,9,-90,-7,11,50,49,5,29391105,262,1,351,13499,
42.616,354.164,51.4909,7.41728,152.372,5.917,61.597,1,9,-90,-7,11,50,49,5,29391105,262,1,351,13499,
43.596,359.572,51.4909,7.41735,152.331,6.88359,94.4922,1,9,-90,-7,11,50,49,5,29391105,262,1,351,13499,
44.585,367.341,51.4909,7.41746,152.329,8.02961,92.8706,1,-3,-94,-9,7,46,46,5,29391105,262,1,351,13499,
45.585,377.369,51.4909,7.41761,152.511,9.2099,93.8504,1,-3,-94,-9,7,46,46,5,29391105,262,1,351,13499,
46.593,386.326,51.4909,7.41774,152.547,9.41632,94.0083,1,15,-96,-8,11,44,42,5,29391105,262,1,351,13499,
47.603,396.268,51.4909,7.41788,152.33,10.037,94.5419,1,15,-96,-8,11,44,42,5,29391105,262,1,351,13499,
48.591,406.747,51.4909,7.41803,151.967,10.2571,94.9652,1,24,-93,-6,11,47,45,5,29391105,262,1,351,13499,
49.61,417.15,51.4909,7.41818,151.981,10.6744,96.7,1,24,-93,-6,11,47,45,5,29391105,262,1,351,13499,
50.593,428.52,51.4908,7.41834,151.941,11.0355,99.7877,1,21,-93,-6,9,47,45,5,29391105,262,1,351,13499,
51.605,439.883,51.4908,7.4185,151.434,11.096,112.407,1,21,-93,-6,9,47,45,5,29391105,262,1,351,13499,
52.603,450.373,51.4908,7.41863,150.923,10.7851,115.217,1,11,-97,-7,2,43,41,5,29391105,262,1,351,13499,
53.599,460.974,51.4907,7.41875,150.429,10.9124,130.696,1,11,-97,-7,2,43,41,5,29391105,262,1,351,13499,
54.602,472.25,51.4906,7.41887,149.907,10.9932,132.847,1,11,-98,-8,2,42,41,5,29391105,262,1,351,13499,
55.615,483.449,51.4906,7.41899,149.675,10.9358,134.188,1,11,-98,-8,2,42,41,5,29391105,262,1,351,13499,
56.6,483.449,51.4907,7.41882,nan,10.3532,134.921,1,2,-102,-9,2,38,38,5,29391105,262,1,351,13499,
57.609,483.449,51.4904,7.41919,149.415,10.6185,135.402,1,2,-102,-9,2,38,38,5,29391105,262,1,351,13499,
58.587,494.284,51.4904,7.4193,148.996,10.8414,135.718,1,11,-98,-6,2,42,40,5,28365056,262,1,222,13499,
59.603,505.214,51.4903,7.4194,149.032,10.9762,136.316,1,11,-98,-6,2,42,40,5,28365056,262,1,222,13499,
60.607,516.317,51.4902,7.41951,149.086,10.9456,136.745,1,3,-99,-7,2,41,39,5,28365056,262,1,222,13499,
61.585,527.189,51.4901,7.41961,149.095,10.8092,137.221,1,3,-99,-7,2,41,39,5,28365056,262,1,222,13499,
62.608,538.5,51.4901,7.41972,148.903,10.992,137.729,1,6,-101,-9,2,39,38,5,28365056,262,1,222,13499,
63.585,549.152,51.49,7.41982,148.655,10.8208,138.112,1,6,-101,-9,2,39,38,5,28365056,262,1,222,13499,
64.583,561.039,51.4899,7.41993,148.442,10.5806,139.279,1,12,-101,-9,2,39,39,5,28365056,262,1,222,13499,
65.592,571.454,51.4898,7.42003,148.249,10.2195,140.714,1,12,-101,-9,2,39,39,5,28365056,262,1,222,13499,
66.581,582.356,51.4898,7.42012,147.915,10.0287,142.328,1,12,-101,-9,2,39,39,5,28365056,262,1,222,13499,
67.589,593.122,51.4897,7.42021,147.743,10.0583,143.08,1,11,-100,-9,2,40,40,5,28365056,262,1,222,13499,
68.582,603.178,51.4896,7.42028,147.412,9.86733,143.707,1,11,-100,-9,2,40,40,5,28365056,262,1,222,13499,
69.616,613.138,51.4895,7.42036,146.873,9.83588,144.577,1,10,-99,-8,2,41,41,5,28365056,262,1,222,13499,
70.609,622.798,51.4895,7.42044,146.37,9.68832,143.722,1,10,-99,-8,2,41,41,5,28365056,262,1,222,13499,
71.592,631.757,51.4894,7.42052,145.964,8.92198,139.951,1,9,-99,-7,2,41,39,5,28365056,262,1,222,13499,
72.609,639.692,51.4894,7.42062,145.535,8.61075,117.933,1,9,-99,-7,2,41,39,5,28365056,262,1,222,13499,
73.608,647.64,51.4893,7.42072,145.004,8.16057,115.068,1,8,-101,-7,2,39,37,5,28365056,262,1,222,13499,
74.605,654.877,51.4893,7.42083,144.25,7.12798,100.911,1,8,-101,-7,2,39,37,5,28365056,262,1,222,13499,
75.592,660.73,51.4893,7.42091,143.503,4.56137,101.356,1,7,-102,-7,2,38,36,5,28365056,262,1,222,13499,
76.616,663.974,51.4893,7.42096,143.436,3.61913,115.904,1,7,-102,-7,2,38,36,5,28365056,262,1,222,13499,
77.605,668.966,51.4893,7.421,142.997,4.67003,154.529,1,9,-104,-9,9,36,36,14,28365056,262,1,222,13499,
78.607,673.026,51.4892,7.421,142.667,5.43109,191.358,1,9,-104,-9,9,36,36,14,28365056,262,1,222,13499,
79.609,678.576,51.4892,7.42098,142.515,6.61491,192.541,1,8,-103,-9,9,37,37,14,28365056,262,1,222,13499,
80.602,686.055,51.4891,7.42096,142.245,7.90979,193.226,1,8,-103,-9,9,37,37,14,28365056,262,1,222,13499,
81.592,694.818,51.489,7.42093,141.782,9.205,194.041,1,20,-99,-8,8,41,41,14,28365056,262,1,222,13499,
82.594,704.368,51.489,7.42089,141.179,10.2965,194.383,1,20,-99,-8,8,41,41,14,28365056,262,1,222,13499,
83.582,716.064,51.4889,7.42085,140.653,10.9806,194.136,1,20,-94,-8,10,46,45,14,28365056,262,1,222,13499,
84.613,727.432,51.4888,7.42081,140.159,10.3585,194.645,1,20,-94,-8,10,46,45,14,28365056,262,1,222,13499,
85.743,737.459,51.4887,7.42077,140.062,8.21269,193.376,1,20,-94,-8,10,46,45,14,28365056,262,1,222,13499,
86.599,744.575,51.4886,7.42074,140.175,6.11235,193.188,1,12,-88,-6,6,52,50,9,29391105,262,1,351,13499,
87.586,750.042,51.4886,7.42076,140.588,4.08723,168.295,1,12,-88,-6,6,52,50,9,29391105,262,1,351,13499,
88.583,755.085,51.4885,7.4208,141.518,4.17215,127.545,1,12,-89,-6,14,51,49,9,29391105,262,1,351,13499,
89.602,760.298,51.4885,7.42088,141.615,5.66475,101.719,1,12,-89,-6,14,51,49,9,29391105,262,1,351,13499,
90.606,767.484,51.4885,7.42098,141.208,7.1695,98.6744,1,12,-92,-7,15,48,45,9,29391105,262,1,351,13499,
91.605,774.14,51.4885,7.42108,140.847,7.17566,98.0039,1,12,-92,-7,15,48,45,9,29391105,262,1,351,13499,
92.615,782.104,51.4885,7.42119,140.546,7.52391,98.7706,1,10,-93,-7,10,47,46,9,29391105,262,1,351,13499,
93.599,790.787,51.4885,7.42131,140.618,7.89079,113.421,1,10,-93,-7,10,47,46,9,29391105,262,1,351,13499,
94.593,798.992,51.4884,7.42141,140.496,8.57978,128.436,1,8,-94,-6,10,46,43,9,29391105,262,1,351,13499,
95.614,807.929,51.4884,7.42151,140.428,8.8069,128.824,1,8,-94,-6,10,46,43,9,29391105,262,1,351,13499,
96.607,816.202,51.4884,7.42161,140.451,8.71322,128.959,1,15,-94,-6,9,46,43,9,29391105,262,1,351,13499,
97.592,825.651,51.4883,7.42171,140.597,8.58355,128.987,1,15,-94,-6,9,46,43,9,29391105,262,1,351,13499,
98.607,834.197,51.4883,7.42181,140.773,8.88141,129.597,1,10,-92,-6,11,48,45,9,29391105,262,1,351,13499,
99.591,843.2,51.4882,7.42191,141.018,8.90097,128.867,1,10,-92,-6,11,48,45,9,29391105,262,1,351,13499,
100.602,851.965,51.4882,7.42202,141.132,9.18029,126.397,1,13,-93,-6,15,47,44,9,29391105,262,1,351,13499,
101.586,860.84,51.4881,7.42214,141.176,9.17535,109.227,1,13,-93,-6,15,47,44,9,29391105,262,1,351,13499,
102.604,869.666,51.4881,7.42227,141.108,9.49494,108.702,1,7,-99,-8,7,41,40,9,29391105,262,1,351,13499,
103.595,878.88,51.4881,7.42239,141.006,9.72315,107.61,1,7,-99,-8,7,41,40,9,29391105,262,1,351,13499,
104.625,888.681,51.4881,7.42253,141.002,9.66425,106.462,1,6,-99,-8,6,41,38,9,29391105,262,1,351,13499,
105.605,899.377,51.488,7.42268,140.677,9.70692,106.118,1,6,-99,-8,6,41,38,9,29391105,262,1,351,13499,
106.586,908.356,51.488,7.42281,140.528,10.1424,105.67,1,6,-99,-8,6,41,38,9,29391105,262,1,351,13499,
107.626,919.511,51.488,7.42296,140.265,10.1581,105.249,1,5,-101,-7,8,39,37,9,29391105,262,1,351,13499,
108.605,928.656,51.488,7.42309,140.152,10.0285,104.525,1,5,-101,-7,8,39,37,9,29391105,262,1,351,13499,
109.608,938.695,51.488,7.42323,140.111,9.84812,105.231,1,8,-95,-7,9,45,44,16,28365056,262,1,222,13499,
110.61,948.822,51.4879,7.42337,140.117,10.0434,106.547,1,8,-95,-7,9,45,44,16,28365056,262,1,222,13499,
111.587,957.97,51.4879,7.4235,140.263,9.78767,108.815,1,9,-96,-8,9,44,43,16,28365056,262,1,222,13499,
112.595,966.912,51.4879,7.42362,140.128,9.59545,112.902,1,9,-96,-8,9,44,43,16,28365056,262,1,222,13499,
113.617,976.783,51.4878,7.42373,139.944,9.82128,130.913,1,5,-94,-8,6,46,46,16,28365056,262,1,222,13499,
114.61,986.115,51.4878,7.42383,139.747,9.60267,132.25,1,5,-94,-8,6,46,46,16,28365056,262,1,222,13499,
115.603,996.387,51.4877,7.42394,139.57,9.37467,134.183,1,9,-93,-8,7,47,45,16,28365056,262,1,222,13499,
116.625,1006.44,51.4876,7.42403,139.244,9.90468,135.878,1,9,-93,-8,7,47,45,16,28365056,262,1,222,13499,
117.596,1017.07,51.4876,7.42413,139.172,10.1156,138.419,1,6,-92,-7,6,48,47,16,28365056,262,1,222,13499,
118.617,1027.76,51.4875,7.42422,139.081,10.0626,140.628,1,6,-92,-7,6,48,47,16,28365056,262,1,222,13499,
119.615,1040.26,51.4874,7.42432,139.078,10.3523,142.472,1,7,-94,-8,6,46,45,16,28365056,262,1,222,13499,
120.615,1051.41,51.4873,7.42441,138.953,10.3383,144.145,1,7,-94,-8,6,46,45,16,28365056,262,1,222,13499,
121.606,1061.96,51.4872,7.42449,138.548,10.7872,143.728,1,3,-94,-9,5,46,47,16,28365056,262,1,222,13499,
122.605,1072.24,51.4872,7.42458,138.288,10.7573,142.192,1,3,-94,-9,5,46,47,16,28365056,262,1,222,13499,
123.602,1082.94,51.4871,7.42467,137.981,10.8356,139.368,1,1,-98,-11,4,42,44,16,28365056,262,1,222,13499,
124.614,1093.49,51.487,7.42478,137.562,10.9486,136.962,1,1,-98,-11,4,42,44,16,28365056,262,1,222,13499,
125.601,1104.84,51.4869,7.4249,137.125,11.3227,134.366,1,0,-94,-9,6,46,46,10,28367106,262,1,103,13499,
126.596,1115.7,51.4869,7.42502,136.639,11.6587,132.508,1,0,-94,-9,6,46,46,10,28367106,262,1,103,13499,
127.596,1127.27,51.4868,7.42515,136.236,11.6775,131.264,1,3,-93,-9,9,47,47,10,28367106,262,1,103,13499,
128.602,1139.28,51.4867,7.42529,136.249,11.7169,130.356,1,3,-93,-9,9,47,47,10,28367106,262,1,103,13499,
129.636,1151.02,51.4867,7.42542,136.131,12.0984,129.667,1,17,-85,-7,11,55,54,10,28367106,262,1,103,13499,
130.603,1163.21,51.4866,7.42556,135.805,12.106,130.354,1,17,-85,-7,11,55,54,10,28367106,262,1,103,13499,
131.615,1175.04,51.4865,7.42569,135.483,11.8419,130.699,1,17,-85,-7,11,55,54,10,28367106,262,1,103,13499,
132.599,1187.12,51.4865,7.42581,135.193,12.5373,132.754,1,16,-89,-7,15,51,50,10,28367106,262,1,103,13499,
133.606,1200.3,51.4864,7.42595,135.107,12.4434,135.225,1,16,-89,-7,15,51,50,10,28367106,262,1,103,13499,
134.599,1212.59,51.4863,7.42606,134.431,12.5284,137.026,1,22,-86,-7,15,54,52,10,28367106,262,1,103,13499,
135.607,1225.49,51.4862,7.42619,133.434,13.1768,137.851,1,22,-86,-7,15,54,52,10,28367106,262,1,103,13499,
136.616,1238.55,51.4861,7.42631,132.331,13.3994,136.917,1,16,-86,-6,13,54,53,10,28367106,262,1,103,13499,
137.618,1252.56,51.486,7.42645,131.27,13.2802,134.224,1,16,-86,-6,13,54,53,10,28367106,262,1,103,13499,
138.6,1265.98,51.486,7.4266,130.172,13.5565,131.04,1,17,-88,-6,13,52,48,10,28367106,262,1,103,13499,
139.611,1279.4,51.4859,7.42675,129.178,13.8064,127.44,1,17,-88,-6,13,52,48,10,28367106,262,1,103,13499,
140.614,1292.99,51.4858,7.42692,128.56,13.7402,125.261,1,14,-91,-6,12,49,46,10,28367106,262,1,103,13499,
141.624,1306.27,51.4858,7.42708,127.835,13.1975,123.938,1,14,-91,-6,12,49,46,10,28367106,262,1,103,13499,
142.607,1318.87,51.4857,7.42724,127.259,12.3787,125.356,1,14,-93,-7,6,47,46,10,28367106,262,1,103,13499,
143.609,1331.4,51.4856,7.42737,126.623,12.3752,138.238,1,14,-93,-7,6,47,46,10,28367106,262,1,103,13499,
144.598,1345,51.4855,7.42749,126.396,12.323,140.422,1,15,-94,-7,9,46,44,10,28367106,262,1,103,13499,
145.601,1356.15,51.4854,7.42759,125.95,11.5525,142.08,1,15,-94,-7,9,46,44,10,28367106,262,1,103,13499,
146.605,1367.2,51.4854,7.42769,125.607,9.87528,142.415,1,18,-90,-6,13,50,47,10,28367106,262,1,103,13499,
147.591,1376.24,51.4853,7.42776,125.475,7.9394,145.407,1,18,-90,-6,13,50,47,10,28367106,262,1,103,13499,
148.598,1384.88,51.4852,7.42779,125.415,8.2227,171.208,1,13,-90,-6,15,50,46,10,28367106,262,1,103,13499,
149.726,1393.77,51.4851,7.42781,125.384,8.98433,170.769,1,13,-90,-6,15,50,46,10,28367106,262,1,103,13499,
150.587,1403.54,51.4851,7.42783,125.352,9.88468,167.899,1,15,-91,-6,10,49,47,10,28367106,262,1,103,13499,
151.602,1412.82,51.485,7.42786,125.56,9.80184,166.585,1,15,-91,-6,10,49,47,10,28367106,262,1,103,13499,
152.624,1422.52,51.4849,7.4279,126.133,10.254,164.927,1,15,-88,-6,7,52,50,10,28367106,262,1,103,13499,
153.61,1432.95,51.4848,7.42795,127.084,10.3035,163.916,1,15,-88,-6,7,52,50,10,28367106,262,1,103,13499,
154.592,1442.34,51.4847,7.42799,127.81,9.96228,163.942,1,15,-88,-6,7,52,50,10,28367106,262,1,103,13499,
155.61,1451.93,51.4846,7.42803,128.595,10.137,164.222,1,14,-85,-6,10,55,52,10,28367106,262,1,103,13499,
156.586,1462.64,51.4845,7.42808,129.848,10.5842,163.471,1,14,-85,-6,10,55,52,10,28367106,262,1,103,13499,
157.598,1472.97,51.4845,7.42812,131.137,10.9078,162.983,1,18,-88,-6,11,52,50,10,28367106,262,1,103,13499,
158.611,1483.92,51.4844,7.42817,132.212,10.8849,162.416,1,18,-88,-6,11,52,50,10,28367106,262,1,103,13499,
159.606,1496.21,51.4843,7.42822,133.113,10.6353,161.924,1,11,-86,-6,9,54,51,10,28367106,262,1,103,13499,
160.605,1507.25,51.4842,7.42827,133.779,11.4546,162.065,1,11,-86,-6,9,54,51,10,28367106,262,1,103,13499,
161.609,1518.81,51.4841,7.42832,134.34,11.5577,162.771,1,16,-86,-7,6,54,52,10,28367106,262,1,103,13499,
162.602,1529.53,51.484,7.42836,134.785,11.0899,163.193,1,16,-86,-7,6,54,52,10,28367106,262,1,103,13499,
163.601,1541.8,51.4839,7.42841,134.859,11.082,162.356,1,13,-85,-6,10,55,53,10,28367106,262,1,103,13499,
164.583,1552.15,51.4838,7.42846,135.197,10.2861,162.768,1,13,-85,-6,10,55,53,10,28367106,262,1,103,13499,
165.599,1562.73,51.4837,7.4285,135.524,10.6611,163.402,1,14,-85,-5,12,55,51,10,28367106,262,1,103,13499,
166.597,1574.32,51.4836,7.42855,135.875,10.659,163.191,1,14,-85,-5,12,55,51,10,28367106,262,1,103,13499,
167.594,1584.2,51.4835,7.42859,136.096,10.5256,162.803,1,15,-90,-6,9,50,45,10,28367106,262,1,103,13499,
168.626,1594.7,51.4834,7.42864,136.181,9.98222,162.604,1,15,-90,-6,9,50,45,10,28367106,262,1,103,13499,
169.603,1606.04,51.4833,7.4287,137.002,10.7871,163.204,1,15,-90,-6,9,50,48,10,28367106,262,1,103,13499,
170.602,1617.34,51.4832,7.42875,137.934,10.5005,164.034,1,15,-90,-6,9,50,48,10,28367106,262,1,103,13499,
171.634,1629.17,51.4831,7.4288,138.791,10.4173,165.359,1,13,-92,-8,7,48,47,10,28367106,262,1,103,13499,
172.602,1641.37,51.483,7.42883,139.344,10.0303,166.003,1,13,-92,-8,7,48,47,10,28367106,262,1,103,13499,
173.592,1652.08,51.4829,7.42887,140.075,9.46621,166.758,1,10,-89,-7,8,51,49,10,28367106,262,1,103,13499,
174.6,1659.58,51.4828,7.42889,140.438,6.64495,168.55,1,10,-89,-7,8,51,49,10,28367106,262,1,103,13499,
175.613,1666.84,51.4828,7.4289,140.905,5.845,171.807,1,7,-92,-8,2,48,47,10,28367106,262,1,103,13499,
176.603,1672.36,51.4827,7.42891,141.477,4.86913,171.24,1,7,-92,-8,2,48,47,10,28367106,262,1,103,13499,
177.586,1675.81,51.4827,7.42893,141.5,2.49073,168.411,1,7,-92,-8,2,48,47,10,28367106,262,1,103,13499,
178.615,1677.35,51.4827,7.42892,141.567,0.81382,168.411,1,7,-93,-7,2,47,44,10,28367106,262,1,103,13499,
179.598,1677.35,51.4827,7.42892,141.571,0,168.411,1,7,-93,-7,2,47,44,10,28367106,262,1,103,13499,
180.592,1677.35,51.4827,7.42892,141.572,0,168.411,1,10,-92,-7,2,48,46,10,28367106,262,1,103,13499,
181.601,1677.35,51.4827,7.42892,141.6,0,168.411,1,10,-92,-7,2,48,46,10,28367106,262,1,103,13499,
182.601,1677.35,51.4827,7.42892,141.626,0,168.411,1,13,-89,-7,2,51,48,10,28367106,262,1,103,13499,
183.617,1677.35,51.4827,7.42892,141.687,0,171.756,1,13,-89,-7,2,51,48,10,28367106,262,1,103,13499,
184.593,1677.35,51.4827,7.42892,141.714,0,172.171,1,10,-90,-8,2,50,48,10,28367106,262,1,103,13499,
185.609,1692.21,51.4826,7.42896,141.716,3.60355,151.085,1,10,-90,-8,2,50,48,10,28367106,262,1,103,13499,
186.613,1698.09,51.4825,7.42903,142.073,5.46225,108.874,1,7,-90,-7,2,50,48,10,28367106,262,1,103,13499,
187.608,1703.68,51.4825,7.4291,141.89,6.71311,107.327,1,7,-90,-7,2,50,48,10,28367106,262,1,103,13499,
188.595,1710.18,51.4825,7.4292,141.817,8.92202,104.248,1,-2,-94,-10,2,46,47,10,28367106,262,1,103,13499,
189.601,1719.59,51.4825,7.42933,141.389,9.74947,101.604,1,-2,-94,-10,2,46,47,10,28367106,262,1,103,13499,
190.597,1729.59,51.4825,7.42947,140.871,10.9897,100.318,1,10,-100,-9,2,40,42,10,29563904,262,1,350,13499,
191.601,1740.3,51.4825,7.42963,140.186,11.8691,99.2623,1,10,-100,-9,2,40,42,10,29563904,262,1,350,13499,
192.618,1752.82,51.4825,7.42981,139.608,12.6297,98.509,1,8,-101,-9,2,39,40,10,29563904,262,1,350,13499,
193.606,1764.95,51.4824,7.42998,139.036,12.2472,98.0009,1,8,-101,-9,2,39,40,10,29563904,262,1,350,13499,
194.621,1776.06,51.4824,7.43014,138.588,11.4594,97.5388,1,0,-100,-8,2,40,40,10,29563904,262,1,350,13499,
195.614,1786.64,51.4824,7.43029,138.128,10.6874,97.0878,1,0,-100,-8,2,40,40,10,29563904,262,1,350,13499,
196.593,1797.03,51.4824,7.43044,137.735,9.97314,97.8891,1,0,-100,-8,2,40,40,10,29563904,262,1,350,13499,
197.601,1806.83,51.4824,7.43058,137.383,9.23967,98.0305,1,6,-98,-8,2,42,41,10,28367106,262,1,103,13499,
198.597,1815.13,51.4824,7.4307,137.006,7.87972,98.2404,1,6,-98,-8,2,42,41,10,28367106,262,1,103,13499,
199.6,1822.99,51.4824,7.43082,137.007,6.16157,98.07,1,10,-98,-9,2,42,42,10,28367106,262,1,103,13499,
200.608,1827.59,51.4824,7.43088,137.062,4.39361,98.5781,1,10,-98,-9,2,42,42,10,28367106,262,1,103,13499,
201.627,1832.53,51.4824,7.43095,137.087,2.85824,102.419,1,14,-96,-8,2,44,44,10,28367106,262,1,103,13499,
202.6,1833.15,51.4824,7.43096,137.118,1.04566,102.419,1,14,-96,-8,2,44,44,10,28367106,262,1,103,13499,
203.601,1833.15,51.4824,7.43096,137.121,0,102.419,1,13,-93,-7,2,47,46,10,28367106,262,1,103,13499,
204.607,1833.15,51.4824,7.43096,137.126,0,102.419,1,13,-93,-7,2,47,46,10,28367106,262,1,103,13499,
205.607,1833.15,51.4824,7.43096,137.128,0,102.419,1,13,-92,-6,2,48,46,10,28367106,262,1,103,13499,
206.611,1833.15,51.4824,7.43096,137.13,0,102.419,1,13,-92,-6,2,48,46,10,28367106,262,1,103,13499,
207.591,1833.15,51.4824,7.43096,137.131,0,102.419,1,11,-92,-6,2,48,46,10,28367106,262,1,103,13499,
208.618,1833.15,51.4824,7.43096,137.131,0,102.419,1,11,-92,-6,2,48,46,10,28367106,262,1,103,13499,
209.613,1833.15,51.4824,7.43096,137.131,0,102.419,1,13,-92,-6,2,48,46,10,28367106,262,1,103,13499,
210.58,1833.15,51.4824,7.43096,137.137,0,102.419,1,13,-92,-6,2,48,46,10,28367106,262,1,103,13499,
211.608,1833.15,51.4824,7.43096,137.132,0,94.4824,1,10,-93,-6,2,47,45,10,28367106,262,1,103,13499,
212.611,1833.15,51.4824,7.43096,137.116,0,97.202,1,10,-93,-6,2,47,45,10,28367106,262,1,103,13499,
213.608,1842.23,51.4824,7.43109,136.901,4.92215,97.576,1,10,-93,-7,2,47,45,10,28367106,262,1,103,13499,
214.588,1848.16,51.4824,7.43118,136.684,6.16165,97.2813,1,10,-93,-7,2,47,45,10,28367106,262,1,103,13499,
215.606,1854.82,51.4824,7.43127,136.566,7.10454,97.2899,1,9,-93,-7,2,47,45,10,28367106,262,1,103,13499,
216.592,1861.53,51.4824,7.43137,136.468,6.62357,98.2185,1,9,-93,-7,2,47,45,10,28367106,262,1,103,13499,
217.6,1867.8,51.4823,7.43146,136.708,4.96071,97.2714,1,10,-93,-7,2,47,44,10,28367106,262,1,103,13499,
218.623,1872.56,51.4823,7.43153,137.074,4.32334,97.9741,1,10,-93,-7,2,47,44,10,28367106,262,1,103,13499,
219.613,1876.67,51.4823,7.43159,137.109,4.11007,97.9895,1,10,-93,-7,2,47,44,10,28367106,262,1,103,13499,
220.594,1880.75,51.4823,7.43165,137.291,4.25268,97.7945,1,-3,-94,-8,8,46,44,7,28367106,262,1,103,13499,
221.599,1885.07,51.4823,7.43171,137.306,3.76996,97.9146,1,-3,-94,-8,8,46,44,7,28367106,262,1,103,13499,
222.607,1888.96,51.4823,7.43176,137.306,3.06622,98.2564,1,5,-95,-10,11,45,46,7,28367106,262,1,103,13499,
223.599,1892.91,51.4823,7.43182,137.213,4.42222,98.9889,1,5,-95,-10,11,45,46,7,28367106,262,1,103,13499,
224.589,1897.96,51.4823,7.43189,137.412,5.10666,98.6123,1,4,-95,-9,10,45,45,7,28367106,262,1,103,13499,
225.6,1902.9,51.4823,7.43196,137.875,5.69411,97.9065,1,4,-95,-9,10,45,45,7,28367106,262,1,103,13499,
226.618,1909.68,51.4823,7.43206,138.477,7.15609,96.6307,1,5,-97,-10,9,43,43,7,28367106,262,1,103,13499,
227.618,1917.63,51.4823,7.43217,138.955,8.39628,95.9252,1,5,-97,-10,9,43,43,7,28367106,262,1,103,13499,
228.74,1926.54,51.4823,7.4323,139.198,10.1064,96.2066,1,7,-85,-6,3,55,53,7,28367106,262,1,103,13499,
229.607,1937.21,51.4823,7.43245,139.275,10.6128,95.561,1,7,-85,-6,3,55,53,7,28367106,262,1,103,13499,
230.601,1946.85,51.4823,7.43259,139.112,10.3225,95.8952,1,9,-82,-6,6,58,53,11,28368386,262,1,32,13499,
231.614,1956.81,51.4822,7.43273,138.859,9.8604,96.8307,1,9,-82,-6,6,58,53,11,28368386,262,1,32,13499,
232.593,1966.77,51.4822,7.43288,138.544,9.60534,96.9609,1,5,-89,-9,13,51,50,11,28368386,262,1,32,13499,
233.599,1975.98,51.4822,7.43301,138.295,9.10317,96.8157,1,5,-89,-9,13,51,50,11,28368386,262,1,32,13499,
234.601,1984.68,51.4822,7.43313,138.172,8.79755,97.2621,1,7,-87,-8,11,53,49,11,28368386,262,1,32,13499,
235.594,1993.36,51.4822,7.43326,138.029,8.62766,97.0721,1,7,-87,-8,11,53,49,11,28368386,262,1,32,13499,
236.631,2001.82,51.4822,7.43338,137.898,8.57787,96.6783,1,7,-92,-8,12,48,47,4,28367106,262,1,103,13499,
237.609,2010.53,51.4822,7.4335,137.863,8.5441,96.5144,1,7,-92,-8,12,48,47,4,28367106,262,1,103,13499,
238.591,2019.42,51.4822,7.43363,138,8.1605,96.5705,1,7,-92,-8,12,48,47,4,28367106,262,1,103,13499,
239.621,2027.22,51.4822,7.43374,138.102,8.49088,97.0497,1,9,-94,-9,10,46,45,4,28367106,262,1,103,13499,
240.597,2035.92,51.4822,7.43387,138.118,8.95631,96.6379,1,9,-94,-9,10,46,45,4,28367106,262,1,103,13499,
241.589,2044.71,51.4822,7.434,138.195,8.70404,95.9052,1,5,-97,-12,8,43,46,4,28367106,262,1,103,13499,
242.605,2053.68,51.4821,7.43412,138.114,9.46557,96.7904,1,5,-97,-12,8,43,46,4,28367106,262,1,103,13499,
243.607,2062.9,51.4821,7.43426,138.176,10.8943,97.5723,1,4,-96,-10,6,44,45,4,28367106,262,1,103,13499,
244.607,2074.59,51.4821,7.43443,138.142,10.961,97.2579,1,4,-96,-10,6,44,45,4,28367106,262,1,103,13499,
245.594,2086.45,51.4821,7.4346,138.071,11.874,96.8154,1,3,-95,-11,8,45,47,4,28367106,262,1,103,13499,
246.584,2098.38,51.4821,7.43477,138.149,11.5196,97.7206,1,3,-95,-11,8,45,47,4,28367106,262,1,103,13499,
247.596,2109.4,51.4821,7.43493,138.11,12.0008,97.335,1,10,-92,-9,12,48,49,4,28367106,262,1,103,13499,
248.607,2120.79,51.4821,7.43509,138.076,12.0066,97.1946,1,10,-92,-9,12,48,49,4,28367106,262,1,103,13499,
249.595,2132.77,51.4821,7.43526,138.037,11.6314,97.123,1,4,-95,-12,9,45,48,4,28367106,262,1,103,13499,
250.619,2144.81,51.4821,7.43543,138.314,11.234,97.872,1,4,-95,-12,9,45,48,4,28367106,262,1,103,13499,
251.602,2156.19,51.482,7.43559,138.853,11.4167,97.5888,1,3,-91,-10,6,49,50,10,28368386,262,1,32,13499,
252.597,2167.99,51.482,7.43576,139.149,11.2062,97.1843,1,3,-91,-10,6,49,50,10,28368386,262,1,32,13499,
253.619,2180.55,51.482,7.43594,139.431,10.9796,96.8398,1,5,-90,-8,6,50,49,4,28367105,262,1,102,13499,
254.588,2192.4,51.482,7.43611,139.548,10.4234,96.7032,1,5,-90,-8,6,50,49,4,28367105,262,1,102,13499,
255.604,2200.96,51.482,7.43624,139.551,10.0991,96.2406,1,0,-89,-9,7,51,51,4,28367105,262,1,102,13499,
256.6,2210.75,51.482,7.43638,139.556,10.0806,96.8514,1,0,-89,-9,7,51,51,4,28367105,262,1,102,13499,
257.612,2220.65,51.482,7.43652,139.461,10.6304,95.9528,1,2,-91,-10,8,49,50,4,28367105,262,1,102,13499,
258.595,2231.01,51.4819,7.43667,139.177,10.7554,96.5058,1,2,-91,-10,8,49,50,4,28367105,262,1,102,13499,
259.617,2242.45,51.4819,7.43683,139.227,10.5674,96.2565,1,3,-92,-10,6,48,48,9,28368386,262,1,32,13499,
260.619,2252.61,51.4819,7.43698,139.523,10.3274,96.2255,1,3,-92,-10,6,48,48,9,28368386,262,1,32,13499,
261.584,2262.41,51.4819,7.43712,139.585,9.83957,96.1197,1,13,-89,-6,14,51,49,4,28367105,262,1,102,13499,
262.602,2272.42,51.4819,7.43726,139.648,9.15927,95.6671,1,13,-89,-6,14,51,49,4,28367105,262,1,102,13499,
263.6,2281.24,51.4819,7.43739,139.71,8.22612,96.4226,1,8,-89,-7,10,51,49,4,28367105,262,1,102,13499,
264.63,2287.83,51.4819,7.43748,139.553,6.20923,96.8923,1,8,-89,-7,10,51,49,4,28367105,262,1,102,13499,
265.607,2292.66,51.4819,7.43755,139.676,4.18582,93.3146,1,30,-85,-6,11,55,53,4,28367105,262,1,102,13499,
266.601,2296.34,51.4819,7.4376,139.723,2.11535,113.2,1,30,-85,-6,11,55,53,4,28367105,262,1,102,13499,
267.596,2299.29,51.4819,7.43765,139.78,1.86937,95.0931,1,27,-86,-6,11,54,52,4,28367105,262,1,102,13499,
268.62,2301.7,51.4819,7.43768,139.837,1.63434,94.0264,1,27,-86,-6,11,54,52,4,28367105,262,1,102,13499,
269.594,2304.82,51.4819,7.43773,139.933,2.10205,94.8653,1,21,-88,-6,9,52,50,4,28367105,262,1,102,13499,
270.595,2307.08,51.4819,7.43776,140.046,3.63351,95.3861,1,21,-88,-6,9,52,50,4,28367105,262,1,102,13499,
271.636,2310.3,51.4819,7.4378,140.178,3.48644,94.5362,1,22,-84,-6,11,56,52,4,28367105,262,1,102,13499,
272.613,2313.94,51.4819,7.43786,140.3,4.14923,95.405,1,22,-84,-6,11,56,52,4,28367105,262,1,102,13499,
273.6,2317.97,51.4819,7.43791,140.462,4.04254,95.827,1,22,-84,-6,11,56,52,4,28367105,262,1,102,13499,
274.602,2321.81,51.4819,7.43797,140.63,3.4099,95.4629,1,35,-78,-6,13,62,59,4,28367105,262,1,102,13499,
275.607,2327.3,51.4819,7.43805,141.623,4.53743,97.4706,1,35,-78,-6,13,62,59,4,28367105,262,1,102,13499,
276.606,2332.94,51.4819,7.43813,142.82,5.30863,98.3186,1,18,-80,-4,2,60,55,4,28367105,262,1,102,13499,
277.589,2337.8,51.4819,7.4382,144.31,4.83063,100.472,1,18,-80,-4,2,60,55,4,28367105,262,1,102,13499,
278.633,2340.96,51.4818,7.43824,144.437,3.42413,98.0833,1,15,-85,-6,2,55,53,4,28367105,262,1,102,13499,
279.579,2346.14,51.4818,7.43832,144.516,3.71143,100.427,1,15,-85,-6,2,55,53,4,28367105,262,1,102,13499,
280.594,2350.73,51.4818,7.43838,145.582,5.40029,97.645,1,15,-86,-6,12,54,50,4,28367105,262,1,102,13499,
281.605,2354.79,51.4818,7.43844,146.456,5.78474,96.8192,1,15,-86,-6,12,54,50,4,28367105,262,1,102,13499,
282.614,2360.85,51.4818,7.43853,147.094,7.17535,96.1129,1,11,-91,-7,11,49,46,4,28367105,262,1,102,13499,
283.605,2369,51.4818,7.43865,147.764,8.2255,96.4074,1,11,-91,-7,11,49,46,4,28367105,262,1,102,13499,
284.609,2377.56,51.4818,7.43877,148.499,9.16848,95.694,1,6,-96,-11,9,44,45,4,28367105,262,1,102,13499,
285.616,2387.41,51.4818,7.43891,149.095,10.2938,95.5181,1,6,-96,-11,9,44,45,4,28367105,262,1,102,13499,
286.701,2397.98,51.4818,7.43906,149.595,10.6995,95.1246,1,14,-81,-6,14,59,53,9,28368386,262,1,32,13499,
287.595,2408.74,51.4818,7.43922,149.976,10.8561,95.0794,1,14,-81,-6,14,59,53,9,28368386,262,1,32,13499,
288.593,2419.89,51.4818,7.43938,150.234,11.4759,94.7893,1,12,-90,-8,9,50,48,9,28368386,262,1,32,13499,
289.624,2430.86,51.4818,7.43954,150.484,12.0428,95.066,1,12,-90,-8,9,50,48,9,28368386,262,1,32,13499,
290.601,2442.35,51.4818,7.4397,150.554,11.744,95.3932,1,10,-92,-8,11,48,46,9,28368386,262,1,32,13499,
291.611,2454.21,51.4818,7.43987,150.568,11.6985,95.1571,1,10,-92,-8,11,48,46,9,28368386,262,1,32,13499,
292.599,2466.12,51.4817,7.44004,150.541,12.1869,95.2523,1,10,-93,-8,11,47,46,9,28368386,262,1,32,13499,
293.602,2478.04,51.4817,7.44022,150.487,12.1527,94.5878,1,10,-93,-8,11,47,46,9,28368386,262,1,32,13499,
294.61,2490.22,51.4817,7.44039,150.493,11.5885,95.5492,1,12,-94,-8,11,46,45,9,28368386,262,1,32,13499,
295.587,2501.35,51.4817,7.44055,150.433,10.9296,95.6786,1,12,-94,-8,11,46,45,9,28368386,262,1,32,13499,
296.592,2512.36,51.4817,7.44071,150.3,10.6464,96.0355,1,9,-94,-9,11,46,44,9,28368386,262,1,32,13499,
297.614,2523.35,51.4817,7.44087,150.203,10.7657,96.435,1,9,-94,-9,11,46,44,9,28368386,262,1,32,13499,
298.593,2535.97,51.4817,7.44105,155.9,11.0893,97.1831,1,7,-94,-8,8,46,45,9,28368386,262,1,32,13499,
299.604,2546.51,51.4817,7.44118,150.073,10.6988,99.7499,1,7,-94,-8,8,46,45,9,28368386,262,1,32,13499,
300.595,2556.58,51.4816,7.44132,150.135,10.0583,103.664,1,8,-94,-10,8,46,46,9,28368386,262,1,32,13499,
301.592,2567.88,51.4816,7.44146,149.97,10.3408,118.128,1,8,-94,-10,8,46,46,9,28368386,262,1,32,13499,
302.624,2580.19,51.4815,7.44161,149.786,10.5731,119.699,1,8,-94,-10,8,46,46,9,28368386,262,1,32,13499,
303.607,2591.33,51.4815,7.44175,149.513,11.2656,121.857,1,10,-93,-9,9,47,47,9,28368386,262,1,32,13499,
304.617,2602.13,51.4814,7.44187,149.357,12.3847,124.916,1,10,-93,-9,9,47,47,9,28368386,262,1,32,13499,
305.615,2613.13,51.4814,7.442,149.269,12.4132,127.61,1,1,-89,-7,6,51,49,7,28367105,262,1,102,13499,
306.603,2625.71,51.4813,7.44212,149.374,12.9684,130.64,1,1,-89,-7,6,51,49,7,28367105,262,1,102,13499,
307.618,2638.92,51.4812,7.44225,149.391,13.2257,133.238,1,7,-94,-9,8,46,46,7,28367105,262,1,102,13499,
308.592,2652.71,51.4811,7.44239,149.662,12.7496,134.334,1,7,-94,-9,8,46,46,7,28367105,262,1,102,13499,
309.606,2666.03,51.481,7.44251,150.023,12.2914,133.699,1,13,-88,-6,8,52,48,7,28367105,262,1,102,13499,
310.588,2678.09,51.4809,7.44263,150.066,12.6318,133.351,1,13,-88,-6,8,52,48,7,28367105,262,1,102,13499,
311.617,2690.59,51.4809,7.44276,150.335,12.3478,132.922,1,20,-85,-5,14,55,53,7,28367105,262,1,102,13499,
312.6,2702.88,51.4808,7.44289,150.79,11.7173,133.825,1,20,-85,-5,14,55,53,7,28367105,262,1,102,13499,
313.589,2715.22,51.4807,7.44301,151.48,10.8459,137.276,1,8,-88,-5,10,52,48,7,28367105,262,1,102,13499,
314.587,2726.67,51.4806,7.44309,152.385,10.2434,153.254,1,8,-88,-5,10,52,48,7,28367105,262,1,102,13499,
315.603,2738.51,51.4805,7.44313,153.27,9.39682,170.349,1,6,-92,-7,12,48,45,7,28367105,262,1,102,13499,
316.605,2749.22,51.4804,7.44315,154.044,10.0027,173.659,1,6,-92,-7,12,48,45,7,28367105,262,1,102,13499,
317.61,2759.22,51.4803,7.44317,155.095,10.8042,173.306,1,10,-96,-8,9,44,44,7,28367105,262,1,102,13499,
318.605,2770.9,51.4802,7.44319,155.591,11.2867,171.48,1,10,-96,-8,9,44,44,7,28367105,262,1,102,13499,
319.6,2782.43,51.4801,7.44326,155.725,12.5037,153.79,1,-1,-96,-9,8,44,43,10,28367105,262,1,102,13499,
320.585,2796.07,51.48,7.44334,156.362,13.2325,153.098,1,-1,-96,-9,8,44,43,10,28367105,262,1,102,13499,
321.601,2810.66,51.4799,7.44344,157.275,14.2874,152.575,1,1,-101,-12,7,39,42,10,28367105,262,1,102,13499,
322.584,2825.29,51.4798,7.44353,158.14,14.9432,152.184,1,1,-101,-12,7,39,42,10,28367105,262,1,102,13499,
323.62,2840.21,51.4797,7.44364,158.714,15.7178,151.499,1,1,-101,-12,7,39,42,10,28367105,262,1,102,13499,
324.622,2856.18,51.4795,7.44375,159.164,16.2377,151.822,1,-4,-99,-10,6,41,42,7,28368386,262,1,32,13499,
325.587,2872.66,51.4794,7.44386,159.518,16.6587,150.897,1,-4,-99,-10,6,41,42,7,28368386,262,1,32,13499,
326.608,2888.95,51.4793,7.44397,159.756,16.7884,151.318,1,7,-99,-10,9,41,42,7,28368386,262,1,32,13499,
327.623,2905.55,51.4791,7.44409,159.926,16.5087,150.957,1,7,-99,-10,9,41,42,7,28368386,262,1,32,13499,
328.598,2922.05,51.479,7.4442,159.987,16.59,151.114,1,7,-96,-9,10,44,44,7,28368386,262,1,32,13499,
329.623,2938.58,51.4789,7.44432,159.813,16.3165,151.18,1,7,-96,-9,10,44,44,7,28368386,262,1,32,13499,
330.603,2954.8,51.4787,7.44443,159.551,16.4207,151.722,1,5,-102,-12,10,38,39,7,28368386,262,1,32,13499,
331.61,2971.57,51.4786,7.44455,159.316,16.7403,152.189,1,5,-102,-12,10,38,39,7,28368386,262,1,32,13499,
332.586,2988.27,51.4785,7.44466,159.137,16.8936,151.679,1,2,-108,-14,7,32,37,12,28367105,262,1,32,13499,
333.633,3004.95,51.4784,7.44478,158.898,16.6616,151.711,1,2,-108,-14,7,32,37,12,28367105,262,1,32,13499,
334.603,3021.77,51.4782,7.4449,158.653,16.8313,151.862,1,-1,-106,-12,6,34,38,12,28367105,262,1,102,13499,
335.605,3037.81,51.4781,7.445,158.639,16.4362,151.451,1,-1,-106,-12,6,34,38,12,28367105,262,1,102,13499,
336.592,3054.72,51.478,7.44512,158.82,16.5756,151.188,1,0,-101,-8,6,39,38,7,28368384,262,1,31,13499,
337.621,3071.12,51.4778,7.44523,159.153,16.3151,151.23,1,0,-101,-8,6,39,38,7,28368384,262,1,31,13499,
338.592,3087.3,51.4777,7.44535,159.466,16.1238,151.569,1,5,-102,-9,8,38,38,7,28368384,262,1,31,13499,
339.635,3102.9,51.4776,7.44545,159.711,15.6637,151.427,1,5,-102,-9,8,38,38,7,28368384,262,1,31,13499,
340.623,3118.19,51.4775,7.44556,159.883,14.6924,151.373,1,6,-96,-7,11,44,41,7,28368384,262,1,31,13499,
341.605,3132.37,51.4773,7.44566,159.961,13.6418,151.224,1,6,-96,-7,11,44,41,7,28368384,262,1,31,13499,
342.589,3145.67,51.4772,7.44575,160.034,12.612,151.175,1,13,-96,-7,8,44,42,7,28368384,262,1,31,13499,
343.621,3157.95,51.4771,7.44584,160.049,12.1497,151.33,1,13,-96,-7,8,44,42,7,28368384,262,1,31,13499,
344.595,3169.69,51.477,7.44592,160.01,11.6511,151.107,1,13,-96,-7,8,44,42,7,28368384,262,1,31,13499,
345.606,3180.9,51.477,7.44599,159.896,11.3038,151.047,1,4,-94,-7,8,46,44,7,28368384,262,1,31,13499,
346.614,3192.39,51.4769,7.44607,159.818,11.1811,151.36,1,4,-94,-7,8,46,44,7,28368384,262,1,31,13499,
347.595,3204.29,51.4768,7.44616,159.666,11.7903,151.932,1,3,-97,-8,9,43,41,7,28368384,262,1,31,13499,
348.599,3216.73,51.4767,7.44624,159.46,12.8026,152.356,1,3,-97,-8,9,43,41,7,28368384,262,1,31,13499,
349.628,3229.31,51.4766,7.44632,159.382,12.7721,152.026,1,1,-99,-10,8,41,43,7,28368384,262,1,31,13499,
350.599,3241.35,51.4765,7.4464,159.36,12.4477,152.046,1,1,-99,-10,8,41,43,7,28368384,262,1,31,13499,
351.601,3253.57,51.4764,7.44648,159.537,11.9708,152.282,1,5,-92,-7,11,48,47,11,29568768,262,1,415,13499,
352.614,3265.41,51.4763,7.44656,159.746,11.4769,152.473,1,5,-92,-7,11,48,47,11,29568768,262,1,415,13499,
353.613,3277.05,51.4762,7.44664,160.025,11.3834,152.13,1,13,-87,-6,13,53,50,11,29568768,262,1,415,13499,
354.601,3288.51,51.4761,7.44672,160.161,11.4626,151.691,1,13,-87,-6,13,53,50,11,29568768,262,1,415,13499,
355.603,3299.2,51.476,7.44679,160.055,10.9761,151.657,1,28,-87,-6,11,53,50,11,29568768,262,1,415,13499,
356.613,3309.09,51.4759,7.44686,159.991,8.7067,151.752,1,28,-87,-6,11,53,50,11,29568768,262,1,415,13499,
357.614,3317.08,51.4759,7.44692,159.975,6.89712,152.093,1,31,-87,-7,14,53,51,11,29568768,262,1,415,13499,
358.624,3323.05,51.4758,7.44696,160.001,5.38773,151.602,1,31,-87,-7,14,53,51,11,29568768,262,1,415,13499,
359.578,3327.7,51.4758,7.44699,160.002,3.95873,151.85,1,18,-85,-5,9,55,52,11,29568768,262,1,415,13499,
360.602,3330.11,51.4758,7.447,159.963,3.1864,152.679,1,18,-85,-5,9,55,52,11,29568768,262,1,415,13499,
361.613,3332.77,51.4758,7.44702,159.912,3.57164,152.249,1,14,-83,-5,14,57,52,11,29568768,262,1,415,13499,
362.595,3337.61,51.4757,7.44705,159.465,5.57557,151.612,1,14,-83,-5,14,57,52,11,29568768,262,1,415,13499,
363.605,3344.78,51.4757,7.4471,159.267,7.00388,150.642,1,24,-85,-5,14,55,51,11,29568768,262,1,415,13499,
364.615,3352.69,51.4756,7.44716,159.158,8.05079,149.898,1,24,-85,-5,14,55,51,11,29568768,262,1,415,13499,
365.611,3360.83,51.4755,7.44722,159.245,7.9747,149.513,1,10,-88,-6,13,52,49,11,29568768,262,1,415,13499,
366.596,3368.76,51.4755,7.44728,159.32,7.70615,149.418,1,10,-88,-6,13,52,49,11,29568768,262,1,415,13499,
367.607,3376.33,51.4754,7.44734,159.43,7.47251,149.264,1,12,-96,-10,7,44,45,11,29568768,262,1,415,13499,
368.591,3383.54,51.4754,7.44739,159.489,7.5118,149.178,1,12,-96,-10,7,44,45,11,29568768,262,1,415,13499,
369.584,3390.44,51.4753,7.44744,159.511,7.13205,148.768,1,5,-89,-6,6,51,48,7,28368384,262,1,31,13499,
370.585,3397.65,51.4752,7.4475,159.553,7.43205,148.355,1,5,-89,-6,6,51,48,7,28368384,262,1,31,13499,
371.611,3405.86,51.4752,7.44756,159.796,8.05092,147.752,1,5,-89,-6,6,51,48,7,28368384,262,1,31,13499,
372.617,3414.34,51.4751,7.44763,160.065,8.83801,147.012,1,9,-95,-8,10,45,44,7,28368384,262,1,31,13499,
373.61,3423.67,51.4751,7.4477,160.357,9.44019,146.152,1,9,-95,-8,10,45,44,7,28368384,262,1,31,13499,
374.586,3432.93,51.475,7.44777,160.558,9.33989,145.481,1,4,-96,-7,8,44,41,7,28368384,262,1,31,13499,
375.591,3442.32,51.4749,7.44785,160.782,9.30894,144.753,1,4,-96,-7,8,44,41,7,28368384,262,1,31,13499,
376.608,3452.17,51.4748,7.44794,161.04,9.76812,144.125,1,4,-99,-8,9,41,41,7,28368384,262,1,31,13499,
377.609,3461.02,51.4748,7.44801,160.834,9.34868,143.516,1,4,-99,-8,9,41,41,7,28368384,262,1,31,13499,
378.583,3470.78,51.4747,7.4481,160.989,9.10505,143.038,1,1,-99,-8,8,41,41,7,28368384,262,1,31,13499,
379.604,3479.21,51.4746,7.44817,160.708,9.48013,142.536,1,1,-99,-8,8,41,41,7,28368384,262,1,31,13499,
380.621,3487.97,51.4746,7.44825,160.307,9.18937,141.959,1,4,-98,-8,9,42,42,7,28368384,262,1,31,13499,
381.6,3497.66,51.4745,7.44834,159.968,9.8972,141.54,1,4,-98,-8,9,42,42,7,28368384,262,1,31,13499,
382.604,3508.23,51.4744,7.44843,159.784,10.9711,141.056,1,3,-97,-9,8,43,43,7,28368384,262,1,31,13499,
383.614,3519.81,51.4744,7.44854,159.66,11.5475,140.626,1,3,-97,-9,8,43,43,7,28368384,262,1,31,13499,
384.592,3532.13,51.4743,7.44866,159.662,11.9952,140.071,1,5,-95,-8,2,45,44,7,28368384,262,1,31,13499,
385.642,3544.43,51.4742,7.44878,159.716,12.2601,139.559,1,5,-95,-8,2,45,44,7,28368384,262,1,31,13499,
386.61,3557.16,51.4741,7.4489,159.869,12.7938,139.775,1,6,-94,-8,2,46,45,7,28368384,262,1,31,13499,
387.595,3570.7,51.474,7.44903,160.151,13.5995,139.184,1,6,-94,-8,2,46,45,7,28368384,262,1,31,13499,
388.602,3583.59,51.4739,7.44915,160.435,13.1084,138.35,1,1,-92,-7,2,48,47,7,28368384,262,1,31,13499,
389.597,3596.66,51.4738,7.44928,160.645,12.6782,137.474,1,1,-92,-7,2,48,47,7,28368384,262,1,31,13499,
390.595,3608.73,51.4738,7.4494,160.671,12.225,136.509,1,-7,-90,-8,2,50,51,7,28368384,262,1,31,13499,
391.607,3620.59,51.4737,7.44953,160.64,11.8241,135.182,1,-7,-90,-8,2,50,51,7,28368384,262,1,31,13499,
392.649,3631.66,51.4736,7.44964,160.643,11.3681,133.757,1,20,-84,-7,2,56,54,7,29568768,262,1,415,13499,
393.602,3642.56,51.4736,7.44976,160.462,10.564,132.258,1,20,-84,-7,2,56,54,7,29568768,262,1,415,13499,
394.61,3651.74,51.4735,7.44987,160.227,9.17234,131.368,1,20,-84,-7,2,56,54,7,29568768,262,1,415,13499,
395.777,3660.01,51.4735,7.44996,160.108,8.03904,130.317,1,24,-81,-6,2,59,57,7,29568768,262,1,415,13499,
396.593,3667.93,51.4734,7.45006,159.973,6.89109,129.57,1,24,-81,-6,2,59,57,7,29568768,262,1,415,13499,
397.584,3673.78,51.4734,7.45012,159.706,5.17159,128.46,1,18,-83,-6,13,57,54,6,29568768,262,1,415,13499,
398.591,3677.35,51.4734,7.45017,159.678,3.66098,127.035,1,18,-83,-6,13,57,54,6,29568768,262,1,415,13499,
399.603,3679.58,51.4734,7.4502,159.646,2.22094,126.446,1,20,-85,-6,1,55,53,6,29568768,262,1,415,13499,
400.612,3679.58,51.4733,7.44951,nan,1.39615,126.632,1,20,-85,-6,1,55,53,6,29568768,262,1,415,13499,
401.603,3679.58,51.4734,7.45026,159.619,0.424075,126.632,1,16,-86,-5,10,54,51,6,29568768,262,1,415,13499,
402.61,3679.58,51.4734,7.45026,159.614,0,126.632,1,16,-86,-5,10,54,51,6,29568768,262,1,415,13499,
403.6,3679.58,51.4734,7.45026,159.607,0,126.632,1,21,-83,-5,11,57,53,6,29568768,262,1,415,13499,
404.607,3679.58,51.4734,7.45026,159.601,0,126.632,1,21,-83,-5,11,57,53,6,29568768,262,1,415,13499,
405.608,3679.58,51.4734,7.45026,159.596,0,126.632,1,19,-83,-5,10,57,54,6,29568768,262,1,415,13499,
406.617,3679.58,51.4734,7.45026,159.593,0,126.632,1,19,-83,-5,10,57,54,6,29568768,262,1,415,13499,
407.62,3679.58,51.4734,7.45026,159.591,0,126.632,1,20,-83,-5,12,57,53,6,29568768,262,1,415,13499,
408.619,3679.58,51.4734,7.45026,159.591,0,126.632,1,20,-83,-5,12,57,53,6,29568768,262,1,415,13499,
409.602,3679.58,51.4734,7.45026,159.591,0,126.632,1,24,-83,-5,11,57,55,6,29568768,262,1,415,13499,
410.609,3679.58,51.4734,7.45026,159.593,0,126.632,1,24,-83,-5,11,57,55,6,29568768,262,1,415,13499,
411.624,3679.58,51.4734,7.45026,159.59,0,126.632,1,24,-83,-5,11,57,55,6,29568768,262,1,415,13499,
412.609,3679.58,51.4734,7.45026,159.586,0,126.632,1,17,-82,-5,13,58,54,6,29568768,262,1,415,13499,
413.599,3679.58,51.4734,7.45026,159.582,0,126.632,1,17,-82,-5,13,58,54,6,29568768,262,1,415,13499,
414.607,3679.58,51.4734,7.45026,159.576,0,126.632,1,15,-83,-5,11,57,53,6,29568768,262,1,415,13499,
415.606,3679.58,51.4734,7.45026,159.572,0,126.632,1,15,-83,-5,11,57,53,6,29568768,262,1,415,13499,
416.593,3679.58,51.4734,7.45026,159.566,0,126.632,1,19,-83,-4,2,57,53,6,29568768,262,1,415,13499,
417.601,3679.58,51.4734,7.45026,159.558,0,126.632,1,19,-83,-4,2,57,53,6,29568768,262,1,415,13499,
418.607,3679.58,51.4734,7.45026,159.549,0,126.632,1,22,-84,-5,2,56,53,6,29568768,262,1,415,13499,
419.594,3679.58,51.4734,7.45026,159.54,0,126.632,1,22,-84,-5,2,56,53,6,29568768,262,1,415,13499,
420.588,3679.58,51.4734,7.45026,159.531,0,126.632,1,21,-84,-5,2,56,53,6,29568768,262,1,415,13499,
421.622,3679.58,51.4734,7.45026,159.521,0,126.632,1,21,-84,-5,2,56,53,6,29568768,262,1,415,13499,
422.594,3679.58,51.4734,7.45026,159.512,0,126.632,1,20,-84,-5,2,56,53,6,29568768,262,1,415,13499,
423.599,3679.58,51.4734,7.45026,159.502,0,126.632,1,20,-84,-5,2,56,53,6,29568768,262,1,415,13499,
424.604,3679.58,51.4734,7.45026,159.492,0,126.632,1,21,-83,-5,2,57,53,6,29568768,262,1,415,13499,
425.599,3679.58,51.4734,7.45026,159.481,0,126.632,1,21,-83,-5,2,57,53,6,29568768,262,1,415,13499,
426.619,3679.58,51.4734,7.45026,159.47,0,126.632,1,22,-83,-5,2,57,53,6,29568768,262,1,415,13499,
427.62,3679.58,51.4734,7.45026,159.458,0,126.632,1,22,-83,-5,2,57,53,6,29568768,262,1,415,13499,
428.588,3679.58,51.4734,7.45026,159.446,0,126.632,1,22,-83,-5,2,57,53,6,29568768,262,1,415,13499,
429.618,3679.58,51.4734,7.45026,159.433,0,126.632,1,22,-83,-5,2,57,53,6,29568768,262,1,415,13499,
430.613,3679.58,51.4734,7.45026,159.421,0,126.632,1,20,-84,-5,2,56,53,6,29568768,262,1,415,13499,
431.608,3679.58,51.4734,7.45026,159.297,0,126.632,1,20,-84,-5,2,56,53,6,29568768,262,1,415,13499,
432.608,3679.58,51.4734,7.45026,159.161,0,129.487,1,20,-84,-5,2,56,53,6,29568768,262,1,415,13499,
433.616,3679.58,51.4734,7.45026,158.997,0,127.216,1,16,-85,-6,2,55,52,6,29568768,262,1,415,13499,
434.604,3685.81,51.4733,7.45032,158.872,3.59678,126.584,1,16,-85,-6,2,55,52,6,29568768,262,1,415,13499,
435.59,3690.28,51.4733,7.45037,157.886,4.94362,125.897,1,19,-86,-6,2,54,51,6,29568768,262,1,415,13499,
436.624,3695.1,51.4733,7.45042,157.063,5.58956,125.318,1,19,-86,-6,2,54,51,6,29568768,262,1,415,13499,
437.598,3700.62,51.4732,7.45049,156.762,7.04783,124.322,1,18,-85,-6,2,55,53,6,29568768,262,1,415,13499,
438.598,3707.51,51.4732,7.45058,156.899,8.49164,123.718,1,18,-85,-6,2,55,53,6,29568768,262,1,415,13499,
439.613,3716.3,51.4732,7.45068,157.098,9.80742,123.06,1,22,-83,-5,2,57,54,6,29568768,262,1,415,13499,
440.594,3726.81,51.4731,7.45081,157.181,10.8799,122.078,1,22,-83,-5,2,57,54,6,29568768,262,1,415,13499,
441.619,3738.75,51.4731,7.45096,157.147,12.0459,120.984,1,18,-81,-5,2,59,56,6,29568768,262,1,415,13499,
442.596,3752.37,51.473,7.45113,157.298,13.2238,119.404,1,18,-81,-5,2,59,56,6,29568768,262,1,415,13499,
443.621,3766.2,51.4729,7.45131,157.514,14.1994,117.601,1,26,-80,-5,2,60,56,6,29568768,262,1,415,13499,
444.689,3780.75,51.4729,7.45151,157.809,15.1644,116.203,1,26,-80,-5,2,60,56,6,29568768,262,1,415,13499,
445.628,3796.81,51.4728,7.45172,158.314,16.0116,114.603,1,16,-83,-6,12,57,54,4,29568768,262,1,415,13499,
446.593,3812.56,51.4728,7.45193,158.642,15.9771,112.806,1,16,-83,-6,12,57,54,4,29568768,262,1,415,13499,
447.616,3828.56,51.4727,7.45215,159.264,15.6072,110.981,1,21,-76,-5,12,64,59,4,29568768,262,1,415,13499,
448.623,3844.22,51.4727,7.45237,159.682,15.3182,109.42,1,21,-76,-5,12,64,59,4,29568768,262,1,415,13499,
449.606,3858.84,51.4727,7.45257,159.853,14.9284,107.781,1,36,-77,-5,13,63,58,4,29568768,262,1,415,13499,
450.596,3873.68,51.4726,7.45278,160.017,14.6842,106.796,1,36,-77,-5,13,63,58,4,29568768,262,1,415,13499,
451.598,3887.49,51.4726,7.45297,159.867,14.232,105.722,1,22,-82,-5,14,58,55,4,29568768,262,1,415,13499,
452.605,3901.9,51.4726,7.45318,159.707,13.7588,104.634,1,22,-82,-5,14,58,55,4,29568768,262,1,415,13499,
453.612,3915.25,51.4725,7.45337,159.577,13.4355,103.692,1,22,-82,-5,14,58,55,4,29568768,262,1,415,13499,
454.597,3929.02,51.4725,7.45356,159.544,13.468,104.165,1,21,-78,-5,15,62,57,4,29568768,262,1,415,13499,
455.593,3941.95,51.4725,7.45374,159.108,14.0492,104.865,1,21,-78,-5,15,62,57,4,29568768,262,1,415,13499,
456.583,3956.05,51.4725,7.45394,158.668,14.5767,105.257,1,14,-84,-6,1,56,53,4,29568768,262,1,415,13499,
457.602,3970.65,51.4724,7.45415,158.102,15.2347,105.85,1,14,-84,-6,1,56,53,4,29568768,262,1,415,13499,
458.61,3986.14,51.4724,7.45436,157.429,15.3911,106.791,1,19,-80,-5,12,60,56,4,29568768,262,1,415,13499,
459.62,4000.32,51.4724,7.45456,156.721,15.0929,107.205,1,19,-80,-5,12,60,56,4,29568768,262,1,415,13499,
460.604,4000.32,51.4726,7.45514,nan,14.8416,107.733,1,17,-79,-5,13,61,58,4,29568768,262,1,415,13499,
461.597,4000.32,51.4723,7.45498,155.823,14.5303,108.119,1,17,-79,-5,13,61,58,4,29568768,262,1,415,13499,
462.607,4014.45,51.4723,7.45517,155.556,14.322,108.996,1,24,-80,-5,15,60,56,4,29568768,262,1,415,13499,
463.63,4028.59,51.4722,7.45537,155.516,14.1321,109.423,1,24,-80,-5,15,60,56,4,29568768,262,1,415,13499,
464.62,4043.02,51.4722,7.45556,155.601,13.9874,110.087,1,19,-82,-5,12,58,53,4,29568768,262,1,415,13499,
465.602,4056.96,51.4721,7.45575,155.712,13.9455,111.081,1,19,-82,-5,12,58,53,4,29568768,262,1,415,13499,
466.582,4070.5,51.4721,7.45594,155.643,13.9275,111.915,1,12,-87,-5,9,53,50,4,29568768,262,1,415,13499,
467.616,4084.43,51.472,7.45612,155.5,13.7758,112.619,1,12,-87,-5,9,53,50,4,29568768,262,1,415,13499,
468.629,4097.76,51.472,7.4563,155.233,13.5965,113.264,1,10,-85,-5,14,55,51,4,29568768,262,1,415,13499,
469.616,4111.7,51.4719,7.45648,154.735,13.4358,113.824,1,10,-85,-5,14,55,51,4,29568768,262,1,415,13499,
470.609,4125.43,51.4719,7.45666,154.11,13.2895,114.327,1,21,-83,-6,12,57,53,4,29568768,262,1,415,13499,
471.606,4138.49,51.4718,7.45683,153.594,13.2087,114.76,1,21,-83,-6,12,57,53,4,29568768,262,1,415,13499,
472.608,4151.57,51.4718,7.457,153.08,13.0654,115.268,1,19,-85,-5,12,55,51,4,29568768,262,1,415,13499,
473.605,4164.54,51.4717,7.45717,152.517,12.9641,115.843,1,19,-85,-5,12,55,51,4,29568768,262,1,415,13499,
474.626,4177.55,51.4717,7.45734,151.954,12.9793,116.203,1,13,-87,-6,12,53,49,4,29568768,262,1,415,13499,
475.612,4190.09,51.4716,7.4575,151.574,12.8641,116.955,1,13,-87,-6,12,53,49,4,29568768,262,1,415,13499,
476.596,4202.05,51.4716,7.45765,151.211,12.7427,117.705,1,11,-91,-6,11,49,47,4,29568768,262,1,415,13499,
477.6,4215.24,51.4715,7.45782,150.978,12.4936,117.742,1,11,-91,-6,11,49,47,4,29568768,262,1,415,13499,
478.608,4227.41,51.4715,7.45797,150.586,12.2307,117.32,1,14,-88,-6,14,52,48,4,29568768,262,1,415,13499,
479.628,4239.59,51.4714,7.45812,150.098,11.802,116.662,1,14,-88,-6,14,52,48,4,29568768,262,1,415,13499,
480.658,4250.73,51.4714,7.45827,149.844,11.0142,116.033,1,14,-88,-6,14,52,48,4,29568768,262,1,415,13499,
481.586,4260.64,51.4713,7.4584,149.719,10.2801,115.666,1,17,-86,-5,2,54,50,4,29568768,262,1,415,13499,
482.611,4270.34,51.4713,7.45853,149.69,9.61662,115.261,1,17,-86,-5,2,54,50,4,29568768,262,1,415,13499,
483.616,4279.6,51.4713,7.45865,149.631,8.50585,115.508,1,13,-90,-7,9,50,48,4,29568768,262,1,415,13499,
484.606,4287.92,51.4712,7.45876,149.468,7.42575,115.749,1,13,-90,-7,9,50,48,4,29568768,262,1,415,13499,
485.606,4295.39,51.4712,7.45885,149.261,6.66316,115.545,1,13,-93,-8,8,47,46,4,29568768,262,1,415,13499,
486.593,4301.87,51.4712,7.45894,149.127,5.96882,116.382,1,13,-93,-8,8,47,46,4,29568768,262,1,415,13499,
487.614,4307.44,51.4711,7.45901,149.01,5.24491,116.108,1,21,-92,-9,11,48,48,4,29568768,262,1,415,13499,
488.582,4312.14,51.4711,7.45907,148.908,4.72843,116.92,1,21,-92,-9,11,48,48,4,29568768,262,1,415,13499,
489.6,4315.95,51.4711,7.45912,148.916,3.92052,117.498,1,13,-93,-8,14,47,47,4,29568768,262,1,415,13499,
490.615,4318.89,51.4711,7.45915,148.904,2.76303,115.797,1,13,-93,-8,14,47,47,4,29568768,262,1,415,13499,
491.599,4320.62,51.4711,7.45918,148.876,2.07184,114.591,1,13,-92,-9,12,48,48,4,29568768,262,1,415,13499,
492.61,4322.61,51.4711,7.4592,148.84,1.58989,115.762,1,13,-92,-9,12,48,48,4,29568768,262,1,415,13499,
493.555,4324.35,51.4711,7.45923,148.782,1.44604,116.739,1,7,-95,-10,11,45,45,4,29568768,262,1,415,13499,
494.623,4327.35,51.4711,7.45926,148.732,3.17297,115.634,1,7,-95,-10,11,45,45,4,29568768,262,1,415,13499,
495.604,4332.86,51.471,7.45934,148.06,5.62101,117.495,1,10,-95,-10,7,45,47,4,29568768,262,1,415,13499,
496.578,4339.09,51.471,7.45942,147.939,6.38075,115.616,1,10,-95,-10,7,45,47,4,29568768,262,1,415,13499,
497.592,4345.79,51.471,7.4595,147.8,7.60573,116.247,1,4,-95,-11,2,45,47,4,29568768,262,1,415,13499,
498.636,4354.58,51.471,7.45961,147.831,9.01816,115.768,1,4,-95,-11,2,45,47,4,29568768,262,1,415,13499,
499.593,4364.74,51.4709,7.45975,147.613,10.6933,115.113,1,4,-95,-11,2,45,47,4,29568768,262,1,415,13499,
500.589,4375.45,51.4709,7.45989,147.271,11.6215,114.238,1,4,-95,-11,2,45,47,4,29568768,262,1,415,13499,
501.61,4387.34,51.4708,7.46005,146.644,12.7004,113.326,1,4,-95,-11,2,45,47,4,29568768,262,1,415,13499,
502.608,4399.94,51.4708,7.46021,146.19,13.294,112.707,1,-3,-96,-12,2,44,47,4,29568768,262,1,415,13499,
503.606,4413.1,51.4707,7.46039,145.701,12.7879,112.002,1,-3,-96,-12,2,44,47,4,29568768,262,1,415,13499,
504.603,4426.11,51.4707,7.46057,145.273,12.7142,112.569,1,-4,-98,-13,2,42,46,4,29568768,262,1,415,13499,
505.62,4439.19,51.4707,7.46074,145.006,13.5453,113.434,1,-4,-98,-13,2,42,46,4,29568768,262,1,415,13499,
506.607,4451.81,51.4706,7.46091,144.765,13.4063,114.239,1,0,-98,-13,2,42,47,4,29568768,262,1,415,13499,
507.602,4465.42,51.4706,7.46109,144.861,13.276,114.768,1,0,-98,-13,2,42,47,4,29568768,262,1,415,13499,
508.629,4479.48,51.4705,7.46127,145.267,12.9814,114.754,1,1,-95,-11,2,45,48,4,29568769,262,1,416,13499,
509.601,4491.84,51.4705,7.46144,145.575,12.9876,115.148,1,1,-95,-11,2,45,48,4,29568769,262,1,416,13499,
510.593,4504.95,51.4704,7.46161,146.231,13.1213,117.054,1,-4,-96,-12,2,44,47,4,29568769,262,1,416,13499,
511.607,4518.3,51.4704,7.46178,146.458,12.8294,115.763,1,-4,-96,-12,2,44,47,4,29568769,262,1,416,13499,
512.603,4533.22,51.4703,7.46197,147.039,13.9551,115.43,1,-7,-101,-14,2,39,45,4,29568769,262,1,416,13499,
513.618,4547.26,51.4702,7.46215,147.212,15.0903,115.195,1,-7,-101,-14,2,39,45,4,29568769,262,1,416,13499,
514.606,4562,51.4702,7.46234,146.883,15.4964,115.173,1,-3,-99,-10,2,41,43,4,26378498,262,1,495,13499,
515.607,4576.8,51.4701,7.46254,147.104,15.2021,115.456,1,-3,-99,-10,2,41,43,4,26378498,262,1,495,13499,
516.613,4591.98,51.4701,7.46273,147.607,14.8671,116.301,1,-3,-97,-9,2,43,43,4,26378498,262,1,495,13499,
517.616,4606.32,51.47,7.46292,148.51,14.832,116.687,1,-3,-97,-9,2,43,43,4,26378498,262,1,495,13499,
518.615,4621.53,51.47,7.46312,149.132,14.4089,115.254,1,-3,-97,-9,2,43,43,4,26378498,262,1,495,13499,
519.625,4637.17,51.4699,7.46333,149.526,14.5735,114.182,1,-2,-97,-9,2,43,43,4,26378498,262,1,495,13499,
520.596,4637.17,51.4695,7.46328,nan,15.4091,113.676,1,-2,-97,-9,2,43,43,4,26378498,262,1,495,13499,
521.594,4637.17,51.4698,7.46374,149.812,16.3011,112.702,1,2,-101,-12,8,39,43,13,26378498,262,1,495,13499,
522.628,4653.92,51.4697,7.46396,149.837,17.1209,111.534,1,2,-101,-12,8,39,43,13,26378498,262,1,495,13499,
523.601,4671.28,51.4697,7.4642,149.866,16.8958,110.556,1,9,-100,-10,4,40,42,13,26378498,262,1,495,13499,
524.584,4688.23,51.4696,7.46443,149.757,16.7455,110.117,1,9,-100,-10,4,40,42,13,26378498,262,1,495,13499,
525.595,4704.45,51.4696,7.46465,149.617,17.0104,108.711,1,3,-96,-8,9,44,44,13,26378498,262,1,495,13499,
526.616,4722.15,51.4696,7.4649,149.562,17.7597,107.105,1,3,-96,-8,9,44,44,13,26378498,262,1,495,13499,
527.605,4740.64,51.4695,7.46516,149.541,18.3866,104.573,1,-1,-103,-14,4,37,43,13,26378498,262,1,495,13499,
528.609,4758.99,51.4695,7.46542,149.598,19.0073,102.437,1,-1,-103,-14,4,37,43,13,26378498,262,1,495,13499,
529.59,4778.28,51.4695,7.46569,149.721,19.0128,100.745,1,8,-93,-8,10,47,45,15,29401601,262,1,430,13499,
530.593,4796.66,51.4694,7.46596,149.87,18.4883,98.5223,1,8,-93,-8,10,47,45,15,29401601,262,1,430,13499,
531.624,4815.79,51.4694,7.46623,149.963,18.8164,97.0079,1,10,-95,-8,10,45,44,15,29401601,262,1,430,13499,
532.6,4835.12,51.4694,7.46651,150.108,18.9654,95.2662,1,10,-95,-8,10,45,44,15,29401601,262,1,430,13499,
533.605,4854.38,51.4694,7.46679,150.226,19.3808,93.0909,1,9,-93,-7,9,47,45,15,29401601,262,1,430,13499,
534.616,4873.95,51.4694,7.46707,150.275,19.84,90.783,1,9,-93,-7,9,47,45,15,29401601,262,1,430,13499,
535.599,4894.58,51.4694,7.46737,150.344,20.2032,88.7942,1,1,-98,-10,7,42,44,15,29401601,262,1,430,13499,
536.619,4914.15,51.4694,7.46765,150.455,19.6992,87.143,1,1,-98,-10,7,42,44,15,29401601,262,1,430,13499,
537.605,4932.63,51.4695,7.46791,150.472,19.5854,82.8438,1,7,-96,-8,8,44,43,15,29401601,262,1,430,13499,
538.609,4952.12,51.4695,7.46819,150.36,19.4095,80.9158,1,7,-96,-8,8,44,43,15,29401601,262,1,430,13499,
539.614,4971.9,51.4695,7.46847,150.264,19.4148,81.3422,1,4,-101,-9,8,39,39,15,29401601,262,1,430,13499,
540.623,4991.01,51.4696,7.46874,150.313,19.3712,81.2962,1,4,-101,-9,8,39,39,15,29401601,262,1,430,13499,
541.624,5011.32,51.4696,7.46903,150.333,19.4576,80.8713,1,4,-102,-10,8,38,39,15,29401601,262,1,430,13499,
542.587,5031.37,51.4696,7.46931,150.724,19.5896,80.4252,1,4,-102,-10,8,38,39,15,29401601,262,1,430,13499,
543.608,5052.21,51.4697,7.46961,150.794,20.0834,80.0869,1,4,-101,-11,6,39,41,15,29401601,262,1,430,13499,
544.596,5070.96,51.4697,7.46988,150.95,19.7732,80.2374,1,4,-101,-11,6,39,41,15,29401601,262,1,430,13499,
545.613,5089.91,51.4697,7.47015,151.164,19.3349,80.5641,1,5,-98,-10,8,42,43,15,29401601,262,1,430,13499,
546.598,5110.35,51.4698,7.47044,151.07,19.5574,81.943,1,5,-98,-10,8,42,43,15,29401601,262,1,430,13499,
547.614,5130.2,51.4698,7.47072,151.087,19.8205,82.8156,1,7,-98,-8,2,42,42,15,29401601,262,1,430,13499,
548.605,5150.42,51.4698,7.47101,151.403,20.286,84.1519,1,7,-98,-8,2,42,42,15,29401601,262,1,430,13499,
549.616,5170.45,51.4698,7.4713,151.694,20.3156,88.2719,1,7,-98,-8,2,42,42,15,29401601,262,1,430,13499,
550.613,5190.14,51.4698,7.47158,152.028,19.6474,90.8654,1,4,-97,-9,2,43,43,15,29401601,262,1,430,13499,
551.6,5208.95,51.4698,7.47186,152.178,19.0338,92.2747,1,4,-97,-9,2,43,43,15,29401601,262,1,430,13499,
552.593,5229.35,51.4698,7.47215,152.524,18.5627,92.8123,1,8,-97,-8,2,43,42,15,31263232,262,1,162,13499,
553.617,5246.53,51.4698,7.4724,152.888,17.9713,94.0718,1,8,-97,-8,2,43,42,15,31263232,262,1,162,13499,
554.587,5263.42,51.4698,7.47264,153.386,17.369,96.0549,1,5,-97,-8,2,43,42,15,31263232,262,1,162,13499,
555.62,5280.62,51.4698,7.47289,153.671,17.2012,96.8735,1,5,-97,-8,2,43,42,15,31263232,262,1,162,13499,
556.609,5298.87,51.4697,7.47315,154.256,17.3286,97.4602,1,4,-98,-9,2,42,42,15,31263232,262,1,162,13499,
557.595,5317.53,51.4697,7.47342,155.107,17.7131,98.9187,1,4,-98,-9,2,42,42,15,31263232,262,1,162,13499,
558.62,5334.34,51.4697,7.47366,156.12,16.9776,98.26,1,1,-98,-9,2,42,42,15,31263232,262,1,162,13499,
559.605,5351.24,51.4697,7.4739,156.996,16.705,98.8572,1,1,-98,-9,2,42,42,15,31263232,262,1,162,13499,
560.601,5351.24,51.4609,7.45659,nan,16.3285,98.4212,1,4,-102,-10,8,38,40,22,31263232,262,1,162,13499,
561.601,5351.24,51.4696,7.47435,158.244,16.2052,98.843,1,4,-102,-10,8,38,40,22,31263232,262,1,162,13499,
562.61,5368.05,51.4696,7.47459,159.139,16.3679,98.3783,1,2,-101,-11,6,39,40,22,31263232,262,1,162,13499,
563.616,5384.41,51.4696,7.47482,160.271,17.2837,97.9488,1,2,-101,-11,6,39,40,22,31263232,262,1,162,13499,
564.606,5402.3,51.4696,7.47508,161.084,17.31,97.5038,1,-1,-105,-14,5,35,41,22,31263232,262,1,162,13499,
565.599,5419.65,51.4696,7.47533,161.175,16.5795,96.7882,1,-1,-105,-14,5,35,41,22,31263232,262,1,162,13499,
566.601,5435.72,51.4695,7.47556,161.462,16.1047,96.3938,1,-3,-98,-11,6,42,44,9,26378497,262,1,496,13499,
567.603,5451.56,51.4695,7.47579,161.498,15.9361,94.5821,1,-3,-98,-11,6,42,44,9,26378497,262,1,496,13499,
568.591,5466.46,51.4695,7.476,161.383,15.1186,93.4697,1,-1,-100,-11,5,40,44,9,26378497,262,1,496,13499,
569.615,5481.89,51.4695,7.47622,160.825,14.3475,92.7033,1,-1,-100,-11,5,40,44,9,26378497,262,1,496,13499,
570.615,5496.19,51.4695,7.47643,160.34,13.9421,91.3919,1,-2,-101,-13,5,39,44,9,26378497,262,1,496,13499,
571.593,5511.25,51.4695,7.47665,160.416,12.4977,90.4412,1,-2,-101,-13,5,39,44,9,26378497,262,1,496,13499,
572.62,5523.8,51.4695,7.47683,160.605,12.4059,89.0951,1,-4,-101,-15,5,39,46,9,26378497,262,1,496,13499,
573.6,5534.92,51.4695,7.47699,160.806,12.0843,89.1011,1,-4,-101,-15,5,39,46,9,26378497,262,1,496,13499,
574.622,5547.31,51.4696,7.47717,161.322,11.4053,88.6427,1,-4,-101,-15,5,39,46,9,26378497,262,1,496,13499,
575.605,5558.04,51.4696,7.47732,162.152,10.3086,87.4752,1,-5,-100,-15,4,40,47,9,26378497,262,1,496,13499,
576.592,5568.99,51.4696,7.47748,162.961,9.13746,85.7799,1,-5,-100,-15,4,40,47,9,26378497,262,1,496,13499,
577.605,5580.01,51.4696,7.47764,163.84,8.39874,85.2725,1,-5,-98,-15,4,42,48,9,26378497,262,1,496,13499,
578.602,5589.07,51.4696,7.47776,164.696,7.04973,83.4506,1,-5,-98,-15,4,42,48,9,26378497,262,1,496,13499,
579.609,5596.55,51.4696,7.47787,165.485,6.7861,82.9415,1,-4,-98,-14,5,42,48,9,26378497,262,1,496,13499,
580.587,5603.65,51.4696,7.47797,166.341,6.85583,81.0115,1,-4,-98,-14,5,42,48,9,26378497,262,1,496,13499,
581.619,5611.05,51.4697,7.47807,166.864,7.66711,80.3525,1,-1,-96,-12,2,44,47,9,26378497,262,1,496,13499,
582.755,5619.29,51.4697,7.47819,167.19,9.23004,79.0212,1,-1,-96,-12,2,44,47,9,26378497,262,1,496,13499,
583.584,5629.18,51.4697,7.47833,167.452,9.83037,78.6007,1,6,-93,-10,9,47,49,8,26378497,262,1,496,13499,
584.597,5639.63,51.4697,7.47848,167.612,10.0399,77.5867,1,6,-93,-10,9,47,49,8,26378497,262,1,496,13499,
585.6,5649.03,51.4697,7.47861,167.768,9.4608,76.5937,1,6,-91,-10,7,49,51,8,26378497,262,1,496,13499,
586.604,5657.55,51.4698,7.47873,167.661,8.79208,76.2324,1,6,-91,-10,7,49,51,8,26378497,262,1,496,13499,
587.64,5665.41,51.4698,7.47884,167.208,8.08981,75.7866,1,9,-86,-10,10,54,54,8,26378497,262,1,496,13499,
588.601,5672.74,51.4698,7.47894,166.923,7.0915,75.2342,1,9,-86,-10,10,54,54,8,26378497,262,1,496,13499,
589.599,5676.14,51.4698,7.47899,166.791,4.84538,73.655,1,11,-85,-7,10,55,50,8,26378497,262,1,496,13499,
590.607,5679.4,51.4698,7.47903,166.794,2.69867,72.2334,1,11,-85,-7,10,55,50,8,26378497,262,1,496,13499,
591.589,5681.21,51.4698,7.47906,166.817,1.04217,71.5928,1,11,-85,-7,10,55,50,8,26378497,262,1,496,13499,
592.623,5681.21,51.4698,7.47906,166.822,0,71.5928,1,27,-82,-8,11,58,54,8,26378497,262,1,496,13499,
593.597,5681.21,51.4698,7.47906,166.827,0,71.5928,1,27,-82,-8,11,58,54,8,26378497,262,1,496,13499,
594.59,5681.21,51.4698,7.47906,166.831,0,71.5928,1,17,-85,-6,14,55,49,8,26378497,262,1,496,13499,
595.612,5681.21,51.4698,7.47906,166.835,0,71.5928,1,17,-85,-6,14,55,49,8,26378497,262,1,496,13499,
596.599,5681.21,51.4698,7.47906,166.837,0,71.5928,1,14,-83,-5,11,57,50,8,26378497,262,1,496,13499,
597.611,5681.21,51.4698,7.47906,166.838,0,71.5928,1,14,-83,-5,11,57,50,8,26378497,262,1,496,13499,
598.621,5681.21,51.4698,7.47906,166.84,0,71.5928,1,18,-83,-5,12,57,51,8,26378497,262,1,496,13499,
599.625,5681.21,51.4698,7.47906,166.842,0,71.5928,1,18,-83,-5,12,57,51,8,26378497,262,1,496,13499,
600.622,5681.21,51.474,7.48009,nan,0,71.5928,1,17,-83,-6,12,57,50,8,26378497,262,1,496,13499,
601.598,5681.21,51.4698,7.47906,166.849,0,71.5928,1,17,-83,-6,12,57,50,8,26378497,262,1,496,13499,
602.591,5681.21,51.4698,7.47906,166.854,0,71.5928,1,14,-83,-6,11,57,50,8,26378497,262,1,496,13499,
603.618,5681.21,51.4698,7.47906,166.86,0,71.5928,1,14,-83,-6,11,57,50,8,26378497,262,1,496,13499,
604.597,5681.21,51.4698,7.47906,166.865,0,71.5928,1,17,-83,-6,12,57,51,8,26378497,262,1,496,13499,
605.612,5681.21,51.4698,7.47906,166.87,0,71.5928,1,17,-83,-6,12,57,51,8,26378497,262,1,496,13499,
606.616,5681.21,51.4698,7.47906,166.876,0,71.5928,1,17,-82,-8,12,58,52,8,26378497,262,1,496,13499,
607.599,5681.21,51.4698,7.47906,166.881,0,71.5928,1,17,-82,-8,12,58,52,8,26378497,262,1,496,13499,
608.592,5681.21,51.4698,7.47906,166.884,0,71.5928,1,13,-83,-6,12,57,51,8,26378497,262,1,496,13499,
609.592,5681.21,51.4698,7.47906,166.888,0,71.5928,1,13,-83,-6,12,57,51,8,26378497,262,1,496,13499,
610.601,5681.21,51.4698,7.47906,166.891,0,71.5928,1,16,-83,-5,12,57,51,8,26378497,262,1,496,13499,
611.605,5681.21,51.4698,7.47906,166.894,0,71.5928,1,16,-83,-5,12,57,51,8,26378497,262,1,496,13499,
612.608,5681.21,51.4698,7.47906,166.899,0,71.5928,1,16,-82,-7,11,58,53,8,26378497,262,1,496,13499,
613.599,5681.21,51.4698,7.47906,166.905,0,71.5928,1,16,-82,-7,11,58,53,8,26378497,262,1,496,13499,
614.603,5681.21,51.4698,7.47906,166.911,0,71.5928,1,19,-82,-6,12,58,53,8,26378497,262,1,496,13499,
615.586,5681.21,51.4698,7.47906,166.919,0,71.5928,1,19,-82,-6,12,58,53,8,26378497,262,1,496,13499,
616.617,5681.21,51.4698,7.47906,166.928,0,71.5928,1,16,-79,-6,2,61,53,8,26378497,262,1,496,13499,
617.607,5681.21,51.4698,7.47906,166.937,0,71.5928,1,16,-79,-6,2,61,53,8,26378497,262,1,496,13499,
618.605,5681.21,51.4698,7.47906,166.945,0,71.5928,1,16,-79,-6,2,61,53,8,26378497,262,1,496,13499,
619.621,5681.21,51.4698,7.47906,166.953,0,71.5928,1,16,-83,-6,2,57,51,8,26378497,262,1,496,13499,
620.618,5681.21,51.4698,7.47906,166.961,0,71.5928,1,16,-83,-6,2,57,51,8,26378497,262,1,496,13499,
621.621,5681.21,51.4698,7.47906,166.999,0,67.8158,1,14,-82,-6,2,58,52,8,26378497,262,1,496,13499,
622.588,5688.11,51.4698,7.47915,167.099,0,68.5883,1,14,-82,-6,2,58,52,8,26378497,262,1,496,13499,
623.613,5694.63,51.4698,7.47924,166.8,7.40794,70.1728,1,16,-83,-6,2,57,51,8,26378497,262,1,496,13499,
624.602,5701.81,51.4699,7.47934,166.398,8.65425,71.3583,1,16,-83,-6,2,57,51,8,26378497,262,1,496,13499,
625.607,5710.57,51.4699,7.47946,166.054,9.9256,71.8526,1,19,-83,-5,2,57,51,8,26378497,262,1,496,13499,
626.614,5720.78,51.4699,7.4796,165.713,11.0128,72.2898,1,19,-83,-5,2,57,51,8,26378497,262,1,496,13499,
627.6,5732.37,51.4699,7.47977,165.449,12.0273,73.2836,1,16,-82,-6,2,58,53,8,26378497,262,1,496,13499,
628.669,5744.68,51.47,7.47994,165.402,13.177,73.1447,1,16,-82,-6,2,58,53,8,26378497,262,1,496,13499,
629.586,5757.83,51.47,7.48012,165.412,13.9735,73.0465,1,16,-80,-8,2,60,57,8,26378497,262,1,496,13499,
630.607,5772.38,51.47,7.48032,165.673,14.2431,72.4805,1,16,-80,-8,2,60,57,8,26378497,262,1,496,13499,
631.605,5786.48,51.4701,7.48051,166.235,13.9806,71.9262,1,7,-87,-6,10,53,50,8,26378497,262,1,496,13499,
632.595,5801.4,51.4701,7.48072,166.929,14.0972,71.7092,1,7,-87,-6,10,53,50,8,26378497,262,1,496,13499,
633.621,5815.41,51.4702,7.48091,167.395,13.803,71.9504,1,10,-87,-9,11,53,53,8,26378497,262,1,496,13499,
634.601,5828.71,51.4702,7.48109,167.657,12.0879,72.5499,1,10,-87,-9,11,53,53,8,26378497,262,1,496,13499,
635.613,5840.77,51.4702,7.48125,168.001,10.2952,73.2211,1,11,-83,-5,11,57,54,8,26378497,262,1,496,13499,
636.614,5850.2,51.4703,7.48138,168.139,8.059,73.7536,1,11,-83,-5,11,57,54,8,26378497,262,1,496,13499,
637.614,5856.78,51.4703,7.48148,168.025,6.87218,94.9411,1,11,-90,-9,11,50,49,8,26378497,262,1,496,13499,
638.611,5863.97,51.4702,7.48157,168.223,6.69645,120.689,1,11,-90,-9,11,50,49,8,26378497,262,1,496,13499,
639.631,5872.13,51.4702,7.48163,168.6,8.05398,152.739,1,9,-90,-6,8,50,48,8,26378497,262,1,496,13499,
640.589,5872.13,51.4702,7.48174,nan,9.36773,155.545,1,9,-90,-6,8,50,48,8,26378497,262,1,496,13499,
641.603,5872.13,51.47,7.48173,169.669,11.4368,157.568,1,7,-92,-8,10,48,46,8,26378497,262,1,496,13499,
642.596,5883.95,51.4699,7.48178,169.931,12.1442,159.695,1,7,-92,-8,10,48,46,8,26378497,262,1,496,13499,
643.619,5896.52,51.4698,7.48184,169.862,13.3307,161.345,1,8,-90,-8,8,50,50,8,26378497,262,1,496,13499,
644.615,5911.44,51.4697,7.48192,170.051,14.4871,162.569,1,8,-90,-8,8,50,50,8,26378497,262,1,496,13499,
645.604,5925.6,51.4696,7.48196,169.975,14.9572,163.35,1,8,-93,-9,6,47,47,8,26378497,262,1,496,13499,
646.631,5942.75,51.4694,7.48202,170.293,15.1341,163.9,1,8,-93,-9,6,47,47,8,26378497,262,1,496,13499,
647.61,5955.92,51.4693,7.48206,170.36,13.9457,164.27,1,8,-92,-9,9,48,48,8,26378497,262,1,496,13499,
648.601,5970.8,51.4692,7.48212,170.067,14.4076,165.153,1,8,-92,-9,9,48,48,8,26378497,262,1,496,13499,
649.598,5984.44,51.469,7.48216,169.869,14.1923,165.506,1,1,-92,-9,9,48,48,8,26378497,262,1,496,13499,
650.612,5997.64,51.4689,7.48219,169.421,13.7191,166.335,1,1,-92,-9,9,48,48,8,26378497,262,1,496,13499,
651.635,6011.82,51.4688,7.48224,169.039,13.5359,167.03,1,1,-92,-9,9,48,48,8,26378497,262,1,496,13499,
652.604,6026.01,51.4687,7.4823,168.899,13.3965,165.364,1,3,-94,-10,7,46,47,8,26378497,262,1,496,13499,
653.627,6039.05,51.4686,7.48234,168.641,13.9305,164.293,1,3,-94,-10,7,46,47,8,26378497,262,1,496,13499,
654.645,6053.19,51.4684,7.48239,168.629,14.3246,163.68,1,4,-93,-8,8,47,47,8,26378497,262,1,496,13499,
655.595,6067.11,51.4683,7.48245,168.457,14.6285,162.79,1,4,-93,-8,8,47,47,8,26378497,262,1,496,13499,
656.6,6081.89,51.4682,7.48251,168.617,14.1589,163.732,1,-1,-97,-11,6,43,44,8,26378497,262,1,496,13499,
657.608,6096.21,51.4681,7.48256,168.754,14.0744,164.985,1,-1,-97,-11,6,43,44,8,26378497,262,1,496,13499,
658.616,6112,51.4679,7.48261,169.184,13.6298,166.238,1,-9,-102,-12,2,38,42,8,26378497,262,1,496,13499,
659.592,6126.34,51.4678,7.48266,169.657,13.5527,166.849,1,-9,-102,-12,2,38,42,8,26378497,262,1,496,13499,
660.595,6126.34,51.4676,7.48207,nan,13.6017,167.638,1,0,-100,-11,7,40,43,20,28371200,262,1,68,13499,
661.611,6126.34,51.4676,7.48273,169.443,13.218,168.653,1,0,-100,-11,7,40,43,20,28371200,262,1,68,13499,
662.595,6139.95,51.4675,7.48276,169.043,13.3497,169.919,1,8,-102,-11,7,38,40,20,28371200,262,1,68,13499,
663.599,6153.13,51.4674,7.48278,168.55,13.2299,173.154,1,8,-102,-11,7,38,40,20,28371200,262,1,68,13499,
664.601,6168.3,51.4672,7.48279,168.387,13.8959,175.965,1,9,-100,-10,9,40,41,20,28371200,262,1,68,13499,
665.599,6183.83,51.4671,7.48279,168.219,14.819,177.595,1,9,-100,-10,9,40,41,20,28371200,262,1,68,13499,
666.605,6199.99,51.4669,7.48279,168.353,15.1797,179.77,1,5,-99,-9,7,41,42,20,28371200,262,1,68,13499,
667.612,6215.58,51.4668,7.48276,168.291,15.1584,182.805,1,5,-99,-9,7,41,42,20,28371200,262,1,68,13499,
668.61,6231.16,51.4667,7.48273,168.261,14.5771,185.619,1,7,-103,-9,10,37,38,20,28371200,262,1,68,13499,
669.596,6246.52,51.4665,7.4827,168.374,14.3044,188.251,1,7,-103,-9,10,37,38,20,28371200,262,1,68,13499,
670.593,6262.51,51.4664,7.48264,168.452,14.4987,191.296,1,4,-99,-10,7,41,43,20,28371200,262,1,68,13499,
671.602,6277.65,51.4662,7.48257,168.778,13.8363,192.824,1,4,-99,-10,7,41,43,20,28371200,262,1,68,13499,
672.614,6291.41,51.4661,7.48251,168.966,13.7853,194.894,1,4,-99,-10,7,41,43,20,28371200,262,1,68,13499,
673.626,6306.75,51.466,7.48244,169.259,12.6751,194.103,1,-2,-99,-9,6,41,41,15,30492930,262,1,9,13499,
674.593,6316.25,51.4659,7.48241,169.426,12.2966,191.483,1,-2,-99,-9,6,41,41,15,30492930,262,1,9,13499,
675.621,6333.11,51.4658,7.48236,169.31,16.9477,190.977,1,1,-115,-12,6,25,29,15,30492930,262,1,9,13499,
676.592,6346.31,51.4657,7.48231,168.749,13.8837,193.007,1,1,-115,-12,6,25,29,15,30492930,262,1,9,13499,
677.63,6360.67,51.4655,7.48225,169.139,14.494,196.869,1,0,-104,-11,7,36,40,15,30492930,262,1,9,13499,
678.596,6377.74,51.4654,7.48215,169.016,14.9199,198.833,1,0,-104,-11,7,36,40,15,30492930,262,1,9,13499,
679.6,6394.75,51.4653,7.48203,169.44,14.9818,199.843,1,-3,-99,-10,9,41,42,15,30492930,262,1,9,13499,
680.612,6394.75,51.465,7.48135,nan,15.9908,200.341,1,-3,-99,-10,9,41,42,15,30492930,262,1,9,13499,
681.629,6394.75,51.465,7.4818,170.157,15.451,201.146,1,-2,-104,-14,6,36,39,15,30492930,262,1,9,13499,
682.61,6409.7,51.4649,7.4817,169.899,14.8682,199.787,1,-2,-104,-14,6,36,39,15,30492930,262,1,9,13499,
683.621,6424.59,51.4648,7.4816,170.085,15.3129,198.977,1,-3,-103,-12,6,37,40,15,26378497,262,1,496,13499,
684.636,6439.9,51.4646,7.48152,170.556,15.0675,198.146,1,-3,-103,-12,6,37,40,15,26378497,262,1,496,13499,
685.595,6455.14,51.4645,7.48143,170.882,15.2375,198.041,1,0,-108,-13,6,32,36,15,26378497,262,1,496,13499,
686.621,6470.65,51.4644,7.48135,170.887,15.5947,197.834,1,0,-108,-13,6,32,36,15,26378497,262,1,496,13499,
687.619,6484.8,51.4643,7.48128,170.636,15.5169,198.107,1,-3,-110,-14,5,30,35,16,28371200,262,1,496,13499,
688.591,6498.33,51.4641,7.4812,170.137,14.6552,198.19,1,-3,-110,-14,5,30,35,16,28371200,262,1,496,13499,
689.604,6513.16,51.464,7.48113,169.918,14.2539,197.217,1,1,-108,-11,9,32,34,16,28371200,262,1,68,13499,
690.633,6527.94,51.4639,7.48106,169.849,13.8764,196.336,1,1,-108,-11,9,32,34,16,28371200,262,1,68,13499,
691.589,6541,51.4638,7.481,169.502,13.6367,196.601,1,3,-108,-11,7,32,34,16,28371200,262,1,68,13499,
692.621,6555.53,51.4637,7.48093,169.324,13.8229,196.589,1,3,-108,-11,7,32,34,16,28371200,262,1,68,13499,
693.587,6569.73,51.4635,7.48087,169.329,14.18,196.885,1,3,-108,-11,7,32,34,16,28371200,262,1,68,13499,
694.594,6584.08,51.4634,7.48081,169.699,15.1047,197.305,1,-2,-109,-13,5,31,33,16,28371200,262,1,68,13499,
695.605,6599.03,51.4633,7.48074,170.247,15.0269,196.882,1,-2,-109,-13,5,31,33,16,28371200,262,1,68,13499,
696.599,6613.6,51.4632,7.48068,170.611,14.5369,196.151,1,0,-111,-12,7,29,33,16,28371200,262,1,68,13499,
697.622,6628.18,51.463,7.48062,171.024,14.0038,196.369,1,0,-111,-12,7,29,33,16,28371200,262,1,68,13499,
698.6,6640.95,51.4629,7.48056,170.973,13.2365,196.133,1,-1,-100,-12,7,40,35,16,28371206,262,1,129,13499,
699.599,6653.76,51.4628,7.48051,171.047,12.2989,196.19,1,-1,-100,-12,7,40,35,16,28371206,262,1,129,13499,
700.712,6653.76,51.4627,7.48042,nan,10.67,196.691,1,1,-99,-10,9,41,37,16,28371206,262,1,129,13499,
701.639,6653.76,51.4626,7.48042,171.402,8.70765,196.5,1,1,-99,-10,9,41,37,16,28371206,262,1,129,13499,
702.62,6662.66,51.4626,7.48038,171.365,8.01533,195.863,1,0,-100,-13,6,40,37,16,28371206,262,1,129,13499,
703.617,6669.78,51.4625,7.48035,171.084,6.93496,195.387,1,0,-100,-13,6,40,37,16,28371206,262,1,129,13499,
704.603,6676.11,51.4624,7.48033,170.808,5.8522,194.933,1,2,-96,-10,9,44,38,26,29568778,262,1,353,13499,
705.602,6681.38,51.4624,7.48032,171.046,4.45833,195.404,1,2,-96,-10,9,44,38,26,29568778,262,1,353,13499,
706.599,6685.55,51.4624,7.4803,171.083,3.43012,195.147,1,1,-97,-11,4,43,38,26,29568778,262,1,353,13499,
707.59,6689.85,51.4623,7.48029,171.152,2.68256,194.651,1,1,-97,-11,4,43,38,26,29568778,262,1,353,13499,
708.607,6693.01,51.4623,7.48028,171.24,2.23325,195.039,1,6,-95,-10,11,45,35,26,29568778,262,1,353,13499,
709.599,6695.82,51.4623,7.48027,171.317,2.21177,195.224,1,6,-95,-10,11,45,35,26,29568778,262,1,353,13499,
710.584,6697.66,51.4622,7.48027,171.381,1.96933,196.106,1,1,-99,-11,4,41,35,26,29568778,262,1,353,13499,
711.602,6698.83,51.4622,7.48026,171.414,1.93314,196.631,1,1,-99,-11,4,41,35,26,29568778,262,1,353,13499,
712.605,6700.01,51.4622,7.48025,171.403,1.94449,195.644,1,3,-99,-11,4,41,34,26,29568778,262,1,353,13499,
713.588,6701.77,51.4622,7.48024,171.394,1.95607,194.69,1,3,-99,-11,4,41,34,26,29568778,262,1,353,13499,
714.627,6703.96,51.4622,7.48023,171.393,2.1768,194.914,1,2,-100,-10,5,40,34,26,29568778,262,1,353,13499,
715.596,6706.19,51.4622,7.48022,171.414,2.16493,194.325,1,2,-100,-10,5,40,34,26,29568778,262,1,353,13499,
716.614,6708.36,51.4622,7.48022,171.446,1.95751,196.664,1,18,-98,-10,4,42,33,26,29568778,262,1,353,13499,
717.609,6710.48,51.4621,7.48021,171.473,1.9221,196.488,1,18,-98,-10,4,42,33,26,29568778,262,1,353,13499,
718.61,6712.43,51.4621,7.4802,171.512,1.26661,195.277,1,4,-98,-9,6,42,35,26,29568778,262,1,353,13499,
719.598,6712.89,51.4621,7.4802,171.54,0.332259,195.277,1,4,-98,-9,6,42,35,26,29568778,262,1,353,13499,
720.624,6712.89,51.4622,7.48027,nan,0,195.277,1,2,-102,-11,5,38,32,26,29568778,262,1,353,13499,
721.607,6712.89,51.4621,7.4802,171.547,0,195.277,1,2,-102,-11,5,38,32,26,29568778,262,1,353,13499,
722.604,6712.89,51.4621,7.4802,171.55,0,195.277,1,2,-102,-11,5,38,32,26,29568778,262,1,353,13499,
723.611,6712.89,51.4621,7.4802,171.552,0,195.277,1,1,-100,-10,5,40,32,26,29568778,262,1,353,13499,
724.587,6712.89,51.4621,7.4802,171.557,0,195.277,1,1,-100,-10,5,40,32,26,29568778,262,1,353,13499,
725.614,6712.89,51.4621,7.4802,171.565,0,195.277,1,4,-100,-11,6,40,33,26,29568778,262,1,353,13499,
726.587,6712.89,51.4621,7.4802,171.573,0,195.277,1,4,-100,-11,6,40,33,26,29568778,262,1,353,13499,
727.599,6712.89,51.4621,7.4802,171.581,0,195.277,1,0,-100,-10,4,40,32,26,29568778,262,1,353,13499,
728.601,6712.89,51.4621,7.4802,171.589,0,195.277,1,0,-100,-10,4,40,32,26,29568778,262,1,353,13499,
729.605,6712.89,51.4621,7.4802,171.596,0,195.277,1,4,-100,-9,6,40,32,26,29568778,262,1,353,13499,
730.601,6712.89,51.4621,7.4802,171.603,0,195.277,1,4,-100,-9,6,40,32,26,29568778,262,1,353,13499,
731.619,6712.89,51.4621,7.4802,171.609,0,195.277,1,3,-99,-9,6,41,33,26,29568778,262,1,353,13499,
732.605,6712.89,51.4621,7.4802,171.614,0,195.277,1,3,-99,-9,6,41,33,26,29568778,262,1,353,13499,
733.607,6712.89,51.4621,7.4802,171.619,0,195.277,1,16,-98,-10,6,42,32,26,29568778,262,1,353,13499,
734.597,6712.89,51.4621,7.4802,171.625,0,195.277,1,16,-98,-10,6,42,32,26,29568778,262,1,353,13499,
735.601,6712.89,51.4621,7.4802,171.632,0,195.277,1,4,-100,-12,5,40,34,26,29568778,262,1,353,13499,
736.597,6712.89,51.4621,7.4802,171.641,0,195.277,1,4,-100,-12,5,40,34,26,29568778,262,1,353,13499,
737.598,6712.89,51.4621,7.4802,171.651,0,195.277,1,2,-106,-12,2,34,35,26,27771906,262,1,486,13499,
738.606,6712.89,51.4621,7.4802,171.731,0,195.277,1,2,-106,-12,2,34,35,26,27771906,262,1,486,13499,
739.617,6712.89,51.4621,7.4802,171.796,0,212.747,1,2,-106,-12,2,34,35,26,27771906,262,1,486,13499,
740.627,6712.89,51.4621,7.4802,172.532,0,158.459,1,2,-106,-12,2,34,35,26,27771906,262,1,486,13499,
741.6,6724.92,51.462,7.48029,173.107,5.5027,115.322,1,2,-106,-12,2,34,35,26,27771906,262,1,486,13499,
742.627,6730.37,51.462,7.48037,173.269,6.82499,102.144,1,2,-107,-12,2,33,34,26,27771906,262,1,486,13499,
743.621,6736.8,51.462,7.48046,173.11,7.95885,99.8673,1,2,-107,-12,2,33,34,26,27771906,262,1,486,13499,
744.592,6744.61,51.462,7.48057,172.844,8.84945,97.2125,1,5,-108,-12,2,32,33,26,27771906,262,1,486,13499,
745.606,6752.94,51.462,7.48069,172.313,9.21203,94.4244,1,5,-108,-12,2,32,33,26,27771906,262,1,486,13499,
746.601,6762.13,51.462,7.48082,171.597,9.42275,92.641,1,1,-108,-12,2,32,32,26,27771906,262,1,486,13499,
747.615,6772.83,51.462,7.48098,171.232,10.0956,91.5872,1,1,-108,-12,2,32,32,26,27771906,262,1,486,13499,
748.616,6782.84,51.462,7.48112,171.214,10.5754,90.7492,1,-1,-108,-12,2,32,32,26,27771906,262,1,486,13499,
749.595,6794.24,51.462,7.48129,171.624,11.5648,91.1322,1,-1,-108,-12,2,32,32,26,27771906,262,1,486,13499,
750.596,6805.98,51.462,7.48146,172.235,11.8684,92.1249,1,0,-108,-12,2,32,34,26,27771906,262,1,486,13499,
751.601,6817.61,51.462,7.48162,173.016,12.1618,92.3655,1,0,-108,-12,2,32,34,26,27771906,262,1,486,13499,
752.596,6830.12,51.462,7.48181,173.631,12.6147,91.6942,1,2,-110,-13,2,30,32,26,27771906,262,1,486,13499,
753.591,6843.37,51.462,7.482,174.234,13.1164,90.8401,1,2,-110,-13,2,30,32,26,27771906,262,1,486,13499,
754.61,6856.58,51.462,7.48219,174.565,13.082,91.215,1,4,-110,-13,2,30,32,26,27771906,262,1,486,13499,
755.64,6869.38,51.462,7.48237,174.811,12.836,91.6798,1,4,-110,-13,2,30,32,26,27771906,262,1,486,13499,
756.601,6882.08,51.462,7.48256,175.045,13.1477,91.8181,1,1,-107,-12,2,33,34,26,27771906,262,1,486,13499,
757.595,6895.71,51.462,7.48275,175.262,13.8853,91.76,1,1,-107,-12,2,33,34,26,27771906,262,1,486,13499,
758.653,6909.62,51.462,7.48295,175.324,13.6471,92.2044,1,3,-106,-12,2,34,34,26,27771906,262,1,486,13499,
759.612,6922.26,51.462,7.48314,175.257,13.0299,91.765,1,3,-106,-12,2,34,34,26,27771906,262,1,486,13499,
760.613,6935.61,51.462,7.48333,175.371,12.0989,91.9887,1,-4,-106,-12,2,34,36,26,27771906,262,1,486,13499,
761.629,6949.18,51.462,7.48353,175.183,13.3582,92.7435,1,-4,-106,-12,2,34,36,26,27771906,262,1,486,13499,
762.606,6962.46,51.462,7.48372,174.481,13.679,92.0174,1,-5,-108,-13,2,32,34,26,27771906,262,1,486,13499,
763.593,6975.15,51.462,7.4839,174.006,12.9381,89.8096,1,-5,-108,-13,2,32,34,26,27771906,262,1,486,13499,
764.596,6984.41,51.462,7.48403,173.73,9.57262,93.0831,1,5,-110,-13,2,30,32,26,27771906,262,1,486,13499,
765.61,6991.77,51.462,7.48413,173.941,7.65736,118.862,1,5,-110,-13,2,30,32,26,27771906,262,1,486,13499,
766.583,6999.95,51.4619,7.48418,173.891,9.1327,151.187,1,5,-110,-13,2,30,32,26,27771906,262,1,486,13499,
767.603,7009.3,51.4618,7.48424,173.852,9.86111,154.336,1,8,-105,-12,2,35,36,26,27771906,262,1,486,13499,
768.606,7019.82,51.4617,7.48427,173.9,10.6913,167.899,1,8,-105,-12,2,35,36,26,27771906,262,1,486,13499,
769.585,7032,51.4616,7.4843,174.44,12.0474,166.658,1,10,-99,-10,2,41,40,26,28371200,262,1,68,13499,
770.595,7045.2,51.4615,7.48436,174.998,12.3983,166.938,1,10,-99,-10,2,41,40,26,28371200,262,1,68,13499,
771.643,7059.52,51.4614,7.4844,175.99,13.1564,168.445,1,6,-98,-10,2,42,42,26,28371200,262,1,68,13499,
772.622,7075,51.4612,7.48444,176.927,14.7463,169.285,1,6,-98,-10,2,42,42,26,28371200,262,1,68,13499,
773.592,7090.79,51.4611,7.48448,178.214,15.2893,170.282,1,4,-96,-10,2,44,44,26,28371200,262,1,68,13499,
774.605,7105.64,51.461,7.48451,179.372,14.9398,172.074,1,4,-96,-10,2,44,44,26,28371200,262,1,68,13499,
775.614,7120.94,51.4608,7.48454,180.3,14.9433,174.095,1,7,-96,-9,2,44,45,26,28371200,262,1,68,13499,
776.595,7136.06,51.4607,7.48454,180.926,13.9043,176.63,1,7,-96,-9,2,44,45,26,28371200,262,1,68,13499,
777.602,7150.37,51.4606,7.48454,181.294,13.6063,179.094,1,1,-95,-9,2,45,45,26,28371200,262,1,68,13499,
778.634,7163.7,51.4604,7.48454,181.876,13.5182,180.186,1,1,-95,-9,2,45,45,26,28371200,262,1,68,13499,
779.597,7177.74,51.4603,7.48453,182.474,13.8178,180.997,1,3,-98,-9,2,42,43,26,28371200,262,1,68,13499,
780.591,7177.74,51.4602,7.48459,nan,13.646,182.448,1,3,-98,-9,2,42,43,26,28371200,262,1,68,13499,
781.585,7177.74,51.4601,7.48449,183.702,14.2392,183.886,1,-2,-105,-13,5,35,38,10,28371200,262,1,68,13499,
782.616,7192.67,51.4599,7.48446,184.628,15.0236,185.165,1,-2,-105,-13,5,35,38,10,28371200,262,1,68,13499,
783.591,7207.8,51.4598,7.48443,185.419,14.9684,187.491,1,-3,-110,-14,5,30,36,10,28371200,262,1,68,13499,
784.618,7223.5,51.4597,7.48439,186.116,15.7111,187.997,1,-3,-110,-14,5,30,36,10,28371200,262,1,68,13499,
785.622,7239.45,51.4595,7.48434,186.651,15.9906,188.684,1,-4,-110,-14,4,30,35,10,28371200,262,1,68,13499,
786.604,7255.71,51.4594,7.4843,187.307,16.4271,189.188,1,-4,-110,-14,4,30,35,10,28371200,262,1,68,13499,
787.607,7271.45,51.4593,7.48425,187.695,16.2514,190.075,1,-2,-106,-13,6,34,38,10,28371200,262,1,68,13499,
788.6,7288.03,51.4591,7.4842,188.018,16.6286,190.65,1,-2,-106,-13,6,34,38,10,28371200,262,1,68,13499,
789.617,7304.29,51.459,7.48415,188.613,16.5403,190.124,1,-1,-106,-13,5,34,38,10,28371200,262,1,68,13499,
790.617,7320.51,51.4588,7.4841,189.305,15.4488,190.652,1,-1,-106,-13,5,34,38,10,28371200,262,1,68,13499,
791.618,7335.53,51.4587,7.48405,190.276,14.3495,192.289,1,-1,-106,-13,5,34,38,10,28371200,262,1,68,13499,
792.603,7351.18,51.4586,7.484,191.359,14.3432,192.88,1,-4,-105,-13,5,35,39,10,28371200,262,1,68,13499,
793.589,7365.49,51.4584,7.48395,192.401,14.7644,192.441,1,-4,-105,-13,5,35,39,10,28371200,262,1,68,13499,
794.62,7380.36,51.4583,7.4839,193.461,14.9687,192.916,1,-3,-103,-11,7,37,39,10,28371200,262,1,68,13499,
795.599,7395.33,51.4582,7.48386,194.444,15.0503,192.198,1,-3,-103,-11,7,37,39,10,28371200,262,1,68,13499,
796.615,7410.69,51.458,7.48381,195.475,15.0479,191.084,1,1,-98,-11,2,42,44,10,28371200,262,1,68,13499,
797.768,7425.64,51.4579,7.48377,196.753,14.8981,190.285,1,1,-98,-11,2,42,44,10,28371200,262,1,68,13499,
798.609,7441.26,51.4578,7.48372,197.984,14.9985,191.233,1,3,-99,-11,2,41,43,10,28371200,262,1,68,13499,
799.592,7455.85,51.4576,7.48368,198.861,15.0572,191.507,1,3,-99,-11,2,41,43,10,28371200,262,1,68,13499,
800.609,7455.85,51.4628,7.4833,nan,15.0686,192.46,1,6,-94,-10,8,46,48,7,28371200,262,1,68,13499,
801.614,7455.85,51.4574,7.48359,201.274,14.9081,191.451,1,6,-94,-10,8,46,48,7,28371200,262,1,68,13499,
802.629,7471.95,51.4572,7.48354,202.634,15.1912,191.006,1,2,-94,-10,5,46,49,7,28371200,262,1,68,13499,
803.603,7487.27,51.4571,7.4835,204.001,15.5439,191.158,1,2,-94,-10,5,46,49,7,28371200,262,1,68,13499,
804.615,7501.98,51.457,7.48346,204.751,15.6293,190.859,1,9,-96,-10,12,44,45,7,28371200,262,1,68,13499,
805.587,7517.31,51.4568,7.48342,205.582,15.6936,190.132,1,9,-96,-10,12,44,45,7,28371200,262,1,68,13499,
806.556,7533.02,51.4567,7.48339,206.487,15.8921,189.211,1,14,-92,-11,14,48,51,7,28371200,262,1,68,13499,
807.615,7549.41,51.4565,7.48336,207.413,15.9885,188.635,1,14,-92,-11,14,48,51,7,28371200,262,1,68,13499,
808.592,7565.03,51.4564,7.48333,208.366,15.9391,187.806,1,-2,-96,-13,7,44,49,7,28371200,262,1,68,13499,
809.594,7580.57,51.4563,7.48331,209.284,15.0721,187.261,1,-2,-96,-13,7,44,49,7,28371200,262,1,68,13499,
810.616,7595.81,51.4561,7.48328,210.127,15.1633,186.539,1,1,-97,-11,10,43,46,7,28371200,262,1,68,13499,
811.6,7611.35,51.456,7.48326,210.804,15.2612,185.172,1,1,-97,-11,10,43,46,7,28371200,262,1,68,13499,
812.587,7626.5,51.4558,7.48324,211.271,14.7105,183.874,1,-2,-89,-10,6,51,51,4,28371202,262,1,67,13499,
813.617,7641.03,51.4557,7.48324,211.584,15.1385,182.651,1,-2,-89,-10,6,51,51,4,28371202,262,1,67,13499,
814.614,7655.21,51.4556,7.48324,211.664,15.4723,181.193,1,8,-92,-8,10,48,46,4,28371202,262,1,67,13499,
815.594,7670.49,51.4554,7.48325,212.054,15.3909,179.486,1,8,-92,-8,10,48,46,4,28371202,262,1,67,13499,
816.617,7686.53,51.4553,7.48327,212.687,15.8628,177.273,1,11,-92,-10,8,48,49,4,28371202,262,1,67,13499,
817.604,7703.16,51.4552,7.4833,213.326,16.062,175.567,1,11,-92,-10,8,48,49,4,28371202,262,1,67,13499,
818.605,7719.18,51.455,7.48333,213.985,15.9019,173.149,1,14,-87,-9,12,53,53,4,28371202,262,1,67,13499,
819.592,7735.13,51.4549,7.48338,214.536,15.9562,170.709,1,14,-87,-9,12,53,53,4,28371202,262,1,67,13499,
820.592,7735.13,51.4528,7.48483,nan,16.1627,167.968,1,29,-89,-6,9,51,48,4,28371202,262,1,67,13499,
821.594,7735.13,51.4546,7.48352,215.871,16.6454,164.597,1,29,-89,-6,9,51,48,4,28371202,262,1,67,13499,
822.616,7752.59,51.4544,7.48361,216.365,16.2235,161.746,1,15,-87,-9,11,53,52,4,28371202,262,1,67,13499,
823.609,7768.31,51.4543,7.48371,216.768,16.5196,158.636,1,15,-87,-9,11,53,52,4,28371202,262,1,67,13499,
824.586,7785.56,51.4542,7.48383,217.074,16.3971,155.607,1,15,-87,-9,11,53,52,4,28371202,262,1,67,13499,
825.599,7801.61,51.454,7.48395,217.339,16.1982,152.267,1,10,-95,-7,8,45,42,4,28371202,262,1,67,13499,
826.605,7818.83,51.4539,7.48409,217.684,16.3339,148.996,1,10,-95,-7,8,45,42,4,28371202,262,1,67,13499,
827.627,7835.25,51.4538,7.48424,218.118,16.1746,145.727,1,11,-91,-7,2,49,46,4,28371202,262,1,67,13499,
828.618,7852.48,51.4537,7.48441,218.887,15.4199,142.239,1,11,-91,-7,2,49,46,4,28371202,262,1,67,13499,
829.599,7871.27,51.4536,7.4846,219.8,16.1635,139.606,1,11,-93,-7,2,47,45,4,28371202,262,1,67,13499,
830.616,7887.41,51.4535,7.48477,220.453,17.0946,137.323,1,11,-93,-7,2,47,45,4,28371202,262,1,67,13499,
831.624,7904.77,51.4534,7.48496,221.233,16.7012,135.663,1,20,-91,-7,2,49,48,4,28371202,262,1,67,13499,
832.606,7920.85,51.4533,7.48514,221.926,15.6957,134.5,1,20,-91,-7,2,49,48,4,28371202,262,1,67,13499,
833.62,7937.74,51.4532,7.48534,222.328,16.3939,133.975,1,18,-85,-8,2,55,55,4,28371202,262,1,67,13499,
834.608,7954.37,51.4531,7.48552,222.596,16.0061,133.414,1,18,-85,-8,2,55,55,4,28371202,262,1,67,13499,
835.615,7971.28,51.453,7.48571,223.021,16.5416,133.131,1,19,-84,-7,2,56,56,4,28371202,262,1,67,13499,
836.61,7988.25,51.4529,7.4859,223.687,16.2322,133.42,1,19,-84,-7,2,56,56,4,28371202,262,1,67,13499,
837.615,8005.74,51.4528,7.48609,224.619,16.5455,134.214,1,21,-83,-8,2,57,57,4,28371202,262,1,67,13499,
838.609,8021.97,51.4527,7.48626,225.714,16.4375,135.11,1,21,-83,-8,2,57,57,4,28371202,262,1,67,13499,
839.59,8039.19,51.4526,7.48643,226.584,16.8988,136.676,1,26,-83,-8,2,57,56,4,28371202,262,1,67,13499,
840.629,8039.19,51.4525,7.48713,nan,17.1782,138.138,1,26,-83,-8,2,57,56,4,28371202,262,1,67,13499,
841.629,8039.19,51.4523,7.48674,228.088,14.9997,139.872,1,15,-83,-7,2,57,56,4,28371202,262,1,67,13499,
842.621,8056.59,51.4522,7.48687,228.513,15.7083,149.175,1,15,-83,-7,2,57,56,4,28371202,262,1,67,13499,
843.592,8073.06,51.4521,7.48699,229.017,15.8936,148.735,1,15,-83,-7,2,57,56,4,28371202,262,1,67,13499,
844.614,8089.47,51.452,7.48711,229.651,15.2959,150.084,1,21,-84,-7,2,56,54,4,28371202,262,1,67,13499,
845.617,8104.45,51.4518,7.48721,230.573,15.5852,151.228,1,21,-84,-7,2,56,54,4,28371202,262,1,67,13499,
846.601,8119.91,51.4517,7.48731,231.912,15.6619,152.833,1,21,-86,-7,2,54,53,4,28371202,262,1,67,13499,
847.595,8136.15,51.4516,7.4874,232.77,16.1162,155.128,1,21,-86,-7,2,54,53,4,28371202,262,1,67,13499,
848.626,8152.78,51.4514,7.48749,233.941,16.0216,156.166,1,7,-86,-8,2,54,53,4,28371202,262,1,67,13499,
