0.107,0,51.4506,7.48797,239.904,13.6413,159.897,1,13,-98,-8,10,42,41,5,28371202,262,1,67,13499,
1.289,13.1994,51.4505,7.48804,240.115,13.7372,160.049,1,12,-98,-8,13,42,41,5,28371202,262,1,67,13499,
2.245,27.6965,51.4503,7.48811,240.529,13.6232,159.955,1,12,-98,-8,13,42,41,5,28371202,262,1,67,13499,
3.182,41.1481,51.4502,7.48818,241.061,14.2335,160.454,1,12,-98,-8,13,42,41,5,28371202,262,1,67,13499,
4.15,41.1481,51.4502,7.48818,241.061,14.2335,160.454,1,10,-95,-9,8,45,45,5,28371202,262,1,67,13499,
5.134,55.2276,51.4501,7.48825,241.985,14.3998,161.468,1,10,-95,-9,8,45,45,5,28371202,262,1,67,13499,
6.116,69.5196,51.45,7.48831,242.868,14.5044,163.477,1,11,-96,-8,11,44,43,5,28371202,262,1,67,13499,
7.111,84.1815,51.4499,7.48836,243.537,14.0975,166.232,1,11,-96,-8,11,44,43,5,28371202,262,1,67,13499,
8.112,99.7374,51.4497,7.4884,244.374,14.6162,169.207,1,7,-98,-9,9,42,42,5,28371202,262,1,67,13499,
9.12,114.545,51.4496,7.48843,245.375,15.069,171.559,1,7,-98,-9,9,42,42,5,28371202,262,1,67,13499,
10.123,129.818,51.4495,7.48845,246.266,15.0562,173.319,1,1,-100,-10,6,40,41,5,28371202,262,1,67,13499,
11.108,145.464,51.4493,7.48845,246.952,15.1563,175.743,1,1,-100,-10,6,40,41,5,28371202,262,1,67,13499,
12.121,161.721,51.4492,7.48845,247.705,15.2966,177.86,1,5,-103,-11,9,37,39,5,28371202,262,1,67,13499,
13.127,176.902,51.449,7.48844,248.595,14.9399,181.24,1,5,-103,-11,9,37,39,5,28371202,262,1,67,13499,
14.114,192.684,51.4489,7.48841,249.285,15.5862,184.752,1,4,-103,-10,8,37,38,5,28371202,262,1,67,13499,
15.105,210.002,51.4487,7.48837,249.689,15.6613,187.7,1,4,-103,-10,8,37,38,5,28371202,262,1,67,13499,
16.116,227.654,51.4486,7.48833,250.018,16.5347,189.13,1,-3,-106,-11,5,34,36,5,28371202,262,1,67,13499,
17.095,227.654,51.4535,7.48418,nan,16.8118,190.16,1,-3,-106,-11,5,34,36,5,28371202,262,1,67,13499,
18.115,227.654,51.4483,7.48821,251.258,16.9396,191.489,1,-4,-111,-14,2,29,34,5,28371202,262,1,67,13499,
19.111,244.972,51.4481,7.48815,251.796,16.9789,191.978,1,-4,-111,-14,2,29,34,5,28371202,262,1,67,13499,
20.142,261.137,51.448,7.48809,252.309,16.9348,192.332,1,7,-108,-10,2,32,33,5,27771909,262,1,151,13499,
21.128,277.605,51.4478,7.48803,253.349,16.476,191.577,1,7,-108,-10,2,32,33,5,27771909,262,1,151,13499,
22.112,294.362,51.4477,7.48797,254.842,15.1271,190.028,1,3,-107,-9,2,33,33,5,27771909,262,1,151,13499,
23.121,309.656,51.4476,7.48793,256.172,15.6922,188.829,1,3,-107,-9,2,33,33,5,27771909,262,1,151,13499,
24.115,327.524,51.4474,7.4879,257.597,17.0112,186.058,1,3,-107,-9,2,33,33,5,27771909,262,1,151,13499,
25.119,343.933,51.4473,7.48789,258.721,16.3204,182.557,1,4,-107,-9,2,33,34,5,27771909,262,1,151,13499,
26.117,360.816,51.4471,7.48791,259.314,16.6338,178.59,1,4,-107,-9,2,33,34,5,27771909,262,1,151,13499,
27.103,376.99,51.447,7.48793,259.7,17.385,174.619,1,1,-106,-9,2,34,34,5,27771909,262,1,151,13499,
28.13,392.708,51.4468,7.48798,259.583,16.472,170.987,1,1,-106,-9,2,34,34,5,27771909,262,1,151,13499,
29.107,409.596,51.4467,7.48804,259.712,16.5654,167.523,1,2,-107,-10,2,33,34,5,27771909,262,1,151,13499,
30.122,425.198,51.4465,7.48812,259.953,16.5402,164.043,1,2,-107,-10,2,33,34,5,27771909,262,1,151,13499,
31.125,442.167,51.4464,7.48822,260.216,17.3532,159.968,1,-5,-107,-10,2,33,33,5,27771909,262,1,151,13499,
32.114,459.758,51.4463,7.48837,260.824,16.9862,147.309,1,-5,-107,-10,2,33,33,5,27771909,262,1,151,13499,
33.119,477.366,51.4461,7.48852,261.762,16.6204,146.527,1,7,-103,-9,2,37,38,5,28371201,262,1,66,13499,
34.127,494.466,51.446,7.48867,262.742,16.813,145.166,1,7,-103,-9,2,37,38,5,28371201,262,1,66,13499,
35.12,511.577,51.4459,7.48883,263.787,16.7172,142.677,1,4,-102,-9,2,38,38,5,28371201,262,1,66,13499,
36.126,529.208,51.4458,7.48901,264.235,16.5199,138.963,1,4,-102,-9,2,38,38,5,28371201,262,1,66,13499,
37.088,529.208,51.4526,7.49281,nan,16.6255,135.855,1,8,-103,-8,2,37,37,5,28371201,262,1,66,13499,
38.126,529.208,51.4456,7.48938,265.859,16.1782,132.888,1,8,-103,-8,2,37,37,5,28371201,262,1,66,13499,
39.12,546.287,51.4455,7.48957,266.815,15.3706,130.144,1,4,-104,-8,2,36,36,5,28371201,262,1,66,13499,
40.115,561.362,51.4454,7.48975,267.798,15.0206,128.304,1,4,-104,-8,2,36,36,5,28371201,262,1,66,13499,
41.129,576.392,51.4453,7.48992,268.77,14.7609,127.961,1,6,-104,-8,2,36,36,5,28371201,262,1,66,13499,
42.123,590.722,51.4453,7.49009,269.527,14.8643,127.363,1,6,-104,-8,2,36,36,5,28371201,262,1,66,13499,
43.126,605.56,51.4452,7.49027,269.67,14.9264,126.278,1,4,-104,-8,2,36,35,5,28371201,262,1,66,13499,
44.115,621.033,51.4451,7.49045,270.015,14.5972,125.888,1,4,-104,-8,2,36,35,5,28371201,262,1,66,13499,
45.123,634.672,51.445,7.49062,270.446,13.7914,124.713,1,0,-104,-8,2,36,35,5,28371201,262,1,66,13499,
46.118,648.851,51.445,7.49079,271.198,13.4433,125.291,1,0,-104,-8,2,36,35,5,28371201,262,1,66,13499,
47.116,662.094,51.4449,7.49094,272.094,11.9367,126.157,1,0,-104,-8,2,36,35,5,28371201,262,1,66,13499,
48.115,672.477,51.4448,7.49107,273.037,10.1425,126.501,1,3,-108,-9,2,32,33,5,28371201,262,1,66,13499,
49.12,681.617,51.4448,7.49117,274.86,8.64179,126.962,1,3,-108,-9,2,32,33,5,28371201,262,1,66,13499,
50.111,689.355,51.4447,7.49126,276.869,7.37514,127.547,1,1,-110,-10,2,30,31,5,28371201,262,1,66,13499,
51.111,696.138,51.4447,7.49134,278.774,6.03741,127.12,1,1,-110,-10,2,30,31,5,28371201,262,1,66,13499,
52.111,701.152,51.4447,7.4914,280.519,4.43793,126.769,1,0,-111,-10,2,29,30,5,28371201,262,1,66,13499,
53.116,705.054,51.4447,7.49145,280.599,2.96827,127.32,1,0,-111,-10,2,29,30,5,28371201,262,1,66,13499,
54.136,707.897,51.4447,7.49148,280.614,1.92404,127.655,1,4,-112,-10,2,28,29,5,27771907,262,1,150,13499,
55.123,708.735,51.4446,7.49149,280.572,0.562251,127.655,1,4,-112,-10,2,28,29,5,27771907,262,1,150,13499,
56.109,708.735,51.4446,7.49149,280.564,0,127.655,1,3,-112,-10,2,28,30,5,27771907,262,1,150,13499,
57.101,708.735,51.4443,7.48846,nan,0,127.655,1,3,-112,-10,2,28,30,5,27771907,262,1,150,13499,
58.108,708.735,51.4446,7.49149,280.54,0,127.655,1,2,-112,-11,2,28,30,5,27771907,262,1,150,13499,
59.122,708.735,51.4446,7.49149,280.529,0,127.655,1,2,-112,-11,2,28,30,5,27771907,262,1,150,13499,
60.128,708.735,51.4446,7.49149,280.518,0,127.655,1,2,-112,-10,2,28,30,5,27771907,262,1,150,13499,
61.123,708.735,51.4446,7.49149,280.381,0,127.351,1,2,-112,-10,2,28,30,5,27771907,262,1,150,13499,
62.128,708.735,51.4446,7.49149,280.296,0,126.964,1,1,-112,-11,2,28,30,5,27771907,262,1,150,13499,
63.132,717.71,51.4446,7.4916,279.316,4.54567,126.628,1,1,-112,-11,2,28,30,5,27771907,262,1,150,13499,
64.124,723.046,51.4446,7.49166,278.09,4.44188,125.32,1,3,-112,-11,2,28,31,5,27771907,262,1,150,13499,
65.122,727.685,51.4445,7.49171,277.154,4.72517,139.599,1,3,-112,-11,2,28,31,5,27771907,262,1,150,13499,
66.138,731.953,51.4445,7.49173,275.93,5.25851,168.679,1,11,-106,-9,2,34,35,5,27771907,262,1,150,13499,
67.144,737.14,51.4445,7.49172,275.094,5.8772,195.106,1,11,-106,-9,2,34,35,5,27771907,262,1,150,13499,
68.131,743.407,51.4444,7.49167,274.762,7.52784,216.242,1,12,-101,-8,2,39,38,5,27771907,262,1,150,13499,
69.12,750.361,51.4444,7.49161,274.497,8.11746,216.679,1,12,-101,-8,2,39,38,5,27771907,262,1,150,13499,
70.114,760.982,51.4443,7.49152,274.386,9.41331,215.705,1,14,-98,-7,2,42,40,5,27771907,262,1,150,13499,
71.119,771.718,51.4442,7.49143,274.605,10.6563,214.84,1,14,-98,-7,2,42,40,5,27771907,262,1,150,13499,
72.226,783.039,51.4441,7.49133,274.706,11.8317,214.33,1,24,-94,-6,2,46,44,5,27771907,262,1,150,13499,
73.109,796.319,51.444,7.49123,274.749,12.6326,214.487,1,24,-94,-6,2,46,44,5,27771907,262,1,150,13499,
74.123,807.613,51.4439,7.49114,274.567,12.6288,214.993,1,24,-94,-6,2,46,44,5,27771907,262,1,150,13499,
75.125,821.327,51.4438,7.49103,274.155,12.8347,215.231,1,23,-76,-4,15,64,61,5,27771907,262,1,150,13499,
76.124,833.244,51.4438,7.49093,273.555,13.332,215.972,1,23,-76,-4,15,64,61,5,27771907,262,1,150,13499,
77.115,846.188,51.4437,7.49082,273.001,14.118,216.228,1,31,-74,-4,13,66,63,5,27771907,262,1,150,13499,
78.12,861.666,51.4435,7.49069,272.79,14.8329,216.482,1,31,-74,-4,13,66,63,5,27771907,262,1,150,13499,
79.111,877.692,51.4434,7.49055,272.868,15.4849,216.518,1,30,-76,-5,15,64,61,5,27771907,262,1,150,13499,
80.127,892.816,51.4433,7.49043,273.329,16.2243,216.719,1,30,-76,-5,15,64,61,5,27771907,262,1,150,13499,
81.115,909.128,51.4432,7.49029,274.034,16.5471,216.751,1,20,-90,-6,11,50,47,5,27771907,262,1,150,13499,
82.129,926.984,51.4431,7.49013,274.656,16.6624,216.781,1,20,-90,-6,11,50,47,5,27771907,262,1,150,13499,
83.123,942.222,51.443,7.49,274.835,16.7407,216.739,1,26,-87,-6,15,53,50,5,27771907,262,1,150,13499,
84.12,958.172,51.4428,7.48986,275.191,16.8058,217.305,1,26,-87,-6,15,53,50,5,27771907,262,1,150,13499,
85.114,974.404,51.4427,7.48971,275.552,16.8899,218.088,1,32,-76,-5,15,64,60,5,27771907,262,1,150,13499,
86.119,990.228,51.4426,7.48957,276.241,16.8235,217.986,1,32,-76,-5,15,64,60,5,27771907,262,1,150,13499,
87.118,1007.36,51.4425,7.48942,276.547,16.6567,217.269,1,32,-67,-4,15,73,63,5,27771907,262,1,150,13499,
88.125,1024.85,51.4424,7.48927,276.55,16.5034,217.644,1,32,-67,-4,15,73,63,5,27771907,262,1,150,13499,
89.146,1042.22,51.4423,7.48912,276.229,16.322,216.779,1,27,-68,-4,15,72,63,5,27771907,262,1,150,13499,
90.121,1059.5,51.4421,7.48897,276.002,16.5958,217.731,1,27,-68,-4,15,72,63,5,27771907,262,1,150,13499,
91.116,1076.19,51.442,7.48882,276.113,16.8505,218.673,1,33,-66,-4,15,74,63,5,27771907,262,1,150,13499,
92.136,1092.86,51.4419,7.48866,277.048,17.0225,219.338,1,33,-66,-4,15,74,63,5,27771907,262,1,150,13499,
93.115,1111.36,51.4418,7.48847,277.887,17.6029,222.606,1,26,-63,-4,15,77,63,5,27771907,262,1,150,13499,
94.109,1128.86,51.4417,7.48829,278.718,17.8399,225.691,1,26,-63,-4,15,77,63,5,27771907,262,1,150,13499,
95.117,1147.5,51.4416,7.48809,279.447,17.825,227.675,1,26,-63,-4,15,77,63,5,27771907,262,1,150,13499,
96.112,1166.14,51.4415,7.48788,279.957,17.5651,229.4,1,32,-65,-4,2,75,63,5,27771907,262,1,150,13499,
97.093,1183.21,51.4414,7.48769,280.377,16.8697,230.29,1,32,-65,-4,2,75,63,5,27771907,262,1,150,13499,
98.126,1200.36,51.4413,7.48749,280.94,16.2412,230.904,1,30,-70,-5,2,70,63,5,27771907,262,1,150,13499,
99.159,1216.86,51.4412,7.4873,281.675,15.6613,231.398,1,30,-70,-5,2,70,63,5,27771907,262,1,150,13499,
100.126,1232.89,51.4411,7.48711,281.98,15.2895,231.997,1,34,-84,-7,14,56,54,1,27771907,262,1,150,13499,
101.11,1246.91,51.441,7.48694,282.459,14.7312,231.38,1,34,-84,-7,14,56,54,1,27771907,262,1,150,13499,
102.131,1260.88,51.4409,7.48678,282.738,13.6981,232.336,1,24,-88,-8,12,52,52,1,27771907,262,1,150,13499,
103.106,1274.16,51.4409,7.48662,282.876,13.28,232.128,1,24,-88,-8,12,52,52,1,27771907,262,1,150,13499,
104.118,1286.12,51.4408,7.48648,283.448,12.5184,233.026,1,15,-83,-7,6,57,55,1,27771908,262,1,152,13499,
105.118,1298.74,51.4407,7.48633,284.067,12.8747,231.339,1,15,-83,-7,6,57,55,1,27771908,262,1,152,13499,
106.122,1311.01,51.4407,7.4862,284.208,12.39,230.027,1,24,-81,-6,15,59,57,1,27771908,262,1,152,13499,
107.126,1323.6,51.4406,7.48606,284.13,13.0249,229.451,1,24,-81,-6,15,59,57,1,27771908,262,1,152,13499,
108.11,1336.13,51.4405,7.48592,283.937,13.1679,229.974,1,21,-80,-6,15,60,57,1,27771908,262,1,152,13499,
109.109,1350.97,51.4405,7.48575,284.157,13.7116,231.467,1,21,-80,-6,15,60,57,1,27771908,262,1,152,13499,
110.126,1364.7,51.4404,7.48559,284.148,13.6805,232.966,1,31,-76,-5,15,64,61,1,27771908,262,1,152,13499,
111.118,1378.93,51.4403,7.48542,284.005,14.3246,235.216,1,31,-76,-5,15,64,61,1,27771908,262,1,152,13499,
112.124,1393.25,51.4402,7.48525,284.075,14.4895,235.819,1,31,-75,-6,15,65,63,1,27771908,262,1,152,13499,
113.128,1408.05,51.4402,7.48508,284.387,14.3193,234.813,1,31,-75,-6,15,65,63,1,27771908,262,1,152,13499,
114.111,1422.58,51.4401,7.4849,284.669,14.5978,235.307,1,29,-73,-5,15,67,63,1,27771908,262,1,152,13499,
115.124,1437.38,51.44,7.48472,284.89,15.0227,234.284,1,29,-73,-5,15,67,63,1,27771908,262,1,152,13499,
116.129,1451.25,51.4399,7.48457,284.856,14.6644,234.734,1,31,-71,-5,15,69,63,1,27771908,262,1,152,13499,
117.104,1451.25,51.4363,7.47489,nan,14.8799,233.417,1,31,-71,-5,15,69,63,1,27771908,262,1,152,13499,
118.117,1451.25,51.4398,7.48422,285.387,14.786,232.363,1,16,-65,-5,13,75,63,1,27771908,262,1,152,13499,
119.114,1466.44,51.4397,7.48404,285.558,14.8733,233.027,1,16,-65,-5,13,75,63,1,27771908,262,1,152,13499,
120.126,1481.19,51.4396,7.48387,285.894,15.464,233.618,1,16,-65,-5,13,75,63,1,27771908,262,1,152,13499,
121.129,1496.07,51.4395,7.48369,286.281,15.4833,234.798,1,15,-69,-6,2,71,63,1,27771908,262,1,152,13499,
122.123,1513.03,51.4395,7.48348,287.092,15.561,236.247,1,15,-69,-6,2,71,63,1,27771908,262,1,152,13499,
123.126,1529.58,51.4394,7.48327,288.15,15.8552,238.09,1,16,-70,-7,2,70,63,1,27771908,262,1,152,13499,
124.12,1545.79,51.4393,7.48307,288.954,15.0942,239.359,1,16,-70,-7,2,70,63,1,27771908,262,1,152,13499,
125.121,1562.98,51.4392,7.48285,289.273,15.5846,239.504,1,27,-71,-7,2,69,63,1,27771908,262,1,152,13499,
126.121,1579.76,51.4392,7.48264,289.495,15.9058,238.888,1,27,-71,-7,2,69,63,1,27771908,262,1,152,13499,
127.111,1596.01,51.4391,7.48244,289.806,15.1573,239.773,1,27,-76,-6,2,64,62,1,27771908,262,1,152,13499,
128.134,1610.95,51.439,7.48226,290.514,15.498,240.431,1,27,-76,-6,2,64,62,1,27771908,262,1,152,13499,
129.114,1626.25,51.4389,7.48206,291.221,15.4696,241.4,1,25,-83,-6,2,57,54,1,27771908,262,1,152,13499,
130.111,1642.34,51.4389,7.48186,291.497,15.0873,240.545,1,25,-83,-6,2,57,54,1,27771908,262,1,152,13499,
131.111,1658.3,51.4388,7.48166,291.464,15.2826,240.901,1,24,-88,-6,2,52,49,1,27771908,262,1,152,13499,
132.127,1672.93,51.4387,7.48147,291.592,15.2198,241.501,1,24,-88,-6,2,52,49,1,27771908,262,1,152,13499,
133.111,1688.27,51.4387,7.48128,291.863,16.3321,238.873,1,22,-91,-5,2,49,46,1,27771908,262,1,152,13499,
134.166,1703.9,51.4386,7.48109,291.966,15.9148,239.365,1,22,-91,-5,2,49,46,1,27771908,262,1,152,13499,
135.11,1720.68,51.4385,7.48087,292.05,16.2085,240.25,1,17,-97,-6,11,43,40,7,27771908,262,1,152,13499,
136.131,1736.92,51.4385,7.48067,292.149,15.9721,240.91,1,17,-97,-6,11,43,40,7,27771908,262,1,152,13499,
137.113,1736.92,51.4363,7.47489,nan,15.8501,240.463,1,17,-101,-6,11,39,37,7,27771908,262,1,152,13499,
138.109,1736.92,51.4383,7.48025,293.152,16.069,239.92,1,17,-101,-6,11,39,37,7,27771908,262,1,152,13499,
139.12,1752.46,51.4383,7.48005,293.782,15.6326,240.75,1,11,-102,-6,8,38,35,7,27771908,262,1,152,13499,
140.119,1767.25,51.4382,7.47987,294.421,14.2703,239.866,1,11,-102,-6,8,38,35,7,27771908,262,1,152,13499,
141.105,1782.1,51.4381,7.47968,294.176,14.9735,240.312,1,21,-103,-6,11,37,34,7,27771908,262,1,152,13499,
142.111,1795.65,51.4381,7.47951,293.615,14.2229,239.842,1,21,-103,-6,11,37,34,7,27771908,262,1,152,13499,
143.113,1808.98,51.438,7.47934,292.746,13.8781,240.812,1,21,-103,-6,11,37,34,7,27771908,262,1,152,13499,
144.112,1822.69,51.4379,7.47917,291.663,13.9983,240.419,1,22,-103,-6,11,37,34,7,27771908,262,1,152,13499,
145.114,1837.92,51.4379,7.47898,290.627,14.2587,239.42,1,22,-103,-6,11,37,34,7,27771908,262,1,152,13499,
146.112,1852.98,51.4378,7.47879,290.275,14.7001,239.587,1,22,-105,-8,10,35,35,7,27771908,262,1,152,13499,
147.155,1868.98,51.4377,7.47859,290.521,14.4712,239.049,1,22,-105,-8,10,35,35,7,27771908,262,1,152,13499,
148.113,1882.88,51.4377,7.47841,290.474,13.7142,241.585,1,19,-104,-8,6,36,35,7,27771908,262,1,152,13499,
149.111,1896.9,51.4376,7.47823,290.286,14.6955,240.957,1,19,-104,-8,6,36,35,7,27771908,262,1,152,13499,
150.115,1910.08,51.4376,7.47806,290.173,13.7102,243.114,1,8,-108,-10,7,32,33,7,27771908,262,1,152,13499,
151.134,1924.67,51.4375,7.47787,289.895,13.9621,243.746,1,8,-108,-10,7,32,33,7,27771908,262,1,152,13499,
152.109,1938.46,51.4375,7.47769,289.31,12.2759,243.055,1,19,-109,-10,8,31,34,7,27771908,262,1,152,13499,
153.127,1952.03,51.4374,7.47751,288.906,14.1352,241.857,1,19,-109,-10,8,31,34,7,27771908,262,1,152,13499,
154.111,1965.92,51.4374,7.47733,288.626,13.1595,242.341,1,4,-108,-10,2,32,33,7,27771908,262,1,152,13499,
155.121,1980.1,51.4373,7.47715,288.857,12.544,243.285,1,4,-108,-10,2,32,33,7,27771908,262,1,152,13499,
156.125,1992.15,51.4373,7.47699,289.193,12.5388,244.944,1,5,-108,-10,2,32,33,7,27771908,262,1,152,13499,
157.107,2003.6,51.4372,7.47684,289.243,11.7779,247.026,1,5,-108,-10,2,32,33,7,27771908,262,1,152,13499,
158.116,2014.44,51.4372,7.47669,288.938,11.4192,249.776,1,10,-108,-9,2,32,33,7,27771908,262,1,152,13499,
159.115,2025.46,51.4372,7.47653,288.851,11.0203,268.813,1,10,-108,-9,2,32,33,7,27771908,262,1,152,13499,
160.124,2036.69,51.4372,7.47638,288.855,10.2036,282.723,1,18,-105,-7,2,35,34,7,27771908,262,1,152,13499,
161.125,2048.83,51.4373,7.47624,288.702,9.49107,313.748,1,18,-105,-7,2,35,34,7,27771908,262,1,152,13499,
162.129,2059.05,51.4373,7.47618,288.506,9.58931,338.857,1,25,-102,-6,2,38,35,7,27771908,262,1,152,13499,
163.131,2068.68,51.4374,7.47619,288.519,9.08994,9.24491,1,25,-102,-6,2,38,35,7,27771908,262,1,152,13499,
164.121,2078.43,51.4375,7.47626,288.367,10.1249,30.8742,1,25,-102,-6,2,38,35,7,27771908,262,1,152,13499,
165.117,2088.95,51.4376,7.47635,288.077,10.7616,34.9283,1,28,-99,-6,2,41,39,7,27771908,262,1,152,13499,
166.107,2101.38,51.4377,7.47648,287.877,11.7219,51.6907,1,28,-99,-6,2,41,39,7,27771908,262,1,152,13499,
167.114,2112.76,51.4377,7.47661,287.593,13.0067,52.0496,1,27,-85,-5,2,55,52,7,27771908,262,1,152,13499,
168.119,2126.3,51.4378,7.47677,288.048,14.1185,52.5464,1,27,-85,-5,2,55,52,7,27771908,262,1,152,13499,
169.106,2140.9,51.4379,7.47693,288.384,14.9513,53.083,1,25,-82,-5,2,58,54,7,27771908,262,1,152,13499,
170.121,2155.54,51.438,7.4771,288.6,15.4899,53.7062,1,25,-82,-5,2,58,54,7,27771908,262,1,152,13499,
171.123,2172.04,51.438,7.4773,288.553,16.1834,54.2933,1,30,-83,-5,2,57,54,7,27771908,262,1,152,13499,
172.111,2188.71,51.4381,7.47749,288.423,16.6828,54.9693,1,30,-83,-5,2,57,54,7,27771908,262,1,152,13499,
173.118,2205.61,51.4382,7.47769,288.13,17.1949,55.5213,1,30,-84,-5,2,56,52,7,27771908,262,1,152,13499,
174.109,2223.59,51.4383,7.47791,287.769,17.6823,56.0279,1,30,-84,-5,2,56,52,7,27771908,262,1,152,13499,
175.117,2241.26,51.4384,7.47812,287.464,18.1082,57.2408,1,30,-81,-5,2,59,55,7,27771908,262,1,152,13499,
176.177,2258.68,51.4385,7.47833,287.307,18.1164,57.7458,1,30,-81,-5,2,59,55,7,27771908,262,1,152,13499,
177.12,2278.28,51.4386,7.47857,287.611,18.7367,56.5974,1,32,-79,-4,14,61,56,7,27771908,262,1,152,13499,
178.129,2297.27,51.4387,7.4788,287.883,18.7033,57.2077,1,32,-79,-4,14,61,56,7,27771908,262,1,152,13499,
179.133,2315.63,51.4388,7.47902,287.731,18.9131,57.9052,1,29,-83,-4,15,57,53,7,27771908,262,1,152,13499,
180.111,2334.03,51.4389,7.47924,287.864,18.7997,57.1926,1,29,-83,-4,15,57,53,7,27771908,262,1,152,13499,
181.126,2353.12,51.439,7.47947,287.968,18.8351,57.4016,1,29,-87,-5,15,53,51,7,27771908,262,1,152,13499,
182.111,2371.76,51.439,7.4797,287.724,18.8882,56.9599,1,29,-87,-5,15,53,51,7,27771908,262,1,152,13499,
183.108,2390.56,51.4391,7.47992,287.754,19.2496,56.1211,1,21,-87,-5,15,53,50,7,27771908,262,1,152,13499,
184.108,2410.78,51.4392,7.48016,287.9,19.8747,55.1055,1,21,-87,-5,15,53,50,7,27771908,262,1,152,13499,
185.119,2430.3,51.4393,7.48039,287.958,20.3344,54.3739,1,21,-87,-5,15,53,50,7,27771908,262,1,152,13499,
186.107,2450.65,51.4395,7.48063,287.803,20.3156,54.2987,1,25,-91,-5,14,49,47,7,27771908,262,1,152,13499,
187.116,2469.5,51.4395,7.48085,287.261,20.0356,54.1348,1,25,-91,-5,14,49,47,7,27771908,262,1,152,13499,
188.119,2489.56,51.4397,7.48108,286.964,19.5168,53.7271,1,22,-88,-5,15,52,49,7,27771908,262,1,152,13499,
189.121,2509.21,51.4398,7.4813,286.687,19.5124,51.5565,1,22,-88,-5,15,52,49,7,27771908,262,1,152,13499,
190.123,2528.82,51.4399,7.48151,286.42,19.3162,47.3457,1,20,-88,-6,15,52,49,7,27771908,262,1,152,13499,
191.126,2548.93,51.44,7.48172,286.331,19.3226,46.4947,1,20,-88,-6,15,52,49,7,27771908,262,1,152,13499,
192.11,2567.32,51.4401,7.48191,285.954,19.0445,46.2025,1,22,-86,-6,12,54,52,7,27771908,262,1,152,13499,
193.119,2586.57,51.4402,7.48211,285.983,19.2602,45.7156,1,22,-86,-6,12,54,52,7,27771908,262,1,152,13499,
194.111,2605.97,51.4404,7.48231,285.618,19.4593,44.5697,1,22,-81,-5,2,59,52,7,27771908,262,1,152,13499,
195.087,2625.88,51.4405,7.48251,285.304,19.314,43.5943,1,22,-81,-5,2,59,52,7,27771908,262,1,152,13499,
196.129,2645.27,51.4406,7.48269,284.968,19.3453,42.7449,1,24,-84,-6,2,56,52,7,27771908,262,1,152,13499,
197.104,2664.32,51.4408,7.48288,284.669,19.6472,42.1405,1,24,-84,-6,2,56,52,7,27771908,262,1,152,13499,
198.106,2684.37,51.4409,7.48306,283.951,19.9895,40.9583,1,22,-84,-6,2,56,52,7,27771908,262,1,152,13499,
199.113,2704.26,51.441,7.48325,283.451,19.8269,40.292,1,22,-84,-6,2,56,52,7,27771908,262,1,152,13499,
200.116,2723.95,51.4412,7.48343,282.947,20.0041,37.736,1,22,-85,-6,2,55,52,7,27771908,262,1,152,13499,
201.11,2744.23,51.4413,7.4836,282.351,20.336,36.2554,1,22,-85,-6,2,55,52,7,27771908,262,1,152,13499,
202.121,2763.84,51.4415,7.48376,281.842,20.5579,34.3303,1,22,-85,-6,2,55,52,7,27771908,262,1,152,13499,
203.132,2784.83,51.4416,7.48392,281.413,20.652,32.3298,1,18,-86,-6,2,54,51,7,27771908,262,1,152,13499,
204.114,2805.35,51.4418,7.48408,281.266,20.8862,31.1291,1,18,-86,-6,2,54,51,7,27771908,262,1,152,13499,
205.111,2826.56,51.4419,7.48423,281.023,21.0832,29.584,1,17,-87,-7,2,53,50,7,27771908,262,1,152,13499,
206.114,2847.56,51.4421,7.48437,280.512,21.0815,28.149,1,17,-87,-7,2,53,50,7,27771908,262,1,152,13499,
207.112,2868.15,51.4423,7.4845,279.982,21.2172,26.647,1,17,-87,-7,2,53,51,7,27771909,262,1,151,13499,
208.113,2888.89,51.4424,7.48464,279.387,21.1896,26.2135,1,17,-87,-7,2,53,51,7,27771909,262,1,151,13499,
209.122,2910.18,51.4426,7.48477,278.78,21.3187,25.1818,1,19,-86,-7,2,54,51,7,27771909,262,1,151,13499,
210.111,2931.93,51.4428,7.4849,278.26,21.5329,24.4413,1,19,-86,-7,2,54,51,7,27771909,262,1,151,13499,
211.118,2953.21,51.443,7.48503,277.784,21.5222,24.3577,1,28,-82,-6,2,58,54,7,27771909,262,1,151,13499,
212.112,2974.55,51.4431,7.48515,277.305,21.3248,24.4365,1,28,-82,-6,2,58,54,7,27771909,262,1,151,13499,
213.112,2995,51.4433,7.48527,276.877,21.1286,23.8876,1,28,-80,-6,2,60,56,7,27771909,262,1,151,13499,
214.115,3016.07,51.4435,7.48539,276.422,20.784,23.6335,1,28,-80,-6,2,60,56,7,27771909,262,1,151,13499,
215.133,3036.4,51.4437,7.48551,275.954,20.2079,22.9033,1,9,-80,-6,2,60,56,7,27771909,262,1,151,13499,
216.12,3055.51,51.4438,7.4856,275.192,19.1089,21.8205,1,9,-80,-6,2,60,56,7,27771909,262,1,151,13499,
217.105,3073.52,51.444,7.4857,274.408,17.5789,21.2103,1,32,-76,-5,2,64,60,7,27771909,262,1,151,13499,
218.116,3090,51.4441,7.48579,273.319,16.0512,20.989,1,32,-76,-5,2,64,60,7,27771909,262,1,151,13499,
219.128,3104.95,51.4442,7.48586,272.313,14.4907,21.6559,1,32,-76,-5,2,64,60,7,27771909,262,1,151,13499,
220.115,3118.85,51.4444,7.48594,271.701,13.4733,23.0598,1,30,-72,-5,2,68,63,7,27771909,262,1,151,13499,
221.126,3131.24,51.4445,7.48602,270.893,13.2594,25.7959,1,30,-72,-5,2,68,63,7,27771909,262,1,151,13499,
222.119,3144.43,51.4445,7.48613,270.546,12.8205,38.7326,1,32,-71,-6,2,69,63,7,27771909,262,1,151,13499,
223.124,3158,51.4446,7.48629,270.379,12.8416,51.6776,1,32,-71,-6,2,69,63,7,27771909,262,1,151,13499,
224.122,3171.85,51.4447,7.48645,270.12,12.9949,55.5621,1,31,-73,-5,2,67,63,7,27771909,262,1,151,13499,
225.115,3184.28,51.4447,7.48662,269.502,13.4273,76.7087,1,31,-73,-5,2,67,63,7,27771909,262,1,151,13499,
226.117,3198.99,51.4447,7.48684,268.803,13.5601,91.2029,1,30,-76,-5,2,64,60,7,27771909,262,1,151,13499,
227.126,3212.33,51.4447,7.48702,268.059,13.5437,108.262,1,30,-76,-5,2,64,60,7,27771909,262,1,151,13499,
228.119,3226.31,51.4446,7.48719,267.505,13.6257,123.902,1,31,-81,-6,2,59,56,7,27771909,262,1,151,13499,
229.2,3240.97,51.4445,7.48734,267.229,13.6765,138.182,1,31,-81,-6,2,59,56,7,27771909,262,1,151,13499,
230.115,3255.29,51.4444,7.48745,266.496,13.6547,151.451,1,24,-70,-6,15,70,63,3,27771909,262,1,151,13499,
231.123,3268.47,51.4443,7.4875,266.153,14.1976,164.942,1,24,-70,-6,15,70,63,3,27771909,262,1,151,13499,
232.115,3282.2,51.4442,7.48751,265.562,13.6843,181.306,1,21,-72,-6,13,68,63,3,27771909,262,1,151,13499,
233.122,3296.2,51.4441,7.48746,265.138,13.3628,199.203,1,21,-72,-6,13,68,63,3,27771909,262,1,151,13499,
234.105,3309.78,51.444,7.48736,264.272,13.8412,213.153,1,39,-72,-6,12,68,63,3,27771909,262,1,151,13499,
235.115,3322.56,51.4439,7.48723,263.599,14.1173,227.697,1,39,-72,-6,12,68,63,3,27771909,262,1,151,13499,
236.135,3336.56,51.4438,7.48706,263.349,14.3107,244.253,1,36,-80,-5,15,60,57,3,27771909,262,1,151,13499,
237.108,3350.2,51.4438,7.48687,263.198,14.5705,257.034,1,36,-80,-5,15,60,57,3,27771909,262,1,151,13499,
238.113,3365.18,51.4437,7.48666,263.3,15.4525,260.979,1,39,-83,-6,15,57,54,3,27771909,262,1,151,13499,
239.114,3381.08,51.4437,7.48643,263.37,16.198,263.877,1,39,-83,-6,15,57,54,3,27771909,262,1,151,13499,
240.111,3398.2,51.4437,7.48618,263.474,16.9848,265.145,1,39,-83,-6,15,57,54,3,27771909,262,1,151,13499,
241.122,3415.83,51.4437,7.48593,263.636,17.7291,265.769,1,38,-79,-6,12,61,57,3,27771909,262,1,151,13499,
242.113,3433.94,51.4437,7.48567,263.692,18.4654,266.174,1,38,-79,-6,12,61,57,3,27771909,262,1,151,13499,
243.111,3453.91,51.4437,7.48538,264.142,18.7495,266.981,1,38,-79,-5,15,61,56,3,27771909,262,1,151,13499,
244.13,3473.98,51.4437,7.48509,264.266,19.4924,267.918,1,38,-79,-5,15,61,56,3,27771909,262,1,151,13499,
245.124,3495.12,51.4437,7.48479,264.903,21.2096,267.659,1,39,-86,-6,13,54,51,3,27771909,262,1,151,13499,
246.114,3515.88,51.4437,7.48449,265.47,21.8418,268.091,1,39,-86,-6,13,54,51,3,27771909,262,1,151,13499,
247.122,3536.67,51.4437,7.48419,265.81,22.9657,269.28,1,29,-73,-5,15,67,63,3,27771909,262,1,151,13499,
248.112,3559.03,51.4437,7.48386,266.336,23.8707,269.263,1,29,-73,-5,15,67,63,3,27771909,262,1,151,13499,
249.111,3583.15,51.4437,7.48351,266.637,24.7124,268.597,1,32,-69,-5,15,71,63,3,27771909,262,1,151,13499,
250.13,3608.5,51.4437,7.48315,266.905,25.5487,267.639,1,32,-69,-5,15,71,63,3,27771909,262,1,151,13499,
251.123,3634.16,51.4437,7.48278,266.941,25.8895,268.242,1,20,-79,-5,15,61,57,3,27771909,262,1,151,13499,
252.116,3660.9,51.4437,7.48239,266.563,27.0626,267.095,1,20,-79,-5,15,61,57,3,27771909,262,1,151,13499,
253.117,3688.23,51.4437,7.482,266.624,27.8126,266.796,1,21,-85,-6,12,55,51,3,27771909,262,1,151,13499,
254.116,3716.26,51.4436,7.48159,266.725,28.5475,266.163,1,21,-85,-6,12,55,51,3,27771909,262,1,151,13499,
255.117,3745.05,51.4436,7.48118,266.772,29.2632,265.82,1,21,-88,-5,2,52,48,3,27771909,262,1,151,13499,
256.129,3774.65,51.4436,7.48075,266.749,30.0247,265.126,1,21,-88,-5,2,52,48,3,27771909,262,1,151,13499,
257.12,3804.6,51.4436,7.48032,266.674,30.6751,264.594,1,17,-89,-5,2,51,47,3,27771909,262,1,151,13499,
258.118,3804.6,51.4446,7.48431,nan,30.9908,263.881,1,17,-89,-5,2,51,47,3,27771909,262,1,151,13499,
259.111,3804.6,51.4435,7.47942,266.962,31.6608,262.598,1,17,-90,-6,2,50,46,3,27771909,262,1,151,13499,
260.125,3836.71,51.4435,7.47896,267.093,32.3529,262.425,1,17,-90,-6,2,50,46,3,27771909,262,1,151,13499,
261.182,3869.3,51.4434,7.4785,267.079,32.9314,262.704,1,18,-90,-6,2,50,46,3,27771909,262,1,151,13499,
262.114,3902.26,51.4434,7.47802,266.916,33.5261,262.592,1,18,-90,-6,2,50,46,3,27771909,262,1,151,13499,
263.115,3935.79,51.4434,7.47754,266.69,33.5615,262.435,1,16,-88,-6,12,52,48,7,27771909,262,1,151,13499,
264.119,3969.16,51.4433,7.47707,266.721,33.3328,261.961,1,16,-88,-6,12,52,48,7,27771909,262,1,151,13499,
265.112,4001.61,51.4433,7.4766,266.407,32.8643,261.782,1,16,-88,-6,12,52,48,7,27771909,262,1,151,13499,
266.123,4034.18,51.4432,7.47614,266.246,32.3101,261.317,1,21,-91,-7,10,49,46,7,27771909,262,1,151,13499,
267.119,4065.66,51.4432,7.47569,266.005,31.7362,260.602,1,21,-91,-7,10,49,46,7,27771909,262,1,151,13499,
268.12,4096.44,51.4431,7.47525,265.49,30.8184,259.645,1,28,-94,-6,9,46,42,7,27771909,262,1,151,13499,
269.127,4126.51,51.4431,7.47483,264.971,30.0456,258.6,1,28,-94,-6,9,46,42,7,27771909,262,1,151,13499,
270.114,4155.56,51.443,7.47441,264.338,29.5513,257.822,1,2,-108,-11,6,32,33,7,27771909,262,1,151,13499,
271.1,4184.09,51.443,7.47401,263.58,29.0548,257.915,1,2,-108,-11,6,32,33,7,27771909,262,1,151,13499,
272.114,4211.66,51.4429,7.47362,262.554,28.5601,258.442,1,-2,-107,-11,5,33,34,31,31281409,262,1,232,13499,
273.111,4239.56,51.4429,7.47322,261.406,28.2254,259.013,1,-2,-107,-11,5,33,34,31,31281409,262,1,232,13499,
274.104,4267.69,51.4429,7.47282,260.541,28.0358,259.172,1,-2,-115,-13,6,25,28,31,31281409,262,1,232,13499,
275.134,4295.26,51.4428,7.47243,259.72,27.9653,259.098,1,-2,-115,-13,6,25,28,31,31281409,262,1,232,13499,
276.113,4322.76,51.4428,7.47204,258.909,27.9965,259.147,1,-1,-114,-12,5,26,28,31,31281409,262,1,232,13499,
277.124,4350.43,51.4427,7.47165,258.051,28.0743,259.194,1,-1,-114,-12,5,26,28,31,31281409,262,1,232,13499,
278.112,4350.43,51.4441,7.46095,nan,28.0786,258.962,1,0,-113,-11,7,27,28,31,31281409,262,1,232,13499,
279.12,4350.43,51.4426,7.47087,256.292,28.0948,258.531,1,0,-113,-11,7,27,28,31,31281409,262,1,232,13499,
280.126,4378.34,51.4426,7.47047,255.436,28.4884,257.198,1,1,-103,-11,10,37,37,15,27771906,262,1,486,13499,
281.118,4406.7,51.4425,7.47007,254.279,28.8759,256.468,1,1,-103,-11,10,37,37,15,27771906,262,1,486,13499,
282.111,4435.49,51.4424,7.46967,253.118,28.9479,256.085,1,1,-105,-11,7,35,35,15,27771906,262,1,486,13499,
283.122,4463.93,51.4424,7.46927,251.951,28.7643,256.838,1,1,-105,-11,7,35,35,15,27771906,262,1,486,13499,
284.114,4492.71,51.4423,7.46886,250.871,28.946,257.591,1,0,-104,-11,8,36,36,15,27771906,262,1,486,13499,
285.113,4521.86,51.4423,7.46845,250.138,29.6118,258.054,1,0,-104,-11,8,36,36,15,27771906,262,1,486,13499,
286.122,4551.67,51.4422,7.46803,249.192,29.9837,258.678,1,0,-106,-13,8,34,36,15,27771906,262,1,486,13499,
287.111,4581.29,51.4422,7.46761,248.198,29.9422,258.526,1,0,-106,-13,8,34,36,15,27771906,262,1,486,13499,
288.119,4610.85,51.4421,7.46719,247.109,29.6716,259.204,1,0,-104,-12,7,36,38,15,27771906,262,1,486,13499,
289.12,4640.21,51.4421,7.46677,245.982,29.6244,259.444,1,0,-104,-12,7,36,38,15,27771906,262,1,486,13499,
290.13,4669.55,51.442,7.46636,244.941,29.5175,259.887,1,0,-104,-12,7,36,38,15,27771906,262,1,486,13499,
291.125,4698.51,51.442,7.46595,244.061,29.0867,260.134,1,-5,-102,-11,6,38,38,87,27771137,262,1,308,13499,
292.12,4727.1,51.4419,7.46554,243.2,29.0442,260.513,1,-5,-102,-11,6,38,38,87,27771137,262,1,308,13499,
293.111,4756.32,51.4419,7.46512,242.436,29.3103,260.737,1,3,-102,-13,8,38,39,87,27771137,262,1,308,13499,
294.11,4785.62,51.4418,7.4647,241.646,29.713,261.535,1,3,-102,-13,8,38,39,87,27771137,262,1,308,13499,
295.135,4815.06,51.4418,7.46428,240.918,29.6502,261.979,1,1,-102,-12,6,38,38,87,27771137,262,1,308,13499,
296.115,4844.01,51.4418,7.46387,240.184,29.6081,262.586,1,1,-102,-12,6,38,38,87,27771137,262,1,308,13499,
297.11,4873.45,51.4417,7.46345,239.498,29.445,263.394,1,0,-103,-12,6,37,38,87,27771137,262,1,308,13499,
298.116,4873.45,51.4639,7.39366,nan,29.3814,263.874,1,0,-103,-12,6,37,38,87,27771137,262,1,308,13499,
299.126,4873.45,51.4417,7.4626,238.46,29.4945,264.286,1,1,-102,-12,9,38,39,87,27771137,262,1,308,13499,
300.118,4902.42,51.4417,7.46219,238.129,29.6131,264.757,1,1,-102,-12,9,38,39,87,27771137,262,1,308,13499,
301.108,4932.29,51.4416,7.46176,237.893,29.5769,265.445,1,-3,-103,-13,5,37,39,87,27771137,262,1,308,13499,
302.114,4962.59,51.4416,7.46132,238.204,29.6103,265.715,1,-3,-103,-13,5,37,39,87,27771137,262,1,308,13499,
303.129,4992.06,51.4416,7.4609,238.574,29.3877,266.194,1,-3,-104,-15,4,36,39,87,27771137,262,1,308,13499,
304.114,5021.22,51.4416,7.46048,238.894,29.0044,266.383,1,-3,-104,-15,4,36,39,87,27771137,262,1,308,13499,
305.121,5050.28,51.4416,7.46006,239.226,29.0226,266.986,1,-5,-106,-14,4,34,36,87,27771137,262,1,308,13499,
306.129,5079.09,51.4416,7.45964,239.538,29.0006,267.484,1,-5,-106,-14,4,34,36,87,27771137,262,1,308,13499,
307.128,5107.03,51.4416,7.45924,239.467,28.6501,268.067,1,-5,-106,-14,4,34,36,87,27771137,262,1,308,13499,
308.126,5135.35,51.4415,7.45883,239.275,28.3062,268.276,1,3,-101,-11,9,39,40,24,27771906,262,1,486,13499,
309.11,5163.35,51.4415,7.45843,239.001,28.3058,268.464,1,3,-101,-11,9,39,40,24,27771906,262,1,486,13499,
310.12,5191.21,51.4415,7.45802,238.669,28.2299,269.446,1,1,-103,-12,8,37,39,24,27771906,262,1,486,13499,
311.139,5218.86,51.4415,7.45762,238.317,27.7973,269.804,1,1,-103,-12,8,37,39,24,27771906,262,1,486,13499,
312.129,5246.31,51.4415,7.45723,237.978,27.3877,270.113,1,2,-104,-11,8,36,37,24,27771906,262,1,486,13499,
313.127,5273.28,51.4415,7.45684,237.66,27.0985,270.016,1,2,-104,-11,8,36,37,24,27771906,262,1,486,13499,
314.111,5300.29,51.4415,7.45645,237.34,27.2431,270.457,1,6,-101,-10,10,39,38,24,27771906,262,1,486,13499,
315.136,5327.73,51.4415,7.45605,237.126,27.4491,270.686,1,6,-101,-10,10,39,38,24,27771906,262,1,486,13499,
316.124,5355.52,51.4416,7.45565,236.584,27.9044,270.739,1,5,-98,-10,11,42,41,24,27771906,262,1,486,13499,
317.129,5383.52,51.4416,7.45525,236.356,27.8654,271.665,1,5,-98,-10,11,42,41,24,27771906,262,1,486,13499,
318.111,5383.52,51.4514,7.47476,nan,28.1784,272.504,1,2,-98,-10,9,42,41,24,27771906,262,1,486,13499,
319.123,5383.52,51.4416,7.45443,235.971,28.6848,273.196,1,2,-98,-10,9,42,41,24,27771906,262,1,486,13499,
320.114,5412.22,51.4416,7.45402,235.722,28.6573,273.992,1,2,-99,-12,8,41,41,24,27771906,262,1,486,13499,
321.125,5441.75,51.4416,7.4536,235.284,29.0574,274.306,1,2,-99,-12,8,41,41,24,27771906,262,1,486,13499,
322.116,5470.14,51.4416,7.45319,235.062,29.0922,274.952,1,0,-99,-12,7,41,42,24,27771906,262,1,486,13499,
323.114,5499.56,51.4417,7.45276,234.533,29.4055,275.336,1,0,-99,-12,7,41,42,24,27771906,262,1,486,13499,
324.132,5528.34,51.4417,7.45235,233.837,29.6131,275.664,1,5,-102,-12,10,38,38,24,27771906,262,1,486,13499,
325.108,5557.66,51.4417,7.45193,233.24,29.6635,275.602,1,5,-102,-12,10,38,38,24,27771906,262,1,486,13499,
326.125,5587.98,51.4418,7.45149,232.612,29.8413,276.763,1,2,-103,-12,7,37,38,24,27771906,262,1,486,13499,
327.113,5617.27,51.4418,7.45108,232.167,29.8602,277.343,1,2,-103,-12,7,37,38,24,27771906,262,1,486,13499,
328.121,5646.88,51.4418,7.45065,231.899,29.7774,277.698,1,2,-103,-12,7,37,38,24,27771906,262,1,486,13499,
329.118,5676.28,51.4419,7.45023,231.941,29.48,277.991,1,1,-103,-11,8,37,37,24,27771906,262,1,486,13499,
330.124,5705.82,51.4419,7.44981,231.811,29.7742,278.134,1,1,-103,-11,8,37,37,24,27771906,262,1,486,13499,
331.11,5735.51,51.4419,7.44938,231.638,30.0549,278.224,1,3,-105,-11,8,35,35,24,27771906,262,1,486,13499,
332.112,5765.26,51.442,7.44896,231.47,30.4321,279.037,1,3,-105,-11,8,35,35,24,27771906,262,1,486,13499,
333.106,5795.38,51.442,7.44853,231.162,30.6015,279.012,1,-1,-108,-12,7,32,33,24,27771906,262,1,486,13499,
334.111,5826.08,51.4421,7.44809,230.836,30.8423,279.135,1,-1,-108,-12,7,32,33,24,27771906,262,1,486,13499,
335.14,5857.18,51.4421,7.44765,230.607,31.3346,280.375,1,14,-83,-6,15,57,47,11,33527560,262,1,375,13499,
336.245,5888.69,51.4422,7.4472,230.468,31.4732,281.07,1,14,-83,-6,15,57,47,11,33527560,262,1,375,13499,
337.139,5919.56,51.4422,7.44676,230.137,31.3872,281.654,1,15,-82,-6,12,58,49,11,33527560,262,1,375,13499,
338.097,5951.06,51.4423,7.44632,229.764,31.353,282.185,1,15,-82,-6,12,58,49,11,33527560,262,1,375,13499,
339.122,5982.5,51.4423,7.44588,229.626,31.2504,282.692,1,14,-82,-6,12,58,49,11,33527560,262,1,375,13499,
340.114,6013.55,51.4424,7.44544,229.416,31.07,283.094,1,14,-82,-6,12,58,49,11,33527560,262,1,375,13499,
341.137,6044.82,51.4425,7.445,228.99,31.1501,283.322,1,13,-84,-7,12,56,47,11,33527560,262,1,375,13499,
342.124,6076.01,51.4425,7.44456,228.468,31.3061,283.495,1,13,-84,-7,12,56,47,11,33527560,262,1,375,13499,
343.104,6107.22,51.4426,7.44412,227.876,31.4858,284.085,1,11,-85,-7,7,55,46,11,33527560,262,1,375,13499,
344.108,6138.57,51.4427,7.44369,227.241,31.5569,284.253,1,11,-85,-7,7,55,46,11,33527560,262,1,375,13499,
345.116,6170.1,51.4427,7.44324,226.596,31.8243,284.88,1,10,-86,-8,9,54,47,11,33527560,262,1,375,13499,
346.117,6201.94,51.4428,7.4428,225.977,32.1589,285.917,1,10,-86,-8,9,54,47,11,33527560,262,1,375,13499,
347.115,6233.91,51.4429,7.44236,225.274,32.4573,285.939,1,10,-82,-7,14,58,49,11,33527560,262,1,375,13499,
348.12,6266.3,51.443,7.44191,224.793,32.8337,286.538,1,10,-82,-7,14,58,49,11,33527560,262,1,375,13499,
349.109,6299.35,51.4431,7.44145,224.43,33.2664,286.908,1,5,-83,-8,10,57,48,11,33527560,262,1,375,13499,
350.12,6333.29,51.4432,7.44099,224.337,33.3622,287.358,1,5,-83,-8,10,57,48,11,33527560,262,1,375,13499,
351.117,6366.29,51.4433,7.44054,224.13,32.9076,287.711,1,0,-88,-11,4,52,50,11,33527560,262,1,375,13499,
352.106,6398.59,51.4433,7.44009,223.709,32.8567,288.401,1,0,-88,-11,4,52,50,11,33527560,262,1,375,13499,
353.11,6431.11,51.4434,7.43965,223.08,32.8302,288.805,1,9,-82,-10,12,58,54,11,33527560,262,1,375,13499,
354.118,6463.8,51.4435,7.4392,222.301,32.8902,289.347,1,9,-82,-10,12,58,54,11,33527560,262,1,375,13499,
355.132,6496.77,51.4436,7.43875,221.381,33.2744,289.365,1,9,-82,-10,12,58,54,11,33527560,262,1,375,13499,
356.131,6530.05,51.4437,7.4383,220.481,33.6337,289.905,1,9,-83,-8,15,57,51,2,33527561,262,1,377,13499,
357.108,6563.79,51.4438,7.43785,219.312,34.0573,290.225,1,9,-83,-8,15,57,51,2,33527561,262,1,377,13499,
358.111,6598.28,51.444,7.43738,218.246,34.0402,291.065,1,22,-78,-7,13,62,54,2,33527561,262,1,377,13499,
359.11,6631.95,51.4441,7.43693,217.365,33.8317,291.76,1,22,-78,-7,13,62,54,2,33527561,262,1,377,13499,
360.109,6666.44,51.4442,7.43647,216.225,33.9715,291.958,1,26,-71,-7,15,69,61,2,33527561,262,1,377,13499,
361.115,6701.15,51.4443,7.43601,215.266,33.9048,292.581,1,26,-71,-7,15,69,61,2,33527561,262,1,377,13499,
362.114,6736.04,51.4444,7.43555,214.071,34.2273,293.714,1,17,-79,-7,15,61,52,2,33527561,262,1,377,13499,
363.107,6769.73,51.4446,7.4351,212.489,34.3398,294.077,1,17,-79,-7,15,61,52,2,33527561,262,1,377,13499,
364.116,6803.99,51.4447,7.43465,210.987,34.2569,293.965,1,11,-74,-6,12,66,56,2,33527561,262,1,377,13499,
365.112,6837.77,51.4448,7.43421,209.224,35.3285,296.371,1,11,-74,-6,12,66,56,2,33527561,262,1,377,13499,
366.12,6872.08,51.4449,7.43376,207.412,35.3959,297.177,1,19,-67,-5,13,73,59,2,33527561,262,1,377,13499,
367.132,6907.67,51.4451,7.43331,205.812,35.9418,298.704,1,19,-67,-5,13,73,59,2,33527561,262,1,377,13499,
368.125,6943.86,51.4453,7.43286,204.474,36.1425,299.965,1,29,-66,-6,15,74,63,2,33527561,262,1,377,13499,
369.175,6979.93,51.4454,7.4324,203.282,36.2487,300.829,1,29,-66,-6,15,74,63,2,33527561,262,1,377,13499,
370.127,7015.9,51.4456,7.43196,201.983,36.563,302.352,1,26,-69,-6,15,71,62,2,33527561,262,1,377,13499,
371.123,7052.13,51.4458,7.43153,200.622,36.5578,303.493,1,26,-69,-6,15,71,62,2,33527561,262,1,377,13499,
372.148,7088.96,51.446,7.43109,198.995,36.8087,305.185,1,19,-74,-5,15,66,57,2,33527561,262,1,377,13499,
373.127,7126.13,51.4462,7.43066,197.24,37.1319,306.952,1,19,-74,-5,15,66,57,2,33527561,262,1,377,13499,
374.111,7163,51.4464,7.43024,195.339,37.1519,308.556,1,19,-74,-5,15,66,57,2,33527561,262,1,377,13499,
375.11,7199.62,51.4466,7.42983,193.453,36.8938,310.085,1,29,-69,-5,15,71,61,2,33527561,262,1,377,13499,
376.134,7236.96,51.4468,7.42943,191.793,36.5917,311.868,1,29,-69,-5,15,71,61,2,33527561,262,1,377,13499,
377.123,7273.93,51.447,7.42903,190.455,36.3165,312.789,1,15,-68,-5,15,72,62,2,33527561,262,1,377,13499,
378.125,7310.34,51.4473,7.42866,189.212,36.515,314.9,1,15,-68,-5,15,72,62,2,33527561,262,1,377,13499,
379.113,7345.62,51.4475,7.42831,188.154,36.2245,316.29,1,13,-74,-5,12,66,55,2,33527561,262,1,377,13499,
380.125,7381.44,51.4477,7.42797,187.008,36.3648,317.859,1,13,-74,-5,12,66,55,2,33527561,262,1,377,13499,
381.117,7416.88,51.448,7.42764,185.8,35.8094,319.351,1,11,-79,-5,12,61,48,2,33527561,262,1,377,13499,
382.146,7451.38,51.4482,7.42732,184.326,35.7541,320.697,1,11,-79,-5,12,61,48,2,33527561,262,1,377,13499,
383.113,7486.25,51.4485,7.42702,182.874,35.4403,322.308,1,11,-80,-6,12,60,48,2,33527561,262,1,377,13499,
384.114,7520.92,51.4487,7.42673,181.406,35.1349,323.748,1,11,-80,-6,12,60,48,2,33527561,262,1,377,13499,
385.119,7555.62,51.449,7.42644,179.758,35.414,325.062,1,8,-84,-7,9,56,47,2,33527561,262,1,377,13499,
386.147,7590.97,51.4492,7.42616,178.112,35.8138,326.61,1,8,-84,-7,9,56,47,2,33527561,262,1,377,13499,
387.122,7626.94,51.4495,7.42589,176.605,36.079,328.487,1,3,-82,-7,15,58,48,2,33527561,262,1,377,13499,
388.11,7663.37,51.4498,7.42563,175.206,36.2168,329.76,1,3,-82,-7,15,58,48,2,33527561,262,1,377,13499,
389.109,7699.62,51.4501,7.42538,173.851,36.444,331.384,1,9,-86,-7,4,54,46,2,33527561,262,1,377,13499,
390.111,7736.01,51.4504,7.42515,172.524,36.5903,333.194,1,9,-86,-7,4,54,46,2,33527561,262,1,377,13499,
391.111,7772.14,51.4507,7.42492,171.389,36.5474,334.761,1,5,-91,-10,8,49,43,2,33527561,262,1,377,13499,
392.119,7809.97,51.451,7.4247,170.922,36.564,336.206,1,5,-91,-10,8,49,43,2,33527561,262,1,377,13499,
393.12,7847.19,51.4513,7.42449,170.745,36.3959,337.445,1,-3,-87,-9,6,53,47,30,28368651,262,1,444,13499,
394.112,7883.61,51.4516,7.4243,170.741,36.5505,339.2,1,-3,-87,-9,6,53,47,30,28368651,262,1,444,13499,
395.128,7919.83,51.4519,7.42412,170.617,36.0927,340.029,1,10,-81,-6,11,59,50,44,28365063,262,1,68,13499,
396.117,7957.13,51.4522,7.42396,170.029,36.6874,341.75,1,10,-81,-6,11,59,50,44,28365063,262,1,68,13499,
397.113,7993.88,51.4525,7.42379,169.438,36.4656,342.325,1,6,-82,-7,9,58,50,44,28365063,262,1,68,13499,
398.121,7993.88,51.4799,7.41651,nan,36.3501,343.026,1,6,-82,-7,9,58,50,44,28365063,262,1,68,13499,
399.127,7993.88,51.4532,7.42349,167.417,36.2627,343.371,1,6,-82,-7,9,58,50,44,28365063,262,1,68,13499,
400.113,8029.84,51.4535,7.42334,166.404,36.4201,343.967,1,4,-86,-8,7,54,46,44,28365063,262,1,68,13499,
401.119,8065.89,51.4538,7.42319,165.444,36.1119,343.915,1,4,-86,-8,7,54,46,44,28365063,262,1,68,13499,
402.146,8101.29,51.4541,7.42305,164.53,35.7257,343.925,1,-1,-87,-10,4,53,47,44,28365063,262,1,68,13499,
403.129,8136.22,51.4544,7.42291,163.612,34.9298,343.954,1,-1,-87,-10,4,53,47,44,28365063,262,1,68,13499,
404.109,8171.11,51.4547,7.42277,162.983,34.6387,343.897,1,1,-86,-9,8,54,47,44,28365063,262,1,68,13499,
405.123,8205.65,51.455,7.42263,162.517,34.5453,343.437,1,1,-86,-9,8,54,47,44,28365063,262,1,68,13499,
406.12,8240.12,51.4553,7.42249,161.859,34.4756,342.908,1,-4,-88,-11,6,52,47,44,28365063,262,1,68,13499,
407.121,8274.41,51.4556,7.42235,161.152,34.6762,342.275,1,-4,-88,-11,6,52,47,44,28365063,262,1,68,13499,
408.114,8309.22,51.4559,7.42219,160.42,34.9089,341.494,1,-6,-85,-12,6,55,52,15,27770889,262,1,335,13499,
409.131,8344.23,51.4562,7.42203,159.6,35.2042,340.562,1,-6,-85,-12,6,55,52,15,27770889,262,1,335,13499,
410.117,8379.54,51.4565,7.42186,158.872,35.4665,339.602,1,-1,-84,-9,8,56,50,15,27770889,262,1,335,13499,
411.104,8414.57,51.4568,7.42167,158.177,35.0981,338.517,1,-1,-84,-9,8,56,50,15,27770889,262,1,335,13499,
412.123,8449.62,51.4571,7.42148,157.779,34.8658,337.401,1,-1,-83,-10,6,57,49,24,33527561,262,1,377,13499,
413.136,8484.41,51.4574,7.42129,157.493,34.7227,336.487,1,-1,-83,-10,6,57,49,24,33527561,262,1,377,13499,
414.118,8518.95,51.4576,7.42108,157.35,34.6744,335.286,1,7,-80,-7,10,60,50,24,33527561,262,1,377,13499,
415.106,8553.56,51.4579,7.42087,157.221,34.7109,334.168,1,7,-80,-7,10,60,50,24,33527561,262,1,377,13499,
416.121,8588.59,51.4582,7.42065,156.973,34.6849,333.277,1,9,-75,-6,8,65,55,24,33527561,262,1,377,13499,
417.125,8623.33,51.4585,7.42043,156.648,34.7044,332.661,1,9,-75,-6,8,65,55,24,33527561,262,1,377,13499,
418.115,8657.84,51.4588,7.4202,156.306,34.7783,331.638,1,4,-76,-7,11,64,55,24,33527561,262,1,377,13499,
419.115,8692.18,51.459,7.41996,156.396,34.9246,330.779,1,4,-76,-7,11,64,55,24,33527561,262,1,377,13499,
420.116,8727,51.4593,7.41971,156.481,35.0129,330.015,1,4,-76,-7,11,64,55,24,33527561,262,1,377,13499,
421.112,8762.27,51.4596,7.41946,156.565,35.1789,329.497,1,-1,-77,-7,9,63,53,24,33527561,262,1,377,13499,
422.131,8797.04,51.4598,7.4192,156.488,35.1201,328.837,1,-1,-77,-7,9,63,53,24,33527561,262,1,377,13499,
423.126,8831.37,51.4601,7.41894,156.253,34.6868,328.189,1,6,-85,-10,6,55,50,9,27770889,262,1,335,13499,
424.115,8865.41,51.4604,7.41868,155.907,34.0833,326.966,1,6,-85,-10,6,55,50,9,27770889,262,1,335,13499,
425.107,8899.15,51.4606,7.4184,155.555,33.7416,325.107,1,13,-73,-6,15,67,58,9,27770889,262,1,335,13499,
426.117,8932.54,51.4609,7.41812,155.099,33.6626,323.795,1,13,-73,-6,15,67,58,9,27770889,262,1,335,13499,
427.111,8966.15,51.4611,7.41784,154.867,33.5784,322.896,1,16,-72,-7,15,68,60,9,27770889,262,1,335,13499,
428.216,8999.52,51.4613,7.41754,154.746,33.2835,321.804,1,16,-72,-7,15,68,60,9,27770889,262,1,335,13499,
429.112,9032.36,51.4616,7.41725,154.435,32.8086,321.371,1,15,-71,-7,11,69,62,9,27770889,262,1,335,13499,
430.139,9064.86,51.4618,7.41695,154.114,32.4213,320.044,1,15,-71,-7,11,69,62,9,27770889,262,1,335,13499,
431.114,9096.53,51.462,7.41665,154.017,32.2136,318.972,1,16,-68,-6,15,72,63,9,27770889,262,1,335,13499,
432.132,9129.29,51.4622,7.41634,154.002,31.8194,318.089,1,16,-68,-6,15,72,63,9,27770889,262,1,335,13499,
433.119,9161.44,51.4625,7.41603,154.391,31.3473,317.157,1,15,-68,-5,12,72,61,9,27770889,262,1,335,13499,
434.129,9192.3,51.4627,7.41572,154.712,31.035,315.977,1,15,-68,-5,12,72,61,9,27770889,262,1,335,13499,
435.112,9223.41,51.4629,7.41541,155.101,30.9616,315.054,1,10,-72,-5,10,68,58,9,27770889,262,1,335,13499,
436.14,9253.5,51.463,7.4151,155.229,30.8793,314.292,1,10,-72,-5,10,68,58,9,27770889,262,1,335,13499,
437.13,9283.71,51.4632,7.41479,154.94,30.7851,313.77,1,19,-66,-5,4,74,63,9,27770889,262,1,335,13499,
438.125,9283.71,51.4601,7.4167,nan,30.6959,312.939,1,19,-66,-5,4,74,63,9,27770889,262,1,335,13499,
439.117,9283.71,51.4636,7.41415,154.125,30.6711,312.038,1,19,-76,-6,9,64,55,9,27770889,262,1,335,13499,
440.115,9314.52,51.4638,7.41381,153.723,30.714,311.45,1,19,-76,-6,9,64,55,9,27770889,262,1,335,13499,
441.125,9345.26,51.464,7.41348,153.39,30.4983,310.659,1,20,-69,-5,12,71,61,9,27770889,262,1,335,13499,
442.113,9375.57,51.4642,7.41314,153.226,30.6033,310.01,1,20,-69,-5,12,71,61,9,27770889,262,1,335,13499,
443.119,9406.24,51.4643,7.4128,153.099,30.7271,309.577,1,9,-62,-6,15,78,63,9,27770889,262,1,335,13499,
444.116,9436.84,51.4645,7.41246,153.096,30.7141,309.251,1,9,-62,-6,15,78,63,9,27770889,262,1,335,13499,
445.116,9467.45,51.4647,7.41212,153.123,30.4497,308.972,1,9,-62,-6,15,78,63,9,27770889,262,1,335,13499,
446.119,9497.72,51.4648,7.41178,152.951,29.8749,308.189,1,11,-77,-6,10,63,54,9,27770889,262,1,335,13499,
447.115,9527.35,51.465,7.41144,152.656,29.2598,308.199,1,11,-77,-6,10,63,54,9,27770889,262,1,335,13499,
448.138,9556.22,51.4652,7.41111,152.405,28.6522,308.168,1,-4,-84,-11,2,56,52,9,27770889,262,1,335,13499,
449.117,9584.53,51.4653,7.41078,152.085,27.9854,308.122,1,-4,-84,-11,2,56,52,9,27770889,262,1,335,13499,
450.111,9612.08,51.4655,7.41046,151.793,27.2705,307.956,1,11,-93,-7,2,47,43,9,27770885,262,1,124,13499,
451.13,9638.94,51.4656,7.41016,151.572,26.7544,308.126,1,11,-93,-7,2,47,43,9,27770885,262,1,124,13499,
452.123,9665.91,51.4658,7.40985,151.485,26.2191,308.165,1,24,-88,-6,2,52,47,9,27770885,262,1,124,13499,
453.113,9691.92,51.4659,7.40955,151.491,25.8067,307.988,1,24,-88,-6,2,52,47,9,27770885,262,1,124,13499,
454.116,9716.77,51.466,7.40927,151.762,25.7542,308.176,1,19,-86,-6,2,54,50,9,27770885,262,1,124,13499,
455.123,9742.47,51.4662,7.40898,152.193,25.6269,308.3,1,19,-86,-6,2,54,50,9,27770885,262,1,124,13499,
456.115,9768.31,51.4663,7.40868,152.628,25.5561,308.385,1,9,-83,-6,2,57,53,9,27770885,262,1,124,13499,
457.125,9793.86,51.4665,7.4084,153.07,25.5001,308.329,1,9,-83,-6,2,57,53,9,27770885,262,1,124,13499,
458.114,9793.86,51.4657,7.40638,nan,25.7804,308.648,1,11,-88,-7,2,52,50,9,27770885,262,1,124,13499,
459.121,9793.86,51.4668,7.40781,153.504,26.0648,308.606,1,11,-88,-7,2,52,50,9,27770885,262,1,124,13499,
460.163,9819.74,51.4669,7.40752,153.637,26.3466,308.844,1,14,-88,-7,2,52,50,9,27770885,262,1,124,13499,
461.107,9845.59,51.4671,7.40723,153.691,26.0991,309.238,1,14,-88,-7,2,52,50,9,27770885,262,1,124,13499,
462.116,9870.55,51.4672,7.40695,153.606,25.6484,309.557,1,24,-77,-5,15,63,58,6,27770885,262,1,124,13499,
463.123,9895.69,51.4673,7.40667,153.412,25.5894,309.72,1,24,-77,-5,15,63,58,6,27770885,262,1,124,13499,
464.129,9920.94,51.4675,7.40639,153.196,25.2489,310.051,1,16,-83,-5,12,57,52,6,27770885,262,1,124,13499,
465.131,9945.88,51.4676,7.40611,153.004,24.8151,310.16,1,16,-83,-5,12,57,52,6,27770885,262,1,124,13499,
466.128,9970.63,51.4678,7.40585,152.803,24.6049,310.702,1,16,-83,-5,12,57,52,6,27770885,262,1,124,13499,
467.13,9995.17,51.4679,7.40558,152.67,24.6466,311.044,1,10,-82,-5,10,58,55,6,27770885,262,1,124,13499,
468.131,10020,51.4681,7.40531,152.65,24.8529,311.507,1,10,-82,-5,10,58,55,6,27770885,262,1,124,13499,
469.132,10045.3,51.4682,7.40504,152.769,25.0318,311.769,1,2,-84,-6,14,56,53,6,27770885,262,1,124,13499,
470.125,10070.5,51.4684,7.40478,152.963,25.2323,312.107,1,2,-84,-6,14,56,53,6,27770885,262,1,124,13499,
471.12,10095.9,51.4685,7.40451,153.206,25.5055,312.271,1,-2,-85,-9,8,55,58,6,27770885,262,1,124,13499,
472.124,10121.5,51.4687,7.40423,153.509,25.6817,312.363,1,-2,-85,-9,8,55,58,6,27770885,262,1,124,13499,
473.111,10147.1,51.4689,7.40396,153.769,25.8259,312.418,1,-4,-82,-9,6,58,60,19,27771140,262,1,289,13499,
474.115,10172.9,51.469,7.40369,153.998,26.1368,312.827,1,-4,-82,-9,6,58,60,19,27771140,262,1,289,13499,
475.114,10199,51.4692,7.40342,154.277,26.1702,312.742,1,23,-83,-10,15,57,58,19,27771140,262,1,289,13499,
476.122,10225.8,51.4693,7.40313,154.883,26.143,313.66,1,23,-83,-10,15,57,58,19,27771140,262,1,289,13499,
477.12,10253.4,51.4695,7.40285,155.832,27.036,314.277,1,22,-82,-10,14,58,60,19,27771140,262,1,289,13499,
478.111,10253.4,51.4697,7.39987,nan,27.2612,314.306,1,22,-82,-10,14,58,60,19,27771140,262,1,289,13499,
479.127,10253.4,51.4698,7.4023,157.525,27.3684,314.693,1,18,-83,-9,11,57,59,19,27771140,262,1,289,13499,
480.135,10280.2,51.47,7.40202,158.226,26.7042,314.989,1,18,-83,-9,11,57,59,19,27771140,262,1,289,13499,
481.131,10306.5,51.4702,7.40175,158.769,26.2284,315.512,1,19,-80,-8,11,60,62,19,27771140,262,1,289,13499,
482.119,10332.5,51.4704,7.40149,159.356,25.7414,315.73,1,19,-80,-8,11,60,62,19,27771140,262,1,289,13499,
483.111,10358.4,51.4705,7.40123,160.008,25.5399,316.199,1,22,-80,-8,15,60,61,19,27771140,262,1,289,13499,
484.12,10383.8,51.4707,7.40098,160.586,25.2851,316.635,1,22,-80,-8,15,60,61,19,27771140,262,1,289,13499,
485.121,10408.9,51.4709,7.40073,161.188,25.1625,316.594,1,22,-81,-9,12,59,60,19,27771140,262,1,289,13499,
486.131,10433.7,51.471,7.40048,161.604,25.2139,316.651,1,22,-81,-9,12,59,60,19,27771140,262,1,289,13499,
487.117,10459,51.4712,7.40023,162.054,24.9983,316.816,1,20,-81,-9,2,59,59,19,27771140,262,1,289,13499,
488.122,10484,51.4713,7.39999,162.518,24.9778,317.269,1,20,-81,-9,2,59,59,19,27771140,262,1,289,13499,
489.145,10509,51.4715,7.39974,163.122,25.1442,317.562,1,15,-84,-9,2,56,58,19,27771140,262,1,289,13499,
490.132,10534.2,51.4717,7.3995,163.631,25.071,317.833,1,15,-84,-9,2,56,58,19,27771140,262,1,289,13499,
491.121,10559,51.4718,7.39926,164.205,24.6064,318.341,1,15,-84,-9,2,56,58,19,27771140,262,1,289,13499,
492.127,10583.4,51.472,7.39903,164.679,24.1999,318.52,1,18,-85,-9,2,55,57,19,27771140,262,1,289,13499,
493.114,10607.7,51.4722,7.39879,165.081,24.2211,318.702,1,18,-85,-9,2,55,57,19,27771140,262,1,289,13499,
494.12,10632.2,51.4723,7.39856,165.524,24.4224,318.982,1,19,-85,-8,2,55,55,19,27771140,262,1,289,13499,
495.127,10657,51.4725,7.39833,165.861,24.6382,319.103,1,19,-85,-8,2,55,55,19,27771140,262,1,289,13499,
496.123,10681.8,51.4727,7.3981,166.294,24.7605,319.401,1,22,-85,-7,2,55,53,19,27771140,262,1,289,13499,
497.117,10706.7,51.4728,7.39786,166.674,24.8598,319.648,1,22,-85,-7,2,55,53,19,27771140,262,1,289,13499,
498.121,10706.7,51.4697,7.39987,nan,24.9719,320.108,1,18,-87,-8,2,53,52,19,27771140,262,1,289,13499,
499.119,10706.7,51.4732,7.3974,167.384,24.9582,320.591,1,18,-87,-8,2,53,52,19,27771140,262,1,289,13499,
500.115,10731.6,51.4734,7.39718,167.718,24.8378,320.96,1,19,-89,-9,2,51,52,19,27771140,262,1,289,13499,
501.121,10756.4,51.4735,7.39695,167.915,25.0406,320.735,1,19,-89,-9,2,51,52,19,27771140,262,1,289,13499,
502.117,10781.5,51.4737,7.39671,168.122,25.3262,320.846,1,18,-89,-9,2,51,51,19,27771140,262,1,289,13499,
503.12,10806.6,51.4739,7.39649,168.368,25.0614,321.769,1,18,-89,-9,2,51,51,19,27771140,262,1,289,13499,
504.122,10831.3,51.4741,7.39627,168.636,24.4912,322.351,1,17,-89,-10,2,51,52,19,27771140,262,1,289,13499,
505.118,10855.4,51.4742,7.39606,168.818,24.1874,323.046,1,17,-89,-10,2,51,52,19,27771140,262,1,289,13499,
506.122,10879.4,51.4744,7.39586,169.042,24.0293,323.615,1,21,-87,-9,2,53,54,19,27771140,262,1,289,13499,
507.193,10903.4,51.4746,7.39565,169.198,23.9337,324.012,1,21,-87,-9,2,53,54,19,27771140,262,1,289,13499,
508.104,10927.2,51.4748,7.39546,169.338,23.7453,325.575,1,13,-84,-9,12,56,57,7,27771140,262,1,289,13499,
509.129,10950.8,51.4749,7.39526,169.478,23.4317,326.256,1,13,-84,-9,12,56,57,7,27771140,262,1,289,13499,
510.123,10974.3,51.4751,7.39508,169.644,23.3439,328.012,1,13,-84,-9,12,56,57,7,27771140,262,1,289,13499,
511.117,10997.9,51.4753,7.3949,169.837,23.6481,328.777,1,19,-81,-9,12,59,60,7,27771140,262,1,289,13499,
512.118,11021.7,51.4755,7.39473,170.066,23.8173,329.349,1,19,-81,-9,12,59,60,7,27771140,262,1,289,13499,
513.124,11045.5,51.4757,7.39455,170.188,23.829,329.513,1,16,-80,-9,12,60,61,7,27771140,262,1,289,13499,
514.115,11068.8,51.4759,7.39439,170.578,23.4194,330.426,1,16,-80,-9,12,60,61,7,27771140,262,1,289,13499,
515.137,11092.5,51.476,7.39422,170.794,22.728,330.815,1,27,-74,-10,14,66,63,7,27771140,262,1,289,13499,
516.106,11114.3,51.4762,7.39407,171.073,22.0868,331.25,1,27,-74,-10,14,66,63,7,27771140,262,1,289,13499,
517.119,11136.8,51.4764,7.39391,171.226,21.7728,332.369,1,19,-77,-10,13,63,63,7,27771140,262,1,289,13499,
518.114,11136.8,51.4804,7.39807,nan,21.0763,333.56,1,19,-77,-10,13,63,63,7,27771140,262,1,289,13499,
519.126,11136.8,51.4767,7.39365,171.612,20.6456,334.926,1,16,-78,-9,11,62,63,7,27771140,262,1,289,13499,
520.124,11156.5,51.4769,7.39352,171.923,19.9698,335.462,1,16,-78,-9,11,62,63,7,27771140,262,1,289,13499,
521.115,11176.6,51.4771,7.3934,172.209,19.3572,335.997,1,14,-83,-10,11,57,59,7,27771140,262,1,289,13499,
522.137,11195.9,51.4772,7.39329,172.619,18.2943,336.805,1,14,-83,-10,11,57,59,7,27771140,262,1,289,13499,
523.12,11213.8,51.4774,7.3932,173.198,17.0998,338.131,1,12,-84,-11,11,56,58,7,27771140,262,1,289,13499,
524.127,11230.9,51.4775,7.39312,174.21,15.8996,340.054,1,12,-84,-11,11,56,58,7,27771140,262,1,289,13499,
525.136,11246.5,51.4776,7.39306,175.069,14.559,342.659,1,6,-86,-11,2,54,57,7,27771140,262,1,289,13499,
526.11,11260.1,51.4778,7.39301,175.775,14.3439,346.276,1,6,-86,-11,2,54,57,7,27771140,262,1,289,13499,
527.122,11274,51.4779,7.39301,176.426,13.8287,358.852,1,8,-78,-8,2,62,61,7,27771139,262,1,288,13499,
528.119,11287.6,51.478,7.39302,177.286,13.1132,0.63272,1,8,-78,-8,2,62,61,7,27771139,262,1,288,13499,
529.12,11300.5,51.4781,7.39304,177.984,12.922,3.07638,1,8,-80,-7,2,60,59,7,27771139,262,1,288,13499,
530.12,11314.5,51.4783,7.39307,178.723,13.3396,6.45847,1,8,-80,-7,2,60,59,7,27771139,262,1,288,13499,
531.119,11329,51.4784,7.39311,179.236,13.5005,10.4363,1,8,-80,-7,2,60,59,7,27771139,262,1,288,13499,
532.116,11343,51.4785,7.39319,179.188,13.9138,23.9739,1,13,-80,-7,2,60,58,7,27771139,262,1,288,13499,
533.117,11357.6,51.4786,7.39328,179.604,13.835,25.8816,1,13,-80,-7,2,60,58,7,27771139,262,1,288,13499,
534.128,11371.9,51.4787,7.39338,179.776,13.4266,27.4996,1,14,-82,-6,2,58,56,7,27771139,262,1,288,13499,
535.111,11384.9,51.4788,7.39348,180.087,12.5606,30.8007,1,14,-82,-6,2,58,56,7,27771139,262,1,288,13499,
536.12,11398,51.4789,7.39358,180.484,11.9766,32.3338,1,17,-81,-6,2,59,57,7,27771139,262,1,288,13499,
537.12,11408.4,51.479,7.39368,180.939,11.2666,31.9274,1,17,-81,-6,2,59,57,7,27771139,262,1,288,13499,
538.113,11408.4,51.4803,7.39466,nan,10.6579,29.5737,1,18,-82,-6,2,58,55,7,27771139,262,1,288,13499,
539.122,11408.4,51.4791,7.39382,182.53,9.74799,16.8445,1,18,-82,-6,2,58,55,7,27771139,262,1,288,13499,
540.119,11417,51.4792,7.39385,183.266,7.50116,14.0138,1,16,-83,-6,2,57,53,7,27771139,262,1,288,13499,
541.129,11422,51.4793,7.39387,183.644,4.31904,10.0705,1,16,-83,-6,2,57,53,7,27771139,262,1,288,13499,
542.125,11424.6,51.4793,7.39388,183.684,2.63179,6.85684,1,11,-82,-6,2,58,53,7,27771139,262,1,288,13499,
543.119,11426.7,51.4793,7.39388,183.712,1.67864,4.2043,1,11,-82,-6,2,58,53,7,27771139,262,1,288,13499,
544.119,11428.4,51.4793,7.39387,183.762,1.39747,2.01056,1,10,-84,-6,2,56,52,7,27771139,262,1,288,13499,
545.114,11429.5,51.4793,7.39387,183.837,1.07946,359.341,1,10,-84,-6,2,56,52,7,27771139,262,1,288,13499,
546.11,11431.2,51.4793,7.39387,183.931,1.01617,357.276,1,10,-87,-6,2,53,50,7,27771139,262,1,288,13499,
547.12,11431.9,51.4794,7.39387,184.023,0.766193,357.276,1,10,-87,-6,2,53,50,7,27771139,262,1,288,13499,
548.109,11432.3,51.4794,7.39387,184.113,0.350875,357.276,1,16,-90,-7,2,50,48,7,27771139,262,1,288,13499,
549.12,11432.3,51.4794,7.39387,184.183,0,357.276,1,16,-90,-7,2,50,48,7,27771139,262,1,288,13499,
550.115,11432.3,51.4794,7.39387,184.22,0,357.276,1,16,-90,-7,2,50,48,7,27771139,262,1,288,13499,
551.123,11432.3,51.4794,7.39387,184.265,0,357.276,1,13,-91,-8,2,49,48,7,27771139,262,1,288,13499,
552.107,11432.3,51.4794,7.39387,184.305,0,357.276,1,13,-91,-8,2,49,48,7,27771139,262,1,288,13499,
553.12,11432.3,51.4794,7.39387,184.31,0,357.276,1,9,-90,-7,2,50,48,7,27771139,262,1,288,13499,
554.134,11432.3,51.4794,7.39387,184.314,0,357.276,1,9,-90,-7,2,50,48,7,27771139,262,1,288,13499,
555.111,11432.3,51.4794,7.39387,184.316,0,357.276,1,10,-89,-7,2,51,49,7,27771139,262,1,288,13499,
556.137,11432.3,51.4794,7.39387,184.319,0,357.276,1,10,-89,-7,2,51,49,7,27771139,262,1,288,13499,
557.116,11432.3,51.4794,7.39387,184.323,0,357.276,1,8,-90,-7,2,50,49,7,27771139,262,1,288,13499,
558.116,11432.3,51.4824,7.39776,nan,0,357.276,1,8,-90,-7,2,50,49,7,27771139,262,1,288,13499,
559.11,11432.3,51.4794,7.39387,184.333,0,357.276,1,10,-90,-7,2,50,49,7,27771139,262,1,288,13499,
560.119,11432.3,51.4794,7.39387,184.341,0,357.276,1,10,-90,-7,2,50,49,7,27771139,262,1,288,13499,
561.115,11432.3,51.4794,7.39387,184.437,0,357.276,1,17,-90,-8,2,50,49,7,27771139,262,1,288,13499,
562.127,11432.3,51.4794,7.39387,184.529,0,351.215,1,17,-90,-8,2,50,49,7,27771139,262,1,288,13499,
563.123,11438.8,51.4794,7.39383,184.619,0,348.521,1,18,-90,-8,2,50,48,7,27771139,262,1,288,13499,
564.116,11439.7,51.4794,7.39383,184.655,1.44296,346.968,1,18,-90,-8,2,50,48,7,27771139,262,1,288,13499,
565.124,11440.6,51.4794,7.39382,184.656,1.38969,347.354,1,8,-92,-8,2,48,47,7,27771139,262,1,288,13499,
566.112,11442.1,51.4794,7.39382,184.674,1.52703,345.879,1,8,-92,-8,2,48,47,7,27771139,262,1,288,13499,
567.127,11443.6,51.4795,7.39381,184.65,1.95274,344.119,1,10,-92,-8,2,48,46,7,27771139,262,1,288,13499,
568.121,11445.6,51.4795,7.39381,184.608,2.23064,342.693,1,10,-92,-8,2,48,46,7,27771139,262,1,288,13499,
569.117,11447.9,51.4795,7.3938,184.571,2.14465,341.468,1,10,-92,-8,2,48,46,7,27771139,262,1,288,13499,
570.13,11449.8,51.4795,7.39379,184.543,1.87635,340.294,1,17,-93,-8,2,47,46,7,27771139,262,1,288,13499,
571.117,11452.4,51.4795,7.39378,184.511,1.99493,338.632,1,17,-93,-8,2,47,46,7,27771139,262,1,288,13499,
572.134,11454.3,51.4795,7.39377,184.452,2.60316,337.241,1,11,-94,-8,2,46,45,7,27771139,262,1,288,13499,
573.12,11457.8,51.4796,7.39376,184.386,3.97597,336.174,1,11,-94,-8,2,46,45,7,27771139,262,1,288,13499,
574.111,11463.2,51.4796,7.39372,183.953,5.31166,335.346,1,19,-94,-8,2,46,45,7,27771139,262,1,288,13499,
575.115,11469,51.4797,7.39369,183.575,5.53715,334.435,1,19,-94,-8,2,46,45,7,27771139,262,1,288,13499,
576.115,11474.2,51.4797,7.39366,183.374,5.22187,333.96,1,17,-93,-7,2,47,46,7,27771139,262,1,288,13499,
577.106,11479.2,51.4798,7.39362,183.293,4.59134,333.852,1,17,-93,-7,2,47,46,7,27771139,262,1,288,13499,
578.217,11479.2,51.4824,7.39776,nan,3.94883,334.378,1,25,-87,-6,2,53,49,7,28365058,262,1,223,13499,
579.107,11479.2,51.4798,7.39358,183.297,3.16768,336.196,1,25,-87,-6,2,53,49,7,28365058,262,1,223,13499,
580.119,11482.5,51.4798,7.39356,183.401,4.22646,338.458,1,18,-87,-6,12,53,47,15,28365058,262,1,223,13499,
581.123,11487.3,51.4799,7.39353,183.394,5.56208,339.147,1,18,-87,-6,12,53,47,15,28365058,262,1,223,13499,
582.131,11493.3,51.4799,7.3935,183.215,7.03615,339.869,1,14,-89,-6,11,51,47,15,28365058,262,1,223,13499,
583.115,11501.7,51.48,7.39346,183.19,8.4608,340.88,1,14,-89,-6,11,51,47,15,28365058,262,1,223,13499,
584.126,11511.2,51.4801,7.39343,183.163,9.08165,344.737,1,10,-86,-5,12,54,50,15,28365058,262,1,223,13499,
585.126,11519.7,51.4802,7.39344,183.525,8.97901,2.19063,1,10,-86,-5,12,54,50,15,28365058,262,1,223,13499,
586.115,11530.1,51.4802,7.3935,183.715,9.61884,29.7885,1,18,-88,-5,14,52,50,15,28365058,262,1,223,13499,
587.112,11541,51.4803,7.39362,183.652,10.4599,51.6784,1,18,-88,-5,14,52,50,15,28365058,262,1,223,13499,
588.115,11554.1,51.4804,7.39377,184.201,11.4802,54.1754,1,18,-88,-5,14,52,50,15,28365058,262,1,223,13499,
589.116,11566.3,51.4804,7.39392,184.814,12.2461,55.9037,1,9,-86,-6,6,54,51,5,27771139,262,1,288,13499,
590.122,11577.9,51.4805,7.39406,185.249,12.3083,57.159,1,9,-86,-6,6,54,51,5,27771139,262,1,288,13499,
591.115,11590.5,51.4806,7.39421,185.757,12.4516,57.9721,1,12,-86,-7,14,54,52,5,27771139,262,1,288,13499,
592.133,11602.3,51.4806,7.39436,186.532,12.5384,58.5689,1,12,-86,-7,14,54,52,5,27771139,262,1,288,13499,
593.13,11614.8,51.4807,7.39452,186.997,12.4305,58.9104,1,25,-85,-6,14,55,51,5,27771139,262,1,288,13499,
594.117,11627.7,51.4807,7.39468,187.461,12.6316,58.904,1,25,-85,-6,14,55,51,5,27771139,262,1,288,13499,
595.111,11640.8,51.4808,7.39484,187.866,13.1209,58.5491,1,10,-83,-5,14,57,52,5,27771139,262,1,288,13499,
596.108,11654.6,51.4808,7.39502,187.85,13.9232,58.054,1,10,-83,-5,14,57,52,5,27771139,262,1,288,13499,
597.091,11668.5,51.4809,7.39519,187.601,14.6425,57.3902,1,17,-87,-5,15,53,50,5,27771139,262,1,288,13499,
598.088,11668.5,51.4809,7.39519,187.601,14.6425,57.3902,1,17,-87,-5,15,53,50,5,27771139,262,1,288,13499,
599.082,11668.5,51.4803,7.39466,nan,15.9063,59.0975,1,7,-84,-6,15,56,51,5,27771139,262,1,288,13499,
600.104,11668.5,51.4811,7.39576,186.924,16.0579,59.063,1,7,-84,-6,15,56,51,5,27771139,262,1,288,13499,
601.111,11684.9,51.4812,7.39596,187.204,15.9464,59.3749,1,10,-85,-6,11,55,52,5,27771139,262,1,288,13499,
602.11,11700.2,51.4813,7.39615,187.392,15.5454,59.9617,1,10,-85,-6,11,55,52,5,27771139,262,1,288,13499,
603.115,11715.4,51.4813,7.39634,187.316,15.1874,59.7372,1,8,-86,-6,14,54,51,5,27771139,262,1,288,13499,
604.123,11731.2,51.4814,7.39653,187.577,15.5836,59.4041,1,8,-86,-6,14,54,51,5,27771139,262,1,288,13499,
605.122,11747.3,51.4815,7.39673,187.889,15.9262,58.826,1,16,-86,-5,2,54,51,5,27771139,262,1,288,13499,
606.111,11762.4,51.4816,7.39692,187.842,15.5475,58.4111,1,16,-86,-5,2,54,51,5,27771139,262,1,288,13499,
607.11,11777.4,51.4816,7.3971,187.637,15.1483,57.7239,1,21,-87,-5,2,53,50,5,27771139,262,1,288,13499,
608.114,11791.7,51.4817,7.39728,187.723,14.725,57.0644,1,21,-87,-5,2,53,50,5,27771139,262,1,288,13499,
609.107,11806.2,51.4818,7.39745,188.026,14.3012,56.2087,1,22,-86,-5,2,54,52,5,27771139,262,1,288,13499,
610.106,11821.3,51.4819,7.39763,188.399,13.9601,55.1855,1,22,-86,-5,2,54,52,5,27771139,262,1,288,13499,
611.12,11834.7,51.4819,7.39778,188.896,13.5117,54.1742,1,25,-84,-5,2,56,53,5,27771139,262,1,288,13499,
612.124,11847.6,51.482,7.39793,189.417,12.5362,53.2097,1,25,-84,-5,2,56,53,5,27771139,262,1,288,13499,
613.114,11859.6,51.4821,7.39806,189.885,11.4429,52.2237,1,25,-84,-5,2,56,53,5,27771139,262,1,288,13499,
614.118,11870.1,51.4821,7.39818,190.21,10.0669,51.0343,1,21,-82,-5,2,58,55,5,27771139,262,1,288,13499,
615.117,11879.3,51.4822,7.39828,190.517,8.75565,49.8829,1,21,-82,-5,2,58,55,5,27771139,262,1,288,13499,
616.122,11888.3,51.4822,7.39837,190.743,7.44675,48.608,1,23,-80,-4,2,60,55,5,27771139,262,1,288,13499,
617.11,11895.1,51.4823,7.39844,191.139,6.03035,46.9929,1,23,-80,-4,2,60,55,5,27771139,262,1,288,13499,
618.111,11895.1,51.4803,7.39466,nan,4.18541,46.199,1,25,-81,-5,2,59,54,5,27771139,262,1,288,13499,
619.116,11895.1,51.4823,7.39852,191.515,2.82915,45.2966,1,25,-81,-5,2,59,54,5,27771139,262,1,288,13499,
620.118,11896.5,51.4824,7.39853,191.527,1.41091,42.549,1,18,-80,-6,2,60,56,5,27771139,262,1,288,13499,
621.114,11896.5,51.4824,7.39853,191.526,0,42.549,1,18,-80,-6,2,60,56,5,27771139,262,1,288,13499,
622.125,11896.5,51.4824,7.39853,191.525,0,42.549,1,29,-80,-6,2,60,57,5,27771139,262,1,288,13499,
623.11,11896.5,51.4824,7.39853,191.52,0,42.549,1,29,-80,-6,2,60,57,5,27771139,262,1,288,13499,
624.12,11896.5,51.4824,7.39853,191.515,0,42.549,1,22,-79,-6,2,61,57,5,27771139,262,1,288,13499,
625.117,11896.5,51.4824,7.39853,191.509,0,42.549,1,22,-79,-6,2,61,57,5,27771139,262,1,288,13499,
626.111,11896.5,51.4824,7.39853,191.504,0,42.549,1,22,-80,-6,2,60,57,5,27771139,262,1,288,13499,
627.113,11896.5,51.4824,7.39853,191.499,0,42.549,1,22,-80,-6,2,60,57,5,27771139,262,1,288,13499,
628.118,11896.5,51.4824,7.39853,191.496,0,42.549,1,24,-81,-5,2,59,54,5,27771139,262,1,288,13499,
629.132,11896.5,51.4824,7.39853,191.495,0,42.549,1,24,-81,-5,2,59,54,5,27771139,262,1,288,13499,
630.082,11896.5,51.4824,7.39853,191.497,0,42.549,1,24,-83,-5,2,57,53,5,27771139,262,1,288,13499,
631.11,11896.5,51.4824,7.39853,191.504,0,42.549,1,24,-83,-5,2,57,53,5,27771139,262,1,288,13499,
632.116,11896.5,51.4824,7.39853,191.515,0,42.549,1,24,-83,-5,2,57,53,5,27771139,262,1,288,13499,
633.109,11896.5,51.4824,7.39853,191.526,0,42.549,1,24,-83,-5,2,57,53,5,27771139,262,1,288,13499,
634.218,11896.5,51.4824,7.39853,191.539,0,42.549,1,21,-83,-5,2,57,53,5,27771139,262,1,288,13499,
635.108,11896.5,51.4824,7.39853,191.554,0,42.549,1,21,-83,-5,2,57,53,5,27771139,262,1,288,13499,
636.11,11896.5,51.4824,7.39853,191.569,0,42.549,1,21,-82,-5,15,58,53,10,27771139,262,1,288,13499,
637.116,11896.5,51.4824,7.39853,191.585,0,42.549,1,21,-82,-5,15,58,53,10,27771139,262,1,288,13499,
638.112,11896.5,51.4803,7.39466,nan,0,42.549,1,21,-82,-5,15,58,53,10,27771139,262,1,288,13499,
639.126,11896.5,51.4824,7.39853,191.62,0,42.549,1,21,-82,-4,13,58,53,10,27771139,262,1,288,13499,
640.105,11896.5,51.4824,7.39853,191.638,0,42.549,1,21,-82,-4,13,58,53,10,27771139,262,1,288,13499,
641.12,11896.5,51.4824,7.39853,191.654,0,42.549,1,22,-83,-4,15,57,51,10,27771139,262,1,288,13499,
642.116,11896.5,51.4824,7.39853,191.669,0,42.549,1,22,-83,-4,15,57,51,10,27771139,262,1,288,13499,
643.128,11896.5,51.4824,7.39853,191.683,0,42.549,1,22,-82,-5,13,58,52,10,27771139,262,1,288,13499,
644.128,11896.5,51.4824,7.39853,191.696,0,42.549,1,22,-82,-5,13,58,52,10,27771139,262,1,288,13499,
645.108,11896.5,51.4824,7.39853,191.709,0,42.549,1,20,-83,-4,13,57,51,10,27771139,262,1,288,13499,
646.115,11896.5,51.4824,7.39853,191.721,0,42.549,1,20,-83,-4,13,57,51,10,27771139,262,1,288,13499,
647.124,11896.5,51.4824,7.39853,191.733,0,42.549,1,20,-81,-5,15,59,52,10,27771139,262,1,288,13499,
648.131,11896.5,51.4824,7.39853,191.745,0,42.549,1,20,-81,-5,15,59,52,10,27771139,262,1,288,13499,
649.123,11896.5,51.4824,7.39853,191.758,0,42.549,1,21,-83,-5,13,57,50,10,27771139,262,1,288,13499,
650.125,11896.5,51.4824,7.39853,191.856,0,42.549,1,21,-83,-5,13,57,50,10,27771139,262,1,288,13499,
651.106,11896.5,51.4824,7.39853,191.913,0,49.0608,1,19,-82,-5,12,58,51,10,27771139,262,1,288,13499,
652.113,11904.1,51.4824,7.3986,191.797,0,45.7694,1,19,-82,-5,12,58,51,10,27771139,262,1,288,13499,
653.109,11910.6,51.4825,7.39866,191.586,6.88561,43.089,1,19,-83,-4,2,57,52,10,27771139,262,1,288,13499,
654.12,11918.7,51.4825,7.39873,191.607,9.1043,40.0277,1,19,-83,-4,2,57,52,10,27771139,262,1,288,13499,
655.12,11927.7,51.4826,7.3988,191.461,9.92295,38.6993,1,15,-84,-5,2,56,50,10,27771139,262,1,288,13499,
656.127,11938.1,51.4827,7.39889,191.367,11.296,37.3835,1,15,-84,-5,2,56,50,10,27771139,262,1,288,13499,
657.112,11949.6,51.4827,7.39898,191.29,11.6569,36.3785,1,16,-86,-6,2,54,49,10,27771139,262,1,288,13499,
658.127,11949.6,51.4824,7.39776,nan,12.4355,35.2487,1,16,-86,-6,2,54,49,10,27771139,262,1,288,13499,
659.114,11949.6,51.4829,7.3992,190.908,13.5189,34.5407,1,14,-88,-6,9,52,48,11,27771139,262,1,288,13499,
660.118,11963.6,51.483,7.39931,190.839,14.4318,34.2028,1,14,-88,-6,9,52,48,11,27771139,262,1,288,13499,
661.128,11977.8,51.4832,7.39942,190.187,15.2737,33.9623,1,14,-88,-6,9,52,48,11,27771139,262,1,288,13499,
662.135,11993.1,51.4833,7.39955,189.294,15.8034,34.1718,1,14,-88,-5,12,52,47,11,27771139,262,1,288,13499,
663.105,12008.9,51.4834,7.39967,188.404,16.3479,34.1175,1,14,-88,-5,12,52,47,11,27771139,262,1,288,13499,
664.11,12025.5,51.4835,7.3998,187.634,16.7759,34.2501,1,5,-98,-7,10,42,40,11,27771139,262,1,288,13499,
665.134,12042.8,51.4836,7.39994,187.002,17.1909,35.0225,1,5,-98,-7,10,42,40,11,27771139,262,1,288,13499,
666.112,12059.9,51.4838,7.40008,186.534,17.0824,35.8552,1,6,-90,-6,6,50,46,9,28365058,262,1,223,13499,
667.127,12077.1,51.4839,7.40023,185.981,17.1878,36.226,1,6,-90,-6,6,50,46,9,28365058,262,1,223,13499,
668.123,12094.3,51.484,7.40037,185.642,17.3962,36.8113,1,12,-94,-7,13,46,44,9,28365058,262,1,223,13499,
669.112,12111.9,51.4841,7.40053,185.612,17.6821,37.327,1,12,-94,-7,13,46,44,9,28365058,262,1,223,13499,
670.112,12129.7,51.4843,7.40069,185.7,17.7016,38.1205,1,12,-94,-7,14,46,44,9,28365058,262,1,223,13499,
671.107,12146.9,51.4844,7.40085,185.885,17.4325,38.8957,1,12,-94,-7,14,46,44,9,28365058,262,1,223,13499,
672.123,12164.3,51.4845,7.40101,185.97,17.3116,39.4073,1,7,-96,-8,11,44,42,9,28365058,262,1,223,13499,
673.119,12181.3,51.4846,7.40117,185.954,17.0844,40.3714,1,7,-96,-8,11,44,42,9,28365058,262,1,223,13499,
674.114,12197.7,51.4847,7.40133,185.902,16.9376,41.0099,1,5,-97,-8,10,43,41,9,28365058,262,1,223,13499,
675.119,12214.3,51.4848,7.4015,185.596,16.7201,41.3772,1,5,-97,-8,10,43,41,9,28365058,262,1,223,13499,
676.11,12230.6,51.485,7.40166,185.246,16.5745,42.0167,1,9,-99,-8,7,41,40,9,28365058,262,1,223,13499,
677.123,12247.4,51.4851,7.40183,184.629,16.5648,42.7913,1,9,-99,-8,7,41,40,9,28365058,262,1,223,13499,
678.119,12247.4,51.4817,7.40348,nan,16.72,43.6494,1,7,-97,-8,9,43,41,9,28365058,262,1,223,13499,
679.104,12247.4,51.4853,7.40218,184.065,15.66,45.0099,1,7,-97,-8,9,43,41,9,28365058,262,1,223,13499,
680.113,12262.7,51.4854,7.40235,184.278,14.6901,46.4338,1,-6,-94,-8,2,46,42,9,28365058,262,1,223,13499,
681.112,12276.3,51.4854,7.4025,184.943,13.0479,47.7525,1,-6,-94,-8,2,46,42,9,28365058,262,1,223,13499,
682.13,12287.9,51.4855,7.40263,185.521,10.316,48.5463,1,-6,-94,-8,2,46,42,9,28365058,262,1,223,13499,
683.119,12296.2,51.4856,7.40271,185.95,7.68917,46.5363,1,7,-97,-10,2,43,42,9,28365058,262,1,223,13499,
684.131,12303.5,51.4856,7.40276,186.068,7.43795,23.5701,1,7,-97,-10,2,43,42,9,28365058,262,1,223,13499,
685.111,12311.1,51.4857,7.40276,185.986,8.0071,357.058,1,4,-97,-8,2,43,43,9,29391105,262,1,351,13499,
686.111,12320,51.4858,7.40272,186.093,8.68922,337.012,1,4,-97,-8,2,43,43,9,29391105,262,1,351,13499,
687.122,12328.5,51.4858,7.40266,185.995,9.58577,321.706,1,-6,-98,-9,2,42,42,9,29391105,262,1,351,13499,
688.133,12338.1,51.4859,7.40257,185.838,10.866,321.194,1,-6,-98,-9,2,42,42,9,29391105,262,1,351,13499,
689.124,12348.3,51.486,7.40248,185.643,11.0745,321.722,1,2,-102,-10,2,38,39,9,28365058,262,1,223,13499,
690.114,12359.3,51.486,7.40238,186.049,11.5192,322.691,1,2,-102,-10,2,38,39,9,28365058,262,1,223,13499,
691.118,12370.8,51.4861,7.40228,186.071,11.4609,324.43,1,1,-101,-10,2,39,40,9,28365058,262,1,223,13499,
692.12,12383,51.4862,7.40219,186.143,11.6258,327.138,1,1,-101,-10,2,39,40,9,28365058,262,1,223,13499,
693.111,12395.6,51.4863,7.4021,186.332,11.8682,328.874,1,-2,-99,-10,2,41,42,9,28365058,262,1,223,13499,
694.211,12407.9,51.4864,7.40202,186.849,13.2052,330.802,1,-2,-99,-10,2,41,42,9,28365058,262,1,223,13499,
695.123,12421.6,51.4865,7.40194,187.016,12.904,332.671,1,-7,-105,-15,5,35,41,10,28365058,262,1,223,13499,
696.11,12434.8,51.4866,7.40187,187.226,13.0977,335.373,1,-7,-105,-15,5,35,41,10,28365058,262,1,223,13499,
697.121,12448.6,51.4868,7.40182,187.371,13.1361,338.36,1,-2,-94,-7,6,46,43,16,27771139,262,1,288,13499,
698.131,12448.6,51.4803,7.39466,nan,12.8633,341.62,1,-2,-94,-7,6,46,43,16,27771139,262,1,288,13499,
699.105,12448.6,51.487,7.40175,186.555,12.897,343.97,1,10,-91,-6,12,49,45,16,27771139,262,1,288,13499,
700.111,12461.8,51.4871,7.40171,186.363,12.9621,346.649,1,10,-91,-6,12,49,45,16,27771139,262,1,288,13499,
701.115,12475.6,51.4872,7.40168,186.542,12.9625,348.944,1,7,-88,-6,6,52,49,3,26385409,262,1,93,13499,
702.128,12489.3,51.4873,7.40166,186.598,12.9691,351.083,1,7,-88,-6,6,52,49,3,26385409,262,1,93,13499,
703.134,12505,51.4875,7.40165,186.907,13.5355,353.308,1,24,-84,-6,15,56,53,3,26385409,262,1,93,13499,
704.115,12519.7,51.4876,7.40164,186.957,13.5293,355.326,1,24,-84,-6,15,56,53,3,26385409,262,1,93,13499,
705.091,12533.8,51.4877,7.40164,186.976,13.577,357.118,1,14,-86,-7,10,54,52,3,26385409,262,1,93,13499,
706.119,12548.6,51.4879,7.40165,186.818,13.7825,358.223,1,14,-86,-7,10,54,52,3,26385409,262,1,93,13499,
707.113,12562.3,51.488,7.40166,186.683,13.6272,359.066,1,14,-86,-7,10,54,52,3,26385409,262,1,93,13499,
708.12,12576.5,51.4881,7.40167,186.442,13.7308,359.477,1,10,-89,-6,14,51,49,3,26385409,262,1,93,13499,
709.118,12588.2,51.4882,7.40169,186.617,13.4466,359.874,1,10,-89,-6,14,51,49,3,26385409,262,1,93,13499,
710.117,12600.3,51.4883,7.40171,186.468,13.4238,0.467547,1,13,-82,-6,10,58,55,3,26385409,262,1,93,13499,
711.111,12612.1,51.4884,7.40171,186.366,13.2148,0.497313,1,13,-82,-6,10,58,55,3,26385409,262,1,93,13499,
712.118,12625.3,51.4886,7.40172,186.229,12.6858,359.726,1,18,-81,-6,13,59,55,3,26385409,262,1,93,13499,
713.119,12637.9,51.4887,7.40172,186.026,12.2172,359.033,1,18,-81,-6,13,59,55,3,26385409,262,1,93,13499,
714.116,12650.1,51.4888,7.40173,185.88,11.3629,359.583,1,13,-84,-7,10,56,54,3,26385409,262,1,93,13499,
715.113,12660.9,51.4889,7.40173,185.815,9.81791,359.973,1,13,-84,-7,10,56,54,3,26385409,262,1,93,13499,
716.111,12670.9,51.489,7.40174,186.149,8.42153,359.818,1,-2,-82,-11,2,58,60,3,26385409,262,1,93,13499,
717.133,12678.7,51.489,7.40174,186.544,6.48112,0.340987,1,-2,-82,-11,2,58,60,3,26385409,262,1,93,13499,
718.114,12678.7,51.4881,7.40139,nan,4.58201,359.432,1,-2,-80,-9,13,60,61,3,26385410,262,1,94,13499,
719.108,12678.7,51.4891,7.40175,187.132,3.86274,359.943,1,-2,-80,-9,13,60,61,3,26385410,262,1,94,13499,
720.134,12681.4,51.4891,7.40174,187.109,2.19042,359.323,1,22,-80,-8,13,60,59,3,26385410,262,1,94,13499,
721.119,12682.2,51.4892,7.40174,187.05,0.906074,359.323,1,22,-80,-8,13,60,59,3,26385410,262,1,94,13499,
722.122,12682.8,51.4892,7.40174,186.983,0.672713,359.323,1,21,-79,-8,14,61,59,3,26385410,262,1,94,13499,
723.126,12682.8,51.4892,7.40174,186.977,0,359.323,1,21,-79,-8,14,61,59,3,26385410,262,1,94,13499,
724.112,12682.8,51.4892,7.40174,186.975,0,359.323,1,24,-82,-7,12,58,57,3,26385410,262,1,94,13499,
725.115,12682.8,51.4892,7.40174,186.973,0,359.323,1,24,-82,-7,12,58,57,3,26385410,262,1,94,13499,
726.11,12682.8,51.4892,7.40174,186.966,0,359.323,1,26,-78,-7,14,62,60,3,26385410,262,1,94,13499,
727.109,12682.8,51.4892,7.40174,186.868,0,359.323,1,26,-78,-7,14,62,60,3,26385410,262,1,94,13499,
728.124,12682.8,51.4892,7.40174,186.762,0,1.37625,1,27,-68,-5,14,72,63,3,26385410,262,1,94,13499,
729.119,12690.5,51.4892,7.40175,185.719,0,1.75807,1,27,-68,-5,14,72,63,3,26385410,262,1,94,13499,
730.114,12698.7,51.4893,7.40175,185.401,6.03148,1.177,1,27,-68,-5,14,72,63,3,26385410,262,1,94,13499,
731.119,12704.3,51.4894,7.40178,185.009,4.47143,29.072,1,26,-70,-8,15,70,63,3,26385410,262,1,94,13499,
732.167,12710.6,51.4894,7.40184,184.55,6.78121,45.7441,1,26,-70,-8,15,70,63,3,26385410,262,1,94,13499,
733.116,12717.8,51.4894,7.40193,184.319,7.82008,67.7564,1,29,-69,-7,14,71,63,3,26385410,262,1,94,13499,
734.121,12725.8,51.4894,7.40205,183.97,8.68192,88.3878,1,29,-69,-7,14,71,63,3,26385410,262,1,94,13499,
735.11,12733.9,51.4894,7.40217,183.184,9.834,89.0663,1,31,-68,-6,15,72,63,3,26385410,262,1,94,13499,
736.114,12744.3,51.4894,7.40232,182.319,11.1117,89.477,1,31,-68,-6,15,72,63,3,26385410,262,1,94,13499,
737.116,12756,51.4894,7.40249,181.249,12.0737,90.0629,1,29,-71,-6,15,69,63,3,26385410,262,1,94,13499,
738.114,12756,51.4921,7.40118,nan,12.9747,90.5022,1,29,-71,-6,15,69,63,3,26385410,262,1,94,13499,
739.125,12756,51.4894,7.40286,179.659,13.5859,90.3796,1,24,-75,-6,15,65,63,3,26385410,262,1,94,13499,
740.109,12770.1,51.4894,7.40307,179.238,14.0539,91.2075,1,24,-75,-6,15,65,63,3,26385410,262,1,94,13499,
741.114,12784.3,51.4894,7.40327,179.153,14.0721,90.8842,1,24,-74,-7,15,66,63,3,26385410,262,1,94,13499,
742.129,12799,51.4894,7.40348,178.736,14.0481,90.4048,1,24,-74,-7,15,66,63,3,26385410,262,1,94,13499,
743.123,12812.8,51.4894,7.40368,178.828,13.9973,90.4803,1,17,-79,-8,12,61,60,3,26385410,262,1,94,13499,
744.124,12826.2,51.4894,7.40388,179.133,14.0175,91.0507,1,17,-79,-8,12,61,60,3,26385410,262,1,94,13499,
745.118,12840.3,51.4894,7.40408,179.415,13.922,90.9903,1,4,-75,-7,11,65,63,3,26385410,262,1,94,13499,
746.123,12854.1,51.4894,7.40428,179.768,13.6387,90.6452,1,4,-75,-7,11,65,63,3,26385410,262,1,94,13499,
747.125,12867.8,51.4894,7.40448,179.966,13.6706,90.6751,1,5,-77,-8,6,63,62,1,26385408,262,1,95,13499,
748.13,12881.7,51.4894,7.40468,180.233,13.7496,90.6988,1,5,-77,-8,6,63,62,1,26385408,262,1,95,13499,
749.108,12895.5,51.4894,7.40488,180.397,13.4423,89.9746,1,19,-71,-6,15,69,63,1,26385408,262,1,95,13499,
750.112,12908.6,51.4894,7.40507,180.633,13.1121,89.528,1,19,-71,-6,15,69,63,1,26385408,262,1,95,13499,
751.122,12922.2,51.4894,7.40526,180.648,13.0324,88.7591,1,19,-71,-6,15,69,63,1,26385408,262,1,95,13499,
752.11,12934.9,51.4894,7.40545,180.832,13.0603,87.1128,1,17,-71,-6,15,69,63,1,26385408,262,1,95,13499,
753.12,12947.9,51.4894,7.40563,181.195,13.052,85.5988,1,17,-71,-6,15,69,63,1,26385408,262,1,95,13499,
754.123,12961.2,51.4894,7.40583,181.411,13.1122,83.7712,1,13,-75,-6,12,65,61,1,26385408,262,1,95,13499,
755.116,12973.7,51.4894,7.406,181.995,12.8151,82.1245,1,13,-75,-6,12,65,61,1,26385408,262,1,95,13499,
756.11,12985.8,51.4895,7.40617,182.588,11.6632,80.4718,1,19,-77,-6,14,63,60,1,26385408,262,1,95,13499,
757.115,12997.3,51.4895,7.40633,183.092,10.8781,79.819,1,19,-77,-6,14,63,60,1,26385408,262,1,95,13499,
758.12,12997.3,51.4897,7.40731,nan,10.596,78.4217,1,12,-77,-6,12,63,59,1,26385408,262,1,95,13499,
759.109,12997.3,51.4895,7.40665,183.524,10.785,75.3439,1,12,-77,-6,12,63,59,1,26385408,262,1,95,13499,
760.116,13008,51.4896,7.40679,183.23,11.1533,75.3105,1,22,-74,-6,13,66,63,1,26385408,262,1,95,13499,
761.134,13019.6,51.4896,7.40695,183.194,12.0282,76.3703,1,22,-74,-6,13,66,63,1,26385408,262,1,95,13499,
762.111,13033.1,51.4896,7.40714,183.409,12.6022,77.0184,1,13,-73,-5,11,67,63,1,26385408,262,1,95,13499,
763.119,13045.8,51.4897,7.40732,183.805,12.1634,76.6715,1,13,-73,-5,11,67,63,1,26385408,262,1,95,13499,
764.131,13057.7,51.4897,7.40749,183.856,11.7721,75.7598,1,20,-70,-5,2,70,63,1,26385408,262,1,95,13499,
765.126,13069.2,51.4897,7.40765,183.753,11.6702,75.244,1,20,-70,-5,2,70,63,1,26385408,262,1,95,13499,
766.134,13080.6,51.4897,7.40781,183.818,11.5462,78.1978,1,16,-74,-6,2,66,62,1,26385408,262,1,95,13499,
767.105,13091.5,51.4898,7.40796,183.786,11.7907,81.8626,1,16,-74,-6,2,66,62,1,26385408,262,1,95,13499,
768.124,13101.8,51.4898,7.40811,183.18,11.799,81.3884,1,16,-78,-6,2,62,58,1,26385408,262,1,95,13499,
769.116,13113.5,51.4898,7.40828,182.251,11.8459,79.6365,1,16,-78,-6,2,62,58,1,26385408,262,1,95,13499,
770.113,13125.1,51.4898,7.40844,181.235,11.9277,78.6984,1,16,-78,-6,2,62,58,1,26385408,262,1,95,13499,
771.128,13137.9,51.4898,7.40862,180.502,12.1568,78.1013,1,14,-78,-6,2,62,59,1,26385408,262,1,95,13499,
772.128,13151.3,51.4899,7.40881,179.956,12.3491,77.695,1,14,-78,-6,2,62,59,1,26385408,262,1,95,13499,
773.118,13163.3,51.4899,7.40898,179.139,12.4453,77.6847,1,10,-77,-6,2,63,58,1,26385408,262,1,95,13499,
774.114,13175.3,51.4899,7.40915,178.487,12.7438,78.68,1,10,-77,-6,2,63,58,1,26385408,262,1,95,13499,
775.116,13187.7,51.4899,7.40933,177.612,12.826,77.8429,1,21,-76,-5,2,64,59,1,26385408,262,1,95,13499,
776.111,13200.8,51.4899,7.40951,177.014,12.9904,78.0595,1,21,-76,-5,2,64,59,1,26385408,262,1,95,13499,
777.111,13214.1,51.49,7.4097,176.372,13.1919,78.9799,1,10,-76,-6,2,64,61,1,26385408,262,1,95,13499,
778.204,13214.1,51.4897,7.40731,nan,13.3014,78.1073,1,10,-76,-6,2,64,61,1,26385408,262,1,95,13499,
779.118,13214.1,51.49,7.41007,175.196,13.3347,78.813,1,14,-80,-6,11,60,57,6,26385408,262,1,95,13499,
780.119,13227.4,51.49,7.41026,174.294,13.2965,78.4495,1,14,-80,-6,11,60,57,6,26385408,262,1,95,13499,
781.13,13240.7,51.4901,7.41044,173.492,13.246,78.2316,1,8,-80,-6,11,60,57,6,26385408,262,1,95,13499,
782.133,13254.2,51.4901,7.41063,172.559,13.2185,78.1917,1,8,-80,-6,11,60,57,6,26385408,262,1,95,13499,
783.115,13267.3,51.4901,7.41082,172.291,13.1064,77.2179,1,10,-84,-5,4,56,52,6,26385408,262,1,95,13499,
