0.112,0,51.49,7.41215,169.412,0,255.599,1,22,-85,-5,2,55,53,7,29391105,262,1,351,13499,
1.283,0,51.49,7.41215,169.419,0,255.599,1,22,-85,-6,2,55,54,7,29391105,262,1,351,13499,
2.288,0,51.49,7.41215,169.533,0,255.599,1,22,-85,-6,2,55,54,7,29391105,262,1,351,13499,
3.287,1.45114,51.49,7.41217,169.646,0,83.6946,1,14,-88,-6,10,52,51,5,29391105,262,1,351,13499,
4.309,2.97487,51.49,7.41219,169.73,0,73.594,1,14,-88,-6,10,52,51,5,29391105,262,1,351,13499,
5.297,4.73944,51.49,7.41221,169.79,0.683364,29.6146,1,19,-88,-6,14,52,50,5,29391105,262,1,351,13499,
6.314,8.08667,51.4901,7.41222,169.774,1.6556,351.329,1,19,-88,-6,14,52,50,5,29391105,262,1,351,13499,
7.282,12.1404,51.4901,7.41222,169.743,2.46234,350.099,1,15,-90,-6,9,50,47,5,29391105,262,1,351,13499,
8.302,16.3068,51.4901,7.41221,169.736,2.85917,344.983,1,15,-90,-6,9,50,47,5,29391105,262,1,351,13499,
9.287,20.6374,51.4902,7.4122,169.762,3.06134,344.13,1,10,-89,-6,14,51,47,7,26385408,262,1,95,13499,
10.289,24.1945,51.4902,7.41219,169.763,3.10919,354.211,1,10,-89,-6,14,51,47,7,26385408,262,1,95,13499,
11.29,26.6019,51.4902,7.41219,169.804,3.06832,16.9059,1,11,-91,-6,14,49,45,7,26385408,262,1,95,13499,
12.296,26.6019,51.4897,7.40731,nan,3.05464,31.6727,1,11,-91,-6,14,49,45,7,26385408,262,1,95,13499,
13.311,26.6019,51.4903,7.41227,170.567,3.15288,64.9291,1,14,-89,-6,9,51,46,7,26385408,262,1,95,13499,
14.296,33.0288,51.4903,7.41236,170.577,3.39158,72.689,1,14,-89,-6,9,51,46,7,26385408,262,1,95,13499,
15.298,41.4327,51.4903,7.41248,170.645,3.78403,77.7333,1,19,-89,-6,11,51,48,7,26385408,262,1,95,13499,
16.296,51.1792,51.4903,7.41262,170.454,10.234,78.9996,1,19,-89,-6,11,51,48,7,26385408,262,1,95,13499,
17.296,61.539,51.4904,7.41276,171.398,11.1777,79.5316,1,21,-86,-6,14,54,52,7,26385408,262,1,95,13499,
18.285,72.407,51.4904,7.41291,171.531,11.6576,79.8199,1,21,-86,-6,14,54,52,7,26385408,262,1,95,13499,
19.297,84.3718,51.4904,7.41308,171.154,12.0019,78.9512,1,20,-90,-6,12,50,48,7,26385408,262,1,95,13499,
20.305,96.4348,51.4904,7.41325,170.311,12.3426,78.4785,1,20,-90,-6,12,50,48,7,26385408,262,1,95,13499,
21.288,108.945,51.4905,7.41343,169.342,12.5555,78.9981,1,24,-85,-5,14,55,51,7,26385408,262,1,95,13499,
22.304,121.737,51.4905,7.41361,168.496,12.9648,79.9499,1,24,-85,-5,14,55,51,7,26385408,262,1,95,13499,
23.293,134.817,51.4905,7.4138,167.251,13.2602,79.5083,1,10,-90,-7,2,50,48,7,26385408,262,1,95,13499,
24.294,148.258,51.4905,7.41399,166.179,13.4258,78.8944,1,10,-90,-7,2,50,48,7,26385408,262,1,95,13499,
25.307,161.685,51.4905,7.41418,165.603,13.508,78.3359,1,12,-91,-8,2,49,50,7,26385408,262,1,95,13499,
26.284,175.25,51.4906,7.41437,165.072,13.5381,77.9421,1,12,-91,-8,2,49,50,7,26385408,262,1,95,13499,
27.322,188.828,51.4906,7.41456,164.767,13.6114,78.6215,1,12,-91,-8,2,49,50,7,26385408,262,1,95,13499,
28.304,202.546,51.4906,7.41476,164.346,13.6086,79.1288,1,12,-90,-8,2,50,49,7,26385408,262,1,95,13499,
29.293,215.867,51.4906,7.41495,163.572,13.2676,80.4386,1,12,-90,-8,2,50,49,7,26385408,262,1,95,13499,
30.296,228.586,51.4906,7.41513,163.126,12.7687,81.7761,1,7,-90,-8,2,50,48,7,26385408,262,1,95,13499,
31.288,240.898,51.4907,7.41531,162.964,12.3986,83.3314,1,7,-90,-8,2,50,48,7,26385408,262,1,95,13499,
32.302,240.898,51.4921,7.42188,nan,12.0663,84.3513,1,22,-85,-7,2,55,53,7,29391105,262,1,351,13499,
33.297,240.898,51.4907,7.41566,162.308,11.7392,85.9181,1,22,-85,-7,2,55,53,7,29391105,262,1,351,13499,
34.29,252.827,51.4907,7.41583,161.589,11.6848,87.6826,1,24,-83,-7,2,57,55,7,29391105,262,1,351,13499,
35.308,265.101,51.4907,7.41601,161.082,11.3881,90.0857,1,24,-83,-7,2,57,55,7,29391105,262,1,351,13499,
36.294,276.368,51.4907,7.41617,160.488,10.6529,92.4673,1,22,-81,-7,2,59,58,7,29391105,262,1,351,13499,
37.283,286.916,51.4906,7.41632,160.187,9.68526,95.233,1,22,-81,-7,2,59,58,7,29391105,262,1,351,13499,
38.311,294.954,51.4906,7.41643,159.996,8.30249,97.6752,1,25,-83,-8,2,57,57,7,29391105,262,1,351,13499,
39.311,305.746,51.4906,7.41658,160.277,6.9845,101.588,1,25,-83,-8,2,57,57,7,29391105,262,1,351,13499,
40.289,315.147,51.4906,7.41672,161.072,6.91781,101.096,1,21,-83,-7,2,57,55,7,29391105,262,1,351,13499,
41.316,321.993,51.4906,7.41681,162.186,6.05989,101.246,1,21,-83,-7,2,57,55,7,29391105,262,1,351,13499,
42.302,326.197,51.4906,7.41687,162.572,5.14459,101.703,1,23,-83,-8,2,57,56,7,29391105,262,1,351,13499,
43.287,330.052,51.4906,7.41692,162.491,4.61387,115.545,1,23,-83,-8,2,57,56,7,29391105,262,1,351,13499,
44.286,333.291,51.4906,7.41697,161.773,4.37383,98.6806,1,31,-82,-7,2,58,56,7,29391105,262,1,351,13499,
45.306,336.618,51.4905,7.41702,161.21,4.55237,95.9361,1,31,-82,-7,2,58,56,7,29391105,262,1,351,13499,
46.283,341.44,51.4906,7.41709,160.68,4.62775,79.9172,1,25,-79,-6,2,61,59,7,29391105,262,1,351,13499,
47.287,345.463,51.4906,7.41714,160.504,5.05132,50.2541,1,25,-79,-6,2,61,59,7,29391105,262,1,351,13499,
48.298,351.522,51.4906,7.41719,159.971,4.98978,34.3255,1,23,-79,-6,2,61,58,7,29391105,262,1,351,13499,
49.278,357.654,51.4907,7.41723,159.284,5.56603,13.4913,1,23,-79,-6,2,61,58,7,29391105,262,1,351,13499,
50.286,362.75,51.4907,7.41722,159.073,5.77111,353.674,1,17,-86,-6,2,54,51,7,29391105,262,1,351,13499,
51.295,367.929,51.4908,7.41721,158.868,5.9837,352.26,1,17,-86,-6,2,54,51,7,29391105,262,1,351,13499,
52.359,367.929,51.4921,7.42188,nan,5.46099,353.648,1,17,-86,-6,2,54,51,7,29391105,262,1,351,13499,
53.28,367.929,51.4908,7.4172,159.113,5.36048,356.595,1,13,-90,-6,2,50,45,7,29391105,262,1,351,13499,
54.289,373.489,51.4909,7.41724,158.919,5.23671,38.5735,1,13,-90,-6,2,50,45,7,29391105,262,1,351,13499,
55.327,378.128,51.4909,7.4173,158.545,5.33232,66.467,1,8,-93,-8,10,47,45,5,29391105,262,1,351,13499,
56.304,383.772,51.4909,7.41738,158.705,5.79315,95.6161,1,8,-93,-8,10,47,45,5,29391105,262,1,351,13499,
57.306,391.111,51.4909,7.41748,158.959,7.49362,94.8302,1,7,-97,-9,11,43,42,5,29391105,262,1,351,13499,
58.308,399.539,51.4909,7.41761,158.682,8.40849,94.438,1,7,-97,-9,11,43,42,5,29391105,262,1,351,13499,
59.305,407.767,51.4909,7.41772,158.199,8.77036,94.0887,1,3,-98,-8,9,42,39,5,29391105,262,1,351,13499,
60.295,417.139,51.4909,7.41786,157.611,9.11044,94.2065,1,3,-98,-8,9,42,39,5,29391105,262,1,351,13499,
61.309,426.777,51.4909,7.418,157.022,9.4526,94.7471,1,15,-95,-7,9,45,43,5,29391105,262,1,351,13499,
62.334,436.369,51.4909,7.41814,156.426,9.74567,95.464,1,15,-95,-7,9,45,43,5,29391105,262,1,351,13499,
63.352,445.784,51.4909,7.41827,155.848,9.8995,97.3702,1,13,-93,-7,10,47,44,5,29391105,262,1,351,13499,
64.304,455.162,51.4908,7.4184,155.362,9.75483,100.89,1,13,-93,-7,10,47,44,5,29391105,262,1,351,13499,
65.303,464.468,51.4908,7.41852,155.354,9.64838,114.257,1,25,-94,-7,14,46,43,5,29391105,262,1,351,13499,
66.283,474.082,51.4908,7.41865,155.318,9.30141,116.063,1,25,-94,-7,14,46,43,5,29391105,262,1,351,13499,
67.303,483.855,51.4907,7.41875,155.072,10.0484,132.131,1,7,-101,-8,11,39,37,5,29391105,262,1,351,13499,
68.299,493.62,51.4907,7.41886,155.331,9.8478,132.731,1,7,-101,-8,11,39,37,5,29391105,262,1,351,13499,
69.292,503.728,51.4906,7.41896,155.044,9.28538,131.79,1,10,-104,-9,10,36,36,5,29391105,262,1,351,13499,
70.309,514.059,51.4905,7.41907,154.263,9.85829,132.295,1,10,-104,-9,10,36,36,5,29391105,262,1,351,13499,
71.292,523.893,51.4905,7.41917,153.684,10.2149,134.503,1,5,-99,-7,11,41,38,13,28365056,262,1,222,13499,
72.306,523.893,51.4895,7.42077,nan,10.0667,135.589,1,5,-99,-7,11,41,38,13,28365056,262,1,222,13499,
73.303,523.893,51.4903,7.41939,153.382,10.2468,136.284,1,7,-103,-8,11,37,37,13,28365056,262,1,222,13499,
74.285,535.16,51.4902,7.4195,152.889,10.2769,136.687,1,7,-103,-8,11,37,37,13,28365056,262,1,222,13499,
75.288,545.23,51.4902,7.41959,152.98,10.3825,137.676,1,7,-103,-8,11,37,37,13,28365056,262,1,222,13499,
76.289,556.12,51.4901,7.41969,152.728,10.4529,137.774,1,5,-101,-9,8,39,40,13,28365056,262,1,222,13499,
77.303,565.945,51.49,7.41978,152.226,9.76307,136.221,1,5,-101,-9,8,39,40,13,28365056,262,1,222,13499,
78.29,575.703,51.49,7.41988,151.778,10.4393,137.315,1,1,-101,-8,7,39,38,13,28365056,262,1,222,13499,
79.296,585.673,51.4899,7.41997,151.02,10.0805,138.481,1,1,-101,-8,7,39,38,13,28365056,262,1,222,13499,
80.298,595.139,51.4898,7.42005,150.774,9.36816,140.241,1,6,-98,-8,8,42,41,13,28365056,262,1,222,13499,
81.303,605.368,51.4898,7.42014,150.504,9.82187,142.963,1,6,-98,-8,8,42,41,13,28365056,262,1,222,13499,
82.298,614.981,51.4897,7.42022,150.583,9.7968,143.917,1,4,-99,-6,9,41,39,13,28365056,262,1,222,13499,
83.278,625.174,51.4896,7.4203,150.284,9.33483,144.499,1,4,-99,-6,9,41,39,13,28365056,262,1,222,13499,
84.292,634.168,51.4895,7.42037,150.147,8.98634,144.092,1,4,-100,-7,10,40,38,13,28365056,262,1,222,13499,
85.285,642.546,51.4895,7.42044,150.101,8.3346,143.667,1,4,-100,-7,10,40,38,13,28365056,262,1,222,13499,
86.3,650.262,51.4894,7.42051,150.336,8.04065,139.813,1,12,-95,-7,2,45,40,13,28365056,262,1,222,13499,
87.302,657.965,51.4894,7.42061,150.194,8.16716,116.792,1,12,-95,-7,2,45,40,13,28365056,262,1,222,13499,
88.279,664.58,51.4894,7.4207,150.454,7.35099,103.516,1,9,-99,-7,2,41,38,13,28365056,262,1,222,13499,
89.305,671.615,51.4894,7.4208,150.559,6.40795,102.608,1,9,-99,-7,2,41,38,13,28365056,262,1,222,13499,
90.311,678.53,51.4894,7.4209,150.432,5.37781,103.249,1,9,-99,-7,2,41,38,13,28365056,262,1,222,13499,
91.279,683.889,51.4893,7.42097,150.389,3.17487,105.683,1,9,-99,-7,2,41,38,13,28365056,262,1,222,13499,
92.306,683.889,51.4893,7.41986,nan,2.76906,122.395,1,8,-103,-8,2,37,35,13,28365056,262,1,222,13499,
93.3,683.889,51.4893,7.42102,150.307,2.90818,143.846,1,8,-103,-8,2,37,35,13,28365056,262,1,222,13499,
94.3,688.476,51.4893,7.42101,150.34,4.54441,188.493,1,5,-104,-9,7,36,36,15,28365056,262,1,222,13499,
95.322,695.025,51.4892,7.421,150.134,5.98141,191.909,1,5,-104,-9,7,36,36,15,28365056,262,1,222,13499,
96.292,701.981,51.4892,7.42097,149.691,7.57438,193.195,1,7,-100,-8,10,40,40,15,28365056,262,1,222,13499,
97.305,712.034,51.4891,7.42093,149.527,8.62728,195.247,1,7,-100,-8,10,40,40,15,28365056,262,1,222,13499,
98.283,722.748,51.489,7.42089,149.014,9.58135,195.88,1,7,-100,-8,10,40,40,15,28365056,262,1,222,13499,
99.292,731.868,51.4889,7.42085,148.652,9.68859,195.322,1,7,-100,-8,10,40,40,15,28365056,262,1,222,13499,
100.305,742.067,51.4888,7.4208,148.165,9.21178,197.519,1,7,-100,-8,10,40,40,15,28365056,262,1,222,13499,
101.309,751.239,51.4887,7.42077,147.81,8.0797,196.453,1,6,-88,-6,6,52,49,9,29391105,262,1,351,13499,
102.296,758.654,51.4887,7.42074,147.892,5.30943,196.941,1,6,-88,-6,6,52,49,9,29391105,262,1,351,13499,
103.288,765.287,51.4886,7.42072,147.869,3.88026,194.265,1,10,-88,-6,14,52,50,9,29391105,262,1,351,13499,
104.295,769.88,51.4886,7.42075,147.894,3.14675,147.43,1,10,-88,-6,14,52,50,9,29391105,262,1,351,13499,
105.287,774.934,51.4886,7.42082,148.578,4.36113,105.117,1,14,-92,-9,13,48,48,9,29391105,262,1,351,13499,
106.288,781.773,51.4886,7.42092,149.352,6.32357,103.26,1,14,-92,-9,13,48,48,9,29391105,262,1,351,13499,
107.294,787.732,51.4885,7.421,150.019,6.14079,100.081,1,9,-92,-7,7,48,47,9,29391105,262,1,351,13499,
108.278,792.518,51.4886,7.42107,150.755,6.12066,98.1105,1,9,-92,-7,7,48,47,9,29391105,262,1,351,13499,
109.307,798.705,51.4886,7.42116,151,6.71535,97.084,1,10,-91,-6,8,49,47,9,29391105,262,1,351,13499,
110.287,806.869,51.4885,7.42128,150.905,7.11689,100.74,1,10,-91,-6,8,49,47,9,29391105,262,1,351,13499,
111.315,814.749,51.4885,7.42138,151.019,6.94271,121.367,1,7,-92,-6,9,48,46,9,29391105,262,1,351,13499,
112.287,814.749,51.4921,7.42188,nan,7.36273,123.495,1,7,-92,-6,9,48,46,9,29391105,262,1,351,13499,
113.285,814.749,51.4884,7.42156,151.024,7.74755,126.067,1,11,-96,-7,8,44,42,9,29391105,262,1,351,13499,
114.283,823.666,51.4884,7.42165,151.195,8.12054,127.788,1,11,-96,-7,8,44,42,9,29391105,262,1,351,13499,
115.304,832.022,51.4883,7.42175,151.395,7.90578,127.271,1,11,-96,-7,11,44,42,9,29391105,262,1,351,13499,
116.296,840.525,51.4883,7.42184,151.543,8.23742,127.853,1,11,-96,-7,11,44,42,9,29391105,262,1,351,13499,
117.291,849.45,51.4882,7.42194,151.939,8.38546,126.978,1,11,-96,-7,11,44,42,9,29391105,262,1,351,13499,
118.309,857.904,51.4882,7.42204,152.322,8.5266,124.538,1,6,-98,-8,11,42,41,9,29391105,262,1,351,13499,
119.309,866.489,51.4881,7.42215,152.37,8.25986,106.225,1,6,-98,-8,11,42,41,9,29391105,262,1,351,13499,
120.29,874.361,51.4881,7.42226,152.071,8.75054,105.277,1,10,-98,-8,8,42,41,9,29391105,262,1,351,13499,
121.295,883.058,51.4881,7.42238,151.61,9.08993,104.935,1,10,-98,-8,8,42,41,9,29391105,262,1,351,13499,
122.292,891.215,51.4881,7.4225,151.601,8.84503,103.781,1,3,-97,-6,10,43,41,9,29391105,262,1,351,13499,
123.284,900.074,51.4881,7.42262,151.348,9.03424,104.3,1,3,-97,-6,10,43,41,9,29391105,262,1,351,13499,
124.306,908.879,51.488,7.42274,151.057,9.14584,105.277,1,1,-102,-8,6,38,36,9,29391105,262,1,351,13499,
125.294,918.292,51.488,7.42288,150.628,9.34069,105.47,1,1,-102,-8,6,38,36,9,29391105,262,1,351,13499,
126.296,927.47,51.488,7.423,150.404,9.33758,105.836,1,5,-97,-7,6,43,42,13,28365056,262,1,222,13499,
127.295,936.923,51.488,7.42313,150.03,9.2492,106.779,1,5,-97,-7,6,43,42,13,28365056,262,1,222,13499,
128.305,945.997,51.488,7.42326,149.664,9.18611,105.778,1,13,-96,-7,11,44,43,13,28365056,262,1,222,13499,
129.297,954.875,51.4879,7.42338,149.172,8.71321,106.604,1,13,-96,-7,11,44,43,13,28365056,262,1,222,13499,
130.287,963.676,51.4879,7.4235,148.984,8.24456,108.653,1,10,-95,-8,11,45,45,13,28365056,262,1,222,13499,
131.279,973.279,51.4879,7.42362,149.313,8.97048,123.599,1,10,-95,-8,11,45,45,13,28365056,262,1,222,13499,
132.288,973.279,51.4891,7.42235,nan,9.60195,126.447,1,0,-95,-7,4,45,43,13,28365056,262,1,222,13499,
133.254,973.279,51.4877,7.42385,149.785,8.94836,127.555,1,0,-95,-7,4,45,43,13,28365056,262,1,222,13499,
134.288,983.993,51.4877,7.42395,150.225,9.05782,140.941,1,11,-94,-8,11,46,45,13,28365056,262,1,222,13499,
135.296,993.147,51.4876,7.42404,150.585,9.94062,141.022,1,11,-94,-8,11,46,45,13,28365056,262,1,222,13499,
136.291,1002.83,51.4875,7.42413,150.364,10.2806,142.709,1,7,-93,-7,8,47,45,13,28365056,262,1,222,13499,
137.419,1013.49,51.4875,7.42422,149.464,10.028,144.311,1,7,-93,-7,8,47,45,13,28365056,262,1,222,13499,
138.288,1023.96,51.4874,7.42431,148.527,10.4642,145.201,1,9,-94,-8,7,46,44,13,28365056,262,1,222,13499,
139.29,1034.03,51.4873,7.42439,147.49,10.458,145.881,1,9,-94,-8,7,46,44,13,28365056,262,1,222,13499,
140.292,1043.73,51.4872,7.42447,146.433,10.1296,143.428,1,7,-97,-8,7,43,42,13,28365056,262,1,222,13499,
141.288,1053.47,51.4872,7.42456,146.053,9.83879,140.131,1,7,-97,-8,7,43,42,13,28365056,262,1,222,13499,
142.305,1064.51,51.4871,7.42466,145.677,10.0219,137.93,1,7,-97,-8,7,43,42,13,28365056,262,1,222,13499,
143.289,1074.71,51.487,7.42476,144.955,8.66765,135.106,1,-1,-98,-9,5,42,43,13,28365056,262,1,222,13499,
144.294,1085.18,51.487,7.42487,144.703,9.09091,132.747,1,-1,-98,-9,5,42,43,13,28365056,262,1,222,13499,
145.311,1095.73,51.4869,7.42499,144.358,8.63652,130.188,1,1,-94,-9,6,46,47,10,28367106,262,1,103,13499,
146.314,1106.95,51.4868,7.42512,144.155,9.3486,128.687,1,1,-94,-9,6,46,47,10,28367106,262,1,103,13499,
147.302,1117.78,51.4868,7.42524,144.634,10.068,127.996,1,8,-91,-8,12,49,49,10,28367106,262,1,103,13499,
148.295,1129.54,51.4867,7.42537,144.852,10.5092,128.809,1,8,-91,-8,12,49,49,10,28367106,262,1,103,13499,
149.296,1140.79,51.4867,7.4255,144.704,10.6915,129.555,1,11,-85,-7,13,55,54,10,28367106,262,1,103,13499,
150.286,1152.99,51.4866,7.42563,144.966,10.4831,130.32,1,11,-85,-7,13,55,54,10,28367106,262,1,103,13499,
151.29,1165.63,51.4865,7.42577,144.245,10.6477,131.921,1,15,-88,-7,11,52,50,10,28367106,262,1,103,13499,
152.283,1177.59,51.4864,7.42589,144.004,11.6088,135.244,1,15,-88,-7,11,52,50,10,28367106,262,1,103,13499,
153.293,1177.59,51.4833,7.43134,nan,11.2726,137.589,1,16,-83,-6,12,57,54,10,28367106,262,1,103,13499,
154.282,1177.59,51.4863,7.42611,141.979,11.6278,138.421,1,16,-83,-6,12,57,54,10,28367106,262,1,103,13499,
155.306,1189.28,51.4862,7.42622,140.759,11.1365,139.179,1,25,-80,-6,11,60,58,10,28367106,262,1,103,13499,
156.292,1200.83,51.4861,7.42633,139.765,11.917,137.424,1,25,-80,-6,11,60,58,10,28367106,262,1,103,13499,
157.28,1212.62,51.486,7.42646,138.531,11.6437,134.722,1,22,-85,-6,13,55,53,10,28367106,262,1,103,13499,
158.318,1224,51.486,7.42658,137.475,11.2746,131.123,1,22,-85,-6,13,55,53,10,28367106,262,1,103,13499,
159.288,1234.51,51.4859,7.4267,136.428,10.8793,128.119,1,20,-83,-6,13,57,55,10,28367106,262,1,103,13499,
160.277,1246.12,51.4859,7.42683,135.726,11.2122,125.3,1,20,-83,-6,13,57,55,10,28367106,262,1,103,13499,
161.275,1257.64,51.4858,7.42698,135.067,11.3941,123.324,1,17,-90,-6,15,50,48,10,28367106,262,1,103,13499,
162.307,1268.92,51.4857,7.42712,134.499,11.1347,122.559,1,17,-90,-6,15,50,48,10,28367106,262,1,103,13499,
163.297,1280.15,51.4857,7.42725,133.918,11.0624,124.426,1,17,-94,-6,10,46,43,10,28367106,262,1,103,13499,
164.297,1290.83,51.4856,7.42736,133.256,10.8526,139.311,1,17,-94,-6,10,46,43,10,28367106,262,1,103,13499,
165.302,1300.91,51.4856,7.42745,133.087,10.3572,140.823,1,17,-94,-6,10,46,43,10,28367106,262,1,103,13499,
166.284,1310.94,51.4855,7.42754,132.794,10.0995,141.923,1,19,-94,-6,11,46,43,10,28367106,262,1,103,13499,
167.288,1320.79,51.4854,7.42763,132.368,9.90017,142.483,1,19,-94,-6,11,46,43,10,28367106,262,1,103,13499,
168.298,1329.97,51.4853,7.42771,131.844,9.38525,144.596,1,13,-96,-7,12,44,41,10,28367106,262,1,103,13499,
169.309,1338.2,51.4853,7.42775,131.473,8.53961,163.672,1,13,-96,-7,12,44,41,10,28367106,262,1,103,13499,
170.289,1346.22,51.4852,7.42778,130.974,8.69111,166.979,1,18,-91,-6,2,49,45,10,28367106,262,1,103,13499,
171.296,1356.13,51.4851,7.42781,130.687,9.60339,166.971,1,18,-91,-6,2,49,45,10,28367106,262,1,103,13499,
172.307,1366.16,51.485,7.42784,130.684,10.1335,165.479,1,19,-91,-6,2,49,46,10,28367106,262,1,103,13499,
173.3,1366.16,51.4833,7.43134,nan,10.2461,164.411,1,19,-91,-6,2,49,46,10,28367106,262,1,103,13499,
174.288,1366.16,51.4848,7.42792,130.518,10.7576,163.662,1,16,-92,-6,2,48,45,10,28367106,262,1,103,13499,
175.296,1377,51.4848,7.42797,130.017,10.9656,162.609,1,16,-92,-6,2,48,45,10,28367106,262,1,103,13499,
176.286,1387.74,51.4847,7.42801,129.734,11.0528,161.98,1,18,-90,-6,2,50,48,10,28367106,262,1,103,13499,
177.298,1400.01,51.4846,7.42807,129.527,11.2871,161.448,1,18,-90,-6,2,50,48,10,28367106,262,1,103,13499,
178.3,1411.54,51.4845,7.42811,129.363,10.9517,162.224,1,17,-87,-6,2,53,51,10,28367106,262,1,103,13499,
179.311,1423.38,51.4844,7.42816,128.977,11.0918,162.647,1,17,-87,-6,2,53,51,10,28367106,262,1,103,13499,
180.291,1433.99,51.4843,7.42821,129.018,10.7881,163.064,1,14,-87,-5,2,53,51,10,28367106,262,1,103,13499,
181.296,1444.82,51.4842,7.42825,129.065,10.1437,162.432,1,14,-87,-5,2,53,51,10,28367106,262,1,103,13499,
182.297,1455.28,51.4841,7.4283,129.874,9.93594,161.59,1,14,-87,-5,2,53,50,10,28367106,262,1,103,13499,
183.283,1465.02,51.484,7.42835,130.223,10.0922,160.741,1,14,-87,-5,2,53,50,10,28367106,262,1,103,13499,
184.287,1475.99,51.4839,7.4284,130.34,10.1257,160.45,1,14,-87,-5,2,53,50,10,28367106,262,1,103,13499,
185.293,1487.64,51.4838,7.42846,130.57,10.3866,161.244,1,14,-87,-5,2,53,50,10,28367106,262,1,103,13499,
186.295,1499.58,51.4837,7.42851,130.889,11.009,161.836,1,14,-87,-5,2,53,50,10,28367106,262,1,103,13499,
187.306,1512.08,51.4836,7.42857,131.53,11.3086,162.474,1,16,-86,-6,2,54,51,10,28367106,262,1,103,13499,
188.317,1521.19,51.4835,7.42861,131.994,9.88716,162.942,1,16,-86,-6,2,54,51,10,28367106,262,1,103,13499,
189.297,1532.33,51.4834,7.42865,132.472,9.33377,162.689,1,19,-86,-6,2,54,51,10,28367106,262,1,103,13499,
190.3,1543.89,51.4833,7.42869,132.823,10.8705,163.59,1,19,-86,-6,2,54,51,10,28367106,262,1,103,13499,
191.308,1555.09,51.4832,7.42873,133.494,11.5887,164.424,1,15,-88,-6,2,52,49,10,28367106,262,1,103,13499,
192.395,1566,51.4831,7.42878,133.483,10.9379,165.011,1,15,-88,-6,2,52,49,10,28367106,262,1,103,13499,
193.295,1566,51.4833,7.43134,nan,10.969,166.687,1,11,-92,-7,2,48,46,7,28367106,262,1,103,13499,
194.303,1566,51.483,7.42884,133.751,8.96218,169.729,1,11,-92,-7,2,48,46,7,28367106,262,1,103,13499,
195.301,1575.61,51.4829,7.42888,134.047,8.62049,170.106,1,10,-91,-7,8,49,48,7,28367106,262,1,103,13499,
196.297,1587.57,51.4828,7.4289,134.626,8.77082,170.898,1,10,-91,-7,8,49,48,7,28367106,262,1,103,13499,
197.304,1598.91,51.4827,7.42891,135.217,8.24425,174.362,1,13,-91,-6,9,49,46,7,28367106,262,1,103,13499,
198.309,1606.67,51.4826,7.42892,136.37,5.19785,171.14,1,13,-91,-6,9,49,46,7,28367106,262,1,103,13499,
199.298,1611.26,51.4826,7.42897,136.964,6.07547,131.276,1,12,-95,-8,9,45,45,7,28367106,262,1,103,13499,
200.301,1617.88,51.4826,7.42906,137.07,7.32715,105.724,1,12,-95,-8,9,45,45,7,28367106,262,1,103,13499,
201.284,1625.91,51.4825,7.42917,137.589,8.50119,102.058,1,5,-100,-9,10,40,40,7,28367106,262,1,103,13499,
202.305,1634.67,51.4825,7.4293,138.531,9.65194,100.129,1,5,-100,-9,10,40,40,7,28367106,262,1,103,13499,
203.299,1643.85,51.4825,7.42943,139.012,10.0136,98.4837,1,2,-101,-8,6,39,38,15,29563904,262,1,350,13499,
204.289,1655.33,51.4825,7.42959,139.23,11.1392,97.8308,1,2,-101,-8,6,39,38,15,29563904,262,1,350,13499,
205.304,1666.66,51.4825,7.42976,139.851,11.8178,97.4374,1,3,-104,-8,10,36,35,15,29563904,262,1,350,13499,
206.292,1679.05,51.4825,7.42993,140.243,11.5714,97.0471,1,3,-104,-8,10,36,35,15,29563904,262,1,350,13499,
207.295,1688.39,51.4825,7.43007,140.516,11.1776,97.3403,1,1,-99,-7,7,41,38,15,29563904,262,1,350,13499,
208.306,1699.19,51.4824,7.43022,140.612,10.5834,96.6703,1,1,-99,-7,7,41,38,15,29563904,262,1,350,13499,
209.274,1709.55,51.4824,7.43037,140.715,10.2487,97.0388,1,0,-99,-8,6,41,40,6,28367106,262,1,103,13499,
210.292,1719.62,51.4824,7.43051,140.574,10.0208,96.2849,1,0,-99,-8,6,41,40,6,28367106,262,1,103,13499,
211.285,1729.83,51.4824,7.43066,140.616,10.3959,97.1498,1,0,-99,-8,6,41,40,6,28367106,262,1,103,13499,
212.301,1740.01,51.4824,7.43081,140.861,10.6249,96.6624,1,3,-96,-8,10,44,43,6,28367106,262,1,103,13499,
213.284,1740.01,51.4833,7.43134,nan,10.1813,97.4439,1,3,-96,-8,10,44,43,6,28367106,262,1,103,13499,
214.294,1740.01,51.4824,7.43112,140.991,9.55379,97.055,1,8,-92,-6,8,48,45,6,28367106,262,1,103,13499,
215.293,1748.76,51.4824,7.43125,141.149,9.17076,96.5442,1,8,-92,-6,8,48,45,6,28367106,262,1,103,13499,
216.287,1757.8,51.4824,7.43138,141.178,8.34323,97.1256,1,9,-96,-7,13,44,42,6,28367106,262,1,103,13499,
217.292,1765.1,51.4824,7.43148,141.214,6.70168,96.2332,1,9,-96,-7,13,44,42,6,28367106,262,1,103,13499,
218.304,1771.1,51.4823,7.43157,141.305,4.22777,96.9349,1,3,-98,-14,5,42,46,6,28367106,262,1,103,13499,
219.314,1775.5,51.4823,7.43163,141.305,3.46897,97.3027,1,3,-98,-14,5,42,46,6,28367106,262,1,103,13499,
220.309,1779.74,51.4823,7.43169,141.337,3.17992,96.9622,1,4,-94,-7,6,46,44,22,29391105,262,1,351,13499,
221.299,1782.74,51.4823,7.43173,141.379,3.71919,98.4216,1,4,-94,-7,6,46,44,22,29391105,262,1,351,13499,
222.298,1786.66,51.4823,7.43179,141.429,4.08928,98.2718,1,5,-98,-9,10,42,42,22,29391105,262,1,351,13499,
223.29,1791.51,51.4823,7.43186,141.949,4.4419,97.814,1,5,-98,-9,10,42,42,22,29391105,262,1,351,13499,
224.295,1796.38,51.4823,7.43192,142.397,5.50383,97.1453,1,7,-97,-9,12,43,42,22,29391105,262,1,351,13499,
225.309,1801.84,51.4823,7.432,143.11,6.61693,96.4434,1,7,-97,-9,12,43,42,22,29391105,262,1,351,13499,
226.305,1808.72,51.4823,7.4321,143.573,7.44525,96.1521,1,0,-97,-9,7,43,41,22,29391105,262,1,351,13499,
227.274,1817.03,51.4823,7.43222,143.882,7.58632,95.8986,1,0,-97,-9,7,43,41,22,29391105,262,1,351,13499,
228.297,1823.9,51.4823,7.43232,144.401,8.23176,96.4095,1,4,-88,-6,6,52,48,4,28367106,262,1,103,13499,
229.29,1832.57,51.4823,7.43244,144.761,9.27669,97.2019,1,4,-88,-6,6,52,48,4,28367106,262,1,103,13499,
230.295,1843.28,51.4822,7.4326,144.757,10.4065,96.2804,1,7,-88,-6,12,52,50,4,28367106,262,1,103,13499,
231.3,1852.7,51.4822,7.43273,144.695,10.4318,96.6558,1,7,-88,-6,12,52,50,4,28367106,262,1,103,13499,
232.297,1863.31,51.4822,7.43288,144.636,10.367,97.2146,1,12,-82,-6,6,58,56,11,28368386,262,1,32,13499,
233.297,1863.31,51.4804,7.43522,nan,10.4763,97.6773,1,12,-82,-6,6,58,56,11,28368386,262,1,32,13499,
234.312,1863.31,51.4822,7.4332,144.568,10.5534,97.3464,1,2,-93,-8,10,47,46,11,28368386,262,1,32,13499,
235.289,1873.16,51.4822,7.43334,144.596,9.82276,96.3474,1,2,-93,-8,10,47,46,11,28368386,262,1,32,13499,
236.293,1882.82,51.4822,7.43348,144.578,9.35639,96.7068,1,2,-93,-8,10,47,46,11,28368386,262,1,32,13499,
237.294,1891.54,51.4822,7.4336,144.549,8.62538,97.2783,1,3,-95,-9,7,45,45,4,28367106,262,1,32,13499,
238.288,1899.38,51.4822,7.43372,144.782,7.8861,97.7743,1,3,-95,-9,7,45,45,4,28367106,262,1,32,13499,
239.293,1905.88,51.4822,7.43381,144.955,7.39972,97.6051,1,4,-95,-9,9,45,45,4,28367106,262,1,103,13499,
240.289,1914.05,51.4822,7.43393,145.012,7.32336,96.6443,1,4,-95,-9,9,45,45,4,28367106,262,1,103,13499,
241.289,1921.53,51.4821,7.43403,144.856,6.95389,96.4454,1,1,-96,-10,8,44,44,4,28367106,262,1,103,13499,
242.3,1929.48,51.4821,7.43415,144.884,7.22773,97.1783,1,1,-96,-10,8,44,44,4,28367106,262,1,103,13499,
243.297,1937,51.4821,7.43426,145.222,8.3862,96.343,1,5,-94,-9,10,46,45,4,28367106,262,1,103,13499,
244.28,1945.8,51.4821,7.43438,145.572,9.70599,95.7144,1,5,-94,-9,10,46,45,4,28367106,262,1,103,13499,
245.294,1956.85,51.4821,7.43454,145.892,10.7059,96.3988,1,7,-93,-8,7,47,47,4,28367106,262,1,103,13499,
246.288,1967.7,51.4821,7.4347,146.152,10.2914,97.6199,1,7,-93,-8,7,47,47,4,28367106,262,1,103,13499,
247.304,1976.16,51.4821,7.43482,146.381,9.25329,94.8815,1,25,-89,-7,12,51,48,4,28367106,262,1,103,13499,
248.306,1985.89,51.4821,7.43496,146.035,9.88085,94.372,1,25,-89,-7,12,51,48,4,28367106,262,1,103,13499,
249.377,1996.18,51.4821,7.43511,145.831,9.74977,95.1431,1,0,-92,-9,9,48,48,4,28367106,262,1,103,13499,
250.328,2005.94,51.4821,7.43525,145.345,9.68722,95.9559,1,0,-92,-9,9,48,48,4,28367106,262,1,103,13499,
251.311,2015.17,51.4821,7.43538,144.887,9.11883,96.6162,1,4,-92,-7,6,48,47,10,28368386,262,1,32,13499,
252.306,2024.61,51.4821,7.43552,144.865,8.75142,94.8121,1,4,-92,-7,6,48,47,10,28368386,262,1,32,13499,
253.295,2024.61,51.4826,7.43624,nan,8.10523,94.465,1,4,-93,-7,9,47,46,10,28368386,262,1,32,13499,
254.292,2024.61,51.482,7.43577,145.245,8.30683,96.3005,1,4,-93,-7,9,47,46,10,28368386,262,1,32,13499,
255.29,2033.56,51.482,7.4359,145.644,8.72961,96.8865,1,4,-90,-8,6,50,48,4,28367105,262,1,102,13499,
256.29,2043.05,51.482,7.43603,145.982,9.69043,96.0991,1,4,-90,-8,6,50,48,4,28367105,262,1,102,13499,
257.287,2052.59,51.482,7.43617,146.188,9.75691,95.4875,1,12,-79,-8,14,61,59,4,28367105,262,1,102,13499,
258.288,2061.45,51.482,7.4363,146.429,10.1059,96.1468,1,12,-79,-8,14,61,59,4,28367105,262,1,102,13499,
259.283,2071.92,51.482,7.43645,146.622,9.32883,95.5157,1,12,-79,-8,14,61,59,4,28367105,262,1,102,13499,
260.292,2081.51,51.482,7.43659,146.847,7.19576,94.985,1,4,-93,-9,9,47,47,4,28367105,262,1,102,13499,
261.305,2088.87,51.482,7.43669,146.921,5.51086,94.0224,1,4,-93,-9,9,47,47,4,28367105,262,1,102,13499,
262.311,2094.4,51.482,7.43677,146.911,6.01735,94.5454,1,2,-91,-9,8,49,47,4,28367105,262,1,102,13499,
263.289,2100.88,51.4819,7.43686,146.916,8.0826,95.2944,1,2,-91,-9,8,49,47,4,28367105,262,1,102,13499,
264.301,2109.63,51.4819,7.43699,146.753,9.83192,96.265,1,0,-84,-5,6,56,51,9,28368386,262,1,32,13499,
265.287,2119.69,51.4819,7.43713,146.597,11.1296,96.6365,1,0,-84,-5,6,56,51,9,28368386,262,1,32,13499,
266.309,2130.13,51.4819,7.43728,146.833,12.0458,96.2099,1,3,-92,-7,6,48,45,4,28367105,262,1,102,13499,
267.303,2143.84,51.4819,7.43748,147.484,12.7178,96.7621,1,3,-92,-7,6,48,45,4,28367105,262,1,102,13499,
268.298,2158.9,51.4819,7.4377,148.074,13.7763,96.9501,1,2,-88,-7,10,52,50,4,28367105,262,1,102,13499,
269.305,2173.33,51.4819,7.4379,148.843,13.7241,97.0111,1,2,-88,-7,10,52,50,4,28367105,262,1,102,13499,
270.31,2186.54,51.4819,7.43809,149.801,12.784,97.9359,1,19,-83,-5,12,57,53,4,28367105,262,1,102,13499,
271.297,2199.48,51.4818,7.43828,150.668,12.4311,97.5442,1,19,-83,-5,12,57,53,4,28367105,262,1,102,13499,
272.286,2213.14,51.4818,7.43847,151.408,12.7385,96.929,1,10,-90,-7,10,50,48,4,28367105,262,1,102,13499,
273.286,2213.14,51.4834,7.43899,nan,12.9401,97.2932,1,10,-90,-7,10,50,48,4,28367105,262,1,102,13499,
274.295,2213.14,51.4818,7.43883,152.462,13.1533,97.7972,1,2,-97,-8,10,43,43,4,28367105,262,1,102,13499,
275.286,2226.41,51.4818,7.43902,152.588,13.2329,97.2877,1,2,-97,-8,10,43,43,4,28367105,262,1,102,13499,
276.301,2239.9,51.4818,7.43922,152.773,13.5412,95.162,1,7,-91,-6,10,49,45,9,28368386,262,1,32,13499,
277.296,2254.24,51.4818,7.43943,153.084,13.7421,94.4571,1,7,-91,-6,10,49,45,9,28368386,262,1,32,13499,
278.273,2267.1,51.4818,7.43961,153.419,13.7594,95.2359,1,7,-93,-6,12,47,44,9,28368386,262,1,32,13499,
279.285,2279.9,51.4817,7.4398,153.585,13.4263,95.4256,1,7,-93,-6,12,47,44,9,28368386,262,1,32,13499,
280.295,2292.02,51.4817,7.43997,153.878,12.9901,95.8512,1,7,-93,-6,12,47,44,9,28368386,262,1,32,13499,
281.285,2304.97,51.4817,7.44016,154.083,12.5772,96.2937,1,5,-96,-7,7,44,41,9,28368386,262,1,32,13499,
282.297,2317.19,51.4817,7.44033,154.127,12.199,96.3616,1,5,-96,-7,7,44,41,9,28368386,262,1,32,13499,
283.304,2329.11,51.4817,7.4405,154.23,11.3374,96.5514,1,3,-95,-7,6,45,42,6,28367105,262,1,102,13499,
284.284,2339.12,51.4817,7.44065,154.171,9.55221,97.132,1,3,-95,-7,6,45,42,6,28367105,262,1,102,13499,
285.29,2347.87,51.4817,7.44077,153.944,7.93368,97.9685,1,5,-98,-8,10,42,41,6,28367105,262,1,102,13499,
286.288,2355.06,51.4817,7.44088,154.06,6.65592,98.1601,1,5,-98,-8,10,42,41,6,28367105,262,1,102,13499,
287.305,2361.38,51.4817,7.44097,154.353,5.07943,99.0246,1,6,-97,-8,10,43,43,6,28367105,262,1,102,13499,
288.288,2365.38,51.4817,7.44102,154.374,2.85232,98.3827,1,6,-97,-8,10,43,43,6,28367105,262,1,102,13499,
289.31,2365.38,51.4817,7.44102,154.379,0,98.3827,1,5,-99,-9,9,41,41,6,28367105,262,1,102,13499,
290.295,2365.38,51.4817,7.44102,154.386,0,98.3827,1,5,-99,-9,9,41,41,6,28367105,262,1,102,13499,
291.305,2365.38,51.4817,7.44102,154.398,0,98.3827,1,9,-95,-8,7,45,45,6,28367105,262,1,102,13499,
292.292,2365.38,51.4817,7.44102,154.418,0,98.3827,1,9,-95,-8,7,45,45,6,28367105,262,1,102,13499,
293.294,2365.38,51.4834,7.43899,nan,0,98.3827,1,10,-95,-5,7,45,42,6,28367105,262,1,102,13499,
294.288,2365.38,51.4817,7.44102,154.471,0,98.3827,1,10,-95,-5,7,45,42,6,28367105,262,1,102,13499,
295.285,2365.38,51.4817,7.44102,154.496,0,98.3827,1,10,-95,-5,7,45,43,6,28367105,262,1,102,13499,
296.295,2365.38,51.4817,7.44102,154.519,0,98.3827,1,10,-95,-5,7,45,43,6,28367105,262,1,102,13499,
297.295,2365.38,51.4817,7.44102,154.54,0,98.3827,1,10,-93,-4,2,47,42,6,28367105,262,1,102,13499,
298.29,2365.38,51.4817,7.44102,154.559,0,98.3827,1,10,-93,-4,2,47,42,6,28367105,262,1,102,13499,
299.296,2365.38,51.4817,7.44102,154.577,0,98.3827,1,7,-94,-6,2,46,43,6,28367105,262,1,102,13499,
300.283,2365.38,51.4817,7.44102,154.592,0,98.3827,1,7,-94,-6,2,46,43,6,28367105,262,1,102,13499,
301.287,2365.38,51.4817,7.44102,154.607,0,98.3827,1,7,-94,-6,2,46,43,6,28367105,262,1,102,13499,
302.292,2365.38,51.4817,7.44102,154.62,0,98.3827,1,7,-94,-6,2,46,43,6,28367105,262,1,102,13499,
303.29,2365.38,51.4817,7.44102,154.767,0,98.3827,1,7,-94,-6,2,46,43,6,28367105,262,1,102,13499,
304.288,2365.38,51.4817,7.44102,156.072,0,98.0463,1,7,-94,-6,2,46,44,6,28367105,262,1,102,13499,
305.306,2377.76,51.4817,7.4412,157.133,0,99.9602,1,7,-94,-6,2,46,44,6,28367105,262,1,102,13499,
306.297,2385.33,51.4816,7.44131,157.496,8.89629,102.878,1,8,-95,-6,2,45,43,6,28367105,262,1,102,13499,
307.308,2395.21,51.4816,7.44143,157.539,10.0163,120.262,1,8,-95,-6,2,45,43,6,28367105,262,1,102,13499,
308.293,2407.9,51.4815,7.44159,157.775,11.0912,120.654,1,3,-95,-6,2,45,43,6,28367105,262,1,102,13499,
309.3,2421.17,51.4815,7.44176,158.229,12.7634,122.394,1,3,-95,-6,2,45,43,6,28367105,262,1,102,13499,
310.31,2433.67,51.4814,7.4419,158.739,13.2933,125.099,1,5,-97,-7,2,43,42,6,28367105,262,1,102,13499,
311.304,2448.48,51.4813,7.44207,159.006,14.0752,128.443,1,5,-97,-7,2,43,42,6,28367105,262,1,102,13499,
312.292,2462.23,51.4812,7.44221,159.323,13.8011,131.205,1,11,-96,-7,2,44,43,6,28367105,262,1,102,13499,
313.293,2462.23,51.4834,7.43899,nan,14.0121,133.554,1,11,-96,-7,2,44,43,6,28367105,262,1,102,13499,
314.304,2462.23,51.4811,7.44245,160.836,12.7001,133.677,1,15,-94,-6,2,46,44,6,28367105,262,1,102,13499,
315.315,2475.76,51.481,7.44259,161.42,12.6563,133.273,1,15,-94,-6,2,46,44,6,28367105,262,1,102,13499,
316.296,2488.71,51.4809,7.44272,162.147,12.2312,132.784,1,17,-91,-6,2,49,46,6,28367105,262,1,102,13499,
317.311,2501.4,51.4808,7.44285,162.885,11.8664,133.199,1,17,-91,-6,2,49,46,6,28367105,262,1,102,13499,
318.297,2513.95,51.4807,7.44298,163.316,11.5921,134.915,1,19,-91,-6,2,49,47,6,28367105,262,1,102,13499,
319.399,2526.86,51.4807,7.44308,163.518,11.5785,147.494,1,19,-91,-6,2,49,47,6,28367105,262,1,102,13499,
320.281,2538.92,51.4805,7.44313,163.609,10.5666,167.021,1,13,-96,-7,10,44,42,9,28367105,262,1,102,13499,
321.284,2550.81,51.4804,7.44315,163.815,11.4971,170.771,1,13,-96,-7,10,44,42,9,28367105,262,1,102,13499,
322.3,2563.31,51.4803,7.44318,164.239,11.6412,171.891,1,5,-97,-9,9,43,43,9,28367105,262,1,102,13499,
323.288,2575.42,51.4802,7.44321,164.417,12.1561,168.427,1,5,-97,-9,9,43,43,9,28367105,262,1,102,13499,
324.287,2587.67,51.4801,7.44328,164.23,12.7338,152.38,1,3,-98,-9,6,42,43,9,28367105,262,1,102,13499,
325.306,2600.92,51.48,7.44337,164.174,13.662,151.799,1,3,-98,-9,6,42,43,9,28367105,262,1,102,13499,
326.289,2613.79,51.4799,7.44345,164.693,14.6677,151.582,1,4,-101,-10,8,39,39,9,28367105,262,1,102,13499,
327.313,2627.5,51.4798,7.44354,165.041,15.4513,151.41,1,4,-101,-10,8,39,39,9,28367105,262,1,102,13499,
328.307,2642.33,51.4797,7.44364,164.975,15.7398,151.486,1,1,-103,-10,7,37,38,9,28367105,262,1,102,13499,
329.295,2657.11,51.4796,7.44374,165.444,15.412,151.731,1,1,-103,-10,7,37,38,9,28367105,262,1,102,13499,
330.296,2671.81,51.4794,7.44384,165.694,14.9976,151.709,1,1,-103,-10,7,37,38,9,28367105,262,1,102,13499,
331.298,2687,51.4793,7.44394,165.521,15.1053,151.989,1,0,-100,-9,6,40,40,7,28368384,262,1,31,13499,
332.299,2703.5,51.4792,7.44406,165.067,14.748,151.217,1,0,-100,-9,6,40,40,7,28368384,262,1,31,13499,
333.29,2703.5,51.4754,7.44572,nan,14.847,151.403,1,11,-99,-9,9,41,40,7,28368384,262,1,31,13499,
334.284,2703.5,51.479,7.44426,164.179,14.5508,151.496,1,11,-99,-9,9,41,40,7,28368384,262,1,31,13499,
335.299,2718.49,51.4789,7.44437,163.591,14.5323,151.343,1,7,-101,-9,10,39,39,7,28368384,262,1,31,13499,
336.289,2733.76,51.4787,7.44447,162.839,14.4049,151.484,1,7,-101,-9,10,39,39,7,28368384,262,1,31,13499,
337.291,2748.23,51.4786,7.44457,162.09,14.4699,151.109,1,5,-106,-9,10,34,33,7,28368384,262,1,31,13499,
338.289,2762.74,51.4785,7.44467,161.744,14.4886,151.306,1,5,-106,-9,10,34,33,7,28368384,262,1,31,13499,
339.298,2777.22,51.4784,7.44477,161.412,14.5767,151.461,1,5,-107,-10,8,33,34,7,28368384,262,1,31,13499,
340.301,2791.44,51.4783,7.44487,160.89,14.4255,151.323,1,5,-107,-10,8,33,34,7,28368384,262,1,31,13499,
341.291,2806.35,51.4782,7.44497,160.5,14.3382,151.378,1,4,-105,-9,7,35,35,7,28368384,262,1,31,13499,
342.287,2821.02,51.478,7.44507,160.19,14.2687,151.66,1,4,-105,-9,7,35,35,7,28368384,262,1,31,13499,
343.301,2835.37,51.4779,7.44517,160.828,14.2991,151.747,1,5,-103,-8,7,37,36,7,28368384,262,1,31,13499,
344.308,2849.66,51.4778,7.44527,161.009,14.3961,151.584,1,5,-103,-8,7,37,36,7,28368384,262,1,31,13499,
345.286,2862.88,51.4777,7.44536,161.169,14.387,151.616,1,7,-100,-8,2,40,38,7,28368384,262,1,31,13499,
346.309,2876.68,51.4776,7.44545,160.964,14.2611,151.571,1,7,-100,-8,2,40,38,7,28368384,262,1,31,13499,
347.309,2890.8,51.4775,7.44555,160.814,14.5674,151.602,1,10,-99,-8,2,41,39,7,28368384,262,1,31,13499,
348.294,2904.95,51.4774,7.44564,161.056,14.7873,151.809,1,10,-99,-8,2,41,39,7,28368384,262,1,31,13499,
349.283,2919.31,51.4773,7.44574,161.254,14.6132,151.452,1,15,-99,-8,2,41,39,7,28368384,262,1,31,13499,
350.304,2933.48,51.4772,7.44584,161.741,14.4802,151.423,1,15,-99,-8,2,41,39,7,28368384,262,1,31,13499,
351.305,2947.86,51.477,7.44594,161.955,14.6235,151.95,1,11,-97,-8,2,43,41,7,28368384,262,1,31,13499,
352.296,2962.56,51.4769,7.44604,161.983,14.564,151.717,1,11,-97,-8,2,43,41,7,28368384,262,1,31,13499,
353.29,2962.56,51.4752,7.44945,nan,14.6668,151.776,1,4,-96,-8,2,44,43,7,28368384,262,1,31,13499,
354.286,2962.56,51.4767,7.44624,162.033,14.6838,151.768,1,4,-96,-8,2,44,43,7,28368384,262,1,31,13499,
355.291,2977.44,51.4766,7.44634,161.601,14.3574,151.596,1,0,-97,-9,2,43,42,7,29568768,262,1,31,13499,
356.283,2992.59,51.4765,7.44644,161.012,14.4184,152.089,1,0,-97,-9,2,43,42,7,29568768,262,1,31,13499,
357.305,3007.14,51.4763,7.44654,160.638,14.1714,152.456,1,0,-97,-9,2,43,42,7,29568768,262,1,31,13499,
358.303,3020.68,51.4762,7.44663,160.357,14.1956,152.081,1,16,-93,-6,2,47,45,7,29568768,262,1,415,13499,
359.289,3034.65,51.4761,7.44672,159.936,13.9215,151.491,1,16,-93,-6,2,47,45,7,29568768,262,1,415,13499,
360.3,3048.74,51.476,7.44682,160.072,13.9493,151.15,1,17,-88,-5,2,52,49,7,29568768,262,1,415,13499,
361.292,3062.54,51.4759,7.44692,160.222,13.959,151.097,1,17,-88,-5,2,52,49,7,29568768,262,1,415,13499,
362.299,3076.39,51.4758,7.44702,160.667,14.0112,150.607,1,17,-84,-5,2,56,53,7,29568768,262,1,415,13499,
363.291,3091.08,51.4757,7.44712,161.258,14.3711,150.388,1,17,-84,-5,2,56,53,7,29568768,262,1,415,13499,
364.308,3104.24,51.4756,7.44722,161.742,14.1176,150.048,1,14,-84,-6,2,56,54,7,29568768,262,1,415,13499,
365.303,3117.95,51.4755,7.44732,162.004,13.6977,149.683,1,14,-84,-6,2,56,54,7,29568768,262,1,415,13499,
366.297,3132.83,51.4753,7.44742,162.51,13.5414,149.305,1,2,-87,-7,2,53,52,7,29568768,262,1,415,13499,
367.318,3145.97,51.4752,7.44752,163.104,13.2737,148.509,1,2,-87,-7,2,53,52,7,29568768,262,1,415,13499,
368.297,3158.85,51.4752,7.44762,163.632,12.8331,148.116,1,10,-91,-7,2,49,46,7,28368384,262,1,31,13499,
369.298,3171.67,51.4751,7.44773,164.172,12.5436,146.989,1,10,-91,-7,2,49,46,7,28368384,262,1,31,13499,
370.291,3184.29,51.475,7.44783,164.732,11.8977,145.841,1,7,-94,-7,2,46,44,7,28368384,262,1,31,13499,
371.28,3196.85,51.4749,7.44794,165.542,11.5598,144.845,1,7,-94,-7,2,46,44,7,28368384,262,1,31,13499,
372.288,3208.27,51.4748,7.44804,166.355,10.9036,143.996,1,3,-98,-8,2,42,41,7,28368384,262,1,31,13499,
373.303,3208.27,51.4752,7.44945,nan,10.393,143.183,1,3,-98,-8,2,42,41,7,28368384,262,1,31,13499,
374.284,3208.27,51.4746,7.44823,167.729,9.593,142.446,1,2,-98,-8,2,42,42,7,28368384,262,1,31,13499,
375.309,3216.56,51.4746,7.4483,168.515,9.15289,141.775,1,2,-98,-8,2,42,42,7,28368384,262,1,31,13499,
376.292,3226.33,51.4745,7.44839,169.27,8.35767,141.986,1,3,-97,-8,2,43,42,7,28368384,262,1,31,13499,
377.383,3234.06,51.4745,7.44846,170.115,6.8983,141.499,1,3,-97,-8,2,43,42,7,28368384,262,1,31,13499,
378.287,3241.18,51.4744,7.44852,170.801,5.15069,141.369,1,5,-96,-6,12,44,42,10,28368384,262,1,31,13499,
379.297,3245.17,51.4744,7.44856,170.872,2.2148,142.052,1,5,-96,-6,12,44,42,10,28368384,262,1,31,13499,
380.293,3245.17,51.4744,7.44856,170.882,0,142.052,1,5,-96,-6,12,44,42,10,28368384,262,1,31,13499,
381.295,3245.17,51.4744,7.44856,170.893,0,142.052,1,6,-96,-7,11,44,43,10,28368384,262,1,31,13499,
382.31,3245.17,51.4744,7.44856,170.905,0,142.052,1,6,-96,-7,11,44,43,10,28368384,262,1,31,13499,
383.302,3245.17,51.4744,7.44856,170.917,0,142.052,1,7,-96,-8,11,44,43,10,28368384,262,1,31,13499,
384.303,3245.17,51.4744,7.44856,170.932,0,142.052,1,7,-96,-8,11,44,43,10,28368384,262,1,31,13499,
385.29,3245.17,51.4744,7.44856,170.952,0,142.052,1,7,-96,-8,11,44,43,10,28368384,262,1,31,13499,
386.304,3245.17,51.4744,7.44856,170.979,0,142.052,1,7,-96,-8,11,44,43,10,28368384,262,1,31,13499,
387.306,3245.17,51.4744,7.44856,171.009,0,142.052,1,9,-96,-8,11,44,43,10,28368384,262,1,31,13499,
388.304,3245.17,51.4744,7.44856,171.041,0,142.052,1,9,-96,-8,11,44,43,10,28368384,262,1,31,13499,
389.293,3245.17,51.4744,7.44856,171.072,0,142.052,1,7,-95,-8,11,45,43,10,28368384,262,1,31,13499,
390.3,3245.17,51.4744,7.44856,171.104,0,142.052,1,7,-95,-8,11,45,43,10,28368384,262,1,31,13499,
391.298,3245.17,51.4744,7.44856,171.136,0,142.052,1,6,-96,-8,11,44,43,10,28368384,262,1,31,13499,
392.306,3245.17,51.4744,7.44856,171.17,0,142.052,1,6,-96,-8,11,44,43,10,28368384,262,1,31,13499,
393.291,3245.17,51.4752,7.44945,nan,0,142.052,1,6,-96,-9,12,44,45,10,28368384,262,1,31,13499,
394.32,3245.17,51.4744,7.44856,171.231,0,142.052,1,6,-96,-9,12,44,45,10,28368384,262,1,31,13499,
395.318,3245.17,51.4744,7.44856,171.258,0,142.052,1,7,-95,-8,2,45,44,10,28368384,262,1,31,13499,
396.307,3245.17,51.4744,7.44856,171.282,0,142.052,1,7,-95,-8,2,45,44,10,28368384,262,1,31,13499,
397.326,3245.17,51.4744,7.44856,171.305,0,142.052,1,7,-96,-8,2,44,44,10,28368384,262,1,31,13499,
398.316,3245.17,51.4744,7.44856,171.326,0,142.052,1,7,-96,-8,2,44,44,10,28368384,262,1,31,13499,
399.337,3245.17,51.4744,7.44856,171.348,0,142.052,1,8,-96,-8,2,44,44,10,28368384,262,1,31,13499,
400.32,3245.17,51.4744,7.44856,171.37,0,142.052,1,8,-96,-8,2,44,44,10,28368384,262,1,31,13499,
401.296,3245.17,51.4744,7.44856,171.394,0,142.052,1,9,-96,-8,2,44,44,10,28368384,262,1,31,13499,
402.284,3245.17,51.4744,7.44856,171.416,0,142.052,1,9,-96,-8,2,44,44,10,28368384,262,1,31,13499,
403.29,3245.17,51.4744,7.44856,171.436,0,142.052,1,9,-96,-8,2,44,44,10,28368384,262,1,31,13499,
404.3,3245.17,51.4744,7.44856,171.454,0,142.052,1,10,-96,-8,2,44,44,10,28368384,262,1,31,13499,
405.299,3245.17,51.4744,7.44856,171.47,0,142.052,1,10,-96,-8,2,44,44,10,28368384,262,1,31,13499,
406.304,3245.17,51.4744,7.44856,171.484,0,142.052,1,8,-96,-8,2,44,44,10,28368384,262,1,31,13499,
407.294,3245.17,51.4744,7.44856,171.495,0,142.052,1,8,-96,-8,2,44,44,10,28368384,262,1,31,13499,
408.304,3245.17,51.4744,7.44856,171.505,0,142.052,1,7,-96,-8,2,44,43,10,28368384,262,1,31,13499,
409.313,3245.17,51.4744,7.44856,171.513,0,142.052,1,7,-96,-8,2,44,43,10,28368384,262,1,31,13499,
410.318,3245.17,51.4744,7.44856,171.519,0,142.052,1,9,-96,-8,2,44,43,10,28368384,262,1,31,13499,
411.296,3245.17,51.4744,7.44856,171.525,0,142.052,1,9,-96,-8,2,44,43,10,28368384,262,1,31,13499,
412.302,3245.17,51.4744,7.44856,171.529,0,142.052,1,8,-96,-8,2,44,43,10,28368384,262,1,31,13499,
413.297,3245.17,51.4752,7.44945,nan,0,142.052,1,8,-96,-8,2,44,43,10,28368384,262,1,31,13499,
414.296,3245.17,51.4744,7.44856,171.538,0,142.052,1,8,-96,-8,2,44,43,10,28368384,262,1,31,13499,
415.286,3245.17,51.4744,7.44856,171.54,0,142.052,1,8,-96,-8,2,44,43,10,28368384,262,1,31,13499,
416.28,3245.17,51.4744,7.44856,171.543,0,142.052,1,10,-96,-8,2,44,43,10,28368384,262,1,31,13499,
417.295,3245.17,51.4744,7.44856,171.544,0,142.052,1,10,-96,-8,2,44,43,10,28368384,262,1,31,13499,
418.304,3245.17,51.4744,7.44856,171.545,0,142.052,1,8,-96,-8,2,44,43,10,28368384,262,1,31,13499,
419.279,3245.17,51.4744,7.44856,171.55,0,142.052,1,8,-96,-8,2,44,43,10,28368384,262,1,31,13499,
420.359,3245.17,51.4744,7.44856,171.555,0,142.052,1,3,-95,-7,2,45,43,10,29568768,262,1,415,13499,
421.304,3245.17,51.4744,7.44856,171.56,0,142.052,1,3,-95,-7,2,45,43,10,29568768,262,1,415,13499,
422.301,3245.17,51.4744,7.44856,171.567,0,142.052,1,5,-96,-8,10,44,42,8,29568768,262,1,415,13499,
423.298,3245.17,51.4744,7.44856,171.572,0,142.052,1,5,-96,-8,10,44,42,8,29568768,262,1,415,13499,
424.308,3245.17,51.4744,7.44856,171.579,0,142.052,1,6,-97,-7,10,43,42,8,29568768,262,1,415,13499,
425.314,3245.17,51.4744,7.44856,171.583,0,142.052,1,6,-97,-7,10,43,42,8,29568768,262,1,415,13499,
426.305,3245.17,51.4744,7.44856,171.586,0,142.052,1,8,-96,-8,11,44,43,8,29568768,262,1,415,13499,
427.302,3245.17,51.4744,7.44856,171.588,0,142.052,1,8,-96,-8,11,44,43,8,29568768,262,1,415,13499,
428.291,3245.17,51.4744,7.44856,171.599,0,142.052,1,6,-97,-7,11,43,41,8,29568768,262,1,415,13499,
429.301,3245.17,51.4744,7.44856,171.61,0,142.052,1,6,-97,-7,11,43,41,8,29568768,262,1,415,13499,
430.289,3245.17,51.4744,7.44856,171.703,0,141.925,1,6,-97,-7,11,43,41,8,29568768,262,1,415,13499,
431.298,3245.17,51.4744,7.44856,172.849,0,141.28,1,7,-96,-7,9,44,43,8,29568768,262,1,415,13499,
432.287,3258.31,51.4743,7.44868,173.777,7.79397,141.473,1,7,-96,-7,9,44,43,8,29568768,262,1,415,13499,
433.292,3258.31,51.4752,7.44945,nan,9.17421,140.529,1,7,-91,-6,14,49,46,9,28368384,262,1,31,13499,
434.301,3258.31,51.4742,7.44887,174.897,10.4571,139.985,1,7,-91,-6,14,49,46,9,28368384,262,1,31,13499,
435.295,3269.44,51.4741,7.44897,175.188,11.5975,139.366,1,12,-89,-6,14,51,48,9,28368384,262,1,31,13499,
436.304,3280.47,51.474,7.44907,175.375,11.9632,138.831,1,12,-89,-6,14,51,48,9,28368384,262,1,31,13499,
437.297,3292.1,51.4739,7.44918,175.487,12.594,138.152,1,5,-91,-7,12,49,47,9,28368384,262,1,31,13499,
438.292,3305.88,51.4738,7.44932,175.11,13.1387,137.083,1,5,-91,-7,12,49,47,9,28368384,262,1,31,13499,
439.29,3318.75,51.4738,7.44945,175.073,13.2013,135.769,1,15,-88,-7,14,52,50,6,29568768,262,1,31,13499,
440.285,3331.88,51.4737,7.44959,174.728,14.1132,134.258,1,15,-88,-7,14,52,50,6,29568768,262,1,31,13499,
441.293,3345.33,51.4736,7.44974,173.992,13.9031,132.809,1,18,-86,-6,14,54,51,6,29568768,262,1,415,13499,
442.315,3359.68,51.4735,7.4499,173.467,14.0266,131.694,1,18,-86,-6,14,54,51,6,29568768,262,1,415,13499,
443.278,3374.74,51.4734,7.45006,173.129,13.714,129.874,1,19,-84,-5,14,56,52,6,29568768,262,1,415,13499,
444.297,3389.67,51.4734,7.45023,172.832,14.4949,128.378,1,19,-84,-5,14,56,52,6,29568768,262,1,415,13499,
445.292,3405.07,51.4733,7.45041,172.704,15.4343,127.691,1,22,-87,-6,12,53,51,6,29568768,262,1,415,13499,
446.288,3420.48,51.4732,7.4506,172.736,15.151,125.993,1,22,-87,-6,12,53,51,6,29568768,262,1,415,13499,
447.291,3436.3,51.4731,7.45079,172.606,15.6424,124.419,1,20,-79,-5,14,61,56,6,29568768,262,1,415,13499,
448.303,3452.48,51.473,7.45099,172.547,15.9948,122.627,1,20,-79,-5,14,61,56,6,29568768,262,1,415,13499,
449.288,3468.96,51.473,7.4512,171.927,16.4477,120.807,1,17,-77,-5,14,63,59,6,29568768,262,1,415,13499,
450.297,3485.37,51.4729,7.45142,171.018,16.8636,118.642,1,17,-77,-5,14,63,59,6,29568768,262,1,415,13499,
451.28,3503.23,51.4728,7.45165,169.918,16.722,116.658,1,20,-84,-5,13,56,52,6,29568768,262,1,415,13499,
452.298,3519.71,51.4728,7.45187,168.883,16.7949,114.291,1,20,-84,-5,13,56,52,6,29568768,262,1,415,13499,
453.284,3519.71,51.4735,7.45492,nan,16.7661,112.333,1,20,-84,-5,13,56,52,6,29568768,262,1,415,13499,
454.288,3519.71,51.4727,7.45235,167.248,16.9692,110.582,1,26,-79,-5,13,61,58,6,29568768,262,1,415,13499,
455.294,3536.78,51.4726,7.45258,166.564,16.9646,108.748,1,26,-79,-5,13,61,58,6,29568768,262,1,415,13499,
456.298,3553.94,51.4726,7.45282,166.149,17.1566,107.315,1,26,-77,-5,2,63,59,6,29568768,262,1,415,13499,
457.296,3571.18,51.4726,7.45307,165.875,17.4272,105.989,1,26,-77,-5,2,63,59,6,29568768,262,1,415,13499,
458.295,3588.27,51.4725,7.45331,165.518,17.3683,105.24,1,21,-79,-5,2,61,57,6,29568768,262,1,415,13499,
459.29,3605.63,51.4725,7.45355,165.737,16.9414,104.508,1,21,-79,-5,2,61,57,6,29568768,262,1,415,13499,
460.301,3622.67,51.4725,7.45379,165.983,16.6198,105.012,1,23,-79,-5,2,61,57,6,29568768,262,1,415,13499,
461.28,3638.97,51.4724,7.45402,166.054,16.2177,105.345,1,23,-79,-5,2,61,57,6,29568768,262,1,415,13499,
462.303,3653.54,51.4724,7.45423,165.63,15.7891,105.158,1,20,-83,-6,2,57,54,6,29568768,262,1,415,13499,
463.351,3668.32,51.4724,7.45444,164.974,15.573,105.651,1,20,-83,-6,2,57,54,6,29568768,262,1,415,13499,
464.298,3683.13,51.4724,7.45464,164.384,15.0616,106.102,1,20,-81,-6,13,59,57,3,29568768,262,1,415,13499,
465.297,3697.57,51.4723,7.45485,163.696,14.9634,106.627,1,20,-81,-6,13,59,57,3,29568768,262,1,415,13499,
466.3,3712.33,51.4723,7.45505,163.549,14.6865,108.392,1,21,-81,-5,11,59,55,3,29568768,262,1,415,13499,
467.296,3726.61,51.4722,7.45524,163.587,14.2319,109.117,1,21,-81,-5,11,59,55,3,29568768,262,1,415,13499,
468.296,3740.59,51.4722,7.45543,163.64,13.995,109.774,1,25,-82,-5,15,58,54,3,29568768,262,1,415,13499,
469.302,3754.34,51.4721,7.45562,164.003,13.1597,110.278,1,25,-82,-5,15,58,54,3,29568768,262,1,415,13499,
470.295,3767.53,51.4721,7.4558,164.287,11.939,111.013,1,19,-86,-5,10,54,50,3,29568768,262,1,415,13499,
471.306,3778.61,51.4721,7.45594,164.595,10.1755,112.237,1,19,-86,-5,10,54,50,3,29568768,262,1,415,13499,
472.293,3789.03,51.472,7.45608,165.148,9.18531,113.167,1,15,-89,-6,11,51,47,3,29568768,262,1,415,13499,
473.296,3789.03,51.4735,7.45492,nan,8.6362,113.586,1,15,-89,-6,11,51,47,3,29568768,262,1,415,13499,
474.289,3789.03,51.472,7.45631,166.436,8.21371,114.194,1,19,-86,-5,10,54,50,3,29568768,262,1,415,13499,
475.297,3796.88,51.4719,7.45641,166.839,7.9387,114.422,1,19,-86,-5,10,54,50,3,29568768,262,1,415,13499,
476.289,3803.66,51.4719,7.4565,166.967,7.60105,114.559,1,18,-86,-5,15,54,50,3,29568768,262,1,415,13499,
477.298,3811.28,51.4719,7.4566,166.887,7.39999,114.762,1,18,-86,-5,15,54,50,3,29568768,262,1,415,13499,
478.279,3819.42,51.4718,7.4567,167.076,7.38422,115.044,1,18,-86,-5,15,54,50,3,29568768,262,1,415,13499,
479.292,3826.97,51.4718,7.4568,167.299,7.36813,114.836,1,24,-84,-5,15,56,51,3,29568768,262,1,415,13499,
480.299,3834.09,51.4718,7.4569,167.54,7.31583,114.774,1,24,-84,-5,15,56,51,3,29568768,262,1,415,13499,
481.302,3841.6,51.4718,7.457,167.865,7.42876,115.03,1,20,-86,-6,11,54,50,3,29568768,262,1,415,13499,
482.298,3848.57,51.4717,7.45709,168.135,6.94552,114.199,1,20,-86,-6,11,54,50,3,29568768,262,1,415,13499,
483.305,3854.54,51.4717,7.45717,168.208,6.31177,114.735,1,21,-87,-6,2,53,47,3,29568768,262,1,415,13499,
484.301,3861.35,51.4717,7.45726,168.472,6.26574,115.109,1,21,-87,-6,2,53,47,3,29568768,262,1,415,13499,
485.294,3867.77,51.4717,7.45734,168.593,6.21835,114.555,1,16,-88,-6,2,52,50,3,29568768,262,1,415,13499,
486.302,3874.43,51.4716,7.45743,168.918,5.52559,113.942,1,16,-88,-6,2,52,50,3,29568768,262,1,415,13499,
487.312,3879.37,51.4716,7.4575,169.234,4.66588,113.535,1,18,-88,-6,2,52,49,3,29568768,262,1,415,13499,
488.29,3883.48,51.4716,7.45755,169.242,4.04291,113.818,1,18,-88,-6,2,52,49,3,29568768,262,1,415,13499,
489.309,3887.35,51.4716,7.45761,169.199,3.65729,114.333,1,15,-88,-6,2,52,48,3,29568768,262,1,415,13499,
490.301,3890.58,51.4716,7.45765,169.185,3.34757,114.894,1,15,-88,-6,2,52,48,3,29568768,262,1,415,13499,
491.279,3893.95,51.4716,7.45769,169.163,3.52435,115.761,1,16,-89,-6,2,51,48,3,29568768,262,1,415,13499,
492.302,3896.59,51.4716,7.45772,169.124,3.8988,114.875,1,16,-89,-6,2,51,48,3,29568768,262,1,415,13499,
493.25,3901.85,51.4715,7.45779,168.98,5.5167,115.536,1,17,-91,-6,2,49,46,3,29568768,262,1,415,13499,
494.314,3908.09,51.4715,7.45787,168.616,6.80584,116.63,1,17,-91,-6,2,49,46,3,29568768,262,1,415,13499,
495.297,3915.32,51.4715,7.45796,168.364,6.97771,118.408,1,16,-92,-7,2,48,46,3,29568768,262,1,415,13499,
496.313,3923.04,51.4715,7.45806,168.095,7.32046,119.485,1,16,-92,-7,2,48,46,3,29568768,262,1,415,13499,
497.295,3930.95,51.4714,7.45816,167.642,7.75278,119.44,1,17,-92,-7,2,48,46,3,29568768,262,1,415,13499,
498.282,3938.3,51.4714,7.45824,166.805,8.10174,118.907,1,17,-92,-7,2,48,46,3,29568768,262,1,415,13499,
499.289,3946.71,51.4713,7.45835,165.849,8.58111,117.912,1,19,-91,-7,2,49,47,3,29568768,262,1,415,13499,
500.304,3955.16,51.4713,7.45845,165.192,8.22491,117.192,1,19,-91,-7,2,49,47,3,29568768,262,1,415,13499,
501.294,3962.87,51.4713,7.45855,164.78,7.72899,116.764,1,8,-90,-7,2,50,49,3,29568768,262,1,415,13499,
502.312,3969.14,51.4712,7.45863,164.369,7.29797,116.121,1,8,-90,-7,2,50,49,3,29568768,262,1,415,13499,
503.298,3975.52,51.4712,7.45872,164.031,6.83632,115.176,1,17,-89,-7,2,51,49,3,29568768,262,1,415,13499,
504.306,3982.13,51.4712,7.4588,163.705,6.28243,115.973,1,17,-89,-7,2,51,49,3,29568768,262,1,415,13499,
505.285,3988.46,51.4712,7.45889,163.62,5.92002,116.966,1,14,-91,-8,2,49,48,3,29568768,262,1,415,13499,
506.291,3995.08,51.4711,7.45897,163.853,5.0568,116.295,1,14,-91,-8,2,49,48,3,29568768,262,1,415,13499,
507.291,4001.03,51.4711,7.45905,164.085,4.53288,116.896,1,14,-91,-8,2,49,48,3,29568768,262,1,415,13499,
508.295,4005.62,51.4711,7.45911,164.123,3.74392,116.452,1,16,-93,-8,2,47,47,3,29568768,262,1,415,13499,
509.278,4008.94,51.4711,7.45915,164.136,3.72502,115.868,1,16,-93,-8,2,47,47,3,29568768,262,1,415,13499,
510.291,4012.19,51.4711,7.4592,164.189,3.6831,115.524,1,15,-93,-9,2,47,48,3,29568768,262,1,415,13499,
511.287,4015.7,51.4711,7.45924,164.225,3.21342,115.854,1,15,-93,-9,2,47,48,3,29568768,262,1,415,13499,
512.293,4018.46,51.4711,7.45928,164.255,3.34097,116.705,1,11,-93,-9,2,47,48,3,29568768,262,1,415,13499,
513.298,4018.46,51.4735,7.45492,nan,3.36161,117.249,1,11,-93,-9,2,47,48,3,29568768,262,1,415,13499,
514.285,4018.46,51.471,7.45936,164.282,2.61013,117.599,1,10,-94,-9,2,46,46,3,29568768,262,1,415,13499,
515.295,4021.39,51.471,7.4594,164.323,1.83693,118.062,1,10,-94,-9,2,46,46,3,29568768,262,1,415,13499,
516.295,4021.39,51.471,7.4594,164.329,0,118.062,1,9,-96,-10,2,44,45,3,29568768,262,1,415,13499,
517.293,4021.39,51.471,7.4594,164.335,0,118.062,1,9,-96,-10,2,44,45,3,29568768,262,1,415,13499,
518.297,4021.39,51.471,7.4594,164.337,0,118.062,1,8,-96,-10,2,44,45,3,29568768,262,1,415,13499,
519.297,4021.39,51.471,7.4594,164.338,0,118.062,1,8,-96,-10,2,44,45,3,29568768,262,1,415,13499,
520.292,4021.39,51.471,7.4594,164.336,0,118.062,1,6,-97,-10,2,43,45,3,29568768,262,1,415,13499,
521.283,4021.39,51.471,7.4594,164.333,0,118.062,1,6,-97,-10,2,43,45,3,29568768,262,1,415,13499,
522.295,4021.39,51.471,7.4594,164.33,0,118.062,1,6,-96,-10,2,44,45,3,29568768,262,1,415,13499,
523.292,4021.39,51.471,7.4594,164.327,0,118.062,1,6,-96,-10,2,44,45,3,29568768,262,1,415,13499,
524.289,4021.39,51.471,7.4594,164.324,0,118.062,1,7,-96,-10,2,44,45,3,29568768,262,1,415,13499,
525.304,4021.39,51.471,7.4594,164.32,0,118.062,1,7,-96,-10,2,44,45,3,29568768,262,1,415,13499,
526.289,4021.39,51.471,7.4594,164.317,0,118.062,1,6,-96,-10,2,44,45,3,29568768,262,1,415,13499,
527.309,4021.39,51.471,7.4594,164.314,0,118.062,1,6,-96,-10,2,44,45,3,29568768,262,1,415,13499,
528.296,4021.39,51.471,7.4594,164.312,0,118.062,1,7,-96,-10,2,44,45,3,29568768,262,1,415,13499,
529.286,4021.39,51.471,7.4594,164.311,0,118.062,1,7,-96,-10,2,44,45,3,29568768,262,1,415,13499,
530.304,4021.39,51.471,7.4594,164.31,0,118.062,1,7,-96,-10,2,44,45,3,29568768,262,1,415,13499,
531.317,4021.39,51.471,7.4594,164.309,0,118.062,1,7,-96,-10,2,44,45,3,29568768,262,1,415,13499,
532.304,4021.39,51.471,7.4594,164.307,0,118.062,1,7,-96,-10,2,44,45,3,29568768,262,1,415,13499,
533.306,4021.39,51.4735,7.45492,nan,0,118.062,1,8,-96,-10,2,44,45,3,29568768,262,1,415,13499,
534.295,4021.39,51.471,7.4594,164.301,0,118.062,1,8,-96,-10,2,44,45,3,29568768,262,1,415,13499,
535.304,4021.39,51.471,7.4594,164.298,0,118.062,1,7,-96,-10,2,44,45,3,29568768,262,1,415,13499,
536.3,4021.39,51.471,7.4594,164.294,0,118.062,1,7,-96,-10,2,44,45,3,29568768,262,1,415,13499,
537.303,4021.39,51.471,7.4594,164.293,0,118.062,1,4,-96,-10,2,44,45,3,29568768,262,1,415,13499,
538.291,4021.39,51.471,7.4594,164.293,0,118.062,1,4,-96,-10,2,44,45,3,29568768,262,1,415,13499,
539.282,4021.39,51.471,7.4594,164.294,0,118.062,1,6,-96,-10,2,44,45,3,29568768,262,1,415,13499,
540.297,4021.39,51.471,7.4594,164.296,0,118.062,1,6,-96,-10,2,44,45,3,29568768,262,1,415,13499,
541.287,4021.39,51.471,7.4594,164.299,0,118.062,1,7,-96,-10,2,44,45,3,29568768,262,1,415,13499,
542.297,4021.39,51.471,7.4594,164.302,0,118.062,1,7,-96,-10,2,44,45,3,29568768,262,1,415,13499,
543.279,4021.39,51.471,7.4594,164.307,0,118.062,1,5,-96,-10,2,44,45,3,29568768,262,1,415,13499,
544.282,4021.39,51.471,7.4594,164.312,0,118.062,1,5,-96,-10,2,44,45,3,29568768,262,1,415,13499,
545.304,4021.39,51.471,7.4594,164.319,0,118.062,1,4,-96,-10,2,44,45,3,29568768,262,1,415,13499,
546.285,4021.39,51.471,7.4594,164.389,0,118.062,1,4,-96,-10,2,44,45,3,29568768,262,1,415,13499,
547.29,4021.39,51.471,7.4594,164.467,0,115.347,1,10,-96,-10,2,44,45,3,29568768,262,1,415,13499,
548.288,4029.28,51.471,7.4595,165.118,0,116.013,1,10,-96,-10,2,44,45,3,29568768,262,1,415,13499,
549.287,4032.77,51.471,7.45954,165.76,6.74793,116.512,1,5,-95,-10,2,45,46,3,29568768,262,1,415,13499,
550.288,4041.08,51.4709,7.45965,165.994,7.09131,115.565,1,5,-95,-10,2,45,46,3,29568768,262,1,415,13499,
551.284,4049.91,51.4709,7.45977,165.686,8.65307,114.514,1,5,-95,-10,2,45,46,3,29568768,262,1,415,13499,
552.304,4058.14,51.4709,7.45988,165.4,10.381,113.685,1,4,-95,-10,2,45,46,3,29568768,262,1,415,13499,
553.311,4058.14,51.4735,7.45492,nan,10.7951,112.824,1,4,-95,-10,2,45,46,3,29568768,262,1,415,13499,
554.309,4058.14,51.4708,7.46014,164.351,10.4292,111.886,1,2,-95,-10,2,45,45,3,29568769,262,1,416,13499,
555.299,4068.19,51.4708,7.46028,163.975,10.179,111.027,1,2,-95,-10,2,45,45,3,29568769,262,1,416,13499,
556.309,4078.96,51.4707,7.46042,163.127,10.304,110.451,1,1,-96,-10,2,44,45,3,29568769,262,1,416,13499,
557.29,4088.8,51.4707,7.46056,162.404,10.8028,111.156,1,1,-96,-10,2,44,45,3,29568769,262,1,416,13499,
558.289,4099.46,51.4707,7.4607,161.849,10.9957,112.33,1,5,-98,-10,2,42,43,3,29568769,262,1,416,13499,
559.287,4110.57,51.4706,7.46085,161.467,11.4207,112.9,1,5,-98,-10,2,42,43,3,29568769,262,1,416,13499,
560.297,4123.24,51.4706,7.46101,161.361,11.9464,113.809,1,4,-95,-8,2,45,45,3,29568769,262,1,416,13499,
561.424,4135.35,51.4705,7.46117,161.358,11.6219,114.189,1,4,-95,-8,2,45,45,3,29568769,262,1,416,13499,
562.299,4146.62,51.4705,7.46132,161.251,11.3121,114.265,1,1,-97,-10,7,43,45,6,29568769,262,1,416,13499,
563.286,4157.94,51.4705,7.46147,161.053,11.798,115.132,1,1,-97,-10,7,43,45,6,29568769,262,1,416,13499,
564.283,4169.43,51.4704,7.46162,160.941,10.7448,115.462,1,1,-100,-11,7,40,42,6,29568769,262,1,416,13499,
565.294,4180.2,51.4704,7.46176,161.28,9.79427,112.698,1,1,-100,-11,7,40,42,6,29568769,262,1,416,13499,
566.305,4192.78,51.4703,7.46193,160.96,11.1128,114.161,1,-1,-98,-8,6,42,42,13,26378498,262,1,495,13499,
567.293,4205.66,51.4703,7.4621,160.909,11.6847,115.079,1,-1,-98,-8,6,42,42,13,26378498,262,1,495,13499,
568.298,4217.35,51.4702,7.46225,161.007,11.8021,115.002,1,5,-99,-8,9,41,41,13,26378498,262,1,495,13499,
569.309,4229.15,51.4702,7.4624,161.258,11.8296,115.34,1,5,-99,-8,9,41,41,13,26378498,262,1,495,13499,
570.309,4241.35,51.4701,7.46256,161.656,12.0858,115.842,1,6,-99,-9,9,41,41,13,26378498,262,1,495,13499,
571.303,4253.19,51.4701,7.46272,161.814,11.9922,115.097,1,6,-99,-9,9,41,41,13,26378498,262,1,495,13499,
572.309,4265.63,51.47,7.46288,161.893,11.9778,115.982,1,11,-99,-8,10,41,41,13,26378498,262,1,495,13499,
573.297,4265.63,51.4724,7.4673,nan,11.7958,115.122,1,11,-99,-8,10,41,41,13,26378498,262,1,495,13499,
574.286,4265.63,51.4699,7.46321,161.577,13.0248,116.28,1,11,-99,-8,10,41,41,13,26378498,262,1,495,13499,
575.289,4276.91,51.4699,7.46336,161.409,12.5669,114.974,1,8,-99,-8,7,41,41,13,26378498,262,1,495,13499,
576.278,4288.87,51.4699,7.46352,161.388,12.1881,113.647,1,8,-99,-8,7,41,41,13,26378498,262,1,495,13499,
577.287,4301.72,51.4698,7.46369,161.424,12.5644,112.054,1,5,-99,-8,8,41,40,13,26378498,262,1,495,13499,
578.29,4315.55,51.4698,7.46388,161.207,13.1509,111.408,1,5,-99,-8,8,41,40,13,26378498,262,1,495,13499,
579.302,4328.58,51.4697,7.46405,160.639,13.3068,110.682,1,6,-100,-8,8,40,39,13,26378498,262,1,495,13499,
580.296,4342.12,51.4697,7.46423,160.232,13.3851,108.916,1,6,-100,-8,8,40,39,13,26378498,262,1,495,13499,
581.319,4354.95,51.4696,7.46441,159.833,13.3295,109.825,1,7,-99,-8,2,41,40,13,26378498,262,1,495,13499,
582.284,4368.96,51.4696,7.4646,159.357,13.2934,108.653,1,7,-99,-8,2,41,40,13,26378498,262,1,495,13499,
583.316,4382.83,51.4696,7.46479,159.395,13.5171,107.605,1,12,-102,-9,2,38,38,13,26378498,262,1,495,13499,
584.274,4396.44,51.4695,7.46498,159.548,13.5633,106.624,1,12,-102,-9,2,38,38,13,26378498,262,1,495,13499,
585.285,4410.03,51.4695,7.46517,159.549,13.4545,104.84,1,4,-102,-9,2,38,38,13,26378498,262,1,495,13499,
586.273,4424.41,51.4695,7.46538,159.7,13.9979,103.758,1,4,-102,-9,2,38,38,13,26378498,262,1,495,13499,
587.294,4438.33,51.4695,7.46557,160.319,13.565,101.784,1,4,-102,-9,2,38,38,13,26378498,262,1,495,13499,
588.292,4450.93,51.4694,7.46575,160.228,13.3685,100.752,1,4,-102,-9,2,38,38,13,26378498,262,1,495,13499,
589.305,4465.04,51.4694,7.46596,159.848,13.3479,98.7738,1,8,-97,-7,2,43,41,13,29401601,262,1,430,13499,
590.302,4479.48,51.4694,7.46616,159.997,13.7507,97.2943,1,8,-97,-7,2,43,41,13,29401601,262,1,430,13499,
591.314,4495.08,51.4694,7.46639,160.15,13.846,95.5262,1,12,-96,-6,2,44,42,13,29401601,262,1,430,13499,
592.299,4509.13,51.4694,7.46659,160.241,14.0212,93.6462,1,12,-96,-6,2,44,42,13,29401601,262,1,430,13499,
593.251,4522.9,51.4694,7.46679,160.337,14.405,91.879,1,8,-95,-7,2,45,43,13,29401601,262,1,430,13499,
594.294,4537.94,51.4694,7.46701,160.199,14.8912,90.2938,1,8,-95,-7,2,45,43,13,29401601,262,1,430,13499,
595.297,4552.39,51.4694,7.46722,159.892,15.3283,88.9307,1,8,-95,-7,2,45,43,13,29401601,262,1,430,13499,
596.289,4568.42,51.4694,7.46745,159.526,15.7634,87.3991,1,7,-94,-6,2,46,43,13,29401601,262,1,430,13499,
597.301,4583.54,51.4694,7.46766,159.31,15.9386,86.0649,1,7,-94,-6,2,46,43,13,29401601,262,1,430,13499,
598.301,4598.91,51.4695,7.46788,159.257,15.9891,84.7356,1,10,-96,-7,2,44,42,13,29401601,262,1,430,13499,
599.29,4614.85,51.4695,7.46811,159.47,15.9823,83.6279,1,10,-96,-7,2,44,42,13,29401601,262,1,430,13499,
600.284,4630.41,51.4695,7.46833,159.93,16.0599,82.6389,1,7,-98,-8,2,42,41,13,29401601,262,1,430,13499,
601.25,4630.41,51.4695,7.46833,159.93,16.0599,82.6389,1,7,-98,-8,2,42,41,13,29401601,262,1,430,13499,
602.259,4662.03,51.4696,7.46878,161.035,16.5021,81.4059,1,13,-101,-8,2,39,38,13,29401601,262,1,430,13499,
603.289,4679.17,51.4696,7.46903,161.507,16.737,80.7456,1,13,-101,-8,2,39,38,13,29401601,262,1,430,13499,
604.3,4695.94,51.4696,7.46926,162.088,16.7324,80.0004,1,4,-102,-8,2,38,37,13,29401601,262,1,430,13499,
605.292,4713.48,51.4697,7.46951,162.89,16.9374,79.9073,1,4,-102,-8,2,38,37,13,29401601,262,1,430,13499,
606.272,4730.47,51.4697,7.46975,163.626,17.0692,79.7246,1,9,-104,-9,2,36,35,13,29401601,262,1,430,13499,
607.292,4747.54,51.4697,7.46999,164.381,17.2234,80.1792,1,9,-104,-9,2,36,35,13,29401601,262,1,430,13499,
608.303,4765.32,51.4697,7.47025,165.374,17.3482,80.9835,1,10,-103,-9,2,37,36,13,29401601,262,1,430,13499,
609.317,4782.69,51.4698,7.47049,166.089,17.2211,81.6529,1,10,-103,-9,2,37,36,13,29401601,262,1,430,13499,
610.361,4801.03,51.4698,7.47075,166.806,17.7184,81.5552,1,11,-100,-8,2,40,38,13,29401601,262,1,430,13499,
611.287,4819.36,51.4698,7.47102,167.397,17.6782,83.1539,1,11,-100,-8,2,40,38,13,29401601,262,1,430,13499,
612.273,4837.09,51.4698,7.47127,167.934,17.9557,84.511,1,7,-100,-8,7,40,39,16,29401601,262,1,430,13499,
613.297,4854.55,51.4698,7.47152,168.327,17.7877,86.115,1,7,-100,-8,7,40,39,16,29401601,262,1,430,13499,
614.29,4854.55,51.4695,7.47624,nan,17.6183,87.4307,1,3,-100,-8,6,40,39,16,29401601,262,1,430,13499,
615.275,4854.55,51.4698,7.47202,168.332,17.8303,88.8986,1,3,-100,-8,6,40,39,16,29401601,262,1,430,13499,
616.316,4872.29,51.4698,7.47228,168.28,17.7944,90.5737,1,6,-101,-8,6,39,39,16,29401601,262,1,430,13499,
617.302,4891.23,51.4698,7.47255,168.205,17.6627,93.2155,1,6,-101,-8,6,39,39,16,29401601,262,1,430,13499,
618.29,4908.73,51.4698,7.4728,168.594,16.6308,94.5273,1,5,-103,-9,6,37,37,16,29401601,262,1,430,13499,
619.304,4925.97,51.4698,7.47305,169.042,17.0682,96.2828,1,5,-103,-9,6,37,37,16,29401601,262,1,430,13499,
620.295,4942.88,51.4698,7.47329,169.428,17.3489,96.8657,1,2,-102,-9,5,38,38,16,29401601,262,1,430,13499,
621.279,4961.79,51.4697,7.47356,169.886,17.645,98.3136,1,2,-102,-9,5,38,38,16,29401601,262,1,430,13499,
622.289,4978.39,51.4697,7.4738,170.291,17.9564,98.2697,1,1,-100,-9,6,40,39,22,31263232,262,1,162,13499,
623.284,4996.07,51.4697,7.47405,170.59,17.8725,98.6039,1,1,-100,-9,6,40,39,22,31263232,262,1,162,13499,
624.282,5013.98,51.4696,7.4743,171.089,17.8723,98.6026,1,1,-103,-11,7,37,39,22,31263232,262,1,162,13499,
625.291,5031.68,51.4696,7.47456,171.681,16.6028,96.9933,1,1,-103,-11,7,37,39,22,31263232,262,1,162,13499,
626.309,5048.64,51.4696,7.4748,172.242,16.6434,97.7387,1,1,-103,-11,7,37,39,22,31263232,262,1,162,13499,
627.304,5066.44,51.4696,7.47505,172.682,16.8325,97.1903,1,2,-105,-11,6,35,38,22,31263232,262,1,162,13499,
628.31,5083.76,51.4696,7.4753,173.166,16.8366,96.4316,1,2,-105,-11,6,35,38,22,31263232,262,1,162,13499,
629.307,5100.89,51.4695,7.47555,173.609,16.2802,95.2978,1,0,-101,-10,6,39,40,22,30492930,262,1,176,13499,
630.283,5116.06,51.4695,7.47577,173.449,15.8314,94.2807,1,0,-101,-10,6,39,40,22,30492930,262,1,176,13499,
631.297,5131.31,51.4695,7.47598,173.377,15.2072,93.8746,1,-1,-100,-10,6,40,41,8,26378497,262,1,496,13499,
632.299,5146.26,51.4695,7.4762,173.154,15.0636,92.9159,1,-1,-100,-10,6,40,41,8,26378497,262,1,496,13499,
633.289,5160.79,51.4695,7.47641,172.908,14.4465,91.6926,1,0,-103,-12,6,37,40,8,26378497,262,1,496,13499,
634.311,5160.79,51.4713,7.4835,nan,13.8634,91.1864,1,0,-103,-12,6,37,40,8,26378497,262,1,496,13499,
635.291,5160.79,51.4695,7.4768,173.135,13.2663,89.3543,1,0,-101,-12,7,39,43,8,26378497,262,1,496,13499,
636.286,5174.01,51.4695,7.477,173.273,12.6638,87.9385,1,0,-101,-12,7,39,43,8,26378497,262,1,496,13499,
637.283,5187.08,51.4695,7.47718,173.526,12.3201,86.3352,1,-3,-101,-12,6,39,42,8,26378497,262,1,496,13499,
638.304,5199.81,51.4695,7.47737,173.683,12.5491,86.7253,1,-3,-101,-12,6,39,42,8,26378497,262,1,496,13499,
639.289,5211.4,51.4695,7.47753,173.906,11.929,84.9926,1,-3,-100,-12,7,40,43,8,26378497,262,1,496,13499,
640.308,5224.05,51.4696,7.47771,174.554,11.3371,83.1438,1,-3,-100,-12,7,40,43,8,26378497,262,1,496,13499,
641.296,5236.63,51.4696,7.47789,175.557,11.5454,82.3701,1,2,-95,-9,7,45,45,31,28368898,262,1,56,13499,
642.284,5248.12,51.4696,7.47805,176.38,11.7008,81.3686,1,2,-95,-9,7,45,45,31,28368898,262,1,56,13499,
643.287,5260.07,51.4696,7.47822,177.086,11.2862,79.837,1,-3,-98,-12,6,42,46,31,28368898,262,1,56,13499,
644.301,5271.93,51.4696,7.47839,177.855,10.6015,78.6135,1,-3,-98,-12,6,42,46,31,28368898,262,1,56,13499,
645.31,5282.17,51.4697,7.47853,178.196,10.2168,77.1631,1,5,-90,-7,11,50,48,9,26378497,262,1,496,13499,
646.294,5292.62,51.4697,7.47868,178.132,9.5593,76.575,1,5,-90,-7,11,50,48,9,26378497,262,1,496,13499,
647.304,5300.49,51.4697,7.47878,177.849,7.97431,75.8733,1,10,-88,-7,13,52,50,9,26378497,262,1,496,13499,
648.296,5306.98,51.4697,7.47887,177.553,6.67599,75.0603,1,10,-88,-7,13,52,50,9,26378497,262,1,496,13499,
649.278,5313.41,51.4698,7.47896,176.75,5.73881,74.4293,1,13,-85,-6,10,55,51,9,26378497,262,1,496,13499,
650.342,5318.5,51.4698,7.47903,176.413,4.6779,73.8698,1,13,-85,-6,10,55,51,9,26378497,262,1,496,13499,
651.286,5320.39,51.4698,7.47906,176.389,3.07344,74.2715,1,19,-83,-5,12,57,51,9,26378497,262,1,496,13499,
652.288,5322.9,51.4698,7.47909,176.36,1.56709,72.9741,1,19,-83,-5,12,57,51,9,26378497,262,1,496,13499,
653.29,5322.9,51.4698,7.47909,176.353,0,72.9741,1,19,-83,-5,12,57,51,9,26378497,262,1,496,13499,
654.29,5322.9,51.4713,7.4835,nan,0,72.9741,1,19,-83,-5,11,57,51,9,26378497,262,1,496,13499,
655.293,5322.9,51.4698,7.47909,176.334,0,72.9741,1,19,-83,-5,11,57,51,9,26378497,262,1,496,13499,
656.28,5322.9,51.4698,7.47909,176.323,0,72.9741,1,19,-83,-5,11,57,51,9,26378497,262,1,496,13499,
657.303,5322.9,51.4698,7.47909,176.312,0,72.9741,1,19,-83,-5,11,57,51,9,26378497,262,1,496,13499,
658.283,5322.9,51.4698,7.47909,176.301,0,72.9741,1,17,-83,-5,11,57,51,9,26378497,262,1,496,13499,
659.298,5322.9,51.4698,7.47909,176.292,0,72.9741,1,17,-83,-5,11,57,51,9,26378497,262,1,496,13499,
660.296,5322.9,51.4698,7.47909,176.285,0,72.9741,1,18,-83,-6,11,57,52,9,26378497,262,1,496,13499,
661.282,5322.9,51.4698,7.47909,176.279,0,72.9741,1,18,-83,-6,11,57,52,9,26378497,262,1,496,13499,
662.309,5322.9,51.4698,7.47909,176.273,0,72.9741,1,19,-83,-5,11,57,51,9,26378497,262,1,496,13499,
663.297,5322.9,51.4698,7.47909,176.267,0,72.9741,1,19,-83,-5,11,57,51,9,26378497,262,1,496,13499,
664.296,5322.9,51.4698,7.47909,176.259,0,72.9741,1,16,-83,-6,10,57,52,9,26378497,262,1,496,13499,
665.284,5322.9,51.4698,7.47909,176.251,0,72.9741,1,16,-83,-6,10,57,52,9,26378497,262,1,496,13499,
666.313,5322.9,51.4698,7.47909,176.241,0,72.9741,1,19,-84,-6,11,56,51,9,26378497,262,1,496,13499,
667.293,5322.9,51.4698,7.47909,176.23,0,72.9741,1,19,-84,-6,11,56,51,9,26378497,262,1,496,13499,
668.297,5322.9,51.4698,7.47909,176.219,0,72.9741,1,18,-81,-5,2,59,52,9,26378497,262,1,496,13499,
669.314,5322.9,51.4698,7.47909,176.207,0,72.9741,1,18,-81,-5,2,59,52,9,26378497,262,1,496,13499,
670.291,5322.9,51.4698,7.47909,176.197,0,72.9741,1,18,-84,-9,2,56,54,9,26378497,262,1,496,13499,
671.289,5322.9,51.4698,7.47909,176.189,0,72.9741,1,18,-84,-9,2,56,54,9,26378497,262,1,496,13499,
672.288,5322.9,51.4698,7.47909,176.18,0,72.9741,1,18,-84,-7,2,56,52,7,26378497,262,1,496,13499,
673.297,5322.9,51.4698,7.47909,176.171,0,72.9741,1,18,-84,-7,2,56,52,7,26378497,262,1,496,13499,
674.284,5322.9,51.4713,7.4835,nan,0,72.9741,1,29,-83,-5,11,57,51,7,26378497,262,1,496,13499,
675.279,5322.9,51.4698,7.47909,176.152,0,72.9741,1,29,-83,-5,11,57,51,7,26378497,262,1,496,13499,
676.302,5322.9,51.4698,7.47909,176.142,0,72.9741,1,19,-84,-6,11,56,51,7,26378497,262,1,496,13499,
677.291,5322.9,51.4698,7.47909,176.134,0,72.9741,1,19,-84,-6,11,56,51,7,26378497,262,1,496,13499,
678.302,5322.9,51.4698,7.47909,176.127,0,72.9741,1,19,-84,-6,11,56,51,7,26378497,262,1,496,13499,
679.285,5322.9,51.4698,7.47909,176.123,0,72.9741,1,31,-83,-6,11,57,52,7,26378497,262,1,496,13499,
680.309,5322.9,51.4698,7.47909,176.082,0,72.9741,1,31,-83,-6,11,57,52,7,26378497,262,1,496,13499,
681.301,5322.9,51.4698,7.47909,176.089,0,79.9802,1,32,-83,-5,12,57,52,7,26378497,262,1,496,13499,
682.289,5329.6,51.4698,7.47918,176.468,0,77.8311,1,32,-83,-5,12,57,52,7,26378497,262,1,496,13499,
683.296,5337.12,51.4698,7.47929,176.601,6.77515,76.6844,1,29,-82,-5,11,58,53,7,26378497,262,1,496,13499,
684.305,5344.09,51.4698,7.47938,176.561,7.76756,75.3461,1,29,-82,-5,11,58,53,7,26378497,262,1,496,13499,
685.274,5352.24,51.4699,7.4795,176.361,8.37653,74.5484,1,31,-80,-5,13,60,55,7,26378497,262,1,496,13499,
686.292,5361.18,51.4699,7.47962,176.366,8.80686,75.1135,1,31,-80,-5,13,60,55,7,26378497,262,1,496,13499,
687.309,5371.53,51.4699,7.47976,176.247,9.84995,74.5309,1,29,-80,-5,13,60,54,7,26378497,262,1,496,13499,
688.302,5381.48,51.4699,7.4799,176.482,10.0547,74.0758,1,29,-80,-5,13,60,54,7,26378497,262,1,496,13499,
689.3,5390.97,51.47,7.48003,176.832,9.48354,73.9656,1,17,-80,-6,2,60,56,7,26378497,262,1,496,13499,
690.284,5400.96,51.47,7.48016,177.474,9.30188,72.9688,1,17,-80,-6,2,60,56,7,26378497,262,1,496,13499,
691.279,5410.72,51.47,7.48029,177.936,9.22276,72.243,1,20,-80,-5,2,60,54,7,26378497,262,1,496,13499,
692.296,5421.53,51.4701,7.48044,178.264,9.3843,71.2933,1,20,-80,-5,2,60,54,7,26378497,262,1,496,13499,
693.305,5431.38,51.4701,7.48057,178.353,8.94872,70.5777,1,11,-84,-7,2,56,53,7,26378497,262,1,496,13499,
694.302,5431.38,51.4713,7.4835,nan,9.03783,70.9828,1,11,-84,-7,2,56,53,7,26378497,262,1,496,13499,
695.286,5431.38,51.4702,7.48081,179.008,8.72852,70.6655,1,18,-89,-9,11,51,50,8,26378497,262,1,496,13499,
696.298,5439.66,51.4702,7.48092,179.301,9.03012,71.229,1,18,-89,-9,11,51,50,8,26378497,262,1,496,13499,
697.284,5448.24,51.4702,7.48104,179.585,8.85467,72.1438,1,14,-89,-6,10,51,48,8,26378497,262,1,496,13499,
698.299,5456.93,51.4702,7.48116,179.77,8.23725,72.6726,1,14,-89,-6,10,51,48,8,26378497,262,1,496,13499,
699.297,5464.28,51.4703,7.48126,180.212,7.72259,73.1598,1,13,-94,-7,8,46,44,8,26378497,262,1,496,13499,
700.302,5470.37,51.4703,7.48134,180.564,6.77161,73.559,1,13,-94,-7,8,46,44,8,26378497,262,1,496,13499,
701.293,5477.53,51.4703,7.48144,180.954,6.14139,75.7593,1,5,-93,-7,8,47,45,8,26378497,262,1,496,13499,
702.304,5483.49,51.4703,7.48153,181.232,5.5165,100.615,1,5,-93,-7,8,47,45,8,26378497,262,1,496,13499,
703.289,5488.87,51.4703,7.48159,181.368,6.20405,131.189,1,5,-93,-7,8,47,45,8,26378497,262,1,496,13499,
704.303,5495.79,51.4702,7.48165,181.115,7.78151,152.732,1,13,-93,-8,12,47,46,8,26378497,262,1,496,13499,
705.308,5504.85,51.4701,7.4817,180.663,8.72829,155.9,1,13,-93,-8,12,47,46,8,26378497,262,1,496,13499,
706.293,5514.85,51.47,7.48175,180.05,9.13652,158.718,1,14,-94,-8,9,46,44,8,26378497,262,1,496,13499,
707.287,5524.45,51.47,7.48179,180.13,8.70487,160.4,1,14,-94,-8,9,46,44,8,26378497,262,1,496,13499,
708.29,5533.68,51.4699,7.48183,180.604,9.21935,161.687,1,6,-94,-9,7,46,46,8,26378497,262,1,496,13499,
709.307,5543.13,51.4698,7.48186,181.021,9.74499,162.343,1,6,-94,-9,7,46,46,8,26378497,262,1,496,13499,
710.289,5551.99,51.4697,7.48189,180.511,9.2723,163.162,1,8,-96,-8,2,44,43,8,26378497,262,1,496,13499,
711.302,5561.46,51.4696,7.48193,180.043,8.55634,163.93,1,8,-96,-8,2,44,43,8,26378497,262,1,496,13499,
712.308,5571.14,51.4696,7.48197,179.311,9.65691,164.706,1,9,-96,-9,2,44,44,8,26378497,262,1,496,13499,
713.287,5582.83,51.4695,7.48201,178.881,9.95567,165.509,1,9,-96,-9,2,44,44,8,26378497,262,1,496,13499,
714.314,5582.83,51.4685,7.4823,nan,8.9805,165.572,1,9,-95,-9,2,45,45,8,26378497,262,1,496,13499,
715.297,5582.83,51.4693,7.48206,178.036,6.8701,166.616,1,9,-95,-9,2,45,45,8,26378497,262,1,496,13499,
716.296,5593.16,51.4692,7.48209,177.735,10.4791,166.033,1,6,-95,-9,2,45,45,8,26378497,262,1,496,13499,
717.279,5605.9,51.4691,7.48214,177.576,11.6825,167.105,1,6,-95,-9,2,45,45,8,26378497,262,1,496,13499,
718.391,5616.32,51.469,7.48217,177.787,10.5122,167.555,1,5,-94,-8,2,46,47,8,26378497,262,1,496,13499,
719.284,5624.55,51.4689,7.4822,177.896,10.3987,167.998,1,5,-94,-8,2,46,47,8,26378497,262,1,496,13499,
720.307,5635.39,51.4688,7.48223,177.888,10.236,167.405,1,8,-92,-7,8,48,46,10,26378497,262,1,496,13499,
721.295,5645.94,51.4687,7.48227,178.038,9.57766,166.295,1,8,-92,-7,8,48,46,10,26378497,262,1,496,13499,
722.301,5655.61,51.4687,7.48231,178.109,9.15024,164.308,1,6,-96,-8,9,44,43,10,26378497,262,1,496,13499,
723.279,5664.38,51.4686,7.48234,177.61,9.49273,163.176,1,6,-96,-8,9,44,43,10,26378497,262,1,496,13499,
724.302,5673.91,51.4685,7.48238,177.013,10.4091,162.813,1,22,-99,-7,11,41,39,10,26378497,262,1,496,13499,
725.296,5683.45,51.4684,7.48242,176.585,10.2631,162.695,1,22,-99,-7,11,41,39,10,26378497,262,1,496,13499,
726.256,5693.74,51.4683,7.48246,176.207,10.5079,164.328,1,1,-102,-9,10,38,39,10,26378497,262,1,496,13499,
727.278,5705.25,51.4682,7.4825,176.113,10.3009,165.391,1,1,-102,-9,10,38,39,10,26378497,262,1,496,13499,
728.298,5714.59,51.4681,7.48254,175.763,9.69052,164.134,1,1,-102,-9,10,38,39,10,26378497,262,1,496,13499,
729.296,5724.9,51.4681,7.48258,175.504,8.40371,165.84,1,12,-100,-7,12,40,38,21,28371200,262,1,68,13499,
730.285,5734.41,51.468,7.48261,174.659,8.21418,166.722,1,12,-100,-7,12,40,38,21,28371200,262,1,68,13499,
731.302,5742.76,51.4679,7.48263,173.961,7.35693,167.883,1,13,-99,-7,12,41,39,21,28371200,262,1,68,13499,
732.313,5752.11,51.4678,7.48265,173.751,6.7901,169.184,1,13,-99,-7,12,41,39,21,28371200,262,1,68,13499,
733.303,5759.57,51.4678,7.48267,174.003,5.89992,169.956,1,8,-100,-7,11,40,38,21,28371200,262,1,68,13499,
734.299,5759.57,51.4631,7.48297,nan,4.37927,170.749,1,8,-100,-7,11,40,38,21,28371200,262,1,68,13499,
735.31,5759.57,51.4677,7.48269,174.769,3.42831,171.148,1,5,-100,-8,7,40,39,21,28371200,262,1,68,13499,
736.279,5762.5,51.4676,7.4827,174.858,4.04984,170.347,1,5,-100,-8,7,40,39,21,28371200,262,1,68,13499,
737.294,5767.2,51.4676,7.48271,175.683,4.27381,171.224,1,11,-101,-8,11,39,39,21,28371200,262,1,68,13499,
738.306,5769.67,51.4676,7.48272,176.287,5.40163,171.09,1,11,-101,-8,11,39,39,21,28371200,262,1,68,13499,
739.283,5777.25,51.4675,7.48274,176.632,8.68411,171.615,1,5,-101,-7,11,39,37,21,28371200,262,1,68,13499,
740.282,5788.44,51.4674,7.48275,176.922,10.8328,173.185,1,5,-101,-7,11,39,37,21,28371200,262,1,68,13499,
741.298,5799.55,51.4673,7.48277,177.265,11.2371,174.954,1,13,-101,-8,13,39,39,21,28371200,262,1,68,13499,
742.297,5814.3,51.4672,7.48279,177.092,12.0236,176.566,1,13,-101,-8,13,39,39,21,28371200,262,1,68,13499,
743.289,5829.26,51.467,7.48279,177.132,13.6781,178.764,1,7,-104,-8,2,36,36,21,28371200,262,1,68,13499,
744.285,5843.85,51.4669,7.48278,177.076,14.1068,181.169,1,7,-104,-8,2,36,36,21,28371200,262,1,68,13499,
745.308,5860.13,51.4668,7.48276,177.225,14.3613,184.015,1,4,-104,-8,2,36,35,21,28371200,262,1,68,13499,
746.316,5875.59,51.4666,7.48272,177.478,14.5594,186.263,1,4,-104,-8,2,36,35,21,28371200,262,1,68,13499,
747.305,5888.31,51.4665,7.48267,177.458,14.8673,189.728,1,12,-104,-8,2,36,35,21,28371200,262,1,68,13499,
748.301,5902.21,51.4664,7.4826,177.038,14.3076,193.644,1,12,-104,-8,2,36,35,21,28371200,262,1,68,13499,
749.297,5917.31,51.4663,7.48254,176.28,13.1876,194.612,1,1,-100,-8,2,40,39,21,28371200,262,1,68,13499,
750.298,5931.43,51.4661,7.48246,175.999,13.8968,196.987,1,1,-100,-8,2,40,39,21,28371200,262,1,68,13499,
751.284,5947.45,51.466,7.48238,175.519,16.5989,196.163,1,-2,-100,-9,2,40,40,21,28371200,262,1,68,13499,
752.291,5963.79,51.4659,7.4823,173.948,16.7312,199.119,1,-2,-100,-9,2,40,40,21,28371200,262,1,68,13499,
753.298,5980.61,51.4657,7.4822,172.243,16.7312,197.555,1,-2,-100,-9,2,40,40,21,28371200,262,1,68,13499,
754.304,5980.61,51.4681,7.49235,nan,13.181,208.905,1,-1,-104,-9,2,36,37,21,30492930,262,1,176,13499,
755.286,5980.61,51.4655,7.48198,170.229,15.2453,206.929,1,-1,-104,-9,2,36,37,21,30492930,262,1,176,13499,
756.293,5994.56,51.4654,7.48186,169.959,14.1462,205.975,1,-2,-109,-9,2,31,31,21,30492930,262,1,176,13499,
757.284,6008.55,51.4653,7.48176,170.426,14.7681,205.15,1,-2,-109,-9,2,31,31,21,30492930,262,1,176,13499,
758.295,6022.48,51.4652,7.48166,170.229,14.9285,204.798,1,-1,-103,-10,2,37,38,21,28371200,262,1,68,13499,
759.299,6036.09,51.4651,7.48157,170.708,14.3957,204.275,1,-1,-103,-10,2,37,38,21,28371200,262,1,68,13499,
760.297,6049.78,51.465,7.48148,170.98,13.6295,203.353,1,3,-103,-10,2,37,39,21,28371200,262,1,68,13499,
761.295,6063.25,51.4649,7.48141,171.96,14.7485,201.955,1,3,-103,-10,2,37,39,21,28371200,262,1,68,13499,
762.283,6077.86,51.4647,7.48134,172.877,14.9799,200.648,1,4,-104,-10,2,36,37,21,26378497,262,1,496,13499,
763.298,6093.33,51.4646,7.48128,173.727,14.8908,199.619,1,4,-104,-10,2,36,37,21,26378497,262,1,496,13499,
764.297,6108.3,51.4645,7.48121,174.265,14.9645,199.094,1,3,-103,-9,2,37,37,21,26378497,262,1,496,13499,
765.279,6122.71,51.4643,7.48115,174.389,14.9422,198.447,1,3,-103,-9,2,37,37,21,26378497,262,1,496,13499,
766.293,6138.03,51.4642,7.48109,174.691,14.4968,197.824,1,7,-107,-9,2,33,34,21,28371200,262,1,68,13499,
767.312,6154.02,51.4641,7.48102,174.96,14.6752,197.529,1,7,-107,-9,2,33,34,21,28371200,262,1,68,13499,
768.3,6168.94,51.4639,7.48097,175.363,14.461,196.935,1,7,-106,-9,2,34,34,21,28371200,262,1,68,13499,
769.294,6184.13,51.4638,7.48091,175.643,14.6329,196.581,1,7,-106,-9,2,34,34,21,28371200,262,1,68,13499,
770.289,6199.94,51.4637,7.48084,175.793,14.8139,196.101,1,-2,-107,-8,2,33,33,21,28371200,262,1,68,13499,
771.297,6215.26,51.4635,7.48079,175.44,14.8279,195.906,1,-2,-107,-8,2,33,33,21,28371200,262,1,68,13499,
772.294,6229.41,51.4634,7.48073,175.309,14.5037,196.882,1,1,-108,-8,2,32,32,21,28371200,262,1,68,13499,
773.289,6243.59,51.4633,7.48068,175.274,14.6043,196.973,1,1,-108,-8,2,32,32,21,28371200,262,1,68,13499,
774.279,6243.59,51.4631,7.48297,nan,14.7203,196.608,1,1,-108,-8,2,32,32,21,28371200,262,1,68,13499,
775.295,6243.59,51.463,7.48057,175.514,14.4377,195.901,1,-1,-111,-9,2,29,30,21,28371200,262,1,68,13499,
776.29,6256.81,51.4629,7.48051,175.795,13.8486,195.155,1,-1,-111,-9,2,29,30,21,28371200,262,1,68,13499,
777.293,6268.78,51.4628,7.48047,176.124,11.7955,195.658,1,4,-113,-11,2,27,29,21,28371200,262,1,68,13499,
778.298,6280.58,51.4627,7.48043,176.466,10.2513,195.682,1,4,-113,-11,2,27,29,21,28371200,262,1,68,13499,
779.285,6290.39,51.4626,7.4804,177.037,8.69493,195.104,1,-1,-112,-11,2,28,30,21,28371200,262,1,68,13499,
780.299,6299.22,51.4626,7.48036,177.781,8.25293,195.031,1,-1,-112,-11,2,28,30,21,28371200,262,1,68,13499,
781.301,6308.75,51.4625,7.48032,178.542,7.82464,195.886,1,-1,-110,-11,2,30,32,21,28371200,262,1,68,13499,
782.294,6316.32,51.4624,7.4803,178.793,7.24884,196.878,1,-1,-110,-11,2,30,32,21,28371200,262,1,68,13499,
783.29,6322.06,51.4624,7.48028,178.702,6.14545,196.606,1,0,-110,-10,2,30,32,21,28371200,262,1,68,13499,
784.284,6326.76,51.4623,7.48026,178.668,5.13986,196.834,1,0,-110,-10,2,30,32,21,28371200,262,1,68,13499,
785.296,6328.98,51.4623,7.48025,178.637,2.83374,196.197,1,-1,-112,-10,2,28,30,21,28371200,262,1,68,13499,
786.282,6328.98,51.4623,7.48025,178.631,0,196.197,1,-1,-112,-10,2,28,30,21,28371200,262,1,68,13499,
787.292,6328.98,51.4623,7.48025,178.62,0,196.197,1,1,-113,-11,2,27,29,21,28371200,262,1,68,13499,
788.294,6328.98,51.4623,7.48025,178.607,0,196.197,1,1,-113,-11,2,27,29,21,28371200,262,1,68,13499,
789.284,6328.98,51.4623,7.48025,178.592,0,196.197,1,0,-114,-12,2,26,29,21,28371200,262,1,68,13499,
790.285,6328.98,51.4623,7.48025,178.58,0,196.197,1,0,-114,-12,2,26,29,21,28371200,262,1,68,13499,
791.31,6328.98,51.4623,7.48025,178.57,0,196.197,1,2,-114,-12,2,26,29,21,28371200,262,1,68,13499,
792.312,6328.98,51.4623,7.48025,178.563,0,196.197,1,2,-114,-12,2,26,29,21,28371200,262,1,68,13499,
793.292,6328.98,51.4623,7.48025,178.557,0,196.197,1,2,-114,-11,2,26,28,21,28371200,262,1,68,13499,
794.291,6328.98,51.4631,7.48297,nan,0,196.197,1,2,-114,-11,2,26,28,21,28371200,262,1,68,13499,
795.304,6328.98,51.4623,7.48025,178.551,0,196.197,1,2,-114,-11,2,26,28,21,28371200,262,1,68,13499,
796.311,6328.98,51.4623,7.48025,178.552,0,196.197,1,2,-114,-11,2,26,28,21,28371200,262,1,68,13499,
797.293,6328.98,51.4623,7.48025,178.567,0,196.197,1,1,-114,-10,2,26,28,21,28371200,262,1,68,13499,
798.298,6328.98,51.4623,7.48025,178.578,0,202.052,1,1,-114,-10,2,26,28,21,28371200,262,1,68,13499,
799.301,6339.22,51.4622,7.48019,178.265,0,200.895,1,0,-114,-10,2,26,28,21,28371200,262,1,68,13499,
800.293,6344.72,51.4622,7.48017,177.959,5.3377,199.908,1,0,-114,-10,2,26,28,21,28371200,262,1,68,13499,
801.285,6348.19,51.4621,7.48016,177.902,2.38968,198.654,1,3,-114,-10,2,26,28,21,28371200,262,1,68,13499,
802.279,6349.24,51.4621,7.48016,177.869,0.434028,198.654,1,3,-114,-10,2,26,28,21,28371200,262,1,68,13499,
803.29,6349.24,51.4621,7.48016,177.868,0,198.654,1,3,-114,-10,2,26,28,21,28371200,262,1,68,13499,
804.295,6349.24,51.4621,7.48016,177.867,0,198.654,1,1,-115,-12,2,25,29,21,28371200,262,1,68,13499,
805.301,6349.24,51.4621,7.48016,177.868,0,198.654,1,1,-115,-12,2,25,29,21,28371200,262,1,68,13499,
806.294,6349.24,51.4621,7.48016,177.87,0,198.654,1,1,-115,-12,2,25,29,21,28371200,262,1,68,13499,
807.284,6349.24,51.4621,7.48016,177.876,0,198.654,1,1,-115,-12,2,25,29,21,28371200,262,1,68,13499,
808.309,6349.24,51.4621,7.48016,177.881,0,198.654,1,1,-115,-12,2,25,28,21,28371200,262,1,68,13499,
809.319,6349.24,51.4621,7.48016,177.885,0,198.654,1,1,-115,-12,2,25,28,21,28371200,262,1,68,13499,
810.294,6349.24,51.4621,7.48016,177.889,0,198.654,1,1,-115,-12,2,25,28,21,28371200,262,1,68,13499,
811.302,6349.24,51.4621,7.48016,177.894,0,198.654,1,1,-115,-12,2,25,28,21,28371200,262,1,68,13499,
812.307,6349.24,51.4621,7.48016,177.899,0,198.654,1,1,-115,-12,2,25,28,21,28371200,262,1,68,13499,
813.292,6349.24,51.4621,7.48016,177.904,0,198.654,1,1,-115,-12,2,25,28,21,28371200,262,1,68,13499,
814.3,6349.24,51.4631,7.48297,nan,0,198.654,1,3,-115,-11,2,25,28,21,28371200,262,1,68,13499,
815.31,6349.24,51.4621,7.48016,177.913,0,198.654,1,3,-115,-11,2,25,28,21,28371200,262,1,68,13499,
816.297,6349.24,51.4621,7.48016,177.922,0,198.654,1,1,-115,-12,2,25,28,21,28371200,262,1,68,13499,
817.288,6349.24,51.4621,7.48016,177.931,0,198.654,1,1,-115,-12,2,25,28,21,28371200,262,1,68,13499,
818.285,6349.24,51.4621,7.48016,177.941,0,198.654,1,1,-115,-13,2,25,29,21,28371200,262,1,68,13499,
819.302,6349.24,51.4621,7.48016,177.951,0,198.654,1,1,-115,-13,2,25,29,21,28371200,262,1,68,13499,
820.281,6349.24,51.4621,7.48016,177.961,0,198.654,1,0,-115,-13,2,25,29,21,28371200,262,1,68,13499,
821.289,6349.24,51.4621,7.48016,178.07,0,198.654,1,0,-115,-13,2,25,29,21,28371200,262,1,68,13499,
822.299,6349.24,51.4621,7.48016,178.188,0,198.654,1,0,-116,-13,2,24,28,21,28371200,262,1,68,13499,
823.301,6349.24,51.4621,7.48016,178.31,0,160.255,1,0,-116,-13,2,24,28,21,28371200,262,1,68,13499,
824.289,6349.24,51.4621,7.48016,179.78,0,122.679,1,1,-115,-12,2,25,28,21,28371200,262,1,68,13499,
825.29,6364.14,51.4621,7.48035,180.48,7.97147,89.7503,1,1,-115,-12,2,25,28,21,28371200,262,1,68,13499,
826.303,6374.05,51.4621,7.48049,181.055,9.00638,90.2645,1,1,-115,-12,2,25,28,21,28371200,262,1,68,13499,
827.302,6384.65,51.4621,7.48064,181.358,10.1143,89.855,1,1,-115,-12,2,25,28,21,28371200,262,1,68,13499,
828.28,6394.13,51.4621,7.48078,181.36,11.1923,90.6537,1,-6,-116,-12,2,24,28,21,28371200,262,1,68,13499,
829.303,6405.57,51.4621,7.48094,181.176,12.0125,90.8106,1,-6,-116,-12,2,24,28,21,28371200,262,1,68,13499,
830.287,6417.94,51.462,7.48112,181.008,12.9155,91.2668,1,-6,-116,-12,2,24,28,21,28371200,262,1,68,13499,
831.284,6430.76,51.462,7.48131,181.025,13.6025,91.134,1,0,-118,-13,2,22,27,21,28371200,262,1,68,13499,
832.293,6445.36,51.462,7.48152,180.793,14.1421,90.7607,1,0,-118,-13,2,22,27,21,28371200,262,1,68,13499,
833.304,6458.73,51.462,7.48171,180.583,14.505,89.9184,1,-8,-119,-14,2,21,26,21,28371200,262,1,68,13499,
834.288,6458.73,51.4631,7.48297,nan,14.7355,90.3246,1,-8,-119,-14,2,21,26,21,28371200,262,1,68,13499,
835.307,6458.73,51.462,7.48215,180.216,14.894,90.9353,1,-4,-119,-14,2,21,26,21,28371200,262,1,68,13499,
836.305,6473.79,51.462,7.48237,180.193,14.88,91.4434,1,-4,-119,-14,2,21,26,21,28371200,262,1,68,13499,
837.285,6488.84,51.462,7.48259,180.161,15.0462,91.1018,1,-10,-117,-15,2,23,30,21,28368898,262,1,56,13499,
838.485,6503.58,51.462,7.4828,180.342,14.7125,90.7641,1,-10,-117,-15,2,23,30,21,28368898,262,1,56,13499,
839.284,6518.57,51.462,7.48302,180.127,14.7152,90.4804,1,5,-110,-10,2,30,32,21,26378497,262,1,496,13499,
840.298,6533.35,51.462,7.48323,180.121,14.5709,90.1013,1,5,-110,-10,2,30,32,21,26378497,262,1,496,13499,
841.289,6545.43,51.462,7.48341,180.215,13.7652,89.3098,1,6,-100,-7,6,40,37,19,26378497,262,1,496,13499,
842.316,6558.64,51.462,7.4836,179.704,14.1865,88.3805,1,6,-100,-7,6,40,37,19,26378497,262,1,496,13499,
843.293,6572.84,51.462,7.4838,179.772,13.3856,87.0632,1,2,-118,-12,5,22,25,19,26378497,262,1,496,13499,
844.291,6582.24,51.462,7.48394,179.996,8.71569,90.2595,1,2,-118,-12,5,22,25,19,26378497,262,1,496,13499,
845.298,6589.97,51.462,7.48404,180.206,6.79559,118.035,1,-1,-106,-9,6,34,34,12,28371200,262,1,68,13499,
846.31,6597.45,51.4619,7.4841,181.215,8.15596,141.45,1,-1,-106,-9,6,34,34,12,28371200,262,1,68,13499,
847.296,6606.43,51.4619,7.48418,181.441,8.20403,157.368,1,11,-95,-5,12,45,42,12,28371200,262,1,68,13499,
848.289,6616.75,51.4618,7.48425,181.823,9.41549,159.379,1,11,-95,-5,12,45,42,12,28371200,262,1,68,13499,
849.308,6627.09,51.4617,7.4843,182.445,10.1939,160.485,1,8,-97,-6,8,43,40,12,28371200,262,1,68,13499,
850.326,6638.5,51.4616,7.48434,183.215,10.8136,162.82,1,8,-97,-6,8,43,40,12,28371200,262,1,68,13499,
851.297,6650.27,51.4615,7.48439,184.32,12.3401,165.014,1,7,-97,-7,11,43,42,12,28371200,262,1,68,13499,
852.308,6663.86,51.4614,7.48443,185.222,13.1888,167.411,1,7,-97,-7,11,43,42,12,28371200,262,1,68,13499,
853.324,6679.41,51.4612,7.48448,185.758,14.0154,168.801,1,3,-95,-7,8,45,43,12,28371200,262,1,68,13499,
854.296,6679.41,51.4631,7.48297,nan,14.487,170.339,1,3,-95,-7,8,45,43,12,28371200,262,1,68,13499,
855.297,6679.41,51.461,7.48454,187.28,15.0002,171.648,1,5,-97,-8,9,43,42,12,28371200,262,1,68,13499,
856.299,6693.68,51.4609,7.48455,188.165,14.1355,173.985,1,5,-97,-8,9,43,42,12,28371200,262,1,68,13499,
857.299,6709,51.4607,7.48456,189.054,15.4087,175.375,1,3,-95,-8,5,45,44,12,28371200,262,1,68,13499,
858.315,6726.12,51.4606,7.48456,189.674,15.5494,177.081,1,3,-95,-8,5,45,44,12,28371200,262,1,68,13499,
859.29,6742.95,51.4604,7.48456,190.854,16.1421,179.074,1,2,-102,-10,8,38,40,12,28371200,262,1,68,13499,
860.297,6760.57,51.4603,7.48455,192.213,16.3162,181.734,1,2,-102,-10,8,38,40,12,28371200,262,1,68,13499,
861.294,6777.73,51.4601,7.48453,193.625,15.9926,183.37,1,2,-102,-10,8,38,40,12,28371200,262,1,68,13499,
862.285,6796.61,51.4599,7.48449,194.886,16.11,184.76,1,3,-104,-11,8,36,38,12,28371200,262,1,68,13499,
863.278,6812.33,51.4598,7.48446,196.043,15.772,186.638,1,3,-104,-11,8,36,38,12,28371200,262,1,68,13499,
864.29,6829.23,51.4596,7.48442,196.992,15.6971,187.982,1,-2,-108,-11,4,32,35,12,28371200,262,1,68,13499,
865.287,6846.32,51.4595,7.48437,197.92,15.5335,188.975,1,-2,-108,-11,4,32,35,12,28371200,262,1,68,13499,
866.289,6860.7,51.4594,7.48431,198.63,14.9735,189.795,1,-3,-110,-12,6,30,33,12,28371200,262,1,68,13499,
867.295,6875.59,51.4592,7.48427,199.37,14.8862,190.682,1,-3,-110,-12,6,30,33,12,28371200,262,1,68,13499,
868.281,6891.87,51.4591,7.48422,199.554,15.3022,190.899,1,0,-105,-10,7,35,36,12,28371200,262,1,68,13499,
869.297,6907.04,51.459,7.48417,199.767,15.3631,190.926,1,0,-105,-10,7,35,36,12,28371200,262,1,68,13499,
870.283,6922.71,51.4588,7.48412,200.259,15.2049,191.308,1,1,-106,-11,4,34,36,12,28371200,262,1,68,13499,
871.29,6937.18,51.4587,7.48407,200.822,14.6635,192.222,1,1,-106,-11,4,34,36,12,28371200,262,1,68,13499,
872.306,6950.64,51.4586,7.48402,201.114,13.1258,193.477,1,2,-104,-10,2,36,37,12,28371200,262,1,68,13499,
873.292,6965.25,51.4584,7.48397,201.801,14.6217,192.663,1,2,-104,-10,2,36,37,12,28371200,262,1,68,13499,
874.306,6965.25,51.4631,7.48297,nan,14.4562,192.181,1,2,-105,-9,2,35,36,12,28371200,262,1,68,13499,
875.301,6965.25,51.4582,7.48388,203.451,13.3793,192.215,1,2,-105,-9,2,35,36,12,28371200,262,1,68,13499,
876.285,6978.73,51.4581,7.48385,204.12,12.5628,191.374,1,10,-103,-9,2,37,38,12,28371200,262,1,68,13499,
877.306,6991.06,51.458,7.48381,204.883,12.9438,190.844,1,10,-103,-9,2,37,38,12,28371200,262,1,68,13499,
878.288,7003.52,51.4578,7.48378,205.722,13.3379,190.698,1,7,-100,-9,2,40,41,12,28371200,262,1,68,13499,
879.297,7017.25,51.4577,7.48374,206.542,13.4184,191.486,1,7,-100,-9,2,40,41,12,28371200,262,1,68,13499,
880.297,7031.12,51.4576,7.48369,207.431,13.9785,192.058,1,13,-98,-9,2,42,42,12,28371200,262,1,68,13499,
881.309,7045.74,51.4575,7.48365,208.285,14.2076,192.775,1,13,-98,-9,2,42,42,12,28371200,262,1,68,13499,
882.31,7061.53,51.4573,7.48359,208.967,15.4453,191.969,1,10,-97,-8,2,43,42,12,28371200,262,1,68,13499,
883.288,7076.88,51.4572,7.48355,209.728,15.1259,191.329,1,10,-97,-8,2,43,42,12,28371200,262,1,68,13499,
884.309,7092.65,51.4571,7.48351,210.308,14.9835,190.568,1,14,-96,-8,2,44,44,12,28371200,262,1,68,13499,
885.306,7108.28,51.4569,7.48348,210.444,14.985,190.397,1,14,-96,-8,2,44,44,12,28371200,262,1,68,13499,
886.295,7122.61,51.4568,7.48343,210.914,14.6989,190.502,1,13,-96,-9,2,44,44,12,28371200,262,1,68,13499,
887.283,7138.37,51.4567,7.48339,211.504,14.6107,189.642,1,13,-96,-9,2,44,44,12,28371200,262,1,68,13499,
888.296,7152.98,51.4565,7.48336,212.202,14.3527,189.308,1,13,-96,-9,2,44,44,12,28371200,262,1,68,13499,
889.297,7166.47,51.4564,7.48333,213.538,14.2791,188.615,1,7,-94,-8,2,46,46,12,28371200,262,1,68,13499,
890.296,7180.21,51.4563,7.4833,214.876,14.2511,187.69,1,7,-94,-8,2,46,46,12,28371200,262,1,68,13499,
891.334,7194.58,51.4562,7.48328,215.978,14.2986,187.204,1,11,-93,-8,2,47,47,12,28371200,262,1,68,13499,
892.289,7208.72,51.456,7.48326,216.822,14.1498,186.163,1,11,-93,-8,2,47,47,12,28371200,262,1,68,13499,
893.297,7223.58,51.4559,7.48325,217.705,14.8358,184.311,1,13,-92,-7,2,48,46,12,28371202,262,1,67,13499,
894.279,7223.58,51.4535,7.48418,nan,15.0525,183.077,1,13,-92,-7,2,48,46,12,28371202,262,1,67,13499,
895.298,7223.58,51.4556,7.48324,219.179,15.1595,181.663,1,15,-91,-7,2,49,47,12,28371202,262,1,67,13499,
896.279,7239.42,51.4555,7.48325,219.848,15.6498,179.997,1,15,-91,-7,2,49,47,12,28371202,262,1,67,13499,
897.285,7254.83,51.4554,7.48327,220.199,14.601,178.006,1,14,-90,-7,2,50,47,12,28371202,262,1,67,13499,
898.301,7269.36,51.4552,7.48328,220.651,14.5947,176.234,1,14,-90,-7,2,50,47,12,28371202,262,1,67,13499,
899.294,7283.39,51.4551,7.48332,220.989,14.4762,173.079,1,16,-92,-7,2,48,46,12,28371202,262,1,67,13499,
900.305,7296.67,51.455,7.48336,221.375,14.5747,171.109,1,16,-92,-7,2,48,46,12,28371202,262,1,67,13499,
901.288,7311.98,51.4548,7.48341,221.465,15.017,168.762,1,19,-91,-7,2,49,47,12,28371202,262,1,67,13499,
902.3,7327.29,51.4547,7.48348,221.533,15.3898,166.183,1,19,-91,-7,2,49,47,12,28371202,262,1,67,13499,
903.302,7342.94,51.4546,7.48356,221.508,15.3875,163.424,1,19,-89,-6,2,51,49,12,28371202,262,1,67,13499,
904.297,7359.51,51.4544,7.48365,221.703,15.963,160.629,1,19,-89,-6,2,51,49,12,28371202,262,1,67,13499,
905.279,7376.48,51.4543,7.48376,222.174,15.68,157.773,1,10,-93,-6,2,47,45,12,28371202,262,1,67,13499,
906.295,7394.44,51.4542,7.48388,222.731,15.5772,155.032,1,10,-93,-6,2,47,45,12,28371202,262,1,67,13499,
907.302,7411.55,51.454,7.48401,223.311,15.3026,151.873,1,10,-93,-6,2,47,45,12,28371202,262,1,67,13499,
908.289,7428.44,51.4539,7.48415,223.881,15.6839,149.244,1,11,-97,-7,2,43,42,12,28371202,262,1,67,13499,
909.295,7443.91,51.4538,7.48429,224.736,15.7349,146.599,1,11,-97,-7,2,43,42,12,28371202,262,1,67,13499,
910.306,7458.54,51.4537,7.48443,225.32,14.2637,144.242,1,10,-97,-7,2,43,42,12,28371202,262,1,67,13499,
911.288,7473,51.4536,7.48456,226.464,12.6527,142.123,1,10,-97,-7,2,43,42,12,28371202,262,1,67,13499,
912.286,7487.92,51.4535,7.4847,227.663,13.336,140.217,1,17,-94,-6,2,46,44,12,28371202,262,1,67,13499,
913.287,7501.62,51.4534,7.48485,229.41,15.1235,137.922,1,17,-94,-6,2,46,44,12,28371202,262,1,67,13499,
914.302,7501.62,51.4535,7.48418,nan,15.6946,137.171,1,18,-91,-6,2,49,47,12,28371202,262,1,67,13499,
915.307,7501.62,51.4532,7.48517,230.794,15.5638,135.931,1,18,-91,-6,2,49,47,12,28371202,262,1,67,13499,
916.295,7518.04,51.4531,7.48534,231.004,16.3091,135.335,1,20,-83,-5,13,57,55,4,28371202,262,1,67,13499,
917.299,7534.88,51.453,7.48553,231.339,15.8673,134.247,1,20,-83,-5,13,57,55,4,28371202,262,1,67,13499,
918.297,7550.42,51.453,7.48571,231.892,15.3507,134.695,1,19,-83,-5,12,57,53,4,28371202,262,1,67,13499,
919.302,7566.47,51.4529,7.48588,232.307,16.013,135.483,1,19,-83,-5,12,57,53,4,28371202,262,1,67,13499,
920.3,7582.92,51.4528,7.48607,232.552,15.9471,136.307,1,20,-84,-6,12,56,53,4,28371202,262,1,67,13499,
921.282,7600.1,51.4527,7.48624,232.811,15.3128,137.207,1,20,-84,-6,12,56,53,4,28371202,262,1,67,13499,
922.301,7615,51.4526,7.4864,233.612,14.3278,138.266,1,16,-82,-5,14,58,56,4,28371202,262,1,67,13499,
923.279,7629.09,51.4525,7.48654,234.855,14.2149,140.167,1,16,-82,-5,14,58,56,4,28371202,262,1,67,13499,
924.305,7642.62,51.4524,7.48667,236.207,13.6342,141.227,1,14,-83,-7,14,57,56,4,28371202,262,1,67,13499,
925.299,7656.15,51.4523,7.48679,237.709,13.8202,143.3,1,14,-83,-7,14,57,56,4,28371202,262,1,67,13499,
926.309,7669.29,51.4522,7.4869,239.46,13.6708,144.961,1,14,-83,-7,14,57,56,4,28371202,262,1,67,13499,
927.302,7682.46,51.4521,7.487,241.227,13.6171,146.626,1,25,-87,-5,13,53,50,4,28371202,262,1,67,13499,
928.297,7695.11,51.452,7.4871,242.527,13.1993,147.461,1,25,-87,-5,13,53,50,4,28371202,262,1,67,13499,
929.283,7707.61,51.4519,7.48719,244.092,12.9382,149.483,1,9,-87,-6,9,53,50,4,28371202,262,1,67,13499,
930.306,7720.21,51.4518,7.48727,245.455,12.1402,151.813,1,9,-87,-6,9,53,50,4,28371202,262,1,67,13499,
931.437,7732.04,51.4517,7.48734,246.102,12.1997,154.331,1,10,-86,-6,2,54,50,4,28371202,262,1,67,13499,
932.29,7742.98,51.4516,7.4874,246.856,11.5615,154.995,1,10,-86,-6,2,54,50,4,28371202,262,1,67,13499,
933.287,7756.65,51.4515,7.48748,247.757,12.0112,156.184,1,9,-87,-7,9,53,52,5,28371202,262,1,67,13499,
934.313,7756.65,51.4535,7.48418,nan,10.5414,156.88,1,9,-87,-7,9,53,52,5,28371202,262,1,67,13499,
935.289,7756.65,51.4513,7.48761,249.16,11.1309,157.231,1,11,-92,-7,9,48,47,5,28371202,262,1,67,13499,
936.298,7768.89,51.4512,7.48767,250.088,12.36,158.104,1,11,-92,-7,9,48,47,5,28371202,262,1,67,13499,
937.291,7782.76,51.4511,7.48775,250.814,12.7013,157.948,1,9,-96,-8,12,44,44,5,28371202,262,1,67,13499,
938.297,7796.01,51.451,7.48782,251.505,13.3426,158.539,1,9,-96,-8,12,44,44,5,28371202,262,1,67,13499,
939.288,7809.74,51.4508,7.48788,252.399,13.4915,158.886,1,2,-97,-9,7,43,43,5,28371202,262,1,67,13499,
