0.091,0,51.4904,7.41325,163.174,13.3574,78.197,1,22,-91,-6,10,49,48,7,26385408,262,1,95,13499,
1.384,13.0816,51.4904,7.41344,162.468,13.0958,77.8226,1,22,-91,-6,10,49,48,7,26385408,262,1,95,13499,
2.417,26.302,51.4905,7.41362,161.926,13.2125,78.7151,1,30,-87,-6,14,53,51,7,26385408,262,1,95,13499,
3.483,39.7887,51.4905,7.41382,161.517,13.5703,78.2993,1,30,-87,-6,14,53,51,7,26385408,262,1,95,13499,
4.508,53.3097,51.4905,7.41401,161.12,13.656,78.0591,1,20,-85,-6,10,55,53,7,26385408,262,1,95,13499,
5.477,66.8938,51.4905,7.4142,160.505,14.229,77.9509,1,20,-85,-6,10,55,53,7,26385408,262,1,95,13499,
6.49,81.1508,51.4906,7.4144,160.06,14.1949,77.9821,1,18,-83,-6,2,57,54,7,26385408,262,1,95,13499,
7.445,95.7746,51.4906,7.41461,160.016,13.852,78.4548,1,18,-83,-6,2,57,54,7,26385408,262,1,95,13499,
8.448,109.336,51.4906,7.4148,159.971,13.2989,79.6333,1,7,-84,-6,2,56,54,7,26385408,262,1,95,13499,
9.482,122.701,51.4906,7.41499,159.732,13.3229,80.6799,1,7,-84,-6,2,56,54,7,26385408,262,1,95,13499,
10.485,136.382,51.4906,7.41519,159.595,13.062,81.4729,1,12,-84,-6,2,56,54,7,26385408,262,1,95,13499,
11.447,149.568,51.4907,7.41537,159.297,12.141,82.5278,1,12,-84,-6,2,56,54,7,26385408,262,1,95,13499,
12.479,159.53,51.4907,7.41552,158.72,11.1301,84.2556,1,12,-84,-6,2,56,54,7,26385408,262,1,95,13499,
13.498,169.797,51.4907,7.41567,158.142,10.1393,86.0289,1,8,-86,-7,2,54,52,7,26385408,262,1,95,13499,
14.484,179.352,51.4907,7.4158,157.714,9.11704,87.8886,1,8,-86,-7,2,54,52,7,26385408,262,1,95,13499,
15.484,187.901,51.4907,7.41593,157.209,8.36655,89.5756,1,8,-85,-8,2,55,53,7,29391105,262,1,351,13499,
16.485,196.243,51.4907,7.41605,156.981,7.63526,91.1595,1,8,-85,-8,2,55,53,7,29391105,262,1,351,13499,
17.578,203.705,51.4907,7.41616,157.06,6.66211,92.9984,1,24,-83,-7,2,57,54,7,29391105,262,1,351,13499,
18.447,209.925,51.4907,7.41625,157.394,5.87729,94.9047,1,24,-83,-7,2,57,54,7,29391105,262,1,351,13499,
19.452,215.095,51.4907,7.41632,157.846,5.14534,97.6432,1,24,-82,-6,14,58,55,4,29391105,262,1,351,13499,
20.447,219.651,51.4907,7.41638,157.893,3.91714,99.0367,1,24,-82,-6,14,58,55,4,29391105,262,1,351,13499,
21.448,224.21,51.4907,7.41645,157.972,2.45469,99.709,1,25,-81,-7,13,59,57,4,29391105,262,1,351,13499,
22.493,225.079,51.4907,7.41646,158.043,0.89236,99.709,1,25,-81,-7,13,59,57,4,29391105,262,1,351,13499,
23.486,225.079,51.4907,7.41646,158.053,0,99.709,1,24,-80,-5,14,60,57,4,29391105,262,1,351,13499,
24.512,225.079,51.4907,7.41646,158.066,0,99.709,1,24,-80,-5,14,60,57,4,29391105,262,1,351,13499,
25.49,225.079,51.4907,7.41646,158.084,0,99.709,1,23,-83,-7,11,57,55,4,29391105,262,1,351,13499,
26.543,225.079,51.4907,7.41646,158.104,0,99.709,1,23,-83,-7,11,57,55,4,29391105,262,1,351,13499,
27.486,225.079,51.4907,7.41646,158.124,0,99.709,1,25,-83,-6,13,57,55,4,29391105,262,1,351,13499,
28.484,225.079,51.4907,7.41646,158.144,0,99.709,1,25,-83,-6,13,57,55,4,29391105,262,1,351,13499,
29.486,225.079,51.4907,7.41646,158.163,0,99.709,1,26,-82,-7,14,58,56,4,29391105,262,1,351,13499,
30.496,225.079,51.4907,7.41646,158.182,0,99.709,1,26,-82,-7,14,58,56,4,29391105,262,1,351,13499,
31.47,225.079,51.4907,7.41646,158.203,0,99.709,1,25,-82,-6,14,58,55,4,29391105,262,1,351,13499,
32.499,225.079,51.4907,7.41646,158.224,0,99.709,1,25,-82,-6,14,58,55,4,29391105,262,1,351,13499,
33.485,225.079,51.4907,7.41646,158.246,0,99.709,1,25,-82,-6,14,58,55,4,29391105,262,1,351,13499,
34.485,225.079,51.4907,7.41646,158.468,0,99.709,1,20,-84,-6,13,56,52,4,29391105,262,1,351,13499,
35.502,225.079,51.4907,7.41646,158.656,0,103.926,1,20,-84,-6,13,56,52,4,29391105,262,1,351,13499,
36.494,233.139,51.4906,7.41658,159.852,0,104.59,1,24,-83,-6,13,57,54,4,29391105,262,1,351,13499,
37.491,238.426,51.4906,7.41665,160.552,5.28281,106.847,1,24,-83,-6,13,57,54,4,29391105,262,1,351,13499,
38.505,243.22,51.4906,7.41671,161.108,5.29891,107.833,1,23,-82,-6,11,58,55,4,29391105,262,1,351,13499,
39.484,249.691,51.4906,7.4168,161.604,5.24966,108.246,1,23,-82,-6,11,58,55,4,29391105,262,1,351,13499,
40.49,255.595,51.4906,7.41689,162.099,4.63225,107.007,1,24,-80,-5,14,60,56,4,29391105,262,1,351,13499,
41.509,260.144,51.4906,7.41695,162.203,3.3837,105.708,1,24,-80,-5,14,60,56,4,29391105,262,1,351,13499,
42.483,262.837,51.4906,7.41699,162.335,3.32708,104.175,1,32,-74,-4,14,66,63,4,29391105,262,1,351,13499,
43.486,266.02,51.4906,7.41703,162.483,3.29502,101.123,1,32,-74,-4,14,66,63,4,29391105,262,1,351,13499,
44.496,268.697,51.4906,7.41707,162.547,3.44696,98.6313,1,22,-80,-5,13,60,54,4,29391105,262,1,351,13499,
45.48,271.867,51.4906,7.41711,162.506,3.99071,70.6634,1,22,-80,-5,13,60,54,4,29391105,262,1,351,13499,
46.479,275.067,51.4906,7.41716,162.46,3.82729,53.6418,1,22,-85,-6,2,55,53,4,29391105,262,1,351,13499,
47.473,279.435,51.4906,7.41719,161.563,4.56868,27.9195,1,22,-85,-6,2,55,53,4,29391105,262,1,351,13499,
48.549,285.559,51.4907,7.4172,160.567,5.64125,4.22657,1,19,-84,-5,2,56,52,4,29391105,262,1,351,13499,
49.484,291.745,51.4907,7.4172,159.684,6.64935,0.469383,1,19,-84,-5,2,56,52,4,29391105,262,1,351,13499,
50.498,297.233,51.4908,7.41719,158.959,6.62431,357.04,1,15,-92,-7,10,48,46,6,29391105,262,1,351,13499,
51.477,303.024,51.4908,7.41718,158.982,6.60522,356.415,1,15,-92,-7,10,48,46,6,29391105,262,1,351,13499,
52.485,308.189,51.4909,7.4172,158.718,5.34114,17.8829,1,26,-92,-7,15,48,46,6,29391105,262,1,351,13499,
53.508,313.048,51.4909,7.41725,158.229,5.16359,58.6937,1,26,-92,-7,15,48,46,6,29391105,262,1,351,13499,
54.472,318.539,51.4909,7.41733,157.346,5.67207,80.1841,1,10,-91,-8,12,49,47,6,29391105,262,1,351,13499,
55.476,325.154,51.4909,7.41742,156.456,7.98481,84.1689,1,10,-91,-8,12,49,47,6,29391105,262,1,351,13499,
56.477,334.21,51.4909,7.41755,155.726,9.24341,87.0145,1,22,-98,-8,7,42,41,6,29391105,262,1,351,13499,
57.478,343.86,51.4909,7.41769,155.053,10.3439,88.8451,1,22,-98,-8,7,42,41,6,29391105,262,1,351,13499,
58.49,354.123,51.4909,7.41784,154.608,10.4999,90.4375,1,22,-98,-8,7,42,41,6,29391105,262,1,351,13499,
59.485,364.945,51.4909,7.418,154.372,10.5445,92.2246,1,17,-94,-7,10,46,44,6,29391105,262,1,351,13499,
60.492,375.651,51.4909,7.41815,154.391,10.6369,94.3425,1,17,-94,-7,10,46,44,6,29391105,262,1,351,13499,
61.483,386.154,51.4909,7.4183,154.106,10.7192,97.1614,1,29,-92,-6,11,48,46,6,29391105,262,1,351,13499,
62.494,396.962,51.4909,7.41845,153.665,10.6781,110.805,1,29,-92,-6,11,48,46,6,29391105,262,1,351,13499,
63.484,408.011,51.4908,7.41859,152.9,10.7092,113.159,1,20,-93,-7,12,47,44,6,29391105,262,1,351,13499,
64.489,418.839,51.4908,7.41872,152.135,10.5597,128.143,1,20,-93,-7,12,47,44,6,29391105,262,1,351,13499,
65.484,429.296,51.4907,7.41883,151.52,11.1668,130.238,1,25,-99,-8,11,41,39,6,29391105,262,1,351,13499,
66.5,440.534,51.4906,7.41894,151.175,11.3736,132.382,1,25,-99,-8,11,41,39,6,29391105,262,1,351,13499,
67.482,452.022,51.4906,7.41905,151.064,10.8759,133.977,1,13,-97,-6,6,43,40,14,28365056,262,1,222,13499,
68.492,465.429,51.4905,7.41919,150.616,10.7357,134.752,1,13,-97,-6,6,43,40,14,28365056,262,1,222,13499,
69.48,476.688,51.4904,7.4193,150.613,10.9645,135.716,1,8,-98,-7,10,42,40,14,28365056,262,1,222,13499,
70.479,487.35,51.4903,7.41941,150.517,10.7359,136.297,1,8,-98,-7,10,42,40,14,28365056,262,1,222,13499,
71.482,497.227,51.4903,7.41951,149.847,10.9091,136.755,1,5,-100,-8,10,40,38,14,28365056,262,1,222,13499,
72.494,507.995,51.4902,7.41962,149.596,10.9977,137.357,1,5,-100,-8,10,40,38,14,28365056,262,1,222,13499,
73.493,519.305,51.4901,7.41973,149.62,11.0226,137.786,1,4,-101,-8,6,39,39,14,28365056,262,1,222,13499,
74.481,530.219,51.49,7.41983,149.867,10.6919,138.473,1,4,-101,-8,6,39,39,14,28365056,262,1,222,13499,
75.498,541.093,51.49,7.41993,150.427,10.4549,139.054,1,1,-99,-9,6,41,41,14,28365056,262,1,222,13499,
76.49,552.524,51.4899,7.42004,150.829,10.0047,139.584,1,1,-99,-9,6,41,41,14,28365056,262,1,222,13499,
77.501,562.219,51.4898,7.42012,150.86,9.40754,140.401,1,5,-98,-8,9,42,41,14,28365056,262,1,222,13499,
78.472,570.699,51.4898,7.42019,150.919,9.55432,141.39,1,5,-98,-8,9,42,41,14,28365056,262,1,222,13499,
79.488,579.125,51.4897,7.42026,151.316,9.4444,142.447,1,7,-97,-7,8,43,41,14,28365056,262,1,222,13499,
80.493,587.813,51.4896,7.42032,151.631,9.30208,142.817,1,7,-97,-7,8,43,41,14,28365056,262,1,222,13499,
81.488,598.135,51.4896,7.4204,151.654,8.94625,143.284,1,11,-101,-8,7,39,38,14,28365056,262,1,222,13499,
82.493,607.433,51.4895,7.42047,151.418,8.70093,141.657,1,11,-101,-8,7,39,38,14,28365056,262,1,222,13499,
83.493,616.656,51.4894,7.42057,151.352,8.72601,123.331,1,8,-101,-7,8,39,38,14,28365056,262,1,222,13499,
84.485,625.002,51.4894,7.42068,150.815,8.90109,110.036,1,8,-101,-7,8,39,38,14,28365056,262,1,222,13499,
85.491,633.073,51.4894,7.42079,150.379,8.43534,107.996,1,8,-101,-7,8,39,38,14,28365056,262,1,222,13499,
86.506,639.886,51.4893,7.42088,149.922,6.36487,106.48,1,2,-102,-6,2,38,36,14,28365056,262,1,222,13499,
87.482,645.664,51.4893,7.42096,149.572,4.25427,108.234,1,2,-102,-6,2,38,36,14,28365056,262,1,222,13499,
88.486,651.317,51.4893,7.42102,149.301,4.58375,142.016,1,5,-103,-7,2,37,35,14,28365056,262,1,222,13499,
89.486,657.758,51.4892,7.42102,148.908,5.12151,181.954,1,5,-103,-7,2,37,35,14,28365056,262,1,222,13499,
90.503,665.389,51.4892,7.42101,147.574,6.53663,196.45,1,6,-102,-8,7,38,38,14,28365056,262,1,222,13499,
91.477,671.207,51.4891,7.42099,146.88,7.5329,195.748,1,6,-102,-8,7,38,38,14,28365056,262,1,222,13499,
92.485,679.299,51.489,7.42095,146.446,8.781,195.183,1,4,-102,-9,10,38,38,14,28365056,262,1,222,13499,
93.492,688.357,51.489,7.42091,145.951,9.71091,194.845,1,4,-102,-9,10,38,38,14,28365056,262,1,222,13499,
94.486,698.68,51.4889,7.42087,145.175,10.3051,195.49,1,11,-95,-7,7,45,44,14,28365056,262,1,222,13499,
95.504,711.192,51.4888,7.42082,144.935,10.7732,195.549,1,11,-95,-7,7,45,44,14,28365056,262,1,222,13499,
96.469,721.485,51.4887,7.42078,145.141,9.43206,195.616,1,4,-89,-7,6,51,49,9,29391105,262,1,351,13499,
97.473,728.447,51.4886,7.42076,145.629,5.82243,196.491,1,4,-89,-7,6,51,49,9,29391105,262,1,351,13499,
98.493,736.019,51.4886,7.42077,145.736,4.08814,171.828,1,13,-89,-7,15,51,49,9,29391105,262,1,351,13499,
99.485,740.06,51.4885,7.42081,146.802,4.55869,126.194,1,13,-89,-7,15,51,49,9,29391105,262,1,351,13499,
100.509,745.119,51.4885,7.42089,147.933,5.98825,96.6885,1,11,-90,-6,10,50,47,9,29391105,262,1,351,13499,
101.494,750.814,51.4885,7.42097,148.4,7.17314,96.19,1,11,-90,-6,10,50,47,9,29391105,262,1,351,13499,
102.474,758.688,51.4885,7.42108,148.746,7.37744,96.2489,1,2,-92,-8,8,48,47,9,29391105,262,1,351,13499,
103.485,766.659,51.4885,7.4212,149.313,7.65432,96.8252,1,2,-92,-8,8,48,47,9,29391105,262,1,351,13499,
104.498,773.855,51.4885,7.4213,150.118,7.99658,100.562,1,10,-92,-8,9,48,48,9,29391105,262,1,351,13499,
105.492,782.122,51.4885,7.4214,150.613,8.23753,126.356,1,10,-92,-8,9,48,48,9,29391105,262,1,351,13499,
106.498,790.611,51.4884,7.4215,150.854,8.89197,128.428,1,10,-94,-7,9,46,43,9,29391105,262,1,351,13499,
107.473,800.519,51.4884,7.42162,151.291,8.99644,129.252,1,10,-94,-7,9,46,43,9,29391105,262,1,351,13499,
108.483,809.787,51.4883,7.42172,151.644,9.75774,129.977,1,10,-95,-6,9,45,42,9,29391105,262,1,351,13499,
109.486,818.604,51.4883,7.42182,151.04,9.91921,128.988,1,10,-95,-6,9,45,42,9,29391105,262,1,351,13499,
110.505,828.74,51.4882,7.42193,150.277,9.8917,127.806,1,12,-95,-7,10,45,42,9,29391105,262,1,351,13499,
111.5,838.91,51.4882,7.42207,149.709,10.4626,115.301,1,12,-95,-7,10,45,42,9,29391105,262,1,351,13499,
112.485,849.14,51.4881,7.4222,148.992,10.2564,113.323,1,12,-95,-7,2,45,43,9,29391105,262,1,351,13499,
113.494,858.707,51.4881,7.42233,148.483,10.7041,110.769,1,12,-95,-7,2,45,43,9,29391105,262,1,351,13499,
114.473,869.333,51.4881,7.42247,147.867,10.431,109.075,1,12,-95,-7,2,45,43,9,29391105,262,1,351,13499,
115.489,879.607,51.488,7.42261,147.214,10.2692,107.501,1,9,-97,-8,2,43,42,9,29391105,262,1,351,13499,
116.482,889.589,51.488,7.42275,146.611,10.1506,106.445,1,9,-97,-8,2,43,42,9,29391105,262,1,351,13499,
117.512,899.294,51.488,7.42288,146.334,10.0109,105.587,1,7,-98,-7,2,42,39,9,29391105,262,1,351,13499,
118.483,910.168,51.488,7.42303,145.858,10.3981,104.615,1,7,-98,-7,2,42,39,9,29391105,262,1,351,13499,
119.492,920.067,51.4879,7.42317,145.295,10.4579,105.095,1,5,-102,-9,2,38,37,9,29391105,262,1,351,13499,
120.483,930.163,51.4879,7.42331,144.803,10.1279,106.74,1,5,-102,-9,2,38,37,9,29391105,262,1,351,13499,
121.51,940.765,51.4879,7.42345,144.379,10.1892,108.156,1,10,-98,-8,2,42,42,9,28365056,262,1,222,13499,
122.474,951.657,51.4878,7.42359,143.9,10.2217,122.188,1,10,-98,-8,2,42,42,9,28365056,262,1,222,13499,
123.48,961.711,51.4878,7.42371,143.5,10.4115,124.163,1,4,-94,-8,11,46,46,13,28365056,262,1,222,13499,
124.5,972.708,51.4877,7.42384,144.067,10.7883,127.824,1,4,-94,-8,11,46,46,13,28365056,262,1,222,13499,
125.492,984.114,51.4877,7.42397,144.615,11.0575,129.845,1,5,-93,-9,8,47,48,13,28365056,262,1,222,13499,
126.499,994.956,51.4876,7.42408,145.544,11.3805,136.701,1,5,-93,-9,8,47,48,13,28365056,262,1,222,13499,
127.487,1006.59,51.4875,7.42417,146.751,11.3644,144.712,1,10,-91,-7,11,49,47,13,28365056,262,1,222,13499,
128.599,1016.65,51.4874,7.42426,147.194,11.4039,145.806,1,10,-91,-7,11,49,47,13,28365056,262,1,222,13499,
129.477,1027.15,51.4873,7.42434,147.041,10.855,146.249,1,8,-94,-9,10,46,46,13,28365056,262,1,222,13499,
130.5,1038.56,51.4873,7.42443,147.11,11.2066,145.198,1,8,-94,-9,10,46,46,13,28365056,262,1,222,13499,
131.501,1049.69,51.4872,7.42453,147.25,11.811,142.891,1,5,-96,-10,9,44,45,13,28365056,262,1,222,13499,
132.536,1061.51,51.4871,7.42464,147.69,11.8359,140.441,1,5,-96,-10,9,44,45,13,28365056,262,1,222,13499,
133.503,1074.13,51.487,7.42477,148.265,12.2406,137.834,1,-3,-90,-8,6,50,48,10,28367106,262,1,103,13499,
134.475,1086.37,51.4869,7.4249,148.368,12.3312,135.507,1,-3,-90,-8,6,50,48,10,28367106,262,1,103,13499,
135.48,1099.3,51.4869,7.42504,148.117,12.2535,133.364,1,13,-93,-10,12,47,47,10,28367106,262,1,103,13499,
136.493,1111.47,51.4868,7.42518,147.784,12.2943,131.812,1,13,-93,-10,12,47,47,10,28367106,262,1,103,13499,
137.523,1124.35,51.4867,7.42533,147.545,12.4598,130.667,1,15,-85,-7,12,55,54,10,28367106,262,1,103,13499,
138.474,1136.99,51.4867,7.42548,146.636,12.7434,129.928,1,15,-85,-7,12,55,54,10,28367106,262,1,103,13499,
139.494,1148.37,51.4866,7.4256,145.382,12.8031,131.199,1,15,-85,-7,12,55,54,10,28367106,262,1,103,13499,
140.497,1160.08,51.4865,7.42573,143.941,13.0423,132.366,1,11,-87,-7,10,53,52,10,28367106,262,1,103,13499,
141.502,1172.08,51.4865,7.42586,142.499,12.7606,134.13,1,11,-87,-7,10,53,52,10,28367106,262,1,103,13499,
142.504,1185.39,51.4864,7.42599,140.993,12.7095,136.354,1,17,-87,-7,10,53,52,10,28367106,262,1,103,13499,
143.505,1198.49,51.4863,7.42611,139.818,12.5698,137.876,1,17,-87,-7,10,53,52,10,28367106,262,1,103,13499,
144.493,1211.71,51.4862,7.42623,138.401,12.5847,138.466,1,24,-82,-6,11,58,56,10,28367106,262,1,103,13499,
145.504,1224.37,51.4861,7.42636,137.377,12.6517,136.758,1,24,-82,-6,11,58,56,10,28367106,262,1,103,13499,
146.515,1237.41,51.486,7.4265,136.677,12.5736,134.007,1,23,-84,-6,13,56,54,10,28367106,262,1,103,13499,
147.48,1249.95,51.486,7.42664,136.023,12.4681,130.079,1,23,-84,-6,13,56,54,10,28367106,262,1,103,13499,
148.511,1263.31,51.4859,7.42679,135.537,12.7237,126.147,1,18,-86,-6,13,54,51,10,28367106,262,1,103,13499,
149.498,1275.46,51.4858,7.42694,134.992,12.466,123.761,1,18,-86,-6,13,54,51,10,28367106,262,1,103,13499,
150.494,1288.2,51.4858,7.4271,134.763,12.3367,123.116,1,16,-88,-6,11,52,49,10,28367106,262,1,103,13499,
151.487,1300.84,51.4857,7.42725,134.197,12.1974,124.613,1,16,-88,-6,11,52,49,10,28367106,262,1,103,13499,
152.49,1312.41,51.4856,7.42737,133.48,12.1075,138.267,1,21,-89,-6,12,51,49,10,28367106,262,1,103,13499,
153.485,1324.23,51.4855,7.42748,132.634,11.7505,140.32,1,21,-89,-6,12,51,49,10,28367106,262,1,103,13499,
154.48,1335.38,51.4855,7.42758,131.821,11.3083,141.622,1,17,-95,-7,8,45,43,10,28367106,262,1,103,13499,
155.487,1346.96,51.4854,7.42768,131.138,10.9668,142.637,1,17,-95,-7,8,45,43,10,28367106,262,1,103,13499,
156.489,1357.06,51.4853,7.42776,130.427,10.2002,146.161,1,13,-89,-6,8,51,48,10,28367106,262,1,103,13499,
157.492,1367.34,51.4852,7.42779,129.235,8.84235,172.811,1,13,-89,-6,8,51,48,10,28367106,262,1,103,13499,
158.475,1377.68,51.4851,7.42781,128.175,10.5585,171.437,1,14,-94,-6,9,46,44,10,28367106,262,1,103,13499,
159.481,1388.84,51.485,7.42784,127.078,11.1225,169.281,1,14,-94,-6,9,46,44,10,28367106,262,1,103,13499,
160.474,1399.45,51.4849,7.42787,126.901,12.0489,165.982,1,16,-89,-6,10,51,48,10,28367106,262,1,103,13499,
161.528,1411.69,51.4848,7.42792,126.761,11.6824,164.169,1,16,-89,-6,10,51,48,10,28367106,262,1,103,13499,
162.499,1423.87,51.4847,7.42797,126.732,12.1658,162.892,1,16,-89,-6,10,51,48,10,28367106,262,1,103,13499,
163.476,1435.38,51.4846,7.42802,126.804,11.6612,162.151,1,11,-86,-6,11,54,51,10,28367106,262,1,103,13499,
164.477,1446.97,51.4845,7.42807,127.726,11.4924,162.772,1,11,-86,-6,11,54,51,10,28367106,262,1,103,13499,
165.491,1458.03,51.4844,7.42812,128.449,11.3294,161.377,1,21,-86,-5,11,54,49,10,28367106,262,1,103,13499,
166.479,1469.52,51.4843,7.42817,128.502,10.1722,159.55,1,21,-86,-5,11,54,49,10,28367106,262,1,103,13499,
167.498,1481.23,51.4842,7.42824,128.007,10.2982,160.111,1,14,-87,-7,9,53,51,10,28367106,262,1,103,13499,
168.491,1492.71,51.4841,7.42829,127.803,10.5359,159.528,1,14,-87,-7,9,53,51,10,28367106,262,1,103,13499,
169.476,1502.56,51.4841,7.42833,128.027,9.91089,158.694,1,16,-85,-5,8,55,52,10,28367106,262,1,103,13499,
170.473,1512.04,51.484,7.42838,127.877,9.46389,158.086,1,16,-85,-5,8,55,52,10,28367106,262,1,103,13499,
171.482,1522.28,51.4839,7.42842,128.405,8.71082,159.794,1,13,-86,-6,9,54,52,10,28367106,262,1,103,13499,
172.489,1532.77,51.4838,7.42847,129.176,9.09422,160.483,1,13,-86,-6,9,54,52,10,28367106,262,1,103,13499,
173.497,1544.08,51.4837,7.42852,129.275,11.0233,160.986,1,11,-89,-6,9,51,49,10,28367106,262,1,103,13499,
174.487,1553.32,51.4836,7.42856,129.251,10.4736,162.032,1,11,-89,-6,9,51,49,10,28367106,262,1,103,13499,
175.474,1565.44,51.4835,7.42862,128.743,11.176,162.574,1,7,-92,-7,11,48,46,10,28367106,262,1,103,13499,
176.483,1577.36,51.4834,7.42867,128.328,10.6058,161.621,1,7,-92,-7,11,48,46,10,28367106,262,1,103,13499,
177.505,1588.26,51.4833,7.42871,127.877,9.95061,162.448,1,11,-90,-7,8,50,47,10,28367106,262,1,103,13499,
178.492,1598.02,51.4832,7.42876,127.322,9.19367,163.672,1,11,-90,-7,8,50,47,10,28367106,262,1,103,13499,
179.493,1607.77,51.4832,7.42879,126.42,8.78301,164.116,1,4,-90,-6,2,50,47,10,28367106,262,1,103,13499,
180.478,1616.44,51.4831,7.42882,126.12,8.43878,164.805,1,4,-90,-6,2,50,47,10,28367106,262,1,103,13499,
181.489,1625.72,51.483,7.42885,126.751,7.34714,165.929,1,4,-92,-7,2,48,47,10,28367106,262,1,103,13499,
182.474,1633.1,51.4829,7.42886,127.367,6.55612,167.948,1,4,-92,-7,2,48,47,10,28367106,262,1,103,13499,
183.498,1639.81,51.4829,7.42887,128.172,5.43457,169.595,1,9,-89,-7,11,51,50,7,28367106,262,1,103,13499,
184.49,1645.75,51.4828,7.42888,128.309,3.93743,169.489,1,9,-89,-7,11,51,50,7,28367106,262,1,103,13499,
185.517,1648.93,51.4828,7.42888,128.46,1.89719,173.334,1,8,-90,-8,7,50,49,7,28367106,262,1,103,13499,
186.484,1648.93,51.4828,7.42888,128.474,0,173.334,1,8,-90,-8,7,50,49,7,28367106,262,1,103,13499,
187.505,1648.93,51.4828,7.42888,128.496,0,173.334,1,8,-90,-8,7,50,49,7,28367106,262,1,103,13499,
188.491,1648.93,51.4828,7.42888,128.518,0,173.334,1,7,-92,-8,7,48,49,7,28367106,262,1,103,13499,
189.479,1648.93,51.4828,7.42888,128.542,0,173.334,1,7,-92,-8,7,48,49,7,28367106,262,1,103,13499,
190.495,1648.93,51.4828,7.42888,128.567,0,173.334,1,10,-92,-9,10,48,49,7,28367106,262,1,103,13499,
191.487,1648.93,51.4828,7.42888,128.594,0,173.334,1,10,-92,-9,10,48,49,7,28367106,262,1,103,13499,
192.487,1648.93,51.4828,7.42888,128.622,0,173.334,1,3,-91,-9,7,49,50,7,28367106,262,1,103,13499,
193.497,1648.93,51.4828,7.42888,128.651,0,173.334,1,3,-91,-9,7,49,50,7,28367106,262,1,103,13499,
194.507,1648.93,51.4828,7.42888,128.679,0,173.334,1,9,-92,-9,6,48,49,7,28367106,262,1,103,13499,
195.497,1648.93,51.4828,7.42888,128.71,0,173.334,1,9,-92,-9,6,48,49,7,28367106,262,1,103,13499,
196.487,1648.93,51.4828,7.42888,128.739,0,173.334,1,9,-92,-9,4,48,49,7,28367106,262,1,103,13499,
197.48,1648.93,51.4828,7.42888,128.767,0,173.334,1,9,-92,-9,4,48,49,7,28367106,262,1,103,13499,
198.475,1648.93,51.4828,7.42888,128.795,0,173.334,1,10,-92,-8,10,48,49,7,28367106,262,1,103,13499,
199.534,1648.93,51.4828,7.42888,128.821,0,173.334,1,10,-92,-8,10,48,49,7,28367106,262,1,103,13499,
200.485,1648.93,51.4828,7.42888,128.846,0,173.334,1,8,-91,-9,6,49,49,7,28367106,262,1,103,13499,
201.497,1648.93,51.4828,7.42888,128.874,0,173.334,1,8,-91,-9,6,49,49,7,28367106,262,1,103,13499,
202.492,1648.93,51.4828,7.42888,128.903,0,173.334,1,7,-91,-8,8,49,49,7,28367106,262,1,103,13499,
203.487,1648.93,51.4828,7.42888,128.933,0,173.334,1,7,-91,-8,8,49,49,7,28367106,262,1,103,13499,
204.49,1648.93,51.4828,7.42888,128.963,0,173.334,1,13,-92,-8,9,48,48,7,28367106,262,1,103,13499,
205.49,1648.93,51.4828,7.42888,128.994,0,173.334,1,13,-92,-8,9,48,48,7,28367106,262,1,103,13499,
206.485,1648.93,51.4828,7.42888,129.025,0,173.334,1,10,-93,-9,9,47,49,7,28367106,262,1,103,13499,
207.484,1648.93,51.4828,7.42888,129.318,0,173.334,1,10,-93,-9,9,47,49,7,28367106,262,1,103,13499,
208.513,1648.93,51.4828,7.42888,129.567,0,162.585,1,7,-93,-10,7,47,48,7,28367106,262,1,103,13499,
209.461,1648.93,51.4828,7.42888,129.735,0,161.264,1,7,-93,-10,7,47,48,7,28367106,262,1,103,13499,
210.482,1664.26,51.4826,7.4289,131.566,4.90605,180.129,1,7,-93,-10,7,47,48,7,28367106,262,1,103,13499,
211.491,1670.77,51.4826,7.4289,133.151,4.97092,182.846,1,14,-90,-8,13,50,49,7,28367106,262,1,103,13499,
212.493,1675.91,51.4825,7.42891,134.494,4.92043,164.619,1,14,-90,-8,13,50,49,7,28367106,262,1,103,13499,
213.503,1680.58,51.4825,7.42896,135.904,5.70103,130.366,1,10,-89,-6,11,51,48,7,28367106,262,1,103,13499,
214.474,1685.96,51.4825,7.42903,136.771,6.31366,107.055,1,10,-89,-6,11,51,48,7,28367106,262,1,103,13499,
215.484,1691.88,51.4825,7.42912,137.389,7.91858,104.147,1,5,-98,-10,8,42,43,7,28367106,262,1,103,13499,
216.505,1700.82,51.4825,7.42924,137.994,9.11222,102.43,1,5,-98,-10,8,42,43,7,28367106,262,1,103,13499,
217.477,1711.06,51.4825,7.42939,138.283,9.51767,100.67,1,3,-101,-11,2,39,41,7,28367106,262,1,103,13499,
218.508,1720.72,51.4825,7.42953,138.524,8.91484,99.585,1,3,-101,-11,2,39,41,7,28367106,262,1,103,13499,
219.5,1729.7,51.4825,7.42966,138.593,8.32024,98.5748,1,4,-101,-7,2,39,37,7,29563904,262,1,350,13499,
220.479,1738.04,51.4825,7.42978,138.825,7.66987,97.9497,1,4,-101,-7,2,39,37,7,29563904,262,1,350,13499,
221.507,1745.56,51.4824,7.42989,139.024,7.27207,97.2762,1,7,-101,-7,2,39,37,7,29563904,262,1,350,13499,
222.497,1753.04,51.4824,7.43,139.096,7.27717,96.7659,1,7,-101,-7,2,39,37,7,29563904,262,1,350,13499,
223.487,1760.52,51.4824,7.4301,139.447,7.67566,96.4883,1,3,-100,-7,2,40,37,7,29563904,262,1,350,13499,
224.487,1768.13,51.4824,7.43021,139.688,7.75514,97.101,1,3,-100,-7,2,40,37,7,29563904,262,1,350,13499,
225.485,1775.5,51.4824,7.43032,140.214,7.74469,98.0416,1,1,-102,-11,2,38,40,7,28367106,262,1,103,13499,
226.493,1783.21,51.4824,7.43043,141.102,7.36657,97.9221,1,1,-102,-11,2,38,40,7,28367106,262,1,103,13499,
227.452,1791.58,51.4824,7.43055,141.815,7.32967,97.2854,1,7,-99,-10,2,41,42,7,28367106,262,1,103,13499,
228.472,1798.27,51.4824,7.43064,142.254,6.95409,97.8065,1,7,-99,-10,2,41,42,7,28367106,262,1,103,13499,
229.461,1804.99,51.4824,7.43074,142.557,6.43385,97.6083,1,2,-98,-9,2,42,43,7,28367106,262,1,103,13499,
230.497,1811.54,51.4824,7.43083,142.943,6.16936,97.2694,1,2,-98,-9,2,42,43,7,28367106,262,1,103,13499,
231.491,1817.58,51.4824,7.43092,143.363,5.61349,97.5061,1,9,-93,-7,8,47,44,5,28367106,262,1,103,13499,
232.484,1822.84,51.4824,7.43099,144.241,4.40193,97.4845,1,9,-93,-7,8,47,44,5,28367106,262,1,103,13499,
233.505,1826.13,51.4824,7.43104,144.366,2.77036,97.0238,1,12,-93,-6,1,47,44,5,28367106,262,1,103,13499,
234.504,1828.61,51.4824,7.43108,144.472,2.58266,97.8687,1,12,-93,-6,1,47,44,5,28367106,262,1,103,13499,
235.514,1832.78,51.4823,7.43114,145.303,5.32591,98.3131,1,16,-87,-5,11,53,45,5,28367106,262,1,103,13499,
236.483,1838.09,51.4823,7.43121,145.936,6.24508,96.6555,1,16,-87,-5,11,53,45,5,28367106,262,1,103,13499,
237.487,1843.83,51.4823,7.4313,146.385,6.54112,97.2237,1,5,-93,-7,8,47,45,5,28367106,262,1,103,13499,
238.495,1850.59,51.4823,7.43139,146.78,6.45428,97.5828,1,5,-93,-7,8,47,45,5,28367106,262,1,103,13499,
239.504,1857.11,51.4823,7.43149,146.834,6.23356,97.5019,1,4,-90,-6,11,50,46,5,28367106,262,1,103,13499,
240.479,1863.7,51.4823,7.43158,146.935,6.12441,98.2588,1,4,-90,-6,11,50,46,5,28367106,262,1,103,13499,
241.506,1871.21,51.4823,7.43169,147.305,7.35563,98.137,1,4,-90,-6,11,50,46,5,28367106,262,1,103,13499,
242.497,1878.5,51.4823,7.43179,147.398,8.99106,97.716,1,7,-96,-10,9,44,44,5,28367106,262,1,103,13499,
243.485,1888.14,51.4823,7.43193,147.478,9.9553,97.1011,1,7,-96,-10,9,44,44,5,28367106,262,1,103,13499,
244.48,1897.71,51.4823,7.43207,147.546,9.68754,96.8647,1,5,-96,-10,6,44,45,5,28367106,262,1,103,13499,
245.486,1907.27,51.4823,7.43221,147.64,9.67698,96.1766,1,5,-96,-10,6,44,45,5,28367106,262,1,103,13499,
246.502,1916.66,51.4823,7.43234,147.518,10.1258,96.7633,1,5,-90,-8,2,50,49,5,28367106,262,1,103,13499,
247.483,1927.18,51.4823,7.43249,147.611,10.6507,96.8032,1,5,-90,-8,2,50,49,5,28367106,262,1,103,13499,
248.498,1937.64,51.4822,7.43264,148.011,10.5464,97.0809,1,14,-92,-9,2,48,48,5,28367106,262,1,103,13499,
249.479,1948.58,51.4822,7.4328,148.697,10.2797,96.846,1,14,-92,-9,2,48,48,5,28367106,262,1,103,13499,
250.488,1958.54,51.4822,7.43294,149.034,9.987,96.5901,1,7,-91,-10,10,49,50,4,28367106,262,1,103,13499,
251.491,1968.06,51.4822,7.43308,149.386,9.7726,97.3442,1,7,-91,-10,10,49,50,4,28367106,262,1,103,13499,
252.5,1978.19,51.4822,7.43323,149.809,10.0877,96.9296,1,8,-88,-9,8,52,50,4,28367106,262,1,103,13499,
253.479,1988.22,51.4822,7.43337,149.891,10.6069,96.5863,1,8,-88,-9,8,52,50,4,28367106,262,1,103,13499,
254.494,1998.97,51.4822,7.43352,149.623,10.6088,96.3088,1,13,-91,-7,12,49,46,4,28367106,262,1,103,13499,
255.491,2009.04,51.4822,7.43367,149.267,10.0574,96.8386,1,13,-91,-7,12,49,46,4,28367106,262,1,103,13499,
256.495,2018.87,51.4822,7.43381,148.973,9.57519,96.1545,1,8,-94,-9,9,46,46,4,28367106,262,1,103,13499,
257.494,2027.56,51.4821,7.43393,148.689,8.09119,97.1017,1,8,-94,-9,9,46,46,4,28367106,262,1,103,13499,
258.511,2035.53,51.4821,7.43405,148.478,8.06751,97.458,1,4,-96,-11,7,44,46,4,28367106,262,1,103,13499,
259.473,2044.33,51.4821,7.43417,148.428,9.32537,96.6429,1,4,-96,-11,7,44,46,4,28367106,262,1,103,13499,
260.486,2054.05,51.4821,7.43431,148.348,10.4828,95.9017,1,4,-96,-11,7,44,46,4,28367106,262,1,103,13499,
261.499,2065.2,51.4821,7.43447,148.295,11.5858,98.9837,1,8,-93,-10,10,47,46,4,28367106,262,1,103,13499,
262.477,2076.46,51.4821,7.43463,147.937,12.3479,100.33,1,8,-93,-10,10,47,46,4,28367106,262,1,103,13499,
263.484,2088.68,51.4821,7.43481,147.493,13.0857,99.2245,1,16,-93,-9,11,47,47,4,28367106,262,1,103,13499,
264.502,2101.24,51.4821,7.43499,147.503,13.4124,98.2844,1,16,-93,-9,11,47,47,4,28367106,262,1,103,13499,
265.492,2114.46,51.482,7.43518,147.478,12.6987,99.6275,1,2,-93,-11,2,47,49,4,28367106,262,1,103,13499,
266.498,2127.83,51.482,7.43537,147.395,11.9692,100.283,1,2,-93,-11,2,47,49,4,28367106,262,1,103,13499,
267.484,2139.64,51.482,7.43553,147.349,11.9001,99.8291,1,8,-91,-9,2,49,49,4,28368386,262,1,32,13499,
268.492,2152.15,51.482,7.43571,147.094,12.3987,99.0389,1,8,-91,-9,2,49,49,4,28368386,262,1,32,13499,
269.474,2164.04,51.482,7.43588,147.331,12.1723,98.3756,1,7,-92,-10,2,48,49,4,28368386,262,1,32,13499,
270.501,2179.94,51.4821,7.43598,147.2,11.8446,99.2003,1,7,-92,-10,2,48,49,4,28368386,262,1,32,13499,
271.481,2204.52,51.4819,7.43623,147.927,11.8386,97.9853,1,-5,-93,-23,6,47,61,4,28367105,262,1,32,13499,
272.495,2216.91,51.4819,7.4364,148.285,12.2536,97.598,1,-5,-93,-23,6,47,61,4,28367105,262,1,32,13499,
273.486,2229.58,51.4819,7.43659,148.512,12.5638,98.307,1,2,-91,-10,10,49,50,4,28367105,262,1,102,13499,
274.491,2242.91,51.4819,7.43678,148.776,12.9825,97.2223,1,2,-91,-10,10,49,50,4,28367105,262,1,102,13499,
275.496,2254.58,51.4819,7.43695,148.711,12.2411,96.7564,1,1,-92,-10,6,48,48,4,28367105,262,1,32,13499,
276.496,2266.97,51.4819,7.43712,148.944,11.899,96.5472,1,1,-92,-10,6,48,48,4,28367105,262,1,32,13499,
277.492,2278.21,51.4819,7.43729,149.405,11.3023,97.4896,1,11,-89,-6,12,51,48,4,28367105,262,1,102,13499,
278.605,2290.89,51.4819,7.43747,149.751,10.7324,96.8977,1,11,-89,-6,12,51,48,4,28367105,262,1,102,13499,
279.483,2301.77,51.4819,7.43762,150.311,10.1726,97.5166,1,11,-89,-6,12,51,48,4,28367105,262,1,102,13499,
280.48,2311.67,51.4818,7.43777,150.461,9.9045,98.1167,1,7,-85,-6,14,55,52,4,28367105,262,1,102,13499,
281.467,2321.55,51.4818,7.43791,150.548,10.1437,98.4078,1,7,-85,-6,14,55,52,4,28367105,262,1,102,13499,
282.495,2331.97,51.4818,7.43806,150.78,9.40081,100.462,1,22,-82,-5,14,58,55,4,28367105,262,1,102,13499,
283.496,2341.97,51.4818,7.4382,150.938,8.95327,101.022,1,22,-82,-5,14,58,55,4,28367105,262,1,102,13499,
284.509,2351.25,51.4818,7.43833,151.257,9.63386,100.338,1,19,-86,-6,11,54,51,4,28367105,262,1,102,13499,
285.527,2361.3,51.4818,7.43848,152.066,9.77139,99.4914,1,19,-86,-6,11,54,51,4,28367105,262,1,102,13499,
286.483,2370.59,51.4818,7.43861,151.897,9.51914,98.6979,1,24,-90,-7,13,50,47,4,28367105,262,1,102,13499,
287.484,2381.53,51.4818,7.43877,151.887,10.4902,98.5289,1,24,-90,-7,13,50,47,4,28367105,262,1,102,13499,
288.486,2393.37,51.4818,7.43894,152.119,11.6847,97.4591,1,8,-89,-7,6,51,47,9,28368386,262,1,32,13499,
289.487,2404.76,51.4817,7.4391,152.2,11.5518,96.6199,1,8,-89,-7,6,51,47,9,28368386,262,1,32,13499,
290.503,2416.28,51.4817,7.43927,152.484,11.2756,96.0956,1,14,-86,-6,15,54,49,9,28368386,262,1,32,13499,
291.483,2426.67,51.4817,7.43942,152.694,11.5706,96.0561,1,14,-86,-6,15,54,49,9,28368386,262,1,32,13499,
292.479,2438.46,51.4817,7.43959,152.923,12.108,95.097,1,10,-91,-8,15,49,48,9,28368386,262,1,32,13499,
293.489,2450.46,51.4817,7.43976,153.266,11.967,94.3988,1,10,-91,-8,15,49,48,9,28368386,262,1,32,13499,
294.486,2462.94,51.4817,7.43994,153.668,12.3136,95.2001,1,16,-92,-8,11,48,45,9,28368386,262,1,32,13499,
295.489,2475.91,51.4817,7.44013,154.1,13.0568,96.0199,1,16,-92,-8,11,48,45,9,28368386,262,1,32,13499,
296.499,2489.21,51.4817,7.44032,154.26,13.8616,95.3207,1,10,-94,-8,8,46,44,9,28368386,262,1,32,13499,
297.493,2502.69,51.4817,7.44052,154.277,13.4004,95.9377,1,10,-94,-8,8,46,44,9,28368386,262,1,32,13499,
298.5,2516.48,51.4817,7.44071,154.531,12.8391,96.0534,1,13,-93,-8,10,47,45,9,28368386,262,1,32,13499,
299.51,2528.49,51.4817,7.44089,154.705,12.2357,96.403,1,13,-93,-8,10,47,45,9,28368386,262,1,32,13499,
300.497,2540.37,51.4817,7.44106,154.852,11.9029,97.2163,1,10,-93,-7,15,47,44,9,28368386,262,1,32,13499,
301.492,2552,51.4816,7.44122,155.139,11.5226,100.291,1,10,-93,-7,15,47,44,9,28368386,262,1,32,13499,
302.474,2563.46,51.4816,7.44137,155.271,12.1746,116.053,1,7,-100,-10,9,40,41,9,28368386,262,1,32,13499,
303.476,2575.89,51.4815,7.44153,155.322,12.9393,118.275,1,7,-100,-10,9,40,41,9,28368386,262,1,32,13499,
304.484,2588.91,51.4815,7.44169,155.267,13.6943,120.985,1,14,-91,-6,11,49,47,9,28368386,262,1,32,13499,
305.507,2601.29,51.4814,7.44184,155.385,14.2134,123.906,1,14,-91,-6,11,49,47,9,28368386,262,1,32,13499,
306.492,2616.14,51.4813,7.44201,155.38,15.0526,127.385,1,14,-91,-6,11,49,47,9,28368386,262,1,32,13499,
307.474,2631.56,51.4812,7.44218,155.717,15.0348,130.61,1,9,-94,-8,11,46,45,7,28367105,262,1,102,13499,
308.492,2647.34,51.4811,7.44234,156.558,14.6802,132.2,1,9,-94,-8,11,46,45,7,28367105,262,1,102,13499,
309.474,2662.5,51.4811,7.4425,157.4,14.4238,132.797,1,11,-87,-5,15,53,48,7,28367105,262,1,102,13499,
310.496,2677.32,51.481,7.44265,157.769,14.4404,132.711,1,11,-87,-5,15,53,48,7,28367105,262,1,102,13499,
311.511,2691.59,51.4809,7.4428,158.63,13.7876,132.426,1,20,-85,-5,11,55,52,7,28367105,262,1,102,13499,
312.483,2705.02,51.4808,7.44294,159.018,12.4638,133.718,1,20,-85,-5,11,55,52,7,28367105,262,1,102,13499,
313.492,2717.23,51.4807,7.44305,159.222,11.678,136.695,1,7,-90,-5,14,50,45,7,28367105,262,1,102,13499,
314.488,2728.52,51.4806,7.44312,158.982,11.1834,154.737,1,7,-90,-5,14,50,45,7,28367105,262,1,102,13499,
315.493,2739.79,51.4805,7.44314,158.515,11.5391,173.058,1,7,-95,-8,9,45,44,7,28367105,262,1,102,13499,
316.489,2753.06,51.4804,7.44316,158.565,12.1933,173.792,1,7,-95,-8,9,45,44,7,28367105,262,1,102,13499,
317.491,2765.62,51.4803,7.44318,158.594,13.0037,172.126,1,7,-98,-9,6,42,42,7,28367105,262,1,102,13499,
318.49,2778.46,51.4802,7.44324,158.728,13.6704,156.826,1,7,-98,-9,6,42,42,7,28367105,262,1,102,13499,
319.477,2793.55,51.48,7.44332,159.111,14.6716,155.242,1,1,-100,-10,6,40,41,7,28367105,262,1,102,13499,
320.488,2808.69,51.4799,7.44342,159.454,15.6103,154.061,1,1,-100,-10,6,40,41,7,28367105,262,1,102,13499,
321.48,2824.04,51.4798,7.44352,159.521,16.5071,153.134,1,2,-102,-12,7,38,41,7,28367105,262,1,102,13499,
322.5,2840.22,51.4797,7.44364,159.201,17.2116,152.363,1,2,-102,-12,7,38,41,7,28367105,262,1,102,13499,
323.484,2858,51.4795,7.44376,158.794,17.5147,151.937,1,2,-102,-12,7,38,41,7,28367105,262,1,102,13499,
324.474,2875.97,51.4794,7.44389,158.587,17.403,151.193,1,2,-101,-10,6,39,40,7,28368386,262,1,32,13499,
325.472,2893,51.4793,7.44402,158.569,17.0194,150.893,1,2,-101,-10,6,39,40,7,28368386,262,1,32,13499,
326.484,2910.03,51.4791,7.44414,158.43,16.8193,151.493,1,3,-100,-10,9,40,41,7,28368386,262,1,32,13499,
327.492,2926.61,51.479,7.44426,158.442,16.8106,151.535,1,3,-100,-10,9,40,41,7,28368386,262,1,32,13499,
328.484,2942.87,51.4789,7.44437,158.529,17.018,151.382,1,4,-97,-9,9,43,42,7,28368386,262,1,32,13499,
329.5,2958.98,51.4787,7.44448,158.586,16.88,151.558,1,4,-97,-9,9,43,42,7,28368386,262,1,32,13499,
330.479,2975.97,51.4786,7.4446,158.527,16.8446,151.647,1,3,-105,-13,8,35,38,7,28368386,262,1,32,13499,
331.487,2992.66,51.4785,7.44471,158.846,16.6405,151.597,1,3,-105,-13,8,35,38,7,28368386,262,1,32,13499,
332.493,3008.91,51.4783,7.44482,159.293,16.3903,151.71,1,4,-104,-10,8,36,37,11,28367105,262,1,102,13499,
333.502,3024.92,51.4782,7.44493,159.795,16.1028,151.4,1,4,-104,-10,8,36,37,11,28367105,262,1,102,13499,
334.476,3041.44,51.4781,7.44504,160.169,15.9767,151.684,1,1,-106,-14,5,34,38,11,28367105,262,1,102,13499,
335.477,3057.93,51.478,7.44516,160.347,15.8338,151.287,1,1,-106,-14,5,34,38,11,28367105,262,1,102,13499,
336.502,3073.7,51.4778,7.44527,160.327,15.7955,151.319,1,0,-101,-9,6,39,38,7,28368384,262,1,31,13499,
337.507,3089.69,51.4777,7.44538,160.447,15.8323,151.545,1,0,-101,-9,6,39,38,7,28368384,262,1,31,13499,
338.499,3105.45,51.4776,7.44549,160.623,15.832,151.368,1,13,-96,-7,15,44,42,7,28368384,262,1,31,13499,
339.492,3121.63,51.4775,7.4456,160.78,16.0113,151.386,1,13,-96,-7,15,44,42,7,28368384,262,1,31,13499,
340.48,3137.34,51.4773,7.44571,160.745,16.0978,151.525,1,5,-97,-7,8,43,40,7,28368384,262,1,31,13499,
341.488,3152.71,51.4772,7.44582,160.259,16.1987,151.252,1,5,-97,-7,8,43,40,7,28368384,262,1,31,13499,
342.487,3168.46,51.4771,7.44592,159.617,15.9486,151.204,1,7,-92,-6,9,48,46,7,28368384,262,1,31,13499,
343.491,3183.62,51.477,7.44603,158.86,15.514,151.624,1,7,-92,-6,9,48,46,7,28368384,262,1,31,13499,
344.497,3199.49,51.4768,7.44614,158.558,15.1867,151.871,1,7,-92,-6,9,48,46,7,28368384,262,1,31,13499,
345.494,3214.63,51.4767,7.44625,158.441,14.8065,151.782,1,5,-98,-8,6,42,40,7,28368384,262,1,31,13499,
346.478,3228.71,51.4766,7.44635,158.113,14.4912,151.647,1,5,-98,-8,6,42,40,7,28368384,262,1,31,13499,
347.497,3243,51.4765,7.44644,158.24,14.0983,152.468,1,2,-97,-8,6,43,41,11,29568768,262,1,415,13499,
348.478,3256.43,51.4764,7.44653,158.33,13.5279,152.511,1,2,-97,-8,6,43,41,11,29568768,262,1,415,13499,
349.51,3269.75,51.4763,7.44662,158.404,12.5108,152.151,1,11,-92,-7,12,48,46,11,29568768,262,1,415,13499,
350.486,3281.02,51.4762,7.44669,158.134,10.6397,151.893,1,11,-92,-7,12,48,46,11,29568768,262,1,415,13499,
351.602,3291.88,51.4761,7.44677,157.995,9.02813,152.474,1,19,-84,-5,11,56,53,11,29568768,262,1,415,13499,
352.489,3299.7,51.476,7.44682,158.179,7.07679,152.001,1,19,-84,-5,11,56,53,11,29568768,262,1,415,13499,
353.493,3305.55,51.476,7.44686,158.414,4.87796,151.503,1,17,-88,-6,15,52,49,11,29568768,262,1,415,13499,
354.495,3309.45,51.476,7.44688,158.412,3.07377,151.905,1,17,-88,-6,15,52,49,11,29568768,262,1,415,13499,
355.487,3312.47,51.4759,7.4469,158.42,1.21561,152.032,1,13,-88,-5,11,52,49,11,29568768,262,1,415,13499,
356.491,3312.47,51.4759,7.4469,158.417,0,152.032,1,13,-88,-5,11,52,49,11,29568768,262,1,415,13499,
357.483,3312.47,51.4759,7.4469,158.415,0,152.032,1,15,-89,-5,9,51,48,11,29568768,262,1,415,13499,
358.504,3312.47,51.4759,7.4469,158.413,0,152.032,1,15,-89,-5,9,51,48,11,29568768,262,1,415,13499,
359.473,3312.47,51.4759,7.4469,158.412,0,152.032,1,13,-89,-6,11,51,50,11,29568768,262,1,415,13499,
360.472,3312.47,51.4759,7.4469,158.41,0,152.032,1,13,-89,-6,11,51,50,11,29568768,262,1,415,13499,
361.484,3312.47,51.4759,7.4469,158.416,0,152.032,1,11,-89,-6,15,51,48,11,29568768,262,1,415,13499,
362.477,3312.47,51.4759,7.4469,158.425,0,152.032,1,11,-89,-6,15,51,48,11,29568768,262,1,415,13499,
363.494,3312.47,51.4759,7.4469,158.435,0,152.032,1,12,-89,-6,10,51,49,11,29568768,262,1,415,13499,
364.496,3312.47,51.4759,7.4469,158.446,0,152.032,1,12,-89,-6,10,51,49,11,29568768,262,1,415,13499,
365.489,3312.47,51.4759,7.4469,158.458,0,152.032,1,15,-89,-6,11,51,49,11,29568768,262,1,415,13499,
366.495,3312.47,51.4759,7.4469,158.472,0,152.032,1,15,-89,-6,11,51,49,11,29568768,262,1,415,13499,
367.492,3312.47,51.4759,7.4469,158.602,0,158.557,1,16,-87,-6,11,53,50,11,29568768,262,1,415,13499,
368.499,3319.7,51.4759,7.44694,159.531,0,156.342,1,16,-87,-6,11,53,50,11,29568768,262,1,415,13499,
369.497,3327.41,51.4758,7.447,160.013,7.68504,154.743,1,16,-87,-6,11,53,50,11,29568768,262,1,415,13499,
370.474,3335.47,51.4758,7.44705,160.28,8.82939,153.635,1,15,-88,-6,2,52,49,11,29568768,262,1,415,13499,
371.469,3335.47,51.4754,7.4471,nan,9.63689,153.1,1,15,-88,-6,2,52,49,11,29568768,262,1,415,13499,
372.479,3335.47,51.4756,7.44717,160.288,10.6439,152.437,1,7,-88,-6,2,52,49,11,29568768,262,1,415,13499,
373.493,3347.59,51.4755,7.44726,160.028,11.782,151.272,1,7,-88,-6,2,52,49,11,29568768,262,1,415,13499,
374.487,3360.46,51.4754,7.44736,159.872,12.3062,150.25,1,-1,-90,-7,2,50,48,11,29568768,262,1,415,13499,
375.485,3372.27,51.4753,7.44745,159.968,11.7678,149.26,1,-1,-90,-7,2,50,48,11,29568768,262,1,415,13499,
376.493,3382.86,51.4753,7.44754,160.008,11.4012,148.355,1,1,-94,-8,2,46,45,11,29568768,262,1,415,13499,
377.485,3394.33,51.4752,7.44763,159.892,10.9048,147.448,1,1,-94,-8,2,46,45,11,29568768,262,1,415,13499,
378.506,3405.71,51.4751,7.44773,160.029,10.9086,146.478,1,4,-95,-7,2,45,43,11,28368384,262,1,31,13499,
379.48,3416.44,51.475,7.44782,160.342,10.7519,145.586,1,4,-95,-7,2,45,43,11,28368384,262,1,31,13499,
380.488,3427.58,51.4749,7.44791,160.712,10.3302,144.596,1,2,-96,-8,2,44,42,11,28368384,262,1,31,13499,
381.496,3437.59,51.4749,7.44799,161.15,9.83479,143.893,1,2,-96,-8,2,44,42,11,28368384,262,1,31,13499,
382.503,3447.82,51.4748,7.44807,161.706,9.29087,143.393,1,5,-98,-8,2,42,40,11,28368384,262,1,31,13499,
383.49,3457.56,51.4747,7.44816,161.651,8.86984,142.808,1,5,-98,-8,2,42,40,11,28368384,262,1,31,13499,
384.498,3466.59,51.4746,7.44823,161.747,8.65604,142.085,1,3,-99,-8,2,41,40,11,28368384,262,1,31,13499,
385.474,3475.04,51.4746,7.4483,161.783,8.51029,141.57,1,3,-99,-8,2,41,40,11,28368384,262,1,31,13499,
386.492,3484.17,51.4745,7.44838,161.932,9.50742,141.191,1,1,-98,-8,2,42,41,11,28368384,262,1,31,13499,
387.484,3494.72,51.4744,7.44848,162.541,10.3336,140.808,1,1,-98,-8,2,42,41,11,28368384,262,1,31,13499,
388.497,3505.65,51.4744,7.44858,162.526,11.1863,140.881,1,9,-98,-8,2,42,42,11,28368384,262,1,31,13499,
389.497,3516.33,51.4743,7.44868,162.662,11.8024,140.916,1,9,-98,-8,2,42,42,11,28368384,262,1,31,13499,
390.485,3527.96,51.4742,7.44878,162.668,11.7979,140.56,1,8,-95,-8,2,45,45,11,28368384,262,1,31,13499,
391.456,3527.96,51.4742,7.44845,nan,11.6886,140.133,1,8,-95,-8,2,45,45,11,28368384,262,1,31,13499,
392.488,3527.96,51.474,7.44902,162.722,11.4322,139.608,1,8,-95,-8,2,45,45,11,28368384,262,1,31,13499,
393.48,3539.99,51.474,7.44913,163.031,11.2512,138.853,1,5,-92,-7,2,48,46,11,28368384,262,1,31,13499,
394.499,3550.35,51.4739,7.44923,163.109,10.9833,138.12,1,5,-92,-7,2,48,46,11,28368384,262,1,31,13499,
395.49,3560.88,51.4738,7.44933,163.225,11.407,137.126,1,-3,-91,-7,2,49,47,11,28368384,262,1,31,13499,
396.483,3572.3,51.4738,7.44945,163.554,11.4728,136.075,1,-3,-91,-7,2,49,47,11,28368384,262,1,31,13499,
397.51,3583.93,51.4737,7.44958,164.163,11.4868,134.943,1,22,-85,-7,2,55,54,11,29568768,262,1,415,13499,
398.48,3595.47,51.4736,7.44971,164.986,11.9632,133.637,1,22,-85,-7,2,55,54,11,29568768,262,1,415,13499,
399.492,3608.64,51.4735,7.44986,165.97,12.2401,132.209,1,19,-83,-6,2,57,55,11,29568768,262,1,415,13499,
400.485,3621.45,51.4735,7.45,166.732,11.9868,130.856,1,19,-83,-6,2,57,55,11,29568768,262,1,415,13499,
401.489,3633.58,51.4734,7.45014,167.245,11.6594,129.349,1,17,-82,-6,2,58,56,11,29568768,262,1,415,13499,
402.495,3645.18,51.4733,7.45028,167.46,11.2617,127.963,1,17,-82,-6,2,58,56,11,29568768,262,1,415,13499,
403.491,3656.39,51.4733,7.45041,167.444,10.9493,126.694,1,19,-82,-6,2,58,55,11,29568768,262,1,415,13499,
404.493,3667.37,51.4732,7.45055,167.355,10.8605,125.642,1,19,-82,-6,2,58,55,11,29568768,262,1,415,13499,
405.506,3678.5,51.4732,7.45068,167.304,11.7018,124.554,1,24,-84,-5,2,56,53,11,29568768,262,1,415,13499,
406.5,3690.96,51.4731,7.45083,167.295,12.5766,123.179,1,24,-84,-5,2,56,53,11,29568768,262,1,415,13499,
407.478,3703.57,51.4731,7.45099,167.307,12.3037,121.868,1,22,-83,-6,2,57,54,11,29568768,262,1,415,13499,
408.489,3716.38,51.473,7.45116,167.453,12.772,120.364,1,22,-83,-6,2,57,54,11,29568768,262,1,415,13499,
409.49,3728.85,51.473,7.45132,167.554,13.0733,118.894,1,24,-79,-6,2,61,58,11,29568768,262,1,415,13499,
410.49,3740.41,51.4729,7.45147,167.563,12.778,117.202,1,24,-79,-6,2,61,58,11,29568768,262,1,415,13499,
411.5,3752.05,51.4729,7.45162,167.373,12.6816,115.691,1,18,-81,-6,2,59,55,4,29568768,262,1,415,13499,
412.477,3764.39,51.4728,7.45179,167.211,13.0284,113.945,1,18,-81,-6,2,59,55,4,29568768,262,1,415,13499,
413.481,3776.68,51.4728,7.45196,166.945,13.249,112.376,1,18,-81,-6,2,59,55,4,29568768,262,1,415,13499,
414.483,3788.82,51.4728,7.45213,166.716,12.8714,110.829,1,19,-81,-5,12,59,54,4,29568768,262,1,415,13499,
415.495,3801.71,51.4727,7.4523,166.705,12.8777,109.152,1,19,-81,-5,12,59,54,4,29568768,262,1,415,13499,
416.488,3814.55,51.4727,7.45248,166.557,12.6953,107.775,1,40,-75,-5,14,65,61,4,29568768,262,1,415,13499,
417.493,3827.03,51.4727,7.45266,166.475,12.5588,106.932,1,40,-75,-5,14,65,61,4,29568768,262,1,415,13499,
418.481,3839.42,51.4726,7.45283,166.282,12.2159,106.117,1,26,-75,-5,15,65,59,4,29568768,262,1,415,13499,
419.478,3851.94,51.4726,7.45301,165.862,12.5362,105.677,1,26,-75,-5,15,65,59,4,29568768,262,1,415,13499,
420.496,3864.57,51.4726,7.45319,165.73,12.7424,105.114,1,19,-81,-5,14,59,55,4,29568768,262,1,415,13499,
421.501,3876.51,51.4726,7.45335,165.974,12.4223,104.547,1,19,-81,-5,14,59,55,4,29568768,262,1,415,13499,
422.496,3889.09,51.4725,7.45353,166.026,12.1354,104.802,1,19,-79,-5,12,61,57,4,29568768,262,1,415,13499,
423.481,3901.03,51.4725,7.4537,166.363,12.6039,105.134,1,19,-79,-5,12,61,57,4,29568768,262,1,415,13499,
424.505,3913.91,51.4725,7.45388,166.364,12.7731,105.264,1,18,-83,-5,12,57,53,4,29568768,262,1,415,13499,
425.484,3927.48,51.4725,7.45407,165.918,12.4711,105.893,1,18,-83,-5,12,57,53,4,29568768,262,1,415,13499,
426.493,3939.95,51.4724,7.45424,165.434,12.2385,105.951,1,19,-83,-6,13,57,54,4,29568768,262,1,415,13499,
427.482,3952.38,51.4724,7.45441,164.824,12.1615,106.474,1,19,-83,-6,13,57,54,4,29568768,262,1,415,13499,
428.501,3964.16,51.4724,7.45458,163.995,11.9426,106.808,1,19,-77,-5,12,63,58,4,29568768,262,1,415,13499,
429.478,3976.52,51.4723,7.45475,163.407,12.6884,107.204,1,19,-77,-5,12,63,58,4,29568768,262,1,415,13499,
430.622,3989.42,51.4723,7.45493,162.76,12.7403,107.717,1,22,-79,-5,13,61,56,4,29568768,262,1,415,13499,
431.455,3989.42,51.4725,7.45546,nan,12.5118,108.407,1,22,-79,-5,13,61,56,4,29568768,262,1,415,13499,
432.485,3989.42,51.4722,7.45526,161.722,12.5815,109.208,1,20,-80,-5,15,60,55,4,29568768,262,1,415,13499,
433.492,4002.06,51.4722,7.45543,161.671,13.4284,109.845,1,20,-80,-5,15,60,55,4,29568768,262,1,415,13499,
434.502,4015.84,51.4721,7.45562,161.627,14.0656,110.342,1,14,-83,-5,10,57,53,4,29568768,262,1,415,13499,
435.486,4029.73,51.4721,7.45581,161.481,13.9563,111.001,1,14,-83,-5,10,57,53,4,29568768,262,1,415,13499,
436.506,4043.75,51.4721,7.456,161.21,13.7641,111.603,1,15,-88,-6,11,52,48,4,29568768,262,1,415,13499,
437.494,4058.19,51.472,7.45619,160.593,13.6592,112.423,1,15,-88,-6,11,52,48,4,29568768,262,1,415,13499,
438.494,4071.33,51.472,7.45636,160.081,13.5292,113.203,1,15,-88,-6,11,52,48,4,29568768,262,1,415,13499,
439.486,4084.76,51.4719,7.45653,159.586,13.3982,113.967,1,18,-87,-5,10,53,49,4,29568768,262,1,415,13499,
440.483,4098.45,51.4718,7.45671,158.951,13.2897,114.516,1,18,-87,-5,10,53,49,4,29568768,262,1,415,13499,
441.51,4111.43,51.4718,7.45688,158.396,13.1423,115.273,1,17,-81,-5,10,59,54,4,29568768,262,1,415,13499,
442.472,4124.29,51.4717,7.45704,157.931,12.9482,115.093,1,17,-81,-5,10,59,54,4,29568768,262,1,415,13499,
443.5,4137.11,51.4717,7.45721,157.428,12.8361,115.307,1,20,-85,-6,11,55,52,4,29568768,262,1,415,13499,
444.492,4149.67,51.4716,7.45737,156.972,12.5779,115.996,1,20,-85,-6,11,55,52,4,29568768,262,1,415,13499,
445.479,4162.88,51.4716,7.45754,156.755,12.5399,117.198,1,14,-89,-6,14,51,47,4,29568768,262,1,415,13499,
446.488,4175.09,51.4715,7.4577,156.602,12.141,117.552,1,14,-89,-6,14,51,47,4,29568768,262,1,415,13499,
447.493,4186.66,51.4715,7.45785,156.469,11.8577,116.803,1,14,-91,-6,14,49,47,4,29568768,262,1,415,13499,
448.496,4198.46,51.4714,7.458,156.194,11.6911,116.147,1,14,-91,-6,14,49,47,4,29568768,262,1,415,13499,
449.493,4210.45,51.4714,7.45815,155.938,11.4895,115.948,1,18,-89,-7,2,51,48,4,29568768,262,1,415,13499,
450.477,4221.1,51.4714,7.45829,155.595,11.2428,115.207,1,18,-89,-7,2,51,48,4,29568768,262,1,415,13499,
451.474,4232.68,51.4713,7.45844,155.471,10.9057,115.2,1,18,-89,-6,2,51,48,4,29568768,262,1,415,13499,
452.479,4243.27,51.4713,7.45858,155.675,10.5685,114.771,1,18,-89,-6,2,51,48,4,29568768,262,1,415,13499,
453.489,4253.63,51.4712,7.45872,155.962,10.0727,115.487,1,15,-88,-7,10,52,49,4,29568768,262,1,415,13499,
454.475,4262.52,51.4712,7.45884,155.919,9.76131,115.665,1,15,-88,-7,10,52,49,4,29568768,262,1,415,13499,
455.494,4272.33,51.4712,7.45896,155.944,9.41152,115.702,1,13,-93,-8,8,47,46,4,29568768,262,1,415,13499,
456.483,4281.52,51.4711,7.45908,155.874,9.68897,115.139,1,13,-93,-8,8,47,46,4,29568768,262,1,415,13499,
457.494,4291.14,51.4711,7.45921,155.62,7.6457,116.018,1,10,-92,-9,8,48,49,4,29568768,262,1,415,13499,
458.486,4297.46,51.4711,7.45929,155.423,5.05064,116.882,1,10,-92,-9,8,48,49,4,29568768,262,1,415,13499,
459.477,4301.73,51.471,7.45935,155.421,4.13927,118.237,1,6,-94,-10,8,46,47,4,29568768,262,1,415,13499,
460.498,4304.38,51.471,7.45939,155.445,3.00413,117.283,1,6,-94,-10,8,46,47,4,29568768,262,1,415,13499,
461.482,4306.77,51.471,7.45942,155.542,1.87157,120.065,1,6,-94,-10,8,46,47,4,29568768,262,1,415,13499,
462.488,4308.63,51.471,7.45944,155.706,0.47378,120.065,1,6,-94,-10,9,46,48,4,29568768,262,1,415,13499,
463.494,4308.63,51.471,7.45944,155.725,0,120.065,1,6,-94,-10,9,46,48,4,29568768,262,1,415,13499,
464.492,4308.63,51.471,7.45944,155.743,0,120.065,1,3,-92,-9,10,48,49,4,29568768,262,1,415,13499,
465.498,4308.63,51.471,7.45944,155.764,0,120.065,1,3,-92,-9,10,48,49,4,29568768,262,1,415,13499,
466.49,4308.63,51.471,7.45944,155.787,0,120.065,1,7,-93,-10,9,47,49,4,29568768,262,1,415,13499,
467.482,4308.63,51.471,7.45944,155.805,0,120.065,1,7,-93,-10,9,47,49,4,29568768,262,1,415,13499,
468.473,4308.63,51.471,7.45944,155.819,0,120.065,1,7,-92,-9,2,48,48,4,29568768,262,1,415,13499,
469.485,4308.63,51.471,7.45944,155.829,0,120.065,1,7,-92,-9,2,48,48,4,29568768,262,1,415,13499,
470.483,4308.63,51.471,7.45944,155.836,0,120.065,1,7,-93,-9,2,47,48,4,29568768,262,1,415,13499,
471.47,4308.63,51.471,7.45976,nan,0,120.065,1,7,-93,-9,2,47,48,4,29568768,262,1,415,13499,
472.503,4308.63,51.471,7.45944,155.849,0,120.065,1,7,-93,-9,2,47,48,4,29568768,262,1,415,13499,
473.512,4308.63,51.471,7.45944,155.851,0,120.065,1,7,-93,-9,2,47,48,4,29568768,262,1,415,13499,
474.495,4308.63,51.471,7.45944,155.85,0,120.065,1,7,-92,-8,2,48,48,4,29568769,262,1,416,13499,
475.493,4308.63,51.471,7.45944,155.845,0,120.065,1,7,-92,-8,2,48,48,4,29568769,262,1,416,13499,
476.496,4308.63,51.471,7.45944,155.841,0,120.065,1,8,-92,-8,2,48,48,4,29568769,262,1,416,13499,
477.479,4308.63,51.471,7.45944,155.836,0,120.065,1,8,-92,-8,2,48,48,4,29568769,262,1,416,13499,
478.498,4308.63,51.471,7.45944,155.833,0,120.065,1,8,-91,-8,2,49,48,4,29568769,262,1,416,13499,
479.48,4308.63,51.471,7.45944,155.831,0,120.065,1,8,-91,-8,2,49,48,4,29568769,262,1,416,13499,
480.481,4308.63,51.471,7.45944,155.829,0,120.065,1,9,-91,-8,2,49,47,4,29568769,262,1,416,13499,
481.491,4308.63,51.471,7.45944,155.827,0,120.065,1,9,-91,-8,2,49,47,4,29568769,262,1,416,13499,
482.49,4308.63,51.471,7.45944,155.826,0,120.065,1,11,-91,-8,2,49,47,4,29568769,262,1,416,13499,
483.487,4308.63,51.471,7.45944,155.825,0,120.065,1,11,-91,-8,2,49,47,4,29568769,262,1,416,13499,
484.506,4308.63,51.471,7.45944,155.826,0,120.065,1,11,-91,-8,2,49,47,4,29568769,262,1,416,13499,
485.505,4308.63,51.471,7.45944,155.831,0,120.065,1,4,-92,-8,2,48,47,4,29568769,262,1,416,13499,
486.498,4308.63,51.471,7.45944,155.835,0,120.065,1,4,-92,-8,2,48,47,4,29568769,262,1,416,13499,
487.474,4308.63,51.471,7.45944,155.841,0,120.065,1,10,-92,-8,2,48,47,4,29568769,262,1,416,13499,
488.495,4308.63,51.471,7.45944,155.848,0,120.065,1,10,-92,-8,2,48,47,4,29568769,262,1,416,13499,
489.482,4308.63,51.471,7.45944,155.855,0,120.065,1,11,-92,-8,2,48,47,4,29568769,262,1,416,13499,
490.485,4308.63,51.471,7.45944,155.863,0,120.065,1,11,-92,-8,2,48,47,4,29568769,262,1,416,13499,
491.48,4308.63,51.471,7.45944,155.871,0,120.065,1,5,-92,-8,2,48,47,4,29568769,262,1,416,13499,
492.483,4308.63,51.471,7.45944,155.879,0,120.065,1,5,-92,-8,2,48,47,4,29568769,262,1,416,13499,
493.491,4308.63,51.471,7.45944,155.888,0,120.065,1,9,-92,-8,2,48,47,4,29568769,262,1,416,13499,
494.59,4308.63,51.471,7.45944,155.899,0,120.065,1,9,-92,-8,2,48,47,4,29568769,262,1,416,13499,
495.487,4308.63,51.471,7.45944,155.909,0,120.065,1,8,-92,-8,8,48,47,5,29568769,262,1,416,13499,
496.481,4308.63,51.471,7.45944,156.01,0,120.065,1,8,-92,-8,8,48,47,5,29568769,262,1,416,13499,
497.49,4308.63,51.471,7.45944,156.104,0,126.264,1,9,-94,-9,6,46,47,5,29568769,262,1,416,13499,
498.49,4308.63,51.471,7.45944,156.815,0,123.513,1,9,-94,-9,6,46,47,5,29568769,262,1,416,13499,
499.479,4322.24,51.471,7.45961,157.509,7.44462,121.62,1,17,-93,-9,11,47,48,5,29568769,262,1,416,13499,
500.477,4330.74,51.4709,7.45971,157.847,8.16659,119.041,1,17,-93,-9,11,47,48,5,29568769,262,1,416,13499,
501.494,4339.89,51.4709,7.45983,157.84,9.17121,117.195,1,2,-93,-9,6,47,47,5,29568769,262,1,416,13499,
502.475,4349.87,51.4708,7.45996,157.486,10.0446,116.295,1,2,-93,-9,6,47,47,5,29568769,262,1,416,13499,
503.483,4358.45,51.4708,7.46007,156.88,9.29594,113.955,1,2,-93,-9,6,47,47,5,29568769,262,1,416,13499,
504.503,4368.48,51.4708,7.46021,156.181,9.58081,113.017,1,3,-99,-12,8,41,44,5,29568769,262,1,416,13499,
505.48,4378.14,51.4707,7.46034,155.939,10.4815,112.578,1,3,-99,-12,8,41,44,5,29568769,262,1,416,13499,
506.483,4389.71,51.4707,7.46049,155.903,10.5332,112.734,1,15,-96,-10,6,44,45,5,29568769,262,1,416,13499,
507.495,4400.2,51.4707,7.46063,156.203,11.2701,113.145,1,15,-96,-10,6,44,45,5,29568769,262,1,416,13499,
508.488,4411.19,51.4706,7.46078,156.437,11.3287,113.563,1,8,-95,-10,8,45,46,5,29568769,262,1,416,13499,
509.498,4422.56,51.4706,7.46093,156.598,11.1731,114.206,1,8,-95,-10,8,45,46,5,29568769,262,1,416,13499,
510.486,4434.13,51.4705,7.46108,156.427,11.3838,114.62,1,-1,-96,-10,7,44,45,5,29568769,262,1,416,13499,
511.478,4446.06,51.4705,7.46124,156.03,12.0096,115.087,1,-1,-96,-10,7,44,45,5,29568769,262,1,416,13499,
512.488,4457.6,51.4705,7.46139,155.52,11.7218,115.302,1,2,-99,-12,2,41,44,5,29568769,262,1,416,13499,
513.486,4469.94,51.4704,7.46155,155.343,11.9897,115.448,1,2,-99,-12,2,41,44,5,29568769,262,1,416,13499,
514.485,4482.8,51.4704,7.46172,155.599,12.1938,115.681,1,0,-98,-11,2,42,43,5,29568769,262,1,416,13499,
515.498,4495.09,51.4703,7.46187,155.246,12.5255,115.181,1,0,-98,-11,2,42,43,5,29568769,262,1,416,13499,
516.47,4508.6,51.4703,7.46205,156.014,12.6873,115.493,1,-3,-102,-14,2,38,42,5,29568769,262,1,416,13499,
517.501,4522.37,51.4702,7.46223,156.603,13.1693,115.676,1,-3,-102,-14,2,38,42,5,29568769,262,1,416,13499,
518.484,4534.62,51.4702,7.46239,157.098,13.6116,115.298,1,-2,-100,-11,2,40,42,5,26378498,262,1,495,13499,
519.498,4547.85,51.4701,7.46256,157.804,13.5287,115.374,1,-2,-100,-11,2,40,42,5,26378498,262,1,495,13499,
520.482,4561.22,51.4701,7.46274,158.45,13.9038,115.126,1,4,-99,-10,2,41,42,5,26378498,262,1,495,13499,
521.491,4575.14,51.47,7.46292,158.791,14.8352,115.05,1,4,-99,-10,2,41,42,5,26378498,262,1,495,13499,
522.484,4589.39,51.47,7.46311,159.17,14.5278,115.699,1,-3,-100,-11,2,40,43,5,26378498,262,1,495,13499,
523.503,4603.89,51.4699,7.4633,159.52,14.291,114.765,1,-3,-100,-11,2,40,43,5,26378498,262,1,495,13499,
524.48,4617.82,51.4698,7.46348,160.122,13.8956,114.158,1,7,-99,-12,2,41,44,5,26378498,262,1,495,13499,
525.491,4632.08,51.4698,7.46367,160.433,14.5046,113.304,1,7,-99,-12,2,41,44,5,26378498,262,1,495,13499,
526.51,4646.64,51.4697,7.46387,160.704,15.0273,112.282,1,7,-100,-12,2,40,43,5,26378498,262,1,495,13499,
527.486,4660.79,51.4697,7.46406,160.85,15.082,110.938,1,7,-100,-12,2,40,43,5,26378498,262,1,495,13499,
528.51,4677.03,51.4697,7.46428,161.044,15.9596,110.772,1,7,-100,-12,2,40,43,5,26378498,262,1,495,13499,
529.474,4693.78,51.4696,7.46451,161.144,16.6071,109.775,1,5,-99,-10,2,41,42,5,26378498,262,1,495,13499,
530.452,4710.76,51.4696,7.46475,161.09,16.4486,108.685,1,5,-99,-10,2,41,42,5,26378498,262,1,495,13499,
531.471,4726.72,51.4695,7.46497,160.629,16.3435,106.995,1,5,-101,-9,8,39,39,12,26378498,262,1,495,13499,
532.481,4742.94,51.4695,7.4652,160.013,16.5822,104.721,1,5,-101,-9,8,39,39,12,26378498,262,1,495,13499,
533.482,4759.44,51.4695,7.46543,159.512,16.8802,103.196,1,0,-98,-9,6,42,43,15,29401601,262,1,430,13499,
534.498,4776.74,51.4695,7.46568,159.197,17.4728,101.359,1,0,-98,-9,6,42,43,15,29401601,262,1,430,13499,
535.495,4794.38,51.4694,7.46593,159.065,18.071,99.2905,1,8,-94,-8,11,46,45,15,29401601,262,1,430,13499,
536.487,4813.04,51.4694,7.4662,158.827,18.9192,96.0822,1,8,-94,-8,11,46,45,15,29401601,262,1,430,13499,
537.562,4832.35,51.4694,7.46648,158.748,19.6059,94.3474,1,7,-94,-7,11,46,44,15,29401601,262,1,430,13499,
538.494,4852.15,51.4694,7.46677,158.566,19.828,92.4638,1,7,-94,-7,11,46,44,15,29401601,262,1,430,13499,
539.504,4872.55,51.4694,7.46706,158.395,19.3796,90.6095,1,5,-91,-6,13,49,45,15,29401601,262,1,430,13499,
540.478,4892.44,51.4694,7.46735,158.377,18.966,89.0167,1,5,-91,-6,13,49,45,15,29401601,262,1,430,13499,
541.507,4912.26,51.4694,7.46763,158.397,18.9221,87.1933,1,2,-100,-10,5,40,41,15,29401601,262,1,430,13499,
542.5,4931.52,51.4695,7.46791,158.409,18.999,85.631,1,2,-100,-10,5,40,41,15,29401601,262,1,430,13499,
543.473,4950.74,51.4695,7.46818,159.035,18.9146,84.4646,1,4,-96,-8,9,44,43,15,29401601,262,1,430,13499,
544.475,4969.17,51.4695,7.46845,159.344,18.7703,83.4221,1,4,-96,-8,9,44,43,15,29401601,262,1,430,13499,
545.488,4986.92,51.4695,7.4687,159.129,18.544,82.3113,1,7,-101,-9,8,39,39,15,29401601,262,1,430,13499,
546.491,5004.35,51.4696,7.46895,159.288,18.3711,81.9288,1,7,-101,-9,8,39,39,15,29401601,262,1,430,13499,
547.486,5022.84,51.4696,7.46921,159.431,18.3714,81.4385,1,3,-103,-10,8,37,38,15,29401601,262,1,430,13499,
548.496,5042.68,51.4696,7.46949,159.857,18.006,81.0275,1,3,-103,-10,8,37,38,15,29401601,262,1,430,13499,
549.511,5061.17,51.4697,7.46975,160.027,18.1956,80.5424,1,2,-102,-11,7,38,41,15,29401601,262,1,430,13499,
550.495,5079.86,51.4697,7.47001,160.247,18.5783,80.8998,1,2,-102,-11,7,38,41,15,29401601,262,1,430,13499,
551.468,5098.27,51.4697,7.47028,160.389,19.0874,82.5267,1,4,-99,-9,8,41,41,15,29401601,262,1,430,13499,
552.48,5117.39,51.4698,7.47055,160.84,18.4265,83.4043,1,4,-99,-9,8,41,41,15,29401601,262,1,430,13499,
553.482,5136.19,51.4698,7.47082,161.32,18.7222,84.3585,1,1,-98,-9,7,42,42,15,29401601,262,1,430,13499,
554.512,5153.93,51.4698,7.47107,161.835,18.8436,85.3937,1,1,-98,-9,7,42,42,15,29401601,262,1,430,13499,
555.501,5171.47,51.4698,7.47133,161.935,18.8336,86.59,1,1,-98,-9,7,42,42,15,29401601,262,1,430,13499,
556.5,5190.11,51.4698,7.4716,161.73,19.0239,87.7938,1,2,-98,-9,9,42,42,15,29401601,262,1,430,13499,
557.481,5209.39,51.4698,7.47187,161.477,18.666,89.3391,1,2,-98,-9,9,42,42,15,29401601,262,1,430,13499,
558.492,5228.07,51.4698,7.47214,161.327,18.5786,91.1999,1,3,-100,-10,8,40,42,15,29401601,262,1,430,13499,
559.501,5246.96,51.4698,7.47242,161.398,18.8908,93.3045,1,3,-100,-10,8,40,42,15,29401601,262,1,430,13499,
560.492,5265.53,51.4698,7.47268,161.643,18.866,94.7235,1,3,-101,-10,8,39,40,15,29401601,262,1,430,13499,
561.479,5284.13,51.4698,7.47295,161.821,18.3606,96.1568,1,3,-101,-10,8,39,40,15,29401601,262,1,430,13499,
562.509,5302.99,51.4698,7.47322,162.315,17.7519,96.9982,1,2,-101,-10,7,39,40,15,29401601,262,1,430,13499,
563.477,5319.84,51.4697,7.47346,162.686,17.8292,97.5516,1,2,-101,-10,7,39,40,15,29401601,262,1,430,13499,
564.494,5337.81,51.4697,7.47372,162.969,17.7675,98.2907,1,-1,-102,-13,5,38,42,15,29401601,262,1,430,13499,
565.481,5355.56,51.4697,7.47398,163.001,17.4457,98.7321,1,-1,-102,-13,5,38,42,15,29401601,262,1,430,13499,
566.474,5373.01,51.4697,7.47422,162.863,17.1419,98.2562,1,-4,-104,-14,4,36,41,15,29401601,262,1,430,13499,
567.485,5390.31,51.4697,7.47447,162.814,17.8173,97.3529,1,-4,-104,-14,4,36,41,15,29401601,262,1,430,13499,
568.49,5408.07,51.4696,7.47473,162.419,16.8323,96.7976,1,-7,-105,-14,2,35,40,15,29401601,262,1,430,13499,
569.485,5425.11,51.4696,7.47497,161.999,17.2583,96.8113,1,-7,-105,-14,2,35,40,15,29401601,262,1,430,13499,
570.493,5442.55,51.4696,7.47522,161.932,17.5767,96.4202,1,-4,-103,-13,2,37,40,15,30492930,262,1,9,13499,
571.482,5459.66,51.4696,7.47547,162.201,17.7055,95.5147,1,-4,-103,-13,2,37,40,15,30492930,262,1,9,13499,
572.493,5476.04,51.4696,7.4757,162.959,17.4725,94.815,1,-4,-102,-13,2,38,42,15,30492930,262,1,9,13499,
573.495,5493.61,51.4695,7.47595,163.989,16.606,94.0833,1,-4,-102,-13,2,38,42,15,30492930,262,1,9,13499,
574.484,5510.03,51.4695,7.47619,164.807,15.4464,93.0974,1,-5,-103,-15,2,37,43,15,26378497,262,1,496,13499,
575.504,5526.17,51.4695,7.47642,165.925,14.3923,91.6047,1,-5,-103,-15,2,37,43,15,26378497,262,1,496,13499,
576.483,5540.6,51.4695,7.47663,167.671,13.1729,90.8452,1,-3,-100,-13,2,40,44,15,26378497,262,1,496,13499,
577.49,5552.66,51.4695,7.47681,169.438,11.5273,89.5695,1,-3,-100,-13,2,40,44,15,26378497,262,1,496,13499,
578.48,5564.08,51.4695,7.47697,170.745,10.6687,88.4057,1,-3,-100,-13,2,40,44,15,26378497,262,1,496,13499,
579.499,5576.62,51.4695,7.47715,172.552,10.1771,87.485,1,-8,-100,-13,2,40,45,15,26378497,262,1,496,13499,
580.484,5586.89,51.4696,7.4773,174.831,7.97181,86.0329,1,-8,-100,-13,2,40,45,15,26378497,262,1,496,13499,
581.492,5594.7,51.4696,7.47741,177.176,6.51951,86.9243,1,-5,-100,-14,2,40,46,15,26378497,262,1,496,13499,
582.487,5601.74,51.4696,7.47751,178.837,5.63678,88.4807,1,-5,-100,-14,2,40,46,15,26378497,262,1,496,13499,
583.492,5607.48,51.4696,7.47759,179.88,4.95371,86.5659,1,-1,-98,-13,2,42,47,15,28368898,262,1,56,13499,
584.482,5612.72,51.4696,7.47767,180.67,4.3941,84.1337,1,-1,-98,-13,2,42,47,15,28368898,262,1,56,13499,
585.487,5616.54,51.4696,7.47772,181.253,4.17595,84.1573,1,-3,-97,-13,2,43,47,15,28368898,262,1,56,13499,
586.497,5619.85,51.4696,7.47777,181.261,3.66627,85.3975,1,-3,-97,-13,2,43,47,15,28368898,262,1,56,13499,
587.493,5623.07,51.4696,7.47781,181.257,3.56617,84.4178,1,0,-97,-14,2,43,48,15,28368898,262,1,56,13499,
588.477,5626.05,51.4696,7.47785,181.233,3.10268,81.6957,1,0,-97,-14,2,43,48,15,28368898,262,1,56,13499,
589.491,5627.52,51.4696,7.47787,181.149,2.43805,84.4396,1,-3,-96,-14,2,44,49,15,28368898,262,1,56,13499,
590.488,5629.81,51.4696,7.4779,181.038,2.42948,81.9028,1,-3,-96,-14,2,44,49,15,28368898,262,1,56,13499,
591.476,5632.48,51.4697,7.47794,180.969,2.10528,81.3273,1,-4,-96,-13,2,44,49,15,28368898,262,1,56,13499,
592.497,5634.06,51.4697,7.47796,180.888,1.4951,81.9649,1,-4,-96,-13,2,44,49,15,28368898,262,1,56,13499,
593.487,5635.55,51.4697,7.47797,180.853,0.568219,81.9649,1,-3,-98,-15,4,42,48,30,28368898,262,1,56,13499,
594.492,5635.55,51.4697,7.47797,180.85,0,81.9649,1,-3,-98,-15,4,42,48,30,28368898,262,1,56,13499,
595.48,5637.63,51.4697,7.478,180.782,1.27264,78.9497,1,-3,-97,-12,4,43,46,30,28368898,262,1,56,13499,
596.478,5638.63,51.4697,7.47802,180.706,1.78484,80.1857,1,-3,-97,-12,4,43,46,30,28368898,262,1,56,13499,
597.493,5642.46,51.4697,7.47807,180.272,4.18152,81.3334,1,-3,-98,-13,5,42,46,30,28368898,262,1,56,13499,
598.494,5647.47,51.4697,7.47814,179.903,5.83168,79.6133,1,-3,-98,-13,5,42,46,30,28368898,262,1,56,13499,
599.485,5653.57,51.4697,7.47823,179.646,6.12844,79.6204,1,-1,-97,-14,4,43,48,30,28368898,262,1,56,13499,
600.496,5659.74,51.4697,7.47832,179.153,6.94725,80.2919,1,-1,-97,-14,4,43,48,30,28368898,262,1,56,13499,
601.48,5667.62,51.4697,7.47843,178.497,8.69072,79.7167,1,10,-90,-11,11,50,51,8,26378497,262,1,496,13499,
602.485,5676.99,51.4697,7.47856,178.011,9.1434,78.9321,1,10,-90,-11,11,50,51,8,26378497,262,1,496,13499,
603.502,5686.18,51.4698,7.47869,177.429,9.43238,78.5699,1,8,-88,-10,9,52,52,8,26378497,262,1,496,13499,
604.481,5695.6,51.4698,7.47882,176.95,9.26054,77.2752,1,8,-88,-10,9,52,52,8,26378497,262,1,496,13499,
605.491,5704.75,51.4698,7.47895,176.774,8.01638,76.8923,1,8,-88,-10,9,52,52,8,26378497,262,1,496,13499,
606.493,5711.26,51.4698,7.47904,176.521,6.69564,76.323,1,21,-86,-10,9,54,55,8,26378497,262,1,496,13499,
607.503,5716.56,51.4698,7.47911,176.033,4.94129,75.5056,1,21,-86,-10,9,54,55,8,26378497,262,1,496,13499,
608.48,5720.5,51.4698,7.47917,175.995,2.87339,75.5587,1,24,-81,-9,12,59,56,8,26378497,262,1,496,13499,
609.503,5720.5,51.4698,7.47917,175.991,0,75.5587,1,24,-81,-9,12,59,56,8,26378497,262,1,496,13499,
610.474,5720.5,51.4698,7.47917,175.986,0,75.5587,1,26,-84,-9,12,56,54,8,26378497,262,1,496,13499,
611.486,5720.5,51.4698,7.47917,175.983,0,75.5587,1,26,-84,-9,12,56,54,8,26378497,262,1,496,13499,
612.494,5720.5,51.4698,7.47917,175.982,0,75.5587,1,13,-85,-8,11,55,52,8,26378497,262,1,496,13499,
613.498,5720.5,51.4698,7.47917,175.981,0,75.5587,1,13,-85,-8,11,55,52,8,26378497,262,1,496,13499,
614.489,5720.5,51.4698,7.47917,175.979,0,75.5587,1,24,-84,-9,11,56,53,8,26378497,262,1,496,13499,
615.495,5720.5,51.4698,7.47917,175.979,0,75.5587,1,24,-84,-9,11,56,53,8,26378497,262,1,496,13499,
616.52,5720.5,51.4698,7.47917,175.978,0,75.5587,1,24,-84,-9,11,56,52,8,26378497,262,1,496,13499,
617.485,5720.5,51.4698,7.47917,175.978,0,75.5587,1,24,-84,-9,11,56,52,8,26378497,262,1,496,13499,
618.496,5720.5,51.4698,7.47917,175.978,0,75.5587,1,13,-84,-9,11,56,52,8,26378497,262,1,496,13499,
619.485,5720.5,51.4698,7.47917,175.977,0,75.5587,1,13,-84,-9,11,56,52,8,26378497,262,1,496,13499,
620.489,5720.5,51.4698,7.47917,175.974,0,75.5587,1,22,-85,-6,11,55,49,8,26378497,262,1,496,13499,
621.492,5720.5,51.4698,7.47917,175.97,0,75.5587,1,22,-85,-6,11,55,49,8,26378497,262,1,496,13499,
622.485,5720.5,51.4698,7.47917,175.964,0,75.5587,1,17,-84,-6,11,56,49,8,26378497,262,1,496,13499,
623.491,5720.5,51.4698,7.47917,175.958,0,75.5587,1,17,-84,-6,11,56,49,8,26378497,262,1,496,13499,
624.489,5720.5,51.4698,7.47917,175.959,0,75.5587,1,26,-85,-8,11,55,52,8,26378497,262,1,496,13499,
625.492,5720.5,51.4698,7.47917,175.963,0,75.5587,1,26,-85,-8,11,55,52,8,26378497,262,1,496,13499,
626.636,5720.5,51.4698,7.47917,175.968,0,75.5587,1,26,-84,-7,10,56,52,8,26378497,262,1,496,13499,
627.481,5720.5,51.4698,7.47917,175.974,0,75.5587,1,26,-84,-7,10,56,52,8,26378497,262,1,496,13499,
628.483,5720.5,51.4698,7.47917,175.981,0,75.5587,1,26,-84,-7,10,56,52,8,26378497,262,1,496,13499,
629.517,5720.5,51.4698,7.47917,175.987,0,75.5587,1,13,-85,-9,15,55,53,8,26378497,262,1,496,13499,
630.494,5720.5,51.4698,7.47917,175.993,0,75.5587,1,13,-85,-9,15,55,53,8,26378497,262,1,496,13499,
631.49,5720.5,51.4698,7.47917,175.999,0,75.5587,1,27,-84,-6,10,56,51,8,26378497,262,1,496,13499,
632.497,5720.5,51.4706,7.48233,nan,0,75.5587,1,27,-84,-6,10,56,51,8,26378497,262,1,496,13499,
633.484,5720.5,51.4698,7.47917,176.01,0,75.5587,1,26,-84,-8,11,56,52,8,26378497,262,1,496,13499,
634.501,5720.5,51.4698,7.47917,176.014,0,75.5587,1,26,-84,-8,11,56,52,8,26378497,262,1,496,13499,
635.477,5720.5,51.4698,7.47917,176.017,0,75.5587,1,28,-84,-9,11,56,53,8,26378497,262,1,496,13499,
636.479,5720.5,51.4698,7.47917,176.02,0,75.5587,1,28,-84,-9,11,56,53,8,26378497,262,1,496,13499,
637.49,5720.5,51.4698,7.47917,176.022,0,75.5587,1,25,-85,-9,11,55,52,8,26378497,262,1,496,13499,
638.447,5720.5,51.4698,7.47917,176.023,0,75.5587,1,25,-85,-9,11,55,52,8,26378497,262,1,496,13499,
639.486,5720.5,51.4698,7.47917,176.031,0,75.5587,1,25,-84,-9,11,56,52,8,26378497,262,1,496,13499,
640.478,5725.91,51.4699,7.47924,176.096,0,71.1088,1,25,-84,-9,11,56,52,8,26378497,262,1,496,13499,
641.497,5732.47,51.4699,7.47933,175.955,0,71.8783,1,26,-82,-9,12,58,55,8,26378497,262,1,496,13499,
642.494,5739.87,51.4699,7.47944,175.921,8.83923,72.3579,1,26,-82,-9,12,58,55,8,26378497,262,1,496,13499,
643.485,5748.82,51.4699,7.47956,176.001,10.4122,71.9125,1,16,-85,-9,10,55,54,8,26378497,262,1,496,13499,
644.518,5759.55,51.4699,7.47971,176.108,11.7044,72.0065,1,16,-85,-9,10,55,54,8,26378497,262,1,496,13499,
645.499,5771.97,51.47,7.47988,176.156,12.8571,72.962,1,29,-81,-7,11,59,57,8,26378497,262,1,496,13499,
646.486,5784.22,51.47,7.48004,175.94,13.4022,72.6565,1,29,-81,-7,11,59,57,8,26378497,262,1,496,13499,
647.483,5798.76,51.4701,7.48024,175.839,14.7461,72.0373,1,26,-79,-6,11,61,60,8,26378497,262,1,496,13499,
648.509,5814.15,51.4701,7.48045,175.881,15.7734,71.2418,1,26,-79,-6,11,61,60,8,26378497,262,1,496,13499,
649.473,5830.53,51.4701,7.48068,176.126,15.6294,71.5821,1,5,-88,-10,2,52,52,8,26378497,262,1,496,13499,
650.473,5845.3,51.4702,7.48088,176.237,14.6714,71.9325,1,5,-88,-10,2,52,52,8,26378497,262,1,496,13499,
651.478,5859.5,51.4702,7.48108,176.155,13.9011,72.5608,1,13,-87,-9,2,53,53,8,26378497,262,1,496,13499,
652.489,5872.53,51.4703,7.48126,175.948,11.4369,73.5003,1,13,-87,-9,2,53,53,8,26378497,262,1,496,13499,
653.484,5883.33,51.4703,7.48141,175.878,8.42261,74.2946,1,13,-86,-8,2,54,54,8,26378497,262,1,496,13499,
654.499,5892.42,51.4703,7.48154,176.237,6.6141,97.6421,1,13,-86,-8,2,54,54,8,26378497,262,1,496,13499,
655.494,5899.73,51.4702,7.48163,176.735,8.01235,127.688,1,12,-88,-9,2,52,51,8,26378497,262,1,496,13499,
656.505,5906.32,51.4702,7.48167,176.969,8.67332,152.702,1,12,-88,-9,2,52,51,8,26378497,262,1,496,13499,
657.492,5915.16,51.4701,7.48173,177.308,9.60307,155.955,1,13,-90,-9,2,50,49,8,26378497,262,1,496,13499,
658.505,5925.27,51.47,7.48177,177.587,10.8659,158.769,1,13,-90,-9,2,50,49,8,26378497,262,1,496,13499,
659.476,5937.18,51.4699,7.48183,177.492,12.1953,160.616,1,13,-90,-9,2,50,49,8,26378497,262,1,496,13499,
660.499,5950.18,51.4698,7.48188,177.446,13.2454,162.323,1,10,-90,-9,2,50,49,8,26378497,262,1,496,13499,
661.5,5963.17,51.4697,7.48192,177.346,12.5512,163.305,1,10,-90,-9,2,50,49,8,26378497,262,1,496,13499,
662.487,5975.76,51.4696,7.48197,177.195,12.4279,163.677,1,8,-92,-9,2,48,47,8,26378497,262,1,496,13499,
663.473,5987.72,51.4695,7.48201,176.963,12.315,163.334,1,8,-92,-9,2,48,47,8,26378497,262,1,496,13499,
664.493,5999.53,51.4694,7.48205,175.983,11.8224,162.553,1,5,-92,-8,2,48,47,8,26378497,262,1,496,13499,
665.494,6014.04,51.4693,7.48211,175.025,12.2414,162.977,1,5,-92,-8,2,48,47,8,26378497,262,1,496,13499,
666.498,6026.98,51.4691,7.48215,174.3,12.3477,163.824,1,-2,-92,-8,2,48,47,8,26378497,262,1,496,13499,
667.537,6038.69,51.469,7.48218,173.465,12.0285,164.169,1,-2,-92,-8,2,48,47,8,26378497,262,1,496,13499,
668.478,6050.64,51.4689,7.48222,172.87,11.8401,164.788,1,1,-92,-10,2,48,49,10,26378497,262,1,496,13499,
669.491,6063.08,51.4688,7.48226,172.227,11.9111,165.134,1,1,-92,-10,2,48,49,10,26378497,262,1,496,13499,
670.474,6076.24,51.4687,7.48231,172.123,12.1307,165.469,1,3,-92,-9,10,48,49,10,26378497,262,1,496,13499,
671.477,6088.03,51.4686,7.48234,171.852,11.7721,165.247,1,3,-92,-9,10,48,49,10,26378497,262,1,496,13499,
672.494,6099.35,51.4685,7.48238,171.536,11.5324,164.608,1,2,-94,-11,6,46,49,10,26378497,262,1,496,13499,
673.504,6110.52,51.4684,7.48242,171.22,10.6247,163.641,1,2,-94,-11,6,46,49,10,26378497,262,1,496,13499,
674.478,6121.66,51.4683,7.48246,170.609,10.9979,164.551,1,-2,-99,-13,8,41,45,10,26378497,262,1,496,13499,
675.505,6132.62,51.4682,7.4825,170.037,10.8989,164.927,1,-2,-99,-13,8,41,45,10,26378497,262,1,496,13499,
676.483,6143.7,51.4681,7.48254,169.543,11.0636,165.469,1,2,-100,-12,9,40,43,10,26378497,262,1,496,13499,
677.489,6155.2,51.468,7.48258,169.091,11.7538,165.878,1,2,-100,-12,9,40,43,10,26378497,262,1,496,13499,
678.501,6167.14,51.4679,7.48261,168.782,11.8242,167.074,1,-3,-99,-10,6,41,43,20,28371200,262,1,68,13499,
679.483,6179.32,51.4678,7.48265,168.524,12.1676,167.885,1,-3,-99,-10,6,41,43,20,28371200,262,1,68,13499,
680.484,6191.12,51.4677,7.48268,168.326,12.244,168.428,1,2,-100,-10,7,40,41,20,28371200,262,1,68,13499,
681.498,6203.61,51.4676,7.48271,168.181,12.5032,169.473,1,2,-100,-10,7,40,41,20,28371200,262,1,68,13499,
682.491,6216.7,51.4675,7.48273,168.187,13.0405,171.454,1,6,-102,-12,9,38,41,20,28371200,262,1,68,13499,
683.481,6230,51.4674,7.48275,168.258,13.1614,173.489,1,6,-102,-12,9,38,41,20,28371200,262,1,68,13499,
684.476,6242.83,51.4672,7.48276,167.734,12.7152,175.735,1,4,-102,-11,10,38,40,20,28371200,262,1,68,13499,
685.477,6256.85,51.4671,7.48276,167.61,13.4839,177.64,1,4,-102,-11,10,38,40,20,28371200,262,1,68,13499,
686.484,6270.81,51.467,7.48276,168.084,13.9729,179.452,1,4,-102,-11,10,38,40,20,28371200,262,1,68,13499,
687.503,6286.2,51.4669,7.48275,169.018,13.7812,182.371,1,2,-100,-10,9,40,42,20,28371200,262,1,68,13499,
688.472,6301.32,51.4667,7.48272,170.086,13.7861,185.375,1,2,-100,-10,9,40,42,20,28371200,262,1,68,13499,
689.48,6315.71,51.4666,7.48268,170.978,13.9786,188.073,1,2,-102,-11,8,38,41,20,28371200,262,1,68,13499,
690.478,6328.24,51.4665,7.48264,171.199,13.0821,189.609,1,2,-102,-11,8,38,41,20,28371200,262,1,68,13499,
691.501,6342.89,51.4664,7.48256,170.749,14.3487,191.524,1,4,-98,-11,9,42,44,20,28371200,262,1,68,13499,
692.482,6358.62,51.4662,7.48247,170.787,14.5583,197.228,1,4,-98,-11,9,42,44,20,28371200,262,1,68,13499,
693.498,6374.17,51.4661,7.48239,170.672,14.3349,198.149,1,2,-104,-16,2,36,44,20,28371200,262,1,68,13499,
694.487,6386.96,51.466,7.48232,170.36,13.6108,199.102,1,2,-104,-16,2,36,44,20,28371200,262,1,68,13499,
695.503,6400.81,51.4659,7.48225,169.515,13.6108,197.19,1,-2,-105,-9,2,35,35,20,30492930,262,1,9,13499,
696.49,6418.48,51.4657,7.48216,168.031,16.4749,198.226,1,-2,-105,-9,2,35,35,20,30492930,262,1,9,13499,
697.475,6431.75,51.4656,7.48203,166.666,11.7571,215.451,1,-1,-108,-11,2,32,33,20,30492930,262,1,9,13499,
698.488,6444.57,51.4655,7.48195,167.875,12.3095,199.994,1,-1,-108,-11,2,32,33,20,30492930,262,1,9,13499,
699.482,6458.98,51.4654,7.48188,168.875,12.7456,201.304,1,-4,-109,-13,2,31,36,20,30492930,262,1,9,13499,
700.491,6470.93,51.4653,7.48182,170.476,12.2991,201.677,1,-4,-109,-13,2,31,36,20,30492930,262,1,9,13499,
701.496,6482.7,51.4652,7.48174,171.378,12.5347,202.516,1,-1,-104,-14,2,36,42,20,30492930,262,1,9,13499,
702.482,6493.72,51.4651,7.48167,171.369,12.5631,202.889,1,-1,-104,-14,2,36,42,20,30492930,262,1,9,13499,
703.478,6506.83,51.465,7.4816,171.372,11.9506,202.227,1,-6,-102,-13,2,38,42,20,30492930,262,1,9,13499,
704.477,6517.9,51.4649,7.48154,171.337,10.781,200.983,1,-6,-102,-13,2,38,42,20,30492930,262,1,9,13499,
705.476,6531.51,51.4648,7.48146,170.855,12.128,200.056,1,-6,-102,-13,2,38,42,20,30492930,262,1,9,13499,
706.528,6544.12,51.4647,7.4814,170.397,13.1758,199.342,1,3,-102,-12,2,38,40,20,26378497,262,1,496,13499,
707.472,6555.93,51.4646,7.48135,169.662,13.0479,198.93,1,3,-102,-12,2,38,40,20,26378497,262,1,496,13499,
708.492,6569.17,51.4645,7.48129,169.182,12.6184,198.573,1,-4,-106,-13,5,34,37,16,26378497,262,1,496,13499,
709.474,6581.53,51.4644,7.48124,168.601,12.3651,198.106,1,-4,-106,-13,5,34,37,16,26378497,262,1,496,13499,
710.477,6593.87,51.4643,7.48119,167.977,12.6803,197.682,1,-6,-111,-17,4,29,37,16,28371200,262,1,496,13499,
711.495,6606.11,51.4642,7.48113,167.558,12.3686,196.899,1,-6,-111,-17,4,29,37,16,28371200,262,1,496,13499,
712.5,6618.53,51.4641,7.48108,167.63,12.0856,196.588,1,-2,-108,-13,7,32,36,16,28371200,262,1,68,13499,
713.5,6630.54,51.464,7.48104,167.613,12.0747,195.59,1,-2,-108,-13,7,32,36,16,28371200,262,1,68,13499,
714.521,6642.86,51.4639,7.48099,167.62,12.2684,195.468,1,6,-107,-11,8,33,36,16,28371200,262,1,68,13499,
715.483,6655.93,51.4637,7.48094,167.682,13.3069,195.879,1,6,-107,-11,8,33,36,16,28371200,262,1,68,13499,
716.49,6669.39,51.4636,7.48088,167.674,13.5936,196.437,1,0,-111,-11,6,29,33,16,28371200,262,1,68,13499,
717.502,6682.26,51.4635,7.48084,167.748,12.8978,195.619,1,0,-111,-11,6,29,33,16,28371200,262,1,68,13499,
718.483,6697.03,51.4634,7.48078,168.326,12.4066,196.116,1,-2,-113,-14,4,27,33,16,28371200,262,1,68,13499,
719.48,6709.07,51.4633,7.48073,169.089,12.0259,196.318,1,-2,-113,-14,4,27,33,16,28371200,262,1,68,13499,
720.493,6719.83,51.4632,7.48069,169.655,11.3222,196.15,1,1,-101,-11,8,39,33,15,28371206,262,1,129,13499,
721.49,6730.92,51.4631,7.48065,170.006,11.2475,196.25,1,1,-101,-11,8,39,33,15,28371206,262,1,129,13499,
722.475,6742.32,51.463,7.4806,170.244,11.4873,196.809,1,-3,-103,-11,7,37,33,15,28371206,262,1,129,13499,
723.474,6754.54,51.4629,7.48055,170.69,12.3415,196.668,1,-3,-103,-11,7,37,33,15,28371206,262,1,129,13499,
724.475,6767.72,51.4628,7.4805,170.976,13.7898,195.722,1,0,-99,-11,8,41,35,15,28371206,262,1,129,13499,
725.474,6782.06,51.4627,7.48044,171.729,13.0466,195.241,1,0,-99,-11,8,41,35,15,28371206,262,1,129,13499,
726.484,6793.04,51.4626,7.4804,172.379,10.9038,194.882,1,1,-98,-10,8,42,36,15,28371206,262,1,129,13499,
727.486,6803.14,51.4625,7.48036,172.988,9.27624,195.228,1,1,-98,-10,8,42,36,15,28371206,262,1,129,13499,
728.488,6812.56,51.4624,7.48032,174.104,7.04622,194.986,1,1,-100,-11,8,40,35,15,28371206,262,1,129,13499,
729.486,6819.87,51.4623,7.48029,175.272,6.20168,195.251,1,1,-100,-11,8,40,35,15,28371206,262,1,129,13499,
730.474,6824.84,51.4623,7.48027,176.028,6.00079,196.062,1,0,-98,-9,6,42,34,25,29568778,262,1,353,13499,
731.496,6828.39,51.4622,7.48026,175.493,6.07811,196.816,1,0,-98,-9,6,42,34,25,29568778,262,1,353,13499,
732.515,6834.68,51.4622,7.48024,174.817,6.26765,196.572,1,1,-103,-11,7,37,32,25,29568778,262,1,353,13499,
733.493,6841.51,51.4621,7.48021,174.148,6.56272,194.656,1,1,-103,-11,7,37,32,25,29568778,262,1,353,13499,
734.492,6847.49,51.4621,7.48024,173.5,6.08138,159.801,1,1,-103,-11,7,37,32,25,29568778,262,1,353,13499,
735.49,6853.87,51.462,7.48031,173.331,5.61823,121.736,1,4,-96,-8,9,44,35,25,29568778,262,1,353,13499,
736.506,6858.34,51.462,7.48037,172.771,6.16776,102.913,1,4,-96,-8,9,44,35,25,29568778,262,1,353,13499,
737.496,6866.03,51.462,7.48048,172.907,8.06782,99.396,1,1,-96,-8,8,44,35,25,29568778,262,1,353,13499,
738.485,6874.64,51.462,7.48061,173.486,9.40516,96.7501,1,1,-96,-8,8,44,35,25,29568778,262,1,353,13499,
739.491,6884.54,51.462,7.48075,174.173,10.9353,94.4599,1,14,-102,-10,9,38,33,25,29568778,262,1,353,13499,
740.504,6895.98,51.462,7.48091,174.653,11.604,94.0977,1,14,-102,-10,9,38,33,25,29568778,262,1,353,13499,
741.483,6909.94,51.462,7.48112,175.18,10.9532,92.6344,1,4,-102,-10,7,38,33,25,29568778,262,1,353,13499,
742.477,6920.89,51.462,7.48127,175.574,11.146,91.6794,1,4,-102,-10,7,38,33,25,29568778,262,1,353,13499,
743.474,6930.4,51.462,7.48141,175.619,11.2925,91.2257,1,-1,-103,-10,7,37,32,25,29568778,262,1,353,13499,
744.489,6941.42,51.462,7.48157,175.605,11.1714,92.1074,1,-1,-103,-10,7,37,32,25,29568778,262,1,353,13499,
745.49,6952.89,51.462,7.48174,175.836,11.0957,92.0596,1,4,-103,-10,2,37,30,25,29568778,262,1,353,13499,
746.492,6964.02,51.462,7.4819,176.095,10.6696,91.306,1,4,-103,-10,2,37,30,25,29568778,262,1,353,13499,
747.495,6975.28,51.462,7.48206,176.541,10.8473,90.5316,1,-4,-108,-13,2,32,30,25,28368650,262,1,197,13499,
748.483,6985.8,51.462,7.48221,176.852,10.8974,90.5562,1,-4,-108,-13,2,32,30,25,28368650,262,1,197,13499,
749.49,6996.43,51.462,7.48236,177.255,10.3446,89.6045,1,-8,-108,-14,2,32,31,25,28368650,262,1,197,13499,
750.48,7006.5,51.462,7.48251,177.622,10.3496,90.1573,1,-8,-108,-14,2,32,31,25,28368650,262,1,197,13499,
751.485,7016.75,51.462,7.48266,178.02,10.3111,90.5107,1,2,-109,-12,2,31,33,25,26378497,262,1,496,13499,
752.497,7027.59,51.462,7.48281,178.557,11.0322,90.7851,1,2,-109,-12,2,31,33,25,26378497,262,1,496,13499,
753.493,7038.64,51.462,7.48297,179.161,11.4534,91.7551,1,5,-108,-11,2,32,34,25,26378497,262,1,496,13499,
754.483,7049.32,51.462,7.48313,179.87,10.9091,91.1362,1,5,-108,-11,2,32,34,25,26378497,262,1,496,13499,
755.501,7060.97,51.462,7.4833,180.399,10.9248,91.7169,1,3,-105,-11,2,35,37,25,26378497,262,1,496,13499,
756.488,7069.14,51.462,7.48341,180.87,7.85704,92.1315,1,3,-105,-11,2,35,37,25,26378497,262,1,496,13499,
757.479,7076.64,51.462,7.48352,180.559,6.88362,110.468,1,1,-106,-10,2,34,36,25,26378497,262,1,496,13499,
758.478,7085.64,51.462,7.48364,180.279,6.88362,99.3932,1,1,-106,-10,2,34,36,25,26378497,262,1,496,13499,
759.473,7099.77,51.462,7.48384,180.573,11.8836,95.6436,1,1,-106,-10,2,34,36,25,26378497,262,1,496,13499,
760.487,7110.33,51.462,7.48399,181.322,8.21587,97.8581,1,-3,-110,-12,2,30,33,25,26378497,262,1,496,13499,
761.503,7119.46,51.4619,7.48412,182.297,7.89362,128.297,1,-3,-110,-12,2,30,33,25,26378497,262,1,496,13499,
762.482,7128.83,51.4619,7.48422,182.952,8.44223,150.945,1,10,-105,-10,2,35,37,25,28371200,262,1,68,13499,
763.493,7137.64,51.4618,7.48428,182.763,9.34694,154.462,1,10,-105,-10,2,35,37,25,28371200,262,1,68,13499,
764.493,7148.39,51.4617,7.48434,182.039,11.2777,157.864,1,4,-97,-9,2,43,43,25,28371200,262,1,68,13499,
765.487,7161.61,51.4616,7.48441,181.686,11.876,159.113,1,4,-97,-9,2,43,43,25,28371200,262,1,68,13499,
766.499,7175.31,51.4615,7.48446,181.763,12.887,161.689,1,7,-97,-9,2,43,43,25,28371200,262,1,68,13499,
767.477,7187.93,51.4614,7.4845,181.803,13.9901,164.856,1,7,-97,-9,2,43,43,25,28371200,262,1,68,13499,
768.483,7200.67,51.4613,7.48453,181.042,14.5064,167.116,1,9,-98,-9,2,42,42,25,28371200,262,1,68,13499,
769.5,7217.74,51.4611,7.48456,180.581,15.5474,169.366,1,9,-98,-9,2,42,42,25,28371200,262,1,68,13499,
770.469,7233.71,51.461,7.48458,180.746,16.1594,171.482,1,1,-98,-9,2,42,43,25,28371200,262,1,68,13499,
771.482,7249.72,51.4608,7.48459,181.224,15.4077,173.743,1,1,-98,-9,2,42,43,25,28371200,262,1,68,13499,
772.505,7265.38,51.4607,7.48459,182.457,14.59,175.707,1,2,-98,-10,2,42,43,25,28371200,262,1,68,13499,
773.474,7280.11,51.4605,7.48459,183.584,14.2012,177.613,1,2,-98,-10,2,42,43,25,28371200,262,1,68,13499,
774.475,7294,51.4604,7.48458,184.447,13.767,179.817,1,1,-98,-10,2,42,44,25,28371200,262,1,68,13499,
775.485,7306.62,51.4603,7.48457,185.183,13.0231,181.712,1,1,-98,-10,2,42,44,25,28371200,262,1,68,13499,
776.503,7318.9,51.4602,7.48455,185.893,11.932,183.711,1,-4,-100,-10,2,40,42,25,28371200,262,1,68,13499,
777.493,7331.7,51.4601,7.48453,186.838,11.3897,185.148,1,-4,-100,-10,2,40,42,25,28371200,262,1,68,13499,
778.498,7342.76,51.46,7.4845,187.795,10.6501,186.93,1,1,-102,-11,2,38,41,25,28371200,262,1,68,13499,
779.482,7352.77,51.4599,7.48448,188.739,9.50999,187.882,1,1,-102,-11,2,38,41,25,28371200,262,1,68,13499,
780.485,7362.14,51.4598,7.48445,189.546,8.76788,188.882,1,-1,-103,-12,2,37,40,25,30492929,262,1,272,13499,
781.502,7371.19,51.4597,7.48443,190.192,9.39467,189.691,1,-1,-103,-12,2,37,40,25,30492929,262,1,272,13499,
782.48,7381.96,51.4596,7.48439,190.704,10.736,190.602,1,-6,-107,-13,2,33,37,25,30492929,262,1,272,13499,
783.49,7393.27,51.4595,7.48436,191.054,11.9572,189.507,1,-6,-107,-13,2,33,37,25,30492929,262,1,272,13499,
784.503,7405.76,51.4594,7.48433,191.322,13.0145,188.619,1,-3,-109,-14,2,31,36,25,30492929,262,1,272,13499,
785.473,7418.54,51.4593,7.48429,191.473,13.5889,188.73,1,-3,-109,-14,2,31,36,25,30492929,262,1,272,13499,
786.483,7432.25,51.4592,7.48426,191.631,14.7531,189.461,1,-3,-109,-14,2,31,36,25,30492929,262,1,272,13499,
787.53,7446.34,51.4591,7.48422,191.148,15.3622,190.213,1,-6,-108,-13,2,32,36,25,28371200,262,1,68,13499,
788.473,7462.85,51.4589,7.48417,190.795,15.2328,190.845,1,-6,-108,-13,2,32,36,25,28371200,262,1,68,13499,
789.489,7477.73,51.4588,7.48413,191.107,14.4931,190.993,1,-3,-106,-13,2,34,37,25,28371200,262,1,68,13499,
790.5,7493.23,51.4587,7.48408,192.025,14.9029,190.764,1,-3,-106,-13,2,34,37,25,28371200,262,1,68,13499,
791.485,7508.32,51.4585,7.48404,193.148,15.2814,191.196,1,-5,-106,-13,2,34,39,25,30492929,262,1,272,13499,
792.482,7523.25,51.4584,7.48399,194.197,15.422,191.548,1,-5,-106,-13,2,34,39,25,30492929,262,1,272,13499,
793.469,7538.26,51.4583,7.48395,195.409,15.5188,191.602,1,-5,-102,-11,6,38,40,7,28371200,262,1,68,13499,
794.491,7554.15,51.4581,7.48391,196.75,15.4486,190.773,1,-5,-102,-11,6,38,40,7,28371200,262,1,68,13499,
795.484,7569.67,51.458,7.48386,198.172,15.5828,190.276,1,4,-98,-10,9,42,44,7,28371200,262,1,68,13499,
796.492,7584.78,51.4578,7.48383,199.329,14.8838,190.877,1,4,-98,-10,9,42,44,7,28371200,262,1,68,13499,
797.495,7600.62,51.4577,7.48378,200.109,15.6502,191.535,1,7,-95,-10,9,45,47,7,28371200,262,1,68,13499,
798.479,7616.52,51.4576,7.48374,201.236,15.828,191.678,1,7,-95,-10,9,45,47,7,28371200,262,1,68,13499,
799.489,7632.74,51.4574,7.48368,202.931,15.7891,192.627,1,4,-94,-9,11,46,46,7,28371200,262,1,68,13499,
800.493,7649.92,51.4573,7.48363,204.726,15.6969,192.234,1,4,-94,-9,11,46,46,7,28371200,262,1,68,13499,
801.493,7665.72,51.4571,7.48358,206.308,16.0925,191.277,1,9,-94,-9,11,46,47,7,28371200,262,1,68,13499,
802.495,7681.41,51.457,7.48354,207.328,16.2085,191.062,1,9,-94,-9,11,46,47,7,28371200,262,1,68,13499,
803.493,7697.91,51.4568,7.48349,208.253,16.3195,190.72,1,7,-96,-10,7,44,46,7,28371200,262,1,68,13499,
804.508,7714.71,51.4567,7.48344,209.148,16.4768,190.339,1,7,-96,-10,7,44,46,7,28371200,262,1,68,13499,
805.474,7731.93,51.4565,7.4834,210.29,16.2821,189.443,1,2,-90,-9,8,50,50,7,28371200,262,1,68,13499,
806.479,7747.88,51.4564,7.48337,211.397,16.4898,189.097,1,2,-90,-9,8,50,50,7,28371200,262,1,68,13499,
807.473,7764.65,51.4563,7.48333,212.464,16.0452,187.79,1,5,-95,-11,11,45,46,7,28371200,262,1,68,13499,
808.484,7779.61,51.4561,7.48332,213.759,16.0269,186.471,1,5,-95,-11,11,45,46,7,28371200,262,1,68,13499,
809.491,7794.91,51.456,7.4833,214.874,16.317,185.386,1,7,-92,-8,2,48,48,7,28371202,262,1,67,13499,
810.486,7810.96,51.4558,7.48329,215.713,16.3183,183.979,1,7,-92,-8,2,48,48,7,28371202,262,1,67,13499,
811.491,7827.82,51.4557,7.48328,216.025,16.2735,182.488,1,7,-89,-8,2,51,49,7,28371202,262,1,67,13499,
812.491,7844.68,51.4555,7.48328,216.435,16.4447,180.833,1,7,-89,-8,2,51,49,7,28371202,262,1,67,13499,
813.662,7862.81,51.4554,7.4833,217.308,16.5718,178.626,1,7,-89,-8,2,51,49,7,28371202,262,1,67,13499,
814.499,7879.24,51.4552,7.48333,217.785,17.0669,176.205,1,10,-90,-8,2,50,48,7,28371202,262,1,67,13499,
815.476,7897.18,51.4551,7.48336,218.261,17.4465,173.987,1,10,-90,-8,2,50,48,7,28371202,262,1,67,13499,
816.493,7916.06,51.4549,7.48341,218.728,18.0958,171.831,1,15,-87,-6,11,53,49,5,28371202,262,1,67,13499,
817.492,7934.95,51.4547,7.48348,218.77,18.5474,168.834,1,15,-87,-6,11,53,49,5,28371202,262,1,67,13499,
818.497,7953.17,51.4546,7.48355,219.245,18.3911,165.393,1,12,-89,-6,1,51,48,5,28371202,262,1,67,13499,
819.497,7972.18,51.4544,7.48364,220.092,19.2257,162.183,1,12,-89,-6,1,51,48,5,28371202,262,1,67,13499,
820.474,7990.36,51.4543,7.48376,220.821,18.6429,158.66,1,10,-95,-6,9,45,42,5,28371202,262,1,67,13499,
821.492,8008.97,51.4541,7.48389,220.946,17.3396,155.195,1,10,-95,-6,9,45,42,5,28371202,262,1,67,13499,
822.498,8027.09,51.454,7.48403,221.327,18.0992,151.57,1,7,-95,-7,7,45,43,5,28371202,262,1,67,13499,
823.486,8046.88,51.4538,7.48419,222.175,17.9971,148.758,1,7,-95,-7,7,45,43,5,28371202,262,1,67,13499,
824.49,8066.33,51.4537,7.48435,223.186,17.4098,145.015,1,8,-91,-6,8,49,47,5,28371202,262,1,67,13499,
825.494,8083.57,51.4536,7.48452,223.799,17.3529,141.578,1,8,-91,-6,8,49,47,5,28371202,262,1,67,13499,
826.474,8101.05,51.4535,7.4847,224.763,17.7243,138.635,1,13,-88,-7,10,52,50,5,28371202,262,1,67,13499,
827.47,8119.27,51.4534,7.48489,225.48,17.8683,136.454,1,13,-88,-7,10,52,50,5,28371202,262,1,67,13499,
828.494,8136.68,51.4533,7.48508,226.673,16.9795,133.88,1,22,-82,-5,12,58,55,5,28371202,262,1,67,13499,
829.476,8153.63,51.4532,7.48527,227.397,17.4331,134.167,1,22,-82,-5,12,58,55,5,28371202,262,1,67,13499,
830.487,8171,51.4531,7.48547,228.214,17.5483,133.59,1,22,-84,-6,12,56,53,5,28371202,262,1,67,13499,
831.483,8187.42,51.453,7.48565,228.833,17.5216,132.745,1,22,-84,-6,12,56,53,5,28371202,262,1,67,13499,
832.474,8205.29,51.4529,7.48586,229.635,17.1303,133.402,1,23,-84,-6,12,56,53,4,28371202,262,1,67,13499,
833.484,8221.99,51.4528,7.48604,230.641,16.8909,132.847,1,23,-84,-6,12,56,53,4,28371202,262,1,67,13499,
834.492,8238.9,51.4527,7.48622,231.705,17.0116,133.751,1,24,-83,-5,1,57,54,4,28371202,262,1,67,13499,
835.494,8257.68,51.4526,7.48643,232.542,17.7588,135.67,1,24,-83,-5,1,57,54,4,28371202,262,1,67,13499,
836.507,8275.39,51.4524,7.48659,233.713,17.8647,144.274,1,14,-83,-5,1,57,54,4,28371202,262,1,67,13499,
837.496,8292.05,51.4523,7.48673,234.867,17.1133,145.234,1,14,-83,-5,1,57,54,4,28371202,262,1,67,13499,
838.493,8309.91,51.4522,7.48687,235.598,17.4796,146.343,1,14,-83,-5,1,57,54,4,28371202,262,1,67,13499,
839.489,8328.78,51.452,7.487,236.2,17.5916,148.031,1,20,-86,-6,11,54,51,4,28371202,262,1,67,13499,
840.476,8346.54,51.4519,7.48713,236.797,17.5445,149.801,1,20,-86,-6,11,54,51,4,28371202,262,1,67,13499,
841.482,8364.73,51.4517,7.48725,237.455,18.076,151.45,1,21,-88,-6,1,52,50,4,28371202,262,1,67,13499,
842.492,8382.83,51.4516,7.48737,236.929,17.4177,152.368,1,21,-88,-6,1,52,50,4,28371202,262,1,67,13499,
843.492,8401.71,51.4514,7.48749,236.49,17.6469,153.713,1,13,-88,-7,10,52,50,4,28371202,262,1,67,13499,
844.489,8418.94,51.4513,7.48758,236.375,17.0248,155.121,1,13,-88,-7,10,52,50,4,28371202,262,1,67,13499,
