0.259,0,51.4502,7.48823,253.627,3.94839,175.355,1,14,-99,-8,10,41,41,6,28371201,262,1,66,13499,
1.428,13.9881,51.4501,7.48828,253.642,4.40344,168.808,1,14,-99,-8,10,41,41,6,28371201,262,1,66,13499,
2.45,23.9176,51.45,7.48831,253.224,4.72802,166.634,1,11,-96,-8,9,44,43,6,28371201,262,1,66,13499,
3.518,33.2114,51.4499,7.48833,252.614,8.90465,168.001,1,11,-96,-8,9,44,43,6,28371201,262,1,66,13499,
4.511,33.2114,51.4499,7.48833,252.614,8.90465,168.001,1,11,-97,-8,8,43,42,6,28371201,262,1,66,13499,
5.514,41.8131,51.4498,7.48836,251.983,9.38382,169.205,1,11,-97,-8,8,43,42,6,28371201,262,1,66,13499,
6.529,50.7992,51.4497,7.48839,251.224,10.2691,170.258,1,13,-98,-8,8,42,42,6,28371201,262,1,66,13499,
7.522,61.4307,51.4497,7.48841,250.634,10.8135,171.975,1,13,-98,-8,8,42,42,6,28371201,262,1,66,13499,
8.543,72.2991,51.4496,7.48842,250.103,11.077,173.56,1,12,-99,-8,7,41,41,6,28371201,262,1,66,13499,
9.539,83.2923,51.4495,7.48843,249.674,11.0537,175.586,1,12,-99,-8,7,41,41,6,28371201,262,1,66,13499,
10.522,94.8859,51.4494,7.48844,249.455,11.325,176.959,1,11,-99,-8,11,41,41,6,28371201,262,1,66,13499,
11.514,107.188,51.4492,7.48845,249.547,11.3683,178.079,1,11,-99,-8,11,41,41,6,28371201,262,1,66,13499,
12.527,118.549,51.4491,7.48844,249.626,11.6097,179.821,1,9,-101,-9,7,39,39,6,28371201,262,1,66,13499,
13.496,130.106,51.449,7.48844,249.995,11.3916,181.548,1,9,-101,-9,7,39,39,6,28371201,262,1,66,13499,
14.524,141.465,51.4489,7.48842,251.187,11.8217,183.356,1,10,-100,-8,8,40,40,6,28371201,262,1,66,13499,
15.537,151.467,51.4488,7.4884,252.298,11.4857,185.942,1,10,-100,-8,8,40,40,6,28371201,262,1,66,13499,
16.528,163.26,51.4487,7.48837,253.272,12.1307,189.123,1,5,-105,-10,8,35,37,6,28371201,262,1,66,13499,
17.524,176.308,51.4486,7.48833,253.96,12.739,191.036,1,5,-105,-10,8,35,37,6,28371201,262,1,66,13499,
18.518,188.879,51.4485,7.4883,254.802,13.089,191.994,1,5,-105,-10,8,35,37,6,28371201,262,1,66,13499,
19.511,201.648,51.4484,7.48825,255.298,13.2268,192.944,1,1,-108,-12,7,32,35,6,28371201,262,1,66,13499,
20.513,215.558,51.4483,7.4882,255.646,13.6411,193.688,1,1,-108,-12,7,32,35,6,28371201,262,1,66,13499,
21.517,229.641,51.4482,7.48815,255.828,13.8533,193.326,1,-1,-108,-10,2,32,33,6,28371201,262,1,66,13499,
22.523,243.22,51.448,7.4881,256.099,14.0929,192.98,1,-1,-108,-10,2,32,33,6,28371201,262,1,66,13499,
23.518,256.98,51.4479,7.48805,256.395,13.5968,192.705,1,5,-107,-10,2,33,34,6,27771909,262,1,151,13499,
24.522,270.509,51.4478,7.48801,257.045,13.5114,193.382,1,5,-107,-10,2,33,34,6,27771909,262,1,151,13499,
25.514,283.119,51.4477,7.48796,257.377,13.3273,192.391,1,6,-107,-10,2,33,34,6,27771909,262,1,151,13499,
26.523,296.995,51.4476,7.48792,257.704,13.1704,189.681,1,6,-107,-10,2,33,34,6,27771909,262,1,151,13499,
27.52,309.715,51.4475,7.4879,258.279,13.4074,186.222,1,6,-106,-10,2,34,35,6,27771909,262,1,151,13499,
28.511,322.699,51.4473,7.4879,259.021,13.4344,182.83,1,6,-106,-10,2,34,35,6,27771909,262,1,151,13499,
29.521,335.987,51.4472,7.48791,259.703,13.1353,179.814,1,7,-104,-9,2,36,36,6,27771909,262,1,151,13499,
30.541,349.879,51.4471,7.48793,260.793,13.1369,176.839,1,7,-104,-9,2,36,36,6,27771909,262,1,151,13499,
31.516,364.292,51.447,7.48796,261.626,13.3238,173.668,1,7,-104,-9,2,36,36,6,27771909,262,1,151,13499,
32.51,377.748,51.4468,7.48801,262.029,13.5,170.724,1,7,-104,-9,2,36,36,6,27771909,262,1,151,13499,
33.522,391.991,51.4467,7.48806,262.847,13.0203,167.707,1,5,-103,-8,2,37,36,6,27771909,262,1,151,13499,
34.523,405.69,51.4466,7.48812,263.789,13.112,164.879,1,5,-103,-8,2,37,36,6,27771909,262,1,151,13499,
35.513,420.1,51.4465,7.4882,264.52,13.3086,161.709,1,-1,-104,-8,2,36,35,6,27771909,262,1,151,13499,
36.516,434.466,51.4464,7.48829,265.781,13.4313,158.389,1,-1,-104,-8,2,36,35,6,27771909,262,1,151,13499,
37.513,447.205,51.4463,7.48838,266.761,13.368,155.126,1,-1,-104,-8,2,36,35,6,27771909,262,1,151,13499,
38.533,461.045,51.4462,7.48849,267.357,13.719,151.735,1,1,-104,-9,2,36,36,6,27771909,262,1,151,13499,
39.533,475.113,51.4461,7.48861,268.318,13.6209,149,1,1,-104,-9,2,36,36,6,27771909,262,1,151,13499,
40.536,490.118,51.446,7.48874,269.148,13.5815,146.367,1,4,-104,-11,2,36,36,6,27771909,262,1,151,13499,
41.534,504.05,51.4459,7.48887,269.621,13.691,143.159,1,4,-104,-11,2,36,36,6,27771909,262,1,151,13499,
42.52,517.065,51.4458,7.489,269.826,13.539,140.143,1,3,-102,-10,2,38,38,6,27771909,262,1,151,13499,
43.55,531.728,51.4457,7.48915,269.698,13.4184,136.927,1,3,-102,-10,2,38,38,6,27771909,262,1,151,13499,
44.524,546.405,51.4456,7.48931,269.431,13.3431,134.164,1,-3,-104,-11,2,36,37,6,27771909,262,1,151,13499,
45.546,560.114,51.4455,7.48947,269.331,13.3349,131.981,1,-3,-104,-11,2,36,37,6,27771909,262,1,151,13499,
46.525,574.324,51.4454,7.48963,269.076,12.987,130.415,1,7,-105,-10,2,35,36,6,28371201,262,1,66,13499,
47.534,588.237,51.4454,7.48979,268.851,13.1435,129.526,1,7,-105,-10,2,35,36,6,28371201,262,1,66,13499,
48.523,601.137,51.4453,7.48995,268.886,12.9143,128.263,1,1,-103,-8,2,37,37,6,28371201,262,1,66,13499,
49.514,613.73,51.4452,7.4901,268.85,12.904,127.731,1,1,-103,-8,2,37,37,6,28371201,262,1,66,13499,
50.53,627.82,51.4452,7.49027,268.829,12.4967,126.927,1,4,-103,-9,2,37,37,6,28371201,262,1,66,13499,
51.535,641.04,51.4451,7.49043,268.662,11.9732,127.085,1,4,-103,-9,2,37,37,6,28371201,262,1,66,13499,
52.512,653.533,51.445,7.49058,268.846,11.084,126.578,1,3,-103,-9,2,37,36,6,28371201,262,1,66,13499,
53.541,664.222,51.445,7.49071,269.268,10.8069,125.694,1,3,-103,-9,2,37,36,6,28371201,262,1,66,13499,
54.524,674.883,51.4449,7.49084,269.347,10.5232,126.306,1,4,-105,-9,2,35,36,6,28371201,262,1,66,13499,
55.538,685.278,51.4449,7.49096,269.866,10.3896,126.701,1,4,-105,-9,2,35,36,6,28371201,262,1,66,13499,
56.524,695.061,51.4448,7.49107,270.386,9.33208,127.162,1,-2,-106,-9,2,34,34,6,28371201,262,1,66,13499,
57.531,703.836,51.4448,7.49118,270.912,8.66659,126.787,1,-2,-106,-9,2,34,34,6,28371201,262,1,66,13499,
58.53,710.81,51.4448,7.49126,271.5,8.20196,127.082,1,-3,-107,-9,2,33,33,6,28371201,262,1,66,13499,
59.531,717.9,51.4447,7.49135,271.676,7.53243,127.244,1,-3,-107,-9,2,33,33,6,28371201,262,1,66,13499,
60.532,725.212,51.4447,7.49143,271.714,6.55778,127.719,1,2,-109,-9,2,31,31,6,27771907,262,1,150,13499,
61.536,731.95,51.4446,7.49151,271.673,5.33574,127.337,1,2,-109,-9,2,31,31,6,27771907,262,1,150,13499,
62.525,736.75,51.4446,7.49157,271.713,3.41699,126.736,1,2,-109,-9,2,31,31,6,27771907,262,1,150,13499,
63.53,739.567,51.4446,7.4916,271.754,1.23586,127.571,1,3,-109,-9,2,31,30,6,27771907,262,1,150,13499,
64.537,739.567,51.4446,7.4916,271.755,0,127.571,1,3,-109,-9,2,31,30,6,27771907,262,1,150,13499,
65.543,739.567,51.4446,7.4916,271.75,0,127.571,1,5,-109,-9,2,31,31,6,27771907,262,1,150,13499,
66.552,739.567,51.4446,7.4916,271.739,0,127.571,1,5,-109,-9,2,31,31,6,27771907,262,1,150,13499,
67.541,739.567,51.4446,7.4916,271.723,0,127.571,1,6,-107,-8,2,33,32,6,27771907,262,1,150,13499,
68.521,739.567,51.4446,7.4916,271.706,0,127.571,1,6,-107,-8,2,33,32,6,27771907,262,1,150,13499,
69.511,739.567,51.4446,7.4916,271.686,0,127.571,1,5,-107,-8,8,33,33,7,27771907,262,1,150,13499,
70.519,739.567,51.4446,7.4916,271.669,0,127.571,1,5,-107,-8,8,33,33,7,27771907,262,1,150,13499,
71.524,739.567,51.4446,7.4916,271.656,0,127.571,1,5,-106,-7,8,34,32,7,27771907,262,1,150,13499,
72.532,739.567,51.4446,7.4916,271.646,0,127.571,1,5,-106,-7,8,34,32,7,27771907,262,1,150,13499,
73.529,739.567,51.4446,7.4916,271.633,0,127.571,1,4,-105,-7,6,35,33,7,27771907,262,1,150,13499,
74.518,739.567,51.4446,7.4916,271.62,0,127.571,1,4,-105,-7,6,35,33,7,27771907,262,1,150,13499,
75.525,739.567,51.4446,7.4916,271.61,0,127.571,1,4,-106,-8,9,34,32,7,27771907,262,1,150,13499,
76.54,739.567,51.4446,7.4916,271.602,0,127.571,1,4,-106,-8,9,34,32,7,27771907,262,1,150,13499,
77.522,739.567,51.4446,7.4916,271.598,0,127.571,1,4,-107,-8,8,33,33,7,27771907,262,1,150,13499,
78.523,739.567,51.4446,7.4916,271.595,0,127.571,1,4,-107,-8,8,33,33,7,27771907,262,1,150,13499,
79.524,739.567,51.4446,7.4916,271.595,0,127.571,1,5,-108,-8,9,32,31,7,27771907,262,1,150,13499,
80.517,739.567,51.4446,7.4916,271.595,0,127.571,1,5,-108,-8,9,32,31,7,27771907,262,1,150,13499,
81.523,739.567,51.4446,7.4916,271.639,0,127.571,1,2,-108,-9,8,32,32,7,27771907,262,1,150,13499,
82.512,739.567,51.4446,7.4916,271.638,0,131.993,1,2,-108,-9,8,32,32,7,27771907,262,1,150,13499,
83.529,747.084,51.4446,7.49169,271.299,0,133.967,1,8,-101,-6,2,39,36,7,27771907,262,1,150,13499,
84.525,752.039,51.4445,7.49172,271.097,5.14182,151.553,1,8,-101,-6,2,39,36,7,27771907,262,1,150,13499,
85.518,757.378,51.4445,7.49172,271.74,6.51287,181.184,1,13,-104,-7,2,36,35,7,27771907,262,1,150,13499,
86.523,767.131,51.4444,7.49169,271.808,7.67424,206.125,1,13,-104,-7,2,36,35,7,27771907,262,1,150,13499,
87.522,774.285,51.4443,7.49163,272.689,9.128,209.364,1,18,-99,-7,2,41,39,7,27771907,262,1,150,13499,
88.531,784.267,51.4443,7.49156,273.358,9.8589,212.044,1,18,-99,-7,2,41,39,7,27771907,262,1,150,13499,
89.509,794.284,51.4442,7.49147,273.939,10.9021,213.078,1,16,-96,-6,2,44,41,7,27771907,262,1,150,13499,
90.512,803.73,51.4441,7.49139,274.492,11.8759,213.585,1,16,-96,-6,2,44,41,7,27771907,262,1,150,13499,
91.523,816.406,51.444,7.49128,274.937,12.6544,214.048,1,16,-96,-6,2,44,41,7,27771907,262,1,150,13499,
92.525,830.633,51.4439,7.49117,275.212,13.191,214.342,1,22,-91,-6,2,49,46,7,27771907,262,1,150,13499,
93.527,844.963,51.4438,7.49105,275.429,14.0941,214.874,1,22,-91,-6,2,49,46,7,27771907,262,1,150,13499,
94.54,859.16,51.4437,7.49093,275.717,14.5979,215.413,1,28,-87,-6,2,53,49,7,27771907,262,1,150,13499,
95.541,875.287,51.4436,7.49079,276.199,14.964,215.839,1,28,-87,-6,2,53,49,7,27771907,262,1,150,13499,
96.53,889.622,51.4435,7.49066,276.526,15.1651,216.546,1,31,-79,-6,2,61,57,7,27771907,262,1,150,13499,
97.535,904.837,51.4434,7.49052,277.062,15.5254,216.361,1,31,-79,-6,2,61,57,7,27771907,262,1,150,13499,
98.514,920.768,51.4433,7.49038,277.599,15.7099,216.323,1,21,-90,-6,12,50,48,4,27771907,262,1,150,13499,
99.538,937.103,51.4432,7.49024,277.811,15.6777,216.746,1,21,-90,-6,12,50,48,4,27771907,262,1,150,13499,
100.529,952.256,51.4431,7.49011,277.601,15.5579,216.964,1,27,-87,-5,14,53,50,4,27771907,262,1,150,13499,
101.546,967.694,51.4429,7.48997,277.372,15.7129,216.536,1,27,-87,-5,14,53,50,4,27771907,262,1,150,13499,
102.522,982.408,51.4428,7.48985,277.468,15.794,216.694,1,24,-79,-5,13,61,57,4,27771907,262,1,150,13499,
103.51,997.33,51.4427,7.48971,277.757,15.8764,217.053,1,24,-79,-5,13,61,57,4,27771907,262,1,150,13499,
104.683,1013.13,51.4426,7.48958,278.206,15.7833,216.235,1,30,-69,-5,15,71,63,4,27771907,262,1,150,13499,
105.519,1028.95,51.4425,7.48944,278.871,15.7692,217.151,1,30,-69,-5,15,71,63,4,27771907,262,1,150,13499,
106.529,1045.7,51.4424,7.4893,279.559,16.1849,216.842,1,31,-71,-5,15,69,63,4,27771907,262,1,150,13499,
107.529,1061.67,51.4423,7.48916,280.64,15.4905,216.919,1,31,-71,-5,15,69,63,4,27771907,262,1,150,13499,
108.556,1076.92,51.4422,7.48903,281.237,15.2992,217.526,1,29,-75,-5,15,65,62,4,27771907,262,1,150,13499,
109.527,1091.22,51.4421,7.4889,281.856,15.2637,218.546,1,29,-75,-5,15,65,62,4,27771907,262,1,150,13499,
110.529,1106.33,51.4419,7.48876,282.153,15.3084,220.268,1,34,-58,-3,14,82,63,4,27771907,262,1,150,13499,
111.543,1121.73,51.4419,7.4886,282.388,14.5653,221.451,1,34,-58,-3,14,82,63,4,27771907,262,1,150,13499,
112.518,1137.03,51.4418,7.48845,282.144,14.8125,223.637,1,31,-63,-4,15,77,63,4,27771907,262,1,150,13499,
113.519,1152.25,51.4417,7.48829,281.582,14.8945,225.57,1,31,-63,-4,15,77,63,4,27771907,262,1,150,13499,
114.514,1167.23,51.4416,7.48813,281.066,14.9409,226.988,1,25,-71,-5,15,69,63,4,27771907,262,1,150,13499,
115.542,1183.64,51.4415,7.48794,280.643,14.9696,228.953,1,25,-71,-5,15,69,63,4,27771907,262,1,150,13499,
116.528,1199.12,51.4414,7.48776,280.721,15.1128,230.137,1,25,-71,-5,15,69,63,4,27771907,262,1,150,13499,
117.507,1214.71,51.4413,7.48758,281.006,14.8722,231.125,1,19,-75,-5,15,65,62,4,27771907,262,1,150,13499,
118.513,1231.07,51.4412,7.48739,281.242,14.8881,231.67,1,19,-75,-5,15,65,62,4,27771907,262,1,150,13499,
119.526,1245.63,51.4411,7.48722,281.568,15.0595,232.07,1,16,-82,-5,15,58,56,4,27771907,262,1,150,13499,
120.524,1259.45,51.4411,7.48706,281.688,14.991,232.616,1,16,-82,-5,15,58,56,4,27771907,262,1,150,13499,
121.528,1274.46,51.441,7.48688,281.767,15.1056,233.215,1,28,-85,-7,12,55,53,4,27771907,262,1,150,13499,
122.539,1289.4,51.4409,7.48671,282.206,15.0698,232.224,1,28,-85,-7,12,55,53,4,27771907,262,1,150,13499,
123.516,1304.45,51.4408,7.48654,283.075,15.0268,231.611,1,11,-81,-7,6,59,57,1,27771908,262,1,152,13499,
124.517,1319.04,51.4407,7.48637,283.805,15.336,231.214,1,11,-81,-7,6,59,57,1,27771908,262,1,152,13499,
125.514,1334.56,51.4407,7.48619,284.448,15.2176,231.484,1,19,-81,-6,15,59,58,1,27771908,262,1,152,13499,
126.515,1350.13,51.4406,7.48601,284.586,14.9888,232.136,1,19,-81,-6,15,59,58,1,27771908,262,1,152,13499,
127.518,1364.62,51.4405,7.48585,284.452,15.4115,231.505,1,19,-78,-6,14,62,60,1,27771908,262,1,152,13499,
128.522,1379.57,51.4404,7.48568,284.355,15.427,232.012,1,19,-78,-6,14,62,60,1,27771908,262,1,152,13499,
129.514,1394.57,51.4403,7.4855,284.231,15.3312,232.542,1,33,-76,-6,15,64,61,1,27771908,262,1,152,13499,
130.54,1410.72,51.4402,7.48532,284.048,15.3715,231.937,1,33,-76,-6,15,64,61,1,27771908,262,1,152,13499,
131.514,1425.24,51.4402,7.48515,283.738,15.3111,232.338,1,25,-74,-6,15,66,63,1,27771908,262,1,152,13499,
132.506,1441.59,51.4401,7.48496,283.46,15.5392,232.261,1,25,-74,-6,15,66,63,1,27771908,262,1,152,13499,
133.522,1457.12,51.44,7.48478,283.416,15.5119,231.749,1,32,-70,-6,15,70,63,1,27771908,262,1,152,13499,
134.513,1472.49,51.4399,7.4846,283.681,15.3984,232.302,1,32,-70,-6,15,70,63,1,27771908,262,1,152,13499,
135.515,1486.03,51.4399,7.48444,283.852,15.0006,232.745,1,32,-68,-5,15,72,63,1,27771908,262,1,152,13499,
136.523,1501.81,51.4398,7.48426,284.457,15.1546,233.438,1,32,-68,-5,15,72,63,1,27771908,262,1,152,13499,
137.515,1517.19,51.4397,7.48408,285.226,15.2837,233.872,1,33,-71,-6,14,69,63,1,27771908,262,1,152,13499,
138.513,1531.54,51.4396,7.48391,286.092,15.0731,233.514,1,33,-71,-6,14,69,63,1,27771908,262,1,152,13499,
139.515,1546.9,51.4395,7.48372,286.332,14.9401,233.98,1,33,-71,-6,14,69,63,1,27771908,262,1,152,13499,
140.512,1562.63,51.4395,7.48354,286.937,14.8946,234.25,1,30,-71,-5,15,69,63,1,27771908,262,1,152,13499,
141.562,1579.61,51.4394,7.48333,287.307,14.968,236.12,1,30,-71,-5,15,69,63,1,27771908,262,1,152,13499,
142.52,1595.19,51.4393,7.48314,287.717,14.6876,237.464,1,31,-75,-6,15,65,63,1,27771908,262,1,152,13499,
143.518,1610.84,51.4392,7.48294,287.922,14.2798,238.751,1,31,-75,-6,15,65,63,1,27771908,262,1,152,13499,
144.515,1624.43,51.4392,7.48278,288.012,14.8168,239.402,1,26,-77,-5,15,63,60,1,27771908,262,1,152,13499,
145.544,1640.12,51.4391,7.48258,288.217,14.5978,240.085,1,26,-77,-5,15,63,60,1,27771908,262,1,152,13499,
146.53,1640.12,51.4323,7.48057,nan,15.2325,240.765,1,25,-82,-5,15,58,53,1,27771908,262,1,152,13499,
147.542,1640.12,51.439,7.48217,288.213,15.1719,240.571,1,25,-82,-5,15,58,53,1,27771908,262,1,152,13499,
148.522,1655.49,51.4389,7.48198,288.769,15.1118,240.19,1,24,-86,-5,15,54,50,1,27771908,262,1,152,13499,
149.528,1670.88,51.4388,7.48178,289.171,14.5732,239.8,1,24,-86,-5,15,54,50,1,27771908,262,1,152,13499,
150.54,1685.87,51.4388,7.48159,289.365,14.9396,239.601,1,24,-93,-6,15,47,44,1,27771908,262,1,152,13499,
151.539,1700.83,51.4387,7.48141,289.392,15.3901,239.643,1,24,-93,-6,15,47,44,1,27771908,262,1,152,13499,
152.542,1716.09,51.4386,7.48121,289.118,15.3637,240.396,1,22,-94,-6,11,46,44,1,27771908,262,1,152,13499,
153.519,1732.02,51.4386,7.48101,288.921,15.5188,240.957,1,22,-94,-6,11,46,44,1,27771908,262,1,152,13499,
154.519,1747.55,51.4385,7.48081,289.191,15.7055,240.761,1,27,-93,-6,14,47,45,1,27771908,262,1,152,13499,
155.523,1763,51.4384,7.48062,289.835,15.8963,240.387,1,27,-93,-6,14,47,45,1,27771908,262,1,152,13499,
156.515,1778.67,51.4384,7.48042,289.911,16.321,241.271,1,19,-97,-5,12,43,40,1,27771908,262,1,152,13499,
157.513,1793.85,51.4383,7.48022,289.717,16.3973,242.064,1,19,-97,-5,12,43,40,1,27771908,262,1,152,13499,
158.518,1810.15,51.4382,7.48002,289.909,16.6007,241.647,1,9,-101,-7,8,39,37,1,27771908,262,1,152,13499,
159.525,1826.51,51.4382,7.47981,290.14,16.8753,240.84,1,9,-101,-7,8,39,37,1,27771908,262,1,152,13499,
160.518,1843.24,51.4381,7.4796,290.355,16.0536,240.432,1,9,-103,-6,12,37,35,1,27771908,262,1,152,13499,
161.521,1860.98,51.438,7.47937,290.251,16.5656,240.83,1,9,-103,-6,12,37,35,1,27771908,262,1,152,13499,
162.519,1877.66,51.4379,7.47916,290.007,16.734,241.389,1,1,-103,-8,8,37,37,1,27771908,262,1,152,13499,
163.523,1894.47,51.4379,7.47895,290.223,16.4461,241.833,1,1,-103,-8,8,37,37,1,27771908,262,1,152,13499,
164.511,1910.22,51.4378,7.47875,290.109,16.3796,241.944,1,1,-103,-8,8,37,37,1,27771908,262,1,152,13499,
165.513,1927.2,51.4377,7.47853,290.137,16.215,241.105,1,8,-103,-7,11,37,36,1,27771908,262,1,152,13499,
166.523,1927.2,51.4323,7.48057,nan,15.8402,242.111,1,8,-103,-7,11,37,36,1,27771908,262,1,152,13499,
167.533,1927.2,51.4376,7.47812,290.296,15.5498,242.889,1,3,-106,-9,8,34,34,1,27771908,262,1,152,13499,
168.54,1941.92,51.4375,7.47794,290.051,15.3309,242.73,1,3,-106,-9,8,34,34,1,27771908,262,1,152,13499,
169.507,1957.36,51.4375,7.47774,289.802,15.4027,243.24,1,2,-108,-9,8,32,32,1,27771908,262,1,152,13499,
170.511,1972.46,51.4374,7.47754,289.375,15.0969,242.988,1,2,-108,-9,8,32,32,1,27771908,262,1,152,13499,
171.533,1986.97,51.4373,7.47736,288.932,14.4269,242.534,1,4,-108,-9,8,32,32,1,27771908,262,1,152,13499,
172.517,2001.48,51.4373,7.47717,288.396,13.6555,244.689,1,4,-108,-9,8,32,32,1,27771908,262,1,152,13499,
173.526,2015.78,51.4372,7.47698,287.993,12.8006,246.523,1,5,-108,-9,6,32,32,1,27771908,262,1,152,13499,
174.529,2028.11,51.4372,7.47682,287.702,11.6389,248.131,1,5,-108,-9,6,32,32,1,27771908,262,1,152,13499,
175.536,2039.19,51.4372,7.47666,287.02,10.4951,251.424,1,10,-105,-7,11,35,33,1,27771908,262,1,152,13499,
176.525,2049.39,51.4372,7.47652,286.841,9.74475,270.588,1,10,-105,-7,11,35,33,1,27771908,262,1,152,13499,
177.53,2060.26,51.4372,7.47637,287.033,8.95495,290.704,1,13,-105,-7,2,35,33,1,27771908,262,1,152,13499,
178.537,2069.02,51.4373,7.47627,287.323,8.22591,307.843,1,13,-105,-7,2,35,33,1,27771908,262,1,152,13499,
179.528,2079.72,51.4373,7.47619,287.551,8.15021,332.311,1,16,-100,-6,2,40,36,1,27771908,262,1,152,13499,
180.512,2088.11,51.4374,7.47617,288.164,8.20691,359.753,1,16,-100,-6,2,40,36,1,27771908,262,1,152,13499,
181.508,2096.44,51.4375,7.47621,289.329,8.84875,21.2915,1,27,-99,-6,2,41,38,1,27771908,262,1,152,13499,
182.513,2105.97,51.4376,7.47629,289.737,9.51293,36.8353,1,27,-99,-6,2,41,38,1,27771908,262,1,152,13499,
183.511,2116.87,51.4376,7.47641,289.112,10.2356,49.9344,1,31,-89,-5,2,51,47,1,27771908,262,1,152,13499,
184.519,2129.92,51.4377,7.47655,288.373,10.94,50.4036,1,31,-89,-5,2,51,47,1,27771908,262,1,152,13499,
185.582,2142.99,51.4378,7.4767,287.637,12.7733,51.3004,1,31,-84,-5,2,56,53,1,27771908,262,1,152,13499,
186.513,2142.99,51.4323,7.48057,nan,13.5452,52.5221,1,31,-84,-5,2,56,53,1,27771908,262,1,152,13499,
187.534,2142.99,51.4379,7.47698,286.077,14.6965,53.2095,1,31,-78,-4,15,62,57,10,27771908,262,1,152,13499,
188.53,2158.02,51.438,7.47716,285.567,15.7419,54.0094,1,31,-78,-4,15,62,57,10,27771908,262,1,152,13499,
189.528,2173.91,51.4381,7.47735,285.219,16.6862,54.9348,1,31,-77,-4,15,63,58,10,27771908,262,1,152,13499,
190.522,2192.01,51.4382,7.47756,284.767,17.4526,55.7403,1,31,-77,-4,15,63,58,10,27771908,262,1,152,13499,
191.514,2210.91,51.4383,7.47778,284.169,18.5939,56.08,1,26,-77,-5,15,63,60,10,27771908,262,1,152,13499,
192.523,2229.97,51.4383,7.47801,283.44,19.1739,56.8746,1,26,-77,-5,15,63,60,10,27771908,262,1,152,13499,
193.522,2250.16,51.4384,7.47826,282.504,19.7171,56.0244,1,26,-77,-5,15,63,60,10,27771908,262,1,152,13499,
194.519,2271.4,51.4385,7.47852,282.561,20.2421,56.895,1,31,-82,-4,14,58,55,10,27771908,262,1,152,13499,
195.535,2293.88,51.4387,7.47879,282.67,21.5216,56.5858,1,31,-82,-4,14,58,55,10,27771908,262,1,152,13499,
196.51,2315.61,51.4388,7.47905,283.127,21.6831,56.8651,1,30,-84,-5,15,56,53,10,27771908,262,1,152,13499,
197.525,2337.43,51.4389,7.47931,283.533,21.6891,56.6615,1,30,-84,-5,15,56,53,10,27771908,262,1,152,13499,
198.52,2358.7,51.439,7.47957,283.726,21.6183,57.0981,1,29,-86,-5,15,54,50,10,27771908,262,1,152,13499,
199.513,2380.32,51.4391,7.47983,283.747,21.8268,57.0297,1,29,-86,-5,15,54,50,10,27771908,262,1,152,13499,
200.515,2402.08,51.4392,7.48009,283.602,21.7694,56.5081,1,29,-87,-5,14,53,51,10,27771908,262,1,152,13499,
201.53,2423.11,51.4393,7.48034,283.262,21.6667,55.3488,1,29,-87,-5,14,53,51,10,27771908,262,1,152,13499,
202.528,2443.57,51.4394,7.48058,282.418,21.2807,55.0194,1,26,-88,-6,15,52,50,10,27771908,262,1,152,13499,
203.538,2464.52,51.4395,7.48082,281.45,21.0928,54.8812,1,26,-88,-6,15,52,50,10,27771908,262,1,152,13499,
204.524,2486.07,51.4396,7.48107,280.792,21.1882,54.1459,1,25,-87,-5,15,53,50,10,27771908,262,1,152,13499,
205.522,2506.79,51.4398,7.48131,280.109,21.2698,53.2081,1,25,-87,-5,15,53,50,10,27771908,262,1,152,13499,
206.539,2506.79,51.4323,7.48057,nan,21.3799,52.7301,1,28,-85,-6,15,55,51,10,27771908,262,1,152,13499,
207.528,2506.79,51.44,7.48178,278.746,21.6966,49.2037,1,28,-85,-6,15,55,51,10,27771908,262,1,152,13499,
208.539,2529.96,51.4401,7.48203,278.145,21.6756,47.7888,1,19,-83,-5,14,57,53,10,27771908,262,1,152,13499,
209.546,2552.08,51.4403,7.48225,277.717,21.9725,44.3961,1,19,-83,-5,14,57,53,10,27771908,262,1,152,13499,
210.513,2573.27,51.4404,7.48246,277.145,21.8996,42.6776,1,14,-84,-5,15,56,52,10,27771908,262,1,152,13499,
211.518,2594.65,51.4406,7.48267,276.511,21.8937,41.8056,1,14,-84,-5,15,56,52,10,27771908,262,1,152,13499,
212.523,2616.34,51.4407,7.48287,275.938,21.8942,41.1096,1,24,-84,-6,15,56,53,10,27771908,262,1,152,13499,
213.554,2638.41,51.4409,7.48308,275.369,22.1426,39.8115,1,24,-84,-6,15,56,53,10,27771908,262,1,152,13499,
214.526,2660.33,51.441,7.48327,274.96,22.2491,39.2318,1,24,-80,-4,15,60,55,10,27771908,262,1,152,13499,
215.544,2683.43,51.4412,7.48347,274.627,22.6953,37.5343,1,24,-80,-4,15,60,55,10,27771908,262,1,152,13499,
216.517,2707.13,51.4413,7.48368,274.373,22.7255,36.7991,1,14,-83,-5,13,57,53,10,27771908,262,1,152,13499,
217.521,2729.6,51.4415,7.48386,274.053,22.6233,34.4288,1,14,-83,-5,13,57,53,10,27771908,262,1,152,13499,
218.518,2752.43,51.4417,7.48404,273.68,22.6345,32.5811,1,14,-89,-8,11,51,49,10,27771908,262,1,152,13499,
219.52,2774.64,51.4418,7.48422,273.27,22.5367,31.9762,1,14,-89,-8,11,51,49,10,27771908,262,1,152,13499,
220.519,2797.11,51.442,7.48437,272.906,22.3597,28.2992,1,14,-89,-8,11,51,49,10,27771908,262,1,152,13499,
221.513,2819.23,51.4422,7.48452,272.547,22.1731,26.9632,1,13,-83,-7,14,57,51,1,27771909,262,1,151,13499,
222.516,2841.4,51.4424,7.48466,272.329,22.0374,26.655,1,13,-83,-7,14,57,51,1,27771909,262,1,151,13499,
223.524,2863.22,51.4426,7.4848,272.029,21.8792,26.1976,1,29,-83,-7,12,57,55,1,27771909,262,1,151,13499,
224.514,2884.6,51.4427,7.48493,271.714,21.4697,25.5667,1,29,-83,-7,12,57,55,1,27771909,262,1,151,13499,
225.541,2906.16,51.4429,7.48506,271.447,21.1252,24.5954,1,31,-75,-6,15,65,62,1,27771909,262,1,151,13499,
226.565,2906.16,51.4438,7.48114,nan,20.3808,24.3559,1,31,-75,-6,15,65,62,1,27771909,262,1,151,13499,
227.534,2906.16,51.4432,7.48529,270.66,19.5327,24.4431,1,27,-74,-5,15,66,61,1,27771909,262,1,151,13499,
228.519,2924.96,51.4434,7.4854,270.259,18.7302,24.5439,1,27,-74,-5,15,66,61,1,27771909,262,1,151,13499,
229.513,2943.11,51.4435,7.4855,269.744,18.0958,24.1439,1,30,-75,-5,15,65,62,1,27771909,262,1,151,13499,
230.529,2960.45,51.4437,7.4856,269.113,17.358,23.5667,1,30,-75,-5,15,65,62,1,27771909,262,1,151,13499,
231.526,2977.79,51.4438,7.48569,268.443,16.9299,22.909,1,26,-67,-4,15,73,63,1,27771909,262,1,151,13499,
232.509,2994.87,51.444,7.48578,267.892,16.6242,22.2603,1,26,-67,-4,15,73,63,1,27771909,262,1,151,13499,
233.53,3011.41,51.4441,7.48587,267.966,15.8664,21.7895,1,32,-68,-6,15,72,63,1,27771909,262,1,151,13499,
234.523,3027.58,51.4443,7.48595,267.383,14.7599,22.2816,1,32,-68,-6,15,72,63,1,27771909,262,1,151,13499,
235.531,3040.51,51.4444,7.48603,266.642,13.0637,24.4561,1,27,-69,-5,15,71,63,1,27771909,262,1,151,13499,
236.534,3053.81,51.4445,7.48612,266.658,12.1349,27.6017,1,27,-69,-5,15,71,63,1,27771909,262,1,151,13499,
237.522,3065.46,51.4445,7.48622,266.553,11.1035,41.8463,1,27,-76,-5,15,64,61,1,27771909,262,1,151,13499,
238.52,3076.3,51.4446,7.48633,266.238,11.066,45.058,1,27,-76,-5,15,64,61,1,27771909,262,1,151,13499,
239.509,3086.74,51.4447,7.48646,265.59,11.5219,61.8174,1,27,-77,-5,15,63,60,1,27771909,262,1,151,13499,
240.534,3097.69,51.4447,7.4866,264.559,11.876,65.9089,1,27,-77,-5,15,63,60,1,27771909,262,1,151,13499,
241.544,3109.67,51.4447,7.48678,263.682,12.231,90.2211,1,29,-81,-5,15,59,56,1,27771909,262,1,151,13499,
242.541,3121.59,51.4447,7.48695,262.789,12.4238,94.2912,1,29,-81,-5,15,59,56,1,27771909,262,1,151,13499,
243.527,3134.5,51.4447,7.48712,261.854,13.0458,115.084,1,28,-82,-6,15,58,56,1,27771909,262,1,151,13499,
244.539,3149.85,51.4446,7.48729,260.592,13.4163,129.986,1,28,-82,-6,15,58,56,1,27771909,262,1,151,13499,
245.548,3162.12,51.4445,7.4874,259.962,13.5889,143.361,1,18,-66,-5,15,74,63,1,27771909,262,1,151,13499,
246.514,3162.12,51.4438,7.48114,nan,13.8412,159.656,1,18,-66,-5,15,74,63,1,27771909,262,1,151,13499,
247.521,3162.12,51.4443,7.48752,260.193,13.5996,175.229,1,24,-66,-5,15,74,63,1,27771909,262,1,151,13499,
248.527,3177.31,51.4441,7.48751,260.682,12.9806,188.863,1,24,-66,-5,15,74,63,1,27771909,262,1,151,13499,
249.522,3190.86,51.444,7.48744,260.96,13.3376,202.963,1,30,-69,-6,15,71,63,1,27771909,262,1,151,13499,
250.523,3203.28,51.4439,7.48733,261.229,13.966,218.71,1,30,-69,-6,15,71,63,1,27771909,262,1,151,13499,
251.538,3216.39,51.4439,7.48718,261.401,14.1471,234.408,1,30,-69,-6,15,71,63,1,27771909,262,1,151,13499,
252.535,3229.72,51.4438,7.487,261.383,14.4549,251.032,1,29,-76,-5,15,64,60,1,27771909,262,1,151,13499,
253.521,3244.27,51.4438,7.4868,261.459,14.8111,264.636,1,29,-76,-5,15,64,60,1,27771909,262,1,151,13499,
254.523,3259.81,51.4438,7.48657,262.039,15.3473,265.944,1,27,-82,-6,15,58,55,1,27771909,262,1,151,13499,
255.525,3275.45,51.4438,7.48635,262.708,16.1009,266.818,1,27,-82,-6,15,58,55,1,27771909,262,1,151,13499,
256.548,3292.1,51.4438,7.48611,263.323,16.9306,267.395,1,29,-80,-5,15,60,55,1,27771909,262,1,151,13499,
257.51,3309.05,51.4437,7.48586,263.973,17.8181,268.035,1,29,-80,-5,15,60,55,1,27771909,262,1,151,13499,
258.53,3328.6,51.4437,7.48558,264.512,18.7244,267.335,1,28,-83,-5,15,57,53,1,27771909,262,1,151,13499,
259.543,3348.89,51.4437,7.48529,264.69,17.6669,266.263,1,28,-83,-5,15,57,53,1,27771909,262,1,151,13499,
260.546,3367.11,51.4437,7.48503,265.105,18.3029,267.383,1,23,-82,-5,15,58,55,1,27771909,262,1,151,13499,
261.533,3387.23,51.4437,7.48474,265.071,20.4816,267.759,1,23,-82,-5,15,58,55,1,27771909,262,1,151,13499,
262.543,3406.81,51.4437,7.48445,264.955,20.7797,268.137,1,30,-66,-5,15,74,63,1,27771909,262,1,151,13499,
263.511,3426.79,51.4437,7.48416,264.471,20.8452,268.553,1,30,-66,-5,15,74,63,1,27771909,262,1,151,13499,
264.531,3446.72,51.4437,7.48388,264.31,20.921,268.397,1,31,-70,-5,15,70,63,1,27771909,262,1,151,13499,
265.527,3467.43,51.4437,7.48358,263.828,21.1438,268.407,1,31,-70,-5,15,70,63,1,27771909,262,1,151,13499,
266.509,3467.43,51.4438,7.48114,nan,21.3117,268.08,1,26,-77,-5,15,63,59,1,27771909,262,1,151,13499,
267.538,3467.43,51.4437,7.48297,262.868,21.5102,267.727,1,26,-77,-5,15,63,59,1,27771909,262,1,151,13499,
268.526,3488.81,51.4437,7.48266,262.38,21.9765,267.365,1,22,-81,-5,15,59,56,1,27771909,262,1,151,13499,
269.536,3510.88,51.4437,7.48234,262,22.7482,266.718,1,22,-81,-5,15,59,56,1,27771909,262,1,151,13499,
270.512,3533.74,51.4437,7.48201,261.748,23.6154,266.446,1,15,-87,-6,13,53,50,1,27771909,262,1,151,13499,
271.517,3557.64,51.4437,7.48167,261.507,24.541,266.211,1,15,-87,-6,13,53,50,1,27771909,262,1,151,13499,
272.523,3582.08,51.4437,7.48132,261.346,25.1667,265.973,1,22,-89,-5,11,51,48,1,27771909,262,1,151,13499,
273.525,3607.1,51.4436,7.48096,261.192,25.0164,265.439,1,22,-89,-5,11,51,48,1,27771909,262,1,151,13499,
274.51,3632.07,51.4436,7.4806,260.905,25.25,264.857,1,22,-89,-5,11,51,48,1,27771909,262,1,151,13499,
275.512,3657.1,51.4436,7.48024,260.732,25.573,264.264,1,14,-90,-6,12,50,46,1,27771909,262,1,151,13499,
276.513,3683.09,51.4436,7.47987,260.49,25.8856,262.974,1,14,-90,-6,12,50,46,1,27771909,262,1,151,13499,
277.511,3708.9,51.4435,7.4795,260.156,25.3784,262.11,1,10,-90,-6,10,50,47,1,27771909,262,1,151,13499,
278.531,3734.17,51.4435,7.47914,259.702,25.0253,262.029,1,10,-90,-6,10,50,47,1,27771909,262,1,151,13499,
279.524,3758.83,51.4435,7.47878,259.272,24.6087,262.54,1,21,-88,-6,12,52,50,1,27771909,262,1,151,13499,
280.516,3783.48,51.4435,7.47843,258.931,24.184,262.555,1,21,-88,-6,12,52,50,1,27771909,262,1,151,13499,
281.517,3807.78,51.4434,7.47808,258.707,23.999,262.579,1,13,-88,-6,12,52,49,1,27771909,262,1,151,13499,
282.53,3831.89,51.4434,7.47774,258.555,24.183,262.334,1,13,-88,-6,12,52,49,1,27771909,262,1,151,13499,
283.532,3855.75,51.4434,7.47739,258.407,24.0899,262.574,1,12,-89,-6,11,51,48,1,27771909,262,1,151,13499,
284.521,3879.74,51.4433,7.47705,258.383,24.2606,262.061,1,12,-89,-6,11,51,48,1,27771909,262,1,151,13499,
285.525,3903.79,51.4433,7.47671,258.139,24.3682,262.16,1,10,-92,-7,14,48,45,1,27771909,262,1,151,13499,
286.514,3903.79,51.4438,7.48114,nan,24.3611,262.544,1,10,-92,-7,14,48,45,1,27771909,262,1,151,13499,
287.523,3903.79,51.4432,7.47601,257.195,24.3299,261.062,1,14,-87,-6,15,53,49,1,27771909,262,1,151,13499,
288.512,3927.94,51.4432,7.47567,256.839,24.1411,261.112,1,14,-87,-6,15,53,49,1,27771909,262,1,151,13499,
289.509,3951.71,51.4432,7.47533,256.209,24.1706,260.958,1,17,-91,-7,11,49,47,1,27771909,262,1,151,13499,
290.523,3975.81,51.4431,7.47499,255.464,24.2497,259.744,1,17,-91,-7,11,49,47,1,27771909,262,1,151,13499,
291.521,4000.53,51.4431,7.47464,254.947,24.4073,258.842,1,4,-104,-8,9,36,36,1,27771909,262,1,151,13499,
292.531,4025.22,51.443,7.47429,254.332,24.1358,258.441,1,4,-104,-8,9,36,36,1,27771909,262,1,151,13499,
293.529,4049.48,51.443,7.47395,254.053,24.1567,258.364,1,2,-108,-10,7,32,34,1,27771909,262,1,151,13499,
294.525,4073.84,51.4429,7.47361,253.683,24.368,258.557,1,2,-108,-10,7,32,34,1,27771909,262,1,151,13499,
295.512,4098.38,51.4429,7.47326,253.756,25.1708,256.923,1,0,-109,-11,7,31,33,1,27771909,262,1,151,13499,
296.53,4124.06,51.4428,7.4729,253.745,25.973,256.585,1,0,-109,-11,7,31,33,1,27771909,262,1,151,13499,
297.535,4150.38,51.4428,7.47253,253.607,26.6486,257.271,1,4,-110,-10,5,30,31,1,27771909,262,1,151,13499,
298.515,4177.24,51.4427,7.47215,253.471,27.3949,257.973,1,4,-110,-10,5,30,31,1,27771909,262,1,151,13499,
299.528,4204.57,51.4427,7.47176,253.148,27.8587,258.827,1,2,-114,-11,6,26,28,1,27771909,262,1,151,13499,
300.532,4233.14,51.4426,7.47136,252.69,28.679,258.639,1,2,-114,-11,6,26,28,1,27771909,262,1,151,13499,
301.526,4262.05,51.4426,7.47095,252.15,29.186,258.65,1,-1,-115,-13,5,25,30,1,27771909,262,1,151,13499,
302.522,4291.57,51.4425,7.47054,251.61,29.9172,258.036,1,-1,-115,-13,5,25,30,1,27771909,262,1,151,13499,
303.527,4321.66,51.4425,7.47011,251.288,30.4052,258.134,1,-2,-110,-9,6,30,30,31,31281409,262,1,232,13499,
304.514,4352.4,51.4424,7.46968,250.774,30.8418,257.804,1,-2,-110,-9,6,30,30,31,31281409,262,1,232,13499,
305.52,4383.54,51.4424,7.46924,250.215,31.2113,258.037,1,-2,-110,-9,6,30,30,31,31281409,262,1,232,13499,
306.517,4414.91,51.4423,7.46879,249.373,31.5018,258.344,1,3,-109,-9,9,31,30,31,31281409,262,1,232,13499,
307.514,4414.91,51.4427,7.4673,nan,31.8193,258.495,1,3,-109,-9,9,31,30,31,31281409,262,1,232,13499,
308.527,4414.91,51.4422,7.4679,247.922,32.1246,258.57,1,5,-107,-8,10,33,32,31,31281409,262,1,232,13499,
309.526,4446.79,51.4421,7.46744,247.298,32.2599,259.228,1,5,-107,-8,10,33,32,31,31281409,262,1,232,13499,
310.518,4478.75,51.4421,7.46699,246.754,32.2216,259.432,1,6,-103,-7,11,37,35,31,31281409,262,1,232,13499,
311.516,4510.47,51.442,7.46654,246.059,31.8009,259.442,1,6,-103,-7,11,37,35,31,31281409,262,1,232,13499,
312.529,4541.88,51.442,7.4661,245.259,31.5738,260.123,1,11,-100,-6,11,40,37,31,31281409,262,1,232,13499,
313.525,4573.28,51.4419,7.46565,244.26,31.1555,261.18,1,11,-100,-6,11,40,37,31,31281409,262,1,232,13499,
314.508,4604.3,51.4419,7.46521,243.21,30.8319,260.002,1,9,-100,-7,8,40,37,31,31281409,262,1,232,13499,
315.514,4634.84,51.4418,7.46477,242.169,30.9069,260.58,1,9,-100,-7,8,40,37,31,31281409,262,1,232,13499,
316.514,4665.42,51.4418,7.46433,240.783,30.9302,261.464,1,10,-101,-6,14,39,36,31,31281409,262,1,232,13499,
317.513,4695.7,51.4418,7.4639,239.357,30.2609,263.489,1,10,-101,-6,14,39,36,31,31281409,262,1,232,13499,
318.512,4725.32,51.4417,7.46347,237.864,29.8248,263.046,1,22,-103,-7,8,37,34,31,31281409,262,1,232,13499,
319.522,4754.73,51.4417,7.46305,236.723,29.5148,263.803,1,22,-103,-7,8,37,34,31,31281409,262,1,232,13499,
320.509,4784.04,51.4417,7.46263,235.775,29.5322,263.828,1,5,-102,-7,8,38,36,31,31281409,262,1,232,13499,
321.513,4813.68,51.4417,7.4622,235.032,29.5655,264.854,1,5,-102,-7,8,38,36,31,31281409,262,1,232,13499,
322.534,4843.86,51.4416,7.46177,235.028,29.7029,265.289,1,8,-98,-5,2,42,37,31,31281409,262,1,232,13499,
323.527,4873.62,51.4416,7.46134,235.304,29.8095,266.131,1,8,-98,-5,2,42,37,31,31281409,262,1,232,13499,
324.534,4902.71,51.4416,7.46092,235.446,30.1101,266.593,1,9,-98,-7,2,42,40,31,31281409,262,1,232,13499,
325.534,4932.21,51.4416,7.4605,235.509,30.3027,267.157,1,9,-98,-7,2,42,40,31,31281409,262,1,232,13499,
326.515,4932.21,51.4439,7.46386,nan,30.654,267.501,1,0,-101,-8,2,39,37,31,31281409,262,1,232,13499,
327.52,4932.21,51.4416,7.45962,235.368,30.6896,267.629,1,0,-101,-8,2,39,37,31,31281409,262,1,232,13499,
328.519,4962.84,51.4416,7.45918,235.243,30.7675,268.093,1,0,-101,-8,2,39,37,31,31281409,262,1,232,13499,
329.514,4993.89,51.4416,7.45873,234.915,30.9288,268.587,1,5,-104,-8,2,36,35,31,31281409,262,1,232,13499,
330.532,5024.9,51.4415,7.45828,234.473,31.3139,268.549,1,5,-104,-8,2,36,35,31,31281409,262,1,232,13499,
331.525,5055.87,51.4415,7.45784,234.02,31.3523,269.649,1,8,-104,-8,2,36,35,31,31281409,262,1,232,13499,
332.522,5086.58,51.4416,7.45739,233.104,31.5766,270.045,1,8,-104,-8,2,36,35,31,31281409,262,1,232,13499,
333.528,5118.06,51.4416,7.45694,232.113,32.0199,270.095,1,-4,-102,-9,2,38,38,31,31281409,262,1,232,13499,
334.531,5150.61,51.4416,7.45647,231.192,32.4698,269.992,1,-4,-102,-9,2,38,38,31,31281409,262,1,232,13499,
335.538,5182.35,51.4416,7.45601,230.335,32.8422,270.316,1,2,-101,-9,2,39,39,31,27771908,262,1,152,13499,
336.528,5215.79,51.4416,7.45553,229.792,33.196,271.095,1,2,-101,-9,2,39,39,31,27771908,262,1,152,13499,
337.51,5249.81,51.4416,7.45504,229.89,33.426,272.336,1,-6,-100,-10,2,40,41,31,27771908,262,1,152,13499,
338.513,5284.29,51.4416,7.45454,230.246,33.7381,273.123,1,-6,-100,-10,2,40,41,31,27771908,262,1,152,13499,
339.522,5318.3,51.4416,7.45405,230.642,33.5703,273.913,1,22,-87,-6,2,53,49,31,33527552,262,1,433,13499,
340.518,5352.03,51.4416,7.45356,231.322,33.0373,274.82,1,22,-87,-6,2,53,49,31,33527552,262,1,433,13499,
341.521,5385.02,51.4417,7.45309,232.001,32.9953,274.862,1,22,-79,-6,2,61,57,31,33527552,262,1,433,13499,
342.526,5417.76,51.4417,7.45262,232.705,32.4603,275.328,1,22,-79,-6,2,61,57,31,33527552,262,1,433,13499,
343.635,5449.55,51.4417,7.45216,233.129,31.7535,275.631,1,25,-79,-6,2,61,58,31,33527552,262,1,433,13499,
344.512,5480.16,51.4418,7.45172,233.084,31.1682,276.095,1,25,-79,-6,2,61,58,31,33527552,262,1,433,13499,
345.521,5510.87,51.4418,7.45128,232.839,30.5819,276.803,1,25,-79,-5,15,61,57,13,33527552,262,1,433,13499,
346.525,5510.87,51.4438,7.44949,nan,30.3408,277.405,1,25,-79,-5,15,61,57,13,33527552,262,1,433,13499,
347.512,5510.87,51.4419,7.45042,232.091,29.9414,277.981,1,29,-79,-4,15,61,57,13,33527552,262,1,433,13499,
348.534,5540.71,51.4419,7.44999,231.669,29.9568,277.983,1,29,-79,-4,15,61,57,13,33527552,262,1,433,13499,
349.53,5570.75,51.4419,7.44956,231.316,30.122,278.139,1,25,-80,-4,15,60,56,13,33527552,262,1,433,13499,
350.563,5601.1,51.442,7.44913,231.008,30.3134,278.27,1,25,-80,-4,15,60,56,13,33527552,262,1,433,13499,
351.533,5631.58,51.442,7.44869,230.712,30.5168,279.226,1,25,-80,-4,15,60,56,13,33527552,262,1,433,13499,
352.553,5661.63,51.4421,7.44826,230.467,29.8968,279.679,1,30,-81,-5,15,59,55,13,33527552,262,1,433,13499,
353.547,5691.07,51.4421,7.44785,230.337,29.3933,280.298,1,30,-81,-5,15,59,55,13,33527552,262,1,433,13499,
354.53,5720.56,51.4422,7.44743,230.02,29.2663,280.847,1,26,-79,-4,15,61,56,13,33527552,262,1,433,13499,
355.529,5749.98,51.4422,7.44701,229.407,29.4673,281.32,1,26,-79,-4,15,61,56,13,33527552,262,1,433,13499,
356.549,5779.42,51.4423,7.4466,228.935,29.6703,281.771,1,32,-77,-4,15,63,59,13,33527552,262,1,433,13499,
357.534,5808.55,51.4423,7.44618,228.584,29.244,282.422,1,32,-77,-4,15,63,59,13,33527552,262,1,433,13499,
358.536,5837.55,51.4424,7.44578,227.983,28.8952,282.563,1,32,-73,-4,15,67,63,13,33527552,262,1,433,13499,
359.537,5865.57,51.4424,7.44538,226.874,29.0054,282.753,1,32,-73,-4,15,67,63,13,33527552,262,1,433,13499,
360.556,5894.43,51.4425,7.44497,225.44,29.1716,283.25,1,29,-70,-5,15,70,63,13,33527552,262,1,433,13499,
361.511,5923.85,51.4426,7.44456,224.36,29.1733,283.658,1,29,-70,-5,15,70,63,13,33527552,262,1,433,13499,
362.527,5952.63,51.4426,7.44416,223.634,29.0459,284.249,1,31,-68,-6,13,72,63,13,33527552,262,1,433,13499,
363.535,5981.08,51.4427,7.44376,222.877,28.9054,284.576,1,31,-68,-6,13,72,63,13,33527552,262,1,433,13499,
364.521,6009.27,51.4427,7.44337,222.064,28.9687,284.74,1,29,-67,-6,12,73,63,13,33527552,262,1,433,13499,
365.516,6037.65,51.4428,7.44297,221.387,28.9116,284.978,1,29,-67,-6,12,73,63,13,33527552,262,1,433,13499,
366.515,6037.65,51.4438,7.44949,nan,28.8522,285.501,1,31,-69,-5,15,71,63,13,33527552,262,1,433,13499,
367.514,6037.65,51.4429,7.44216,220.943,29.4106,286.119,1,31,-69,-5,15,71,63,13,33527552,262,1,433,13499,
368.554,6066.43,51.443,7.44176,220.953,29.7725,286.504,1,31,-68,-5,15,72,63,13,33527552,262,1,433,13499,
369.545,6095.88,51.4431,7.44135,221.091,29.9397,287.101,1,31,-68,-5,15,72,63,13,33527552,262,1,433,13499,
370.512,6125.84,51.4432,7.44094,221.267,29.7005,287.143,1,25,-76,-5,15,64,62,13,33527552,262,1,433,13499,
371.523,6155.86,51.4433,7.44052,221.113,29.2525,287.632,1,25,-76,-5,15,64,62,13,33527552,262,1,433,13499,
372.538,6185.18,51.4433,7.44012,220.945,29.2471,287.974,1,23,-77,-5,15,63,59,13,33527552,262,1,433,13499,
373.526,6214.41,51.4434,7.43972,220.852,29.4092,288.563,1,23,-77,-5,15,63,59,13,33527552,262,1,433,13499,
374.519,6243.71,51.4435,7.43932,220.602,29.4613,289.245,1,23,-77,-5,15,63,59,13,33527552,262,1,433,13499,
375.524,6273.44,51.4436,7.43892,220.256,29.4866,289.256,1,20,-80,-6,15,60,58,13,33527552,262,1,433,13499,
376.53,6303.9,51.4437,7.4385,219.684,29.8376,289.939,1,20,-80,-6,15,60,58,13,33527552,262,1,433,13499,
377.542,6333.41,51.4438,7.4381,219.143,29.681,289.909,1,22,-78,-6,15,62,60,13,33527552,262,1,433,13499,
378.56,6363.23,51.4439,7.4377,218.499,30.1304,290.94,1,22,-78,-6,15,62,60,13,33527552,262,1,433,13499,
379.526,6393.17,51.444,7.4373,217.745,30.4243,290.876,1,2,-77,-6,2,63,62,13,33527552,262,1,433,13499,
380.538,6423.42,51.4441,7.43689,217.154,30.6841,291.348,1,2,-77,-6,2,63,62,13,33527552,262,1,433,13499,
381.522,6453.88,51.4442,7.43648,216.308,30.819,291.684,1,3,-79,-5,6,61,57,1,33527554,262,1,434,13499,
382.516,6484.26,51.4443,7.43608,215.125,30.6348,293.175,1,3,-79,-5,6,61,57,1,33527554,262,1,434,13499,
383.513,6514.65,51.4444,7.43568,214.726,30.6387,292.784,1,19,-85,-5,15,55,51,1,33527554,262,1,434,13499,
384.514,6546.7,51.4445,7.43525,214.096,31.1854,293.84,1,19,-85,-5,15,55,51,1,33527554,262,1,434,13499,
385.517,6577.13,51.4446,7.43485,213.712,30.9163,294.511,1,22,-79,-5,15,61,58,1,33527554,262,1,434,13499,
386.511,6577.13,51.4475,7.43234,nan,30.5534,295.111,1,22,-79,-5,15,61,58,1,33527554,262,1,434,13499,
387.514,6577.13,51.4448,7.43405,212.848,30.2768,295.756,1,21,-85,-5,13,55,51,1,33527554,262,1,434,13499,
388.524,6607.18,51.445,7.43366,212.129,30.0656,296.412,1,21,-85,-5,13,55,51,1,33527554,262,1,434,13499,
389.518,6636.96,51.4451,7.43328,211.078,30.1639,297.808,1,24,-84,-5,12,56,53,1,33527554,262,1,434,13499,
390.514,6667.26,51.4452,7.4329,210.13,30.4744,298.932,1,24,-84,-5,12,56,53,1,33527554,262,1,434,13499,
391.519,6697.45,51.4453,7.43252,209.142,30.385,300.339,1,23,-84,-6,14,56,53,1,33527554,262,1,434,13499,
392.517,6727.11,51.4455,7.43215,207.842,30.2623,300.926,1,23,-84,-6,14,56,53,1,33527554,262,1,434,13499,
393.516,6757.75,51.4456,7.43178,206.583,30.5428,303.958,1,11,-81,-6,12,59,56,1,33527554,262,1,434,13499,
394.515,6788.93,51.4458,7.43141,205.416,30.6206,304.879,1,11,-81,-6,12,59,56,1,33527554,262,1,434,13499,
395.517,6820.22,51.446,7.43105,204.218,30.8333,305.938,1,30,-77,-3,2,63,59,1,33527554,262,1,434,13499,
396.537,6850.94,51.4461,7.43069,202.713,30.8816,306.33,1,30,-77,-3,2,63,59,1,33527554,262,1,434,13499,
397.518,6880.73,51.4463,7.43036,200.956,30.8307,307.592,1,32,-77,-6,2,63,61,1,33527554,262,1,434,13499,
398.542,6912.08,51.4465,7.43001,199.505,30.8293,308.698,1,32,-77,-6,2,63,61,1,33527554,262,1,434,13499,
399.523,6943.09,51.4467,7.42968,198.063,31.0252,310.336,1,32,-77,-6,2,63,61,1,33527554,262,1,434,13499,
400.519,6974.28,51.4468,7.42934,196.494,31.4507,312.115,1,31,-77,-5,15,63,60,8,33527554,262,1,434,13499,
401.524,7005.69,51.447,7.42902,194.949,31.3445,313.466,1,31,-77,-5,15,63,60,8,33527554,262,1,434,13499,
402.518,7036.59,51.4472,7.4287,193.724,31.0803,314.708,1,25,-78,-6,1,62,58,8,33527554,262,1,434,13499,
403.527,7067.75,51.4474,7.42839,192.43,30.6249,315.769,1,25,-78,-6,1,62,58,8,33527554,262,1,434,13499,
404.528,7098.49,51.4476,7.42809,191.146,30.3733,317.064,1,30,-83,-5,13,57,53,8,33527554,262,1,434,13499,
405.519,7128.64,51.4479,7.4278,189.988,29.9119,318.58,1,30,-83,-5,13,57,53,8,33527554,262,1,434,13499,
406.532,7128.64,51.4475,7.43234,nan,29.8444,319.656,1,18,-88,-6,14,52,47,8,33527554,262,1,434,13499,
407.531,7128.64,51.4483,7.42726,187.624,29.8349,321.18,1,18,-88,-6,14,52,47,8,33527554,262,1,434,13499,
408.537,7158.1,51.4485,7.427,186.342,29.5387,322.576,1,32,-91,-6,12,49,45,8,33527554,262,1,434,13499,
409.514,7187.57,51.4487,7.42675,185.09,29.1573,323.702,1,32,-91,-6,12,49,45,8,33527554,262,1,434,13499,
410.512,7216.24,51.4489,7.42651,183.743,28.9197,324.599,1,32,-93,-5,13,47,44,8,33527554,262,1,434,13499,
411.512,7245.18,51.4491,7.42628,182.549,28.8357,326.054,1,32,-93,-5,13,47,44,8,33527554,262,1,434,13499,
412.514,7274.48,51.4493,7.42605,181.444,28.9107,327.068,1,23,-93,-6,11,47,44,8,33527554,262,1,434,13499,
413.526,7304.02,51.4496,7.42583,180.38,29.6568,328.841,1,23,-93,-6,11,47,44,8,33527554,262,1,434,13499,
414.532,7334.22,51.4498,7.42561,179.513,29.9118,330.307,1,13,-94,-6,11,46,41,8,33527554,262,1,434,13499,
415.526,7364.56,51.45,7.4254,178.77,30.2361,331.792,1,13,-94,-6,11,46,41,8,33527554,262,1,434,13499,
416.538,7394.24,51.4503,7.4252,178.102,30.2826,333.117,1,12,-96,-7,9,44,42,8,33527554,262,1,434,13499,
417.547,7424.27,51.4505,7.42501,177.681,31.1136,333.679,1,12,-96,-7,9,44,42,8,33527554,262,1,434,13499,
418.532,7453.73,51.4508,7.42483,177.137,30.8495,335.081,1,13,-99,-8,10,41,39,50,27771140,262,1,434,13499,
419.513,7484.47,51.451,7.42464,176.494,30.5833,336.343,1,13,-99,-8,10,41,39,50,27771140,262,1,434,13499,
420.529,7514.39,51.4513,7.42447,175.749,30.2367,337.796,1,3,-104,-13,6,36,40,46,28365057,262,1,289,13499,
421.53,7545.75,51.4515,7.42432,174.082,30.1806,339.076,1,3,-104,-13,6,36,40,46,28365057,262,1,289,13499,
422.526,7576.59,51.4518,7.42417,172.425,30.3152,340.059,1,6,-99,-8,9,41,40,46,28365057,262,1,224,13499,
423.518,7607.51,51.4521,7.42404,170.819,30.7494,340.514,1,6,-99,-8,9,41,40,46,28365057,262,1,224,13499,
424.541,7638.24,51.4523,7.42391,169.334,30.8947,341.658,1,6,-98,-8,7,42,41,46,28365057,262,1,224,13499,
425.525,7669.02,51.4526,7.42377,167.905,30.7481,342.333,1,6,-98,-8,7,42,41,46,28365057,262,1,224,13499,
426.536,7669.02,51.4538,7.42564,nan,30.3051,342.824,1,8,-94,-6,8,46,44,46,28365057,262,1,224,13499,
427.531,7669.02,51.4531,7.42352,165.244,30.2903,343.252,1,8,-94,-6,8,46,44,46,28365057,262,1,224,13499,
428.541,7699.33,51.4534,7.42339,164.056,30.6088,343.664,1,8,-94,-6,8,46,44,46,28365057,262,1,224,13499,
429.509,7729.69,51.4536,7.42327,162.995,30.8538,343.729,1,3,-94,-6,7,46,44,46,28365057,262,1,224,13499,
430.524,7760.16,51.4539,7.42316,162.13,30.5243,343.899,1,3,-94,-6,7,46,44,46,28365057,262,1,224,13499,
431.53,7790.49,51.4542,7.42304,161.453,30.5176,343.978,1,5,-94,-9,12,46,45,17,27770883,262,1,125,13499,
432.551,7820.89,51.4544,7.42292,160.716,30.5533,343.827,1,5,-94,-9,12,46,45,17,27770883,262,1,125,13499,
433.512,7851.8,51.4547,7.42281,159.857,30.6085,343.726,1,8,-98,-11,9,42,44,17,27770883,262,1,125,13499,
434.526,7883.31,51.455,7.42268,159.08,31.0613,343.423,1,8,-98,-11,9,42,44,17,27770883,262,1,125,13499,
435.527,7914.44,51.4552,7.42256,158.408,31.0831,343.089,1,9,-89,-7,7,51,50,17,27770883,262,1,125,13499,
436.537,7945.92,51.4555,7.42242,157.986,31.4632,342.57,1,9,-89,-7,7,51,50,17,27770883,262,1,125,13499,
437.515,7977.7,51.4558,7.42227,157.822,32.0247,341.528,1,14,-93,-10,8,47,49,17,27770883,262,1,125,13499,
438.52,8010,51.456,7.42212,157.694,32.3201,340.966,1,14,-93,-10,8,47,49,17,27770883,262,1,125,13499,
439.53,8041.69,51.4563,7.42197,157.44,32.5427,340.368,1,11,-87,-7,9,53,52,17,27770883,262,1,125,13499,
440.527,8074.05,51.4566,7.4218,157.154,32.6922,339.115,1,11,-87,-7,9,53,52,17,27770883,262,1,125,13499,
441.513,8105.77,51.4569,7.42164,156.642,32.545,338.142,1,-1,-91,-8,6,49,48,17,27770883,262,1,125,13499,
442.533,8138.71,51.4571,7.42145,156.246,32.5682,337.046,1,-1,-91,-8,6,49,48,17,27770883,262,1,125,13499,
443.59,8171.33,51.4574,7.42127,155.871,32.5498,336.066,1,21,-85,-5,11,55,52,17,27770883,262,1,125,13499,
444.513,8203.99,51.4577,7.42107,155.492,32.726,335.31,1,21,-85,-5,11,55,52,17,27770883,262,1,125,13499,
445.514,8236.78,51.4579,7.42087,155.024,32.9855,334.639,1,19,-86,-6,11,54,52,17,27770883,262,1,125,13499,
446.524,8236.78,51.4605,7.41555,nan,33.0543,333.578,1,19,-86,-6,11,54,52,17,27770883,262,1,125,13499,
447.51,8236.78,51.4585,7.42045,154.262,33.28,332.679,1,19,-91,-8,9,49,48,17,27770883,262,1,125,13499,
448.512,8270.49,51.4587,7.42022,154.063,33.5425,331.657,1,19,-91,-8,9,49,48,17,27770883,262,1,125,13499,
449.513,8304.23,51.459,7.41998,153.963,33.8871,330.514,1,35,-79,-5,12,61,59,17,27770883,262,1,125,13499,
450.515,8338.74,51.4593,7.41974,154.031,34.1846,329.743,1,35,-79,-5,12,61,59,17,27770883,262,1,125,13499,
451.539,8372.88,51.4595,7.41948,154.058,34.5252,328.834,1,13,-77,-5,11,63,60,17,27770883,262,1,125,13499,
452.522,8407.27,51.4598,7.41922,154.057,34.8581,327.478,1,13,-77,-5,11,63,60,17,27770883,262,1,125,13499,
453.515,8441.86,51.4601,7.41894,154.062,35.0614,326.224,1,13,-77,-5,11,63,60,17,27770883,262,1,125,13499,
454.524,8476.73,51.4603,7.41867,154.087,34.9312,325.4,1,26,-77,-4,13,63,58,17,27770883,262,1,125,13499,
455.518,8511.69,51.4606,7.41837,154.172,35.1067,324.464,1,26,-77,-4,13,63,58,17,27770883,262,1,125,13499,
456.538,8546.94,51.4608,7.41808,154.371,35.0799,323.478,1,39,-72,-4,15,68,63,17,27770883,262,1,125,13499,
457.527,8582.02,51.4611,7.41777,154.741,35.1629,322.602,1,39,-72,-4,15,68,63,17,27770883,262,1,125,13499,
458.534,8617.1,51.4613,7.41746,155.095,35.1005,321.752,1,21,-71,-4,13,69,63,17,27770883,262,1,125,13499,
459.539,8652.74,51.4616,7.41713,155.439,35.4184,320.611,1,21,-71,-4,13,69,63,17,27770883,262,1,125,13499,
460.525,8687.99,51.4618,7.4168,155.534,35.6114,319.76,1,40,-76,-5,11,64,61,17,27770883,262,1,125,13499,
461.524,8723.72,51.4621,7.41646,155.513,35.685,318.533,1,40,-76,-5,11,64,61,17,27770883,262,1,125,13499,
462.518,8759.77,51.4623,7.41612,155.177,36.0119,317.824,1,22,-76,-5,15,64,61,17,27770883,262,1,125,13499,
463.528,8796.19,51.4625,7.41577,154.754,36.3153,317.199,1,22,-76,-5,15,64,61,17,27770883,262,1,125,13499,
464.542,8832.79,51.4628,7.41541,154.223,36.2568,316.959,1,39,-76,-5,14,64,61,17,27770883,262,1,125,13499,
465.529,8868.53,51.463,7.41505,153.865,35.5644,316.11,1,39,-76,-5,14,64,61,17,27770883,262,1,125,13499,
466.556,8868.53,51.4605,7.41555,nan,34.99,314.517,1,40,-71,-5,15,69,63,17,27770883,262,1,125,13499,
467.522,8868.53,51.4635,7.41433,153.122,34.402,312.794,1,40,-71,-5,15,69,63,17,27770883,262,1,125,13499,
468.512,8902.15,51.4637,7.41397,152.929,34.0698,312.124,1,18,-85,-5,10,55,51,17,27770883,262,1,125,13499,
469.533,8936.17,51.4639,7.41361,153.037,33.9349,311.182,1,18,-85,-5,10,55,51,17,27770883,262,1,125,13499,
470.528,8969.93,51.4641,7.41324,153.237,33.4472,310.613,1,20,-81,-5,6,59,55,4,27770883,262,1,125,13499,
471.535,9003.08,51.4643,7.41288,153.501,33.0159,309.862,1,20,-81,-5,6,59,55,4,27770883,262,1,125,13499,
472.524,9035.8,51.4644,7.41251,153.792,32.855,309.525,1,20,-75,-6,15,65,57,4,27770883,262,1,125,13499,
473.519,9068.07,51.4646,7.41215,154.072,32.1085,308.873,1,20,-75,-6,15,65,57,4,27770883,262,1,125,13499,
474.514,9099.45,51.4648,7.4118,154.309,31.3386,308.316,1,12,-95,-11,8,45,46,4,27770883,262,1,125,13499,
475.514,9130.28,51.465,7.41145,154.46,30.703,308.179,1,12,-95,-11,8,45,46,4,27770883,262,1,125,13499,
476.535,9160.77,51.4651,7.4111,154.557,30.5148,308.371,1,12,-95,-11,8,45,46,4,27770883,262,1,125,13499,
477.516,9191.16,51.4653,7.41076,154.653,30.5146,308.207,1,13,-92,-7,14,48,45,6,27770885,262,1,124,13499,
478.518,9221.47,51.4655,7.41041,154.737,30.2629,307.93,1,13,-92,-7,14,48,45,6,27770885,262,1,124,13499,
479.512,9251.48,51.4657,7.41007,154.805,30.2116,307.949,1,8,-89,-6,14,51,47,6,27770885,262,1,124,13499,
480.552,9281.7,51.4658,7.40973,154.796,29.4478,307.829,1,8,-89,-6,14,51,47,6,27770885,262,1,124,13499,
481.525,9310.92,51.466,7.4094,154.723,28.7736,307.975,1,7,-90,-6,11,50,47,6,27770885,262,1,124,13499,
482.523,9338.85,51.4661,7.40908,154.804,28.6753,308.248,1,7,-90,-6,11,50,47,6,27770885,262,1,124,13499,
483.533,9367.48,51.4663,7.40875,154.983,29.041,308.383,1,8,-83,-5,14,57,53,6,27770885,262,1,124,13499,
484.522,9396.73,51.4665,7.40842,155.193,29.5826,308.542,1,8,-83,-5,14,57,53,6,27770885,262,1,124,13499,
485.513,9426.53,51.4666,7.40808,155.443,30.0597,308.594,1,6,-92,-7,9,48,45,6,27770885,262,1,124,13499,
486.534,9426.53,51.4657,7.40638,nan,29.9092,308.927,1,6,-92,-7,9,48,45,6,27770885,262,1,124,13499,
487.527,9426.53,51.467,7.40741,155.989,29.8749,309.569,1,21,-85,-5,13,55,51,6,27770885,262,1,124,13499,
488.518,9455.87,51.4671,7.40709,156.214,29.2121,309.451,1,21,-85,-5,13,55,51,6,27770885,262,1,124,13499,
489.517,9484.68,51.4673,7.40677,156.481,28.511,309.612,1,19,-81,-5,15,59,53,6,27770885,262,1,124,13499,
490.512,9512.6,51.4675,7.40646,156.7,28.0369,310.217,1,19,-81,-5,15,59,53,6,27770885,262,1,124,13499,
491.513,9540.28,51.4676,7.40616,156.913,27.7483,310.631,1,16,-83,-5,12,57,52,6,27770885,262,1,124,13499,
492.552,9567.59,51.4678,7.40586,157.117,27.1254,310.619,1,16,-83,-5,12,57,52,6,27770885,262,1,124,13499,
493.52,9594.58,51.4679,7.40556,157.238,26.5313,311.583,1,10,-83,-5,11,57,53,6,27770885,262,1,124,13499,
494.535,9621.21,51.4681,7.40527,157.549,26.5744,311.53,1,10,-83,-5,11,57,53,6,27770885,262,1,124,13499,
495.521,9647.84,51.4683,7.40498,157.92,26.6222,311.727,1,10,-81,-5,13,59,52,6,27770885,262,1,124,13499,
496.517,9674.28,51.4684,7.4047,158.413,26.2024,312.239,1,10,-81,-5,13,59,52,6,27770885,262,1,124,13499,
497.512,9700.13,51.4686,7.40442,158.874,25.7217,312.263,1,7,-84,-7,11,56,54,19,27771140,262,1,124,13499,
498.521,9725.63,51.4687,7.40414,159.433,25.7046,312.708,1,7,-84,-7,11,56,54,19,27771140,262,1,124,13499,
499.516,9751.57,51.4689,7.40387,159.859,25.8722,313.248,1,10,-79,-4,14,61,56,19,27771140,262,1,289,13499,
500.513,9777.58,51.469,7.4036,160.186,26.1172,313.482,1,10,-79,-4,14,61,56,19,27771140,262,1,289,13499,
501.516,9804.67,51.4692,7.40331,160.499,26.4864,313.386,1,10,-79,-4,14,61,56,19,27771140,262,1,289,13499,
502.518,9831.04,51.4694,7.40304,160.898,26.4162,314.034,1,21,-81,-5,13,59,55,19,27771140,262,1,289,13499,
503.524,9856.73,51.4695,7.40277,161.246,26.0289,313.956,1,21,-81,-5,13,59,55,19,27771140,262,1,289,13499,
504.533,9882.22,51.4697,7.40251,161.502,25.3553,314.581,1,12,-83,-4,11,57,53,19,27771140,262,1,289,13499,
505.539,9907.59,51.4699,7.40224,161.757,25.0315,314.906,1,12,-83,-4,11,57,53,19,27771140,262,1,289,13499,
506.534,9907.59,51.4713,7.39648,nan,24.7049,315.485,1,18,-80,-4,15,60,55,19,27771140,262,1,289,13499,
507.544,9907.59,51.4702,7.40174,162.536,24.4217,315.491,1,18,-80,-4,15,60,55,19,27771140,262,1,289,13499,
508.522,9932.02,51.4703,7.40149,162.715,24.2749,315.503,1,20,-82,-5,12,58,56,19,27771140,262,1,289,13499,
509.536,9956.75,51.4705,7.40124,162.874,24.7461,316.053,1,20,-82,-5,12,58,56,19,27771140,262,1,289,13499,
510.532,9981.38,51.4706,7.40099,163.098,25.0798,316.165,1,22,-79,-5,15,61,58,19,27771140,262,1,289,13499,
511.555,10006.5,51.4708,7.40074,163.426,25.4762,316.81,1,22,-79,-5,15,61,58,19,27771140,262,1,289,13499,
512.528,10031.5,51.471,7.40049,163.926,25.7663,316.691,1,24,-80,-5,15,60,56,19,27771140,262,1,289,13499,
513.534,10057.5,51.4711,7.40023,164.389,25.7504,316.835,1,24,-80,-5,15,60,56,19,27771140,262,1,289,13499,
514.524,10083.3,51.4713,7.39997,164.662,25.4177,317.505,1,12,-82,-5,15,58,54,19,27771140,262,1,289,13499,
515.53,10108.7,51.4715,7.39972,165.109,25.3457,317.422,1,12,-82,-5,15,58,54,19,27771140,262,1,289,13499,
516.521,10132.9,51.4716,7.39949,165.479,25.0306,318.049,1,14,-82,-4,15,58,54,19,27771140,262,1,289,13499,
517.509,10157.4,51.4718,7.39925,165.729,24.4049,318.176,1,14,-82,-4,15,58,54,19,27771140,262,1,289,13499,
518.523,10181.2,51.472,7.39902,165.895,23.8097,318.697,1,22,-82,-4,15,58,54,19,27771140,262,1,289,13499,
519.527,10205,51.4721,7.3988,166.069,23.4382,318.884,1,22,-82,-4,15,58,54,19,27771140,262,1,289,13499,
520.521,10228.3,51.4723,7.39858,166.234,23.1036,318.817,1,23,-83,-5,15,57,52,19,27771140,262,1,289,13499,
521.525,10251.4,51.4724,7.39836,166.348,22.7994,319.379,1,23,-83,-5,15,57,52,19,27771140,262,1,289,13499,
522.515,10274.1,51.4726,7.39814,166.354,22.7952,319.635,1,19,-83,-5,15,57,52,19,27771140,262,1,289,13499,
523.546,10296,51.4727,7.39793,166.618,22.9119,319.663,1,19,-83,-5,15,57,52,19,27771140,262,1,289,13499,
524.532,10319.6,51.4729,7.39772,166.626,23.1241,319.97,1,19,-87,-6,12,53,48,19,27771140,262,1,289,13499,
525.527,10342.7,51.4731,7.39751,166.597,22.8174,320.6,1,19,-87,-6,12,53,48,19,27771140,262,1,289,13499,
526.538,10342.7,51.4713,7.39648,nan,22.0597,320.703,1,10,-90,-6,11,50,47,19,27771140,262,1,289,13499,
527.54,10342.7,51.4734,7.3971,166.661,21.718,320.609,1,10,-90,-6,11,50,47,19,27771140,262,1,289,13499,
528.534,10363.5,51.4735,7.39692,166.566,22.0285,321.07,1,10,-87,-6,12,53,50,19,27771140,262,1,289,13499,
529.528,10386.5,51.4737,7.39672,166.523,22.3222,322.474,1,10,-87,-6,12,53,50,19,27771140,262,1,289,13499,
530.532,10408.2,51.4738,7.39653,166.646,21.9952,321.964,1,11,-86,-7,8,54,52,19,27771140,262,1,289,13499,
531.53,10430.4,51.474,7.39634,166.665,21.654,322.409,1,11,-86,-7,8,54,52,19,27771140,262,1,289,13499,
532.529,10451.8,51.4742,7.39615,166.735,21.6148,322.484,1,11,-86,-7,8,54,52,19,27771140,262,1,289,13499,
533.549,10473.4,51.4743,7.39596,166.969,21.6506,322.849,1,11,-84,-6,14,56,53,19,27771140,262,1,289,13499,
534.523,10495.8,51.4745,7.39577,167.418,22.1878,323.136,1,11,-84,-6,14,56,53,19,27771140,262,1,289,13499,
535.521,10517.7,51.4746,7.39559,168.192,21.9561,324.504,1,19,-81,-6,13,59,57,19,27771140,262,1,289,13499,
536.515,10539.4,51.4748,7.39541,169.425,21.9852,326.501,1,19,-81,-6,13,59,57,19,27771140,262,1,289,13499,
537.517,10561.5,51.475,7.39523,170.368,22.0519,327.484,1,15,-81,-6,14,59,56,19,27771140,262,1,289,13499,
538.515,10583.5,51.4751,7.39506,171.26,22.3127,329.096,1,15,-81,-6,14,59,56,19,27771140,262,1,289,13499,
539.516,10606.1,51.4753,7.39489,172.11,22.6872,329.441,1,25,-77,-6,7,63,59,19,27771140,262,1,289,13499,
540.526,10628.9,51.4755,7.39472,172.956,22.9039,329.362,1,25,-77,-6,7,63,59,19,27771140,262,1,289,13499,
541.53,10651.7,51.4757,7.39455,173.84,22.8126,329.765,1,19,-78,-7,2,62,60,19,27771140,262,1,289,13499,
542.555,10674.2,51.4758,7.39439,174.66,22.3994,330.36,1,19,-78,-7,2,62,60,19,27771140,262,1,289,13499,
543.513,10696.2,51.476,7.39423,175.533,21.9432,330.881,1,21,-76,-5,15,64,60,5,27771140,262,1,289,13499,
544.513,10717.6,51.4762,7.39408,176.29,21.5574,331.775,1,21,-76,-5,15,64,60,5,27771140,262,1,289,13499,
545.526,10739.2,51.4763,7.39393,176.438,21.2305,332.522,1,21,-75,-5,13,65,61,5,27771140,262,1,289,13499,
546.537,10739.2,51.4763,7.39781,nan,21.1479,333.178,1,21,-75,-5,13,65,61,5,27771140,262,1,289,13499,
547.527,10739.2,51.4767,7.39365,177.256,21.0925,334.076,1,14,-72,-5,14,68,63,5,27771140,262,1,289,13499,
548.522,10760.2,51.4769,7.39351,178.023,21.3651,335.662,1,14,-72,-5,14,68,63,5,27771140,262,1,289,13499,
549.511,10782.1,51.477,7.39339,178.918,21.3227,336.82,1,10,-82,-8,12,58,57,5,27771140,262,1,289,13499,
550.53,10802.5,51.4772,7.39327,179.912,20.6386,338.174,1,10,-82,-8,12,58,57,5,27771140,262,1,289,13499,
551.513,10822.5,51.4774,7.39318,180.415,19.8926,340.669,1,7,-87,-11,9,53,56,5,27771140,262,1,289,13499,
552.537,10841.8,51.4775,7.3931,180.786,18.7493,344.657,1,7,-87,-11,9,53,56,5,27771140,262,1,289,13499,
553.52,10860.3,51.4777,7.39304,181.354,17.9638,346.071,1,6,-79,-6,6,61,57,4,27771139,262,1,288,13499,
554.538,10877,51.4779,7.39301,181.755,17.8742,350.036,1,6,-79,-6,6,61,57,4,27771139,262,1,288,13499,
555.525,10895.9,51.478,7.39303,182.065,18.2883,3.08871,1,12,-80,-7,14,60,58,4,27771139,262,1,288,13499,
556.511,10915.2,51.4782,7.39306,181.824,18.3203,5.63926,1,12,-80,-7,14,60,58,4,27771139,262,1,288,13499,
557.533,10933.5,51.4783,7.39315,181.662,17.9108,18.8981,1,12,-80,-7,14,60,58,4,27771139,262,1,288,13499,
558.526,10951.4,51.4785,7.39323,181.058,17.8889,19.9512,1,19,-83,-6,13,57,54,4,27771139,262,1,288,13499,
559.513,10969.5,51.4786,7.39334,180.363,17.8821,23.4921,1,19,-83,-6,13,57,54,4,27771139,262,1,288,13499,
560.511,10988.4,51.4788,7.39351,179.685,18.1597,38.4411,1,26,-76,-5,15,64,61,4,27771139,262,1,288,13499,
561.524,11006.3,51.4789,7.39366,179.379,16.7958,36.5716,1,26,-76,-5,15,64,61,4,27771139,262,1,288,13499,
562.524,11022.1,51.479,7.39379,179.105,15.1648,33.5941,1,18,-87,-6,13,53,50,4,27771139,262,1,288,13499,
563.519,11036.6,51.4792,7.39385,179.511,13.5768,15.5021,1,18,-87,-6,13,53,50,4,27771139,262,1,288,13499,
564.527,11049.3,51.4793,7.39387,179.991,13.5486,358.814,1,14,-88,-6,11,52,48,4,27771139,262,1,288,13499,
565.521,11062.5,51.4794,7.39387,180.605,13.4102,355.083,1,14,-88,-6,11,52,48,4,27771139,262,1,288,13499,
566.523,11062.5,51.4807,7.39433,nan,14.093,338.033,1,14,-92,-7,9,48,46,4,27771139,262,1,288,13499,
567.535,11062.5,51.4796,7.39372,182.115,14.5073,336.585,1,14,-92,-7,9,48,46,4,27771139,262,1,288,13499,
568.531,11076.7,51.4797,7.39363,182.842,13.4813,335.443,1,9,-91,-8,8,49,48,4,27771139,262,1,288,13499,
569.531,11090.9,51.4798,7.39354,183.722,12.5946,335.369,1,9,-91,-8,8,49,48,4,27771139,262,1,288,13499,
570.524,11102.9,51.4799,7.39347,184.489,11.7551,337.325,1,10,-88,-6,10,52,49,4,27771139,262,1,288,13499,
571.54,11114.6,51.48,7.39342,185.388,11.0987,340.16,1,10,-88,-6,10,52,49,4,27771139,262,1,288,13499,
572.519,11123.4,51.4801,7.39343,186.025,9.49904,5.95507,1,14,-86,-5,2,54,48,4,27771139,262,1,288,13499,
573.512,11131.6,51.4802,7.39347,186.449,9.01604,21.5787,1,14,-86,-5,2,54,48,4,27771139,262,1,288,13499,
574.543,11141.3,51.4803,7.39356,186.831,9.4427,38.8234,1,19,-83,-6,2,57,51,4,27771139,262,1,288,13499,
575.524,11152,51.4803,7.39368,186.803,10.5827,56.2515,1,19,-83,-6,2,57,51,4,27771139,262,1,288,13499,
576.539,11162.8,51.4804,7.39381,186.535,11.255,57.478,1,21,-82,-6,14,58,55,5,27771139,262,1,288,13499,
577.513,11174.1,51.4804,7.39394,186.386,12.2605,57.4854,1,21,-82,-6,14,58,55,5,27771139,262,1,288,13499,
578.522,11186.7,51.4805,7.3941,186.457,13.5207,56.8093,1,10,-85,-6,14,55,53,5,27771139,262,1,288,13499,
579.543,11200.6,51.4806,7.39427,186.622,14.6132,56.8758,1,10,-85,-6,14,55,53,5,27771139,262,1,288,13499,
580.513,11215.8,51.4806,7.39445,186.671,15.9131,57.3562,1,17,-84,-6,14,56,53,5,27771139,262,1,288,13499,
581.537,11232.7,51.4807,7.39466,186.56,16.9979,57.7243,1,17,-84,-6,14,56,53,5,27771139,262,1,288,13499,
582.539,11251.1,51.4808,7.39488,186.253,17.9209,58.2344,1,16,-82,-5,13,58,56,5,27771139,262,1,288,13499,
583.542,11269.4,51.4809,7.39511,185.634,18.1628,58.6152,1,16,-82,-5,13,58,56,5,27771139,262,1,288,13499,
584.516,11287.7,51.481,7.39533,184.936,18.1675,59.4612,1,16,-82,-5,13,58,56,5,27771139,262,1,288,13499,
585.515,11305.7,51.4811,7.39556,184.19,18.2227,59.9787,1,20,-83,-5,13,57,55,5,27771139,262,1,288,13499,
586.521,11305.7,51.4818,7.39589,nan,17.8347,59.7196,1,20,-83,-5,13,57,55,5,27771139,262,1,288,13499,
587.514,11305.7,51.4812,7.39601,182.804,17.4378,60.1487,1,11,-84,-5,11,56,52,5,27771139,262,1,288,13499,
588.531,11323.6,51.4813,7.39623,182.775,17.1812,59.8554,1,11,-84,-5,11,56,52,5,27771139,262,1,288,13499,
589.536,11340.2,51.4814,7.39644,182.827,16.7938,59.3322,1,22,-84,-5,12,56,53,5,27771139,262,1,288,13499,
590.537,11356.6,51.4814,7.39664,183.14,16.3965,59.3597,1,22,-84,-5,12,56,53,5,27771139,262,1,288,13499,
591.525,11372.3,51.4815,7.39683,183.988,15.8699,58.7304,1,13,-83,-6,13,57,54,5,27771139,262,1,288,13499,
592.514,11387.2,51.4816,7.39701,184.502,15.4202,58.1528,1,13,-83,-6,13,57,54,5,27771139,262,1,288,13499,
593.518,11402.4,51.4817,7.3972,184.957,15.0238,57.3184,1,24,-81,-5,15,59,56,5,27771139,262,1,288,13499,
594.525,11416.6,51.4817,7.39737,185.612,14.6492,56.463,1,24,-81,-5,15,59,56,5,27771139,262,1,288,13499,
595.514,11431.4,51.4818,7.39754,185.992,14.0637,55.627,1,23,-81,-5,15,59,56,5,27771139,262,1,288,13499,
596.529,11445,51.4819,7.39771,186.067,13.6388,54.7798,1,23,-81,-5,15,59,56,5,27771139,262,1,288,13499,
597.518,11459,51.482,7.39787,186.336,12.746,53.2728,1,28,-77,-5,15,63,61,5,27771139,262,1,288,13499,
598.515,11470.6,51.482,7.398,186.516,11.5636,52.2361,1,28,-77,-5,15,63,61,5,27771139,262,1,288,13499,
599.535,11482,51.4821,7.39813,186.432,10.333,50.849,1,29,-77,-5,15,63,60,5,27771139,262,1,288,13499,
600.601,11501.9,51.4822,7.39833,185.857,7.96515,48.4094,1,29,-77,-5,15,63,60,5,27771139,262,1,288,13499,
601.483,11501.9,51.4822,7.39833,185.857,7.96515,48.4094,1,24,-78,-5,15,62,58,5,27771139,262,1,288,13499,
602.508,11509.2,51.4823,7.39841,185.914,6.92196,47.4084,1,24,-78,-5,15,62,58,5,27771139,262,1,288,13499,
603.52,11515,51.4823,7.39847,186.208,5.99453,46.0278,1,20,-81,-5,15,59,53,5,27771139,262,1,288,13499,
604.491,11520.8,51.4823,7.39852,186.775,5.04785,44.7794,1,20,-81,-5,15,59,53,5,27771139,262,1,288,13499,
605.526,11524,51.4824,7.39855,186.794,3.84536,42.8949,1,20,-85,-5,15,55,52,5,27771139,262,1,288,13499,
606.54,11526.3,51.4824,7.39857,186.812,2.23357,43.8557,1,20,-85,-5,15,55,52,5,27771139,262,1,288,13499,
607.52,11526.3,51.4824,7.39857,186.814,0,43.8557,1,19,-83,-5,15,57,53,5,27771139,262,1,288,13499,
608.513,11526.3,51.4824,7.39857,186.817,0,43.8557,1,19,-83,-5,15,57,53,5,27771139,262,1,288,13499,
609.533,11526.3,51.4824,7.39857,186.822,0,43.8557,1,19,-83,-5,15,57,53,5,27771139,262,1,288,13499,
610.523,11526.3,51.4824,7.39857,186.827,0,43.8557,1,19,-85,-5,15,55,52,5,27771139,262,1,288,13499,
611.522,11526.3,51.4824,7.39857,186.833,0,43.8557,1,19,-85,-5,15,55,52,5,27771139,262,1,288,13499,
612.509,11526.3,51.4824,7.39857,186.837,0,43.8557,1,22,-84,-5,15,56,53,5,27771139,262,1,288,13499,
613.533,11526.3,51.4824,7.39857,186.84,0,43.8557,1,22,-84,-5,15,56,53,5,27771139,262,1,288,13499,
614.515,11526.3,51.4824,7.39857,186.844,0,43.8557,1,20,-84,-6,15,56,53,5,27771139,262,1,288,13499,
615.551,11526.3,51.4824,7.39857,186.848,0,43.8557,1,20,-84,-6,15,56,53,5,27771139,262,1,288,13499,
616.529,11526.3,51.4824,7.39857,186.852,0,43.8557,1,32,-85,-6,15,55,52,5,27771139,262,1,288,13499,
617.546,11526.3,51.4824,7.39857,186.855,0,43.8557,1,32,-85,-6,15,55,52,5,27771139,262,1,288,13499,
618.525,11526.3,51.4824,7.39857,186.858,0,43.8557,1,22,-85,-6,15,55,53,5,27771139,262,1,288,13499,
619.568,11526.3,51.4824,7.39857,186.861,0,43.8557,1,22,-85,-6,15,55,53,5,27771139,262,1,288,13499,
620.516,11526.3,51.4824,7.39857,186.861,0,43.8557,1,20,-85,-6,15,55,53,5,27771139,262,1,288,13499,
621.524,11526.3,51.4824,7.39857,186.86,0,43.8557,1,20,-85,-6,15,55,53,5,27771139,262,1,288,13499,
622.522,11526.3,51.4824,7.39857,186.858,0,43.8557,1,19,-84,-5,15,56,52,5,27771139,262,1,288,13499,
623.527,11526.3,51.4824,7.39857,186.851,0,43.8557,1,19,-84,-5,15,56,52,5,27771139,262,1,288,13499,
624.484,11526.3,51.4824,7.39857,186.842,0,43.8557,1,21,-85,-6,15,55,52,5,27771139,262,1,288,13499,
625.515,11526.3,51.4824,7.39857,186.831,0,43.8557,1,21,-85,-6,15,55,52,5,27771139,262,1,288,13499,
626.516,11526.3,51.4824,7.39857,186.818,0,43.8557,1,20,-84,-6,15,56,54,5,27771139,262,1,288,13499,
627.523,11526.3,51.4824,7.39857,186.806,0,43.8557,1,20,-84,-6,15,56,54,5,27771139,262,1,288,13499,
628.528,11526.3,51.4824,7.39857,186.794,0,43.8557,1,22,-84,-6,15,56,53,5,27771139,262,1,288,13499,
629.529,11526.3,51.4824,7.39857,186.783,0,43.8557,1,22,-84,-6,15,56,53,5,27771139,262,1,288,13499,
630.546,11526.3,51.4824,7.39857,186.772,0,43.8557,1,19,-85,-5,2,55,52,5,27771139,262,1,288,13499,
631.534,11526.3,51.4824,7.39857,186.763,0,43.8557,1,19,-85,-5,2,55,52,5,27771139,262,1,288,13499,
632.534,11526.3,51.4824,7.39857,186.753,0,43.8557,1,20,-85,-6,2,55,53,5,27771139,262,1,288,13499,
633.528,11526.3,51.4824,7.39857,186.744,0,43.8557,1,20,-85,-6,2,55,53,5,27771139,262,1,288,13499,
634.552,11526.3,51.4824,7.39857,186.735,0,43.8557,1,22,-84,-6,2,56,53,5,27771139,262,1,288,13499,
635.505,11526.3,51.4824,7.39857,186.728,0,43.8557,1,22,-84,-6,2,56,53,5,27771139,262,1,288,13499,
636.507,11526.3,51.4824,7.39857,186.719,0,43.8557,1,18,-85,-7,13,55,54,10,27771139,262,1,288,13499,
637.519,11526.3,51.4824,7.39857,186.71,0,43.8557,1,18,-85,-7,13,55,54,10,27771139,262,1,288,13499,
638.528,11526.3,51.4824,7.39857,186.701,0,43.8557,1,20,-84,-6,12,56,52,10,27771139,262,1,288,13499,
639.539,11526.3,51.4824,7.39857,186.693,0,43.8557,1,20,-84,-6,12,56,52,10,27771139,262,1,288,13499,
640.527,11526.3,51.4824,7.39857,186.642,0,49.8933,1,19,-85,-5,13,55,50,10,27771139,262,1,288,13499,
641.514,11533.7,51.4824,7.39864,186.466,0,36.9152,1,19,-85,-5,13,55,50,10,27771139,262,1,288,13499,
642.517,11542.9,51.4825,7.39872,186.918,8.4207,36.9212,1,19,-85,-5,13,55,50,10,27771139,262,1,288,13499,
643.514,11552.5,51.4826,7.3988,187.221,10.1239,36.6123,1,12,-90,-6,9,50,46,10,27771139,262,1,288,13499,
644.512,11564.3,51.4826,7.3989,187.555,11.5887,36.1978,1,12,-90,-6,9,50,46,10,27771139,262,1,288,13499,
645.522,11576.1,51.4827,7.399,187.772,12.3674,35.7212,1,13,-87,-6,14,53,49,10,27771139,262,1,288,13499,
646.523,11589.4,51.4828,7.39912,187.856,13.3481,34.8835,1,13,-87,-6,14,53,49,10,27771139,262,1,288,13499,
647.524,11603.3,51.4829,7.39923,187.946,13.9277,35.4696,1,9,-87,-6,11,53,49,10,27771139,262,1,288,13499,
648.514,11617.7,51.483,7.39935,187.912,15.2659,34.8167,1,9,-87,-6,11,53,49,10,27771139,262,1,288,13499,
649.517,11632.7,51.4832,7.39946,187.936,15.8783,34.0693,1,10,-87,-5,10,53,49,10,27771139,262,1,288,13499,
650.521,11650.6,51.4833,7.3996,187.782,16.5056,33.9255,1,10,-87,-5,10,53,49,10,27771139,262,1,288,13499,
651.516,11667.6,51.4834,7.39973,187.633,16.6416,33.9688,1,10,-90,-5,2,50,47,10,27771139,262,1,288,13499,
652.539,11685.4,51.4835,7.39987,187.79,17.0091,34.4076,1,10,-90,-5,2,50,47,10,27771139,262,1,288,13499,
653.524,11702.2,51.4837,7.40001,187.885,17.122,35.1657,1,8,-90,-7,2,50,47,10,27771139,262,1,288,13499,
654.521,11719,51.4838,7.40015,188.1,17.3234,35.8209,1,8,-90,-7,2,50,47,10,27771139,262,1,288,13499,
655.519,11736.4,51.4839,7.4003,188.186,17.4037,36.295,1,5,-93,-7,2,47,45,10,27771139,262,1,288,13499,
656.527,11753.9,51.4841,7.40045,188.383,17.6621,36.9142,1,5,-93,-7,2,47,45,10,27771139,262,1,288,13499,
657.537,11771.2,51.4842,7.4006,188.442,17.6001,37.798,1,10,-93,-6,2,47,45,10,28365058,262,1,223,13499,
658.523,11788.6,51.4843,7.40076,188.741,17.8634,38.5195,1,10,-93,-6,2,47,45,10,28365058,262,1,223,13499,
659.515,11806.2,51.4844,7.40092,189.095,17.6944,39.3635,1,10,-94,-7,2,46,44,10,28365058,262,1,223,13499,
660.521,11823.8,51.4845,7.40108,189.488,17.3581,40.2784,1,10,-94,-7,2,46,44,10,28365058,262,1,223,13499,
661.526,11840.9,51.4847,7.40124,189.712,17.0537,41.1123,1,13,-96,-7,2,44,42,10,28365058,262,1,223,13499,
662.516,11858.1,51.4848,7.40141,189.698,16.6392,41.8165,1,13,-96,-7,2,44,42,10,28365058,262,1,223,13499,
663.522,11874.4,51.4849,7.40156,189.764,16.3292,41.4777,1,13,-97,-7,2,43,40,10,28365058,262,1,223,13499,
664.529,11889.8,51.485,7.40171,189.906,15.0548,41.377,1,13,-97,-7,2,43,40,10,28365058,262,1,223,13499,
665.517,11904.1,51.4851,7.40186,189.773,14.6057,42.19,1,11,-98,-7,2,42,39,10,28365058,262,1,223,13499,
666.525,11917.4,51.4852,7.402,189.367,13.1754,43.6172,1,11,-98,-7,2,42,39,10,28365058,262,1,223,13499,
667.547,11917.4,51.4841,7.40164,nan,12.661,44.8055,1,11,-98,-7,2,42,39,10,28365058,262,1,223,13499,
668.527,11917.4,51.4853,7.40226,188.464,12.0671,46.1364,1,8,-94,-6,9,46,42,8,28365058,262,1,223,13499,
669.545,11928.9,51.4854,7.40238,187.983,10.9141,47.4682,1,8,-94,-6,9,46,42,8,28365058,262,1,223,13499,
670.522,11938.9,51.4854,7.40249,187.469,9.97722,48.6473,1,5,-97,-8,7,43,41,8,28365058,262,1,223,13499,
671.524,11947.4,51.4855,7.40259,186.913,8.1767,49.1578,1,5,-97,-8,7,43,41,8,28365058,262,1,223,13499,
672.514,11956.8,51.4855,7.4027,186.446,7.45249,48.027,1,10,-97,-7,9,43,40,8,28365058,262,1,223,13499,
673.544,11963.9,51.4856,7.40276,185.99,7.45899,29.8553,1,10,-97,-7,9,43,40,8,28365058,262,1,223,13499,
674.509,11970.5,51.4856,7.40278,185.177,7.49631,10.3122,1,8,-94,-6,6,46,42,16,29391105,262,1,351,13499,
675.515,11978.5,51.4857,7.40277,184.452,7.69006,346.039,1,8,-94,-6,6,46,42,16,29391105,262,1,351,13499,
676.521,11984.8,51.4858,7.40274,183.847,7.76052,330.881,1,1,-99,-7,6,41,39,8,28365058,262,1,223,13499,
677.515,11993.4,51.4858,7.40267,183.551,8.73213,328.286,1,1,-99,-7,6,41,39,8,28365058,262,1,223,13499,
678.521,12001.3,51.4859,7.4026,183.3,9.82244,326.389,1,6,-101,-9,9,39,38,8,28365058,262,1,223,13499,
679.515,12010.9,51.486,7.40252,183.255,10.2085,325.637,1,6,-101,-9,9,39,38,8,28365058,262,1,223,13499,
680.512,12022.1,51.486,7.40242,184.072,11.4148,324.873,1,1,-97,-9,6,43,44,8,28365058,262,1,223,13499,
681.537,12035.2,51.4861,7.40231,184.999,12.0045,325.233,1,1,-97,-9,6,43,44,8,28365058,262,1,223,13499,
682.517,12047.3,51.4862,7.40221,185.834,11.6815,326.566,1,2,-94,-8,6,46,46,4,26385409,262,1,93,13499,
683.512,12059.3,51.4863,7.40212,186.727,11.2532,329.029,1,2,-94,-8,6,46,46,4,26385409,262,1,93,13499,
684.526,12069.5,51.4864,7.40205,187.101,11.264,330.982,1,8,-93,-7,11,47,46,4,26385409,262,1,93,13499,
685.536,12081.4,51.4865,7.40199,187.378,10.9425,333.047,1,8,-93,-7,11,47,46,4,26385409,262,1,93,13499,
686.515,12093.7,51.4866,7.40192,187.765,11.2373,335.769,1,10,-93,-7,11,47,45,4,26385409,262,1,93,13499,
687.505,12105.3,51.4867,7.40186,188.183,11.1284,338.037,1,10,-93,-7,11,47,45,4,26385409,262,1,93,13499,
688.51,12116.5,51.4868,7.40182,188.133,10.8978,341.202,1,7,-95,-7,8,45,43,4,26385409,262,1,93,13499,
689.513,12127.6,51.4869,7.40179,187.927,10.7658,343.373,1,7,-95,-7,8,45,43,4,26385409,262,1,93,13499,
690.517,12138.6,51.487,7.40176,187.644,10.6946,345.781,1,7,-95,-7,8,45,43,4,26385409,262,1,93,13499,
691.525,12148.6,51.4871,7.40174,187.173,10.6257,348.022,1,13,-90,-6,12,50,47,4,26385409,262,1,93,13499,
692.519,12159.2,51.4872,7.40173,186.614,10.6509,349.881,1,13,-90,-6,12,50,47,4,26385409,262,1,93,13499,
693.538,12169.8,51.4873,7.40171,185.733,10.5131,352.647,1,24,-84,-6,12,56,52,4,26385409,262,1,93,13499,
694.523,12181.1,51.4874,7.40171,185.122,11.3144,354.86,1,24,-84,-6,12,56,52,4,26385409,262,1,93,13499,
695.523,12193.7,51.4875,7.40172,184.526,11.5301,356.257,1,23,-84,-5,14,56,52,4,26385409,262,1,93,13499,
696.526,12204.4,51.4876,7.40173,184.015,11.5079,357.415,1,23,-84,-5,14,56,52,4,26385409,262,1,93,13499,
697.514,12214.8,51.4877,7.40173,183.639,11.4382,358.695,1,18,-87,-6,10,53,50,4,26385409,262,1,93,13499,
698.543,12227.1,51.4878,7.40174,183.536,11.6333,359.172,1,18,-87,-6,10,53,50,4,26385409,262,1,93,13499,
699.531,12238.8,51.4879,7.40174,183.51,11.7742,359.537,1,22,-88,-6,11,52,49,4,26385409,262,1,93,13499,
700.522,12250.7,51.488,7.40174,183.635,11.1997,359.993,1,22,-88,-6,11,52,49,4,26385409,262,1,93,13499,
701.526,12263.1,51.4881,7.40174,183.622,11.473,359.326,1,27,-81,-5,14,59,55,4,26385409,262,1,93,13499,
702.513,12276,51.4882,7.40175,183.692,11.6065,359.763,1,27,-81,-5,14,59,55,4,26385409,262,1,93,13499,
703.514,12287.2,51.4883,7.40175,183.637,11.994,0.737863,1,16,-79,-7,2,61,57,4,26385409,262,1,93,13499,
704.504,12298.3,51.4884,7.40175,183.256,11.4228,0.364634,1,16,-79,-7,2,61,57,4,26385409,262,1,93,13499,
705.523,12308.3,51.4885,7.40175,182.884,10.3472,359.913,1,18,-80,-5,2,60,56,4,26385409,262,1,93,13499,
706.619,12318.5,51.4886,7.40175,182.596,9.74323,359.462,1,18,-80,-5,2,60,56,4,26385409,262,1,93,13499,
707.51,12318.5,51.4888,7.40168,nan,8.87332,0.247124,1,14,-84,-7,13,56,54,1,26385409,262,1,93,13499,
708.527,12318.5,51.4888,7.40175,182.6,7.89738,359.578,1,14,-84,-7,13,56,54,1,26385409,262,1,93,13499,
709.521,12325.8,51.4888,7.40175,182.446,7.56908,359.053,1,13,-84,-9,13,56,57,1,26385409,262,1,93,13499,
710.528,12333,51.4889,7.40176,182.213,7.14665,359.774,1,13,-84,-9,13,56,57,1,26385409,262,1,93,13499,
711.515,12339.5,51.489,7.40176,182.355,6.30574,358.903,1,9,-80,-7,6,60,58,2,26385410,262,1,94,13499,
712.511,12346.1,51.489,7.40176,182.608,5.96559,359.248,1,9,-80,-7,6,60,58,2,26385410,262,1,94,13499,
713.521,12352.4,51.4891,7.40175,183.164,5.4209,359.954,1,17,-80,-7,15,60,59,2,26385410,262,1,94,13499,
714.518,12356.6,51.4891,7.40176,183.224,4.71715,0.0781461,1,17,-80,-7,15,60,59,2,26385410,262,1,94,13499,
715.537,12360.9,51.4892,7.40175,183.246,4.02606,0.470411,1,17,-80,-7,15,60,59,2,26385410,262,1,94,13499,
716.546,12364.9,51.4892,7.40176,183.276,2.85531,1.23577,1,26,-78,-6,15,62,59,2,26385410,262,1,94,13499,
717.517,12366.5,51.4892,7.40176,183.289,0.762905,1.23577,1,26,-78,-6,15,62,59,2,26385410,262,1,94,13499,
718.524,12366.5,51.4892,7.40176,183.292,0,1.23577,1,29,-67,-4,15,73,63,2,26385410,262,1,94,13499,
719.527,12366.5,51.4892,7.40176,183.299,0,1.23577,1,29,-67,-4,15,73,63,2,26385410,262,1,94,13499,
720.536,12366.5,51.4892,7.40176,183.31,0,1.23577,1,29,-67,-4,15,73,63,2,26385410,262,1,94,13499,
721.513,12366.5,51.4892,7.40176,183.323,0,1.23577,1,29,-67,-4,15,73,63,2,26385410,262,1,94,13499,
722.516,12366.5,51.4892,7.40176,183.334,0,1.23577,1,30,-66,-4,15,74,63,2,26385410,262,1,94,13499,
723.529,12366.5,51.4892,7.40176,183.344,0,1.23577,1,30,-66,-4,15,74,63,2,26385410,262,1,94,13499,
724.537,12366.5,51.4892,7.40176,183.354,0,1.23577,1,31,-67,-4,15,73,63,2,26385410,262,1,94,13499,
725.536,12366.5,51.4892,7.40176,183.364,0,1.23577,1,31,-67,-4,15,73,63,2,26385410,262,1,94,13499,
726.523,12366.5,51.4891,7.40161,nan,0,1.23577,1,30,-67,-5,15,73,63,2,26385410,262,1,94,13499,
727.528,12366.5,51.4892,7.40176,183.47,0,6.55526,1,30,-67,-5,15,73,63,2,26385410,262,1,94,13499,
728.534,12366.5,51.4892,7.40176,183.868,0,3.7091,1,31,-67,-5,15,73,63,2,26385410,262,1,94,13499,
729.539,12374.9,51.4893,7.40178,183.846,6.08225,4.18467,1,31,-67,-5,15,73,63,2,26385410,262,1,94,13499,
730.53,12382,51.4893,7.40181,183.006,5.50672,18.28,1,28,-74,-6,15,66,61,2,26385410,262,1,94,13499,
731.535,12388.3,51.4894,7.40187,182.35,5.29064,43.1524,1,28,-74,-6,15,66,61,2,26385410,262,1,94,13499,
732.516,12394.1,51.4894,7.40195,181.749,7.37838,88.6733,1,25,-70,-5,15,70,63,2,26385410,262,1,94,13499,
733.517,12401.3,51.4894,7.40206,182.046,8.96818,89.1079,1,25,-70,-5,15,70,63,2,26385410,262,1,94,13499,
734.525,12410.9,51.4894,7.4022,182.328,10.4209,90.033,1,30,-71,-6,15,69,63,2,26385410,262,1,94,13499,
735.525,12422.6,51.4894,7.40237,182.333,11.5588,90.5671,1,30,-71,-6,15,69,63,2,26385410,262,1,94,13499,
736.507,12434.9,51.4894,7.40254,182.07,12.654,89.774,1,30,-71,-6,15,69,63,2,26385410,262,1,94,13499,
737.559,12449.6,51.4894,7.40276,181.374,13.2044,90.1266,1,28,-77,-6,15,63,60,2,26385410,262,1,94,13499,
738.514,12462.5,51.4894,7.40294,180.466,12.8125,90.5703,1,28,-77,-6,15,63,60,2,26385410,262,1,94,13499,
739.538,12475.4,51.4894,7.40313,179.569,12.1594,90.6466,1,35,-77,-6,15,63,61,2,26385410,262,1,94,13499,
740.531,12487,51.4894,7.4033,178.556,11.3391,90.1416,1,35,-77,-6,15,63,61,2,26385410,262,1,94,13499,
741.53,12497.5,51.4894,7.40345,177.762,9.48046,89.8823,1,28,-73,-8,15,67,63,2,26385410,262,1,94,13499,
742.535,12505.8,51.4894,7.40357,176.952,9.23166,88.8149,1,28,-73,-8,15,67,63,2,26385410,262,1,94,13499,
743.521,12515.8,51.4894,7.40371,176.626,10.0631,88.3311,1,25,-70,-6,15,70,63,2,26385410,262,1,94,13499,
744.513,12526.1,51.4894,7.40386,176.399,10.7392,87.9168,1,25,-70,-6,15,70,63,2,26385410,262,1,94,13499,
745.522,12536.3,51.4894,7.40401,176.41,11.2971,88.7327,1,19,-75,-8,15,65,63,2,26385410,262,1,94,13499,
746.524,12548.6,51.4894,7.40419,176.553,11.8783,90.875,1,19,-75,-8,15,65,63,2,26385410,262,1,94,13499,
747.524,12562.9,51.4893,7.40435,179.6,12.3213,92.0305,1,11,-74,-6,6,66,63,1,26385408,262,1,95,13499,
748.531,12577.4,51.4894,7.40452,177.051,12.4461,92.6485,1,11,-74,-6,6,66,63,1,26385408,262,1,95,13499,
749.537,12590.2,51.4894,7.40471,177.398,12.2955,92.2809,1,16,-74,-7,15,66,63,1,26385408,262,1,95,13499,
750.524,12603.3,51.4894,7.4049,177.427,12.234,91.4394,1,16,-74,-7,15,66,63,1,26385408,262,1,95,13499,
751.534,12615.6,51.4894,7.40507,177.43,12.1945,91.0574,1,19,-70,-5,13,70,63,1,26385408,262,1,95,13499,
752.521,12626.9,51.4894,7.40524,177.683,11.9438,89.5471,1,19,-70,-5,13,70,63,1,26385408,262,1,95,13499,
753.522,12639.5,51.4894,7.40542,177.747,11.7517,88.0132,1,26,-71,-5,12,69,63,1,26385408,262,1,95,13499,
754.511,12650.9,51.4894,7.40558,177.689,11.6873,86.3793,1,26,-71,-5,12,69,63,1,26385408,262,1,95,13499,
755.513,12662.6,51.4894,7.40575,177.701,11.7879,84.2343,1,20,-74,-6,15,66,63,1,26385408,262,1,95,13499,
756.513,12674.6,51.4894,7.40592,177.722,12.0332,82.3966,1,20,-74,-6,15,66,63,1,26385408,262,1,95,13499,
757.528,12686.6,51.4894,7.40609,178.26,12.1338,81.8026,1,18,-76,-6,13,64,61,1,26385408,262,1,95,13499,
758.534,12699.1,51.4895,7.40627,178.626,12.5218,80.6015,1,18,-76,-6,13,64,61,1,26385408,262,1,95,13499,
759.513,12713,51.4895,7.40647,178.735,12.676,79.8539,1,20,-75,-6,13,65,62,1,26385408,262,1,95,13499,
760.541,12725.4,51.4895,7.40664,178.803,12.6834,79.5068,1,20,-75,-6,13,65,62,1,26385408,262,1,95,13499,
761.527,12737.9,51.4895,7.40682,178.616,12.5368,78.7901,1,16,-73,-6,11,67,63,1,26385408,262,1,95,13499,
762.543,12750.2,51.4896,7.40699,178.389,12.4484,78.4281,1,16,-73,-6,11,67,63,1,26385408,262,1,95,13499,
763.542,12762.4,51.4896,7.40716,178.637,12.4972,77.673,1,16,-73,-6,11,67,63,1,26385408,262,1,95,13499,
764.525,12774.2,51.4896,7.40732,178.923,12.7591,76.9677,1,14,-73,-5,10,67,62,1,26385408,262,1,95,13499,
765.529,12787.5,51.4897,7.40751,179.014,12.9371,77.6617,1,14,-73,-5,10,67,62,1,26385408,262,1,95,13499,
766.545,12800.2,51.4897,7.40769,179.023,13.1671,78.4718,1,17,-75,-5,13,65,61,1,26385408,262,1,95,13499,
767.52,12813,51.4897,7.40787,179.093,13.0752,78.7471,1,17,-75,-5,13,65,61,1,26385408,262,1,95,13499,
768.519,12826,51.4897,7.40805,179.17,12.9721,79.2748,1,10,-75,-5,12,65,60,1,26385408,262,1,95,13499,
769.519,12838.8,51.4898,7.40824,179.042,12.9929,79.6273,1,10,-75,-5,12,65,60,1,26385408,262,1,95,13499,
770.51,12851.9,51.4898,7.40842,179.111,12.747,78.8826,1,10,-78,-6,11,62,59,1,26385408,262,1,95,13499,
771.513,12863.7,51.4898,7.40859,179.374,12.4937,78.7213,1,10,-78,-6,11,62,59,1,26385408,262,1,95,13499,
772.523,12875.8,51.4898,7.40876,179.698,12.5398,78.3528,1,15,-77,-6,11,63,58,1,26385408,262,1,95,13499,
773.531,12889,51.4898,7.40895,180.221,12.5506,77.7469,1,15,-77,-6,11,63,58,1,26385408,262,1,95,13499,
774.531,12901.2,51.4899,7.40912,180.47,12.5731,78.6702,1,14,-76,-5,14,64,60,1,26385408,262,1,95,13499,
775.546,12914.3,51.4899,7.40931,180.432,12.5138,79.3238,1,14,-76,-5,14,64,60,1,26385408,262,1,95,13499,
776.532,12927.4,51.4899,7.4095,180.461,12.5787,78.8668,1,12,-79,-6,15,61,57,1,26385408,262,1,95,13499,
777.537,12939.5,51.4899,7.40967,180.256,12.5973,78.0401,1,12,-79,-6,15,61,57,1,26385408,262,1,95,13499,
778.528,12951.8,51.4899,7.40984,179.871,12.4204,78.4591,1,13,-80,-5,12,60,57,1,26385408,262,1,95,13499,
779.52,12964.2,51.49,7.41002,179.586,12.0415,79.3036,1,13,-80,-5,12,60,57,1,26385408,262,1,95,13499,
780.513,12976.4,51.49,7.41019,178.754,11.4333,78.537,1,28,-76,-5,15,64,61,1,26385408,262,1,95,13499,
781.524,12988.5,51.49,7.41036,177.279,11.4798,78.8714,1,28,-76,-5,15,64,61,1,26385408,262,1,95,13499,
782.55,12999.6,51.49,7.41052,176.127,11.8287,78.3958,1,20,-81,-5,12,59,55,1,26385408,262,1,95,13499,
783.527,13012.2,51.4901,7.4107,174.897,12.5013,78.3267,1,20,-81,-5,12,59,55,1,26385408,262,1,95,13499,
784.531,13024.2,51.4901,7.41086,173.069,12.4263,78.4935,1,13,-89,-6,14,51,48,1,26385408,262,1,95,13499,
785.535,13037.1,51.4901,7.41105,171.18,12.3828,78.1919,1,13,-89,-6,14,51,48,1,26385408,262,1,95,13499,
786.531,13049.2,51.4901,7.41121,169.388,12.2634,78.8177,1,13,-89,-6,14,51,48,1,26385408,262,1,95,13499,
