0.285,0,51.45,7.48827,253.549,9.27993,170.706,1,10,-96,-10,2,44,45,7,28371201,262,1,66,13499,
1.381,18.7444,51.4498,7.48833,252.805,10.1994,171.827,1,9,-98,-9,11,42,41,7,28371201,262,1,66,13499,
2.396,30.1285,51.4497,7.48836,252.256,11.1205,172.691,1,9,-98,-9,11,42,41,7,28371201,262,1,66,13499,
3.399,30.1285,51.4497,7.48836,252.256,11.1205,172.691,1,7,-97,-9,8,43,44,7,28371201,262,1,66,13499,
4.37,41.9716,51.4496,7.48839,251.87,11.4007,173.861,1,7,-97,-9,8,43,44,7,28371201,262,1,66,13499,
5.363,53.3876,51.4495,7.48841,251.756,11.8246,174.792,1,5,-99,-9,9,41,42,7,28371201,262,1,66,13499,
6.372,65.4275,51.4494,7.48842,251.777,12.0918,175.661,1,5,-99,-9,9,41,42,7,28371201,262,1,66,13499,
7.369,78.2394,51.4493,7.48843,251.915,12.2348,177.278,1,3,-99,-9,9,41,41,7,28371201,262,1,66,13499,
8.331,90.7218,51.4492,7.48843,252.143,12.5749,179.407,1,3,-99,-9,9,41,41,7,28371201,262,1,66,13499,
9.366,103.848,51.449,7.48841,252.225,13.0516,181.614,1,6,-100,-9,7,40,41,7,28371201,262,1,66,13499,
10.366,117.137,51.4489,7.4884,252.174,13.4859,184.54,1,6,-100,-9,7,40,41,7,28371201,262,1,66,13499,
11.381,130.093,51.4488,7.48838,252.407,13.6444,187.05,1,6,-100,-9,7,40,41,7,28371201,262,1,66,13499,
12.378,144.235,51.4487,7.48834,252.812,14.2853,189.28,1,4,-102,-10,8,38,39,7,28371201,262,1,66,13499,
13.381,144.235,51.4484,7.48867,nan,14.5094,190.852,1,4,-102,-10,8,38,39,7,28371201,262,1,66,13499,
14.384,144.235,51.4484,7.48824,254.052,14.6833,192.061,1,-2,-106,-12,6,34,37,7,28371201,262,1,66,13499,
15.37,159.221,51.4483,7.48818,254.297,14.7767,193.12,1,-2,-106,-12,6,34,37,7,28371201,262,1,66,13499,
16.37,175.102,51.4481,7.48812,254.707,14.8104,193.15,1,-2,-102,-10,6,38,38,9,27771909,262,1,151,13499,
17.361,189.213,51.448,7.48806,255.19,14.8733,192.436,1,-2,-102,-10,6,38,38,9,27771909,262,1,151,13499,
18.383,203.711,51.4479,7.48801,255.858,14.601,191.918,1,2,-103,-10,8,37,38,9,27771909,262,1,151,13499,
19.384,218.327,51.4478,7.48797,256.476,14.5892,191.196,1,2,-103,-10,8,37,38,9,27771909,262,1,151,13499,
20.367,232.038,51.4476,7.48793,256.818,14.1427,189.657,1,5,-104,-9,8,36,36,9,27771909,262,1,151,13499,
21.379,246.533,51.4475,7.48791,257.29,14.3524,186.804,1,5,-104,-9,8,36,36,9,27771909,262,1,151,13499,
22.376,260.1,51.4474,7.4879,257.756,14.059,184.31,1,11,-100,-8,11,40,39,9,27771909,262,1,151,13499,
23.372,274.368,51.4473,7.4879,258.149,14.0116,181.676,1,11,-100,-8,11,40,39,9,27771909,262,1,151,13499,
24.381,288.272,51.4471,7.48791,258.401,13.9297,178.514,1,7,-101,-8,6,39,38,9,27771909,262,1,151,13499,
25.384,302.605,51.447,7.48793,258.807,14.0089,175.014,1,7,-101,-8,6,39,38,9,27771909,262,1,151,13499,
26.378,315.835,51.4469,7.48797,258.895,14.1248,171.988,1,7,-101,-8,10,39,38,9,27771909,262,1,151,13499,
27.362,329.389,51.4468,7.48802,258.901,14.1714,169.23,1,7,-101,-8,10,39,38,9,27771909,262,1,151,13499,
28.381,344.316,51.4466,7.48808,259.191,14.1537,166.242,1,4,-102,-9,8,38,38,9,27771909,262,1,151,13499,
29.387,359.047,51.4465,7.48816,259.692,14.4118,163.247,1,4,-102,-9,8,38,38,9,27771909,262,1,151,13499,
30.37,373.817,51.4464,7.48825,260.298,14.5439,159.786,1,3,-101,-10,2,39,40,9,27771909,262,1,151,13499,
31.365,388.939,51.4463,7.48835,261.067,14.6322,156.76,1,3,-101,-10,2,39,40,9,27771909,262,1,151,13499,
32.361,404.665,51.4462,7.48847,262.076,14.9397,153.098,1,3,-101,-10,2,39,39,9,27771909,262,1,151,13499,
33.366,404.665,51.446,7.48939,nan,15.0589,149.784,1,3,-101,-10,2,39,39,9,27771909,262,1,151,13499,
34.36,404.665,51.4459,7.48874,264.002,14.9256,147.058,1,3,-101,-10,2,39,39,9,27771909,262,1,151,13499,
35.366,421.431,51.4458,7.4889,265.044,15.243,143.574,1,7,-100,-9,7,40,40,6,27771909,262,1,151,13499,
36.366,438.159,51.4457,7.48907,266.109,15.3024,139.673,1,7,-100,-9,7,40,40,6,27771909,262,1,151,13499,
37.356,454.319,51.4456,7.48925,266.93,15.1843,136.532,1,6,-103,-10,8,37,38,6,27771909,262,1,151,13499,
38.36,468.634,51.4455,7.48942,267.618,14.9293,134.001,1,6,-103,-10,8,37,38,6,27771909,262,1,151,13499,
39.376,482.311,51.4455,7.48958,268.075,14.433,132.285,1,1,-105,-11,4,35,37,6,27771909,262,1,151,13499,
40.381,496.82,51.4454,7.48974,268.716,13.6885,130.538,1,1,-105,-11,4,35,37,6,27771909,262,1,151,13499,
41.378,510.767,51.4453,7.48991,269.254,13.5834,129.535,1,-1,-106,-12,8,34,37,6,27771909,262,1,151,13499,
42.372,524.573,51.4452,7.49008,269.836,13.7744,128.597,1,-1,-106,-12,8,34,37,6,27771909,262,1,151,13499,
43.374,538.769,51.4452,7.49025,270.492,13.9818,128.084,1,4,-107,-12,7,33,36,6,27771909,262,1,151,13499,
44.38,552.999,51.4451,7.49042,271.343,13.351,127.659,1,4,-107,-12,7,33,36,6,27771909,262,1,151,13499,
45.393,566.02,51.445,7.49058,272.15,12.3054,127.12,1,1,-105,-12,8,35,37,6,27771909,262,1,151,13499,
46.367,578.002,51.445,7.49072,272.866,10.5642,127.721,1,1,-105,-12,8,35,37,6,27771909,262,1,151,13499,
47.376,588.405,51.4449,7.49084,273.223,8.39063,127.27,1,2,-103,-10,7,37,37,6,27771909,262,1,151,13499,
48.384,594.151,51.4449,7.49091,273.815,5.94447,126.734,1,2,-103,-10,7,37,37,6,27771909,262,1,151,13499,
49.384,600.11,51.4449,7.49099,274.617,5.28091,126.367,1,0,-109,-13,2,31,35,6,27771909,262,1,151,13499,
50.387,605.504,51.4448,7.49105,275.42,4.91552,126.175,1,0,-109,-13,2,31,35,6,27771909,262,1,151,13499,
51.387,609.509,51.4448,7.4911,276.007,4.51406,126.569,1,1,-106,-10,2,34,35,6,28371201,262,1,66,13499,
52.379,613.891,51.4448,7.49116,276.461,4.26048,126.757,1,1,-106,-10,2,34,35,6,28371201,262,1,66,13499,
53.363,613.891,51.445,7.49105,nan,3.60068,126.753,1,5,-106,-10,2,34,35,6,27771907,262,1,150,13499,
54.365,613.891,51.4448,7.49127,276.56,3.41658,127.616,1,5,-106,-10,2,34,35,6,27771907,262,1,150,13499,
55.379,616.561,51.4448,7.4913,276.599,3.16931,128.015,1,7,-106,-9,2,34,34,6,27771907,262,1,150,13499,
56.382,619.32,51.4447,7.49133,276.598,2.77015,128.608,1,7,-106,-9,2,34,34,6,27771907,262,1,150,13499,
57.371,621.634,51.4447,7.49136,276.606,2.16492,128.944,1,4,-106,-9,2,34,34,6,27771907,262,1,150,13499,
58.38,623.543,51.4447,7.49138,276.57,1.41946,128.281,1,4,-106,-9,2,34,34,6,27771907,262,1,150,13499,
59.372,624.612,51.4447,7.4914,276.526,0.81405,128.281,1,2,-106,-9,2,34,33,6,27771907,262,1,150,13499,
60.36,624.612,51.4447,7.4914,276.525,0,128.281,1,2,-106,-9,2,34,33,6,27771907,262,1,150,13499,
61.378,624.612,51.4447,7.4914,276.526,0,128.281,1,2,-106,-9,2,34,33,6,27771907,262,1,150,13499,
62.388,624.612,51.4447,7.4914,276.528,0,128.281,1,1,-107,-9,2,33,33,6,27771907,262,1,150,13499,
63.361,624.612,51.4447,7.4914,276.526,0,128.281,1,1,-107,-9,2,33,33,6,27771907,262,1,150,13499,
64.36,624.612,51.4447,7.4914,276.524,0,128.281,1,4,-108,-10,2,32,33,6,27771907,262,1,150,13499,
65.361,624.612,51.4447,7.4914,276.521,0,128.281,1,4,-108,-10,2,32,33,6,27771907,262,1,150,13499,
66.371,624.612,51.4447,7.4914,276.517,0,128.281,1,3,-108,-11,2,32,33,6,27771907,262,1,150,13499,
67.37,624.612,51.4447,7.4914,276.515,0,128.281,1,3,-108,-11,2,32,33,6,27771907,262,1,150,13499,
68.378,624.612,51.4447,7.4914,276.513,0,128.281,1,4,-109,-11,2,31,33,6,27771907,262,1,150,13499,
69.377,624.612,51.4447,7.4914,276.512,0,128.281,1,4,-109,-11,2,31,33,6,27771907,262,1,150,13499,
70.365,624.612,51.4447,7.4914,276.512,0,128.281,1,2,-108,-10,2,32,33,6,27771907,262,1,150,13499,
71.361,624.612,51.4447,7.4914,276.513,0,128.281,1,2,-108,-10,2,32,33,6,27771907,262,1,150,13499,
72.369,624.612,51.4447,7.4914,276.514,0,128.281,1,2,-108,-10,2,32,33,6,27771907,262,1,150,13499,
73.38,624.612,51.4449,7.49114,nan,0,128.281,1,2,-108,-10,2,32,33,6,27771907,262,1,150,13499,
74.385,624.612,51.4447,7.4914,276.518,0,128.281,1,2,-109,-10,2,31,32,6,27771907,262,1,150,13499,
75.377,624.612,51.4447,7.4914,276.522,0,128.281,1,2,-109,-10,2,31,32,6,27771907,262,1,150,13499,
76.378,624.612,51.4447,7.4914,276.526,0,128.281,1,3,-109,-10,2,31,32,6,27771907,262,1,150,13499,
77.385,624.612,51.4447,7.4914,276.529,0,128.281,1,3,-109,-10,2,31,32,6,27771907,262,1,150,13499,
78.371,624.612,51.4447,7.4914,276.531,0,128.281,1,3,-108,-10,2,32,32,6,27771907,262,1,150,13499,
79.351,624.897,51.4447,7.4914,276.541,0,128.281,1,3,-108,-10,2,32,32,6,27771907,262,1,150,13499,
80.392,625.264,51.4447,7.49141,276.497,0,128.281,1,5,-107,-9,2,33,33,6,27771907,262,1,150,13499,
81.378,626.199,51.4447,7.49142,276.464,0,149.615,1,5,-107,-9,2,33,33,6,27771907,262,1,150,13499,
82.373,628.326,51.4447,7.49144,276.511,0,132.009,1,7,-107,-9,2,33,33,6,27771907,262,1,150,13499,
83.361,632.166,51.4447,7.49148,276.513,2.00909,127.541,1,7,-107,-9,2,33,33,6,27771907,262,1,150,13499,
84.363,636.882,51.4447,7.49154,276.395,3.20836,126.1,1,7,-107,-9,2,33,33,6,27771907,262,1,150,13499,
85.383,642.937,51.4446,7.49161,276.42,4.02249,128.676,1,5,-107,-9,2,33,32,6,27771907,262,1,150,13499,
86.385,648.547,51.4446,7.49167,276.516,4.58617,130.711,1,5,-107,-9,2,33,32,6,27771907,262,1,150,13499,
87.382,655.247,51.4445,7.49173,276.666,4.89746,144.65,1,5,-104,-9,9,36,35,7,27771907,262,1,150,13499,
88.401,660.517,51.4445,7.49175,276.668,5.066,172.623,1,5,-104,-9,9,36,35,7,27771907,262,1,150,13499,
89.367,666.655,51.4444,7.49173,276.42,5.22433,196.737,1,8,-95,-6,8,45,41,7,27771907,262,1,150,13499,
90.38,674.17,51.4444,7.49168,276.425,5.39309,211.772,1,8,-95,-6,8,45,41,7,27771907,262,1,150,13499,
91.401,681.817,51.4443,7.49161,276.375,5.61213,217.066,1,15,-91,-5,11,49,46,7,27771907,262,1,150,13499,
92.379,689.846,51.4443,7.49154,276.134,8.83509,217.589,1,15,-91,-5,11,49,46,7,27771907,262,1,150,13499,
93.404,689.846,51.4444,7.49167,nan,9.72755,217.394,1,14,-91,-5,11,49,46,7,27771907,262,1,150,13499,
94.386,689.846,51.4441,7.49138,275.674,10.0972,216.658,1,14,-91,-5,11,49,46,7,27771907,262,1,150,13499,
95.376,700.167,51.4441,7.49129,275.541,10.6558,215.933,1,28,-88,-6,13,52,49,7,27771907,262,1,150,13499,
96.366,711.143,51.444,7.4912,275.459,11.3297,215.412,1,28,-88,-6,13,52,49,7,27771907,262,1,150,13499,
97.38,723.165,51.4439,7.4911,275.561,11.863,215.53,1,25,-84,-6,15,56,53,7,27771907,262,1,150,13499,
98.372,735.456,51.4438,7.491,276.08,12.2831,216.138,1,25,-84,-6,15,56,53,7,27771907,262,1,150,13499,
99.515,748.192,51.4437,7.49089,276.356,12.7554,215.682,1,31,-74,-5,14,66,61,7,27771907,262,1,150,13499,
100.379,761.169,51.4436,7.49078,276.454,13.2025,216.126,1,31,-74,-5,14,66,61,7,27771907,262,1,150,13499,
101.361,774.384,51.4435,7.49067,276.653,13.6399,216.429,1,31,-72,-4,15,68,63,7,27771907,262,1,150,13499,
102.385,787.882,51.4434,7.49055,276.713,13.996,216.588,1,31,-72,-4,15,68,63,7,27771907,262,1,150,13499,
103.41,801.618,51.4433,7.49043,276.569,14.0909,216.26,1,23,-87,-5,12,53,50,7,27771907,262,1,150,13499,
104.372,815.592,51.4432,7.49032,276.616,14.1721,216.502,1,23,-87,-5,12,53,50,7,27771907,262,1,150,13499,
105.371,829.833,51.4431,7.49019,276.753,14.4079,216.512,1,25,-84,-5,12,56,52,7,27771907,262,1,150,13499,
106.372,844.603,51.443,7.49007,277.078,14.7686,216.656,1,25,-84,-5,12,56,52,7,27771907,262,1,150,13499,
107.373,859.869,51.4429,7.48994,277.692,15.0618,216.895,1,25,-84,-5,12,56,52,7,27771907,262,1,150,13499,
108.381,875.038,51.4428,7.4898,277.976,15.0722,216.945,1,31,-76,-5,12,64,60,7,27771907,262,1,150,13499,
109.404,889.667,51.4427,7.48967,278.42,15.0154,216.026,1,31,-76,-5,12,64,60,7,27771907,262,1,150,13499,
110.386,904.177,51.4426,7.48955,279.019,14.6517,216.163,1,18,-74,-5,15,66,62,7,27771907,262,1,150,13499,
111.375,919.207,51.4425,7.48942,279.117,14.4446,215.955,1,18,-74,-5,15,66,62,7,27771907,262,1,150,13499,
112.375,933.815,51.4424,7.48929,279.265,13.7538,216.343,1,31,-69,-5,15,71,63,7,27771907,262,1,150,13499,
113.377,933.815,51.4423,7.48905,nan,13.6148,216.681,1,31,-69,-5,15,71,63,7,27771907,262,1,150,13499,
114.385,933.815,51.4422,7.48906,279.489,13.5411,217.481,1,34,-70,-4,15,70,63,7,27771907,262,1,150,13499,
115.387,947.174,51.4421,7.48894,279.891,13.8159,218.04,1,34,-70,-4,15,70,63,7,27771907,262,1,150,13499,
116.379,961.783,51.442,7.48882,279.961,13.8868,218.452,1,40,-64,-5,15,76,63,7,27771907,262,1,150,13499,
117.364,975.079,51.4419,7.48869,279.82,13.9307,219.866,1,40,-64,-5,15,76,63,7,27771907,262,1,150,13499,
118.376,988.283,51.4418,7.48856,279.474,14.0612,221.684,1,34,-64,-5,15,76,63,7,27771907,262,1,150,13499,
119.384,1003.06,51.4417,7.4884,279.499,14.0412,224.025,1,34,-64,-5,15,76,63,7,27771907,262,1,150,13499,
120.397,1016.28,51.4416,7.48825,279.597,13.8563,226.474,1,34,-66,-4,15,74,63,7,27771907,262,1,150,13499,
121.368,1029.86,51.4416,7.4881,279.29,13.4564,228.111,1,34,-66,-4,15,74,63,7,27771907,262,1,150,13499,
122.38,1044.35,51.4415,7.48793,279.31,13.3735,229.456,1,31,-73,-5,15,67,63,7,27771907,262,1,150,13499,
123.402,1058.23,51.4414,7.48776,279.372,13.5672,230.525,1,31,-73,-5,15,67,63,7,27771907,262,1,150,13499,
124.371,1071.99,51.4413,7.4876,279.239,13.7129,231.218,1,17,-79,-5,14,61,58,7,27771907,262,1,150,13499,
125.37,1085.74,51.4413,7.48744,279.559,13.5612,231.843,1,17,-79,-5,14,61,58,7,27771907,262,1,150,13499,
126.367,1099.3,51.4412,7.48728,279.644,13.1874,232.21,1,22,-81,-6,12,59,55,7,27771907,262,1,150,13499,
127.388,1111.01,51.4411,7.48714,279.305,13.1937,233.067,1,22,-81,-6,12,59,55,7,27771907,262,1,150,13499,
128.38,1124.84,51.4411,7.48698,279.274,13.2302,233.243,1,1,-86,-8,12,54,53,7,27771907,262,1,150,13499,
129.406,1137.3,51.441,7.48683,279.943,12.9242,232.812,1,1,-86,-8,12,54,53,7,27771907,262,1,150,13499,
130.371,1151.05,51.4409,7.48667,280.392,12.8657,233.432,1,14,-75,-5,6,65,60,1,27771908,262,1,152,13499,
131.365,1163.72,51.4409,7.48652,280.827,13.0626,233.058,1,14,-75,-5,6,65,60,1,27771908,262,1,152,13499,
132.379,1177.6,51.4408,7.48636,281.401,13.3766,233.009,1,24,-80,-6,15,60,58,1,27771908,262,1,152,13499,
133.363,1177.6,51.441,7.48581,nan,13.4883,232.358,1,24,-80,-6,15,60,58,1,27771908,262,1,152,13499,
134.367,1177.6,51.4406,7.48605,281.399,13.5104,232.048,1,24,-80,-6,15,60,58,1,27771908,262,1,152,13499,
135.396,1192.8,51.4406,7.48588,281.307,13.9345,231.197,1,25,-79,-6,12,61,59,1,27771908,262,1,152,13499,
136.38,1206.52,51.4405,7.48572,281.276,14.6854,231.576,1,25,-79,-6,12,61,59,1,27771908,262,1,152,13499,
137.38,1221.8,51.4404,7.48555,280.731,15.211,231.959,1,21,-79,-6,13,61,58,1,27771908,262,1,152,13499,
138.392,1235.92,51.4403,7.48539,280.117,15.3409,232.374,1,21,-79,-6,13,61,58,1,27771908,262,1,152,13499,
139.369,1251.85,51.4402,7.4852,280.355,15.4686,232.754,1,33,-77,-5,13,63,60,1,27771908,262,1,152,13499,
140.401,1267.24,51.4402,7.48502,280.533,15.6473,233.685,1,33,-77,-5,13,63,60,1,27771908,262,1,152,13499,
141.381,1283.97,51.4401,7.48483,280.838,15.502,233.224,1,33,-75,-5,13,65,62,1,27771908,262,1,152,13499,
142.387,1300.11,51.44,7.48464,281.533,15.0757,232.453,1,33,-75,-5,13,65,62,1,27771908,262,1,152,13499,
143.374,1314.66,51.4399,7.48447,282.232,14.9944,231.886,1,25,-69,-5,15,71,63,1,27771908,262,1,152,13499,
144.385,1329.03,51.4398,7.48431,282.93,14.9655,231.274,1,25,-69,-5,15,71,63,1,27771908,262,1,152,13499,
145.371,1343.57,51.4397,7.48414,283.25,15.041,231.976,1,29,-67,-6,15,73,63,1,27771908,262,1,152,13499,
146.37,1359.36,51.4397,7.48396,283.783,15.4459,232.309,1,29,-67,-6,15,73,63,1,27771908,262,1,152,13499,
147.379,1374.37,51.4396,7.48379,284.223,15.4962,233.16,1,28,-70,-5,13,70,63,1,27771908,262,1,152,13499,
148.366,1389.83,51.4395,7.48361,284.366,15.5445,234.288,1,28,-70,-5,13,70,63,1,27771908,262,1,152,13499,
149.364,1405.54,51.4394,7.48342,284.548,15.1692,235.819,1,31,-71,-5,1,69,63,1,27771908,262,1,152,13499,
150.395,1421.02,51.4393,7.48323,284.865,15.6543,237.614,1,31,-71,-5,1,69,63,1,27771908,262,1,152,13499,
151.38,1436.61,51.4393,7.48303,285.46,15.3438,238.349,1,32,-76,-5,1,64,60,1,27771908,262,1,152,13499,
152.371,1452.85,51.4392,7.48283,285.959,15.2055,238.932,1,32,-76,-5,1,64,60,1,27771908,262,1,152,13499,
153.385,1469.05,51.4391,7.48263,286.794,15.2528,239.346,1,21,-79,-5,15,61,55,1,27771908,262,1,152,13499,
154.367,1484.87,51.4391,7.48243,287.807,15.6162,240.181,1,21,-79,-5,15,61,55,1,27771908,262,1,152,13499,
155.375,1500.63,51.439,7.48223,288.569,15.9625,239.711,1,29,-84,-5,15,56,52,1,27771908,262,1,152,13499,
156.387,1516.72,51.4389,7.48202,289.368,15.8456,240.254,1,29,-84,-5,15,56,52,1,27771908,262,1,152,13499,
157.387,1532.52,51.4389,7.48182,289.675,15.4583,240.539,1,23,-90,-5,12,50,47,1,27771908,262,1,152,13499,
158.381,1547.76,51.4388,7.48163,289.486,15.0737,240.201,1,23,-90,-5,12,50,47,1,27771908,262,1,152,13499,
159.386,1562.93,51.4387,7.48143,289.459,15.4361,240.767,1,23,-90,-5,12,50,47,1,27771908,262,1,152,13499,
160.397,1579.35,51.4387,7.48123,289.349,15.9732,240.454,1,25,-90,-5,12,50,47,1,27771908,262,1,152,13499,
161.372,1594.97,51.4386,7.48103,289.339,15.7798,239.996,1,25,-90,-5,12,50,47,1,27771908,262,1,152,13499,
162.364,1610.76,51.4385,7.48083,289.46,15.6566,240.034,1,18,-94,-5,12,46,42,1,27771908,262,1,152,13499,
163.38,1626.04,51.4384,7.48064,289.338,15.8425,240.676,1,18,-94,-5,12,46,42,1,27771908,262,1,152,13499,
164.382,1641.04,51.4384,7.48044,289.157,15.8918,241.399,1,19,-94,-8,11,46,46,1,27771908,262,1,152,13499,
165.374,1656.52,51.4383,7.48024,289.223,16.4538,241.228,1,19,-94,-8,11,46,46,1,27771908,262,1,152,13499,
166.37,1671.94,51.4383,7.48005,289.385,15.3985,240.511,1,12,-99,-6,10,41,39,1,27771908,262,1,152,13499,
167.379,1687.67,51.4382,7.47985,288.96,15.5576,239.998,1,12,-99,-6,10,41,39,1,27771908,262,1,152,13499,
168.386,1702.97,51.4381,7.47966,288.563,15.7921,240.39,1,10,-100,-6,3,40,37,1,27771908,262,1,152,13499,
169.371,1719.06,51.438,7.47946,287.825,15.7189,240.331,1,10,-100,-6,3,40,37,1,27771908,262,1,152,13499,
170.364,1734.09,51.438,7.47927,287.024,15.9967,241.207,1,19,-101,-7,11,39,37,1,27771908,262,1,152,13499,
171.378,1748.81,51.4379,7.47908,286.367,14.4294,241.105,1,19,-101,-7,11,39,37,1,27771908,262,1,152,13499,
172.371,1763.72,51.4379,7.47889,285.729,15.17,241.056,1,8,-102,-7,7,38,37,1,27771908,262,1,152,13499,
173.386,1779.26,51.4378,7.47869,284.983,15.0898,241.743,1,8,-102,-7,7,38,37,1,27771908,262,1,152,13499,
174.376,1794.76,51.4377,7.47849,284.784,14.6947,241.127,1,2,-102,-9,9,38,38,1,27771908,262,1,152,13499,
175.361,1809.91,51.4377,7.4783,285.012,14.6216,241.405,1,2,-102,-9,9,38,38,1,27771908,262,1,152,13499,
176.371,1823.67,51.4376,7.47812,284.946,14.3686,242.319,1,7,-104,-7,9,36,35,1,27771908,262,1,152,13499,
177.375,1837.16,51.4376,7.47795,284.536,13.7505,242.207,1,7,-104,-7,9,36,35,1,27771908,262,1,152,13499,
178.364,1850.17,51.4375,7.47778,284.182,13.3381,242.837,1,5,-106,-9,9,34,34,1,27771908,262,1,152,13499,
179.361,1863.16,51.4374,7.47762,284.109,13.1767,242.228,1,5,-106,-9,9,34,34,1,27771908,262,1,152,13499,
180.367,1877.08,51.4374,7.47744,284.023,13.0004,243.055,1,-1,-107,-11,6,33,35,1,27771908,262,1,152,13499,
181.397,1890.42,51.4373,7.47727,283.637,12.338,242.336,1,-1,-107,-11,6,33,35,1,27771908,262,1,152,13499,
182.384,1902.89,51.4373,7.4771,283.357,12.049,244.191,1,8,-106,-8,6,34,33,1,27771908,262,1,152,13499,
183.385,1916.06,51.4372,7.47693,283.618,11.7392,245.34,1,8,-106,-8,6,34,33,1,27771908,262,1,152,13499,
184.378,1927.94,51.4372,7.47677,284.072,10.8297,249.311,1,7,-105,-7,4,35,33,1,27771908,262,1,152,13499,
185.388,1938.36,51.4372,7.47662,284.354,10.2627,264.793,1,7,-105,-7,4,35,33,1,27771908,262,1,152,13499,
186.366,1948.99,51.4372,7.47647,284.852,9.60374,268.675,1,12,-102,-7,13,38,35,1,27771908,262,1,152,13499,
187.371,1959.75,51.4372,7.47632,285.494,8.57175,294.438,1,12,-102,-7,13,38,35,1,27771908,262,1,152,13499,
188.366,1969.15,51.4373,7.47623,285.986,8.4161,315.351,1,12,-102,-7,13,38,35,1,27771908,262,1,152,13499,
189.365,1977.64,51.4374,7.47617,286.113,8.23016,338.335,1,19,-96,-6,11,44,40,1,27771908,262,1,152,13499,
190.386,1985.76,51.4374,7.47617,286.194,8.37029,5.08289,1,19,-96,-6,11,44,40,1,27771908,262,1,152,13499,
191.366,1994.66,51.4375,7.47621,286.516,9.43269,24.8665,1,28,-88,-4,12,52,47,1,27771908,262,1,152,13499,
192.369,2004,51.4376,7.4763,286.217,10.2953,43.2953,1,28,-88,-4,12,52,47,1,27771908,262,1,152,13499,
193.422,2014.87,51.4376,7.47641,285.74,10.9928,45.6555,1,31,-77,-4,15,63,60,1,27771908,262,1,152,13499,
194.375,2027.1,51.4377,7.47654,285.196,11.8519,48.0277,1,31,-77,-4,15,63,60,1,27771908,262,1,152,13499,
195.383,2039.05,51.4378,7.47667,285.063,12.9099,49.8091,1,26,-79,-4,13,61,57,1,27771908,262,1,152,13499,
196.374,2052.75,51.4379,7.47683,284.962,13.7387,51.238,1,26,-79,-4,13,61,57,1,27771908,262,1,152,13499,
197.361,2067.25,51.4379,7.47699,284.759,14.3122,52.4993,1,29,-84,-5,15,56,53,1,27771908,262,1,152,13499,
198.366,2081.37,51.438,7.47716,284.258,14.9255,53.5975,1,29,-84,-5,15,56,53,1,27771908,262,1,152,13499,
199.371,2096.32,51.4381,7.47734,283.802,15.7853,54.2355,1,28,-83,-5,15,57,53,1,27771908,262,1,152,13499,
200.369,2113.11,51.4382,7.47754,283.448,16.3368,55.411,1,28,-83,-5,15,57,53,1,27771908,262,1,152,13499,
201.383,2130.42,51.4383,7.47775,283.372,17.3531,55.864,1,28,-83,-5,15,57,53,1,27771908,262,1,152,13499,
202.368,2148.51,51.4383,7.47796,283.436,18.1316,55.5333,1,28,-83,-5,15,57,53,1,27771908,262,1,152,13499,
203.371,2166.98,51.4384,7.47818,283.526,18.0666,56.1521,1,32,-80,-5,15,60,58,1,27771908,262,1,152,13499,
204.39,2185.33,51.4385,7.4784,282.966,18.5177,56.8523,1,32,-80,-5,15,60,58,1,27771908,262,1,152,13499,
205.378,2204.67,51.4386,7.47864,282.1,18.8172,57.3814,1,33,-80,-5,15,60,58,1,27771908,262,1,152,13499,
206.384,2224.23,51.4387,7.47887,281.518,19.1773,57.0461,1,33,-80,-5,15,60,58,1,27771908,262,1,152,13499,
207.379,2242.37,51.4388,7.47909,281.433,19.4166,57.471,1,30,-81,-5,1,59,57,1,27771908,262,1,152,13499,
208.402,2261.37,51.4389,7.47932,281.536,19.475,56.9262,1,30,-81,-5,1,59,57,1,27771908,262,1,152,13499,
209.388,2280.07,51.439,7.47955,281.39,19.4915,56.2703,1,32,-82,-5,15,58,55,1,27771908,262,1,152,13499,
210.379,2298.79,51.4391,7.47978,281.168,19.2852,55.9532,1,32,-82,-5,15,58,55,1,27771908,262,1,152,13499,
211.383,2318.25,51.4392,7.48001,281.116,19.0687,55.8558,1,24,-82,-4,2,58,54,1,27771908,262,1,152,13499,
212.393,2338.21,51.4393,7.48025,281.127,19.505,56.034,1,24,-82,-4,2,58,54,1,27771908,262,1,152,13499,
213.379,2358.5,51.4394,7.48049,280.891,20.024,54.938,1,27,-84,-6,2,56,53,1,27771908,262,1,152,13499,
214.374,2378.54,51.4395,7.48072,280.56,20.3965,54.4179,1,27,-84,-6,2,56,53,1,27771908,262,1,152,13499,
215.366,2398.4,51.4396,7.48095,280.107,21.0317,52.8713,1,27,-84,-6,2,56,53,1,27771908,262,1,152,13499,
216.397,2419.17,51.4397,7.48119,279.841,21.0961,52.715,1,21,-84,-6,2,56,52,5,27771908,262,1,152,13499,
217.375,2440.23,51.4398,7.48143,279.727,21.0462,49.7625,1,21,-84,-6,2,56,52,5,27771908,262,1,152,13499,
218.4,2460.97,51.44,7.48165,279.589,20.7964,48.0741,1,22,-85,-5,14,55,52,5,27771908,262,1,152,13499,
219.36,2481.67,51.4401,7.48187,279.392,20.3792,46.8022,1,22,-85,-5,14,55,52,5,27771908,262,1,152,13499,
220.373,2501.95,51.4402,7.48207,279.01,20.297,44.7703,1,25,-84,-5,12,56,53,5,27771908,262,1,152,13499,
221.375,2521.41,51.4403,7.48227,278.529,20.1154,44.4167,1,25,-84,-5,12,56,53,5,27771908,262,1,152,13499,
222.363,2541.73,51.4405,7.48247,278.299,19.8396,41.8707,1,23,-83,-6,12,57,53,5,27771908,262,1,152,13499,
223.387,2561.01,51.4406,7.48265,278.159,19.3542,41.1824,1,23,-83,-6,12,57,53,5,27771908,262,1,152,13499,
224.388,2580.14,51.4407,7.48283,278.07,18.8731,40.5854,1,17,-82,-5,13,58,54,5,27771908,262,1,152,13499,
225.38,2599.27,51.4409,7.48301,278.054,18.5366,39.9235,1,17,-82,-5,13,58,54,5,27771908,262,1,152,13499,
226.399,2617.64,51.441,7.48318,277.958,18.4347,39.5731,1,22,-82,-5,12,58,55,5,27771908,262,1,152,13499,
227.371,2636.54,51.4411,7.48336,277.236,18.4634,39.1041,1,22,-82,-5,12,58,55,5,27771908,262,1,152,13499,
228.366,2655.18,51.4413,7.48353,276.766,18.6085,38.2183,1,22,-82,-5,1,58,54,5,27771908,262,1,152,13499,
229.38,2673.25,51.4414,7.48368,275.972,18.8536,37.2337,1,22,-82,-5,1,58,54,5,27771908,262,1,152,13499,
230.378,2692.34,51.4415,7.48384,275.439,19.4753,36.2663,1,12,-86,-6,10,54,50,5,27771908,262,1,152,13499,
231.374,2711.67,51.4417,7.484,274.649,19.9934,34.6275,1,12,-86,-6,10,54,50,5,27771908,262,1,152,13499,
232.377,2731.47,51.4418,7.48415,273.839,20.4192,33.125,1,13,-87,-8,11,53,50,5,27771908,262,1,152,13499,
233.379,2751.25,51.442,7.48428,273.277,20.773,28.5143,1,13,-87,-8,11,53,50,5,27771908,262,1,152,13499,
234.404,2771.45,51.4421,7.48442,272.779,21.1391,27.5615,1,12,-84,-7,6,56,53,1,27771909,262,1,151,13499,
235.378,2792.47,51.4423,7.48456,272.35,21.5662,26.6021,1,12,-84,-7,6,56,53,1,27771909,262,1,151,13499,
236.37,2814.13,51.4425,7.48469,271.904,21.9723,25.9491,1,19,-83,-7,15,57,53,1,27771909,262,1,151,13499,
237.389,2835.98,51.4427,7.48483,271.418,22.0533,25.2693,1,19,-83,-7,15,57,53,1,27771909,262,1,151,13499,
238.379,2857.76,51.4428,7.48495,270.908,21.7059,24.1326,1,25,-80,-5,13,60,56,1,27771909,262,1,151,13499,
239.388,2879.51,51.443,7.48508,270.404,21.367,23.8014,1,25,-80,-5,13,60,56,1,27771909,262,1,151,13499,
240.404,2901.03,51.4432,7.4852,269.934,20.97,23.4883,1,23,-73,-5,15,67,62,1,27771909,262,1,151,13499,
241.378,2921.8,51.4434,7.48531,269.483,20.4813,23.192,1,23,-73,-5,15,67,62,1,27771909,262,1,151,13499,
242.381,2941.89,51.4435,7.48542,268.952,19.9828,22.1835,1,27,-83,-6,14,57,54,1,27771909,262,1,151,13499,
243.375,2961.52,51.4437,7.48552,268.452,19.3934,22.183,1,27,-83,-6,14,57,54,1,27771909,262,1,151,13499,
244.367,2980.49,51.4439,7.48562,268.34,18.1719,21.9773,1,27,-83,-6,14,57,54,1,27771909,262,1,151,13499,
245.379,2998.02,51.444,7.48571,268.523,16.9671,21.8094,1,31,-63,-5,15,77,63,1,27771909,262,1,151,13499,
246.379,3014.55,51.4441,7.4858,268.672,15.769,21.8617,1,31,-63,-5,15,77,63,1,27771909,262,1,151,13499,
247.396,3030.03,51.4443,7.48588,268.802,15.1831,22.5001,1,29,-67,-5,15,73,63,1,27771909,262,1,151,13499,
248.379,3045.45,51.4444,7.48598,268.862,14.5671,24.6846,1,29,-67,-5,15,73,63,1,27771909,262,1,151,13499,
249.385,3060.3,51.4445,7.48608,268.68,13.8435,28.5729,1,31,-71,-4,15,69,63,1,27771909,262,1,151,13499,
250.433,3073.15,51.4446,7.48621,268.167,13.2201,42.7315,1,31,-71,-4,15,69,63,1,27771909,262,1,151,13499,
251.379,3085.49,51.4447,7.48636,267.415,11.8701,56.7549,1,32,-72,-5,1,68,63,1,27771909,262,1,151,13499,
252.38,3097.69,51.4447,7.48651,266.835,11.2966,60.8608,1,32,-72,-5,1,68,63,1,27771909,262,1,151,13499,
253.387,3108.51,51.4447,7.48667,266.45,11.3413,81.8207,1,25,-78,-5,15,62,59,1,27771909,262,1,151,13499,
254.39,3120.28,51.4447,7.48683,266.094,11.5848,94.7366,1,25,-78,-5,15,62,59,1,27771909,262,1,151,13499,
255.372,3133.13,51.4447,7.48701,265.692,12.0522,107.847,1,26,-79,-6,14,61,57,1,27771909,262,1,151,13499,
256.379,3145.68,51.4446,7.48717,265.66,12.6527,122.263,1,26,-79,-6,14,61,57,1,27771909,262,1,151,13499,
257.397,3158.82,51.4446,7.48731,265.64,12.9037,135.628,1,26,-76,-5,14,64,59,1,27771909,262,1,151,13499,
258.37,3172.6,51.4444,7.48742,265.794,13.2656,149.1,1,26,-76,-5,14,64,59,1,27771909,262,1,151,13499,
259.37,3185.74,51.4443,7.48749,265.626,13.3131,162.906,1,30,-71,-6,15,69,63,1,27771909,262,1,151,13499,
260.371,3198.11,51.4442,7.48752,265.169,13.1769,177.629,1,30,-71,-6,15,69,63,1,27771909,262,1,151,13499,
261.382,3210.16,51.4441,7.4875,264.63,13.0516,191.734,1,29,-68,-6,15,72,63,1,27771909,262,1,151,13499,
262.378,3223.56,51.444,7.48742,264.606,13.0122,207.15,1,29,-68,-6,15,72,63,1,27771909,262,1,151,13499,
263.38,3235.85,51.4439,7.48732,264.581,12.9719,219.718,1,29,-72,-5,15,68,63,1,27771909,262,1,151,13499,
264.422,3247.88,51.4439,7.48718,264.488,13.2044,237.659,1,29,-72,-5,15,68,63,1,27771909,262,1,151,13499,
265.375,3259.42,51.4438,7.48703,264.153,13.477,250.877,1,29,-78,-5,1,62,59,1,27771909,262,1,151,13499,
266.39,3274.34,51.4438,7.48682,264.27,13.7476,254.988,1,29,-78,-5,1,62,59,1,27771909,262,1,151,13499,
267.379,3288.96,51.4438,7.48661,264.876,14.6724,268.26,1,29,-78,-5,1,62,59,1,27771909,262,1,151,13499,
268.375,3305,51.4438,7.48638,265.343,15.4928,268.793,1,35,-83,-6,14,57,54,1,27771909,262,1,151,13499,
269.361,3321.46,51.4438,7.48614,265.722,16.177,268.38,1,35,-83,-6,14,57,54,1,27771909,262,1,151,13499,
270.371,3338.3,51.4438,7.4859,265.921,17.0063,267.847,1,30,-80,-6,14,60,54,1,27771909,262,1,151,13499,
271.362,3357.62,51.4438,7.48562,266.122,18.3726,267.533,1,30,-80,-6,14,60,54,1,27771909,262,1,151,13499,
272.372,3375.46,51.4437,7.48536,266.589,17.9223,266.819,1,25,-86,-6,1,54,51,1,27771909,262,1,151,13499,
273.38,3392.9,51.4437,7.48511,266.004,17.2006,267.151,1,25,-86,-6,1,54,51,1,27771909,262,1,151,13499,
274.411,3410.21,51.4437,7.48486,266.137,17.828,268.333,1,26,-79,-5,14,61,56,1,27771909,262,1,151,13499,
275.371,3430.78,51.4437,7.48457,266.357,20.1805,269.291,1,26,-79,-5,14,61,56,1,27771909,262,1,151,13499,
276.359,3451.2,51.4437,7.48427,266.19,20.9582,268.892,1,40,-70,-5,14,70,63,1,27771909,262,1,151,13499,
277.39,3472.19,51.4437,7.48397,265.893,21.0308,268.989,1,40,-70,-5,14,70,63,1,27771909,262,1,151,13499,
278.371,3492.11,51.4437,7.48368,265.723,21.1667,268.709,1,31,-71,-4,15,69,63,1,27771909,262,1,151,13499,
279.363,3513.1,51.4437,7.48338,265.663,21.2764,268.357,1,31,-71,-4,15,69,63,1,27771909,262,1,151,13499,
280.381,3534.2,51.4437,7.48307,265.552,21.5249,267.81,1,21,-77,-5,14,63,60,1,27771909,262,1,151,13499,
281.415,3555.59,51.4437,7.48276,265.388,21.6742,267.095,1,21,-77,-5,14,63,60,1,27771909,262,1,151,13499,
282.372,3577.72,51.4437,7.48244,264.891,22.015,266.613,1,25,-80,-4,14,60,55,1,27771909,262,1,151,13499,
283.364,3599.45,51.4437,7.48213,264.287,22.2408,266.469,1,25,-80,-4,14,60,55,1,27771909,262,1,151,13499,
284.36,3621.35,51.4437,7.48181,263.852,22.5067,266.138,1,21,-84,-5,14,56,52,1,27771909,262,1,151,13499,
285.378,3644.03,51.4437,7.48149,263.362,22.6223,266.174,1,21,-84,-5,14,56,52,1,27771909,262,1,151,13499,
286.38,3666.7,51.4437,7.48116,262.84,22.8271,265.903,1,30,-88,-6,13,52,47,1,27771909,262,1,151,13499,
287.38,3689.5,51.4436,7.48083,262.389,23.1086,265.589,1,30,-88,-6,13,52,47,1,27771909,262,1,151,13499,
288.398,3712.49,51.4436,7.4805,261.96,23.413,264.978,1,9,-87,-6,12,53,49,1,27771909,262,1,151,13499,
289.389,3736,51.4436,7.48016,261.622,23.7121,263.612,1,9,-87,-6,12,53,49,1,27771909,262,1,151,13499,
290.371,3759.39,51.4436,7.47983,261.376,23.9353,262.669,1,12,-86,-5,12,54,49,1,27771909,262,1,151,13499,
291.38,3783.12,51.4436,7.47949,261.166,23.9421,262.023,1,12,-86,-5,12,54,49,1,27771909,262,1,151,13499,
292.382,3806.81,51.4435,7.47915,261.118,23.9902,262.55,1,21,-88,-10,2,52,54,1,27771909,262,1,151,13499,
293.408,3831.05,51.4435,7.4788,260.997,24.1067,262.609,1,21,-88,-10,2,52,54,1,27771909,262,1,151,13499,
294.37,3855.8,51.4435,7.47845,260.764,24.4809,262.693,1,21,-88,-10,2,52,54,1,27771909,262,1,151,13499,
295.379,3880.57,51.4434,7.47809,260.518,25.0733,262.474,1,18,-86,-5,11,54,48,7,27771909,262,1,151,13499,
296.382,3905.48,51.4434,7.47774,260.262,25.206,262.346,1,18,-86,-5,11,54,48,7,27771909,262,1,151,13499,
297.393,3930.68,51.4434,7.47738,259.958,25.248,262.239,1,16,-90,-7,14,50,46,7,27771909,262,1,151,13499,
298.396,3955.79,51.4433,7.47702,259.685,25.3,262.038,1,16,-90,-7,14,50,46,7,27771909,262,1,151,13499,
299.383,3980.78,51.4433,7.47666,259.34,25.325,261.747,1,10,-92,-7,8,48,44,7,27771909,262,1,151,13499,
300.38,4006.07,51.4433,7.4763,258.991,25.4702,261.453,1,10,-92,-7,8,48,44,7,27771909,262,1,151,13499,
301.387,4031.03,51.4433,7.47594,258.525,25.3439,261.193,1,14,-91,-6,10,49,45,7,27771909,262,1,151,13499,
302.389,4055.92,51.4432,7.47559,258.065,25.1502,261.036,1,14,-91,-6,10,49,45,7,27771909,262,1,151,13499,
303.38,4080.73,51.4432,7.47523,257.537,25.0879,259.817,1,13,-89,-7,10,51,49,7,27771909,262,1,151,13499,
304.404,4106.06,51.4431,7.47487,256.882,25.2515,258.818,1,13,-89,-7,10,51,49,7,27771909,262,1,151,13499,
305.373,4132.03,51.4431,7.47451,256.193,25.615,258.129,1,9,-102,-8,7,38,37,7,27771909,262,1,151,13499,
306.37,4158.07,51.443,7.47414,255.481,25.8416,258.15,1,9,-102,-8,7,38,37,7,27771909,262,1,151,13499,
307.384,4183.62,51.443,7.47378,254.857,25.8051,258.69,1,4,-106,-9,5,34,34,7,27771909,262,1,151,13499,
308.396,4209.15,51.4429,7.47342,254.326,25.8262,258.983,1,4,-106,-9,5,34,34,7,27771909,262,1,151,13499,
309.371,4234.8,51.4429,7.47306,253.816,25.7942,259.016,1,0,-107,-11,7,33,35,7,27771909,262,1,151,13499,
310.361,4260.23,51.4429,7.4727,253.287,25.708,259.027,1,0,-107,-11,7,33,35,7,27771909,262,1,151,13499,
311.365,4285.89,51.4428,7.47233,252.732,25.7883,258.878,1,2,-112,-11,7,28,30,7,27771909,262,1,151,13499,
312.363,4311.93,51.4428,7.47196,252.161,26.2655,258.74,1,2,-112,-11,7,28,30,7,27771909,262,1,151,13499,
313.39,4338.3,51.4427,7.47159,251.601,26.4392,258.758,1,7,-102,-9,11,38,36,13,27771906,262,1,486,13499,
314.361,4364.43,51.4427,7.47122,250.999,26.157,258.744,1,7,-102,-9,11,38,36,13,27771906,262,1,486,13499,
315.361,4390.24,51.4426,7.47086,250.408,25.9327,258.692,1,8,-100,-9,11,40,38,13,27771906,262,1,486,13499,
316.394,4416.05,51.4426,7.47049,249.884,25.9783,258.636,1,8,-100,-9,11,40,38,13,27771906,262,1,486,13499,
317.366,4442.14,51.4425,7.47012,249.425,26.2067,258.238,1,1,-103,-8,9,37,35,13,27771906,262,1,486,13499,
318.365,4468.64,51.4425,7.46975,248.993,26.564,257.67,1,1,-103,-8,9,37,35,13,27771906,262,1,486,13499,
319.37,4495.34,51.4424,7.46937,248.592,26.9111,258.021,1,1,-103,-8,9,37,35,13,27771906,262,1,486,13499,
320.379,4522.26,51.4424,7.46899,248.084,27.2467,258.273,1,4,-101,-8,8,39,36,13,27771906,262,1,486,13499,
321.382,4549.64,51.4423,7.4686,247.616,27.4557,258.43,1,4,-101,-8,8,39,36,13,27771906,262,1,486,13499,
322.393,4577.37,51.4423,7.46821,247.03,27.8187,258.481,1,4,-104,-9,9,36,35,13,27771906,262,1,486,13499,
323.377,4605.46,51.4422,7.46781,246.447,28.4765,258.492,1,4,-104,-9,9,36,35,13,27771906,262,1,486,13499,
324.369,4633.99,51.4422,7.46741,245.857,28.8544,258.636,1,4,-100,-8,8,40,37,13,27771906,262,1,486,13499,
325.365,4662.7,51.4421,7.467,245.247,28.9565,259.012,1,4,-100,-8,8,40,37,13,27771906,262,1,486,13499,
326.377,4690.93,51.4421,7.4666,244.463,28.8162,259.589,1,5,-103,-10,10,37,36,13,27771906,262,1,486,13499,
327.37,4719.37,51.442,7.4662,243.803,28.5981,260.147,1,5,-103,-10,10,37,36,13,27771906,262,1,486,13499,
328.386,4747.72,51.442,7.46579,242.987,28.8045,259.902,1,4,-105,-12,2,35,35,13,27771906,262,1,486,13499,
329.388,4776.78,51.4419,7.46538,242.299,29.1317,259.956,1,4,-105,-12,2,35,35,13,27771906,262,1,486,13499,
330.371,4806.06,51.4419,7.46496,241.86,29.7265,259.561,1,13,-100,-7,2,40,37,13,31281409,262,1,232,13499,
331.371,4835.86,51.4419,7.46454,241.547,30.211,260.038,1,13,-100,-7,2,40,37,13,31281409,262,1,232,13499,
332.366,4865.87,51.4418,7.46411,241.186,30.7581,261.691,1,13,-101,-7,2,39,37,13,31281409,262,1,232,13499,
333.371,4896.65,51.4418,7.46367,240.598,30.6961,262.356,1,13,-101,-7,2,39,37,13,31281409,262,1,232,13499,
334.387,4926.6,51.4418,7.46324,240.308,30.2996,263.302,1,7,-103,-7,6,37,35,25,31281409,262,1,232,13499,
335.379,4956.73,51.4417,7.46281,239.773,29.9634,263.712,1,7,-103,-7,6,37,35,25,31281409,262,1,232,13499,
336.361,4986.25,51.4417,7.46238,239.412,29.5557,264.579,1,9,-101,-7,7,39,37,25,31281409,262,1,232,13499,
337.378,5015.73,51.4417,7.46196,239.118,29.5863,265.092,1,9,-101,-7,7,39,37,25,31281409,262,1,232,13499,
338.369,5045.29,51.4417,7.46153,238.855,29.8666,265.704,1,12,-101,-9,8,39,39,25,31281409,262,1,232,13499,
339.382,5075.6,51.4416,7.4611,238.441,30.2404,266.204,1,12,-101,-9,8,39,39,25,31281409,262,1,232,13499,
340.384,5105.47,51.4416,7.46067,238.027,29.8034,266.617,1,8,-101,-7,9,39,37,25,31281409,262,1,232,13499,
341.378,5134.54,51.4416,7.46025,237.742,29.3326,266.883,1,8,-101,-7,9,39,37,25,31281409,262,1,232,13499,
342.364,5163.52,51.4416,7.45983,237.32,29.2308,267.358,1,8,-101,-7,9,39,37,25,31281409,262,1,232,13499,
343.375,5192.71,51.4416,7.45941,236.888,28.5027,267.792,1,2,-105,-9,4,35,35,25,31281409,262,1,232,13499,
344.394,5221.61,51.4416,7.45899,236.819,27.7303,268.071,1,2,-105,-9,4,35,35,25,31281409,262,1,232,13499,
345.374,5249.24,51.4416,7.45859,236.985,27.1459,268.552,1,6,-102,-9,8,38,38,25,31281409,262,1,232,13499,
346.368,5275.99,51.4416,7.45821,236.842,27.2615,268.672,1,6,-102,-9,8,38,38,25,31281409,262,1,232,13499,
347.385,5303.06,51.4416,7.45782,236.594,27.6671,269.365,1,5,-102,-8,9,38,37,25,31281409,262,1,232,13499,
348.38,5330.7,51.4415,7.45742,236.149,28.0262,269.892,1,5,-102,-8,9,38,37,25,31281409,262,1,232,13499,
349.403,5358.95,51.4415,7.45701,235.967,28.3493,270.094,1,-1,-101,-10,5,39,41,25,27771908,262,1,232,13499,
350.371,5387.78,51.4415,7.45659,236.061,28.6518,270.338,1,-1,-101,-10,5,39,41,25,27771908,262,1,232,13499,
351.369,5416.11,51.4415,7.45618,236.17,28.8113,270.341,1,7,-95,-7,13,45,42,25,27771908,262,1,152,13499,
352.376,5444.93,51.4415,7.45577,236.3,29.0914,270.555,1,7,-95,-7,13,45,42,25,27771908,262,1,152,13499,
353.394,5473.63,51.4416,7.45535,236.265,28.9337,271.546,1,21,-84,-4,15,56,51,16,33527552,262,1,433,13499,
354.386,5502.74,51.4416,7.45493,235.985,28.9231,271.874,1,21,-84,-4,15,56,51,16,33527552,262,1,433,13499,
355.389,5531.12,51.4416,7.45453,235.723,28.6,273.038,1,25,-79,-5,15,61,57,16,33527552,262,1,433,13499,
356.461,5558.96,51.4416,7.45412,235.554,27.9758,274.023,1,25,-79,-5,15,61,57,16,33527552,262,1,433,13499,
357.363,5586.45,51.4416,7.45373,235.408,27.3144,274.432,1,25,-79,-5,14,61,58,16,33527552,262,1,433,13499,
358.372,5613.29,51.4416,7.45334,235.247,26.7236,274.9,1,25,-79,-5,14,61,58,16,33527552,262,1,433,13499,
359.374,5639.65,51.4416,7.45296,235.004,26.1953,275.007,1,23,-77,-5,15,63,60,16,33527552,262,1,433,13499,
360.386,5665.74,51.4417,7.45259,234.36,25.6368,275.307,1,23,-77,-5,15,63,60,16,33527552,262,1,433,13499,
361.382,5690.99,51.4417,7.45223,233.504,25.122,275.698,1,29,-75,-5,15,65,60,16,33527552,262,1,433,13499,
362.387,5715.94,51.4417,7.45187,232.707,24.6236,276.194,1,29,-75,-5,15,65,60,16,33527552,262,1,433,13499,
363.395,5740.29,51.4417,7.45152,231.892,24.5374,276.716,1,29,-76,-4,15,64,60,16,33527552,262,1,433,13499,
364.388,5764.49,51.4418,7.45117,230.981,24.8562,276.969,1,29,-76,-4,15,64,60,16,33527552,262,1,433,13499,
365.381,5789.42,51.4418,7.45081,230.243,25.1325,277.318,1,29,-76,-4,15,64,59,16,33527552,262,1,433,13499,
366.373,5814.82,51.4418,7.45045,229.832,24.8937,277.632,1,29,-76,-4,15,64,59,16,33527552,262,1,433,13499,
367.386,5839.24,51.4419,7.4501,229.383,24.2582,277.979,1,27,-76,-4,15,64,61,16,33527552,262,1,433,13499,
368.371,5863.11,51.4419,7.44976,229.169,23.258,278.296,1,27,-76,-4,15,64,61,16,33527552,262,1,433,13499,
369.415,5885.96,51.4419,7.44943,229.109,22.519,278.498,1,27,-76,-4,15,64,61,16,33527552,262,1,433,13499,
370.371,5908.27,51.442,7.44912,229.041,22.1689,278.353,1,31,-75,-4,15,65,60,16,33527552,262,1,433,13499,
371.376,5929.94,51.442,7.44881,228.919,21.9703,278.882,1,31,-75,-4,15,65,60,16,33527552,262,1,433,13499,
372.366,5951.74,51.442,7.4485,228.797,21.7389,279.335,1,21,-77,-4,15,63,58,16,33527552,262,1,433,13499,
373.371,5973.21,51.442,7.44819,228.672,21.5405,279.727,1,21,-77,-4,15,63,58,16,33527552,262,1,433,13499,
374.376,5994.27,51.4421,7.44789,228.687,21.7213,280.223,1,31,-79,-5,15,61,59,16,33527552,262,1,433,13499,
375.37,6015.92,51.4421,7.44758,228.753,21.9485,280.704,1,31,-79,-5,15,61,59,16,33527552,262,1,433,13499,
376.362,6037.77,51.4422,7.44727,228.796,21.9442,280.833,1,30,-76,-5,15,64,62,16,33527552,262,1,433,13499,
377.363,6059.77,51.4422,7.44696,228.819,22.1737,281.127,1,30,-76,-5,15,64,62,16,33527552,262,1,433,13499,
378.363,6082.02,51.4422,7.44665,228.773,22.1973,281.667,1,29,-74,-5,15,66,63,16,33527552,262,1,433,13499,
379.361,6104.02,51.4423,7.44634,228.664,22.2548,282.3,1,29,-74,-5,15,66,63,16,33527552,262,1,433,13499,
380.388,6126.14,51.4423,7.44602,228.496,22.2289,282.568,1,30,-71,-5,15,69,63,16,33527552,262,1,433,13499,
381.361,6148.21,51.4424,7.44571,228.304,22.32,283.033,1,30,-71,-5,15,69,63,16,33527552,262,1,433,13499,
382.386,6170.69,51.4424,7.4454,228.13,22.53,283.479,1,31,-68,-5,15,72,63,16,33527552,262,1,433,13499,
383.386,6193.42,51.4425,7.44508,227.953,22.8685,283.5,1,31,-68,-5,15,72,63,16,33527552,262,1,433,13499,
384.358,6216.45,51.4425,7.44475,227.83,23.1679,283.661,1,32,-67,-5,15,73,63,16,33527552,262,1,433,13499,
385.371,6239.79,51.4425,7.44443,227.698,23.5574,283.651,1,32,-67,-5,15,73,63,16,33527552,262,1,433,13499,
386.37,6263.46,51.4426,7.4441,227.413,23.7414,283.838,1,31,-67,-6,15,73,63,16,33527552,262,1,433,13499,
387.374,6287.57,51.4427,7.44376,227.083,23.9102,284.004,1,31,-67,-6,15,73,63,16,33527552,262,1,433,13499,
388.377,6311.73,51.4427,7.44342,226.726,24.2054,284.722,1,31,-67,-6,15,73,63,16,33527552,262,1,433,13499,
389.371,6336.24,51.4428,7.44308,226.403,24.6024,284.988,1,31,-67,-6,15,73,63,16,33527552,262,1,433,13499,
390.404,6361.27,51.4428,7.44273,226.037,25.1057,285.487,1,31,-67,-6,15,73,63,16,33527552,262,1,433,13499,
391.384,6386.23,51.4429,7.44238,225.735,25.5962,285.683,1,31,-68,-5,15,72,63,16,33527552,262,1,433,13499,
392.381,6411.86,51.443,7.44203,225.234,26.1227,286.321,1,31,-68,-5,15,72,63,16,33527552,262,1,433,13499,
393.401,6438.36,51.443,7.44166,224.847,26.7105,286.589,1,30,-68,-6,15,72,63,16,33527552,262,1,433,13499,
394.376,6465.45,51.4431,7.44129,224.521,27.1248,287.03,1,30,-68,-6,15,72,63,16,33527552,262,1,433,13499,
395.4,6492.9,51.4432,7.44091,224.156,27.6019,287.579,1,30,-71,-5,15,69,63,16,33527552,262,1,433,13499,
396.376,6520.46,51.4432,7.44053,223.76,27.6223,287.703,1,30,-71,-5,15,69,63,16,33527552,262,1,433,13499,
397.386,6547.78,51.4433,7.44015,223.183,27.5388,287.873,1,8,-84,-6,10,56,54,16,33527552,262,1,433,13499,
398.411,6575.09,51.4434,7.43978,222.524,27.3824,288.288,1,8,-84,-6,10,56,54,16,33527552,262,1,433,13499,
399.381,6602.8,51.4435,7.4394,221.347,27.1504,288.597,1,29,-76,-5,12,64,61,16,33527552,262,1,433,13499,
400.387,6629.79,51.4436,7.43904,220.034,27.0115,289.26,1,29,-76,-5,12,64,61,16,33527552,262,1,433,13499,
401.394,6656.43,51.4436,7.43868,218.73,26.8987,289.704,1,30,-71,-5,12,69,63,16,33527552,262,1,433,13499,
402.39,6683.06,51.4437,7.43832,217.494,27.0202,289.581,1,30,-71,-5,12,69,63,16,33527552,262,1,433,13499,
403.39,6709.83,51.4438,7.43796,216.185,27.4838,290.048,1,16,-75,-5,15,65,63,16,33527552,262,1,433,13499,
404.373,6737.48,51.4439,7.43758,214.876,27.6481,290.644,1,16,-75,-5,15,65,63,16,33527552,262,1,433,13499,
405.382,6765.41,51.444,7.43721,213.65,28.0298,290.962,1,13,-83,-6,15,57,53,1,33527554,262,1,434,13499,
406.397,6793.77,51.4441,7.43683,212.506,28.4845,291.302,1,13,-83,-6,15,57,53,1,33527554,262,1,434,13499,
407.37,6822.49,51.4442,7.43645,211.565,29.144,291.975,1,21,-83,-6,15,57,55,1,33527554,262,1,434,13499,
408.367,6850.97,51.4443,7.43607,210.072,29.348,293.258,1,21,-83,-6,15,57,55,1,33527554,262,1,434,13499,
409.37,6879.67,51.4444,7.43569,209.164,29.4055,293.417,1,9,-86,-5,11,54,51,1,33527554,262,1,434,13499,
410.369,6910.07,51.4445,7.43529,208.29,29.7972,293.807,1,9,-86,-5,11,54,51,1,33527554,262,1,434,13499,
411.389,6939.88,51.4446,7.4349,207.619,29.8588,294.756,1,9,-86,-5,11,54,51,1,33527554,262,1,434,13499,
412.361,6969.32,51.4447,7.43451,206.906,29.5341,295.165,1,10,-84,-6,15,56,54,1,33527554,262,1,434,13499,
413.379,6998.66,51.4448,7.43413,206.125,29.256,296.159,1,10,-84,-6,15,56,54,1,33527554,262,1,434,13499,
414.387,7027.66,51.445,7.43376,205.254,29.331,296.936,1,25,-84,-6,15,56,53,1,33527554,262,1,434,13499,
415.383,7056.63,51.4451,7.43339,204.2,29.4562,298.041,1,25,-84,-6,15,56,53,1,33527554,262,1,434,13499,
416.386,7085.65,51.4452,7.43302,203.055,29.3829,299.299,1,22,-84,-5,13,56,49,1,33527554,262,1,434,13499,
417.376,7114.44,51.4453,7.43266,201.787,29.5715,300.16,1,22,-84,-5,13,56,49,1,33527554,262,1,434,13499,
418.387,7143.6,51.4455,7.43229,200.408,29.6869,301.276,1,23,-83,-6,15,57,52,1,33527554,262,1,434,13499,
419.376,7173.04,51.4456,7.43194,198.976,29.6824,302.661,1,23,-83,-6,15,57,52,1,33527554,262,1,434,13499,
420.371,7202.34,51.4458,7.43158,197.506,29.4856,303.958,1,28,-83,-6,15,57,54,1,33527554,262,1,434,13499,
421.395,7231.25,51.4459,7.43124,196.129,29.2215,305.149,1,28,-83,-6,15,57,54,1,33527554,262,1,434,13499,
422.372,7260.32,51.4461,7.4309,194.868,29.2311,306.419,1,30,-78,-5,15,62,60,1,33527554,262,1,434,13499,
423.378,7289.43,51.4462,7.43057,193.617,29.2488,307.54,1,30,-78,-5,15,62,60,1,33527554,262,1,434,13499,
424.388,7318.59,51.4464,7.43024,192.43,29.3647,309.002,1,29,-75,-5,15,65,62,1,33527554,262,1,434,13499,
425.372,7347.71,51.4466,7.42992,191.361,29.2086,310.205,1,29,-75,-5,15,65,62,1,33527554,262,1,434,13499,
426.363,7376.18,51.4467,7.42961,190.282,28.8155,310.889,1,29,-74,-4,15,66,61,1,33527554,262,1,434,13499,
427.364,7404.43,51.4469,7.42931,189.364,28.2482,312.304,1,29,-74,-4,15,66,61,1,33527554,262,1,434,13499,
428.375,7432.73,51.4471,7.42901,188.565,27.9287,313.772,1,30,-77,-4,15,63,58,1,33527554,262,1,434,13499,
429.396,7460.64,51.4473,7.42873,187.913,27.6374,314.911,1,30,-77,-4,15,63,58,1,33527554,262,1,434,13499,
430.381,7488.29,51.4474,7.42845,187.473,27.6084,316.041,1,30,-77,-4,15,63,58,1,33527554,262,1,434,13499,
431.428,7515.64,51.4476,7.42819,186.987,27.4926,317.299,1,16,-79,-5,15,61,55,1,33527554,262,1,434,13499,
432.373,7543.15,51.4478,7.42792,186.462,27.4501,318.148,1,16,-79,-5,15,61,55,1,33527554,262,1,434,13499,
433.379,7570.81,51.448,7.42766,185.968,27.5965,318.898,1,22,-84,-5,13,56,52,1,33527554,262,1,434,13499,
434.366,7598.35,51.4482,7.42741,185.307,27.7277,320.042,1,22,-84,-5,13,56,52,1,33527554,262,1,434,13499,
435.374,7625.71,51.4484,7.42716,184.548,27.7136,321.525,1,15,-84,-6,8,56,53,1,33527554,262,1,434,13499,
436.361,7653.46,51.4486,7.42692,183.489,27.8049,322.637,1,15,-84,-6,8,56,53,1,33527554,262,1,434,13499,
437.365,7681.23,51.4488,7.42669,182.303,27.9202,324.115,1,16,-84,-6,14,56,49,1,33527554,262,1,434,13499,
438.384,7709.11,51.449,7.42646,181.031,27.9324,325.656,1,16,-84,-6,14,56,49,1,33527554,262,1,434,13499,
439.367,7737.08,51.4492,7.42624,179.744,28.0493,326.432,1,11,-92,-6,11,48,44,1,33527554,262,1,434,13499,
440.36,7765.12,51.4494,7.42602,178.452,28.0141,327.265,1,11,-92,-6,11,48,44,1,33527554,262,1,434,13499,
441.376,7792.89,51.4496,7.42581,177.182,27.8574,328.615,1,9,-91,-6,11,49,45,1,33527554,262,1,434,13499,
442.37,7820.27,51.4498,7.42562,176.102,27.6852,329.806,1,9,-91,-6,11,49,45,1,33527554,262,1,434,13499,
443.377,7847.8,51.45,7.42542,174.995,27.3901,330.486,1,3,-94,-6,10,46,43,1,33527554,262,1,434,13499,
444.395,7874.8,51.4503,7.42524,173.975,27.1772,332.158,1,3,-94,-6,10,46,43,1,33527554,262,1,434,13499,
445.379,7902.15,51.4505,7.42506,172.84,27.2962,333.032,1,7,-97,-7,7,43,42,1,33527554,262,1,434,13499,
446.371,7928.87,51.4507,7.4249,171.87,27.3704,334.108,1,7,-97,-7,7,43,42,1,33527554,262,1,434,13499,
447.372,7956.44,51.4509,7.42474,170.674,27.7011,335.406,1,2,-97,-9,8,43,44,21,27770883,262,1,125,13499,
448.386,7984.7,51.4512,7.42458,169.778,28.3841,337.448,1,2,-97,-9,8,43,44,21,27770883,262,1,125,13499,
449.373,8013.71,51.4514,7.42442,168.744,28.7839,338.204,1,3,-92,-8,6,48,47,45,28365057,262,1,224,13499,
450.378,8043.34,51.4517,7.42427,167.722,29.2833,339.411,1,3,-92,-8,6,48,47,45,28365057,262,1,224,13499,
451.366,8072.62,51.4519,7.42413,166.727,29.7389,340.588,1,4,-98,-11,6,42,44,45,28365057,262,1,224,13499,
452.375,8103.24,51.4522,7.42399,166.214,29.4498,341.155,1,4,-98,-11,6,42,44,45,28365057,262,1,224,13499,
453.368,8133.03,51.4524,7.42385,166.062,29.1202,341.734,1,-2,-92,-10,6,48,49,19,27770883,262,1,125,13499,
454.361,8162.35,51.4527,7.42372,166.186,28.7678,342.979,1,-2,-92,-10,6,48,49,19,27770883,262,1,125,13499,
455.377,8162.35,51.4537,7.42485,nan,28.4736,343.336,1,-2,-92,-10,6,48,49,19,27770883,262,1,125,13499,
456.374,8162.35,51.4532,7.42348,166.406,28.0069,343.796,1,4,-92,-8,9,48,48,19,27770883,262,1,125,13499,
457.381,8190.22,51.4534,7.42337,166.233,27.7542,344.017,1,4,-92,-8,9,48,48,19,27770883,262,1,125,13499,
458.377,8217.16,51.4536,7.42327,166.011,27.3034,343.969,1,7,-92,-9,12,48,49,19,27770883,262,1,125,13499,
459.385,8243.98,51.4539,7.42316,165.711,26.9625,344.032,1,7,-92,-9,12,48,49,19,27770883,262,1,125,13499,
460.372,8270.65,51.4541,7.42306,165.329,26.7425,344.077,1,7,-89,-7,7,51,50,19,27770883,262,1,125,13499,
461.371,8297.41,51.4543,7.42295,164.943,26.8325,343.562,1,7,-89,-7,7,51,50,19,27770883,262,1,125,13499,
462.356,8324.1,51.4546,7.42285,164.569,26.7956,343.53,1,7,-92,-8,7,48,48,19,27770883,262,1,125,13499,
463.37,8350.8,51.4548,7.42274,164.253,26.9489,343.495,1,7,-92,-8,7,48,48,19,27770883,262,1,125,13499,
464.371,8377.96,51.455,7.42263,164.02,27.3448,343.197,1,-2,-89,-10,6,51,53,16,27770883,262,1,125,13499,
465.378,8405.59,51.4553,7.42251,163.778,27.857,342.921,1,-2,-89,-10,6,51,53,16,27770883,262,1,125,13499,
466.368,8433.37,51.4555,7.42239,163.432,27.964,342.49,1,-3,-92,-9,6,48,48,16,27770883,262,1,125,13499,
467.376,8460.65,51.4557,7.42228,163.255,27.5987,342.006,1,-3,-92,-9,6,48,48,16,27770883,262,1,125,13499,
468.371,8488.03,51.456,7.42215,163.156,27.0169,341.364,1,6,-88,-8,9,52,51,16,27770883,262,1,125,13499,
469.43,8514.52,51.4562,7.42202,162.75,26.6136,340.573,1,6,-88,-8,9,52,51,16,27770883,262,1,125,13499,
470.388,8541.23,51.4564,7.42189,162.231,26.3362,339.775,1,5,-89,-8,6,51,48,34,29568770,262,1,414,13499,
471.379,8567.43,51.4566,7.42176,161.886,26.1592,339.418,1,5,-89,-8,6,51,48,34,29568770,262,1,414,13499,
472.373,8593.43,51.4569,7.42162,161.652,26.0136,338.292,1,6,-88,-8,8,52,51,13,27770883,262,1,125,13499,
473.361,8619.69,51.4571,7.42148,161.316,26.0549,337.718,1,6,-88,-8,8,52,51,13,27770883,262,1,125,13499,
474.391,8645.48,51.4573,7.42133,161.122,26.1593,336.439,1,10,-85,-6,12,55,53,13,27770883,262,1,125,13499,
475.379,8645.48,51.4547,7.41658,nan,25.9698,335.992,1,10,-85,-6,12,55,53,13,27770883,262,1,125,13499,
476.403,8645.48,51.4577,7.42103,161.09,25.9804,335.141,1,19,-83,-6,11,57,55,13,27770883,262,1,125,13499,
477.368,8671.24,51.4579,7.42088,160.685,26.1172,334.289,1,19,-83,-6,11,57,55,13,27770883,262,1,125,13499,
478.379,8696.6,51.4581,7.42072,159.959,26.3524,333.817,1,19,-83,-6,11,57,55,13,27770883,262,1,125,13499,
479.361,8721.88,51.4583,7.42056,159.179,26.5601,333.37,1,13,-81,-6,14,59,57,13,27770883,262,1,125,13499,
480.362,8748.45,51.4585,7.42039,158.368,26.9786,332.557,1,13,-81,-6,14,59,57,13,27770883,262,1,125,13499,
481.369,8775.23,51.4588,7.4202,157.699,27.291,331.425,1,10,-81,-6,6,59,56,27,33527554,262,1,434,13499,
482.362,8802.63,51.459,7.42001,157.074,26.9876,331.018,1,10,-81,-6,6,59,56,27,33527554,262,1,434,13499,
483.361,8829.41,51.4592,7.41982,156.452,26.8714,330.258,1,12,-79,-6,14,61,59,10,27770883,262,1,125,13499,
484.373,8855.9,51.4594,7.41963,155.984,26.9301,329.278,1,12,-79,-6,14,61,59,10,27770883,262,1,125,13499,
485.377,8882.78,51.4596,7.41943,155.563,27.1398,328.68,1,16,-76,-6,15,64,62,10,27770883,262,1,125,13499,
486.357,8910.25,51.4598,7.41923,155.056,27.4165,327.847,1,16,-76,-6,15,64,62,10,27770883,262,1,125,13499,
487.369,8938.09,51.46,7.41901,154.425,27.7404,327.013,1,8,-78,-6,12,62,59,10,27770883,262,1,125,13499,
488.408,8966.13,51.4602,7.41878,153.879,28.2226,325.831,1,8,-78,-6,12,62,59,10,27770883,262,1,125,13499,
489.37,8994.15,51.4604,7.41855,153.583,28.2042,325.047,1,22,-76,-5,12,64,60,10,27770883,262,1,125,13499,
490.365,9022.21,51.4606,7.41831,153.732,28.41,324.38,1,22,-76,-5,12,64,60,10,27770883,262,1,125,13499,
491.364,9050.75,51.4608,7.41807,153.72,28.4586,323.428,1,14,-74,-5,15,66,62,10,27770883,262,1,125,13499,
492.402,9079.57,51.4611,7.41782,153.475,28.0275,322.651,1,14,-74,-5,15,66,62,10,27770883,262,1,125,13499,
493.381,9107.63,51.4613,7.41757,153.256,28.1566,321.741,1,16,-74,-5,8,66,63,10,27770883,262,1,125,13499,
494.379,9135.78,51.4615,7.41732,153.014,28.4321,321.034,1,16,-74,-5,8,66,63,10,27770883,262,1,125,13499,
495.4,9135.78,51.4605,7.41555,nan,28.7543,320.171,1,14,-74,-4,13,66,63,10,27770883,262,1,125,13499,
496.391,9135.78,51.4619,7.41679,152.72,28.8059,319.784,1,14,-74,-4,13,66,63,10,27770883,262,1,125,13499,
497.381,9164.88,51.4621,7.41652,152.652,28.8196,319.149,1,16,-77,-7,10,63,60,10,27770883,262,1,125,13499,
498.378,9193.97,51.4622,7.41624,152.713,29.2557,318.129,1,16,-77,-7,10,63,60,10,27770883,262,1,125,13499,
499.388,9223.52,51.4624,7.41595,152.815,29.6607,316.936,1,18,-75,-6,11,65,62,10,27770883,262,1,125,13499,
500.372,9253.21,51.4626,7.41565,152.871,30.0438,316.119,1,18,-75,-6,11,65,62,10,27770883,262,1,125,13499,
501.366,9283.34,51.4628,7.41535,152.878,30.2968,315.393,1,13,-79,-6,12,61,59,10,27770883,262,1,125,13499,
502.376,9314.15,51.463,7.41504,152.84,30.78,314.411,1,13,-79,-6,12,61,59,10,27770883,262,1,125,13499,
503.4,9344.73,51.4632,7.41472,152.858,31.1501,313.805,1,13,-78,-6,11,62,59,10,27770883,262,1,125,13499,
504.384,9375.92,51.4634,7.41439,152.915,31.5111,312.766,1,13,-78,-6,11,62,59,10,27770883,262,1,125,13499,
505.386,9407.98,51.4636,7.41405,152.866,31.8259,312.117,1,7,-86,-7,8,54,52,10,27770883,262,1,125,13499,
506.387,9439.86,51.4638,7.4137,152.82,32.1255,311.242,1,7,-86,-7,8,54,52,10,27770883,262,1,125,13499,
507.376,9471.75,51.464,7.41335,152.812,32.4912,310.676,1,7,-86,-7,8,54,52,10,27770883,262,1,125,13499,
508.365,9504.45,51.4642,7.41299,152.759,32.9211,310.002,1,28,-74,-5,1,66,63,10,27770883,262,1,125,13499,
509.388,9537.23,51.4644,7.41263,152.722,32.9427,309.581,1,28,-74,-5,1,66,63,10,27770883,262,1,125,13499,
510.396,9569.74,51.4646,7.41227,152.588,32.9455,309.244,1,8,-76,-6,1,64,57,10,27770883,262,1,125,13499,
511.367,9602.06,51.4647,7.41191,152.574,32.6974,308.78,1,8,-76,-6,1,64,57,10,27770883,262,1,125,13499,
512.366,9634.51,51.4649,7.41154,152.566,32.7259,308.531,1,0,-90,-11,4,50,51,10,27770883,262,1,125,13499,
513.376,9667.34,51.4651,7.41117,152.613,32.8747,308.399,1,0,-90,-11,4,50,51,10,27770883,262,1,125,13499,
514.372,9700.3,51.4653,7.4108,152.71,33.0177,308.298,1,11,-89,-6,14,51,48,4,27770885,262,1,124,13499,
515.364,9700.3,51.4657,7.40638,nan,33.1243,308.106,1,11,-89,-6,14,51,48,4,27770885,262,1,124,13499,
516.393,9700.3,51.4657,7.41005,152.809,33.5631,307.947,1,9,-86,-7,11,54,51,4,27770885,262,1,124,13499,
517.389,9733.96,51.4658,7.40967,152.734,34.1846,307.835,1,9,-86,-7,11,54,51,4,27770885,262,1,124,13499,
518.397,9768.48,51.466,7.40928,152.744,34.9045,308.121,1,9,-88,-6,7,52,49,4,27770885,262,1,124,13499,
519.372,9803.53,51.4662,7.40889,152.764,35.5061,308.217,1,9,-88,-6,7,52,49,4,27770885,262,1,124,13499,
520.38,9838.76,51.4664,7.40849,152.9,35.1226,308.457,1,1,-92,-10,7,48,49,4,27770885,262,1,124,13499,
521.383,9873.21,51.4666,7.4081,152.985,34.2628,308.557,1,1,-92,-10,7,48,49,4,27770885,262,1,124,13499,
522.383,9906.86,51.4668,7.40772,153.074,33.4147,308.901,1,4,-83,-6,8,57,54,4,27770885,262,1,124,13499,
523.377,9939.62,51.467,7.40735,153.16,32.6318,308.955,1,4,-83,-6,8,57,54,4,27770885,262,1,124,13499,
524.394,9971.63,51.4672,7.40699,153.224,31.8309,309.352,1,10,-77,-5,1,63,60,4,27770885,262,1,124,13499,
525.376,10003.1,51.4674,7.40664,153.435,31.1827,309.963,1,10,-77,-5,1,63,60,4,27770885,262,1,124,13499,
526.411,10034.1,51.4675,7.4063,153.555,31.0918,310.108,1,11,-78,-6,9,62,57,4,27770885,262,1,124,13499,
527.372,10065.4,51.4677,7.40595,153.637,31.4602,310.71,1,11,-78,-6,9,62,57,4,27770885,262,1,124,13499,
528.371,10097.1,51.4679,7.4056,153.727,31.8326,310.944,1,12,-82,-6,13,58,55,4,27770885,262,1,124,13499,
529.401,10129.3,51.4681,7.40526,153.842,32.3963,311.462,1,12,-82,-6,13,58,55,4,27770885,262,1,124,13499,
530.379,10162.1,51.4683,7.40491,154.063,33.0301,311.888,1,10,-81,-6,8,59,54,4,27770885,262,1,124,13499,
531.377,10195.5,51.4685,7.40455,154.298,33.6665,312.096,1,10,-81,-6,8,59,54,4,27770885,262,1,124,13499,
532.375,10229.7,51.4687,7.40418,154.641,34.2441,312.46,1,3,-80,-6,6,60,58,19,27771140,262,1,289,13499,
533.373,10263.8,51.4689,7.40382,155.05,33.8412,313.125,1,3,-80,-6,6,60,58,19,27771140,262,1,289,13499,
534.376,10296.6,51.4691,7.40348,155.307,32.8774,313.499,1,9,-82,-5,14,58,53,19,27771140,262,1,289,13499,
535.376,10296.6,51.4713,7.39648,nan,32.1392,313.996,1,9,-82,-5,14,58,53,19,27771140,262,1,289,13499,
536.399,10296.6,51.4695,7.40278,155.611,31.8608,313.715,1,9,-82,-5,14,58,53,19,27771140,262,1,289,13499,
537.362,10328.7,51.4697,7.40245,156.058,31.8529,314.259,1,28,-79,-6,14,61,58,19,27771140,262,1,289,13499,
538.368,10360.7,51.4699,7.40212,156.765,32.0128,315.177,1,28,-79,-6,14,61,58,19,27771140,262,1,289,13499,
539.379,10393.3,51.4702,7.4018,157.582,32.2702,316.408,1,14,-80,-5,11,60,57,19,27771140,262,1,289,13499,
540.377,10425.8,51.4704,7.40148,158.646,32.479,317.271,1,14,-80,-5,11,60,57,19,27771140,262,1,289,13499,
541.372,10458.1,51.4706,7.40117,159.571,32.8151,318.079,1,23,-79,-5,15,61,57,19,27771140,262,1,289,13499,
542.38,10490.8,51.4708,7.40085,160.442,32.6302,317.903,1,23,-79,-5,15,61,57,19,27771140,262,1,289,13499,
543.399,10523.4,51.471,7.40053,161.293,32.4484,317.556,1,24,-79,-5,15,61,58,19,27771140,262,1,289,13499,
544.381,10556,51.4712,7.40022,161.966,32.4433,317.526,1,24,-79,-5,15,61,58,19,27771140,262,1,289,13499,
545.381,10588.2,51.4714,7.3999,162.751,32.4533,317.843,1,22,-81,-5,15,59,56,19,27771140,262,1,289,13499,
546.378,10620.7,51.4717,7.39959,163.627,32.4699,318.245,1,22,-81,-5,15,59,56,19,27771140,262,1,289,13499,
547.397,10653,51.4719,7.39927,164.465,32.4678,318.713,1,16,-81,-5,15,59,55,19,27771140,262,1,289,13499,
548.362,10685.3,51.4721,7.39896,165.219,32.5047,318.679,1,16,-81,-5,15,59,55,19,27771140,262,1,289,13499,
549.383,10717.8,51.4723,7.39864,165.982,32.456,319.07,1,19,-81,-4,15,59,54,19,27771140,262,1,289,13499,
550.383,10750,51.4725,7.39834,166.705,32.2476,319.24,1,19,-81,-4,15,59,54,19,27771140,262,1,289,13499,
551.382,10781.7,51.4727,7.39804,167.303,32.0545,319.302,1,19,-81,-5,15,59,55,19,27771140,262,1,289,13499,
552.374,10813.5,51.473,7.39774,167.841,31.9804,319.692,1,19,-81,-5,15,59,55,19,27771140,262,1,289,13499,
553.391,10845,51.4732,7.39744,168.361,31.3794,320.434,1,13,-85,-6,11,55,52,19,27771140,262,1,289,13499,
554.372,10876.1,51.4734,7.39715,168.626,31.1897,320.464,1,13,-85,-6,11,55,52,19,27771140,262,1,289,13499,
555.362,10876.1,51.473,7.39693,nan,31.0215,320.863,1,12,-85,-6,10,55,52,19,27771140,262,1,289,13499,
556.362,10876.1,51.4738,7.3966,169.491,30.3058,322.085,1,12,-85,-6,10,55,52,19,27771140,262,1,289,13499,
557.366,10905.9,51.474,7.39633,169.921,29.5571,322.745,1,12,-85,-6,10,55,52,19,27771140,262,1,289,13499,
558.361,10934.8,51.4742,7.39608,170.34,28.7408,323.399,1,10,-84,-6,7,56,54,19,27771140,262,1,289,13499,
559.391,10963.3,51.4744,7.39583,170.841,28.2407,323.751,1,10,-84,-6,7,56,54,19,27771140,262,1,289,13499,
560.366,10990.9,51.4746,7.3956,171.06,27.7971,324.835,1,23,-80,-5,11,60,56,19,27771140,262,1,289,13499,
561.371,11018.1,51.4749,7.39538,171.235,27.1001,326.167,1,23,-80,-5,11,60,56,19,27771140,262,1,289,13499,
562.377,11044.7,51.4751,7.39517,171.48,26.6131,327.984,1,11,-79,-6,11,61,58,19,27771140,262,1,289,13499,
563.361,11071,51.4753,7.39498,171.613,26.2164,329.644,1,11,-79,-6,11,61,58,19,27771140,262,1,289,13499,
564.388,11097.3,51.4755,7.39478,171.965,26.0972,329.82,1,21,-77,-6,13,63,61,19,27771140,262,1,289,13499,
565.418,11123,51.4757,7.39459,172.325,25.6898,329.678,1,21,-77,-6,13,63,61,19,27771140,262,1,289,13499,
566.375,11148.6,51.4759,7.39441,172.76,25.5572,330.803,1,11,-78,-7,1,62,61,19,27771140,262,1,289,13499,
567.378,11173.7,51.4761,7.39423,173.325,24.7979,331.274,1,11,-78,-7,1,62,61,19,27771140,262,1,289,13499,
568.379,11197.5,51.4762,7.39406,173.613,24.0873,331.497,1,13,-74,-6,11,66,63,19,27771140,262,1,289,13499,
569.402,11221,51.4764,7.39391,173.866,23.3182,333.32,1,13,-74,-6,11,66,63,19,27771140,262,1,289,13499,
570.371,11243.7,51.4766,7.39376,174.126,22.7144,334.037,1,21,-68,-5,15,72,63,19,27771140,262,1,289,13499,
571.367,11266.1,51.4768,7.39362,174.448,22.1247,334.916,1,21,-68,-5,15,72,63,19,27771140,262,1,289,13499,
572.397,11288,51.477,7.39348,174.827,21.5392,335.656,1,12,-83,-8,10,57,57,19,27771140,262,1,289,13499,
573.365,11308.8,51.4771,7.39336,175.153,20.9101,337.699,1,12,-83,-8,10,57,57,19,27771140,262,1,289,13499,
574.356,11329.2,51.4773,7.39326,175.61,20.4801,340.093,1,11,-80,-8,14,60,60,19,27771140,262,1,289,13499,
575.371,11349,51.4775,7.39317,175.926,19.6018,344.097,1,11,-80,-8,14,60,60,19,27771140,262,1,289,13499,
576.378,11369.3,51.4777,7.39312,176.215,19.2033,350.444,1,12,-77,-6,6,63,60,4,27771139,262,1,288,13499,
577.361,11388.3,51.4778,7.39308,176.63,18.4615,352.223,1,12,-77,-6,6,63,60,4,27771139,262,1,288,13499,
578.365,11405.8,51.478,7.39306,177.227,17.854,355.503,1,16,-80,-6,15,60,57,4,27771139,262,1,288,13499,
579.371,11424.5,51.4782,7.39306,177.896,18.2214,359.441,1,16,-80,-6,15,60,57,4,27771139,262,1,288,13499,
580.366,11443.5,51.4783,7.39312,178.645,18.3217,14.2516,1,35,-81,-5,15,59,56,4,27771139,262,1,288,13499,
581.361,11461.2,51.4785,7.3932,178.669,18.2075,16.169,1,35,-81,-5,15,59,56,4,27771139,262,1,288,13499,
582.384,11477.8,51.4786,7.39329,178.304,17.7289,20.2178,1,35,-81,-5,15,59,56,4,27771139,262,1,288,13499,
583.368,11495.2,51.4787,7.39345,177.905,17.4102,37.5946,1,27,-75,-5,15,65,60,4,27771139,262,1,288,13499,
584.361,11512.8,51.4789,7.3936,177.861,16.3483,36.8528,1,27,-75,-5,15,65,60,4,27771139,262,1,288,13499,
585.361,11528.2,51.479,7.39373,177.44,15.3089,33.8153,1,12,-84,-6,11,56,53,4,27771139,262,1,288,13499,
586.38,11542.3,51.4791,7.39381,177.277,14.6742,21.2109,1,12,-84,-6,11,56,53,4,27771139,262,1,288,13499,
587.388,11556.2,51.4792,7.39387,177.906,13.5856,17.2026,1,29,-78,-5,15,62,57,4,27771139,262,1,288,13499,
588.381,11569.7,51.4793,7.39387,178.221,13.7453,353.859,1,29,-78,-5,15,62,57,4,27771139,262,1,288,13499,
589.384,11583.7,51.4795,7.39385,178.799,13.9453,349.84,1,8,-87,-6,12,53,50,4,27771139,262,1,288,13499,
590.381,11597.2,51.4796,7.39378,179.627,13.1305,337.092,1,8,-87,-6,12,53,50,4,27771139,262,1,288,13499,
591.382,11611.8,51.4797,7.39369,180.862,12.7862,335.795,1,4,-89,-7,11,51,49,4,27771139,262,1,288,13499,
592.385,11624.4,51.4798,7.39361,182,12.7041,334.752,1,4,-89,-7,11,51,49,4,27771139,262,1,288,13499,
593.35,11637.2,51.4799,7.39353,182.896,11.9313,333.809,1,8,-84,-6,14,56,52,15,28365058,262,1,223,13499,
594.372,11649.5,51.48,7.39345,184.081,10.8979,336.629,1,8,-84,-6,14,56,52,15,28365058,262,1,223,13499,
595.366,11659.7,51.4801,7.39343,185.322,10.0182,354.659,1,1,-85,-6,6,55,51,5,27771139,262,1,288,13499,
596.38,11670.1,51.4802,7.39345,186.207,9.6151,11.483,1,1,-85,-6,6,55,51,5,27771139,262,1,288,13499,
597.386,11680.3,51.4803,7.39353,186.751,10.369,32.4881,1,19,-83,-6,15,57,54,5,27771139,262,1,288,13499,
598.371,11690.1,51.4803,7.39364,187.071,10.8715,49.3266,1,19,-83,-6,15,57,54,5,27771139,262,1,288,13499,
599.392,11702.1,51.4804,7.39377,187.217,12.5126,52.2455,1,23,-79,-5,15,61,57,5,27771139,262,1,288,13499,
600.374,11715.7,51.4805,7.39393,186.948,13.499,54.1014,1,23,-79,-5,15,61,57,5,27771139,262,1,288,13499,
601.333,11728.9,51.4805,7.39409,186.728,13.8101,54.6616,1,19,-82,-7,14,58,56,5,27771139,262,1,288,13499,
602.355,11741.4,51.4806,7.39424,186.432,14.3813,55.4212,1,19,-82,-7,14,58,56,5,27771139,262,1,288,13499,
603.389,11756.2,51.4807,7.39442,186.131,14.7883,56.5023,1,18,-83,-6,8,57,56,5,27771139,262,1,288,13499,
604.37,11769.9,51.4807,7.39458,185.902,15.0363,57.4533,1,18,-83,-6,8,57,56,5,27771139,262,1,288,13499,
605.388,11785.5,51.4808,7.39478,185.917,15.3613,58.0127,1,22,-81,-5,11,59,56,5,27771139,262,1,288,13499,
606.38,11800.8,51.4809,7.39496,185.871,15.5586,58.5022,1,22,-81,-5,11,59,56,5,27771139,262,1,288,13499,
607.383,11816.4,51.4809,7.39516,185.86,15.8331,59.3762,1,14,-82,-5,14,58,55,5,27771139,262,1,288,13499,
608.38,11832,51.481,7.39536,186.088,16.1033,59.5095,1,14,-82,-5,14,58,55,5,27771139,262,1,288,13499,
609.383,11848.5,51.4811,7.39557,186.072,16.2267,59.4292,1,14,-82,-5,14,58,55,5,27771139,262,1,288,13499,
610.42,11864.8,51.4811,7.39577,185.877,16.2877,59.718,1,19,-78,-5,11,62,58,5,27771139,262,1,288,13499,
611.377,11881,51.4812,7.39598,185.621,16.1589,60.2659,1,19,-78,-5,11,62,58,5,27771139,262,1,288,13499,
612.381,11897,51.4813,7.39618,185.404,15.914,60.2026,1,11,-83,-7,7,57,56,5,27771139,262,1,288,13499,
613.381,11913.2,51.4814,7.39638,185.325,16.0799,59.5402,1,11,-83,-7,7,57,56,5,27771139,262,1,288,13499,
614.394,11929.7,51.4814,7.39658,185.29,16.8814,58.6065,1,14,-82,-5,12,58,55,5,27771139,262,1,288,13499,
615.37,11946.3,51.4815,7.39679,185.369,16.965,58.2539,1,14,-82,-5,12,58,55,5,27771139,262,1,288,13499,
616.365,11962.9,51.4816,7.39699,185.151,16.5162,57.6849,1,8,-85,-6,9,55,54,5,27771139,262,1,288,13499,
617.378,11979.1,51.4817,7.39719,184.84,16.0135,57.1199,1,8,-85,-6,9,55,54,5,27771139,262,1,288,13499,
618.372,11994.8,51.4817,7.39738,184.545,15.6541,56.2077,1,23,-80,-5,14,60,58,5,27771139,262,1,288,13499,
619.371,12010.1,51.4818,7.39757,184.224,15.1339,55.321,1,23,-80,-5,14,60,58,5,27771139,262,1,288,13499,
620.393,12024.7,51.4819,7.39774,184.016,14.6637,54.4757,1,27,-76,-5,15,64,62,5,27771139,262,1,288,13499,
621.365,12039.2,51.482,7.3979,183.916,14.2159,53.317,1,27,-76,-5,15,64,62,5,27771139,262,1,288,13499,
622.377,12053.2,51.4821,7.39806,183.858,13.6692,52.218,1,25,-78,-5,15,62,58,5,27771139,262,1,288,13499,
623.384,12066.6,51.4821,7.39821,184.016,13.3429,50.7803,1,25,-78,-5,15,62,58,5,27771139,262,1,288,13499,
624.384,12080,51.4822,7.39835,184.372,13.2244,49.1925,1,16,-81,-5,14,59,53,5,27771139,262,1,288,13499,
625.394,12092.2,51.4823,7.39848,184.188,12.8991,46.9987,1,16,-81,-5,14,59,53,5,27771139,262,1,288,13499,
626.366,12104.2,51.4824,7.3986,183.686,12.1802,44.294,1,13,-88,-6,8,52,49,5,27771139,262,1,288,13499,
627.373,12115.3,51.4824,7.39871,183.23,10.5485,42.098,1,13,-88,-6,8,52,49,5,27771139,262,1,288,13499,
628.387,12125.4,51.4825,7.3988,182.884,9.3524,40.6889,1,13,-88,-6,14,52,48,5,27771139,262,1,288,13499,
629.363,12134.5,51.4826,7.39887,182.707,8.79332,39.1332,1,13,-88,-6,14,52,48,5,27771139,262,1,288,13499,
630.382,12143.5,51.4827,7.39895,182.682,8.361,37.7864,1,13,-86,-6,11,54,50,5,27771139,262,1,288,13499,
631.333,12153,51.4827,7.39902,182.861,8.17515,36.6563,1,13,-86,-6,11,54,50,5,27771139,262,1,288,13499,
632.362,12161.7,51.4828,7.39909,182.999,7.60732,35.2918,1,13,-86,-6,11,54,50,5,27771139,262,1,288,13499,
633.366,12170.4,51.4829,7.39916,183.408,7.3995,33.6662,1,12,-84,-5,9,56,53,5,27771139,262,1,288,13499,
634.388,12170.4,51.4818,7.39717,nan,8.33594,33.5458,1,12,-84,-5,9,56,53,5,27771139,262,1,288,13499,
635.371,12170.4,51.483,7.39929,183.967,9.20797,34.1821,1,8,-89,-7,11,51,48,5,27771139,262,1,288,13499,
636.391,12179.8,51.4831,7.39937,184.168,10.3177,33.8416,1,8,-89,-7,11,51,48,5,27771139,262,1,288,13499,
637.373,12191.1,51.4831,7.39945,184.494,11.4701,33.4061,1,1,-89,-10,2,51,52,5,27771139,262,1,288,13499,
638.38,12203.2,51.4832,7.39955,184.832,12.5352,33.6046,1,1,-89,-10,2,51,52,5,27771139,262,1,288,13499,
639.381,12216.3,51.4833,7.39965,185.084,13.6289,34.3173,1,16,-87,-6,2,53,50,5,27771139,262,1,288,13499,
640.392,12230.3,51.4834,7.39976,185.289,13.8884,33.99,1,16,-87,-6,2,53,50,5,27771139,262,1,288,13499,
641.384,12243.9,51.4835,7.39986,185.298,13.7026,34.4208,1,16,-90,-6,2,50,49,5,27771139,262,1,288,13499,
642.38,12257.5,51.4836,7.39997,185.247,13.6969,35.1225,1,16,-90,-6,2,50,49,5,27771139,262,1,288,13499,
643.399,12271,51.4837,7.40008,185.299,14.0188,35.9958,1,10,-89,-6,2,51,49,5,27771139,262,1,288,13499,
644.371,12285,51.4838,7.4002,185.416,14.244,36.752,1,10,-89,-6,2,51,49,5,27771139,262,1,288,13499,
645.368,12299.5,51.484,7.40032,185.426,14.5508,36.7513,1,10,-90,-7,2,50,50,5,27771139,262,1,288,13499,
646.365,12314.6,51.4841,7.40045,185.451,14.6744,37.6601,1,10,-90,-7,2,50,50,5,27771139,262,1,288,13499,
647.37,12329.5,51.4842,7.40058,185.435,14.8539,38.0028,1,2,-90,-7,2,50,49,5,27771139,262,1,288,13499,
648.377,12344.2,51.4843,7.40071,185.388,14.6137,38.7957,1,2,-90,-7,2,50,49,5,27771139,262,1,288,13499,
649.383,12358.5,51.4844,7.40085,185.141,14.4398,39.6711,1,10,-91,-7,2,49,46,5,28365058,262,1,223,13499,
650.386,12373.3,51.4845,7.40099,185.011,14.4154,40.5901,1,10,-91,-7,2,49,46,5,28365058,262,1,223,13499,
651.372,12387.2,51.4846,7.40113,184.838,14.3911,41.341,1,10,-91,-7,2,49,46,5,28365058,262,1,223,13499,
652.363,12401.3,51.4847,7.40126,184.543,14.3835,42.1447,1,10,-91,-7,2,49,46,5,28365058,262,1,223,13499,
653.379,12414.4,51.4847,7.4014,183.99,14.1574,43.0436,1,9,-93,-7,2,47,45,5,28365058,262,1,223,13499,
654.38,12429.3,51.4848,7.40155,183.267,13.9378,42.2644,1,9,-93,-7,2,47,45,5,28365058,262,1,223,13499,
655.376,12442.9,51.4849,7.40168,182.437,13.6208,41.4996,1,13,-93,-6,9,47,44,9,28365058,262,1,223,13499,
656.372,12442.9,51.4843,7.40189,nan,13.3091,41.4082,1,13,-93,-6,9,47,44,9,28365058,262,1,223,13499,
657.362,12442.9,51.4851,7.40193,180.645,12.9797,42.4111,1,13,-93,-6,9,47,44,9,28365058,262,1,223,13499,
658.362,12455.2,51.4852,7.40206,179.651,12.628,43.853,1,10,-92,-7,9,48,44,9,28365058,262,1,223,13499,
659.425,12467.4,51.4852,7.40219,179.268,12.3781,45.2582,1,10,-92,-7,9,48,44,9,28365058,262,1,223,13499,
660.357,12480.2,51.4853,7.40233,179.064,12.0625,46.9685,1,6,-92,-8,7,48,47,9,28365058,262,1,223,13499,
661.379,12491.7,51.4854,7.40245,178.606,11.3957,47.867,1,6,-92,-8,7,48,47,9,28365058,262,1,223,13499,
662.395,12502.1,51.4854,7.40257,178.322,9.56907,48.6881,1,4,-86,-5,6,54,51,4,26385409,262,1,93,13499,
663.386,12511.7,51.4855,7.40268,178.34,8.17626,49.4664,1,4,-86,-5,6,54,51,4,26385409,262,1,93,13499,
664.365,12520,51.4856,7.40277,178.613,7.58143,45.3776,1,1,-94,-7,6,46,43,8,28365058,262,1,223,13499,
665.362,12527,51.4856,7.40281,179.024,7.50683,20.7318,1,1,-94,-7,6,46,43,8,28365058,262,1,223,13499,
666.372,12536,51.4857,7.40281,179.418,7.6591,351.406,1,4,-94,-7,9,46,42,8,28365058,262,1,223,13499,
667.37,12542.5,51.4857,7.40277,179.859,7.40787,330.777,1,4,-94,-7,9,46,42,8,28365058,262,1,223,13499,
668.378,12550.2,51.4858,7.40271,180.43,7.90977,328.36,1,6,-96,-8,10,44,43,8,28365058,262,1,223,13499,
669.359,12558.5,51.4859,7.40264,181.13,8.69576,326.182,1,6,-96,-8,10,44,43,8,28365058,262,1,223,13499,
670.372,12568,51.4859,7.40256,181.835,9.6576,325.267,1,7,-90,-7,6,50,46,4,26385409,262,1,93,13499,
671.362,12578,51.486,7.40247,182.794,10.6047,325.144,1,7,-90,-7,6,50,46,4,26385409,262,1,93,13499,
672.375,12588.6,51.4861,7.40238,183.972,11.5299,325.712,1,7,-92,-7,9,48,46,4,26385409,262,1,93,13499,
673.391,12601.2,51.4862,7.40228,184.916,12.1165,326.997,1,7,-92,-7,9,48,46,4,26385409,262,1,93,13499,
674.371,12613.1,51.4863,7.40219,185.478,12.2089,328.628,1,8,-93,-8,11,47,46,4,26385409,262,1,93,13499,
675.373,12613.1,51.485,7.40349,nan,12.4071,330.218,1,8,-93,-8,11,47,46,4,26385409,262,1,93,13499,
676.37,12613.1,51.4865,7.40202,185.398,12.0464,332.541,1,10,-88,-6,9,52,49,4,26385409,262,1,93,13499,
677.365,12625.2,51.4866,7.40195,185.691,12.3312,335.107,1,10,-88,-6,9,52,49,4,26385409,262,1,93,13499,
678.368,12638.6,51.4867,7.40189,185.744,12.8095,337.599,1,10,-88,-6,9,52,49,4,26385409,262,1,93,13499,
679.381,12653,51.4868,7.40183,185.838,12.9493,340.159,1,11,-90,-7,7,50,47,4,26385409,262,1,93,13499,
680.388,12665.1,51.4869,7.40179,186.161,12.6688,342.657,1,11,-90,-7,7,50,47,4,26385409,262,1,93,13499,
681.382,12677.6,51.487,7.40176,186.636,12.7445,345.136,1,11,-87,-6,14,53,50,4,26385409,262,1,93,13499,
682.386,12690.6,51.4871,7.40173,187.115,12.8215,347.68,1,11,-87,-6,14,53,50,4,26385409,262,1,93,13499,
683.424,12703.9,51.4873,7.40172,187.501,13.1252,350.264,1,21,-79,-5,15,61,58,4,26385409,262,1,93,13499,
684.37,12717.2,51.4874,7.40171,187.613,13.3421,352.659,1,21,-79,-5,15,61,58,4,26385409,262,1,93,13499,
685.373,12731.1,51.4875,7.4017,187.561,13.6445,354.734,1,10,-79,-5,10,61,58,4,26385409,262,1,93,13499,
686.371,12745.2,51.4876,7.40171,187.162,13.9427,356.82,1,10,-79,-5,10,61,58,4,26385409,262,1,93,13499,
687.378,12759.2,51.4877,7.40171,186.694,14.0746,358.116,1,20,-81,-5,11,59,55,4,26385409,262,1,93,13499,
688.365,12772.9,51.4879,7.40172,186.311,14.1432,358.849,1,20,-81,-5,11,59,55,4,26385409,262,1,93,13499,
689.361,12786.3,51.488,7.40173,185.423,13.9588,359.505,1,16,-83,-5,14,57,53,4,26385409,262,1,93,13499,
690.375,12799.8,51.4881,7.40173,184.725,13.8557,0.286674,1,16,-83,-5,14,57,53,4,26385409,262,1,93,13499,
691.4,12812.7,51.4882,7.40174,184.374,13.6844,359.899,1,24,-75,-5,10,65,59,4,26385409,262,1,93,13499,
692.374,12827.5,51.4884,7.40175,183.736,13.578,0.493741,1,24,-75,-5,10,65,59,4,26385409,262,1,93,13499,
693.373,12841.6,51.4885,7.40175,182.946,13.728,0.00882461,1,12,-77,-6,13,63,59,4,26385409,262,1,93,13499,
694.396,12855.6,51.4886,7.40176,182.092,13.7812,359.047,1,12,-77,-6,13,63,59,4,26385409,262,1,93,13499,
695.368,12868.4,51.4887,7.40175,181.725,13.7754,359.449,1,21,-79,-6,14,61,57,4,26385409,262,1,93,13499,
696.412,12879.5,51.4888,7.40174,179.1,13.3781,359.494,1,21,-79,-6,14,61,57,4,26385409,262,1,93,13499,
697.372,12894.6,51.489,7.40175,181.09,12.9391,359.586,1,10,-80,-7,6,60,58,3,26385410,262,1,94,13499,
698.383,12906.9,51.4891,7.40175,180.758,12.126,359.862,1,10,-80,-7,6,60,58,3,26385410,262,1,94,13499,
699.391,12917.9,51.4892,7.40175,180.48,10.6785,359.769,1,28,-71,-5,15,69,62,3,26385410,262,1,94,13499,
700.378,12928.1,51.4893,7.40176,180.201,8.29755,0.5417,1,28,-71,-5,15,69,62,3,26385410,262,1,94,13499,
701.365,12935.4,51.4893,7.40177,179.921,5.97745,4.02597,1,19,-76,-7,14,64,60,3,26385410,262,1,94,13499,
702.373,12943.1,51.4894,7.40183,179.702,6.0756,39.4991,1,19,-76,-7,14,64,60,3,26385410,262,1,94,13499,
703.367,12948.9,51.4894,7.40192,179.431,7.05812,76.459,1,19,-76,-7,14,64,60,3,26385410,262,1,94,13499,
704.397,12956.6,51.4894,7.40202,179.196,8.7577,78.6117,1,23,-68,-5,14,72,63,3,26385410,262,1,94,13499,
705.406,12965.3,51.4894,7.40215,179.211,10.4763,82.4628,1,23,-68,-5,14,72,63,3,26385410,262,1,94,13499,
706.387,12976.9,51.4894,7.40231,179.388,11.7092,84.5094,1,26,-72,-6,13,68,63,3,26385410,262,1,94,13499,
707.372,12989.7,51.4894,7.4025,179.834,12.5919,86.3984,1,26,-72,-6,13,68,63,3,26385410,262,1,94,13499,
708.366,13002.9,51.4894,7.40269,180.605,13.4009,87.8006,1,19,-77,-6,14,63,61,3,26385410,262,1,94,13499,
709.379,13017,51.4894,7.40289,181.568,14.2308,88.9443,1,19,-77,-6,14,63,61,3,26385410,262,1,94,13499,
710.386,13031,51.4894,7.40309,182.379,13.7189,89.5798,1,19,-77,-7,14,63,62,3,26385410,262,1,94,13499,
711.371,13045.5,51.4894,7.4033,182.798,13.1017,90.146,1,19,-77,-7,14,63,62,3,26385410,262,1,94,13499,
712.363,13058.4,51.4894,7.40349,183.129,12.7459,90.318,1,22,-69,-6,15,71,63,3,26385410,262,1,94,13499,
713.372,13071.5,51.4894,7.40368,183.448,13.0647,90.1255,1,22,-69,-6,15,71,63,3,26385410,262,1,94,13499,
714.383,13084.5,51.4894,7.40387,183.451,13.5353,90.473,1,21,-78,-8,13,62,61,3,26385410,262,1,94,13499,
715.397,13097.2,51.4894,7.40405,183.448,13.9808,91.1122,1,21,-78,-8,13,62,61,3,26385410,262,1,94,13499,
716.38,13111.3,51.4894,7.40425,183.539,14.4481,91.1809,1,15,-79,-9,12,61,61,3,26385410,262,1,94,13499,
717.395,13124.3,51.4893,7.40436,186.8,14.4902,91.7777,1,15,-79,-9,12,61,61,3,26385410,262,1,94,13499,
718.371,13147.7,51.4894,7.40467,183.954,14.1881,91.2787,1,15,-74,-7,15,66,63,1,26385408,262,1,95,13499,
719.401,13161.4,51.4894,7.40487,183.974,13.8209,90.7764,1,15,-74,-7,15,66,63,1,26385408,262,1,95,13499,
720.38,13175.7,51.4894,7.40507,183.843,13.5301,90.2351,1,29,-71,-6,15,69,63,1,26385408,262,1,95,13499,
721.381,13189.8,51.4894,7.40528,183.598,13.2681,89.3781,1,29,-71,-6,15,69,63,1,26385408,262,1,95,13499,
722.391,13203.5,51.4894,7.40547,183.273,13.2457,87.2128,1,19,-73,-5,14,67,63,1,26385408,262,1,95,13499,
723.389,13216.7,51.4894,7.40566,182.809,13.216,85.356,1,19,-73,-5,14,67,63,1,26385408,262,1,95,13499,
724.387,13229.4,51.4894,7.40585,182.554,13.8192,83.5659,1,22,-74,-6,12,66,63,1,26385408,262,1,95,13499,
725.372,13243.4,51.4894,7.40604,182.469,14.2471,82.4374,1,22,-74,-6,12,66,63,1,26385408,262,1,95,13499,
726.371,13257.4,51.4895,7.40624,182.482,14.3429,81.0017,1,31,-75,-6,12,65,61,1,26385408,262,1,95,13499,
727.372,13272.1,51.4895,7.40645,182.8,14.1807,80.1482,1,31,-75,-6,12,65,61,1,26385408,262,1,95,13499,
728.364,13285.2,51.4895,7.40664,182.906,14.1141,79.448,1,13,-74,-5,13,66,63,1,26385408,262,1,95,13499,
729.38,13298.9,51.4896,7.40683,182.718,14.188,78.9987,1,13,-74,-5,13,66,63,1,26385408,262,1,95,13499,
730.37,13313,51.4896,7.40703,182.378,14.2495,78.6347,1,14,-70,-5,10,70,63,1,26385408,262,1,95,13499,
731.365,13327.5,51.4896,7.40723,182.174,14.477,78.2061,1,14,-70,-5,10,70,63,1,26385408,262,1,95,13499,
732.37,13341.9,51.4896,7.40744,181.925,14.6171,77.5458,1,14,-70,-5,10,70,63,1,26385408,262,1,95,13499,
733.38,13356.6,51.4897,7.40764,181.809,14.6137,78.3854,1,23,-74,-6,10,66,61,1,26385408,262,1,95,13499,
734.391,13371.4,51.4897,7.40785,181.516,14.5585,78.4091,1,23,-74,-6,10,66,61,1,26385408,262,1,95,13499,
735.391,13386.1,51.4897,7.40806,181.043,14.5679,78.5334,1,12,-75,-5,13,65,61,1,26385408,262,1,95,13499,
736.377,13400.7,51.4897,7.40827,180.454,14.8044,79.3661,1,12,-75,-5,13,65,61,1,26385408,262,1,95,13499,
737.408,13415.1,51.4898,7.40847,179.946,14.6889,78.9243,1,11,-76,-5,10,64,59,1,26385408,262,1,95,13499,
738.379,13429.9,51.4898,7.40868,179.486,14.733,78.4648,1,11,-76,-5,10,64,59,1,26385408,262,1,95,13499,
739.372,13443.8,51.4898,7.40888,178.436,14.8645,77.7674,1,10,-79,-6,11,61,57,1,26385408,262,1,95,13499,
740.365,13459,51.4899,7.40909,177.419,14.9086,77.5897,1,10,-79,-6,11,61,57,1,26385408,262,1,95,13499,
741.378,13473.6,51.4899,7.4093,176.534,14.9895,77.5234,1,17,-73,-5,12,67,62,1,26385408,262,1,95,13499,
742.371,13488.9,51.4899,7.40951,175.611,15.0483,77.7564,1,17,-73,-5,12,67,62,1,26385408,262,1,95,13499,
743.382,13504.1,51.4899,7.40973,174.76,15.072,77.8704,1,16,-78,-6,11,62,56,1,26385408,262,1,95,13499,
744.391,13519,51.49,7.40994,173.871,15.0377,78.1152,1,16,-78,-6,11,62,56,1,26385408,262,1,95,13499,
745.373,13534.1,51.49,7.41015,172.641,15.01,78.0581,1,19,-76,-5,13,64,60,1,26385408,262,1,95,13499,
746.387,13548.6,51.49,7.41036,171.704,14.6125,78.4243,1,19,-76,-5,13,64,60,1,26385408,262,1,95,13499,
747.356,13563.3,51.4901,7.41056,171.008,13.6574,77.5983,1,13,-83,-6,10,57,53,1,26385408,262,1,95,13499,
748.364,13575.8,51.4901,7.41074,170.834,12.8836,78.3289,1,13,-83,-6,10,57,53,1,26385408,262,1,95,13499,
