0.253,0,51.4903,7.41237,164.362,3.20744,79.6362,1,12,-92,-7,2,48,45,6,26385408,262,1,95,13499,
1.385,8.06398,51.4903,7.41249,163.818,3.60072,80.3816,1,14,-92,-7,9,48,47,11,26385408,262,1,95,13499,
2.417,27.1764,51.4904,7.41276,162.226,10.1066,81.6105,1,14,-92,-7,9,48,47,11,26385408,262,1,95,13499,
3.397,27.1764,51.4904,7.41276,162.226,10.1066,81.6105,1,14,-92,-7,9,48,47,11,26385408,262,1,95,13499,
4.394,38.701,51.4904,7.41292,161.691,11.3063,81.2568,1,24,-85,-6,11,55,52,11,26385408,262,1,95,13499,
5.374,49.768,51.4904,7.41308,161.349,11.6734,80.6401,1,24,-85,-6,11,55,52,11,26385408,262,1,95,13499,
6.37,64.1842,51.4904,7.41328,161.4,12.2955,80.1048,1,23,-88,-7,11,52,50,11,26385408,262,1,95,13499,
7.389,76.5649,51.4905,7.41346,161.178,12.5341,80.2425,1,23,-88,-7,11,52,50,11,26385408,262,1,95,13499,
8.391,88.511,51.4905,7.41362,160.765,13.0864,79.6213,1,26,-89,-6,10,51,49,11,26385408,262,1,95,13499,
9.407,101.145,51.4905,7.4138,160.411,13.3412,79.8229,1,26,-89,-6,10,51,49,11,26385408,262,1,95,13499,
10.412,115.535,51.4905,7.414,160.065,13.6772,79.4833,1,32,-84,-6,13,56,54,11,26385408,262,1,95,13499,
11.396,128.581,51.4906,7.41419,159.428,13.689,79.1483,1,32,-84,-6,13,56,54,11,26385408,262,1,95,13499,
12.418,142.845,51.4906,7.41439,158.768,13.8076,79.5713,1,23,-81,-5,11,59,57,11,26385408,262,1,95,13499,
13.381,156.628,51.4906,7.41459,158.279,13.6218,79.9044,1,23,-81,-5,11,59,57,11,26385408,262,1,95,13499,
14.408,169.542,51.4906,7.41477,157.785,13.357,80.3455,1,34,-82,-5,15,58,56,11,26385408,262,1,95,13499,
15.392,183.166,51.4907,7.41496,157.433,13.2968,81.0405,1,34,-82,-5,15,58,56,11,26385408,262,1,95,13499,
16.389,196.358,51.4907,7.41515,157.005,13.1311,82.019,1,23,-86,-7,8,54,52,11,26385408,262,1,95,13499,
17.395,209.875,51.4907,7.41535,156.656,12.8937,83.1405,1,23,-86,-7,8,54,52,11,26385408,262,1,95,13499,
18.388,221.222,51.4907,7.41551,156.894,12.6877,84.4384,1,20,-80,-6,15,60,57,4,29391105,262,1,351,13499,
19.402,234.873,51.4907,7.41571,157.187,12.4356,86.4159,1,20,-80,-6,15,60,57,4,29391105,262,1,351,13499,
20.39,247.491,51.4907,7.41589,157.341,12.0652,88.3138,1,30,-80,-6,15,60,57,4,29391105,262,1,351,13499,
21.389,259.702,51.4907,7.41607,157.471,10.7814,90.6672,1,30,-80,-6,15,60,57,4,29391105,262,1,351,13499,
22.388,269.471,51.4907,7.41621,157.392,9.58685,92.8205,1,12,-83,-7,11,57,55,4,29391105,262,1,351,13499,
23.4,277.47,51.4907,7.41632,157.265,8.12848,95.1931,1,12,-83,-7,11,57,55,4,29391105,262,1,351,13499,
24.387,284.303,51.4907,7.41642,157.118,7.33272,97.491,1,25,-81,-6,14,59,56,4,29391105,262,1,351,13499,
25.442,291.294,51.4906,7.41652,156.815,6.7451,99.0977,1,25,-81,-6,14,59,56,4,29391105,262,1,351,13499,
26.394,298.095,51.4906,7.41661,156.538,6.21665,101.797,1,25,-81,-6,14,59,56,4,29391105,262,1,351,13499,
27.39,305.352,51.4906,7.41671,156.381,6.02557,103.161,1,21,-82,-6,12,58,54,4,29391105,262,1,351,13499,
28.394,309.91,51.4906,7.41678,156.901,5.71638,103.934,1,21,-82,-6,12,58,54,4,29391105,262,1,351,13499,
29.398,315.176,51.4906,7.41685,157.365,5.43408,104.406,1,23,-81,-6,15,59,56,4,29391105,262,1,351,13499,
30.403,320.425,51.4906,7.41692,157.799,5.29764,103.876,1,23,-81,-6,15,59,56,4,29391105,262,1,351,13499,
31.394,326.327,51.4906,7.417,158.043,5.23428,102.274,1,29,-74,-6,15,66,63,4,29391105,262,1,351,13499,
32.402,331.391,51.4906,7.41708,158.057,5.00958,85.7075,1,29,-74,-6,15,66,63,4,29391105,262,1,351,13499,
33.38,336.176,51.4906,7.41714,157.855,5.20557,59.9802,1,23,-85,-6,15,55,51,4,29391105,262,1,351,13499,
34.419,342.314,51.4906,7.41718,157.723,6.1757,27.961,1,23,-85,-6,15,55,51,4,29391105,262,1,351,13499,
35.394,348.942,51.4907,7.4172,157.725,6.81946,6.51936,1,14,-89,-6,11,51,49,4,29391105,262,1,351,13499,
36.395,356.082,51.4907,7.4172,157.396,7.40422,352.727,1,14,-89,-6,11,51,49,4,29391105,262,1,351,13499,
37.402,363.901,51.4908,7.41718,157.412,6.85197,351.527,1,12,-91,-7,9,49,47,4,29391105,262,1,351,13499,
38.396,371.39,51.4909,7.41717,157.138,6.18957,353.431,1,12,-91,-7,9,49,47,4,29391105,262,1,351,13499,
39.393,376.563,51.4909,7.41721,156.464,5.34776,40.938,1,13,-88,-6,14,52,50,4,29391105,262,1,351,13499,
40.394,382.011,51.4909,7.41728,155.697,6.18976,62.7844,1,13,-88,-6,14,52,50,4,29391105,262,1,351,13499,
41.391,390.665,51.4909,7.41741,155.202,7.93685,90.378,1,1,-94,-10,9,46,47,4,29391105,262,1,351,13499,
42.4,399.825,51.4909,7.41754,154.798,9.05866,91.8704,1,1,-94,-10,9,46,47,4,29391105,262,1,351,13499,
43.41,409.392,51.4909,7.41768,154.372,10.0272,92.6178,1,11,-96,-7,12,44,43,4,29391105,262,1,351,13499,
44.406,418.588,51.4909,7.41781,153.603,10.405,93.0037,1,11,-96,-7,12,44,43,4,29391105,262,1,351,13499,
45.42,429.382,51.4909,7.41797,152.776,10.6189,93.7159,1,14,-90,-5,10,50,47,4,29391105,262,1,351,13499,
46.38,440.217,51.4909,7.41812,152.117,10.4585,94.8265,1,14,-90,-5,10,50,47,4,29391105,262,1,351,13499,
47.402,450.041,51.4909,7.41826,151.446,10.2785,97.7293,1,18,-93,-6,11,47,44,7,29391105,262,1,351,13499,
48.377,460.762,51.4909,7.41841,150.759,10.1497,101.013,1,18,-93,-6,11,47,44,7,29391105,262,1,351,13499,
49.402,470.088,51.4908,7.41853,150.175,10.1681,114.21,1,18,-93,-6,11,47,44,7,29391105,262,1,351,13499,
50.383,480.317,51.4908,7.41866,149.868,10.3487,117.876,1,11,-95,-7,8,45,42,7,29391105,262,1,351,13499,
51.395,490.869,51.4907,7.41878,149.79,10.3184,130.61,1,11,-95,-7,8,45,42,7,29391105,262,1,351,13499,
52.404,501.719,51.4907,7.4189,150.073,10.3691,132.382,1,21,-100,-7,11,40,38,7,29391105,262,1,351,13499,
53.404,511.445,51.4906,7.419,150.367,10.1562,133.327,1,21,-100,-7,11,40,38,7,29391105,262,1,351,13499,
54.367,522.317,51.4905,7.41911,150.387,10.3176,134.111,1,27,-102,-8,7,38,37,7,29391105,262,1,351,13499,
55.393,531.846,51.4905,7.4192,150.013,10.2574,135.121,1,27,-102,-8,7,38,37,7,29391105,262,1,351,13499,
56.403,542.982,51.4904,7.41932,149.977,10.5022,135.779,1,9,-101,-7,11,39,38,13,28365056,262,1,222,13499,
57.404,554.186,51.4903,7.41942,149.028,11.0648,136.27,1,9,-101,-7,11,39,38,13,28365056,262,1,222,13499,
58.381,565.899,51.4903,7.41953,147.971,11.0485,136.73,1,6,-103,-9,9,37,37,13,28365056,262,1,222,13499,
59.4,577.027,51.4902,7.41964,146.975,10.9609,137.174,1,6,-103,-9,9,37,37,13,28365056,262,1,222,13499,
60.406,587.133,51.4901,7.41973,146.191,10.7789,137.886,1,6,-99,-9,7,41,40,13,28365056,262,1,222,13499,
61.417,596.434,51.49,7.41982,145.763,11.0522,138.781,1,6,-99,-9,7,41,40,13,28365056,262,1,222,13499,
62.378,608.138,51.49,7.41992,145.313,10.8918,139.256,1,11,-98,-8,8,42,41,13,28365056,262,1,222,13499,
63.375,619.418,51.4899,7.42002,144.79,10.4983,140.105,1,11,-98,-8,8,42,41,13,28365056,262,1,222,13499,
64.376,628.806,51.4898,7.4201,144.182,9.99139,142.939,1,9,-99,-7,11,41,40,13,28365056,262,1,222,13499,
65.383,637.973,51.4897,7.42018,143.597,10.0336,144.173,1,9,-99,-7,11,41,40,13,28365056,262,1,222,13499,
66.411,647.304,51.4897,7.42026,143.101,10.2505,144.552,1,10,-100,-8,9,40,39,13,28365056,262,1,222,13499,
67.409,657.151,51.4896,7.42034,142.603,9.64555,144.097,1,10,-100,-8,9,40,39,13,28365056,262,1,222,13499,
68.376,666.734,51.4895,7.42043,142.128,8.8866,142.542,1,13,-99,-7,8,41,39,13,28365056,262,1,222,13499,
69.393,674.622,51.4895,7.42052,141.583,9.00875,126.008,1,13,-99,-7,8,41,39,13,28365056,262,1,222,13499,
70.407,681.93,51.4895,7.42062,141.296,8.89548,111.36,1,10,-104,-8,2,36,35,13,28365056,262,1,222,13499,
71.379,690.028,51.4894,7.42073,140.709,7.73531,107.653,1,10,-104,-8,2,36,35,13,28365056,262,1,222,13499,
72.402,697.178,51.4894,7.42082,140.298,6.50744,106.344,1,10,-104,-8,2,36,35,13,28365056,262,1,222,13499,
73.394,702.871,51.4894,7.4209,140.255,3.45824,106.867,1,7,-104,-8,2,36,35,13,28365056,262,1,222,13499,
74.367,702.871,51.4894,7.4209,140.253,0,106.867,1,7,-104,-8,2,36,35,13,28365056,262,1,222,13499,
75.403,702.871,51.4894,7.4209,140.255,0,106.867,1,4,-104,-9,11,36,36,14,28365056,262,1,222,13499,
76.389,705.083,51.4894,7.42093,140.29,1.28005,113.431,1,4,-104,-9,11,36,36,14,28365056,262,1,222,13499,
77.415,707.688,51.4894,7.42095,140.362,3.08327,142.578,1,5,-104,-8,7,36,35,14,28365056,262,1,222,13499,
78.391,712.552,51.4893,7.42096,140.95,4.09254,178.03,1,5,-104,-8,7,36,35,14,28365056,262,1,222,13499,
79.39,719.461,51.4893,7.42095,141.01,5.71094,192.383,1,4,-102,-9,6,38,38,14,28365056,262,1,222,13499,
80.414,727.427,51.4892,7.42093,141.227,7.56474,193.446,1,4,-102,-9,6,38,38,14,28365056,262,1,222,13499,
81.388,737.212,51.4891,7.4209,142.139,8.67802,194.207,1,8,-103,-9,8,37,38,14,28365056,262,1,222,13499,
82.399,748.283,51.489,7.42087,142.73,10.4006,193.774,1,8,-103,-9,8,37,38,14,28365056,262,1,222,13499,
83.405,759.449,51.4889,7.42084,143.311,10.9076,193.403,1,9,-97,-8,11,43,43,14,28365056,262,1,222,13499,
84.411,768.719,51.4888,7.4208,142.956,9.85487,194.605,1,9,-97,-8,11,43,43,14,28365056,262,1,222,13499,
85.395,778.271,51.4888,7.42077,142.399,8.45913,193.864,1,9,-89,-6,6,51,48,9,29391105,262,1,351,13499,
86.408,787.175,51.4887,7.42074,141.929,7.04702,194.541,1,9,-89,-6,6,51,48,9,29391105,262,1,351,13499,
87.378,793.149,51.4886,7.42072,141.941,4.29821,191.987,1,12,-86,-6,12,54,51,9,29391105,262,1,351,13499,
88.389,795.715,51.4886,7.42073,142.028,3.19486,154.1,1,12,-86,-6,12,54,51,9,29391105,262,1,351,13499,
89.397,801.373,51.4886,7.42081,143.274,5.09926,111.351,1,16,-91,-6,14,49,48,9,29391105,262,1,351,13499,
90.387,807.99,51.4886,7.4209,144.159,7.19514,107.777,1,16,-91,-6,14,49,48,9,29391105,262,1,351,13499,
91.379,816.583,51.4886,7.42102,144.93,7.22368,94.1147,1,12,-92,-7,7,48,47,9,29391105,262,1,351,13499,
92.403,824.634,51.4886,7.42114,145.794,7.09227,94.6124,1,12,-92,-7,7,48,47,9,29391105,262,1,351,13499,
93.374,832.086,51.4885,7.42125,146.33,6.96204,97.0169,1,14,-93,-8,7,47,45,9,29391105,262,1,351,13499,
94.374,839.868,51.4885,7.42134,147.037,7.87931,122.274,1,14,-93,-8,7,47,45,9,29391105,262,1,351,13499,
95.395,847.531,51.4885,7.42143,147.768,8.31412,124.113,1,11,-94,-7,11,46,42,9,29391105,262,1,351,13499,
96.395,855.612,51.4884,7.42153,148.215,8.90673,126.269,1,11,-94,-7,11,46,42,9,29391105,262,1,351,13499,
97.402,864.405,51.4884,7.42163,148.24,9.25335,127.609,1,15,-95,-6,8,45,43,9,29391105,262,1,351,13499,
98.408,873.52,51.4883,7.42173,147.894,9.29914,128.554,1,15,-95,-6,8,45,43,9,29391105,262,1,351,13499,
99.371,882.079,51.4883,7.42183,147.338,9.54595,127.596,1,15,-95,-6,8,45,43,9,29391105,262,1,351,13499,
100.384,891.309,51.4882,7.42194,146.81,9.60994,128.151,1,8,-93,-6,2,47,44,9,29391105,262,1,351,13499,
101.384,900.364,51.4882,7.42204,146.389,9.33365,125.185,1,8,-93,-6,2,47,44,9,29391105,262,1,351,13499,
102.421,910.323,51.4882,7.42218,146.724,9.43759,105.939,1,4,-95,-7,2,45,44,9,29391105,262,1,351,13499,
103.402,920.257,51.4881,7.42232,147.156,10.4109,105.457,1,4,-95,-7,2,45,44,9,29391105,262,1,351,13499,
104.39,931.208,51.4881,7.42247,147.779,11.0889,105.106,1,7,-96,-7,2,44,42,9,29391105,262,1,351,13499,
105.393,943.317,51.4881,7.42263,148.387,10.815,103.943,1,7,-96,-7,2,44,42,9,29391105,262,1,351,13499,
106.403,954.384,51.488,7.42279,148.736,10.8794,103.854,1,-3,-100,-9,2,40,39,10,29391105,262,1,351,13499,
107.392,964.655,51.488,7.42293,149.041,10.7023,104.466,1,-3,-100,-9,2,40,39,10,29391105,262,1,351,13499,
108.403,975.075,51.488,7.42308,149.401,10.549,104.377,1,3,-95,-6,6,45,43,14,28365056,262,1,222,13499,
109.394,985.067,51.488,7.42322,149.613,10.4189,103.993,1,3,-95,-6,6,45,43,14,28365056,262,1,222,13499,
110.398,995.105,51.488,7.42336,149.75,9.87344,104.44,1,8,-95,-8,11,45,44,14,28365056,262,1,222,13499,
111.374,1006,51.4879,7.42351,149.816,10.5582,107.746,1,8,-95,-8,11,45,44,14,28365056,262,1,222,13499,
112.406,1016.5,51.4879,7.42364,149.561,10.3887,122.979,1,9,-95,-9,10,45,46,14,28365056,262,1,222,13499,
113.395,1027.05,51.4878,7.42376,149.107,10.585,125.572,1,9,-95,-9,10,45,46,14,28365056,262,1,222,13499,
114.348,1037.3,51.4877,7.42385,148.888,10.6718,141.889,1,4,-93,-9,9,47,48,14,28365056,262,1,222,13499,
115.372,1047.88,51.4877,7.42395,148.241,10.3342,141.345,1,4,-93,-9,9,47,48,14,28365056,262,1,222,13499,
116.385,1058.21,51.4876,7.42405,147.505,10.5405,140.452,1,19,-91,-7,9,49,47,14,28365056,262,1,222,13499,
117.42,1068.46,51.4875,7.42414,146.815,9.9803,143.402,1,19,-91,-7,9,49,47,14,28365056,262,1,222,13499,
118.41,1079.27,51.4874,7.42422,146.749,9.7243,146.43,1,6,-95,-9,7,45,45,14,28365056,262,1,222,13499,
119.415,1090.97,51.4874,7.42431,146.859,10.0408,147.355,1,6,-95,-9,7,45,45,14,28365056,262,1,222,13499,
120.403,1102.87,51.4873,7.42441,146.774,12.1151,144.92,1,16,-95,-10,9,45,46,14,28365056,262,1,222,13499,
121.394,1113.29,51.4872,7.4245,146.179,11.185,143.079,1,16,-95,-10,9,45,46,14,28365056,262,1,222,13499,
122.402,1124.13,51.4871,7.4246,146.125,10.5041,141.302,1,16,-97,-12,7,43,45,14,28365056,262,1,222,13499,
123.413,1134.35,51.4871,7.42472,146.058,10.3702,128.57,1,16,-97,-12,7,43,45,14,28365056,262,1,222,13499,
124.376,1147.91,51.487,7.42487,145.253,11.8142,128.201,1,16,-97,-12,7,43,45,14,28365056,262,1,222,13499,
125.417,1159.96,51.4869,7.425,144.674,12.0788,129.248,1,0,-88,-8,6,52,50,10,28367106,262,1,103,13499,
126.401,1173.35,51.4868,7.42515,144.243,12.648,130.658,1,0,-88,-8,6,52,50,10,28367106,262,1,103,13499,
127.386,1185.32,51.4868,7.42528,143.532,12.6921,129.674,1,8,-91,-8,13,49,48,10,28367106,262,1,103,13499,
128.377,1198.54,51.4867,7.42543,142.994,12.7681,130.445,1,8,-91,-8,13,49,48,10,28367106,262,1,103,13499,
129.377,1212.01,51.4866,7.42558,142.396,12.8927,130.964,1,18,-86,-8,12,54,53,10,28367106,262,1,103,13499,
130.377,1224.87,51.4865,7.42572,141.434,12.9809,131.349,1,18,-86,-8,12,54,53,10,28367106,262,1,103,13499,
131.394,1237.64,51.4865,7.42586,140.308,12.2477,133.484,1,17,-85,-6,11,55,53,9,28367106,262,1,103,13499,
132.406,1249.72,51.4864,7.42598,139.206,11.8771,136.069,1,17,-85,-6,11,55,53,9,28367106,262,1,103,13499,
133.515,1261.74,51.4863,7.42609,137.978,12.7242,137.598,1,26,-81,-6,12,59,57,9,28367106,262,1,103,13499,
134.383,1275.01,51.4862,7.42621,136.855,13.0035,138.119,1,26,-81,-6,12,59,57,9,28367106,262,1,103,13499,
135.396,1288.36,51.4861,7.42634,135.692,13.339,137.358,1,19,-85,-6,13,55,53,9,28367106,262,1,103,13499,
136.399,1299.95,51.486,7.42646,135.05,11.9753,134.549,1,19,-85,-6,13,55,53,9,28367106,262,1,103,13499,
137.397,1310.98,51.486,7.42658,134.594,10.931,130.915,1,23,-83,-6,15,57,54,9,28367106,262,1,103,13499,
138.405,1322.02,51.4859,7.4267,133.955,10.6577,127.905,1,23,-83,-6,15,57,54,9,28367106,262,1,103,13499,
139.392,1333.11,51.4859,7.42684,133.311,10.4805,125.136,1,17,-85,-5,12,55,51,9,28367106,262,1,103,13499,
140.389,1343.2,51.4858,7.42696,133.022,9.84023,123.509,1,17,-85,-5,12,55,51,9,28367106,262,1,103,13499,
141.376,1353.83,51.4858,7.42709,132.689,9.88238,122.986,1,10,-89,-6,10,51,48,9,28367106,262,1,103,13499,
142.403,1363.5,51.4857,7.42721,132.379,9.91744,123.507,1,10,-89,-6,10,51,48,9,28367106,262,1,103,13499,
143.412,1373.89,51.4857,7.42732,131.936,10.059,136.612,1,17,-88,-6,10,52,48,9,28367106,262,1,103,13499,
144.399,1384.05,51.4856,7.42742,131.737,10.0901,139,1,17,-88,-6,10,52,48,9,28367106,262,1,103,13499,
145.379,1393.69,51.4855,7.4275,131.863,9.82895,141.515,1,20,-93,-6,11,47,45,9,28367106,262,1,103,13499,
146.393,1403.14,51.4855,7.42759,132.216,9.55475,142.457,1,20,-93,-6,11,47,45,9,28367106,262,1,103,13499,
147.406,1412.09,51.4854,7.42766,132.367,9.32128,141.709,1,19,-92,-6,12,48,45,9,28367106,262,1,103,13499,
148.394,1421.29,51.4853,7.42774,132.501,8.84931,143.624,1,19,-92,-6,12,48,45,9,28367106,262,1,103,13499,
149.428,1430.33,51.4852,7.42777,132.481,8.13214,170.775,1,19,-92,-6,12,48,45,9,28367106,262,1,103,13499,
150.388,1440.55,51.4852,7.4278,132.709,8.187,171.604,1,10,-89,-6,10,51,47,9,28367106,262,1,103,13499,
151.39,1450.59,51.4851,7.42785,133.346,8.34305,158.35,1,10,-89,-6,10,51,47,9,28367106,262,1,103,13499,
152.393,1458.68,51.485,7.42789,133.397,8.26314,159.014,1,11,-91,-6,9,49,47,9,28367106,262,1,103,13499,
153.401,1465.5,51.4849,7.42792,133.19,7.79795,161.71,1,11,-91,-6,9,49,47,9,28367106,262,1,103,13499,
154.392,1471.86,51.4849,7.42794,132.969,6.51242,162.529,1,13,-89,-6,10,51,49,9,28367106,262,1,103,13499,
155.395,1478.82,51.4848,7.42797,132.956,7.86102,161.988,1,13,-89,-6,10,51,49,9,28367106,262,1,103,13499,
156.402,1486.37,51.4848,7.428,133.139,7.73014,162.518,1,12,-85,-6,14,55,52,9,28367106,262,1,103,13499,
157.396,1493.39,51.4847,7.42803,133.446,6.63887,161.742,1,12,-85,-6,14,55,52,9,28367106,262,1,103,13499,
158.393,1500.97,51.4846,7.42806,133.58,6.50709,162.756,1,16,-87,-6,11,53,49,9,28367106,262,1,103,13499,
159.395,1509.84,51.4846,7.42809,133.857,7.88512,162.347,1,16,-87,-6,11,53,49,9,28367106,262,1,103,13499,
160.395,1518.21,51.4845,7.42813,134.317,8.54185,161.819,1,10,-87,-6,11,53,50,9,28367106,262,1,103,13499,
161.398,1525.66,51.4844,7.42816,134.61,7.79465,163.045,1,10,-87,-6,11,53,50,9,28367106,262,1,103,13499,
162.39,1532.79,51.4844,7.42819,134.701,6.16037,163.828,1,13,-87,-6,11,53,50,9,28367106,262,1,103,13499,
163.386,1539.78,51.4843,7.42821,135.252,7.04016,162.746,1,13,-87,-6,11,53,50,9,28367106,262,1,103,13499,
164.389,1547.23,51.4842,7.42823,135.548,7.23435,165.023,1,14,-86,-7,2,54,51,9,28367106,262,1,103,13499,
165.393,1554.82,51.4842,7.42826,135.623,6.44388,164.515,1,14,-86,-7,2,54,51,9,28367106,262,1,103,13499,
166.406,1565.24,51.4841,7.4283,135.592,7.85824,163.596,1,11,-86,-6,2,54,51,9,28367106,262,1,103,13499,
167.385,1574.44,51.484,7.42834,135.164,6.42676,164.521,1,11,-86,-6,2,54,51,9,28367106,262,1,103,13499,
168.433,1582.3,51.4839,7.42837,135.843,5.52388,163.824,1,11,-86,-6,2,54,51,9,28367106,262,1,103,13499,
169.396,1589.41,51.4839,7.4284,136.733,5.51616,163.771,1,13,-86,-6,2,54,51,9,28367106,262,1,103,13499,
170.396,1593.83,51.4838,7.42841,137.34,4.72174,166.199,1,13,-86,-6,2,54,51,9,28367106,262,1,103,13499,
171.383,1599.69,51.4838,7.42844,137.699,6.70678,165.249,1,18,-87,-5,12,53,51,7,28367106,262,1,103,13499,
172.402,1607.56,51.4837,7.42847,138.283,8.13023,163.802,1,18,-87,-5,12,53,51,7,28367106,262,1,103,13499,
173.378,1616.18,51.4836,7.42851,138.777,7.62654,163.3,1,7,-90,-6,10,50,47,7,28367106,262,1,103,13499,
174.38,1624.57,51.4836,7.42855,139.357,7.77961,162.817,1,7,-90,-6,10,50,47,7,28367106,262,1,103,13499,
175.389,1631.77,51.4835,7.42858,139.757,5.86964,164.148,1,10,-92,-7,9,48,47,7,28367106,262,1,103,13499,
176.398,1639.46,51.4834,7.42861,140.078,5.58337,164.801,1,10,-92,-7,9,48,47,7,28367106,262,1,103,13499,
177.4,1647.89,51.4834,7.42864,139.934,6.98594,164.189,1,12,-90,-6,11,50,48,7,28367106,262,1,103,13499,
178.383,1655.55,51.4833,7.42867,140.177,6.89337,163.109,1,12,-90,-6,11,50,48,7,28367106,262,1,103,13499,
179.431,1663.93,51.4832,7.4287,140.22,5.84236,163.507,1,14,-91,-6,9,49,48,7,28367106,262,1,103,13499,
180.381,1671.9,51.4832,7.42873,139.437,6.18567,163.911,1,14,-91,-6,9,49,48,7,28367106,262,1,103,13499,
181.406,1677.81,51.4831,7.42875,138.594,4.49393,167.541,1,12,-92,-7,7,48,47,7,28367106,262,1,103,13499,
182.399,1682.62,51.4831,7.42877,138.48,4.04974,169.527,1,12,-92,-7,7,48,47,7,28367106,262,1,103,13499,
183.409,1687.2,51.483,7.42878,138.349,3.37052,173.352,1,7,-88,-7,9,52,51,7,28367106,262,1,103,13499,
184.401,1690.48,51.483,7.42879,138.316,2.57477,176.985,1,7,-88,-7,9,52,51,7,28367106,262,1,103,13499,
185.375,1692.37,51.483,7.42878,138.26,0.515207,176.985,1,7,-92,-8,7,48,47,7,28367106,262,1,103,13499,
186.402,1692.82,51.483,7.42878,138.293,0.388542,176.985,1,7,-92,-8,7,48,47,7,28367106,262,1,103,13499,
187.385,1692.82,51.483,7.42878,138.301,0,176.985,1,7,-92,-8,7,48,47,7,28367106,262,1,103,13499,
188.414,1692.82,51.483,7.42878,138.304,0,176.985,1,13,-88,-7,9,52,51,7,28367106,262,1,103,13499,
189.388,1692.82,51.483,7.42878,138.34,0,176.985,1,13,-88,-7,9,52,51,7,28367106,262,1,103,13499,
190.38,1692.82,51.483,7.42878,138.349,0,176.985,1,7,-88,-7,8,52,50,7,28367106,262,1,103,13499,
191.399,1692.82,51.483,7.42878,138.355,0,176.985,1,7,-88,-7,8,52,50,7,28367106,262,1,103,13499,
192.391,1692.82,51.483,7.42878,138.355,0,176.985,1,8,-89,-7,8,51,50,7,28367106,262,1,103,13499,
193.399,1692.82,51.483,7.42878,138.352,0,176.985,1,8,-89,-7,8,51,50,7,28367106,262,1,103,13499,
194.382,1692.82,51.483,7.42878,138.358,0,176.985,1,12,-88,-7,8,52,50,7,28367106,262,1,103,13499,
195.404,1692.82,51.483,7.42878,138.391,0,176.985,1,12,-88,-7,8,52,50,7,28367106,262,1,103,13499,
196.396,1700.11,51.4829,7.4288,138.416,0,164.425,1,7,-93,-8,10,47,47,7,28367106,262,1,103,13499,
197.405,1707.78,51.4828,7.42882,138.708,0,166.089,1,7,-93,-8,10,47,47,7,28367106,262,1,103,13499,
198.394,1716.58,51.4828,7.42885,138.65,6.3769,168.19,1,8,-91,-7,8,49,48,7,28367106,262,1,103,13499,
199.387,1724.92,51.4827,7.42885,138.25,5.92193,185.17,1,8,-91,-7,8,49,48,7,28367106,262,1,103,13499,
200.413,1732.16,51.4826,7.42885,137.702,5.91578,181.149,1,8,-89,-6,10,51,49,7,28367106,262,1,103,13499,
201.403,1737.01,51.4826,7.42888,137.173,5.71508,152.253,1,8,-89,-6,10,51,49,7,28367106,262,1,103,13499,
202.379,1743.65,51.4826,7.42897,137.456,7.11013,113.221,1,0,-95,-9,9,45,46,7,28367106,262,1,103,13499,
203.396,1750.17,51.4825,7.42906,137.859,8.15307,109.313,1,0,-95,-9,9,45,46,7,28367106,262,1,103,13499,
204.394,1759.68,51.4825,7.4292,138.303,9.29352,95.5961,1,-6,-100,-11,4,40,42,7,28367106,262,1,103,13499,
205.406,1770.19,51.4825,7.42935,138.616,10.2523,97.1613,1,-6,-100,-11,4,40,42,7,28367106,262,1,103,13499,
206.384,1779.64,51.4825,7.42948,138.509,10.7936,97.4267,1,2,-100,-7,6,40,38,15,29563904,262,1,350,13499,
207.411,1789.73,51.4825,7.42963,137.975,10.6085,97.5893,1,2,-100,-7,6,40,38,15,29563904,262,1,350,13499,
208.398,1800.91,51.4825,7.42979,137.353,10.2326,96.6817,1,11,-97,-7,12,43,40,15,29563904,262,1,350,13499,
209.388,1812.16,51.4825,7.42995,136.761,9.99147,96.8085,1,11,-97,-7,12,43,40,15,29563904,262,1,350,13499,
210.372,1820.95,51.4825,7.43008,136.776,9.45512,97.9512,1,7,-102,-9,8,38,38,15,29563904,262,1,350,13499,
211.399,1830.59,51.4825,7.43022,137.168,9.08809,98.9104,1,7,-102,-9,8,38,38,15,29563904,262,1,350,13499,
212.401,1839.82,51.4825,7.43035,137.614,8.50803,97.6965,1,2,-99,-9,6,41,41,5,28367106,262,1,103,13499,
213.385,1848.55,51.4825,7.43048,138.037,8.80282,97.1295,1,2,-99,-9,6,41,41,5,28367106,262,1,103,13499,
214.41,1856.72,51.4825,7.43059,138.377,8.01355,97.9541,1,3,-94,-8,9,46,45,5,28367106,262,1,103,13499,
215.378,1863.67,51.4825,7.43069,138.647,6.97471,98.4684,1,3,-94,-8,9,46,45,5,28367106,262,1,103,13499,
216.393,1869.9,51.4824,7.43078,139.116,4.85485,96.9303,1,3,-94,-8,9,46,45,5,28367106,262,1,103,13499,
217.411,1874.43,51.4824,7.43085,139.193,2.99064,95.3461,1,15,-90,-6,11,50,48,5,28367106,262,1,103,13499,
218.407,1877.47,51.4824,7.43089,139.297,1.84615,96.8271,1,15,-90,-6,11,50,48,5,28367106,262,1,103,13499,
219.404,1879.74,51.4824,7.43092,139.372,2.44749,96.428,1,8,-94,-7,7,46,44,5,28367106,262,1,103,13499,
220.393,1882.59,51.4824,7.43097,140.072,4.35181,95.7295,1,8,-94,-7,7,46,44,5,28367106,262,1,103,13499,
221.395,1887.74,51.4824,7.43104,140.695,5.97445,96.158,1,9,-93,-7,14,47,45,5,28367106,262,1,103,13499,
222.391,1893.96,51.4824,7.43113,141.15,6.44247,96.9283,1,9,-93,-7,14,47,45,5,28367106,262,1,103,13499,
223.396,1900.21,51.4824,7.43122,141.533,6.6929,96.4924,1,11,-89,-6,10,51,47,5,28367106,262,1,103,13499,
224.396,1908.93,51.4824,7.43134,141.795,7.82978,97.4776,1,11,-89,-6,10,51,47,5,28367106,262,1,103,13499,
225.391,1916.59,51.4824,7.43145,142.014,7.71964,97.953,1,11,-90,-8,8,50,46,5,28367106,262,1,103,13499,
226.384,1924.84,51.4824,7.43157,142.28,8.24426,97.5755,1,11,-90,-8,8,50,46,5,28367106,262,1,103,13499,
227.403,1933.59,51.4824,7.43169,142.456,8.77114,98.091,1,4,-97,-11,2,43,46,5,28367106,262,1,103,13499,
228.393,1943,51.4824,7.43183,142.438,9.42184,97.5723,1,4,-97,-11,2,43,46,5,28367106,262,1,103,13499,
229.418,1951.69,51.4823,7.43195,142.338,9.64856,97.1089,1,2,-94,-9,2,46,46,5,28367106,262,1,103,13499,
230.39,1961.46,51.4823,7.43209,142.672,9.95823,97.2204,1,2,-94,-9,2,46,46,5,28367106,262,1,103,13499,
231.398,1972.23,51.4823,7.43224,143.292,10.4401,97.7781,1,7,-95,-10,2,45,45,5,28367106,262,1,103,13499,
232.386,1982.98,51.4823,7.4324,143.758,10.4742,98.0839,1,7,-95,-10,2,45,45,5,28367106,262,1,103,13499,
233.384,1993.67,51.4823,7.43255,144.279,10.9023,97.7329,1,11,-92,-9,2,48,47,5,28367106,262,1,103,13499,
234.381,2000.59,51.4823,7.43245,144.3,10.7345,97.3226,1,11,-92,-9,2,48,47,5,28367106,262,1,103,13499,
235.456,2029.12,51.4823,7.43286,145.208,10.6592,96.6968,1,10,-88,-8,8,52,50,4,28367106,262,1,103,13499,
236.374,2039.82,51.4823,7.43301,145.432,10.2798,97.3202,1,10,-88,-8,8,52,50,4,28367106,262,1,103,13499,
237.379,2050.38,51.4822,7.43317,145.468,10.4214,97.5104,1,10,-88,-8,8,52,50,4,28367106,262,1,103,13499,
238.406,2060.18,51.4822,7.43331,145.489,10.0231,97.1421,1,9,-87,-7,8,53,51,4,28367106,262,1,103,13499,
239.417,2070.85,51.4822,7.43346,146.189,9.91422,96.6109,1,9,-87,-7,8,53,51,4,28367106,262,1,103,13499,
240.389,2080.94,51.4822,7.4336,146.756,9.57591,96.3151,1,12,-92,-7,8,48,47,4,28367106,262,1,103,13499,
241.395,2088.39,51.4822,7.43371,146.415,9.21321,96.1488,1,12,-92,-7,8,48,47,4,28367106,262,1,103,13499,
242.4,2098.55,51.4822,7.43386,146.395,9.58945,95.8928,1,5,-94,-10,8,46,47,4,28367106,262,1,103,13499,
243.389,2108.06,51.4822,7.43399,146.505,9.74029,95.5035,1,5,-94,-10,8,46,47,4,28367106,262,1,103,13499,
244.41,2118.5,51.4822,7.43414,146.911,9.92255,95.521,1,3,-96,-10,9,44,45,4,28367106,262,1,103,13499,
245.401,2128.77,51.4822,7.43429,147.179,10.0893,96.3189,1,3,-96,-10,9,44,45,4,28367106,262,1,103,13499,
246.377,2138.75,51.4821,7.43443,147.346,10.1942,96.1565,1,5,-96,-11,9,44,46,4,28367106,262,1,103,13499,
247.402,2148.3,51.4821,7.43457,147.271,10.2811,96.1381,1,5,-96,-11,9,44,46,4,28367106,262,1,103,13499,
248.402,2159.9,51.4821,7.43474,147.529,11.2253,95.6487,1,6,-93,-10,7,47,48,4,28367106,262,1,103,13499,
249.382,2172.12,51.4821,7.43491,148.117,11.2332,96.0283,1,6,-93,-10,7,47,48,4,28367106,262,1,103,13499,
250.375,2182.67,51.4821,7.43506,148.355,11.1625,96.7523,1,13,-84,-7,7,56,53,4,28367106,262,1,103,13499,
251.404,2193.5,51.4821,7.43522,148.423,10.8956,98.1011,1,13,-84,-7,7,56,53,4,28367106,262,1,103,13499,
252.382,2203.47,51.4821,7.43536,148.438,10.1877,98.2027,1,0,-92,-10,6,48,49,10,28368386,262,1,32,13499,
253.386,2214.13,51.4821,7.43551,148.583,10.0026,98.5943,1,0,-92,-10,6,48,49,10,28368386,262,1,32,13499,
254.41,2221.15,51.4821,7.43561,149.8,9.79761,97.6829,1,5,-94,-12,10,46,48,10,28368386,262,1,32,13499,
255.374,2234.69,51.482,7.43581,149.008,10.0974,97.1409,1,5,-94,-12,10,46,48,10,28368386,262,1,32,13499,
256.379,2244.73,51.482,7.43595,148.904,10.4731,96.7606,1,3,-86,-8,6,54,53,4,28367105,262,1,102,13499,
257.393,2254.22,51.482,7.43609,149.148,9.94401,95.979,1,3,-86,-8,6,54,53,4,28367105,262,1,102,13499,
258.411,2265.07,51.482,7.43624,149.409,10.5243,96.5295,1,4,-86,-8,12,54,53,4,28367105,262,1,102,13499,
259.428,2274.63,51.482,7.43638,149.102,10.6752,97.0435,1,4,-86,-8,12,54,53,4,28367105,262,1,102,13499,
260.382,2284.91,51.482,7.43653,149.183,10.1564,96.0671,1,-1,-91,-11,8,49,51,4,28367105,262,1,102,13499,
261.396,2296.45,51.482,7.4367,149.156,10.4406,93.3483,1,-1,-91,-11,8,49,51,4,28367105,262,1,102,13499,
262.416,2307.39,51.482,7.43685,149.397,10.4271,94.6325,1,0,-87,-8,6,53,53,9,28368386,262,1,32,13499,
263.426,2317.55,51.482,7.437,149.918,10.8019,95.4724,1,0,-87,-8,6,53,53,9,28368386,262,1,32,13499,
264.375,2328.8,51.482,7.43716,150.637,10.9521,95.7709,1,0,-87,-8,6,53,53,9,28368386,262,1,32,13499,
265.393,2339.26,51.4819,7.43731,150.743,10.5369,97.1425,1,7,-89,-7,11,51,49,4,28367105,262,1,102,13499,
266.395,2350.28,51.4819,7.43747,150.359,9.5304,99.4305,1,7,-89,-7,11,51,49,4,28367105,262,1,102,13499,
267.376,2358.85,51.4819,7.43759,150.34,7.91182,100.68,1,11,-88,-7,9,52,50,4,28367105,262,1,102,13499,
268.403,2365.92,51.4819,7.43769,150.169,7.45266,101.648,1,11,-88,-7,9,52,50,4,28367105,262,1,102,13499,
269.391,2372.47,51.4819,7.43778,150.047,6.28384,99.2647,1,15,-86,-7,14,54,52,4,28367105,262,1,102,13499,
270.384,2377.85,51.4819,7.43786,149.639,6.15288,98.6045,1,15,-86,-7,14,54,52,4,28367105,262,1,102,13499,
271.39,2382.44,51.4819,7.43792,149.274,6.24168,97.9082,1,19,-82,-5,13,58,55,4,28367105,262,1,102,13499,
272.393,2390.07,51.4819,7.43803,149.177,7.02147,97.045,1,19,-82,-5,13,58,55,4,28367105,262,1,102,13499,
273.404,2397.91,51.4819,7.43815,149.158,7.41049,96.6734,1,13,-83,-7,14,57,57,4,28367105,262,1,102,13499,
274.389,2397.91,51.4819,7.43831,nan,6.851,97.0648,1,13,-83,-7,14,57,57,4,28367105,262,1,102,13499,
275.388,2397.91,51.4819,7.43835,149.538,6.12743,94.5753,1,13,-86,-6,8,54,51,4,28367105,262,1,102,13499,
276.411,2405.96,51.4819,7.43846,149.055,7.87934,93.9372,1,13,-86,-6,8,54,51,4,28367105,262,1,102,13499,
277.392,2413.53,51.4818,7.43857,149.235,7.52676,94.94,1,11,-90,-9,9,50,51,4,28367105,262,1,102,13499,
278.41,2420.72,51.4818,7.43868,149.578,7.24708,94.9827,1,11,-90,-9,9,50,51,4,28367105,262,1,102,13499,
279.38,2428.21,51.4818,7.43878,149.897,8.05506,95.3584,1,6,-95,-9,6,45,45,4,28367105,262,1,102,13499,
280.379,2437.21,51.4818,7.43891,150.151,9.7576,95.3588,1,6,-95,-9,6,45,45,4,28367105,262,1,102,13499,
281.395,2446.71,51.4818,7.43905,150.16,11.3152,95.4113,1,4,-88,-7,6,52,49,9,28368386,262,1,32,13499,
282.398,2458.34,51.4818,7.43922,149.985,12.5187,94.7158,1,4,-88,-7,6,52,49,9,28368386,262,1,32,13499,
283.396,2471.93,51.4818,7.43941,149.89,13.1762,94.8536,1,8,-90,-8,14,50,49,9,28368386,262,1,32,13499,
284.395,2485.6,51.4818,7.43961,150.022,12.9768,95.8364,1,8,-90,-8,14,50,49,9,28368386,262,1,32,13499,
285.382,2499.37,51.4818,7.43981,150.444,12.6936,94.7984,1,9,-92,-8,12,48,46,9,28368386,262,1,32,13499,
286.402,2511.59,51.4818,7.43998,151.085,12.3678,95.2512,1,9,-92,-8,12,48,46,9,28368386,262,1,32,13499,
287.388,2524.03,51.4818,7.44016,151.867,11.9842,96.0714,1,22,-94,-8,12,46,45,9,28368386,262,1,32,13499,
288.383,2535.93,51.4817,7.44033,152.533,11.5932,95.7197,1,22,-94,-8,12,46,45,9,28368386,262,1,32,13499,
289.398,2547.29,51.4817,7.4405,153.21,11.2617,96.1216,1,20,-94,-8,9,46,44,9,28368386,262,1,32,13499,
290.375,2558.27,51.4817,7.44065,153.88,11.071,94.2185,1,20,-94,-8,9,46,44,9,28368386,262,1,32,13499,
291.384,2568.96,51.4817,7.44081,154.425,10.8872,94.9181,1,11,-94,-8,9,46,44,9,28368386,262,1,32,13499,
292.396,2580.67,51.4817,7.44098,154.416,11.6228,95.9412,1,11,-94,-8,9,46,44,9,28368386,262,1,32,13499,
293.397,2592.46,51.4817,7.44114,154.525,12.3052,98.3871,1,7,-99,-12,9,41,44,9,28368386,262,1,32,13499,
294.395,2598.77,51.4817,7.44107,155.4,12.6464,101.962,1,7,-99,-12,9,41,44,9,28368386,262,1,32,13499,
295.383,2631.46,51.4816,7.44151,155.374,12.4833,116.394,1,7,-99,-12,9,41,44,9,28368386,262,1,32,13499,
296.39,2643.77,51.4815,7.44166,156.1,12.3037,119.076,1,13,-88,-6,2,52,49,9,28368386,262,1,32,13499,
297.407,2655.65,51.4815,7.4418,156.857,12.1427,122.451,1,13,-88,-6,2,52,49,9,28368386,262,1,32,13499,
298.393,2667.66,51.4814,7.44194,157.145,12.392,125.472,1,4,-93,-9,2,47,45,9,28368386,262,1,32,13499,
299.4,2679.47,51.4813,7.44205,157.102,12.7585,129.22,1,4,-93,-9,2,47,45,9,28368386,262,1,32,13499,
300.387,2693.23,51.4812,7.44219,156.984,13.5675,133.112,1,13,-92,-7,2,48,45,9,28367105,262,1,102,13499,
301.382,2707.29,51.4812,7.44232,156.616,13.2656,134.401,1,13,-92,-7,2,48,45,9,28367105,262,1,102,13499,
302.388,2720.07,51.4811,7.44245,156.464,12.6837,133.394,1,11,-92,-7,2,48,45,9,28367105,262,1,102,13499,
303.415,2732.13,51.481,7.44257,156.583,12.1464,133.048,1,11,-92,-7,2,48,45,9,28367105,262,1,102,13499,
304.397,2744.38,51.4809,7.4427,156.689,11.918,132.487,1,18,-91,-7,2,49,48,9,28367105,262,1,102,13499,
305.393,2755.87,51.4808,7.44282,157.009,11.7618,131.8,1,18,-91,-7,2,49,48,9,28367105,262,1,102,13499,
306.369,2767.76,51.4808,7.44294,156.963,11.1766,133.412,1,14,-87,-7,2,53,52,9,28367105,262,1,102,13499,
307.398,2779.13,51.4807,7.44303,156.976,11.2864,147.607,1,14,-87,-7,2,53,52,9,28367105,262,1,102,13499,
308.408,2790.24,51.4806,7.44308,157.238,11.4521,160.685,1,14,-89,-7,2,51,50,9,28367105,262,1,102,13499,
309.398,2802.55,51.4805,7.44309,157.41,11.8694,178.354,1,14,-89,-7,2,51,50,9,28367105,262,1,102,13499,
310.393,2815.54,51.4804,7.44311,157.786,11.4622,176.993,1,1,-92,-8,2,48,48,9,28367105,262,1,102,13499,
311.395,2827.14,51.4803,7.44313,157.703,11.1995,173.072,1,1,-92,-8,2,48,48,9,28367105,262,1,102,13499,
312.395,2839.29,51.4802,7.44319,157.363,11.7882,155.835,1,2,-96,-9,2,44,44,9,28367105,262,1,102,13499,
313.396,2852.11,51.4801,7.44327,156.985,12.7821,154.708,1,2,-96,-9,2,44,44,9,28367105,262,1,102,13499,
314.417,2852.11,51.4799,7.44322,nan,13.5001,153.692,1,1,-102,-12,6,38,40,10,28367105,262,1,102,13499,
315.394,2852.11,51.4798,7.44344,157.21,14.3749,152.929,1,1,-102,-12,6,38,40,10,28367105,262,1,102,13499,
316.39,2866.47,51.4797,7.44355,157.683,14.8363,152.357,1,1,-102,-12,6,38,40,10,28367105,262,1,102,13499,
317.388,2880.61,51.4796,7.44365,158.729,14.6178,152.016,1,1,-99,-11,6,41,43,7,28368386,262,1,32,13499,
318.395,2894.99,51.4795,7.44375,159.734,14.3507,151.364,1,1,-99,-11,6,41,43,7,28368386,262,1,32,13499,
319.376,2909.39,51.4794,7.44385,160.462,14.2534,151.416,1,3,-101,-11,10,39,41,7,28368386,262,1,32,13499,
320.4,2924.21,51.4793,7.44395,160.624,14.2287,150.77,1,3,-101,-11,10,39,41,7,28368386,262,1,32,13499,
321.405,2938.87,51.4792,7.44406,160.761,14.2319,151.18,1,3,-97,-10,10,43,43,7,28368386,262,1,32,13499,
322.398,2952.86,51.4791,7.44416,160.49,14.1364,151.525,1,3,-97,-10,10,43,43,7,28368386,262,1,32,13499,
323.398,2967.36,51.4789,7.44427,160.441,14.276,151.724,1,5,-102,-12,8,38,40,7,28368386,262,1,32,13499,
324.398,2982.08,51.4788,7.44438,160.641,14.3301,151.634,1,5,-102,-12,8,38,40,7,28368386,262,1,32,13499,
325.381,2996.37,51.4787,7.44448,161.264,14.2797,151.44,1,-1,-106,-13,7,34,38,7,28368386,262,1,32,13499,
326.404,3011.34,51.4786,7.44458,161.111,14.286,151.415,1,-1,-106,-13,7,34,38,7,28368386,262,1,32,13499,
327.408,3025.76,51.4785,7.44469,161.308,14.4794,151.412,1,-2,-102,-11,6,38,40,13,28367105,262,1,102,13499,
328.382,3040.46,51.4784,7.44478,161.397,14.5223,151.371,1,-2,-102,-11,6,38,40,13,28367105,262,1,102,13499,
329.411,3054.11,51.4783,7.44488,161.882,14.4005,151.694,1,4,-103,-10,8,37,39,13,28367105,262,1,102,13499,
330.398,3069.48,51.4781,7.44499,162.13,14.3118,151.443,1,4,-103,-10,8,37,39,13,28367105,262,1,102,13499,
331.377,3083,51.478,7.44508,162.068,14.1989,151.609,1,0,-102,-9,6,38,38,7,28368384,262,1,31,13499,
332.394,3096.37,51.4779,7.44517,162.466,14.1765,151.585,1,0,-102,-9,6,38,38,7,28368384,262,1,31,13499,
333.395,3111.28,51.4778,7.44528,162.595,14.2046,151.306,1,7,-102,-10,9,38,39,7,28368384,262,1,31,13499,
334.406,3111.28,51.4777,7.44542,nan,14.1904,151.386,1,7,-102,-10,9,38,39,7,28368384,262,1,31,13499,
335.384,3111.28,51.4776,7.44548,162.348,14.0832,151.61,1,7,-102,-10,9,38,39,7,28368384,262,1,31,13499,
336.374,3125.51,51.4775,7.44557,162.139,14.0351,151.558,1,1,-97,-8,8,43,41,7,28368384,262,1,31,13499,
337.41,3139.33,51.4774,7.44566,162.05,13.9038,151.574,1,1,-97,-8,8,43,41,7,28368384,262,1,31,13499,
338.408,3153.67,51.4772,7.44576,162.049,13.7954,151.407,1,8,-95,-7,7,45,42,7,28368384,262,1,31,13499,
339.384,3167.51,51.4771,7.44586,161.998,13.7416,151.529,1,8,-95,-7,7,45,42,7,28368384,262,1,31,13499,
340.416,3179.68,51.477,7.44594,162.419,13.4794,151.468,1,10,-93,-8,9,47,46,7,28368384,262,1,31,13499,
341.381,3193.45,51.4769,7.44603,162.299,13.2746,151.854,1,10,-93,-8,9,47,46,7,28368384,262,1,31,13499,
342.414,3206.61,51.4768,7.44612,161.961,12.8625,151.696,1,-1,-97,-9,7,43,43,7,28368384,262,1,31,13499,
343.381,3219.55,51.4767,7.4462,161.591,12.0871,151.502,1,-1,-97,-9,7,43,43,7,28368384,262,1,31,13499,
344.404,3230.23,51.4766,7.44627,161.697,10.8807,151.794,1,7,-91,-7,10,49,45,12,29568768,262,1,415,13499,
345.376,3240.36,51.4766,7.44634,161.149,9.47937,151.605,1,7,-91,-7,10,49,45,12,29568768,262,1,415,13499,
346.384,3248.64,51.4765,7.44641,160.568,8.18408,152.056,1,10,-89,-6,13,51,47,12,29568768,262,1,415,13499,
347.387,3255.53,51.4764,7.44645,160.19,7.02788,152.512,1,10,-89,-6,13,51,47,12,29568768,262,1,415,13499,
348.39,3261.83,51.4764,7.4465,160.077,6.41596,152.323,1,13,-88,-6,14,52,49,12,29568768,262,1,415,13499,
349.389,3267.58,51.4763,7.44654,160.131,5.48502,151.659,1,13,-88,-6,14,52,49,12,29568768,262,1,415,13499,
350.383,3272.41,51.4763,7.44658,160.432,4.31839,151.634,1,9,-88,-7,10,52,49,12,29568768,262,1,415,13499,
351.384,3275.76,51.4763,7.4466,160.474,1.78784,152.079,1,9,-88,-7,10,52,49,12,29568768,262,1,415,13499,
352.383,3277.4,51.4763,7.44661,160.555,0.840281,152.079,1,13,-89,-6,14,51,49,12,29568768,262,1,415,13499,
353.401,3277.4,51.4763,7.44661,160.56,0,152.079,1,13,-89,-6,14,51,49,12,29568768,262,1,415,13499,
354.409,3277.4,51.4763,7.44694,nan,0,152.079,1,12,-88,-6,12,52,50,12,29568768,262,1,415,13499,
355.379,3277.4,51.4763,7.44661,160.57,0,152.079,1,12,-88,-6,12,52,50,12,29568768,262,1,415,13499,
356.382,3277.4,51.4763,7.44661,160.576,0,153.731,1,13,-87,-5,14,53,51,12,29568768,262,1,415,13499,
357.376,3284.12,51.4762,7.44665,160.566,0,153.39,1,13,-87,-5,14,53,51,12,29568768,262,1,415,13499,
358.376,3289.06,51.4762,7.44668,160.14,4.93147,152.603,1,13,-87,-5,14,53,51,12,29568768,262,1,415,13499,
359.42,3293.35,51.4761,7.44671,160.029,4.65343,152.227,1,15,-86,-6,11,54,51,12,29568768,262,1,415,13499,
360.39,3298.66,51.4761,7.44674,160.031,5.20123,152.145,1,15,-86,-6,11,54,51,12,29568768,262,1,415,13499,
361.418,3304.76,51.476,7.44678,160.078,6.63569,152.181,1,13,-86,-6,10,54,52,12,29568768,262,1,415,13499,
362.39,3312.35,51.476,7.44683,160.199,7.63686,151.512,1,13,-86,-6,10,54,52,12,29568768,262,1,415,13499,
363.396,3320.32,51.4759,7.44688,160.364,8.13514,151.697,1,13,-84,-6,10,56,53,12,29568768,262,1,415,13499,
364.512,3328.1,51.4759,7.44694,160.943,8.75021,151.591,1,13,-84,-6,10,56,53,12,29568768,262,1,415,13499,
365.384,3336.23,51.4758,7.447,161.703,9.38492,151.719,1,15,-84,-6,11,56,53,12,29568768,262,1,415,13499,
366.411,3344.7,51.4757,7.44706,162.308,9.57352,152.268,1,15,-84,-6,11,56,53,12,29568768,262,1,415,13499,
367.416,3352.81,51.4757,7.44712,163.01,9.78835,151.621,1,12,-84,-5,10,56,51,12,29568768,262,1,415,13499,
368.409,3361.33,51.4756,7.44719,163.717,9.6987,151.268,1,12,-84,-5,10,56,51,12,29568768,262,1,415,13499,
369.382,3370.15,51.4755,7.44726,164.268,9.61463,150.225,1,8,-90,-6,10,50,48,12,29568768,262,1,415,13499,
370.414,3379.61,51.4755,7.44733,164.804,8.8785,149.643,1,8,-90,-6,10,50,48,12,29568768,262,1,415,13499,
371.381,3388.73,51.4754,7.44741,165.021,8.39433,148.976,1,-2,-89,-7,6,51,49,7,28368384,262,1,31,13499,
372.413,3397.62,51.4753,7.44748,165.276,8.59273,148.478,1,-2,-89,-7,6,51,49,7,28368384,262,1,31,13499,
373.408,3405.77,51.4753,7.44754,165.372,8.25685,147.825,1,5,-95,-7,10,45,42,7,28368384,262,1,31,13499,
374.417,3413.97,51.4752,7.44761,165.499,8.07758,147.066,1,5,-95,-7,10,45,42,7,28368384,262,1,31,13499,
375.426,3428,51.4751,7.44764,164.2,8.03459,146.438,1,7,-97,-8,9,43,42,7,28368384,262,1,31,13499,
376.378,3434.54,51.4751,7.44773,165.524,8.09677,145.748,1,7,-97,-8,9,43,42,7,28368384,262,1,31,13499,
377.38,3442.48,51.475,7.4478,165.3,7.92122,144.712,1,-1,-100,-10,7,40,41,7,28368384,262,1,31,13499,
378.398,3450.18,51.475,7.44787,164.985,7.7832,143.961,1,-1,-100,-10,7,40,41,7,28368384,262,1,31,13499,
379.396,3457.88,51.4749,7.44793,164.841,7.5094,143.412,1,-1,-100,-10,7,40,41,7,28368384,262,1,31,13499,
380.394,3465.3,51.4749,7.448,164.728,7.18286,143.04,1,0,-100,-10,8,40,42,7,28368384,262,1,31,13499,
381.387,3472.91,51.4748,7.44806,164.697,7.7073,142.242,1,0,-100,-10,8,40,42,7,28368384,262,1,31,13499,
382.394,3480.71,51.4747,7.44813,164.519,8.33031,141.769,1,3,-98,-9,9,42,42,7,28368384,262,1,31,13499,
383.401,3489.43,51.4747,7.44821,164.262,8.99861,141.149,1,3,-98,-9,9,42,42,7,28368384,262,1,31,13499,
384.391,3498.61,51.4746,7.4483,163.963,9.75629,140.841,1,3,-97,-8,6,43,42,7,28368384,262,1,31,13499,
385.392,3508.97,51.4745,7.44839,163.994,10.3842,140.939,1,3,-97,-8,6,43,42,7,28368384,262,1,31,13499,
386.394,3519.33,51.4745,7.44849,163.953,10.6774,140.495,1,-3,-100,-12,2,40,42,7,28368384,262,1,31,13499,
387.371,3530.06,51.4744,7.44858,163.949,10.8073,140.473,1,-3,-100,-12,2,40,42,7,28368384,262,1,31,13499,
388.377,3541.17,51.4743,7.44869,163.666,11.3217,139.943,1,6,-96,-7,2,44,43,7,28368384,262,1,31,13499,
389.378,3552.57,51.4742,7.44879,163.459,11.8039,139.654,1,6,-96,-7,2,44,43,7,28368384,262,1,31,13499,
390.39,3564.6,51.4742,7.4489,162.899,11.4327,139.325,1,2,-94,-8,2,46,45,7,28368384,262,1,31,13499,
391.403,3575.14,51.4741,7.449,162.743,11.3622,138.821,1,2,-94,-8,2,46,45,7,28368384,262,1,31,13499,
392.404,3587.16,51.474,7.44911,162.615,11.4513,138.383,1,-6,-92,-8,2,48,47,7,28368384,262,1,31,13499,
393.403,3598.34,51.4739,7.44922,162.739,11.1097,137.583,1,-6,-92,-8,2,48,47,7,28368384,262,1,31,13499,
394.411,3608.95,51.4739,7.44933,163.092,10.8598,136.429,1,12,-88,-7,2,52,50,7,29568768,262,1,415,13499,
395.432,3620.33,51.4738,7.44944,162.973,10.7279,135.357,1,12,-88,-7,2,52,50,7,29568768,262,1,415,13499,
396.387,3631.37,51.4737,7.44956,162.558,10.921,134.159,1,16,-81,-5,11,59,57,6,29568768,262,1,415,13499,
397.387,3642.09,51.4737,7.44967,162.169,10.9974,133.073,1,16,-81,-5,11,59,57,6,29568768,262,1,415,13499,
398.383,3654.27,51.4736,7.44981,161.898,11.6308,131.874,1,20,-81,-5,12,59,57,6,29568768,262,1,415,13499,
399.4,3666.11,51.4735,7.44994,161.686,12.1777,130.696,1,20,-81,-5,12,59,57,6,29568768,262,1,415,13499,
400.385,3678.25,51.4734,7.45007,161.682,12.5107,129.503,1,20,-81,-5,12,59,57,6,29568768,262,1,415,13499,
401.379,3691.33,51.4734,7.45022,162.051,12.6765,128.169,1,12,-84,-6,12,56,53,6,29568768,262,1,415,13499,
402.404,3704.12,51.4733,7.45037,162.632,12.9343,126.912,1,12,-84,-6,12,56,53,6,29568768,262,1,415,13499,
403.388,3717.42,51.4732,7.45053,163.224,13.3905,125.817,1,19,-80,-5,12,60,56,6,29568768,262,1,415,13499,
404.416,3731.83,51.4732,7.4507,163.593,13.7019,124.94,1,19,-80,-5,12,60,56,6,29568768,262,1,415,13499,
405.412,3745.28,51.4731,7.45087,163.719,13.5067,123.328,1,18,-79,-5,15,61,56,6,29568768,262,1,415,13499,
406.404,3758.47,51.473,7.45104,163.851,13.2865,121.238,1,18,-79,-5,15,61,56,6,29568768,262,1,415,13499,
407.394,3771.88,51.473,7.45121,164.122,13.2896,119.333,1,25,-78,-5,14,62,58,6,29568768,262,1,415,13499,
408.389,3785.34,51.4729,7.45139,164.176,13.2316,117.635,1,25,-78,-5,14,62,58,6,29568768,262,1,415,13499,
409.392,3798.42,51.4729,7.45156,164.426,13.2112,115.92,1,18,-81,-5,12,59,55,6,29568768,262,1,415,13499,
410.382,3811.72,51.4729,7.45174,164.728,13.6431,114.262,1,18,-81,-5,12,59,55,6,29568768,262,1,415,13499,
411.418,3826.32,51.4728,7.45194,165.011,14.2154,112.899,1,25,-81,-5,9,59,56,6,29568768,262,1,415,13499,
412.386,3838.88,51.4728,7.45211,164.834,14.1117,111.011,1,25,-81,-5,9,59,56,6,29568768,262,1,415,13499,
413.395,3852.55,51.4727,7.4523,164.823,14.0697,109.241,1,26,-75,-5,15,65,60,6,29568768,262,1,415,13499,
414.381,3867.26,51.4727,7.4525,164.631,14.288,108.042,1,26,-75,-5,15,65,60,6,29568768,262,1,415,13499,
415.388,3881.32,51.4727,7.4527,164.429,14.1277,106.606,1,23,-74,-5,13,66,61,6,29568768,262,1,415,13499,
416.399,3895.29,51.4726,7.45289,164.45,13.7985,105.792,1,23,-74,-5,13,66,61,6,29568768,262,1,415,13499,
417.401,3908.55,51.4726,7.45308,164.392,13.9998,105.003,1,18,-82,-5,11,58,54,6,29568768,262,1,415,13499,
418.396,3922.66,51.4726,7.45328,164.459,14.0859,105.099,1,18,-82,-5,11,58,54,6,29568768,262,1,415,13499,
419.389,3936.61,51.4726,7.45348,164.318,13.8198,104.628,1,16,-78,-5,9,62,58,6,29568768,262,1,415,13499,
420.389,3950.13,51.4725,7.45367,164.098,13.8508,105.068,1,16,-78,-5,9,62,58,6,29568768,262,1,415,13499,
421.401,3963.55,51.4725,7.45386,164.12,14.143,104.953,1,17,-83,-6,10,57,53,6,29568768,262,1,415,13499,
422.389,3978.1,51.4725,7.45406,164.057,14.4357,104.984,1,17,-83,-6,10,57,53,6,29568768,262,1,415,13499,
423.385,3992.16,51.4724,7.45426,164.082,14.1617,105.976,1,14,-81,-6,12,59,57,6,29568768,262,1,415,13499,
424.408,4006.16,51.4724,7.45445,164.093,13.805,106.384,1,14,-81,-6,12,59,57,6,29568768,262,1,415,13499,
425.399,4019.8,51.4724,7.45464,164.138,13.5528,107.015,1,14,-81,-6,12,59,57,6,29568768,262,1,415,13499,
426.392,4033.74,51.4723,7.45484,164.262,13.4071,107.755,1,18,-81,-5,10,59,55,6,29568768,262,1,415,13499,
427.376,4047.05,51.4723,7.45502,164.448,13.3397,108.289,1,18,-81,-5,10,59,55,6,29568768,262,1,415,13499,
428.389,4059.92,51.4723,7.45519,164.176,13.3146,108.936,1,34,-81,-5,12,59,56,6,29568768,262,1,415,13499,
429.413,4072.82,51.4722,7.45537,163.615,13.0593,109.539,1,34,-81,-5,12,59,56,6,29568768,262,1,415,13499,
430.409,4085.17,51.4722,7.45553,163.156,12.8868,110.273,1,10,-82,-5,11,58,53,6,29568768,262,1,415,13499,
431.397,4097.7,51.4721,7.4557,162.566,12.6435,111.087,1,10,-82,-5,11,58,53,6,29568768,262,1,415,13499,
432.373,4110.62,51.4721,7.45588,161.89,12.4424,111.752,1,13,-87,-6,12,53,50,6,29568768,262,1,415,13499,
433.416,4122.68,51.4721,7.45603,161.225,12.3421,112.479,1,13,-87,-6,12,53,50,6,29568768,262,1,415,13499,
434.379,4134.92,51.472,7.4562,160.852,12.3494,113.182,1,14,-89,-6,2,51,50,6,29568768,262,1,415,13499,
435.39,4148.08,51.472,7.45637,160.305,12.6668,113.543,1,14,-89,-6,2,51,50,6,29568768,262,1,415,13499,
436.408,4160.38,51.4719,7.45653,159.7,12.8278,114.335,1,16,-85,-6,11,55,51,4,29568768,262,1,415,13499,
437.393,4172.8,51.4719,7.45669,159.235,12.6396,114.186,1,16,-85,-6,11,55,51,4,29568768,262,1,415,13499,
438.393,4185.82,51.4718,7.45686,158.624,12.2531,114.533,1,18,-83,-5,11,57,53,4,29568768,262,1,415,13499,
439.412,4197.77,51.4718,7.45702,158.057,11.6821,114.971,1,18,-83,-5,11,57,53,4,29568768,262,1,415,13499,
440.39,4209.04,51.4717,7.45716,157.571,11.0523,115.515,1,11,-89,-6,14,51,49,4,29568768,262,1,415,13499,
441.39,4219.9,51.4717,7.45731,157.393,10.9118,116.499,1,11,-89,-6,14,51,49,4,29568768,262,1,415,13499,
442.399,4231.28,51.4716,7.45745,157.477,11.5636,117.427,1,17,-86,-6,11,54,51,4,29568768,262,1,415,13499,
443.407,4242.93,51.4716,7.4576,157.394,12.2085,117.913,1,17,-86,-6,11,54,51,4,29568768,262,1,415,13499,
444.386,4253.92,51.4715,7.45774,157.136,11.162,116.936,1,17,-86,-6,10,54,50,4,29568768,262,1,415,13499,
445.41,4264.05,51.4715,7.45787,156.908,9.40599,116.913,1,17,-86,-6,10,54,50,4,29568768,262,1,415,13499,
446.39,4272.71,51.4715,7.45799,156.802,7.56601,116.093,1,16,-85,-6,10,55,53,4,29568768,262,1,415,13499,
447.393,4279.24,51.4714,7.45807,156.611,5.77837,115.532,1,16,-85,-6,10,55,53,4,29568768,262,1,415,13499,
448.374,4285.06,51.4714,7.45815,156.605,4.84881,115.873,1,11,-90,-7,14,50,48,4,29568768,262,1,415,13499,
449.387,4289.15,51.4714,7.4582,156.309,4.32732,115.999,1,11,-90,-7,14,50,48,4,29568768,262,1,415,13499,
450.394,4293.06,51.4714,7.45825,156.267,3.77106,115.532,1,16,-83,-6,2,57,54,4,29568768,262,1,415,13499,
451.387,4296.32,51.4714,7.45829,156.255,3.39749,115.598,1,16,-83,-6,2,57,54,4,29568768,262,1,415,13499,
452.412,4299.3,51.4714,7.45833,156.241,2.43472,115.264,1,16,-83,-6,2,57,54,4,29568768,262,1,415,13499,
453.41,4301.16,51.4713,7.45835,156.269,1.43082,114.333,1,11,-86,-7,2,54,53,4,29568768,262,1,415,13499,
454.388,4302.49,51.4713,7.45837,156.301,0.712003,114.333,1,11,-86,-7,2,54,53,4,29568768,262,1,415,13499,
455.397,4302.49,51.4716,7.45869,nan,0,114.333,1,14,-87,-7,2,53,51,4,29568768,262,1,415,13499,
456.413,4302.49,51.4713,7.45837,156.311,0,114.333,1,14,-87,-7,2,53,51,4,29568768,262,1,415,13499,
457.39,4302.49,51.4713,7.45837,156.318,0,114.333,1,16,-89,-7,2,51,50,4,29568768,262,1,415,13499,
458.387,4302.49,51.4713,7.45837,156.328,0,114.333,1,16,-89,-7,2,51,50,4,29568768,262,1,415,13499,
459.41,4302.49,51.4713,7.45837,156.338,0,114.333,1,16,-89,-8,2,51,50,4,29568768,262,1,415,13499,
460.422,4302.49,51.4713,7.45837,156.35,0,114.333,1,16,-89,-8,2,51,50,4,29568768,262,1,415,13499,
461.411,4302.49,51.4713,7.45837,156.361,0,114.333,1,15,-89,-8,2,51,50,4,29568768,262,1,415,13499,
462.412,4302.49,51.4713,7.45837,156.374,0,114.333,1,15,-89,-8,2,51,50,4,29568768,262,1,415,13499,
463.398,4302.49,51.4713,7.45837,156.388,0,114.333,1,15,-89,-8,2,51,50,4,29568768,262,1,415,13499,
464.446,4302.49,51.4713,7.45837,156.404,0,114.333,1,15,-89,-8,2,51,50,4,29568768,262,1,415,13499,
465.4,4302.49,51.4713,7.45837,156.422,0,114.333,1,12,-89,-8,2,51,50,4,29568768,262,1,415,13499,
466.405,4302.49,51.4713,7.45837,156.437,0,114.333,1,12,-89,-8,2,51,50,4,29568768,262,1,415,13499,
467.427,4302.49,51.4713,7.45837,156.45,0,114.333,1,19,-89,-8,2,51,50,4,29568768,262,1,415,13499,
468.375,4302.49,51.4713,7.45837,156.462,0,114.333,1,19,-89,-8,2,51,50,4,29568768,262,1,415,13499,
469.385,4302.49,51.4713,7.45837,156.473,0,114.333,1,17,-89,-8,2,51,50,4,29568768,262,1,415,13499,
470.39,4302.49,51.4713,7.45837,156.482,0,114.333,1,17,-89,-8,2,51,50,4,29568768,262,1,415,13499,
471.401,4302.49,51.4713,7.45837,156.489,0,114.333,1,16,-89,-8,2,51,50,4,29568768,262,1,415,13499,
472.385,4302.49,51.4713,7.45837,156.495,0,114.333,1,16,-89,-8,2,51,50,4,29568768,262,1,415,13499,
473.38,4302.49,51.4713,7.45837,156.5,0,114.333,1,16,-89,-8,2,51,50,4,29568768,262,1,415,13499,
474.385,4302.49,51.4713,7.45837,156.503,0,114.333,1,16,-89,-8,2,51,50,4,29568768,262,1,415,13499,
475.409,4302.49,51.4717,7.45871,nan,0,114.333,1,16,-89,-8,2,51,50,4,29568768,262,1,415,13499,
476.392,4302.49,51.4713,7.45837,156.518,0,114.333,1,16,-89,-8,2,51,50,4,29568768,262,1,415,13499,
477.403,4302.49,51.4713,7.45837,156.526,0,114.333,1,16,-89,-8,2,51,50,4,29568768,262,1,415,13499,
478.389,4302.49,51.4713,7.45837,156.533,0,114.333,1,18,-89,-8,2,51,50,4,29568768,262,1,415,13499,
479.401,4302.49,51.4713,7.45837,156.539,0,114.333,1,18,-89,-8,2,51,50,4,29568768,262,1,415,13499,
480.385,4302.49,51.4713,7.45837,156.545,0,114.333,1,17,-89,-8,2,51,50,4,29568768,262,1,415,13499,
481.394,4302.49,51.4713,7.45837,156.548,0,114.333,1,17,-89,-8,2,51,50,4,29568768,262,1,415,13499,
482.378,4302.49,51.4713,7.45837,156.551,0,114.333,1,16,-89,-8,2,51,50,4,29568768,262,1,415,13499,
483.384,4302.49,51.4713,7.45837,156.552,0,114.333,1,16,-89,-8,2,51,50,4,29568768,262,1,415,13499,
484.377,4302.49,51.4713,7.45837,156.553,0,114.333,1,14,-89,-8,2,51,50,4,29568768,262,1,415,13499,
485.386,4302.49,51.4713,7.45837,156.553,0,114.333,1,14,-89,-8,2,51,50,4,29568768,262,1,415,13499,
486.406,4302.49,51.4713,7.45837,156.553,0,114.333,1,17,-89,-8,2,51,50,4,29568768,262,1,415,13499,
487.392,4302.49,51.4713,7.45837,156.551,0,114.333,1,17,-89,-8,2,51,50,4,29568768,262,1,415,13499,
488.385,4302.49,51.4713,7.45837,156.549,0,114.333,1,16,-89,-8,2,51,50,4,29568768,262,1,415,13499,
489.383,4302.49,51.4713,7.45837,156.546,0,114.333,1,16,-89,-8,2,51,50,4,29568768,262,1,415,13499,
490.386,4302.49,51.4713,7.45837,156.542,0,114.333,1,16,-89,-8,2,51,50,4,29568768,262,1,415,13499,
491.381,4302.49,51.4713,7.45837,156.537,0,114.333,1,16,-89,-8,2,51,50,4,29568768,262,1,415,13499,
492.389,4302.49,51.4713,7.45837,156.532,0,114.333,1,16,-89,-8,2,51,50,4,29568768,262,1,415,13499,
493.388,4302.49,51.4713,7.45837,156.526,0,114.333,1,16,-89,-8,2,51,50,4,29568768,262,1,415,13499,
494.409,4302.49,51.4713,7.45837,156.521,0,114.333,1,15,-89,-8,2,51,51,4,29568768,262,1,415,13499,
495.426,4302.49,51.4716,7.45851,nan,0,114.333,1,15,-89,-8,2,51,51,4,29568768,262,1,415,13499,
496.532,4302.49,51.4713,7.45837,156.51,0,114.333,1,18,-89,-8,2,51,50,4,29568768,262,1,415,13499,
497.379,4302.49,51.4713,7.45837,156.506,0,114.333,1,18,-89,-8,2,51,50,4,29568768,262,1,415,13499,
498.391,4302.49,51.4713,7.45837,156.502,0,114.333,1,15,-89,-8,12,51,49,4,29568768,262,1,415,13499,
499.395,4302.49,51.4713,7.45837,156.5,0,114.333,1,15,-89,-8,12,51,49,4,29568768,262,1,415,13499,
500.382,4302.49,51.4713,7.45837,156.499,0,114.333,1,15,-89,-8,12,51,49,4,29568768,262,1,415,13499,
501.388,4302.49,51.4713,7.45837,156.5,0,114.333,1,14,-89,-8,10,51,50,4,29568768,262,1,415,13499,
502.403,4302.49,51.4713,7.45837,156.502,0,114.333,1,14,-89,-8,10,51,50,4,29568768,262,1,415,13499,
503.408,4302.49,51.4713,7.45837,156.506,0,114.333,1,14,-89,-7,14,51,50,4,29568768,262,1,415,13499,
504.375,4302.49,51.4713,7.45837,156.512,0,114.333,1,14,-89,-7,14,51,50,4,29568768,262,1,415,13499,
505.38,4302.49,51.4713,7.45837,156.52,0,114.333,1,16,-89,-8,10,51,50,4,29568768,262,1,415,13499,
506.386,4302.49,51.4713,7.45837,156.529,0,114.333,1,16,-89,-8,10,51,50,4,29568768,262,1,415,13499,
507.387,4302.49,51.4713,7.45837,156.538,0,114.333,1,16,-89,-8,10,51,50,4,29568768,262,1,415,13499,
508.383,4302.49,51.4713,7.45837,156.548,0,114.333,1,16,-89,-8,10,51,50,4,29568768,262,1,415,13499,
509.38,4302.49,51.4713,7.45837,156.558,0,114.333,1,19,-89,-8,14,51,50,4,29568768,262,1,415,13499,
510.398,4302.49,51.4713,7.45837,156.568,0,114.333,1,19,-89,-8,14,51,50,4,29568768,262,1,415,13499,
511.406,4302.49,51.4713,7.45837,156.578,0,114.333,1,20,-88,-7,14,52,50,4,29568768,262,1,415,13499,
512.394,4302.49,51.4713,7.45837,156.588,0,114.333,1,20,-88,-7,14,52,50,4,29568768,262,1,415,13499,
513.406,4302.49,51.4713,7.45837,156.598,0,114.333,1,15,-88,-7,10,52,50,4,29568768,262,1,415,13499,
514.411,4302.49,51.4713,7.45837,156.609,0,114.333,1,15,-88,-7,10,52,50,4,29568768,262,1,415,13499,
515.384,4302.49,51.4717,7.45875,nan,0,114.333,1,16,-88,-8,2,52,51,4,29568768,262,1,415,13499,
516.41,4302.49,51.4713,7.45837,156.632,0,114.333,1,16,-88,-8,2,52,51,4,29568768,262,1,415,13499,
517.385,4302.49,51.4713,7.45837,156.644,0,114.333,1,17,-89,-7,2,51,50,4,29568768,262,1,415,13499,
518.41,4302.49,51.4713,7.45837,156.657,0,114.333,1,17,-89,-7,2,51,50,4,29568768,262,1,415,13499,
519.417,4302.49,51.4713,7.45837,156.67,0,114.333,1,13,-89,-9,2,51,51,4,29568768,262,1,415,13499,
520.381,4302.49,51.4713,7.45837,156.684,0,114.333,1,13,-89,-9,2,51,51,4,29568768,262,1,415,13499,
521.43,4302.49,51.4713,7.45837,156.701,0,114.333,1,15,-89,-9,2,51,51,4,29568768,262,1,415,13499,
522.398,4302.49,51.4713,7.45837,156.715,0,114.333,1,15,-89,-9,2,51,51,4,29568768,262,1,415,13499,
523.384,4302.49,51.4713,7.45837,156.732,0,114.333,1,10,-89,-8,11,51,50,4,29568768,262,1,415,13499,
524.384,4302.49,51.4713,7.45837,156.747,0,114.333,1,10,-89,-8,11,51,50,4,29568768,262,1,415,13499,
525.394,4302.49,51.4713,7.45837,156.764,0,114.333,1,13,-89,-8,6,51,51,4,29568768,262,1,415,13499,
526.399,4302.49,51.4713,7.45837,156.782,0,114.333,1,13,-89,-8,6,51,51,4,29568768,262,1,415,13499,
527.378,4302.49,51.4713,7.45837,156.797,0,114.333,1,13,-89,-8,6,51,51,4,29568768,262,1,415,13499,
528.389,4302.49,51.4713,7.45837,156.811,0,114.333,1,14,-89,-8,12,51,50,4,29568768,262,1,415,13499,
529.395,4302.49,51.4713,7.45837,156.822,0,114.333,1,14,-89,-8,12,51,50,4,29568768,262,1,415,13499,
530.383,4302.49,51.4713,7.45837,156.832,0,114.333,1,7,-88,-7,9,52,50,4,29568768,262,1,415,13499,
531.398,4302.49,51.4713,7.45837,156.924,0,114.333,1,7,-88,-7,9,52,50,4,29568768,262,1,415,13499,
532.388,4302.49,51.4713,7.45837,157.093,0,114.333,1,13,-90,-8,15,50,49,4,29568768,262,1,415,13499,
533.418,4302.49,51.4713,7.45837,157.268,0,114.887,1,13,-90,-8,15,50,49,4,29568768,262,1,415,13499,
534.389,4308.39,51.4713,7.45845,157.395,0,115.258,1,14,-91,-8,14,49,48,4,29568768,262,1,415,13499,
535.391,4354.17,51.4717,7.45882,162,3.08762,115.816,1,14,-91,-8,14,49,48,4,29568768,262,1,415,13499,
536.403,4399.82,51.4713,7.45851,157.566,3.57641,116.332,1,11,-89,-7,14,51,49,4,29568768,262,1,415,13499,
537.404,4403.95,51.4713,7.45856,157.961,5.11043,116.739,1,11,-89,-7,14,51,49,4,29568768,262,1,415,13499,
538.383,4410.05,51.4713,7.45864,158.185,6.19929,116.346,1,12,-92,-7,2,48,46,4,29568768,262,1,415,13499,
539.39,4416.13,51.4712,7.45872,158.026,6.82883,115.612,1,12,-92,-7,2,48,46,4,29568768,262,1,415,13499,
540.395,4423.99,51.4712,7.45882,158.165,8.0955,114.948,1,9,-91,-8,2,49,47,4,29568768,262,1,415,13499,
541.381,4432.42,51.4712,7.45893,158.483,8.23125,115.457,1,9,-91,-8,2,49,47,4,29568768,262,1,415,13499,
542.374,4440.94,51.4711,7.45904,158.927,8.84483,116.305,1,9,-92,-8,2,48,48,4,29568768,262,1,415,13499,
543.383,4449.48,51.4711,7.45915,159.119,8.9398,116.627,1,9,-92,-8,2,48,48,4,29568768,262,1,415,13499,
544.385,4457.31,51.4711,7.45926,159.377,9.19277,116.45,1,11,-93,-9,2,47,47,4,29568768,262,1,415,13499,
545.394,4467.54,51.471,7.45939,159.547,10.5152,117.496,1,11,-93,-9,2,47,47,4,29568768,262,1,415,13499,
546.385,4478.93,51.471,7.45953,159.64,10.5816,116.571,1,6,-92,-8,2,48,48,4,29568769,262,1,416,13499,
547.407,4489.77,51.4709,7.45967,159.607,10.4932,115.97,1,6,-92,-8,2,48,48,4,29568769,262,1,416,13499,
548.404,4500.59,51.4709,7.45981,159.793,10.4585,114.996,1,3,-91,-8,2,49,48,4,29568769,262,1,416,13499,
549.393,4510.36,51.4709,7.45994,159.92,10.2362,113.72,1,3,-91,-8,2,49,48,4,29568769,262,1,416,13499,
550.401,4520.18,51.4708,7.46006,160.122,10.0571,112.854,1,2,-92,-9,2,48,48,4,29568769,262,1,416,13499,
551.401,4530.8,51.4708,7.4602,160.102,10.1708,112.202,1,2,-92,-9,2,48,48,4,29568769,262,1,416,13499,
552.382,4541.29,51.4707,7.46035,160.093,10.4672,111.322,1,2,-92,-9,2,48,48,4,29568769,262,1,416,13499,
553.393,4551.75,51.4707,7.46049,160.038,10.67,111.603,1,4,-95,-10,2,45,47,4,29568769,262,1,416,13499,
554.397,4562.78,51.4707,7.46063,160.452,10.7859,112.164,1,4,-95,-10,2,45,47,4,29568769,262,1,416,13499,
555.414,4574.19,51.4706,7.46078,161.02,11.116,113.121,1,4,-97,-10,2,43,45,4,29568769,262,1,416,13499,
556.393,4586.06,51.4706,7.46094,161.234,11.3804,113.702,1,4,-97,-10,2,43,45,4,29568769,262,1,416,13499,
557.378,4597.03,51.4705,7.46109,161.468,11.0877,114.539,1,5,-96,-11,7,44,45,6,29568769,262,1,416,13499,
558.386,4607.11,51.4705,7.46122,161.218,10.9476,114.944,1,5,-96,-11,7,44,45,6,29568769,262,1,416,13499,
559.391,4617.72,51.4705,7.46136,161.161,10.9234,115.297,1,-2,-97,-11,7,43,46,6,29568769,262,1,416,13499,
560.394,4627.61,51.4704,7.46149,160.904,11.0539,115.87,1,-2,-97,-11,7,43,46,6,29568769,262,1,416,13499,
561.386,4640.57,51.4704,7.46166,161.278,10.3949,117.04,1,0,-99,-11,7,41,43,6,29568769,262,1,416,13499,
562.387,4651.63,51.4703,7.4618,161.296,10.6247,115.982,1,0,-99,-11,7,41,43,6,29568769,262,1,416,13499,
563.389,4663.32,51.4703,7.46195,160.952,12.1638,115.788,1,-2,-100,-10,6,40,42,13,26378498,262,1,495,13499,
564.401,4675.93,51.4702,7.46212,160.693,12.7098,116.052,1,-2,-100,-10,6,40,42,13,26378498,262,1,495,13499,
565.408,4688.31,51.4702,7.46228,160.64,12.7387,115.626,1,3,-99,-9,8,41,41,13,26378498,262,1,495,13499,
566.391,4701.06,51.4701,7.46245,160.671,12.1127,115.172,1,3,-99,-9,8,41,41,13,26378498,262,1,495,13499,
567.391,4711.99,51.4701,7.46259,160.454,10.8235,114.98,1,4,-97,-9,9,43,43,13,26378498,262,1,495,13499,
568.382,4722.92,51.4701,7.46274,160.24,10.4723,115.735,1,4,-97,-9,9,43,43,13,26378498,262,1,495,13499,
569.393,4732.43,51.47,7.46286,160.027,10.1655,116.699,1,-1,-100,-10,7,40,41,13,26378498,262,1,495,13499,
570.389,4742.11,51.47,7.46299,159.657,10.0067,116.174,1,-1,-100,-10,7,40,41,13,26378498,262,1,495,13499,
571.398,4751.79,51.47,7.46311,159.145,10.4274,115.465,1,17,-101,-10,8,39,40,13,26378498,262,1,495,13499,
572.398,4762.62,51.4699,7.46326,158.517,11.3471,114.75,1,17,-101,-10,8,39,40,13,26378498,262,1,495,13499,
573.417,4774.33,51.4699,7.46341,157.962,12.3299,114.347,1,6,-99,-9,6,41,41,13,26378498,262,1,495,13499,
574.387,4786.73,51.4698,7.46358,157.576,12.6428,113.465,1,6,-99,-9,6,41,41,13,26378498,262,1,495,13499,
575.4,4786.73,51.4695,7.46379,nan,12.2712,111.823,1,6,-99,-9,6,41,41,13,26378498,262,1,495,13499,
576.384,4786.73,51.4698,7.4639,157.39,12.0273,111.015,1,5,-97,-8,7,43,43,13,26378498,262,1,495,13499,
577.386,4798.7,51.4697,7.46407,156.896,12.1776,110.091,1,5,-97,-8,7,43,43,13,26378498,262,1,495,13499,
578.376,4810.89,51.4697,7.46423,156.132,12.5131,109.455,1,6,-99,-10,9,41,42,13,26378498,262,1,495,13499,
579.396,4823.72,51.4696,7.46441,155.917,12.8469,108.179,1,6,-99,-10,9,41,42,13,26378498,262,1,495,13499,
580.376,4836.65,51.4696,7.46459,155.701,12.9035,106.956,1,9,-98,-9,7,42,42,13,26378498,262,1,495,13499,
581.404,4849.77,51.4696,7.46477,155.54,13.0674,105.584,1,9,-98,-9,7,42,42,13,26378498,262,1,495,13499,
582.38,4862.81,51.4696,7.46496,155.762,13.5586,104.457,1,4,-100,-10,9,40,41,13,26378498,262,1,495,13499,
583.413,4876.61,51.4695,7.46515,156.083,13.8053,103.323,1,4,-100,-10,9,40,41,13,26378498,262,1,495,13499,
584.397,4891.61,51.4695,7.46537,156.479,14.5585,101.993,1,16,-102,-11,9,38,40,13,26378498,262,1,495,13499,
585.384,4906.73,51.4695,7.46558,156.684,14.9819,100.095,1,16,-102,-11,9,38,40,13,26378498,262,1,495,13499,
586.394,4921.63,51.4695,7.4658,156.471,15.4718,98.5498,1,5,-96,-8,8,44,42,14,29401601,262,1,430,13499,
587.391,4937.51,51.4695,7.46603,156.156,15.6815,98.1008,1,5,-96,-8,8,44,42,14,29401601,262,1,430,13499,
588.411,4954.04,51.4695,7.46626,155.771,15.8662,95.8586,1,5,-96,-8,7,44,43,14,29401601,262,1,430,13499,
589.382,4969.79,51.4694,7.46649,155.564,16.2752,94.3669,1,5,-96,-8,7,44,43,14,29401601,262,1,430,13499,
590.392,4987.11,51.4694,7.46674,155.751,16.3682,92.3373,1,6,-95,-7,10,45,43,14,29401601,262,1,430,13499,
591.384,5003.09,51.4695,7.46697,155.802,16.1016,90.5053,1,6,-95,-7,10,45,43,14,29401601,262,1,430,13499,
592.385,5019.12,51.4695,7.4672,155.597,16.2093,88.636,1,1,-95,-7,7,45,43,14,29401601,262,1,430,13499,
593.398,5034.86,51.4695,7.46743,155.309,16.2076,87.2673,1,1,-95,-7,7,45,43,14,29401601,262,1,430,13499,
594.391,5051.33,51.4695,7.46767,155.219,16.1487,85.9841,1,6,-97,-8,10,43,41,14,29401601,262,1,430,13499,
595.391,5051.33,51.4694,7.46362,nan,16.2549,84.5995,1,6,-97,-8,10,43,41,14,29401601,262,1,430,13499,
596.382,5051.33,51.4695,7.46812,155.514,16.4476,83.3814,1,6,-97,-8,10,43,41,14,29401601,262,1,430,13499,
597.396,5068.9,51.4696,7.46837,155.815,16.9578,82.6004,1,6,-98,-9,8,42,41,14,29401601,262,1,430,13499,
598.397,5086.6,51.4696,7.46863,156.224,17.4168,82.2099,1,6,-98,-9,8,42,41,14,29401601,262,1,430,13499,
599.397,5104.13,51.4696,7.46887,156.585,17.7466,81.3698,1,3,-103,-9,8,37,37,14,29401601,262,1,430,13499,
600.402,5121.28,51.4697,7.46912,156.99,17.9059,80.8743,1,3,-103,-9,8,37,37,14,29401601,262,1,430,13499,
601.342,5121.28,51.4697,7.46912,156.99,17.9059,80.8743,1,2,-104,-11,2,36,37,14,29401601,262,1,430,13499,
602.348,5156.91,51.4697,7.46962,157.789,17.4039,79.9003,1,2,-104,-11,2,36,37,14,29401601,262,1,430,13499,
603.566,5174.42,51.4697,7.46987,158.081,17.7424,79.5191,1,7,-101,-9,2,39,39,14,29401601,262,1,430,13499,
604.416,5191.66,51.4698,7.47011,158.356,17.4996,80.2588,1,7,-101,-9,2,39,39,14,29401601,262,1,430,13499,
605.439,5191.66,51.4698,7.47011,158.356,17.4996,80.2588,1,6,-101,-9,2,39,39,14,29401601,262,1,430,13499,
606.418,5226.34,51.4698,7.47061,159.5,17.2846,82.1132,1,6,-101,-9,2,39,39,14,29401601,262,1,430,13499,
607.411,5243.62,51.4698,7.47086,160.306,17.0363,82.8086,1,4,-100,-9,2,40,40,14,29401601,262,1,430,13499,
608.403,5260,51.4699,7.47109,160.661,17.0156,84.0313,1,4,-100,-9,2,40,40,14,29401601,262,1,430,13499,
609.423,5277.77,51.4699,7.47135,161.188,16.9621,84.7571,1,7,-98,-8,2,42,41,14,29401601,262,1,430,13499,
610.406,5293.95,51.4699,7.47158,161.659,16.8872,86.5529,1,7,-98,-8,2,42,41,14,29401601,262,1,430,13499,
611.379,5311.26,51.4699,7.47183,162.041,16.856,87.9396,1,10,-98,-8,2,42,41,14,31263232,262,1,162,13499,
612.398,5328.26,51.4699,7.47208,162.395,17.3146,90.0345,1,10,-98,-8,2,42,41,14,31263232,262,1,162,13499,
613.408,5345.92,51.4699,7.47233,162.803,17.679,91.8548,1,5,-98,-7,2,42,41,14,31263232,262,1,162,13499,
614.391,5363.14,51.4699,7.47258,163.106,17.4956,93.6641,1,5,-98,-7,2,42,41,14,31263232,262,1,162,13499,
615.395,5363.14,51.4609,7.45659,nan,16.9427,96.1115,1,5,-99,-8,6,41,40,22,31263232,262,1,162,13499,
616.373,5363.14,51.4698,7.47305,163.503,17.3294,96.5336,1,5,-99,-8,6,41,40,22,31263232,262,1,162,13499,
617.394,5380.59,51.4698,7.4733,163.108,17.2693,97.2573,1,5,-99,-8,6,41,40,22,31263232,262,1,162,13499,
618.401,5397.73,51.4698,7.47354,162.404,17.2712,97.9305,1,2,-99,-9,8,41,41,22,31263232,262,1,162,13499,
619.387,5412.7,51.4697,7.47376,161.846,17.203,98.042,1,2,-99,-9,8,41,41,22,31263232,262,1,162,13499,
620.388,5429.89,51.4697,7.474,161.274,17.0378,98.2709,1,1,-101,-10,7,39,40,22,31263232,262,1,162,13499,
621.39,5446.13,51.4697,7.47423,160.748,16.1221,98.6266,1,1,-101,-10,7,39,40,22,31263232,262,1,162,13499,
622.38,5462.65,51.4697,7.47447,160.881,16.1565,97.732,1,-2,-102,-12,5,38,41,22,31263232,262,1,162,13499,
623.384,5479.16,51.4697,7.47471,161.102,16.0871,97.249,1,-2,-102,-12,5,38,41,22,31263232,262,1,162,13499,
624.346,5496.78,51.4696,7.47496,161.406,16.5533,96.5533,1,-1,-103,-11,6,37,39,22,31263232,262,1,162,13499,
625.389,5514.47,51.4696,7.47521,161.729,17.1438,95.7868,1,-1,-103,-11,6,37,39,22,31263232,262,1,162,13499,
626.417,5532.42,51.4696,7.47547,162.188,16.8956,94.826,1,-3,-99,-11,6,41,43,10,26378497,262,1,496,13499,
627.385,5550.77,51.4696,7.47574,162.949,17.2131,94.3224,1,-3,-99,-11,6,41,43,10,26378497,262,1,496,13499,
628.382,5567.98,51.4696,7.47598,163.684,17.4069,92.71,1,-1,-99,-11,6,41,44,10,26378497,262,1,496,13499,
629.392,5585.37,51.4696,7.47624,164.665,16.9064,92.3484,1,-1,-99,-11,6,41,44,10,26378497,262,1,496,13499,
630.395,5601.83,51.4696,7.47647,165.477,16.0524,90.3442,1,-3,-100,-12,5,40,43,10,26378497,262,1,496,13499,
631.39,5617.97,51.4696,7.47671,165.959,15.932,88.7377,1,-3,-100,-12,5,40,43,10,26378497,262,1,496,13499,
632.384,5633.5,51.4696,7.47693,166.147,16.0608,87.7497,1,-2,-100,-13,5,40,45,10,26378497,262,1,496,13499,
633.391,5649.51,51.4696,7.47716,166.458,15.3268,86.0064,1,-2,-100,-13,5,40,45,10,26378497,262,1,496,13499,
634.343,5664.9,51.4696,7.47738,166.803,14.8205,85.0723,1,-4,-99,-14,4,41,48,10,26378497,262,1,496,13499,
635.433,5664.9,51.4715,7.48691,nan,14.3486,83.2758,1,-4,-99,-14,4,41,48,10,26378497,262,1,496,13499,
636.4,5664.9,51.4696,7.47779,167.783,14.0988,81.7082,1,-4,-99,-14,4,41,48,10,26378497,262,1,496,13499,
637.381,5678.47,51.4697,7.47798,168.079,12.8534,79.2561,1,-2,-96,-12,6,44,48,10,26378497,262,1,496,13499,
638.389,5691.12,51.4697,7.47816,168.245,12.6282,78.0203,1,-2,-96,-12,6,44,48,10,26378497,262,1,496,13499,
639.391,5703.02,51.4697,7.47833,168.251,11.7856,77.5833,1,6,-92,-11,9,48,50,10,26378497,262,1,496,13499,
640.389,5714.14,51.4697,7.47849,168.196,10.7769,77.1864,1,6,-92,-11,9,48,50,10,26378497,262,1,496,13499,
641.584,5724.42,51.4698,7.47863,168.299,9.64403,76.2974,1,10,-89,-11,2,51,52,10,26378497,262,1,496,13499,
642.392,5734.28,51.4698,7.47877,168.747,8.37631,75.7142,1,10,-89,-11,2,51,52,10,26378497,262,1,496,13499,
643.4,5741.28,51.4698,7.47886,169.26,6.46754,75.2234,1,11,-86,-6,9,54,51,8,26378497,262,1,496,13499,
644.392,5747.21,51.4698,7.47895,169.685,4.90317,74.749,1,11,-86,-6,9,54,51,8,26378497,262,1,496,13499,
645.39,5751.16,51.4698,7.479,169.702,3.62303,75.6763,1,8,-85,-6,11,55,52,8,26378497,262,1,496,13499,
646.395,5754.88,51.4698,7.47905,169.751,2.59872,74.9951,1,8,-85,-6,11,55,52,8,26378497,262,1,496,13499,
647.387,5756.04,51.4699,7.47907,169.812,1.02049,74.9951,1,19,-82,-6,12,58,53,8,26378497,262,1,496,13499,
648.41,5756.04,51.4699,7.47907,169.82,0,74.9951,1,19,-82,-6,12,58,53,8,26378497,262,1,496,13499,
649.385,5756.04,51.4699,7.47907,169.825,0,74.9951,1,12,-82,-6,11,58,54,8,26378497,262,1,496,13499,
650.398,5756.04,51.4699,7.47907,169.831,0,74.9951,1,12,-82,-6,11,58,54,8,26378497,262,1,496,13499,
651.406,5756.04,51.4699,7.47907,169.836,0,74.9951,1,15,-83,-7,12,57,53,8,26378497,262,1,496,13499,
652.378,5756.04,51.4699,7.47907,169.842,0,74.9951,1,15,-83,-7,12,57,53,8,26378497,262,1,496,13499,
653.374,5756.04,51.4699,7.47907,169.848,0,74.9951,1,14,-83,-5,11,57,53,8,26378497,262,1,496,13499,
654.396,5756.04,51.4699,7.47907,169.854,0,74.9951,1,14,-83,-5,11,57,53,8,26378497,262,1,496,13499,
655.37,5756.04,51.4699,7.47907,169.859,0,74.9951,1,16,-83,-5,12,57,52,8,26378497,262,1,496,13499,
656.373,5756.04,51.4699,7.47907,169.864,0,74.9951,1,16,-83,-5,12,57,52,8,26378497,262,1,496,13499,
657.393,5756.04,51.4699,7.47907,169.867,0,74.9951,1,16,-83,-6,12,57,52,8,26378497,262,1,496,13499,
658.389,5756.04,51.4699,7.47907,169.872,0,74.9951,1,16,-83,-6,12,57,52,8,26378497,262,1,496,13499,
659.416,5756.04,51.4699,7.47907,169.878,0,74.9951,1,11,-84,-5,15,56,52,8,26378497,262,1,496,13499,
660.395,5756.04,51.4699,7.47907,169.885,0,74.9951,1,11,-84,-5,15,56,52,8,26378497,262,1,496,13499,
661.418,5756.04,51.4699,7.47907,169.893,0,74.9951,1,11,-84,-5,15,56,52,8,26378497,262,1,496,13499,
662.378,5756.04,51.4699,7.47907,169.901,0,74.9951,1,10,-84,-5,10,56,52,8,26378497,262,1,496,13499,
663.391,5756.04,51.4699,7.47907,169.91,0,74.9951,1,10,-84,-5,10,56,52,8,26378497,262,1,496,13499,
664.403,5756.04,51.4699,7.47907,169.92,0,74.9951,1,11,-83,-6,12,57,54,8,26378497,262,1,496,13499,
665.388,5756.04,51.4699,7.47907,169.93,0,74.9951,1,11,-83,-6,12,57,54,8,26378497,262,1,496,13499,
666.369,5756.04,51.4699,7.47907,169.942,0,74.9951,1,18,-83,-7,14,57,55,8,26378497,262,1,496,13499,
667.377,5756.04,51.4699,7.47907,169.953,0,74.9951,1,18,-83,-7,14,57,55,8,26378497,262,1,496,13499,
668.378,5756.04,51.4699,7.47907,169.964,0,74.9951,1,13,-83,-8,12,57,54,8,26378497,262,1,496,13499,
669.409,5756.04,51.4699,7.47907,169.975,0,74.9951,1,13,-83,-8,12,57,54,8,26378497,262,1,496,13499,
670.382,5756.04,51.4699,7.47907,169.987,0,74.9951,1,16,-83,-6,12,57,52,8,26378497,262,1,496,13499,
671.422,5756.04,51.4699,7.47907,169.998,0,74.9951,1,16,-83,-6,12,57,52,8,26378497,262,1,496,13499,
672.397,5756.04,51.4699,7.47907,170.112,0,74.0204,1,18,-84,-7,2,56,53,8,26378497,262,1,496,13499,
673.384,5756.04,51.4699,7.47907,170.229,0,75.6505,1,18,-84,-7,2,56,53,8,26378497,262,1,496,13499,
674.445,5765.21,51.4699,7.47919,171.074,5.49879,75.1855,1,15,-83,-6,2,57,53,8,26378497,262,1,496,13499,
675.369,5770.57,51.4699,7.47927,171.698,5.08186,74.2255,1,15,-83,-6,2,57,53,8,26378497,262,1,496,13499,
676.396,5776.27,51.4699,7.47935,172.288,5.72658,73.8318,1,18,-84,-6,11,56,52,8,26378497,262,1,496,13499,
677.393,5782.8,51.4699,7.47944,172.807,7.39683,73.2543,1,18,-84,-6,11,56,52,8,26378497,262,1,496,13499,
678.389,5790.56,51.4699,7.47954,173.295,8.78429,72.5873,1,17,-82,-7,13,58,54,8,26378497,262,1,496,13499,
679.391,5800.14,51.47,7.47967,173.582,9.78932,72.2544,1,17,-82,-7,13,58,54,8,26378497,262,1,496,13499,
680.397,5809.78,51.47,7.4798,173.862,9.80272,72.3657,1,18,-80,-6,13,60,56,8,26378497,262,1,496,13499,
681.392,5820.61,51.47,7.47995,174.079,10.5695,72.9645,1,18,-80,-6,13,60,56,8,26378497,262,1,496,13499,
682.403,5832.08,51.4701,7.48011,174.32,11.7464,72.3332,1,16,-79,-8,13,61,58,8,26378497,262,1,496,13499,
683.393,5844.58,51.4701,7.48028,174.518,12.9033,71.5411,1,16,-79,-8,13,61,58,8,26378497,262,1,496,13499,
684.384,5858,51.4701,7.48046,174.69,13.5542,71.1247,1,16,-79,-8,13,61,58,8,26378497,262,1,496,13499,
685.376,5871.31,51.4702,7.48064,174.952,13.2761,71.6661,1,7,-90,-8,9,50,48,8,26378497,262,1,496,13499,
686.405,5882.91,51.4702,7.4808,174.601,13.0018,72.3578,1,7,-90,-8,9,50,48,8,26378497,262,1,496,13499,
687.389,5896.57,51.4703,7.48099,174.445,13.1433,72.487,1,15,-87,-8,11,53,52,8,26378497,262,1,496,13499,
688.41,5909.21,51.4703,7.48116,174.487,12.158,73.1664,1,15,-87,-8,11,53,52,8,26378497,262,1,496,13499,
689.38,5919.1,51.4703,7.4813,174.007,10.2085,72.5227,1,10,-92,-8,10,48,47,8,26378497,262,1,496,13499,
690.388,5927.54,51.4703,7.48142,173.581,7.46989,74.4552,1,10,-92,-8,10,48,47,8,26378497,262,1,496,13499,
691.42,5933.99,51.4703,7.48151,173.839,6.65408,113.173,1,10,-91,-10,2,49,51,8,26378497,262,1,496,13499,
692.41,5941.79,51.4703,7.48158,173.802,7.26906,141.079,1,10,-91,-10,2,49,51,8,26378497,262,1,496,13499,
693.384,5952.72,51.4702,7.48166,174.147,8.73116,159.158,1,11,-90,-9,2,50,50,8,26378497,262,1,496,13499,
694.413,5962.61,51.4701,7.48171,174.367,9.8442,159.878,1,11,-90,-9,2,50,50,8,26378497,262,1,496,13499,
695.394,5973.16,51.47,7.48176,174.645,10.711,160.914,1,9,-91,-8,2,49,48,8,26378497,262,1,496,13499,
696.375,5984.37,51.4699,7.4818,174.589,11.098,161.845,1,9,-91,-8,2,49,48,8,26378497,262,1,496,13499,
697.376,5996.16,51.4698,7.48185,174.578,11.7924,162.777,1,4,-94,-10,9,46,47,9,26378497,262,1,496,13499,
698.382,6008.33,51.4697,7.4819,174.588,12.1459,163.572,1,4,-94,-10,9,46,47,9,26378497,262,1,496,13499,
699.409,6021.26,51.4696,7.48195,174.786,12.556,164.084,1,7,-93,-8,11,47,46,9,26378497,262,1,496,13499,
700.41,6034.99,51.4695,7.482,175.355,13.3091,163.974,1,7,-93,-8,11,47,46,9,26378497,262,1,496,13499,
701.424,6047.24,51.4694,7.48204,175.776,12.4743,164.97,1,10,-93,-9,9,47,48,9,26378497,262,1,496,13499,
702.382,6060.89,51.4692,7.48209,176.145,13.4624,165.659,1,10,-93,-9,9,47,48,9,26378497,262,1,496,13499,
703.406,6074.18,51.4691,7.48213,176.156,13.9675,166.848,1,3,-93,-10,9,47,50,9,26378497,262,1,496,13499,
704.393,6087.67,51.469,7.48218,176.04,14.3069,167.823,1,3,-93,-10,9,47,50,9,26378497,262,1,496,13499,
705.384,6101.62,51.4689,7.48222,175.942,14.2949,167.239,1,4,-94,-10,7,46,49,9,26378497,262,1,496,13499,
706.402,6115.22,51.4688,7.48226,175.717,14.1382,166.237,1,4,-94,-10,7,46,49,9,26378497,262,1,496,13499,
707.397,6128.67,51.4686,7.4823,175.443,13.7888,165.398,1,8,-95,-11,10,45,49,9,26378497,262,1,496,13499,
708.382,6142.53,51.4685,7.48235,175.205,13.5891,164.344,1,8,-95,-11,10,45,49,9,26378497,262,1,496,13499,
709.403,6156.11,51.4684,7.48241,174.93,13.1464,163.744,1,1,-100,-11,7,40,43,9,26378497,262,1,496,13499,
710.402,6169.08,51.4683,7.48245,174.877,12.5754,164.639,1,1,-100,-11,7,40,43,9,26378497,262,1,496,13499,
711.384,6181.35,51.4682,7.4825,174.762,12.3391,165.455,1,2,-99,-9,2,41,42,9,26378497,262,1,496,13499,
712.41,6194.1,51.4681,7.48254,174.483,11.93,165.827,1,2,-99,-9,2,41,42,9,26378497,262,1,496,13499,
713.407,6205.9,51.468,7.48258,174.194,11.1624,166.204,1,2,-99,-9,2,41,42,9,26378497,262,1,496,13499,
714.385,6216.1,51.4679,7.48261,173.961,9.30691,166.919,1,5,-100,-10,2,40,41,9,28371200,262,1,68,13499,
715.387,6216.1,51.4678,7.4826,nan,7.00017,167.475,1,5,-100,-10,2,40,41,9,28371200,262,1,68,13499,
716.389,6216.1,51.4677,7.48266,174.092,7.06229,166.579,1,1,-101,-10,2,39,41,9,28371200,262,1,68,13499,
717.383,6223.82,51.4677,7.48269,174.904,7.16804,167.662,1,1,-101,-10,2,39,41,9,28371200,262,1,68,13499,
718.374,6232.61,51.4676,7.48271,175.338,8.49967,168.354,1,5,-102,-10,2,38,39,9,28371200,262,1,68,13499,
719.386,6243.25,51.4675,7.48274,175.721,11.3316,169.368,1,5,-102,-10,2,38,39,9,28371200,262,1,68,13499,
720.42,6255.48,51.4674,7.48276,175.453,12.2999,172.106,1,4,-100,-9,2,40,40,9,28371200,262,1,68,13499,
721.41,6267.48,51.4673,7.48277,175.567,12.565,174.098,1,4,-100,-9,2,40,40,9,28371200,262,1,68,13499,
722.378,6280.84,51.4672,7.48278,175.528,13.4169,176.402,1,4,-100,-7,2,40,39,9,28371200,262,1,68,13499,
723.387,6294.93,51.467,7.48279,175.339,14.4702,178.477,1,4,-100,-7,2,40,39,9,28371200,262,1,68,13499,
724.409,6310.03,51.4669,7.48278,174.892,14.7903,180.559,1,9,-99,-7,2,41,40,9,28371200,262,1,68,13499,
725.403,6325.63,51.4668,7.48275,173.998,14.6991,183.944,1,9,-99,-7,2,41,40,9,28371200,262,1,68,13499,
726.366,6341.33,51.4666,7.4827,172.845,15.1781,187.902,1,2,-99,-8,2,41,41,9,28371200,262,1,68,13499,
727.378,6355.65,51.4665,7.48264,171.898,14.464,190.674,1,2,-99,-8,2,41,41,9,28371200,262,1,68,13499,
728.395,6371.95,51.4664,7.48258,171.537,15.2647,192.824,1,4,-100,-10,2,40,41,9,28371200,262,1,68,13499,
729.39,6388.08,51.4662,7.48251,170.946,15.7278,193.861,1,4,-100,-10,2,40,41,9,28371200,262,1,68,13499,
730.389,6402.84,51.4661,7.48243,170.536,15.6606,195.838,1,1,-100,-10,2,40,41,9,28371200,262,1,68,13499,
731.405,6416.61,51.466,7.48237,169.879,14.5951,196.657,1,1,-100,-10,2,40,41,9,28371200,262,1,68,13499,
732.389,6431.98,51.4659,7.48229,169.072,15.0032,198.773,1,-3,-105,-10,2,35,36,9,30492930,262,1,176,13499,
733.382,6450.72,51.4657,7.48221,168.371,17.8908,195.854,1,-3,-105,-10,2,35,36,9,30492930,262,1,176,13499,
734.381,6468.08,51.4655,7.48213,167.388,16.6845,197.257,1,-1,-108,-11,2,32,34,9,30492930,262,1,176,13499,
735.356,6486.34,51.4654,7.48203,166.897,16.2635,200.351,1,-1,-108,-11,2,32,34,9,30492930,262,1,176,13499,
736.376,6503.83,51.4652,7.48194,166.485,16.1108,200.921,1,0,-103,-14,4,37,42,16,26378497,262,1,496,13499,
737.37,6519.72,51.4651,7.48184,166.531,15.5295,201.612,1,0,-103,-14,4,37,42,16,26378497,262,1,496,13499,
738.388,6535.65,51.465,7.48174,166.483,15.2255,201.736,1,0,-102,-12,7,38,40,16,26378497,262,1,496,13499,
739.39,6550.89,51.4649,7.48164,166.078,14.001,200.977,1,0,-102,-12,7,38,40,16,26378497,262,1,496,13499,
740.401,6566.65,51.4647,7.48155,166.424,15.4196,200.507,1,-1,-102,-11,5,38,40,16,26378497,262,1,496,13499,
741.407,6581.77,51.4646,7.48147,166.857,14.6242,199.573,1,-1,-102,-11,5,38,40,16,26378497,262,1,496,13499,
742.389,6597.39,51.4645,7.48139,167.497,13.8532,198.801,1,-1,-102,-11,5,38,40,16,26378497,262,1,496,13499,
743.378,6612.29,51.4643,7.48131,168.199,13.6684,198.156,1,-3,-106,-11,5,34,37,16,26378497,262,1,496,13499,
744.391,6626.79,51.4642,7.48124,168.9,13.4289,197.508,1,-3,-106,-11,5,34,37,16,26378497,262,1,496,13499,
745.402,6640.01,51.4641,7.48118,169.186,13.9466,197.105,1,-4,-106,-11,6,34,36,16,28371200,262,1,68,13499,
746.392,6653.97,51.464,7.48111,169.306,14.8955,197.851,1,-4,-106,-11,6,34,36,16,28371200,262,1,68,13499,
747.396,6667.33,51.4639,7.48103,169.829,13.6759,197.346,1,4,-106,-10,7,34,36,16,28371200,262,1,68,13499,
748.398,6680.34,51.4638,7.48097,170.604,13.4224,196.538,1,4,-106,-10,7,34,36,16,28371200,262,1,68,13499,
749.401,6693.58,51.4637,7.48091,170.907,13.5301,196.323,1,2,-111,-12,6,29,33,16,28371200,262,1,68,13499,
750.389,6706.46,51.4636,7.48085,171.019,13.663,196.327,1,2,-111,-12,6,29,33,16,28371200,262,1,68,13499,
751.397,6717.65,51.4635,7.48081,171.377,11.8901,195.857,1,-2,-112,-13,6,28,33,16,28371200,262,1,68,13499,
752.406,6729.1,51.4634,7.48076,172.067,11.6558,195.238,1,-2,-112,-13,6,28,33,16,28371200,262,1,68,13499,
753.402,6740.96,51.4633,7.48071,172.727,12.3736,196.25,1,-1,-99,-9,8,41,33,15,28371206,262,1,129,13499,
754.391,6752.9,51.4632,7.48066,173.033,12.4474,196.993,1,-1,-99,-9,8,41,33,15,28371206,262,1,129,13499,
755.416,6769.13,51.463,7.48053,174.6,11.6485,197.701,1,-3,-102,-11,3,38,34,15,28371206,262,1,129,13499,
756.408,6777.56,51.463,7.48055,173.58,9.54166,197.566,1,-3,-102,-11,3,38,34,15,28371206,262,1,129,13499,
757.389,6785.74,51.4629,7.48052,173.925,8.08906,197.063,1,3,-99,-11,8,41,36,15,28371206,262,1,129,13499,
758.397,6793.88,51.4628,7.48048,174.125,7.19291,197.547,1,3,-99,-11,8,41,36,15,28371206,262,1,129,13499,
759.377,6799.89,51.4628,7.48045,174.488,6.09763,197.945,1,2,-101,-12,7,39,34,15,28371206,262,1,129,13499,
760.397,6805.36,51.4627,7.48043,174.677,4.81057,197.327,1,2,-101,-12,7,39,34,15,28371206,262,1,129,13499,
761.415,6810.21,51.4627,7.48041,174.706,3.62491,196.44,1,4,-97,-11,8,43,38,15,28371206,262,1,129,13499,
762.418,6813.53,51.4626,7.48039,174.764,2.93899,196.806,1,4,-97,-11,8,43,38,15,28371206,262,1,129,13499,
763.388,6816.91,51.4626,7.48038,174.872,3.99316,197.943,1,4,-97,-11,8,43,38,15,28371206,262,1,129,13499,
764.366,6822.45,51.4626,7.48035,175.813,5.77744,197.759,1,-3,-98,-11,5,42,36,15,28371206,262,1,129,13499,
765.405,6828.58,51.4625,7.48033,176.588,5.91281,196.766,1,-3,-98,-11,5,42,36,15,28371206,262,1,129,13499,
766.422,6835.13,51.4625,7.4803,177.626,6.6673,196.034,1,-2,-97,-10,7,43,36,15,28371206,262,1,129,13499,
767.382,6842.12,51.4624,7.48026,178.186,5.21511,198.191,1,-2,-97,-10,7,43,36,15,28371206,262,1,129,13499,
768.403,6847.41,51.4624,7.48023,178.494,4.3413,198.389,1,3,-92,-7,11,48,37,26,29568778,262,1,353,13499,
769.403,6851.54,51.4623,7.48021,178.514,3.45857,198.749,1,3,-92,-7,11,48,37,26,29568778,262,1,353,13499,
770.394,6853.3,51.4623,7.4802,178.518,2.49633,197.063,1,7,-95,-8,11,45,34,26,29568778,262,1,353,13499,
771.406,6854.5,51.4623,7.4802,178.512,2.13872,196.816,1,7,-95,-8,11,45,34,26,29568778,262,1,353,13499,
772.387,6856.21,51.4623,7.4802,178.488,1.55505,183.278,1,8,-100,-10,6,40,33,26,29568778,262,1,353,13499,
773.404,6857.9,51.4623,7.4802,178.427,0.73322,183.278,1,8,-100,-10,6,40,33,26,29568778,262,1,353,13499,
774.409,6857.9,51.4623,7.4802,178.42,0,183.278,1,1,-100,-11,7,40,33,26,29568778,262,1,353,13499,
775.391,6857.9,51.4623,7.48018,nan,0,183.278,1,1,-100,-11,7,40,33,26,29568778,262,1,353,13499,
776.391,6857.9,51.4623,7.4802,178.433,0,183.278,1,1,-99,-11,8,41,32,26,29568778,262,1,353,13499,
777.385,6857.9,51.4623,7.4802,178.462,0,183.278,1,1,-99,-11,8,41,32,26,29568778,262,1,353,13499,
778.41,6857.9,51.4623,7.4802,178.487,0,192.439,1,4,-101,-10,9,39,32,26,29568778,262,1,353,13499,
779.407,6865.93,51.4622,7.48017,178.483,0,190.174,1,4,-101,-10,9,39,32,26,29568778,262,1,353,13499,
780.41,6871.49,51.4622,7.48015,178.629,6.20638,191.529,1,-1,-100,-10,5,40,33,26,29568778,262,1,353,13499,
781.41,6876.62,51.4621,7.48014,178.632,5.68556,191.177,1,-1,-100,-10,5,40,33,26,29568778,262,1,353,13499,
782.535,6881.33,51.4621,7.48016,178.76,5.10607,156.879,1,4,-91,-7,2,49,37,26,29568778,262,1,353,13499,
783.38,6885.84,51.4621,7.48022,178.49,6.93655,113.702,1,4,-91,-7,2,49,37,26,29568778,262,1,353,13499,
784.413,6893.16,51.462,7.48032,177.602,7.97786,95.2819,1,4,-100,-11,7,40,34,26,29568778,262,1,353,13499,
785.385,6903.1,51.462,7.48047,177.039,9.65934,94.7413,1,4,-100,-11,7,40,34,26,29568778,262,1,353,13499,
786.41,6913.49,51.462,7.48062,176.835,10.8615,93.6371,1,3,-101,-10,9,39,33,26,29568778,262,1,353,13499,
787.39,6926.05,51.462,7.4808,176.694,11.8269,92.5962,1,3,-101,-10,9,39,33,26,29568778,262,1,353,13499,
788.405,6937.64,51.462,7.48097,176.609,11.5881,91.5947,1,3,-101,-10,9,39,33,26,29568778,262,1,353,13499,
789.389,6949.51,51.462,7.48114,176.474,11.5511,91.2464,1,4,-99,-9,5,41,33,26,29568778,262,1,353,13499,
790.399,6961.09,51.462,7.48131,176.089,12.5597,90.829,1,4,-99,-9,5,41,33,26,29568778,262,1,353,13499,
791.384,6972.97,51.462,7.48148,175.346,13.3936,90.8866,1,1,-105,-13,6,35,31,26,29568778,262,1,353,13499,
792.393,6986.05,51.462,7.48167,174.591,13.3135,91.3837,1,1,-105,-13,6,35,31,26,29568778,262,1,353,13499,
793.402,6999.49,51.462,7.48186,174.18,13.3388,90.636,1,1,-108,-12,6,32,29,26,29568778,262,1,353,13499,
794.402,7013.52,51.462,7.48206,174.021,13.5989,91.0844,1,1,-108,-12,6,32,29,26,29568778,262,1,353,13499,
795.399,7013.52,51.462,7.48218,nan,13.806,90.5028,1,-1,-106,-12,6,34,30,26,29568778,262,1,353,13499,
796.432,7013.52,51.462,7.48244,174.079,13.6234,90.1216,1,-1,-106,-12,6,34,30,26,29568778,262,1,353,13499,
797.415,7026.8,51.462,7.48264,174.05,13.5008,89.7207,1,-1,-109,-14,5,31,30,26,29568778,262,1,353,13499,
798.402,7041.08,51.462,7.48284,173.856,13.7783,90.0539,1,-1,-109,-14,5,31,30,26,29568778,262,1,353,13499,
799.408,7054.81,51.462,7.48304,173.88,13.9073,90.6448,1,0,-100,-11,4,40,35,26,29568778,262,1,353,13499,
800.412,7067.39,51.462,7.48322,173.984,13.4237,92.292,1,0,-100,-11,4,40,35,26,29568778,262,1,353,13499,
801.418,7079.81,51.462,7.4834,174.313,12.0851,94.5551,1,-4,-99,-11,4,41,37,26,29568778,262,1,353,13499,
802.4,7092.22,51.462,7.48358,173.916,11.5495,96.3237,1,-4,-99,-11,4,41,37,26,29568778,262,1,353,13499,
803.39,7105.39,51.462,7.48377,173.08,11.6747,97.5319,1,-2,-103,-10,6,37,31,12,28371206,262,1,129,13499,
804.398,7117.54,51.462,7.48394,173.967,11.7648,95.9625,1,-2,-103,-10,6,37,31,12,28371206,262,1,129,13499,
805.39,7126.12,51.462,7.48407,174.876,7.76899,99.5415,1,16,-87,-6,15,53,44,12,28371206,262,1,129,13499,
806.426,7133.92,51.462,7.48415,176.048,9.09097,129.689,1,16,-87,-6,15,53,44,12,28371206,262,1,129,13499,
807.407,7141.13,51.4619,7.4842,178.06,8.95428,150.325,1,12,-89,-7,8,51,43,12,28371206,262,1,129,13499,
808.404,7150.39,51.4618,7.48425,179.905,10.7381,163.567,1,12,-89,-7,8,51,43,12,28371206,262,1,129,13499,
809.378,7161.86,51.4617,7.4843,182.071,11.9613,164.344,1,15,-88,-7,9,52,42,12,28371206,262,1,129,13499,
810.391,7173.07,51.4616,7.48434,183.896,12.4381,164.937,1,15,-88,-7,9,52,42,12,28371206,262,1,129,13499,
811.397,7185.49,51.4615,7.48438,185.602,13.3376,166.226,1,11,-90,-8,10,50,42,12,28371206,262,1,129,13499,
812.396,7199.59,51.4614,7.48443,186.888,14.1537,167.647,1,11,-90,-8,10,50,42,12,28371206,262,1,129,13499,
813.389,7213.05,51.4613,7.48446,187.721,13.9034,169.383,1,11,-90,-8,10,50,42,12,28371206,262,1,129,13499,
814.404,7227.11,51.4611,7.48449,188.512,14.0216,170.849,1,7,-89,-10,8,51,45,12,28371206,262,1,129,13499,
815.376,7241.31,51.461,7.48451,189.297,14.1306,172.346,1,7,-89,-10,8,51,45,12,28371206,262,1,129,13499,
816.412,7256.46,51.4609,7.48453,190.225,14.4495,174.405,1,16,-88,-10,10,52,47,12,28371206,262,1,129,13499,
817.394,7271.49,51.4607,7.48453,190.63,14.5711,176.185,1,16,-88,-10,10,52,47,12,28371206,262,1,129,13499,
818.381,7286.17,51.4606,7.48454,190.821,15.0493,177.363,1,3,-85,-9,10,55,48,12,28371206,262,1,129,13499,
819.408,7300.63,51.4605,7.48453,191.313,15.3126,178.723,1,3,-85,-9,10,55,48,12,28371206,262,1,129,13499,
820.387,7316.4,51.4603,7.48452,191.94,15.7968,180.788,1,11,-91,-10,7,49,42,12,28371206,262,1,129,13499,
821.381,7332.46,51.4602,7.4845,192.51,16.2191,182.729,1,11,-91,-10,7,49,42,12,28371206,262,1,129,13499,
822.419,7348.91,51.46,7.48448,192.833,16.697,184.317,1,7,-94,-11,6,46,40,12,28371206,262,1,129,13499,
823.393,7365.37,51.4599,7.48445,193.282,16.9139,185.61,1,7,-94,-11,6,46,40,12,28371206,262,1,129,13499,
824.406,7382.84,51.4597,7.48441,193.555,17.0195,186.964,1,4,-98,-11,7,42,38,12,28371206,262,1,129,13499,
825.394,7400.71,51.4596,7.48437,194.273,16.5217,187.89,1,4,-98,-11,7,42,38,12,28371206,262,1,129,13499,
826.374,7418.31,51.4594,7.48432,195.094,15.6631,188.823,1,-1,-96,-13,5,44,40,12,28371206,262,1,129,13499,
827.377,7434.7,51.4593,7.48426,196.052,15.4562,189.691,1,-1,-96,-13,5,44,40,12,28371206,262,1,129,13499,
828.39,7450.96,51.4591,7.48421,197.232,15.5761,190.337,1,10,-91,-10,10,49,42,12,28371206,262,1,129,13499,
829.389,7467.5,51.459,7.48416,198.276,15.8296,190.648,1,10,-91,-10,10,49,42,12,28371206,262,1,129,13499,
830.387,7484.27,51.4589,7.48411,198.791,16.1848,191.493,1,4,-93,-11,8,47,43,12,28371206,262,1,129,13499,
831.395,7499.78,51.4587,7.48406,199.772,15.3763,190.815,1,4,-93,-11,8,47,43,12,28371206,262,1,129,13499,
832.389,7513.65,51.4586,7.48402,200.593,14.3399,191.457,1,4,-91,-11,8,49,44,12,28371206,262,1,129,13499,
833.412,7528.17,51.4585,7.48397,201.61,13.3382,190.91,1,4,-91,-11,8,49,44,12,28371206,262,1,129,13499,
834.376,7541.96,51.4583,7.48393,202.57,13.5025,191.028,1,3,-101,-12,2,39,41,12,28371200,262,1,68,13499,
835.382,7541.96,51.4584,7.48477,nan,13.4845,190.961,1,3,-101,-12,2,39,41,12,28371200,262,1,68,13499,
836.386,7541.96,51.4581,7.48386,203.395,13.5902,190.779,1,3,-99,-11,2,41,43,12,28371200,262,1,68,13499,
837.403,7554.84,51.458,7.48382,204.314,13.2704,191.276,1,3,-99,-11,2,41,43,12,28371200,262,1,68,13499,
838.41,7568.15,51.4579,7.48378,205.076,13.4476,192.023,1,3,-99,-11,2,41,43,12,28371200,262,1,68,13499,
839.402,7580.76,51.4578,7.48374,205.897,14.3858,191.309,1,4,-97,-11,2,43,45,12,28371200,262,1,68,13499,
840.401,7594.58,51.4576,7.48369,206.58,14.0354,191.787,1,4,-97,-11,2,43,45,12,28371200,262,1,68,13499,
841.403,7608.28,51.4575,7.48365,207.138,14.1328,191.666,1,8,-96,-10,2,44,46,12,28371200,262,1,68,13499,
842.371,7621.72,51.4574,7.48361,207.889,13.5772,192.194,1,8,-96,-10,2,44,46,12,28371200,262,1,68,13499,
843.4,7636.6,51.4573,7.48357,208.232,13.8834,192.389,1,4,-95,-9,2,45,47,12,28371200,262,1,68,13499,
844.39,7651.43,51.4571,7.48352,208.549,14.6499,191.912,1,4,-95,-9,2,45,47,12,28371200,262,1,68,13499,
845.388,7665.78,51.457,7.48348,209.03,14.9148,191.554,1,11,-94,-9,2,46,47,12,28371200,262,1,68,13499,
846.402,7680.59,51.4569,7.48343,209.612,15.124,191.112,1,11,-94,-9,2,46,47,12,28371200,262,1,68,13499,
847.383,7695.45,51.4567,7.48339,210.011,15.0709,190.515,1,16,-94,-10,2,46,48,12,28371200,262,1,68,13499,
848.392,7710.97,51.4566,7.48335,210.413,15.4247,189.853,1,16,-94,-10,2,46,48,12,28371200,262,1,68,13499,
849.387,7726.3,51.4565,7.48331,210.858,15.1482,189.445,1,9,-92,-11,2,48,51,12,28371200,262,1,68,13499,
850.413,7741.78,51.4563,7.48328,211.519,14.9561,188.284,1,9,-92,-11,2,48,51,12,28371200,262,1,68,13499,
851.391,7757.09,51.4562,7.48325,211.983,15.0092,187.112,1,10,-92,-11,2,48,51,12,28371200,262,1,68,13499,
852.401,7771.89,51.4561,7.48324,213.031,15.0028,186.073,1,10,-92,-11,2,48,51,12,28371200,262,1,68,13499,
853.37,7786.79,51.4559,7.48323,214.175,15.0674,184.788,1,5,-91,-9,2,49,49,12,28371202,262,1,67,13499,
854.388,7802.38,51.4558,7.48323,215.123,15.2844,183.16,1,5,-91,-9,2,49,49,12,28371202,262,1,67,13499,
855.388,7802.38,51.4531,7.48492,nan,15.4153,181.675,1,6,-89,-8,2,51,49,12,28371202,262,1,67,13499,
856.399,7802.38,51.4555,7.48324,216.383,15.497,179.922,1,6,-89,-8,2,51,49,12,28371202,262,1,67,13499,
857.401,7818.59,51.4554,7.48326,217.14,15.7625,177.886,1,9,-91,-8,2,49,48,12,28371202,262,1,67,13499,
858.394,7833.2,51.4552,7.48329,218.36,15.8404,176.63,1,9,-91,-8,2,49,48,12,28371202,262,1,67,13499,
859.392,7849.24,51.4551,7.48332,219.479,16.3297,174.202,1,20,-91,-8,2,49,47,12,28371202,262,1,67,13499,
860.388,7865.7,51.4549,7.48337,220.41,16.5748,170.903,1,20,-91,-8,2,49,47,12,28371202,262,1,67,13499,
861.395,7882.53,51.4548,7.48343,221.449,16.9627,168.479,1,20,-91,-8,2,49,47,12,28371202,262,1,67,13499,
862.406,7900.02,51.4546,7.48351,222.446,16.867,165.706,1,11,-89,-7,2,51,48,12,28371202,262,1,67,13499,
863.394,7917.33,51.4545,7.4836,223.231,17.0073,162.611,1,11,-89,-7,2,51,48,12,28371202,262,1,67,13499,
864.39,7934.18,51.4544,7.4837,224.233,16.8913,159.373,1,12,-90,-6,2,50,47,12,28371202,262,1,67,13499,
865.398,7949.88,51.4542,7.48381,225.895,16.1283,155.901,1,12,-90,-6,2,50,47,12,28371202,262,1,67,13499,
866.419,7967.12,51.4541,7.48395,227.406,17.1084,152.12,1,8,-93,-7,2,47,45,12,28371202,262,1,67,13499,
867.377,7985.07,51.454,7.4841,228.649,16.9834,148.768,1,8,-93,-7,2,47,45,12,28371202,262,1,67,13499,
868.388,8004.44,51.4538,7.48427,229.709,16.8632,145.321,1,11,-93,-7,2,47,45,12,28371202,262,1,67,13499,
869.395,8023.64,51.4537,7.48445,230.366,16.9326,142.883,1,11,-93,-7,2,47,45,12,28371202,262,1,67,13499,
870.392,8039.41,51.4536,7.48461,230.661,15.3764,139.368,1,18,-91,-6,2,49,46,12,28371202,262,1,67,13499,
871.376,8056.37,51.4535,7.48478,231.228,16.4015,137.5,1,18,-91,-6,2,49,46,12,28371202,262,1,67,13499,
872.38,8073.79,51.4534,7.48497,231.856,17.1373,135.708,1,20,-88,-6,2,52,49,12,28371202,262,1,67,13499,
873.384,8091.54,51.4533,7.48517,232.401,17.2597,133.839,1,20,-88,-6,2,52,49,12,28371202,262,1,67,13499,
874.345,8109.41,51.4532,7.48536,233.26,17.2017,132.873,1,22,-88,-6,2,52,49,12,28371202,262,1,67,13499,
875.369,8109.41,51.4534,7.48611,nan,16.9025,132.215,1,22,-88,-6,2,52,49,12,28371202,262,1,67,13499,
876.36,8109.41,51.453,7.48575,234.458,17.0117,132.62,1,19,-84,-6,13,56,54,4,28371202,262,1,67,13499,
877.375,8125.57,51.4529,7.48593,235.281,16.4923,133.022,1,19,-84,-6,13,56,54,4,28371202,262,1,67,13499,
878.389,8142.43,51.4528,7.48611,235.833,16.3364,133.663,1,25,-82,-5,14,58,54,4,28371202,262,1,67,13499,
879.363,8158.74,51.4527,7.48628,236.427,16.5059,135.054,1,25,-82,-5,14,58,54,4,28371202,262,1,67,13499,
880.496,8174.48,51.4526,7.48644,237.355,16.4489,137.183,1,19,-83,-5,13,57,54,4,28371202,262,1,67,13499,
881.369,8190.04,51.4525,7.48659,238.171,16.2012,139.075,1,19,-83,-5,13,57,54,4,28371202,262,1,67,13499,
882.387,8205.71,51.4524,7.48673,239.248,16.3606,141.537,1,15,-86,-6,13,54,51,4,28371202,262,1,67,13499,
883.393,8222.21,51.4523,7.48687,239.961,16.1789,143.99,1,15,-86,-6,13,54,51,4,28371202,262,1,67,13499,
884.392,8237.56,51.4521,7.48699,241.016,16.231,146.283,1,15,-86,-6,13,54,51,4,28371202,262,1,67,13499,
885.394,8253.27,51.452,7.4871,242.069,16.2724,148.309,1,21,-85,-5,12,55,52,4,28371202,262,1,67,13499,
886.394,8269.94,51.4519,7.48721,243.047,15.7903,150.628,1,21,-85,-5,12,55,52,4,28371202,262,1,67,13499,
887.396,8286.83,51.4517,7.48732,243.864,15.7559,152.872,1,10,-88,-6,14,52,50,4,28371202,262,1,67,13499,
888.411,8303.51,51.4516,7.48742,244.395,15.7047,155.873,1,10,-88,-6,14,52,50,4,28371202,262,1,67,13499,
889.389,8320.21,51.4515,7.4875,244.807,16.2464,156.972,1,13,-88,-7,9,52,50,4,28371202,262,1,67,13499,
890.345,8336.33,51.4513,7.48759,245.327,15.3802,157.432,1,13,-88,-7,9,52,50,4,28371202,262,1,67,13499,
891.381,8352.01,51.4512,7.48768,245.68,15.4874,157.749,1,12,-90,-7,10,50,49,4,28371202,262,1,67,13499,
892.391,8366.59,51.4511,7.48775,245.971,15.0468,157.379,1,12,-90,-7,10,50,49,4,28371202,262,1,67,13499,
893.401,8380.8,51.451,7.48782,246.044,14.1302,158.191,1,13,-94,-7,10,46,44,4,28371202,262,1,67,13499,
894.399,8394.32,51.4508,7.48789,245.822,13.4043,158.682,1,13,-94,-7,10,46,44,4,28371202,262,1,67,13499,
