0.262,0,51.4904,7.41231,173.534,3.08458,72.9148,1,10,-92,-7,9,48,45,7,26385408,262,1,95,13499,
1.32,6.64453,51.4904,7.4124,173.511,3.36547,86.2966,1,10,-92,-7,9,48,45,7,26385408,262,1,95,13499,
2.318,14.3769,51.4904,7.41251,173.066,3.7288,76.9515,1,14,-91,-6,11,49,47,7,26385408,262,1,95,13499,
3.34,22.9199,51.4904,7.41263,173.444,8.8742,77.0637,1,14,-91,-6,11,49,47,7,26385408,262,1,95,13499,
4.337,32.332,51.4904,7.41276,174.069,9.73903,76.5116,1,19,-85,-5,12,55,52,7,26385408,262,1,95,13499,
5.33,42.9982,51.4905,7.41291,174.591,10.5588,76.9619,1,19,-85,-5,12,55,52,7,26385408,262,1,95,13499,
6.322,54.4095,51.4905,7.41307,175.304,11.5148,76.6038,1,12,-88,-7,9,52,50,7,26385408,262,1,95,13499,
7.327,66.4291,51.4905,7.41324,175.655,11.9447,76.9587,1,12,-88,-7,9,52,50,7,26385408,262,1,95,13499,
8.322,78.7025,51.4905,7.41342,175.194,12.3191,77.4336,1,16,-85,-5,13,55,53,7,26385408,262,1,95,13499,
9.335,91.4567,51.4905,7.4136,174.807,13.0759,77.8512,1,16,-85,-5,13,55,53,7,26385408,262,1,95,13499,
10.325,104.714,51.4906,7.41379,174.615,13.5682,77.9413,1,12,-85,-6,10,55,53,7,26385408,262,1,95,13499,
11.305,118.227,51.4906,7.41398,174.433,13.7922,78.7181,1,12,-85,-6,10,55,53,7,26385408,262,1,95,13499,
12.319,131.239,51.4906,7.41417,173.511,14.0939,78.0395,1,12,-85,-6,10,55,53,7,26385408,262,1,95,13499,
13.318,144.784,51.4906,7.41436,172.306,14.05,77.4299,1,12,-86,-8,10,54,53,7,26385408,262,1,95,13499,
14.313,158.627,51.4906,7.41456,171.418,13.9336,77.8739,1,12,-86,-8,10,54,53,7,26385408,262,1,95,13499,
15.295,172.423,51.4907,7.41475,170.619,13.895,78.4083,1,12,-84,-6,8,56,54,7,26385408,262,1,95,13499,
16.322,185.983,51.4907,7.41494,169.769,13.628,79.4398,1,12,-84,-6,8,56,54,7,26385408,262,1,95,13499,
17.324,199.337,51.4907,7.41514,168.996,13.7063,81.002,1,14,-85,-7,12,55,53,7,26385408,262,1,95,13499,
18.328,213.578,51.4907,7.41534,167.561,13.7602,82.5079,1,14,-85,-7,12,55,53,7,26385408,262,1,95,13499,
19.319,226.709,51.4907,7.41553,166.242,13.6611,83.8594,1,14,-82,-6,6,58,53,4,29391105,262,1,351,13499,
20.34,240.096,51.4907,7.41572,165.173,13.2612,85.7548,1,14,-82,-6,6,58,53,4,29391105,262,1,351,13499,
21.329,252.943,51.4907,7.41591,164.174,12.2421,88.109,1,21,-82,-6,15,58,53,4,29391105,262,1,351,13499,
22.291,264.061,51.4907,7.41607,163.218,10.866,90.7294,1,21,-82,-6,15,58,53,4,29391105,262,1,351,13499,
23.319,274.604,51.4907,7.41622,162.488,9.10929,93.3093,1,19,-84,-7,11,56,55,4,29391105,262,1,351,13499,
24.326,281.93,51.4907,7.41633,161.617,7.75523,95.434,1,19,-84,-7,11,56,55,4,29391105,262,1,351,13499,
25.327,288.775,51.4907,7.41642,160.686,6.61564,97.1092,1,23,-81,-6,10,59,56,4,29391105,262,1,351,13499,
26.307,294.183,51.4907,7.4165,159.622,4.5368,98.4178,1,23,-81,-6,10,59,56,4,29391105,262,1,351,13499,
27.36,296.897,51.4907,7.41653,159.536,2.00987,101.993,1,24,-82,-6,13,58,56,4,29391105,262,1,351,13499,
28.316,299.521,51.4906,7.41657,159.475,1.46019,118.634,1,24,-82,-6,13,58,56,4,29391105,262,1,351,13499,
29.346,303.549,51.4906,7.41662,159.467,1.71254,122.528,1,25,-81,-5,12,59,57,4,29391105,262,1,351,13499,
30.337,306.95,51.4906,7.41666,159.495,2.98122,123.003,1,25,-81,-5,12,59,57,4,29391105,262,1,351,13499,
31.327,310.323,51.4906,7.4167,159.973,4.41131,119.565,1,19,-83,-6,12,57,54,4,29391105,262,1,351,13499,
32.335,315.314,51.4906,7.41676,160.13,5.252,116.336,1,19,-83,-6,12,57,54,4,29391105,262,1,351,13499,
33.327,322.901,51.4905,7.41686,160.196,5.70424,113.212,1,15,-80,-6,12,60,57,4,29391105,262,1,351,13499,
34.319,327.667,51.4905,7.41692,159.569,6.24873,111.489,1,15,-80,-6,12,60,57,4,29391105,262,1,351,13499,
35.324,334.249,51.4905,7.41702,158.732,6.39777,88.1746,1,22,-78,-5,12,62,58,4,29391105,262,1,351,13499,
36.326,342.083,51.4906,7.41712,157.937,7.31307,53.3834,1,22,-78,-5,12,62,58,4,29391105,262,1,351,13499,
37.333,349.374,51.4906,7.41717,156.96,7.55085,20.9848,1,16,-88,-6,8,52,48,4,29391105,262,1,351,13499,
38.314,356.353,51.4907,7.41718,156.276,7.55692,354.996,1,16,-88,-6,8,52,48,4,29391105,262,1,351,13499,
39.341,364.711,51.4908,7.41716,155.726,8.00239,352.948,1,16,-88,-6,8,52,48,4,29391105,262,1,351,13499,
40.318,371.707,51.4908,7.41715,154.942,6.65853,353.487,1,13,-92,-7,11,48,47,4,29391105,262,1,351,13499,
41.341,378.775,51.4909,7.41718,154.061,6.76854,28.1379,1,13,-92,-7,11,48,47,4,29391105,262,1,351,13499,
42.322,386.193,51.4909,7.41726,153.295,6.20503,48.5116,1,8,-92,-7,7,48,46,4,29391105,262,1,351,13499,
43.304,391.651,51.4909,7.41734,153.054,6.12939,81.5706,1,8,-92,-7,7,48,46,4,29391105,262,1,351,13499,
44.321,399.015,51.4909,7.41744,152.851,8.09372,94.2338,1,8,-93,-8,12,47,46,4,29391105,262,1,351,13499,
45.34,408.701,51.4909,7.41758,152.683,9.28769,93.1751,1,8,-93,-8,12,47,46,4,29391105,262,1,351,13499,
46.322,417.832,51.4909,7.41772,152.585,9.73853,92.6425,1,13,-97,-7,11,43,41,4,29391105,262,1,351,13499,
47.321,428.323,51.4909,7.41787,152.39,10.0493,93.0082,1,13,-97,-7,11,43,41,4,29391105,262,1,351,13499,
48.353,438.767,51.4909,7.41802,152.111,10.3266,93.4223,1,13,-91,-6,13,49,47,4,29391105,262,1,351,13499,
49.321,449.362,51.4909,7.41817,151.299,10.6791,95.8153,1,13,-91,-6,13,49,47,4,29391105,262,1,351,13499,
50.308,460.616,51.4909,7.41833,150.341,10.9265,98.7124,1,13,-93,-7,12,47,44,4,29391105,262,1,351,13499,
51.352,471.555,51.4909,7.41848,149.543,11.261,102.242,1,13,-93,-7,12,47,44,4,29391105,262,1,351,13499,
52.316,482.703,51.4908,7.41862,149.016,11.3614,118.894,1,13,-94,-8,12,46,44,4,29391105,262,1,351,13499,
53.324,493.565,51.4908,7.41874,148.227,11.3239,131.589,1,13,-94,-8,12,46,44,4,29391105,262,1,351,13499,
54.315,504.828,51.4907,7.41885,147.63,11.2392,133.195,1,2,-102,-12,7,38,41,4,29391105,262,1,351,13499,
55.331,514.983,51.4906,7.41895,146.974,9.99045,134.141,1,2,-102,-12,7,38,41,4,29391105,262,1,351,13499,
56.33,524.659,51.4906,7.41905,146.704,8.25728,135.058,1,-1,-103,-11,7,37,40,4,29391105,262,1,351,13499,
57.326,533.6,51.4905,7.41913,146.634,6.95473,136.574,1,-1,-103,-11,7,37,40,4,29391105,262,1,351,13499,
58.304,541.605,51.4904,7.41921,147.003,6.5691,137.731,1,1,-99,-8,6,41,40,13,28365056,262,1,222,13499,
59.317,547.767,51.4904,7.41926,147.163,5.48431,137.588,1,1,-99,-8,6,41,40,13,28365056,262,1,222,13499,
60.335,554.008,51.4903,7.41932,147.538,5.22221,138.237,1,9,-99,-8,11,41,40,13,28365056,262,1,222,13499,
61.314,559.592,51.4903,7.41937,147.951,5.26192,137.879,1,9,-99,-8,11,41,40,13,28365056,262,1,222,13499,
62.314,565.309,51.4903,7.41942,148.29,5.44008,138.827,1,9,-99,-8,11,41,40,13,28365056,262,1,222,13499,
63.326,570.926,51.4902,7.41948,148.44,5.64022,138.458,1,10,-102,-10,7,38,39,13,28365056,262,1,222,13499,
64.324,576.851,51.4902,7.41954,148.514,5.75655,137.553,1,10,-102,-10,7,38,39,13,28365056,262,1,222,13499,
65.324,582.42,51.4902,7.41959,148.429,5.78044,136.811,1,7,-103,-11,10,37,39,13,28365056,262,1,222,13499,
66.312,588.955,51.4901,7.41965,148.306,6.99034,133.675,1,7,-103,-11,10,37,39,13,28365056,262,1,222,13499,
67.31,597.237,51.4901,7.41974,148.284,8.50234,132.396,1,4,-102,-11,6,38,41,13,28365056,262,1,222,13499,
68.346,605.649,51.49,7.41983,147.705,9.75022,134.391,1,4,-102,-11,6,38,41,13,28365056,262,1,222,13499,
69.333,615.53,51.49,7.41993,147.154,10.1193,136.196,1,10,-99,-10,12,41,42,13,28365056,262,1,222,13499,
70.326,625.831,51.4899,7.42003,146.42,9.93464,139.044,1,10,-99,-10,12,41,42,13,28365056,262,1,222,13499,
71.329,636.531,51.4898,7.42011,146.069,10.1873,154.564,1,6,-99,-11,9,41,43,13,28365056,262,1,222,13499,
72.325,646.589,51.4897,7.42017,146.229,9.92869,152.9,1,6,-99,-11,9,41,43,13,28365056,262,1,222,13499,
73.324,656.61,51.4896,7.42024,145.982,9.61018,150.976,1,13,-100,-10,7,40,42,13,28365056,262,1,222,13499,
74.331,665.637,51.4896,7.42031,145.617,9.9302,149.392,1,13,-100,-10,7,40,42,13,28365056,262,1,222,13499,
75.337,674.494,51.4895,7.42038,145.177,9.94537,147.84,1,16,-100,-8,9,40,39,13,28365056,262,1,222,13499,
76.305,683.551,51.4894,7.42048,144.752,9.36795,132.886,1,16,-100,-8,9,40,39,13,28365056,262,1,222,13499,
77.325,692.316,51.4894,7.42059,144.146,9.06484,119.339,1,12,-103,-10,8,37,38,13,28365056,262,1,222,13499,
78.33,701.678,51.4894,7.42072,144.127,8.90404,102.027,1,12,-103,-10,8,37,38,13,28365056,262,1,222,13499,
79.337,710.14,51.4894,7.42083,144.129,6.84562,103.212,1,9,-104,-9,11,36,36,13,28365056,262,1,222,13499,
80.323,715.082,51.4894,7.4209,144.094,4.5925,103.497,1,9,-104,-9,11,36,36,13,28365056,262,1,222,13499,
81.308,718.751,51.4893,7.42095,144.089,3.23761,119.361,1,8,-104,-10,8,36,37,13,28365056,262,1,222,13499,
82.32,722.738,51.4893,7.42098,143.966,4.28696,142.33,1,8,-104,-10,8,36,37,13,28365056,262,1,222,13499,
83.306,729.535,51.4892,7.42099,143.216,4.74002,186.988,1,10,-103,-10,7,37,39,13,28365056,262,1,222,13499,
84.326,736.88,51.4892,7.42097,142.235,5.89529,202.395,1,10,-103,-10,7,37,39,13,28365056,262,1,222,13499,
85.334,744.11,51.4891,7.42093,141.758,7.18707,199.409,1,7,-99,-10,2,41,42,13,28365056,262,1,222,13499,
86.345,753.802,51.489,7.42089,141.372,8.59284,197.659,1,7,-99,-10,2,41,42,13,28365056,262,1,222,13499,
87.314,763.687,51.489,7.42084,141.498,9.47193,197.138,1,7,-99,-10,2,41,42,13,28365056,262,1,222,13499,
88.318,774.018,51.4889,7.4208,141.636,9.10477,196.762,1,8,-103,-11,2,37,40,13,28365056,262,1,222,13499,
89.323,782.556,51.4888,7.42076,141.822,8.65308,197.24,1,8,-103,-11,2,37,40,13,28365056,262,1,222,13499,
90.333,791.648,51.4887,7.42071,142.659,7.91692,199.656,1,4,-95,-10,2,45,45,13,29391105,262,1,351,13499,
91.329,800.332,51.4886,7.42066,144.145,7.2178,199.282,1,4,-95,-10,2,45,45,13,29391105,262,1,351,13499,
92.314,805.999,51.4886,7.42066,145.241,4.793,181.532,1,4,-92,-9,2,48,48,13,29391105,262,1,351,13499,
93.319,810.801,51.4886,7.42071,146.112,5.10116,124.925,1,4,-92,-9,2,48,48,13,29391105,262,1,351,13499,
94.33,819.703,51.4885,7.42084,147.083,6.37571,105.422,1,4,-90,-8,2,50,49,13,29391105,262,1,351,13499,
95.334,827.2,51.4885,7.42095,147.886,6.94167,101.882,1,4,-90,-8,2,50,49,13,29391105,262,1,351,13499,
96.321,832.48,51.4885,7.42102,148.212,7.08475,97.9145,1,5,-91,-8,2,49,48,13,29391105,262,1,351,13499,
97.315,839.264,51.4885,7.42112,148.822,6.21098,98.71,1,5,-91,-8,2,49,48,13,29391105,262,1,351,13499,
98.316,845.661,51.4885,7.42121,149.308,5.25256,100.049,1,4,-92,-9,9,48,48,10,29391105,262,1,351,13499,
99.312,851.27,51.4885,7.42128,149.365,5.86879,115.889,1,4,-92,-9,9,48,48,10,29391105,262,1,351,13499,
100.325,858.51,51.4885,7.42138,149.148,7.07113,118.157,1,-3,-93,-8,4,47,47,10,29391105,262,1,351,13499,
101.328,866.088,51.4884,7.42146,148.658,8.08915,132.611,1,-3,-93,-8,4,47,47,10,29391105,262,1,351,13499,
102.324,875.143,51.4884,7.42156,148.333,8.71651,133.829,1,0,-96,-9,8,44,44,10,29391105,262,1,351,13499,
103.33,883.248,51.4883,7.42165,147.691,9.14069,133.279,1,0,-96,-9,8,44,44,10,29391105,262,1,351,13499,
104.323,892.149,51.4883,7.42175,147.006,9.53835,131.656,1,1,-96,-10,9,44,45,10,29391105,262,1,351,13499,
105.331,902.181,51.4882,7.42186,146.368,9.84463,130.638,1,1,-96,-10,9,44,45,10,29391105,262,1,351,13499,
106.323,911.838,51.4882,7.42197,145.774,10.0738,127.618,1,9,-95,-8,11,45,43,10,29391105,262,1,351,13499,
107.321,922.254,51.4881,7.42211,144.947,10.1682,112.777,1,9,-95,-8,11,45,43,10,29391105,262,1,351,13499,
108.312,933.453,51.4881,7.42226,144.114,10.2544,110.695,1,3,-96,-9,9,44,44,10,29391105,262,1,351,13499,
109.306,943.389,51.4881,7.4224,143.146,10.5478,108.798,1,3,-96,-9,9,44,44,10,29391105,262,1,351,13499,
110.311,953.605,51.488,7.42254,142.099,10.6807,107.928,1,8,-98,-9,8,42,42,10,29391105,262,1,351,13499,
111.318,963.303,51.488,7.42267,141.245,10.842,106.981,1,8,-98,-9,8,42,42,10,29391105,262,1,351,13499,
112.307,973.607,51.488,7.42281,140.597,11.0548,106.486,1,-3,-98,-10,6,42,43,14,28365056,262,1,222,13499,
113.318,983.618,51.488,7.42295,139.528,10.7119,105.767,1,-3,-98,-10,6,42,43,14,28365056,262,1,222,13499,
114.33,994.255,51.4879,7.4231,138.729,10.9896,104.619,1,11,-94,-9,4,46,46,14,28365056,262,1,222,13499,
115.313,1004.35,51.4879,7.42324,137.76,10.2835,106.511,1,11,-94,-9,4,46,46,14,28365056,262,1,222,13499,
116.329,1016.76,51.4879,7.42342,137.953,10.164,107.416,1,11,-94,-9,4,46,46,14,28365056,262,1,222,13499,
117.303,1016.76,51.4883,7.42271,nan,10.5774,110.738,1,20,-96,-10,7,44,46,14,28365056,262,1,222,13499,
118.306,1016.76,51.4878,7.42369,138.122,10.9308,132.809,1,20,-96,-10,7,44,46,14,28365056,262,1,222,13499,
119.317,1027,51.4877,7.4238,137.998,10.9627,133.18,1,25,-95,-11,7,45,47,14,28365056,262,1,222,13499,
120.331,1038.67,51.4876,7.42393,138.068,10.8396,134.435,1,25,-95,-11,7,45,47,14,28365056,262,1,222,13499,
121.309,1050.4,51.4876,7.42404,138.275,10.9143,137.385,1,25,-94,-10,4,46,47,14,28365056,262,1,222,13499,
122.335,1061.01,51.4875,7.42414,138.251,11.2736,139.269,1,25,-94,-10,4,46,47,14,28365056,262,1,222,13499,
123.325,1072.54,51.4874,7.42423,138.024,10.7389,149.928,1,9,-94,-10,7,46,46,14,28365056,262,1,222,13499,
124.346,1083.68,51.4873,7.42432,137.616,11.231,148.61,1,9,-94,-10,7,46,46,14,28365056,262,1,222,13499,
125.314,1094.68,51.4872,7.42441,137.31,11.1665,147.509,1,24,-96,-12,10,44,47,14,28365056,262,1,222,13499,
126.327,1106.65,51.4872,7.42452,136.903,10.9641,144.785,1,24,-96,-12,10,44,47,14,28365056,262,1,222,13499,
127.33,1118.09,51.4871,7.42462,136.262,10.9498,143.796,1,21,-98,-11,7,42,44,14,28365056,262,1,222,13499,
128.313,1131.42,51.487,7.42476,135.818,12.1099,139.803,1,21,-98,-11,7,42,44,14,28365056,262,1,222,13499,
129.324,1142.63,51.4869,7.42489,135.706,12.4618,126.232,1,-2,-88,-8,6,52,51,10,28367106,262,1,103,13499,
130.439,1155.52,51.4869,7.42504,135.775,12.2735,127.357,1,-2,-88,-8,6,52,51,10,28367106,262,1,103,13499,
131.3,1168.84,51.4868,7.4252,135.619,12.5015,128.007,1,5,-91,-10,10,49,50,10,28367106,262,1,103,13499,
132.312,1181.54,51.4867,7.42534,135.371,12.2712,128.869,1,5,-91,-10,10,49,50,10,28367106,262,1,103,13499,
133.315,1193.69,51.4867,7.42548,134.804,12.0714,129.359,1,9,-87,-8,11,53,52,10,28367106,262,1,103,13499,
134.31,1204.5,51.4866,7.4256,134.083,11.7481,128.828,1,9,-87,-8,11,53,52,10,28367106,262,1,103,13499,
135.323,1215.62,51.4865,7.42572,133.238,11.7543,131.451,1,5,-89,-8,13,51,51,10,28367106,262,1,103,13499,
136.321,1227.07,51.4865,7.42584,132.158,12.1762,134.633,1,5,-89,-8,13,51,51,10,28367106,262,1,103,13499,
137.337,1238.97,51.4864,7.42596,131.369,12.6025,136.863,1,15,-85,-6,12,55,53,10,28367106,262,1,103,13499,
138.317,1252.05,51.4863,7.42608,130.642,12.7112,138.018,1,15,-85,-6,12,55,53,10,28367106,262,1,103,13499,
139.303,1264.09,51.4862,7.42619,129.933,12.681,138.419,1,35,-80,-5,14,60,58,10,28367106,262,1,103,13499,
140.315,1277.22,51.4861,7.42632,128.896,13.116,137.377,1,35,-80,-5,14,60,58,10,28367106,262,1,103,13499,
141.329,1291.42,51.486,7.42646,128.207,13.3404,134.484,1,35,-80,-5,14,60,58,10,28367106,262,1,103,13499,
142.317,1304.05,51.486,7.4266,127.679,13.1624,130.818,1,19,-84,-6,14,56,53,10,28367106,262,1,103,13499,
143.315,1317.66,51.4859,7.42675,127.291,13.1278,127.902,1,19,-84,-6,14,56,53,10,28367106,262,1,103,13499,
144.327,1330.52,51.4858,7.42691,127.269,12.4829,125.252,1,18,-88,-6,13,52,49,10,28367106,262,1,103,13499,
145.324,1342.23,51.4858,7.42705,127.278,11.9367,123.622,1,18,-88,-6,13,52,49,10,28367106,262,1,103,13499,
146.328,1354.03,51.4857,7.42719,126.882,11.5295,124.263,1,10,-89,-5,14,51,48,10,28367106,262,1,103,13499,
147.324,1366.3,51.4856,7.42732,126.086,11.5009,137.787,1,10,-89,-5,14,51,48,10,28367106,262,1,103,13499,
148.326,1376.9,51.4856,7.42742,125.336,11.3335,139.811,1,14,-93,-7,14,47,44,10,28367106,262,1,103,13499,
149.32,1387.07,51.4855,7.42751,124.731,11.4441,141.303,1,14,-93,-7,14,47,44,10,28367106,262,1,103,13499,
150.336,1397.7,51.4854,7.42761,124.137,11.0835,141.988,1,14,-94,-6,14,46,43,10,28367106,262,1,103,13499,
151.323,1408.24,51.4853,7.42769,123.733,10.2253,144.147,1,14,-94,-6,14,46,43,10,28367106,262,1,103,13499,
152.322,1419.31,51.4852,7.42777,123.266,8.88015,145.87,1,12,-91,-6,14,49,46,10,28367106,262,1,103,13499,
153.321,1431.06,51.4851,7.42781,122.548,9.7328,170.815,1,12,-91,-6,14,49,46,10,28367106,262,1,103,13499,
154.331,1441.66,51.485,7.42783,121.843,9.99692,168.835,1,10,-93,-7,12,47,45,10,28367106,262,1,103,13499,
155.328,1452.13,51.485,7.42786,121.447,10.8387,166.247,1,10,-93,-7,12,47,45,10,28367106,262,1,103,13499,
156.311,1463.49,51.4849,7.4279,121.43,9.58416,164.448,1,9,-89,-7,13,51,49,10,28367106,262,1,103,13499,
157.314,1473.28,51.4848,7.42794,121.364,9.38277,163.881,1,9,-89,-7,13,51,49,10,28367106,262,1,103,13499,
158.308,1484.19,51.4847,7.42799,121.515,9.89592,161.802,1,11,-88,-7,2,52,51,10,28367106,262,1,103,13499,
159.323,1495.17,51.4846,7.42804,122.181,9.8567,161.009,1,11,-88,-7,2,52,51,10,28367106,262,1,103,13499,
160.314,1506.05,51.4845,7.4281,123.126,11.3295,160.175,1,19,-86,-5,2,54,50,10,28367106,262,1,103,13499,
161.321,1518.3,51.4844,7.42815,123.442,11.9487,162.475,1,19,-86,-5,2,54,50,10,28367106,262,1,103,13499,
162.333,1528.4,51.4843,7.4282,123.184,8.91253,163.298,1,19,-86,-5,2,54,50,10,28367106,262,1,103,13499,
163.32,1539.48,51.4842,7.42824,123.785,8.76952,161.766,1,8,-87,-6,2,53,51,10,28367106,262,1,103,13499,
164.337,1549.75,51.4841,7.42828,124.111,9.5265,161.02,1,8,-87,-6,2,53,51,10,28367106,262,1,103,13499,
165.325,1560.77,51.484,7.42833,124.019,8.83319,161.51,1,15,-87,-7,2,53,51,10,28367106,262,1,103,13499,
166.323,1569.52,51.4839,7.42836,124.475,7.80684,163.29,1,15,-87,-7,2,53,51,10,28367106,262,1,103,13499,
167.336,1576.38,51.4839,7.42838,124.215,5.7643,159.265,1,15,-87,-7,2,53,51,10,28367106,262,1,103,13499,
168.308,1585.82,51.4838,7.42842,124.113,5.53799,157.893,1,15,-87,-7,2,53,51,10,28367106,262,1,103,13499,
169.322,1593.25,51.4837,7.42846,124.686,6.35485,155.654,1,5,-87,-6,2,53,51,10,28367106,262,1,103,13499,
170.354,1600.25,51.4837,7.42849,125.583,7.20739,158.27,1,5,-87,-6,2,53,51,10,28367106,262,1,103,13499,
171.337,1606.93,51.4836,7.42851,126.333,6.08015,159.441,1,6,-88,-6,2,52,50,10,28367106,262,1,103,13499,
172.309,1614.26,51.4836,7.42854,126.793,6.03268,160.199,1,6,-88,-6,2,52,50,10,28367106,262,1,103,13499,
173.317,1622.82,51.4835,7.42857,127.102,6.6386,160.918,1,10,-89,-6,2,51,48,10,28367106,262,1,103,13499,
174.318,1631.16,51.4834,7.4286,128.071,6.55724,159.964,1,10,-89,-6,2,51,48,10,28367106,262,1,103,13499,
175.339,1640.27,51.4833,7.42865,129.035,6.9264,159.506,1,11,-90,-6,2,50,47,10,28367106,262,1,103,13499,
176.313,1649.17,51.4833,7.42869,128.912,6.59381,161.725,1,11,-90,-6,2,50,47,10,28367106,262,1,103,13499,
177.305,1658.45,51.4832,7.42873,129.009,6.26597,160.137,1,11,-90,-6,2,50,48,10,28367106,262,1,103,13499,
178.323,1666.62,51.4831,7.42876,128.881,6.55639,160.822,1,11,-90,-6,2,50,48,10,28367106,262,1,103,13499,
179.328,1676.22,51.483,7.42879,129.087,7.1731,161.855,1,11,-90,-6,2,50,48,10,28367106,262,1,103,13499,
180.324,1686.74,51.4829,7.42883,129.285,6.93383,163.695,1,11,-90,-6,2,50,48,10,28367106,262,1,103,13499,
181.328,1697.34,51.4828,7.42887,130.098,7.20681,165.635,1,13,-91,-7,2,49,48,10,28367106,262,1,103,13499,
182.328,1705.57,51.4828,7.42889,131.31,4.7007,166.395,1,13,-91,-7,2,49,48,10,28367106,262,1,103,13499,
183.329,1711.72,51.4827,7.4289,131.394,2.70616,167.089,1,13,-91,-7,2,49,48,10,28367106,262,1,103,13499,
184.325,1715.05,51.4827,7.4289,131.454,0.874196,167.089,1,8,-90,-7,2,50,47,10,28367106,262,1,103,13499,
185.327,1715.82,51.4827,7.4289,131.586,0.562987,167.089,1,8,-90,-7,2,50,47,10,28367106,262,1,103,13499,
186.296,1715.82,51.4827,7.4289,131.606,0,167.089,1,12,-90,-7,2,50,47,10,28367106,262,1,103,13499,
187.324,1715.82,51.4827,7.4289,131.632,0,167.089,1,12,-90,-7,2,50,47,10,28367106,262,1,103,13499,
188.316,1715.82,51.4827,7.4289,131.662,0,167.089,1,4,-90,-7,2,50,47,10,28367106,262,1,103,13499,
189.31,1715.82,51.4827,7.4289,131.692,0,167.089,1,4,-90,-7,2,50,47,10,28367106,262,1,103,13499,
190.327,1715.82,51.4827,7.4289,131.723,0,167.089,1,10,-90,-7,2,50,47,10,28367106,262,1,103,13499,
191.327,1715.82,51.4827,7.4289,131.751,0,167.089,1,10,-90,-7,2,50,47,10,28367106,262,1,103,13499,
192.321,1715.82,51.4827,7.4289,131.778,0,167.089,1,4,-90,-7,2,50,48,10,28367106,262,1,103,13499,
193.345,1715.82,51.4827,7.4289,131.801,0,167.089,1,4,-90,-7,2,50,48,10,28367106,262,1,103,13499,
194.314,1715.82,51.4827,7.4289,131.823,0,167.089,1,3,-90,-7,2,50,48,10,28367106,262,1,103,13499,
195.329,1715.82,51.4827,7.4289,131.844,0,167.089,1,3,-90,-7,2,50,48,10,28367106,262,1,103,13499,
196.351,1715.82,51.4827,7.4289,131.865,0,167.089,1,7,-90,-7,2,50,48,10,28367106,262,1,103,13499,
197.305,1715.82,51.4827,7.4289,131.897,0,167.089,1,7,-90,-7,2,50,48,10,28367106,262,1,103,13499,
198.338,1715.82,51.4827,7.4289,131.93,0,167.089,1,7,-90,-7,2,50,48,10,28367106,262,1,103,13499,
199.305,1715.82,51.4827,7.4289,131.967,0,167.089,1,7,-90,-7,2,50,48,10,28367106,262,1,103,13499,
200.335,1715.82,51.4827,7.4289,132.002,0,167.089,1,8,-89,-8,2,51,49,10,28367106,262,1,103,13499,
201.315,1715.82,51.4827,7.4289,132.039,0,167.089,1,8,-89,-8,2,51,49,10,28367106,262,1,103,13499,
202.346,1715.82,51.4827,7.4289,132.074,0,167.089,1,4,-89,-8,2,51,49,10,28367106,262,1,103,13499,
203.32,1715.82,51.4827,7.4289,132.109,0,167.089,1,4,-89,-8,2,51,49,10,28367106,262,1,103,13499,
204.308,1715.82,51.4827,7.4289,132.143,0,167.089,1,10,-89,-7,2,51,48,10,28367106,262,1,103,13499,
205.323,1715.82,51.4827,7.4289,132.176,0,167.089,1,10,-89,-7,2,51,48,10,28367106,262,1,103,13499,
206.339,1715.82,51.4827,7.4289,132.209,0,167.089,1,10,-89,-7,2,51,48,10,28367106,262,1,103,13499,
207.317,1715.82,51.4827,7.4289,132.241,0,167.089,1,8,-89,-7,2,51,48,10,28367106,262,1,103,13499,
208.324,1715.82,51.4827,7.4289,132.268,0,167.089,1,8,-89,-7,2,51,48,10,28367106,262,1,103,13499,
209.312,1715.82,51.4827,7.4289,132.288,0,167.089,1,4,-89,-7,2,51,48,10,28367106,262,1,103,13499,
210.335,1715.82,51.4827,7.4289,132.304,0,167.089,1,4,-89,-7,2,51,48,10,28367106,262,1,103,13499,
211.322,1715.82,51.4827,7.4289,132.315,0,167.089,1,4,-89,-7,2,51,48,10,28367106,262,1,103,13499,
212.334,1715.82,51.4827,7.4289,132.326,0,167.089,1,4,-89,-7,2,51,48,10,28367106,262,1,103,13499,
213.316,1715.82,51.4827,7.4289,132.333,0,167.089,1,10,-89,-8,2,51,49,10,28367106,262,1,103,13499,
214.314,1715.82,51.4827,7.4289,132.34,0,167.089,1,10,-89,-8,2,51,49,10,28367106,262,1,103,13499,
215.335,1715.82,51.4827,7.4289,132.348,0,167.089,1,9,-89,-8,2,51,49,10,28367106,262,1,103,13499,
216.334,1715.82,51.4827,7.4289,132.355,0,167.089,1,9,-89,-8,2,51,49,10,28367106,262,1,103,13499,
217.305,1715.82,51.4827,7.4289,132.359,0,167.089,1,7,-89,-8,2,51,49,10,28367106,262,1,103,13499,
218.315,1715.82,51.4827,7.4289,132.36,0,167.089,1,7,-89,-8,2,51,49,10,28367106,262,1,103,13499,
219.336,1715.82,51.4827,7.4289,132.358,0,167.089,1,9,-89,-8,7,51,49,7,28367106,262,1,103,13499,
220.326,1715.82,51.4827,7.4289,132.353,0,167.089,1,9,-89,-8,7,51,49,7,28367106,262,1,103,13499,
221.316,1715.82,51.4827,7.4289,132.35,0,167.089,1,2,-89,-7,9,51,49,7,28367106,262,1,103,13499,
222.35,1715.82,51.4827,7.4289,132.353,0,167.089,1,2,-89,-7,9,51,49,7,28367106,262,1,103,13499,
223.33,1715.82,51.4827,7.4289,132.503,0,167.089,1,7,-92,-8,9,48,47,7,28367106,262,1,103,13499,
224.323,1715.82,51.4827,7.4289,132.761,0,167.089,1,7,-92,-8,9,48,47,7,28367106,262,1,103,13499,
225.333,1715.82,51.4827,7.4289,135.858,0,172.983,1,5,-90,-7,9,50,50,7,28367106,262,1,103,13499,
226.326,1727.02,51.4826,7.42892,138.221,0,174.038,1,5,-90,-7,9,50,50,7,28367106,262,1,103,13499,
227.315,1733.86,51.4825,7.42897,139.708,6.50192,153.753,1,-4,-96,-9,5,44,44,7,28367106,262,1,103,13499,
228.32,1741.35,51.4825,7.42907,140.535,7.41865,137.037,1,-4,-96,-9,5,44,44,7,28367106,262,1,103,13499,
229.3,1748.28,51.4825,7.42917,140.911,6.84487,101.938,1,0,-99,-9,6,41,41,15,29563904,262,1,350,13499,
230.32,1757.76,51.4825,7.4293,141.61,8.87093,101.584,1,0,-99,-9,6,41,41,15,29563904,262,1,350,13499,
231.334,1768.38,51.4825,7.42946,141.893,10.3393,99.8737,1,8,-101,-9,8,39,39,15,29563904,262,1,350,13499,
232.336,1779.83,51.4825,7.42962,141.752,11.1077,98.7262,1,8,-101,-9,8,39,39,15,29563904,262,1,350,13499,
233.315,1791.87,51.4825,7.4298,141.393,11.6643,97.6313,1,8,-101,-9,8,39,39,15,29563904,262,1,350,13499,
234.323,1803.24,51.4824,7.42996,141.75,11.5599,96.8114,1,10,-99,-8,12,41,40,15,29563904,262,1,350,13499,
235.334,1813.7,51.4824,7.43011,142.43,10.1854,97.8226,1,10,-99,-8,12,41,40,15,29563904,262,1,350,13499,
236.319,1823.54,51.4824,7.43025,143.044,9.91053,97.9024,1,-1,-100,-10,6,40,41,6,28367106,262,1,103,13499,
237.3,1834.31,51.4824,7.43041,144.117,10.4219,97.3874,1,-1,-100,-10,6,40,41,6,28367106,262,1,103,13499,
238.31,1844.64,51.4824,7.43055,145.469,9.87307,98.0323,1,10,-95,-7,12,45,43,6,28367106,262,1,103,13499,
239.311,1854.18,51.4824,7.43069,146.516,9.22745,97.484,1,10,-95,-7,12,45,43,6,28367106,262,1,103,13499,
240.32,1861.99,51.4824,7.4308,147.283,7.62854,96.6723,1,10,-94,-8,10,46,45,6,28367106,262,1,103,13499,
241.329,1868.89,51.4824,7.4309,148.286,6.01394,97.5085,1,10,-94,-8,10,46,45,6,28367106,262,1,103,13499,
242.318,1875.11,51.4824,7.43099,149.128,5.51114,97.4906,1,12,-91,-6,11,49,47,6,28367106,262,1,103,13499,
243.322,1879.96,51.4824,7.43106,149.217,4.15384,97.1553,1,12,-91,-6,11,49,47,6,28367106,262,1,103,13499,
244.341,1883.76,51.4824,7.43112,149.351,3.16059,99.1655,1,14,-89,-5,10,51,46,6,28367106,262,1,103,13499,
245.306,1886.9,51.4824,7.43116,149.481,2.67611,98.5198,1,14,-89,-5,10,51,46,6,28367106,262,1,103,13499,
246.318,1888.62,51.4824,7.43119,149.623,1.38552,100.846,1,8,-95,-9,14,45,45,6,28367106,262,1,103,13499,
247.308,1888.62,51.4824,7.43119,149.638,0,100.846,1,8,-95,-9,14,45,45,6,28367106,262,1,103,13499,
248.302,1888.62,51.4824,7.43119,149.661,0,100.846,1,10,-91,-8,8,49,48,6,28367106,262,1,103,13499,
249.321,1888.62,51.4824,7.43119,149.689,0,100.846,1,10,-91,-8,8,49,48,6,28367106,262,1,103,13499,
250.335,1888.62,51.4824,7.43119,149.998,0,107.474,1,5,-92,-7,10,48,47,6,28367106,262,1,103,13499,
251.335,1888.62,51.4824,7.43119,150.257,0,90.1754,1,5,-92,-7,10,48,47,6,28367106,262,1,103,13499,
252.321,1902.21,51.4824,7.43138,152.877,6.86967,89.7066,1,8,-91,-7,12,49,47,6,28367106,262,1,103,13499,
253.328,1909.42,51.4824,7.43149,154.073,9.52653,92.396,1,8,-91,-7,12,49,47,6,28367106,262,1,103,13499,
254.325,1918.98,51.4823,7.43162,153.848,10.9096,94.4308,1,2,-96,-9,2,44,45,6,28367106,262,1,103,13499,
255.343,1930.96,51.4823,7.4318,153.079,12.1261,95.736,1,2,-96,-9,2,44,45,6,28367106,262,1,103,13499,
256.323,1942.75,51.4823,7.43196,151.907,12.2186,96.3498,1,3,-95,-10,2,45,46,6,28367106,262,1,103,13499,
257.309,1954.74,51.4823,7.43214,150.693,12.2918,97.0305,1,3,-95,-10,2,45,46,6,28367106,262,1,103,13499,
258.324,1967.11,51.4823,7.43231,149.829,12.7568,96.4136,1,16,-86,-6,9,54,51,5,28367106,262,1,103,13499,
259.324,1979.79,51.4823,7.43249,149.209,12.9492,96.6851,1,16,-86,-6,9,54,51,5,28367106,262,1,103,13499,
260.333,1992.96,51.4823,7.43268,148.689,13.1964,97.3139,1,8,-83,-7,6,57,52,11,28368386,262,1,32,13499,
261.5,2005.77,51.4822,7.43287,147.926,12.8227,96.9121,1,8,-83,-7,6,57,52,11,28368386,262,1,32,13499,
262.312,2019.36,51.4822,7.43306,147.105,13.1225,96.8484,1,3,-82,-7,9,58,50,11,28368386,262,1,32,13499,
263.314,2033.13,51.4822,7.43326,146.49,14.094,96.8427,1,3,-82,-7,9,58,50,11,28368386,262,1,32,13499,
264.331,2047.32,51.4822,7.43346,146.059,14.3694,96.3115,1,3,-90,-7,6,50,48,4,28367106,262,1,103,13499,
265.337,2061.87,51.4822,7.43367,145.711,14.1477,96.5158,1,3,-90,-7,6,50,48,4,28367106,262,1,103,13499,
266.325,2075.65,51.4822,7.43387,145.58,14.1359,95.8508,1,3,-90,-7,6,50,48,4,28367106,262,1,103,13499,
267.315,2089.63,51.4822,7.43407,145.456,14.0586,96.7122,1,4,-94,-10,7,46,46,4,28367106,262,1,103,13499,
268.327,2103.73,51.4821,7.43427,145.409,13.9363,96.7126,1,4,-94,-10,7,46,46,4,28367106,262,1,103,13499,
269.305,2117.91,51.4821,7.43448,145.354,13.5151,97.0047,1,1,-95,-11,6,45,47,4,28367106,262,1,103,13499,
270.308,2131.29,51.4821,7.43467,145.443,13.4271,97.8031,1,1,-95,-11,6,45,47,4,28367106,262,1,103,13499,
271.347,2145.57,51.4821,7.43487,146.143,13.6111,98.1498,1,5,-91,-10,10,49,50,4,28367106,262,1,103,13499,
272.323,2158.8,51.4821,7.43506,146.459,13.5162,98.7961,1,5,-91,-10,10,49,50,4,28367106,262,1,103,13499,
273.323,2172.38,51.4821,7.43526,147.353,13.0156,99.1391,1,1,-95,-14,8,45,50,4,28367106,262,1,103,13499,
274.314,2185.34,51.482,7.43544,147.464,12.7383,98.4784,1,1,-95,-14,8,45,50,4,28367106,262,1,103,13499,
275.314,2198.5,51.482,7.43563,147.324,12.741,97.7916,1,1,-95,-14,4,45,50,4,28367106,262,1,103,13499,
276.342,2212.05,51.482,7.43582,147.347,13.1935,98.2362,1,1,-95,-14,4,45,50,4,28367106,262,1,103,13499,
277.312,2224.99,51.482,7.43601,146.966,13.5382,97.6193,1,10,-85,-10,11,55,54,4,28367106,262,1,103,13499,
278.32,2239.27,51.482,7.43621,146.602,14.0089,96.3757,1,10,-85,-10,11,55,54,4,28367106,262,1,103,13499,
279.348,2239.27,51.482,7.4363,nan,13.705,96.7263,1,-1,-91,-12,6,49,52,10,28368386,262,1,32,13499,
280.324,2239.27,51.482,7.43659,145.932,13.5337,96.3911,1,-1,-91,-12,6,49,52,10,28368386,262,1,32,13499,
281.326,2253.96,51.4819,7.43681,145.802,13.7172,96.1224,1,6,-91,-10,13,49,51,10,28368386,262,1,32,13499,
282.316,2267.39,51.4819,7.437,145.879,13.6042,96.4562,1,6,-91,-10,13,49,51,10,28368386,262,1,32,13499,
283.321,2280.57,51.4819,7.43719,146.018,13.2105,97.3431,1,3,-90,-8,6,50,49,4,28367105,262,1,102,13499,
284.33,2293.88,51.4819,7.43738,146.282,12.5556,97.8412,1,3,-90,-8,6,50,49,4,28367105,262,1,102,13499,
285.331,2306.23,51.4819,7.43755,147.05,11.7446,98.0311,1,8,-88,-7,10,52,49,4,28367105,262,1,102,13499,
286.331,2318.41,51.4819,7.43773,147.929,11.3886,98.3505,1,8,-88,-7,10,52,49,4,28367105,262,1,102,13499,
287.337,2329.77,51.4819,7.43789,149.502,11.0386,99.3568,1,13,-83,-6,15,57,54,4,28367105,262,1,102,13499,
288.323,2339.94,51.4818,7.43804,150.443,8.81338,101.253,1,13,-83,-6,15,57,54,4,28367105,262,1,102,13499,
289.358,2349.79,51.4818,7.43818,151.363,7.49479,99.2795,1,14,-84,-6,14,56,53,4,28367105,262,1,102,13499,
290.336,2356.19,51.4818,7.43827,152.019,6.3721,101.566,1,14,-84,-6,14,56,53,4,28367105,262,1,102,13499,
291.315,2364.95,51.4818,7.43839,152.544,6.05434,103.044,1,11,-88,-6,10,52,49,4,28367105,262,1,102,13499,
292.35,2369.37,51.4818,7.43846,152.646,3.94821,101.796,1,11,-88,-6,10,52,49,4,28367105,262,1,102,13499,
293.342,2372.24,51.4818,7.4385,152.727,2.1689,99.1994,1,11,-88,-6,10,52,49,4,28367105,262,1,102,13499,
294.32,2372.24,51.4818,7.4385,152.737,0,99.1994,1,10,-90,-7,12,50,48,4,28367105,262,1,102,13499,
295.321,2372.24,51.4818,7.4385,152.741,0,99.1994,1,10,-90,-7,12,50,48,4,28367105,262,1,102,13499,
296.322,2372.24,51.4818,7.4385,152.736,0,99.1994,1,11,-90,-7,12,50,47,4,28367105,262,1,102,13499,
297.327,2372.24,51.4818,7.4385,152.719,0,99.1994,1,11,-90,-7,12,50,47,4,28367105,262,1,102,13499,
298.305,2372.24,51.4818,7.4385,152.692,0,99.1994,1,10,-90,-7,9,50,47,4,28367105,262,1,102,13499,
299.314,2372.24,51.4818,7.4385,152.385,0,99.1994,1,10,-90,-7,9,50,47,4,28367105,262,1,102,13499,
300.311,2372.24,51.4818,7.4385,152.099,0,99.1994,1,15,-92,-7,8,48,46,4,28367105,262,1,102,13499,
301.317,2372.24,51.4818,7.4385,151.821,0,95.4352,1,15,-92,-7,8,48,46,4,28367105,262,1,102,13499,
302.329,2372.24,51.4818,7.4385,149.194,0,96.8876,1,7,-91,-8,9,49,47,4,28367105,262,1,102,13499,
303.321,2385.77,51.4818,7.43869,147.345,7.15409,97.376,1,7,-91,-8,9,49,47,4,28367105,262,1,102,13499,
304.351,2396.64,51.4818,7.43885,147.286,8.42781,97.3886,1,6,-88,-7,6,52,49,9,28368386,262,1,32,13499,
305.305,2406.89,51.4818,7.439,147.935,9.78271,96.1497,1,6,-88,-7,6,52,49,9,28368386,262,1,32,13499,
306.325,2417.52,51.4818,7.43915,149.225,10.8995,95.7286,1,16,-86,-6,15,54,49,9,28368386,262,1,32,13499,
307.317,2428.83,51.4818,7.43931,150.69,11.615,96.7187,1,16,-86,-6,15,54,49,9,28368386,262,1,32,13499,
308.309,2440.92,51.4817,7.43949,152.27,12.821,96.1478,1,11,-92,-9,8,48,47,9,28368386,262,1,32,13499,
309.318,2453.38,51.4817,7.43967,153.815,12.7753,95.7235,1,11,-92,-9,8,48,47,9,28368386,262,1,32,13499,
310.316,2466.01,51.4817,7.43985,155.035,12.2158,94.9101,1,12,-91,-7,9,49,47,9,28368386,262,1,32,13499,
311.318,2477.95,51.4817,7.44002,156.086,11.9009,95.4936,1,12,-91,-7,9,49,47,9,28368386,262,1,32,13499,
312.341,2489.95,51.4817,7.4402,157.133,12.5127,95.0817,1,1,-95,-9,6,45,44,6,28367105,262,1,32,13499,
313.327,2502.89,51.4817,7.44038,157.841,13.3051,95.7898,1,1,-95,-9,6,45,44,6,28367105,262,1,32,13499,
314.317,2516.54,51.4817,7.44058,158.143,14.0194,95.5337,1,5,-95,-9,8,45,45,6,28367105,262,1,102,13499,
315.318,2530,51.4817,7.44077,158.378,13.4066,95.889,1,5,-95,-9,8,45,45,6,28367105,262,1,102,13499,
316.304,2543.01,51.4817,7.44096,158.548,13.057,96.7557,1,0,-98,-11,7,42,43,6,28367105,262,1,102,13499,
317.312,2555.32,51.4817,7.44113,158.66,12.3392,99.3572,1,0,-98,-11,7,42,43,6,28367105,262,1,102,13499,
318.31,2566.3,51.4816,7.44129,158.661,12.6601,102.934,1,0,-98,-11,7,42,43,6,28367105,262,1,102,13499,
319.323,2578.33,51.4816,7.44144,158.592,13.043,116.563,1,1,-98,-12,5,42,45,6,28367105,262,1,102,13499,
320.325,2592.36,51.4815,7.44161,158.23,13.4875,119.76,1,1,-98,-12,5,42,45,6,28367105,262,1,102,13499,
321.327,2606.91,51.4814,7.44178,157.607,14.0892,122.458,1,3,-93,-9,6,47,46,9,28368386,262,1,32,13499,
322.318,2622.13,51.4814,7.44196,156.382,13.804,125.344,1,3,-93,-9,6,47,46,9,28368386,262,1,32,13499,
323.315,2635.76,51.4813,7.4421,155.424,13.852,128.648,1,9,-90,-6,12,50,47,7,28367105,262,1,102,13499,
324.322,2649.86,51.4812,7.44224,154.482,14.386,131.456,1,9,-90,-6,12,50,47,7,28367105,262,1,102,13499,
325.323,2663.72,51.4811,7.44238,153.131,14.6003,132.855,1,14,-86,-5,14,54,50,7,28367105,262,1,102,13499,
326.332,2678.13,51.481,7.44252,152.311,14.4449,132.652,1,14,-86,-5,14,54,50,7,28367105,262,1,102,13499,
327.382,2693.72,51.4809,7.44268,152.038,13.7813,132.105,1,21,-85,-5,12,55,52,7,28367105,262,1,102,13499,
328.334,2707.45,51.4808,7.44282,152.069,13.1133,132.125,1,21,-85,-5,12,55,52,7,28367105,262,1,102,13499,
329.327,2720.21,51.4807,7.44294,152.141,12.2333,134.461,1,19,-88,-6,11,52,49,7,28367105,262,1,102,13499,
330.317,2732.5,51.4806,7.44303,152.458,11.139,151.271,1,19,-88,-6,11,52,49,7,28367105,262,1,102,13499,
331.319,2742.79,51.4805,7.44306,152.457,10.3943,167.385,1,10,-93,-7,7,47,43,7,28367105,262,1,102,13499,
332.343,2754.72,51.4804,7.44309,152.069,10.8235,171.03,1,10,-93,-7,7,47,43,7,28367105,262,1,102,13499,
333.335,2766.97,51.4803,7.44311,151.75,11.3096,172.489,1,3,-97,-10,9,43,44,7,28367105,262,1,102,13499,
334.328,2778.97,51.4802,7.44315,151.479,11.2792,168.857,1,3,-97,-10,9,43,44,7,28367105,262,1,102,13499,
335.337,2789.83,51.4801,7.44322,151.227,11.6933,151.802,1,4,-96,-9,5,44,44,7,28367105,262,1,102,13499,
336.324,2802.24,51.48,7.4433,150.765,12.4338,150.958,1,4,-96,-9,5,44,44,7,28367105,262,1,102,13499,
337.337,2814.7,51.4799,7.44338,150.401,13.2001,151.72,1,2,-102,-12,6,38,40,7,28367105,262,1,102,13499,
338.313,2827.82,51.4798,7.44347,150.206,13.8465,150.902,1,2,-102,-12,6,38,40,7,28367105,262,1,102,13499,
339.315,2842.15,51.4797,7.44357,150.024,14.5587,151.279,1,0,-100,-10,6,40,41,7,28368386,262,1,32,13499,
340.319,2842.15,51.4828,7.43924,nan,15.0741,151.846,1,0,-100,-10,6,40,41,7,28368386,262,1,32,13499,
341.322,2842.15,51.4795,7.44377,151.102,15.5453,151.615,1,3,-102,-11,8,38,40,7,28368386,262,1,32,13499,
342.317,2857.24,51.4794,7.44388,151.425,15.6439,151.586,1,3,-102,-11,8,38,40,7,28368386,262,1,32,13499,
343.312,2872.95,51.4792,7.44398,151.382,15.7373,151.098,1,7,-100,-11,5,40,40,7,28368386,262,1,32,13499,
344.323,2888.29,51.4791,7.44408,151.419,15.5538,151.393,1,7,-100,-11,5,40,40,7,28368386,262,1,32,13499,
345.311,2904.63,51.479,7.4442,151.534,15.2989,151.297,1,5,-102,-11,6,38,39,7,28368386,262,1,32,13499,
346.31,2920.08,51.4789,7.4443,152.174,15.0665,151.216,1,5,-102,-11,6,38,39,7,28368386,262,1,32,13499,
347.33,2934.24,51.4787,7.4444,152.815,14.8581,151.664,1,0,-107,-13,6,33,37,7,28368386,262,1,32,13499,
348.328,2949.07,51.4786,7.4445,153.087,14.7833,151.747,1,0,-107,-13,6,33,37,7,28368386,262,1,32,13499,
349.345,2963.67,51.4785,7.4446,153.413,15.0497,151.695,1,-1,-106,-13,4,34,37,14,29568768,262,1,32,13499,
350.321,2978.85,51.4784,7.44471,153.855,15.4134,151.556,1,-1,-106,-13,4,34,37,14,29568768,262,1,32,13499,
351.314,2994.06,51.4783,7.44481,154.367,15.48,151.626,1,-1,-106,-13,4,34,37,14,29568768,262,1,32,13499,
352.322,3009.81,51.4781,7.44492,154.915,15.576,151.509,1,-3,-107,-13,4,33,36,14,29568768,262,1,415,13499,
353.331,3025.73,51.478,7.44503,155.523,15.5625,151.24,1,-3,-107,-13,4,33,36,14,29568768,262,1,415,13499,
354.33,3041.11,51.4779,7.44514,156.023,15.4743,151.242,1,-3,-105,-12,4,35,37,14,29568768,262,1,415,13499,
355.3,3056.42,51.4778,7.44525,156.224,15.7376,151.434,1,-3,-105,-12,4,35,37,14,29568768,262,1,415,13499,
356.316,3072.15,51.4777,7.44536,156.443,15.9631,151.412,1,-3,-101,-9,7,39,38,14,29568768,262,1,415,13499,
357.324,3089.22,51.4775,7.44547,156.79,16.2615,151.51,1,-3,-101,-9,7,39,38,14,29568768,262,1,415,13499,
358.333,3106.15,51.4774,7.44559,157.29,16.2006,151,1,4,-100,-10,9,40,40,14,29568768,262,1,415,13499,
359.344,3121.28,51.4773,7.4457,157.522,15.7695,151.553,1,4,-100,-10,9,40,40,14,29568768,262,1,415,13499,
360.324,3136.93,51.4771,7.4458,157.567,15.7068,151.399,1,0,-96,-7,6,44,41,7,28368384,262,1,31,13499,
361.317,3153.08,51.477,7.44591,157.485,15.8367,151.294,1,0,-96,-7,6,44,41,7,28368384,262,1,31,13499,
362.318,3168.96,51.4769,7.44603,157.541,16.3525,151.458,1,2,-98,-9,9,42,41,7,28368384,262,1,31,13499,
363.31,3184.55,51.4768,7.44613,157.446,16.4686,151.669,1,2,-98,-9,9,42,41,7,28368384,262,1,31,13499,
364.373,3200.5,51.4766,7.44624,157.156,16.4822,152.335,1,1,-92,-6,6,48,44,12,29568768,262,1,415,13499,
365.325,3216.46,51.4765,7.44635,156.828,16.3685,152.729,1,1,-92,-6,6,48,44,12,29568768,262,1,415,13499,
366.337,3232.31,51.4764,7.44646,156.582,15.6425,152.429,1,13,-88,-6,12,52,48,12,29568768,262,1,415,13499,
367.334,3247.84,51.4763,7.44657,156.437,15.2158,151.636,1,13,-88,-6,12,52,48,12,29568768,262,1,415,13499,
368.331,3263.35,51.4761,7.44667,156.457,15.1101,151.185,1,13,-83,-6,9,57,52,12,29568768,262,1,415,13499,
369.317,3278.29,51.476,7.44678,156.406,14.7112,151.476,1,13,-83,-6,9,57,52,12,29568768,262,1,415,13499,
370.315,3293.15,51.4759,7.44688,156.262,14.5794,151.657,1,16,-84,-6,11,56,52,12,29568768,262,1,415,13499,
371.305,3308.05,51.4758,7.44698,156.127,14.4728,152.193,1,16,-84,-6,11,56,52,12,29568768,262,1,415,13499,
372.328,3322.53,51.4757,7.44707,155.722,14.3133,151.667,1,8,-86,-5,8,54,49,12,29568768,262,1,415,13499,
373.332,3336.38,51.4756,7.44717,155.555,14.2366,151.087,1,8,-86,-5,8,54,49,12,29568768,262,1,415,13499,
374.329,3350.54,51.4755,7.44727,155.441,14.0197,150.317,1,3,-95,-8,5,45,44,12,29568768,262,1,415,13499,
375.334,3365.32,51.4753,7.44738,155.412,13.8056,149.602,1,3,-95,-8,5,45,44,12,29568768,262,1,415,13499,
376.311,3378.93,51.4752,7.44748,155.838,14.0026,149.093,1,21,-96,-8,6,44,42,12,29568768,262,1,415,13499,
377.32,3392.87,51.4751,7.44759,156.125,13.5192,147.779,1,21,-96,-8,6,44,42,12,29568768,262,1,415,13499,
378.308,3405.97,51.475,7.4477,156.619,13.075,146.535,1,5,-99,-9,5,41,41,12,29568768,262,1,415,13499,
379.318,3405.97,51.4751,7.44802,nan,13.5962,145.408,1,5,-99,-9,5,41,41,12,29568768,262,1,415,13499,
380.317,3405.97,51.4748,7.44793,157.232,14.2341,144.242,1,5,-99,-9,5,41,41,12,29568768,262,1,415,13499,
381.315,3419.58,51.4748,7.44804,157.077,14.9165,143.331,1,3,-95,-7,6,45,42,12,29568768,262,1,415,13499,
382.324,3434.65,51.4746,7.44818,156.841,14.6823,142.767,1,3,-95,-7,6,45,42,12,29568768,262,1,415,13499,
383.323,3448.69,51.4745,7.44831,156.811,14.1661,142.155,1,8,-94,-6,8,46,43,12,29568768,262,1,415,13499,
384.329,3462.68,51.4744,7.44843,156.74,14.1059,141.717,1,8,-94,-6,8,46,43,12,29568768,262,1,415,13499,
385.323,3477.03,51.4743,7.44856,156.745,14.3429,140.757,1,3,-94,-10,9,46,46,12,29568768,262,1,415,13499,
386.33,3490.78,51.4743,7.44869,156.573,13.9133,140.095,1,3,-94,-10,9,46,46,12,29568768,262,1,415,13499,
387.331,3505.48,51.4742,7.44883,156.59,13.6412,139.781,1,-1,-94,-10,4,46,47,12,29568768,262,1,415,13499,
388.332,3519.21,51.4741,7.44896,156.741,13.9327,139.353,1,-1,-94,-10,4,46,47,12,29568768,262,1,415,13499,
389.328,3532.81,51.474,7.4491,156.979,13.945,138.44,1,4,-91,-8,9,49,48,12,29568768,262,1,415,13499,
390.316,3546.74,51.4739,7.44923,157.158,14.288,137.497,1,4,-91,-8,9,49,48,12,29568768,262,1,415,13499,
391.311,3561.3,51.4738,7.44938,157.223,14.3016,136.075,1,14,-82,-5,15,58,56,12,29568768,262,1,415,13499,
392.313,3575.42,51.4737,7.44953,157.37,14.5481,134.715,1,14,-82,-5,15,58,56,12,29568768,262,1,415,13499,
393.31,3589.99,51.4736,7.44969,157.299,14.4102,133.245,1,12,-88,-6,8,52,50,12,29568768,262,1,415,13499,
394.305,3604.47,51.4735,7.44985,157.25,13.3874,131.726,1,12,-88,-6,8,52,50,12,29568768,262,1,415,13499,
395.317,3617.07,51.4735,7.44999,157.18,11.5854,130.327,1,20,-83,-6,2,57,50,12,29568768,262,1,415,13499,
396.317,3627.98,51.4734,7.45011,157.191,9.94587,128.638,1,20,-83,-6,2,57,50,12,29568768,262,1,415,13499,
397.331,3637.24,51.4733,7.45022,157.196,8.2816,127.622,1,16,-84,-5,2,56,50,12,29568768,262,1,415,13499,
398.309,3644.91,51.4733,7.45031,157.445,6.07652,126.245,1,16,-84,-5,2,56,50,12,29568768,262,1,415,13499,
399.325,3644.91,51.4732,7.44961,nan,3.71927,125.317,1,16,-84,-5,2,56,50,12,29568768,262,1,415,13499,
400.331,3644.91,51.4733,7.45039,157.495,1.42267,125.57,1,11,-85,-5,11,55,51,5,29568768,262,1,415,13499,
401.326,3644.91,51.4733,7.45039,157.5,0,125.57,1,11,-85,-5,11,55,51,5,29568768,262,1,415,13499,
402.323,3644.91,51.4733,7.45039,157.509,0,125.57,1,17,-87,-6,10,53,50,5,29568768,262,1,415,13499,
403.321,3644.91,51.4733,7.45039,157.522,0,125.57,1,17,-87,-6,10,53,50,5,29568768,262,1,415,13499,
404.327,3644.91,51.4733,7.45039,157.54,0,125.57,1,13,-87,-7,9,53,50,5,29568768,262,1,415,13499,
405.33,3644.91,51.4733,7.45039,157.562,0,125.57,1,13,-87,-7,9,53,50,5,29568768,262,1,415,13499,
406.321,3644.91,51.4733,7.45039,157.585,0,125.57,1,17,-86,-6,11,54,51,5,29568768,262,1,415,13499,
407.347,3644.91,51.4733,7.45039,157.609,0,125.57,1,17,-86,-6,11,54,51,5,29568768,262,1,415,13499,
408.323,3644.91,51.4733,7.45039,157.634,0,125.57,1,17,-86,-6,11,54,51,5,29568768,262,1,415,13499,
409.324,3644.91,51.4733,7.45039,157.659,0,125.57,1,17,-86,-6,11,54,51,5,29568768,262,1,415,13499,
410.32,3644.91,51.4733,7.45039,157.685,0,125.57,1,14,-87,-7,9,53,51,5,29568768,262,1,415,13499,
411.353,3644.91,51.4733,7.45039,157.71,0,125.57,1,14,-87,-7,9,53,51,5,29568768,262,1,415,13499,
412.318,3644.91,51.4733,7.45039,157.736,0,125.57,1,17,-86,-6,10,54,51,5,29568768,262,1,415,13499,
413.327,3644.91,51.4733,7.45039,157.762,0,125.57,1,17,-86,-6,10,54,51,5,29568768,262,1,415,13499,
414.335,3644.91,51.4733,7.45039,157.787,0,125.57,1,13,-84,-5,2,56,51,5,29568768,262,1,415,13499,
415.309,3644.91,51.4733,7.45039,157.811,0,125.57,1,13,-84,-5,2,56,51,5,29568768,262,1,415,13499,
416.388,3644.91,51.4733,7.45039,157.834,0,125.57,1,15,-85,-6,2,55,52,5,29568768,262,1,415,13499,
417.312,3644.91,51.4733,7.45039,157.856,0,125.57,1,15,-85,-6,2,55,52,5,29568768,262,1,415,13499,
418.327,3644.91,51.4733,7.45039,157.876,0,125.57,1,16,-86,-6,10,54,52,5,29568768,262,1,415,13499,
419.322,3644.91,51.4733,7.45039,157.896,0,125.57,1,16,-86,-6,10,54,52,5,29568768,262,1,415,13499,
420.33,3644.91,51.4733,7.45039,157.916,0,125.57,1,16,-86,-6,1,54,51,5,29568768,262,1,415,13499,
421.325,3644.91,51.4733,7.45039,157.935,0,125.57,1,16,-86,-6,1,54,51,5,29568768,262,1,415,13499,
422.337,3644.91,51.4733,7.45039,157.953,0,125.57,1,13,-86,-8,11,54,54,5,29568768,262,1,415,13499,
423.318,3644.91,51.4733,7.45039,157.972,0,125.57,1,13,-86,-8,11,54,54,5,29568768,262,1,415,13499,
424.325,3644.91,51.4733,7.45039,157.99,0,125.57,1,13,-86,-8,11,54,54,5,29568768,262,1,415,13499,
425.334,3644.91,51.4733,7.45039,158.007,0,125.57,1,14,-86,-9,11,54,54,5,29568768,262,1,415,13499,
426.329,3644.91,51.4733,7.45039,158.025,0,125.57,1,14,-86,-9,11,54,54,5,29568768,262,1,415,13499,
427.339,3644.91,51.4733,7.45039,158.041,0,125.57,1,14,-86,-6,11,54,51,5,29568768,262,1,415,13499,
428.313,3644.91,51.4733,7.45039,158.056,0,125.57,1,14,-86,-6,11,54,51,5,29568768,262,1,415,13499,
429.319,3644.91,51.4733,7.45039,158.071,0,125.57,1,17,-86,-6,10,54,51,5,29568768,262,1,415,13499,
430.334,3644.91,51.4733,7.45039,158.084,0,125.57,1,17,-86,-6,10,54,51,5,29568768,262,1,415,13499,
431.321,3644.91,51.4733,7.45039,158.095,0,125.57,1,17,-86,-6,11,54,51,5,29568768,262,1,415,13499,
432.305,3644.91,51.4733,7.45039,158.106,0,125.57,1,17,-86,-6,11,54,51,5,29568768,262,1,415,13499,
433.317,3644.91,51.4733,7.45039,158.115,0,125.57,1,18,-86,-6,10,54,51,5,29568768,262,1,415,13499,
434.328,3644.91,51.4733,7.45039,158.123,0,125.57,1,18,-86,-6,10,54,51,5,29568768,262,1,415,13499,
435.323,3644.91,51.4733,7.45039,158.131,0,125.57,1,19,-85,-6,2,55,52,5,29568768,262,1,415,13499,
436.333,3644.91,51.4733,7.45039,158.138,0,125.57,1,19,-85,-6,2,55,52,5,29568768,262,1,415,13499,
437.342,3644.91,51.4733,7.45039,158.146,0,125.57,1,15,-86,-6,2,54,52,5,29568768,262,1,415,13499,
438.304,3644.91,51.4733,7.45039,158.155,0,125.57,1,15,-86,-6,2,54,52,5,29568768,262,1,415,13499,
439.36,3644.91,51.4733,7.45039,158.242,0,125.57,1,18,-86,-6,2,54,52,5,29568768,262,1,415,13499,
440.323,3644.91,51.4733,7.45039,158.289,0,131.909,1,18,-86,-6,2,54,52,5,29568768,262,1,415,13499,
441.309,3653.26,51.4732,7.45049,158.604,0,129.12,1,16,-83,-5,13,57,52,5,29568768,262,1,415,13499,
442.334,3659.75,51.4732,7.45057,158.843,7.46031,127.032,1,16,-83,-5,13,57,52,5,29568768,262,1,415,13499,
443.323,3667.38,51.4732,7.45066,158.997,8.37379,125.343,1,20,-81,-6,14,59,54,5,29568768,262,1,415,13499,
444.341,3676.68,51.4731,7.45077,159.302,9.19445,124.073,1,20,-81,-6,14,59,54,5,29568768,262,1,415,13499,
445.308,3686.35,51.4731,7.4509,159.531,10.2092,122.479,1,21,-79,-6,12,61,56,5,29568768,262,1,415,13499,
446.314,3696.8,51.473,7.45103,159.591,11.2505,120.817,1,21,-79,-6,12,61,56,5,29568768,262,1,415,13499,
447.313,3708.37,51.473,7.45118,159.558,12.3348,119.501,1,25,-77,-6,14,63,58,5,29568768,262,1,415,13499,
448.309,3721.36,51.4729,7.45135,159.569,13.1757,118.338,1,25,-77,-6,14,63,58,5,29568768,262,1,415,13499,
449.323,3735.21,51.4729,7.45153,159.509,14.1475,116.607,1,25,-77,-6,14,63,58,5,29568768,262,1,415,13499,
450.33,3749.62,51.4728,7.45172,159.352,15.0781,114.749,1,11,-84,-6,12,56,52,5,29568768,262,1,415,13499,
451.317,3765.05,51.4728,7.45193,159.44,15.7783,112.75,1,11,-84,-6,12,56,52,5,29568768,262,1,415,13499,
452.337,3779.74,51.4727,7.45213,159.104,16.0896,110.863,1,15,-78,-5,12,62,57,5,29568768,262,1,415,13499,
453.331,3796.54,51.4727,7.45236,158.837,16.1896,109.199,1,15,-78,-5,12,62,57,5,29568768,262,1,415,13499,
454.329,3812.81,51.4726,7.45258,158.327,16.4111,107.838,1,22,-77,-5,14,63,58,5,29568768,262,1,415,13499,
455.327,3828.84,51.4726,7.45281,158.056,16.7606,106.59,1,22,-77,-5,14,63,58,5,29568768,262,1,415,13499,
456.333,3845.73,51.4726,7.45305,157.891,16.9646,105.444,1,18,-83,-6,13,57,54,5,29568768,262,1,415,13499,
457.336,3862.95,51.4725,7.45329,157.924,17.395,104.733,1,18,-83,-6,13,57,54,5,29568768,262,1,415,13499,
458.322,3880.73,51.4725,7.45354,158.107,17.9719,104.714,1,14,-80,-5,14,60,56,5,29568768,262,1,415,13499,
459.321,3880.73,51.4725,7.45466,nan,18.294,104.918,1,14,-80,-5,14,60,56,5,29568768,262,1,415,13499,
460.331,3880.73,51.4724,7.45404,158.321,17.9207,105.278,1,16,-82,-5,10,58,53,5,29568768,262,1,415,13499,
461.315,3898.77,51.4724,7.45429,158.24,17.7461,106.214,1,16,-82,-5,10,58,53,5,29568768,262,1,415,13499,
462.324,3916.27,51.4723,7.45454,157.902,17.54,106.939,1,18,-80,-5,12,60,55,5,29568768,262,1,415,13499,
463.34,3934.31,51.4723,7.45479,157.61,17.6634,107.363,1,18,-80,-5,12,60,55,5,29568768,262,1,415,13499,
464.336,3950.96,51.4722,7.45502,157.476,17.511,108.382,1,11,-80,-6,10,60,56,5,29568768,262,1,415,13499,
465.34,3968.27,51.4722,7.45525,157.383,17.3508,109.281,1,11,-80,-6,10,60,56,5,29568768,262,1,415,13499,
466.313,3985.66,51.4721,7.45549,157.451,17.1305,110.079,1,19,-80,-5,12,60,57,5,29568768,262,1,415,13499,
467.324,4002.69,51.4721,7.45572,157.479,16.7849,110.886,1,19,-80,-5,12,60,57,5,29568768,262,1,415,13499,
468.33,4019.94,51.472,7.45595,157.992,16.2259,111.816,1,13,-87,-6,9,53,50,5,29568768,262,1,415,13499,
469.338,4036.26,51.472,7.45617,158.362,15.6777,112.595,1,13,-87,-6,9,53,50,5,29568768,262,1,415,13499,
470.316,4051.54,51.4719,7.45637,158.514,15.2909,113.072,1,13,-84,-5,11,56,52,5,29568768,262,1,415,13499,
471.326,4066.55,51.4719,7.45657,158.353,15.0216,113.602,1,13,-84,-5,11,56,52,5,29568768,262,1,415,13499,
472.329,4081.55,51.4718,7.45677,158.093,15.0493,114.292,1,20,-83,-6,13,57,53,5,29568768,262,1,415,13499,
473.329,4096.83,51.4718,7.45697,157.569,15.4777,114.726,1,20,-83,-6,13,57,53,5,29568768,262,1,415,13499,
474.355,4112.41,51.4717,7.45717,157.121,15.5358,115.211,1,20,-83,-6,13,57,53,5,29568768,262,1,415,13499,
475.331,4127.83,51.4716,7.45737,156.847,15.3795,115.745,1,12,-88,-6,11,52,49,5,29568768,262,1,415,13499,
476.32,4143.3,51.4716,7.45757,156.789,15.254,116.629,1,12,-88,-6,11,52,49,5,29568768,262,1,415,13499,
477.362,4158.46,51.4715,7.45777,156.55,15.2344,117.598,1,18,-87,-7,12,53,51,5,29568768,262,1,415,13499,
478.318,4173.15,51.4714,7.45795,156.083,14.6673,117.527,1,18,-87,-7,12,53,51,5,29568768,262,1,415,13499,
479.322,4187.16,51.4714,7.45813,155.773,13.8422,117.082,1,14,-89,-7,11,51,48,5,29568768,262,1,415,13499,
480.33,4201.1,51.4713,7.45831,155.802,13.3826,116.635,1,14,-89,-7,11,51,48,5,29568768,262,1,415,13499,
481.326,4213.65,51.4713,7.45848,155.734,12.5708,115.914,1,15,-90,-7,11,50,48,5,29568768,262,1,415,13499,
482.321,4225.38,51.4712,7.45863,155.564,11.4439,115.733,1,15,-90,-7,11,50,48,5,29568768,262,1,415,13499,
483.326,4235.86,51.4712,7.45877,155.374,10.1641,115.061,1,11,-91,-8,9,49,48,5,29568768,262,1,415,13499,
484.323,4245.82,51.4712,7.4589,155.346,9.21662,115.248,1,11,-91,-8,9,49,48,5,29568768,262,1,415,13499,
485.316,4255.3,51.4711,7.45902,155.488,8.51362,116.06,1,11,-90,-9,10,50,50,5,29568768,262,1,415,13499,
486.334,4263.01,51.4711,7.45912,155.448,7.73618,116.74,1,11,-90,-9,10,50,50,5,29568768,262,1,415,13499,
487.306,4269.62,51.4711,7.45921,155.299,6.41385,116.246,1,9,-93,-10,8,47,48,5,29568768,262,1,415,13499,
488.325,4274.75,51.471,7.45928,154.981,5.14355,116.363,1,9,-93,-10,8,47,48,5,29568768,262,1,415,13499,
489.32,4279.58,51.471,7.45934,154.925,3.84056,116.772,1,1,-95,-10,9,45,46,5,29568768,262,1,415,13499,
490.319,4282.25,51.471,7.45937,154.861,2.7892,116.218,1,1,-95,-10,9,45,46,5,29568768,262,1,415,13499,
491.301,4284.88,51.471,7.45941,154.79,1.93046,117.579,1,7,-91,-8,2,49,47,5,29568768,262,1,415,13499,
492.317,4286.2,51.471,7.45942,154.72,1.05027,137.004,1,7,-91,-8,2,49,47,5,29568768,262,1,415,13499,
493.323,4286.2,51.471,7.45942,154.712,0,137.004,1,7,-91,-8,2,49,47,5,29568768,262,1,415,13499,
494.337,4286.2,51.471,7.45942,154.705,0,137.004,1,6,-94,-9,2,46,47,5,29568769,262,1,416,13499,
495.326,4286.2,51.471,7.45942,154.699,0,137.004,1,6,-94,-9,2,46,47,5,29568769,262,1,416,13499,
496.327,4286.2,51.471,7.45942,154.694,0,137.004,1,7,-94,-9,2,46,47,5,29568769,262,1,416,13499,
497.329,4286.2,51.471,7.45942,154.691,0,137.004,1,7,-94,-9,2,46,47,5,29568769,262,1,416,13499,
498.338,4286.2,51.471,7.45942,154.689,0,137.004,1,7,-93,-9,2,47,47,5,29568769,262,1,416,13499,
499.338,4286.2,51.471,7.45942,154.688,0,137.004,1,7,-93,-9,2,47,47,5,29568769,262,1,416,13499,
500.369,4286.2,51.471,7.45942,154.686,0,137.004,1,7,-94,-9,2,46,47,5,29568769,262,1,416,13499,
501.309,4286.2,51.471,7.45942,154.684,0,137.004,1,7,-94,-9,2,46,47,5,29568769,262,1,416,13499,
502.31,4286.2,51.471,7.45942,154.681,0,137.004,1,6,-93,-9,6,47,47,5,29568769,262,1,416,13499,
503.321,4286.2,51.471,7.45942,154.676,0,137.004,1,6,-93,-9,6,47,47,5,29568769,262,1,416,13499,
504.32,4286.2,51.471,7.45942,154.669,0,137.004,1,7,-93,-8,7,47,46,5,29568769,262,1,416,13499,
505.349,4286.2,51.471,7.45942,154.662,0,137.004,1,7,-93,-8,7,47,46,5,29568769,262,1,416,13499,
506.323,4286.2,51.471,7.45942,154.654,0,137.004,1,8,-94,-9,10,46,46,5,29568769,262,1,416,13499,
507.335,4286.2,51.471,7.45942,154.647,0,137.004,1,8,-94,-9,10,46,46,5,29568769,262,1,416,13499,
508.326,4286.2,51.471,7.45942,154.64,0,137.004,1,6,-93,-8,7,47,46,5,29568769,262,1,416,13499,
509.322,4286.2,51.471,7.45942,154.634,0,137.004,1,6,-93,-8,7,47,46,5,29568769,262,1,416,13499,
510.33,4286.2,51.471,7.45942,154.627,0,137.004,1,6,-93,-9,9,47,47,5,29568769,262,1,416,13499,
511.329,4286.2,51.471,7.45942,154.62,0,137.004,1,6,-93,-9,9,47,47,5,29568769,262,1,416,13499,
512.314,4286.2,51.471,7.45942,154.611,0,137.004,1,8,-93,-9,7,47,47,5,29568769,262,1,416,13499,
513.332,4286.2,51.471,7.45942,154.602,0,137.004,1,8,-93,-9,7,47,47,5,29568769,262,1,416,13499,
514.316,4286.2,51.471,7.45942,154.592,0,137.004,1,8,-93,-8,10,47,47,5,29568769,262,1,416,13499,
515.314,4286.2,51.471,7.45942,154.494,0,109.068,1,8,-93,-8,10,47,47,5,29568769,262,1,416,13499,
516.311,4286.2,51.471,7.45942,154.404,0,111.737,1,8,-93,-8,10,47,47,5,29568769,262,1,416,13499,
517.323,4297.48,51.471,7.45957,153.381,6.23034,113.552,1,5,-92,-8,2,48,47,5,29568769,262,1,416,13499,
518.321,4304.78,51.4709,7.45967,153.142,7.36367,113.9,1,5,-92,-8,2,48,47,5,29568769,262,1,416,13499,
519.321,4312.65,51.4709,7.45977,153.344,8.23686,113.753,1,8,-94,-9,2,46,47,5,29568769,262,1,416,13499,
520.324,4321.88,51.4709,7.45989,153.703,9.07573,113.394,1,8,-94,-9,2,46,47,5,29568769,262,1,416,13499,
521.329,4330.56,51.4708,7.46001,154.126,10.1375,112.174,1,2,-93,-9,2,47,47,5,29568769,262,1,416,13499,
522.323,4339.51,51.4708,7.46013,154.445,10.6328,111.146,1,2,-93,-9,2,47,47,5,29568769,262,1,416,13499,
523.333,4349.15,51.4708,7.46026,154.669,11.1222,111.189,1,4,-94,-10,2,46,47,5,29568769,262,1,416,13499,
524.311,4360.94,51.4707,7.46042,154.309,12.0653,110.814,1,4,-94,-10,2,46,47,5,29568769,262,1,416,13499,
525.322,4373.48,51.4707,7.46058,154.088,12.6783,111.529,1,-2,-96,-11,2,44,45,5,29568769,262,1,416,13499,
526.323,4387.22,51.4706,7.46076,154.173,13.4014,112.214,1,-2,-96,-11,2,44,45,5,29568769,262,1,416,13499,
527.335,4402.05,51.4706,7.46096,153.912,14.1931,113.085,1,10,-97,-12,2,43,45,5,29568769,262,1,416,13499,
528.334,4415.11,51.4705,7.46113,153.524,14.6106,113.807,1,10,-97,-12,2,43,45,5,29568769,262,1,416,13499,
529.333,4429.69,51.4705,7.46132,153.293,14.7342,114.425,1,-1,-96,-12,2,44,47,5,29568769,262,1,416,13499,
530.315,4444.62,51.4704,7.46152,153.587,14.5573,115.212,1,-1,-96,-12,2,44,47,5,29568769,262,1,416,13499,
531.325,4459.94,51.4704,7.46172,154.486,14.1497,115.864,1,-4,-95,-11,2,45,47,5,29568769,262,1,416,13499,
532.322,4474.76,51.4703,7.46191,155.724,13.848,116.252,1,-4,-95,-11,2,45,47,5,29568769,262,1,416,13499,
533.324,4488.94,51.4703,7.46209,156.089,14.0567,115.711,1,-7,-99,-13,2,41,45,5,29568769,262,1,416,13499,
534.324,4502.95,51.4702,7.46227,156.395,14.2236,115.334,1,-7,-99,-13,2,41,45,5,29568769,262,1,416,13499,
535.334,4516.34,51.4701,7.46245,156.116,14.314,114.911,1,4,-101,-12,2,39,42,5,26378498,262,1,495,13499,
536.315,4530.98,51.4701,7.46264,156.081,14.2728,114.473,1,4,-101,-12,2,39,42,5,26378498,262,1,495,13499,
537.326,4544.22,51.47,7.46281,155.921,14.1765,114.044,1,3,-100,-10,2,40,41,5,26378498,262,1,495,13499,
538.345,4558.14,51.47,7.463,155.669,14.5862,113.33,1,3,-100,-10,2,40,41,5,26378498,262,1,495,13499,
539.318,4558.14,51.4695,7.46315,nan,14.6248,114.607,1,3,-100,-10,2,40,41,5,26378498,262,1,495,13499,
540.322,4558.14,51.4699,7.46337,155.291,14.0873,114.247,1,-2,-99,-10,7,41,41,13,26378498,262,1,495,13499,
541.366,4572.01,51.4698,7.46355,154.892,14.2164,113.562,1,-2,-99,-10,7,41,41,13,26378498,262,1,495,13499,
542.334,4586.4,51.4698,7.46374,154.559,14.7922,113.067,1,6,-100,-10,9,40,41,13,26378498,262,1,495,13499,
543.305,4601.43,51.4697,7.46394,154.224,15.369,111.906,1,6,-100,-10,9,40,41,13,26378498,262,1,495,13499,
544.321,4615.51,51.4697,7.46413,153.855,15.5348,110.899,1,3,-99,-8,8,41,41,13,26378498,262,1,495,13499,
545.34,4630.61,51.4696,7.46434,153.498,15.1556,109.451,1,3,-99,-8,8,41,41,13,26378498,262,1,495,13499,
546.334,4646.25,51.4696,7.46455,153.408,14.9052,109.086,1,20,-99,-9,7,41,41,13,26378498,262,1,495,13499,
547.32,4661.16,51.4696,7.46476,152.796,15.0576,107.611,1,20,-99,-9,7,41,41,13,26378498,262,1,495,13499,
548.333,4676.79,51.4695,7.46498,152.109,15.7716,105.245,1,7,-103,-11,8,37,39,13,26378498,262,1,495,13499,
549.335,4691.61,51.4695,7.46519,151.639,14.7406,105.391,1,7,-103,-11,8,37,39,13,26378498,262,1,495,13499,
550.33,4706.2,51.4695,7.46539,151.448,14.7451,105.811,1,4,-102,-11,8,38,40,13,26378498,262,1,495,13499,
551.327,4721.09,51.4694,7.4656,151.762,15.2479,104.37,1,4,-102,-11,8,38,40,13,26378498,262,1,495,13499,
552.32,4736.45,51.4694,7.46582,152.249,14.9887,102.959,1,5,-96,-8,10,44,42,14,29401601,262,1,430,13499,
553.338,4754.23,51.4694,7.46607,152.548,16.4374,100.723,1,5,-96,-8,10,44,42,14,29401601,262,1,430,13499,
554.323,4772.85,51.4694,7.46634,152.404,17.4863,97.1049,1,5,-96,-7,7,44,42,14,29401601,262,1,430,13499,
555.323,4792.17,51.4694,7.46662,152.303,17.9757,94.1402,1,5,-96,-7,7,44,42,14,29401601,262,1,430,13499,
556.344,4811.57,51.4694,7.4669,152.099,18.137,91.7083,1,10,-89,-8,10,51,49,14,29401601,262,1,430,13499,
557.312,4830.97,51.4694,7.46718,152.383,18.4344,89.5752,1,10,-89,-8,10,51,49,14,29401601,262,1,430,13499,
558.312,4849.04,51.4694,7.46744,153.091,18.497,87.8106,1,1,-99,-12,6,41,43,14,29401601,262,1,430,13499,
559.322,4868.08,51.4694,7.46771,153.788,18.8668,86.302,1,1,-99,-12,6,41,43,14,29401601,262,1,430,13499,
560.323,4886.7,51.4695,7.46798,154.741,19.1668,84.8201,1,7,-97,-10,6,43,43,14,29401601,262,1,430,13499,
561.327,4905.23,51.4695,7.46824,155.25,19.1433,83.6218,1,7,-97,-10,6,43,43,14,29401601,262,1,430,13499,
562.337,4926.66,51.4695,7.46854,156.489,19.5158,82.2637,1,1,-102,-11,8,38,40,14,29401601,262,1,430,13499,
563.334,4946.31,51.4696,7.46882,157.417,18.7875,82.5735,1,1,-102,-11,8,38,40,14,29401601,262,1,430,13499,
564.314,4965.74,51.4696,7.4691,158.213,19.3063,81.9321,1,1,-104,-11,7,36,38,14,29401601,262,1,430,13499,
565.336,4985.31,51.4696,7.46937,158.556,19.6202,81.4617,1,1,-104,-11,7,36,38,14,29401601,262,1,430,13499,
566.317,5003.78,51.4697,7.46963,158.637,19.3759,81.1291,1,1,-104,-11,7,36,38,14,29401601,262,1,430,13499,
567.33,5024.65,51.4697,7.46993,159.27,19.2981,81.3092,1,4,-102,-12,2,38,41,14,29401601,262,1,430,13499,
568.325,5043.93,51.4697,7.47021,159.974,19.3996,82.3818,1,4,-102,-12,2,38,41,14,29401601,262,1,430,13499,
569.337,5062.64,51.4698,7.47047,160.512,18.4557,83.3018,1,4,-100,-11,2,40,42,14,29401601,262,1,430,13499,
570.324,5081.18,51.4698,7.47074,160.796,18.7476,84.4997,1,4,-100,-11,2,40,42,14,29401601,262,1,430,13499,
571.318,5101.01,51.4698,7.47102,160.909,20.3564,84.8987,1,7,-99,-11,2,41,43,14,29401601,262,1,430,13499,
572.311,5120.82,51.4698,7.47131,161.076,19.1098,86.6535,1,7,-99,-11,2,41,43,14,29401601,262,1,430,13499,
573.326,5139.06,51.4698,7.47157,161.147,18.8533,88.0247,1,5,-98,-10,2,42,43,14,29401601,262,1,430,13499,
574.326,5157.32,51.4698,7.47184,161.353,18.4375,90.2873,1,5,-98,-10,2,42,43,14,29401601,262,1,430,13499,
575.313,5177.28,51.4698,7.47212,162.008,17.8172,92.1587,1,5,-100,-11,2,40,42,14,29401601,262,1,430,13499,
576.308,5195.29,51.4698,7.47238,162.644,17.5257,94.9269,1,5,-100,-11,2,40,42,14,29401601,262,1,430,13499,
577.334,5212.81,51.4698,7.47263,163.029,17.7587,96.8151,1,0,-99,-10,2,41,42,14,31263232,262,1,162,13499,
578.341,5231.86,51.4697,7.47291,163.662,17.5963,98.8502,1,0,-99,-10,2,41,42,14,31263232,262,1,162,13499,
579.316,5231.86,51.4678,7.47482,nan,17.5592,100.02,1,3,-99,-11,7,41,43,22,31263232,262,1,162,13499,
580.331,5231.86,51.4697,7.47338,164.504,17.5589,101.095,1,3,-99,-11,7,41,43,22,31263232,262,1,162,13499,
581.323,5248.12,51.4697,7.47362,165.039,16.785,101.848,1,0,-99,-10,6,41,42,22,31263232,262,1,162,13499,
582.319,5266.86,51.4696,7.47388,165.839,18.3335,100.694,1,0,-99,-10,6,41,42,22,31263232,262,1,162,13499,
583.349,5284.02,51.4696,7.47413,166.235,17.6524,99.9869,1,-2,-102,-13,6,38,41,22,31263232,262,1,162,13499,
584.326,5302.73,51.4696,7.47439,166.623,17.7808,99.6942,1,-2,-102,-13,6,38,41,22,31263232,262,1,162,13499,
585.315,5321.82,51.4696,7.47467,166.601,17.8607,99.3228,1,-3,-103,-12,5,37,40,22,31263232,262,1,162,13499,
586.322,5340.22,51.4695,7.47493,166.956,17.2679,99.0646,1,-3,-103,-12,5,37,40,22,31263232,262,1,162,13499,
587.331,5356.72,51.4695,7.47517,167.384,16.9338,98.409,1,1,-106,-14,6,34,39,22,31263232,262,1,162,13499,
588.338,5372.74,51.4695,7.4754,167.135,16.7723,96.9818,1,1,-106,-14,6,34,39,22,31263232,262,1,162,13499,
589.312,5388.71,51.4695,7.47563,166.536,15.7832,95.8527,1,-2,-105,-14,5,35,40,22,31263232,262,1,162,13499,
590.314,5404.47,51.4695,7.47585,165.832,15.4783,94.7859,1,-2,-105,-14,5,35,40,22,31263232,262,1,162,13499,
591.337,5421.16,51.4695,7.47609,165.795,15.031,93.3305,1,-1,-103,-13,6,37,41,8,26378497,262,1,496,13499,
592.323,5435.32,51.4695,7.4763,166.508,13.7516,92.6791,1,-1,-103,-13,6,37,41,8,26378497,262,1,496,13499,
593.32,5448.67,51.4695,7.47649,167.122,11.9344,93.1111,1,-2,-101,-13,6,39,43,8,26378497,262,1,496,13499,
594.344,5463.69,51.4695,7.47671,168.248,12.8595,90.9451,1,-2,-101,-13,6,39,43,8,26378497,262,1,496,13499,
595.322,5478.81,51.4695,7.47693,169.656,12.6746,89.6464,1,-2,-101,-13,6,39,43,8,26378497,262,1,496,13499,
596.318,5492.55,51.4695,7.47712,170.491,12.3346,89.7295,1,-3,-101,-14,5,39,44,8,26378497,262,1,496,13499,
597.31,5506.78,51.4695,7.47733,171.109,11.6462,88.7088,1,-3,-101,-14,5,39,44,8,26378497,262,1,496,13499,
598.304,5521.61,51.4695,7.47754,171.623,12.1048,86.9589,1,-5,-100,-14,5,40,45,8,26378497,262,1,496,13499,
599.324,5535.58,51.4695,7.47774,172.38,12.2198,85.3637,1,-5,-100,-14,5,40,45,8,26378497,262,1,496,13499,
600.329,5549.32,51.4696,7.47793,173.114,13.1488,82.7275,1,-1,-97,-13,6,43,47,8,26378497,262,1,496,13499,
601.277,5549.32,51.4696,7.47793,173.114,13.1488,82.7275,1,-1,-97,-13,6,43,47,8,26378497,262,1,496,13499,
602.283,5577.22,51.4696,7.47832,175.145,12.904,79.1616,1,1,-96,-12,8,44,47,8,26378497,262,1,496,13499,
603.314,5590.25,51.4697,7.4785,175.824,12.7443,77.6257,1,1,-96,-12,8,44,47,8,26378497,262,1,496,13499,
604.34,5603.62,51.4697,7.47869,176.491,12.721,76.8426,1,10,-90,-10,10,50,50,8,26378497,262,1,496,13499,
605.323,5617.54,51.4697,7.47888,176.862,13.3149,76.0633,1,10,-90,-10,10,50,50,8,26378497,262,1,496,13499,
606.324,5630.97,51.4698,7.47906,177.145,13.7825,75.1651,1,11,-87,-7,9,53,50,8,26378497,262,1,496,13499,
607.322,5645.08,51.4698,7.47925,177.218,14.0137,74.63,1,11,-87,-7,9,53,50,8,26378497,262,1,496,13499,
608.335,5658.58,51.4699,7.47943,177.365,13.5806,73.8947,1,10,-83,-5,11,57,51,8,26378497,262,1,496,13499,
609.324,5671.75,51.4699,7.47961,177.547,13.1714,73.4467,1,10,-83,-5,11,57,51,8,26378497,262,1,496,13499,
610.482,5684.75,51.47,7.47979,177.784,12.6059,73.5911,1,23,-78,-7,14,62,60,8,26378497,262,1,496,13499,
611.298,5697.3,51.47,7.47996,178.175,12.1996,73.0894,1,23,-78,-7,14,62,60,8,26378497,262,1,496,13499,
612.314,5710,51.47,7.48013,178.605,12.3396,74.6497,1,20,-80,-5,13,60,56,8,26378497,262,1,496,13499,
613.325,5722.87,51.4701,7.48031,178.902,14.1684,73.2341,1,20,-80,-5,13,60,56,8,26378497,262,1,496,13499,
614.34,5738.96,51.4701,7.48053,179.607,14.588,72.5193,1,12,-89,-8,9,51,50,8,26378497,262,1,496,13499,
615.333,5752.72,51.4701,7.48072,179.982,14.1274,72.0698,1,12,-89,-8,9,51,50,8,26378497,262,1,496,13499,
616.314,5766.6,51.4702,7.48091,180.453,13.6045,72.4413,1,10,-86,-7,10,54,51,8,26378497,262,1,496,13499,
617.347,5779.4,51.4702,7.48108,180.96,12.0487,72.8048,1,10,-86,-7,10,54,51,8,26378497,262,1,496,13499,
618.316,5779.4,51.4704,7.48209,nan,10.8813,73.6287,1,10,-86,-7,10,54,51,8,26378497,262,1,496,13499,
619.333,5779.4,51.4703,7.48136,180.868,8.78747,74.2245,1,12,-92,-7,12,48,46,8,26378497,262,1,496,13499,
620.332,5789.3,51.4703,7.4815,180.839,8.31894,73.4593,1,12,-92,-7,12,48,46,8,26378497,262,1,496,13499,
621.337,5795.5,51.4703,7.48157,180.294,6.85398,127.836,1,7,-93,-8,11,47,46,8,26378497,262,1,496,13499,
622.322,5803.77,51.4702,7.48163,179.561,8.47546,156.28,1,7,-93,-8,11,47,46,8,26378497,262,1,496,13499,
623.328,5813.94,51.4701,7.48169,178.649,9.58243,158.479,1,7,-91,-6,8,49,46,8,26378497,262,1,496,13499,
624.322,5824.78,51.47,7.48173,177.519,9.92794,161.914,1,7,-91,-6,8,49,46,8,26378497,262,1,496,13499,
625.326,5837.49,51.4699,7.48178,175.986,12.5547,162.736,1,5,-92,-8,10,48,46,8,26378497,262,1,496,13499,
626.33,5850.68,51.4698,7.48183,174.311,13.2884,162.159,1,5,-92,-8,10,48,46,8,26378497,262,1,496,13499,
627.323,5865.67,51.4697,7.48188,172.685,14.3201,163.27,1,7,-95,-9,7,45,44,8,26378497,262,1,496,13499,
628.301,5880.87,51.4695,7.48192,171.162,14.0492,164.978,1,7,-95,-9,7,45,44,8,26378497,262,1,496,13499,
629.326,5898.37,51.4694,7.48198,169.702,14.4435,165.415,1,9,-94,-8,9,46,45,8,26378497,262,1,496,13499,
630.325,5913.87,51.4693,7.48203,168.736,14.3553,166.565,1,9,-94,-8,9,46,45,8,26378497,262,1,496,13499,
631.33,5928.39,51.4691,7.48208,167.545,14.8584,167.1,1,2,-93,-9,7,47,48,8,26378497,262,1,496,13499,
632.316,5942.89,51.469,7.48213,166.574,15.0639,167.22,1,2,-93,-9,7,47,48,8,26378497,262,1,496,13499,
633.318,5957.57,51.4689,7.48217,165.683,14.7414,166.738,1,6,-93,-8,6,47,47,8,26378497,262,1,496,13499,
634.316,5971.87,51.4687,7.48222,164.953,14.4715,166.01,1,6,-93,-8,6,47,47,8,26378497,262,1,496,13499,
635.309,5986.01,51.4686,7.48228,164.15,14.2656,164.975,1,0,-94,-6,2,46,43,8,26378497,262,1,496,13499,
636.336,6001.05,51.4685,7.48234,163.655,14.3256,164.003,1,0,-94,-6,2,46,43,8,26378497,262,1,496,13499,
637.336,6015.47,51.4684,7.48239,163.432,14.2076,163.486,1,-2,-95,-9,2,45,47,8,26378497,262,1,496,13499,
638.313,6029.4,51.4682,7.48245,163.318,13.9871,163.999,1,-2,-95,-9,2,45,47,8,26378497,262,1,496,13499,
639.314,6043.66,51.4681,7.4825,163.216,13.9425,165.24,1,-2,-97,-10,2,43,46,8,26378497,262,1,496,13499,
640.314,6058.67,51.468,7.48255,163.438,14.0482,166.211,1,-2,-97,-10,2,43,46,8,26378497,262,1,496,13499,
641.33,6072.37,51.4679,7.4826,163.724,13.679,166.714,1,-2,-97,-10,2,43,46,8,26378497,262,1,496,13499,
642.327,6085.78,51.4678,7.48264,164.062,13.554,167.415,1,-3,-100,-11,2,40,43,8,26378497,262,1,496,13499,
643.325,6099.24,51.4676,7.48268,164.399,13.4273,168.439,1,-3,-100,-11,2,40,43,8,26378497,262,1,496,13499,
644.337,6112.72,51.4675,7.48271,164.943,13.3251,170.175,1,-4,-100,-11,2,40,42,8,28371200,262,1,68,13499,
645.33,6125.19,51.4674,7.48272,165.832,13.4569,172.431,1,-4,-100,-11,2,40,42,8,28371200,262,1,68,13499,
646.321,6136.85,51.4673,7.48273,166.937,13.2073,174.777,1,3,-100,-10,2,40,42,8,28371200,262,1,68,13499,
647.323,6149.13,51.4672,7.48273,167.917,13.331,177.351,1,3,-100,-10,2,40,42,8,28371200,262,1,68,13499,
648.328,6161.73,51.4671,7.48272,168.534,13.9107,178.927,1,10,-100,-9,2,40,40,8,28371200,262,1,68,13499,
649.332,6176.42,51.4669,7.48271,168.506,14.4373,181.249,1,10,-100,-9,2,40,40,8,28371200,262,1,68,13499,
650.323,6191.4,51.4668,7.48269,168.456,13.1979,183.754,1,4,-100,-8,2,40,39,8,28371200,262,1,68,13499,
651.333,6206.52,51.4667,7.48266,168.254,14.0471,187.135,1,4,-100,-8,2,40,39,8,28371200,262,1,68,13499,
652.338,6221.05,51.4665,7.48261,167.758,14.7002,190.178,1,5,-100,-7,2,40,39,8,28371200,262,1,68,13499,
653.334,6236.36,51.4664,7.48256,167.218,13.9594,192.069,1,5,-100,-7,2,40,39,8,28371200,262,1,68,13499,
654.325,6252.26,51.4663,7.4825,166.272,13.9128,193.637,1,2,-99,-8,2,41,41,8,28371200,262,1,68,13499,
655.331,6266.81,51.4661,7.48243,165.718,13.1639,196.256,1,2,-99,-8,2,41,41,8,28371200,262,1,68,13499,
656.324,6281.05,51.466,7.48236,164.922,13.3591,197.43,1,-4,-100,-9,2,40,42,8,28371200,262,1,68,13499,
657.334,6294.4,51.4659,7.48228,164.301,13.3591,195.642,1,-4,-100,-9,2,40,42,8,28371200,262,1,68,13499,
658.31,6310.12,51.4658,7.48223,164.356,15.8401,189.886,1,0,-105,-9,2,35,34,8,30492930,262,1,176,13499,
659.307,6310.12,51.4658,7.4812,nan,15.8401,192.53,1,0,-105,-9,2,35,34,8,30492930,262,1,176,13499,
660.322,6310.12,51.4656,7.48206,163.537,12.7072,195.254,1,2,-107,-11,6,33,36,16,30492930,262,1,176,13499,
661.324,6325.5,51.4654,7.48197,164.458,13.0962,198.167,1,2,-107,-11,6,33,36,16,30492930,262,1,176,13499,
662.331,6342.27,51.4653,7.48187,165.358,13.6428,199.685,1,-3,-101,-11,6,39,42,16,30492930,262,1,176,13499,
663.33,6357.16,51.4652,7.48177,166.803,14.2383,200.49,1,-3,-101,-11,6,39,42,16,30492930,262,1,176,13499,
664.317,6370.14,51.4651,7.48167,168.2,13.2689,201.289,1,-3,-101,-11,6,39,42,16,30492930,262,1,176,13499,
665.318,6383.34,51.465,7.48159,169.379,12.8673,200.833,1,-3,-104,-12,5,36,39,16,30492930,262,1,176,13499,
666.34,6397.51,51.4648,7.48152,169.634,13.4195,199.683,1,-3,-104,-12,5,36,39,16,30492930,262,1,176,13499,
667.329,6412.09,51.4647,7.48145,169.696,13.7299,199.23,1,-4,-104,-11,6,36,39,15,26378497,262,1,496,13499,
668.335,6427.2,51.4646,7.48138,170.092,14.5184,198.722,1,-4,-104,-11,6,36,39,15,26378497,262,1,496,13499,
669.323,6441.95,51.4645,7.48131,169.991,14.6835,198.317,1,-1,-106,-10,7,34,36,15,26378497,262,1,496,13499,
670.332,6456.92,51.4643,7.48124,169.403,14.4247,197.55,1,-1,-106,-10,7,34,36,15,26378497,262,1,496,13499,
671.318,6471.39,51.4642,7.48117,168.884,13.5265,198.042,1,-1,-111,-14,4,29,34,15,26378497,262,1,496,13499,
672.324,6485.53,51.4641,7.48111,168.943,13.3117,197.598,1,-1,-111,-14,4,29,34,15,26378497,262,1,496,13499,
673.317,6498.41,51.464,7.48105,169.04,12.196,196.693,1,1,-108,-12,7,32,35,16,28371200,262,1,68,13499,
674.333,6511.3,51.4639,7.481,169.682,11.2957,196.835,1,1,-108,-12,7,32,35,16,28371200,262,1,68,13499,
675.323,6522.73,51.4638,7.48095,170.359,11.4102,196.112,1,4,-108,-8,8,32,32,16,28371200,262,1,68,13499,
676.32,6534.28,51.4637,7.4809,171.273,11.7241,195.311,1,4,-108,-8,8,32,32,16,28371200,262,1,68,13499,
677.328,6544.61,51.4636,7.48085,172.071,11.39,195.924,1,-3,-110,-11,6,30,33,16,28371200,262,1,68,13499,
678.308,6555.63,51.4635,7.4808,172.579,11.5441,195.41,1,-3,-110,-11,6,30,33,16,28371200,262,1,68,13499,
679.32,6567.19,51.4634,7.48075,172.692,11.8784,195.869,1,-2,-112,-13,6,28,32,16,28371200,262,1,68,13499,
680.308,6578.23,51.4633,7.4807,173.047,10.6676,196.436,1,-2,-112,-13,6,28,32,16,28371200,262,1,68,13499,
681.333,6587.7,51.4632,7.48066,173.669,9.26577,195.808,1,0,-101,-11,8,39,32,15,28371206,262,1,129,13499,
682.323,6595.91,51.4631,7.48063,174.54,8.89803,195.808,1,0,-101,-11,8,39,32,15,28371206,262,1,129,13499,
683.325,6603.71,51.4631,7.4806,175.639,7.64474,196.243,1,1,-102,-12,8,38,34,15,28371206,262,1,129,13499,
684.332,6611.02,51.463,7.48056,176.545,6.67476,196.953,1,1,-102,-12,8,38,34,15,28371206,262,1,129,13499,
685.316,6616.61,51.463,7.48054,176.875,5.35891,198.243,1,0,-102,-13,7,38,35,15,28371206,262,1,129,13499,
686.32,6621.07,51.4629,7.48052,176.905,4.07943,198.865,1,0,-102,-13,7,38,35,15,28371206,262,1,129,13499,
687.325,6625.21,51.4629,7.4805,176.898,3.39581,197.932,1,0,-102,-13,7,38,35,15,28371206,262,1,129,13499,
688.334,6628.4,51.4629,7.48049,176.918,2.20469,197.249,1,-1,-101,-12,7,39,34,15,28371206,262,1,129,13499,
689.327,6631.09,51.4628,7.48048,176.896,1.93414,196.731,1,-1,-101,-12,7,39,34,15,28371206,262,1,129,13499,
690.313,6633.89,51.4628,7.48048,176.837,2.02656,196.047,1,0,-99,-11,8,41,36,15,28371206,262,1,129,13499,
691.312,6635.96,51.4628,7.48047,176.802,1.69787,195.482,1,0,-99,-11,8,41,36,15,28371206,262,1,129,13499,
692.325,6637.26,51.4628,7.48047,176.734,0.639037,195.482,1,2,-100,-11,8,40,34,15,28371206,262,1,129,13499,
693.325,6637.26,51.4628,7.48047,176.721,0,195.482,1,2,-100,-11,8,40,34,15,28371206,262,1,129,13499,
694.322,6637.26,51.4628,7.48047,176.702,0,195.482,1,1,-98,-9,7,42,35,15,28371206,262,1,129,13499,
695.333,6637.26,51.4628,7.48047,176.675,0,195.482,1,1,-98,-9,7,42,35,15,28371206,262,1,129,13499,
696.34,6637.26,51.4628,7.48047,176.642,0,195.482,1,1,-98,-10,2,42,35,15,28371206,262,1,129,13499,
697.324,6637.26,51.4628,7.48047,176.601,0,195.482,1,1,-98,-10,2,42,35,15,28371206,262,1,129,13499,
698.338,6637.26,51.4628,7.48047,176.554,0,195.482,1,-1,-98,-9,2,42,34,15,28371206,262,1,129,13499,
699.316,6637.26,51.4628,7.48047,176.504,0,195.482,1,-1,-98,-9,2,42,34,15,28371206,262,1,129,13499,
700.319,6637.26,51.4628,7.48047,175.971,0,195.482,1,-1,-98,-9,2,42,35,15,28371206,262,1,129,13499,
701.328,6637.26,51.4628,7.48047,175.467,0,197.388,1,-1,-98,-9,2,42,35,15,28371206,262,1,129,13499,
702.338,6637.26,51.4628,7.48047,175.018,0,195.332,1,4,-99,-11,2,41,35,15,28371206,262,1,129,13499,
703.314,6645.57,51.4627,7.48043,174.603,4.02358,196.268,1,4,-99,-11,2,41,35,15,28371206,262,1,129,13499,
704.334,6650.51,51.4627,7.48041,170.775,4.78138,198.368,1,1,-100,-11,2,40,36,15,28371206,262,1,129,13499,
705.324,6657.36,51.4626,7.48037,168.127,4.59814,200.75,1,1,-100,-11,2,40,36,15,28371206,262,1,129,13499,
706.341,6663.24,51.4626,7.48034,166.209,6.32505,200.685,1,10,-96,-9,2,44,37,15,29568778,262,1,353,13499,
707.317,6672.24,51.4625,7.48029,164.957,7.75665,199.968,1,10,-96,-9,2,44,37,15,29568778,262,1,353,13499,
708.323,6680.14,51.4624,7.48026,164.052,8.47803,199.366,1,10,-96,-9,2,44,37,15,29568778,262,1,353,13499,
709.31,6688.19,51.4624,7.48022,163.201,9.54769,198.664,1,-4,-110,-12,2,30,32,15,28368384,262,1,31,13499,
710.329,6696.99,51.4623,7.48018,162.411,9.151,198,1,-4,-110,-12,2,30,32,15,28368384,262,1,31,13499,
711.316,6704.99,51.4622,7.48015,162.134,8.64153,197.102,1,0,-112,-12,2,28,31,15,28371200,262,1,68,13499,
712.332,6712.46,51.4621,7.48013,161.659,6.80239,194.889,1,0,-112,-12,2,28,31,15,28371200,262,1,68,13499,
713.336,6716.54,51.4621,7.48011,161.62,3.27421,193.217,1,-1,-113,-12,2,27,30,15,28371200,262,1,68,13499,
714.335,6720.49,51.4621,7.4801,161.59,1.08077,194.855,1,-1,-113,-12,2,27,30,15,28371200,262,1,68,13499,
715.326,6722.53,51.4621,7.4801,161.611,0.491766,194.855,1,-3,-113,-13,2,27,30,15,28371200,262,1,68,13499,
716.324,6722.53,51.4621,7.4801,161.615,0,194.855,1,-3,-113,-13,2,27,30,15,28371200,262,1,68,13499,
717.322,6722.53,51.4621,7.4801,161.623,0,194.855,1,-1,-114,-14,2,26,30,15,28371200,262,1,68,13499,
718.316,6722.53,51.4621,7.4801,161.629,0,194.855,1,-1,-114,-14,2,26,30,15,28371200,262,1,68,13499,
719.325,6722.53,51.4622,7.48016,nan,0,194.855,1,-2,-113,-13,6,27,31,14,28371200,262,1,68,13499,
720.32,6722.53,51.4621,7.4801,161.73,0,146.186,1,-2,-113,-13,6,27,31,14,28371200,262,1,68,13499,
721.316,6722.53,51.4621,7.4801,162.946,0,117.384,1,-2,-111,-13,4,29,34,14,28371200,262,1,68,13499,
722.325,6736.03,51.462,7.48028,164.192,7.94883,97.1754,1,-2,-111,-13,4,29,34,14,28371200,262,1,68,13499,
723.484,6743.82,51.462,7.48039,165.382,8.44481,97.2983,1,-3,-98,-9,7,42,35,26,29568778,262,1,353,13499,
724.319,6752.57,51.462,7.48051,166.771,10.2109,94.8494,1,-3,-98,-9,7,42,35,26,29568778,262,1,353,13499,
725.32,6762.78,51.462,7.48066,168.144,11.0831,93.23,1,1,-102,-11,8,38,32,26,29568778,262,1,353,13499,
726.343,6774.14,51.462,7.48083,169.349,11.6398,92.1106,1,1,-102,-11,8,38,32,26,29568778,262,1,353,13499,
727.315,6786.01,51.462,7.481,170.1,10.8249,93.2393,1,2,-97,-8,10,43,34,26,29568778,262,1,353,13499,
728.317,6797.36,51.462,7.48116,170.656,10.9955,92.6788,1,2,-97,-8,10,43,34,26,29568778,262,1,353,13499,
729.328,6808.49,51.462,7.48132,171.128,11.1612,93.398,1,1,-105,-12,6,35,31,26,29568778,262,1,353,13499,
730.333,6821.15,51.462,7.4815,171.639,11.8662,92.6142,1,1,-105,-12,6,35,31,26,29568778,262,1,353,13499,
731.344,6834.21,51.462,7.48169,172.396,12.5145,91.7842,1,0,-105,-11,7,35,30,26,29568778,262,1,353,13499,
732.337,6847.94,51.462,7.48189,173.301,13.2395,92.7198,1,0,-105,-11,7,35,30,26,29568778,262,1,353,13499,
733.331,6860.7,51.462,7.48208,174.2,13.135,92.6632,1,0,-105,-11,7,35,30,26,29568778,262,1,353,13499,
734.337,6873.57,51.462,7.48226,175.047,12.4453,92.3205,1,-1,-105,-13,5,35,32,26,29568778,262,1,353,13499,
735.343,6885.61,51.462,7.48244,175.855,12.1407,91.7566,1,-1,-105,-13,5,35,32,26,29568778,262,1,353,13499,
736.328,6897.87,51.462,7.48261,176.255,11.8958,90.857,1,-2,-108,-14,5,32,28,26,29568778,262,1,353,13499,
737.336,6909.15,51.462,7.48278,176.723,11.284,90.9652,1,-2,-108,-14,5,32,28,26,29568778,262,1,353,13499,
738.355,6920.79,51.462,7.48294,177.178,10.5422,91.8151,1,-2,-107,-14,4,33,31,26,29568778,262,1,353,13499,
739.327,6931.35,51.462,7.4831,177.783,10.8334,91.2701,1,-2,-107,-14,4,33,31,26,29568778,262,1,353,13499,
740.339,6941.22,51.462,7.48324,178.553,10.6846,90.6853,1,1,-100,-12,4,40,36,26,29568778,262,1,353,13499,
741.329,6950.3,51.462,7.48337,178.826,10.1671,89.7943,1,1,-100,-12,4,40,36,26,29568778,262,1,353,13499,
742.339,6959.63,51.462,7.4835,179.055,9.05968,87.2239,1,0,-109,-13,7,31,28,26,29568778,262,1,353,13499,
743.315,6969.99,51.462,7.48365,178.964,8.8257,83.2292,1,0,-109,-13,7,31,28,26,29568778,262,1,353,13499,
744.343,6980.75,51.462,7.48381,178.725,8.46789,83.7114,1,-2,-104,-10,6,36,29,13,28371206,262,1,129,13499,
745.305,6990.42,51.462,7.48395,178.944,7.76019,87.4538,1,-2,-104,-10,6,36,29,13,28371206,262,1,129,13499,
746.305,7000.09,51.462,7.48408,179.301,7.56036,111.062,1,13,-91,-8,4,49,41,13,28371206,262,1,129,13499,
747.334,7008.36,51.4619,7.48418,179.891,6.97234,134.626,1,13,-91,-8,4,49,41,13,28371206,262,1,129,13499,
748.316,7016.59,51.4619,7.48424,180.849,6.99162,156.538,1,25,-89,-6,11,51,43,13,28371206,262,1,129,13499,
749.348,7024.49,51.4618,7.48429,181.61,7.39712,157.402,1,25,-89,-6,11,51,43,13,28371206,262,1,129,13499,
750.327,7032.53,51.4617,7.48433,182.565,8.25188,159.286,1,24,-91,-7,12,49,41,13,28371206,262,1,129,13499,
751.329,7040.48,51.4617,7.48436,183.055,8.33227,163.172,1,24,-91,-7,12,49,41,13,28371206,262,1,129,13499,
752.311,7049.97,51.4616,7.48439,183.329,8.68142,164.78,1,23,-89,-7,9,51,41,13,28371206,262,1,129,13499,
753.313,7058.5,51.4615,7.4844,183.183,8.75372,169.636,1,23,-89,-7,9,51,41,13,28371206,262,1,129,13499,
754.318,7067.82,51.4614,7.48442,183.464,8.97437,170.471,1,29,-86,-6,4,54,45,13,28371206,262,1,129,13499,
755.313,7077.27,51.4613,7.48444,183.73,9.38353,171.446,1,29,-86,-6,4,54,45,13,28371206,262,1,129,13499,
756.305,7086.96,51.4613,7.48446,183.956,10.1403,172.22,1,29,-86,-6,4,54,45,13,28371206,262,1,129,13499,
757.339,7097.22,51.4612,7.48447,184.392,11.114,173.166,1,22,-89,-7,11,51,40,13,28371206,262,1,129,13499,
758.311,7110.02,51.4611,7.48449,184.675,10.8284,173.992,1,22,-89,-7,11,51,40,13,28371206,262,1,129,13499,
759.318,7110.02,51.4611,7.48456,nan,10.677,174.886,1,4,-93,-9,2,47,41,13,28371206,262,1,129,13499,
760.325,7110.02,51.4608,7.48451,185.394,11.1273,176.596,1,4,-93,-9,2,47,41,13,28371206,262,1,129,13499,
761.331,7122.78,51.4607,7.48452,186.021,11.8472,177.249,1,6,-89,-10,6,51,46,10,28371206,262,1,129,13499,
762.335,7134.87,51.4606,7.48452,186.797,12.6122,178.656,1,6,-89,-10,6,51,46,10,28371206,262,1,129,13499,
763.371,7147.66,51.4605,7.48452,187.599,12.723,180.477,1,11,-87,-8,8,53,44,10,28371206,262,1,129,13499,
764.333,7159.99,51.4604,7.48451,188.037,12.9125,181.839,1,11,-87,-8,8,53,44,10,28371206,262,1,129,13499,
765.349,7173.73,51.4603,7.4845,188.61,12.8392,182.995,1,8,-92,-9,8,48,42,10,28371206,262,1,129,13499,
766.326,7187.05,51.4601,7.48448,188.588,12.7243,184.105,1,8,-92,-9,8,48,42,10,28371206,262,1,129,13499,
767.324,7200.85,51.46,7.48446,188.485,12.5134,184.745,1,8,-91,-9,11,49,43,10,28371206,262,1,129,13499,
768.337,7214.53,51.4599,7.48443,188.589,12.8698,186.252,1,8,-91,-9,11,49,43,10,28371206,262,1,129,13499,
769.33,7227.73,51.4598,7.4844,188.581,12.9393,187.54,1,3,-95,-10,7,45,36,10,28371206,262,1,129,13499,
770.328,7241.7,51.4597,7.48436,188.713,13.1451,188.355,1,3,-95,-10,7,45,36,10,28371206,262,1,129,13499,
771.333,7254.78,51.4595,7.48433,188.9,13.5151,188.871,1,3,-100,-11,7,40,35,10,28371206,262,1,129,13499,
772.313,7267.83,51.4594,7.48429,189.338,13.648,189.45,1,3,-100,-11,7,40,35,10,28371206,262,1,129,13499,
773.319,7280.91,51.4593,7.48425,189.623,13.5815,190.033,1,8,-95,-11,7,45,41,10,28371206,262,1,129,13499,
774.342,7294.29,51.4592,7.48422,189.939,13.4997,190.555,1,8,-95,-11,7,45,41,10,28371206,262,1,129,13499,
775.33,7308.21,51.4591,7.48417,190.37,13.5514,190.89,1,7,-92,-8,11,48,40,10,28371206,262,1,129,13499,
776.325,7321.79,51.459,7.48413,190.777,13.753,190.68,1,7,-92,-8,11,48,40,10,28371206,262,1,129,13499,
777.314,7335.92,51.4588,7.48409,191.342,13.8533,191.33,1,6,-94,-10,6,46,39,10,28371206,262,1,129,13499,
778.313,7351.11,51.4587,7.48404,192.219,14.2955,191.837,1,6,-94,-10,6,46,39,10,28371206,262,1,129,13499,
779.305,7365.15,51.4586,7.48399,193.447,12.8524,191.697,1,4,-91,-9,10,49,43,10,28371206,262,1,129,13499,
780.338,7378.15,51.4585,7.48394,194.68,12.5735,192.656,1,4,-91,-9,10,49,43,10,28371206,262,1,129,13499,
781.329,7390.2,51.4584,7.4839,195.534,12.8206,192.293,1,4,-91,-9,10,49,43,10,28371206,262,1,129,13499,
782.325,7401.88,51.4583,7.48386,195.967,12.2755,191.854,1,11,-89,-9,4,51,45,10,28371206,262,1,129,13499,
783.329,7413.78,51.4582,7.48383,196.424,11.6394,191.254,1,11,-89,-9,4,51,45,10,28371206,262,1,129,13499,
784.344,7425.66,51.458,7.48379,196.799,11.8989,191.497,1,10,-87,-7,11,53,44,10,28371206,262,1,129,13499,
785.368,7438.09,51.4579,7.48376,197.299,11.5829,191.146,1,10,-87,-7,11,53,44,10,28371206,262,1,129,13499,
786.31,7451.23,51.4578,7.48372,197.749,12.8661,191.486,1,4,-85,-7,12,55,46,10,28371206,262,1,129,13499,
787.325,7464.67,51.4577,7.48368,198.607,13.3059,190.744,1,4,-85,-7,12,55,46,10,28371206,262,1,129,13499,
788.348,7477.32,51.4576,7.48365,199.184,12.722,190.401,1,9,-85,-8,8,55,47,10,28371206,262,1,129,13499,
789.313,7490.2,51.4575,7.48362,199.775,13.0849,191.336,1,9,-85,-8,8,55,47,10,28371206,262,1,129,13499,
790.343,7502.89,51.4574,7.48359,200.561,12.7504,190.2,1,18,-83,-7,10,57,48,10,28371206,262,1,129,13499,
791.33,7517.64,51.4572,7.48355,201.374,14.002,190.927,1,18,-83,-7,10,57,48,10,28371206,262,1,129,13499,
792.333,7532.29,51.4571,7.48351,202.076,14.3622,191.039,1,14,-82,-7,10,58,51,10,28371206,262,1,129,13499,
793.313,7546.07,51.457,7.48347,202.889,14.1543,191.228,1,14,-82,-7,10,58,51,10,28371206,262,1,129,13499,
794.314,7560.08,51.4569,7.48342,203.393,13.6544,191.296,1,14,-86,-8,10,54,48,10,28371206,262,1,129,13499,
795.322,7575,51.4567,7.48338,204.148,14.5808,190.945,1,14,-86,-8,10,54,48,10,28371206,262,1,129,13499,
796.323,7590.73,51.4566,7.48333,204.731,14.981,190.083,1,4,-79,-8,15,61,56,10,28371206,262,1,129,13499,
797.342,7604.37,51.4565,7.4833,205.172,14.7793,189.468,1,4,-79,-8,15,61,56,10,28371206,262,1,129,13499,
798.322,7619.17,51.4563,7.48327,206.174,14.8936,188.337,1,11,-82,-9,15,58,51,10,28371206,262,1,129,13499,
799.329,7632.92,51.4562,7.48325,207.337,14.3538,187.431,1,11,-82,-9,15,58,51,10,28371206,262,1,129,13499,
800.322,7647.75,51.4561,7.48323,208.616,14.2265,186.337,1,6,-80,-7,6,60,50,5,28371208,262,1,130,13499,
801.32,7662.33,51.4559,7.48322,209.883,14.6427,185.14,1,6,-80,-7,6,60,50,5,28371208,262,1,130,13499,
802.33,7676.45,51.4558,7.48322,210.818,14.6517,183.684,1,20,-71,-7,15,69,59,5,28371208,262,1,130,13499,
803.313,7691.54,51.4557,7.48321,211.486,14.652,182.291,1,20,-71,-7,15,69,59,5,28371208,262,1,130,13499,
804.323,7706.15,51.4556,7.48322,212.197,14.7068,180.604,1,16,-80,-6,10,60,50,5,28371208,262,1,130,13499,
805.324,7721.85,51.4554,7.48323,213.416,14.6703,178.834,1,16,-80,-6,10,60,50,5,28371208,262,1,130,13499,
806.335,7737.37,51.4553,7.48325,214.617,15.7111,176.95,1,17,-78,-6,15,62,51,5,28371208,262,1,130,13499,
807.319,7752.04,51.4551,7.48329,215.383,15.5079,174.689,1,17,-78,-6,15,62,51,5,28371208,262,1,130,13499,
808.348,7766.99,51.455,7.48333,215.968,15.5072,173.04,1,24,-75,-5,15,65,55,5,28371208,262,1,130,13499,
809.314,7782.8,51.4549,7.48337,216.552,15.2444,170.749,1,24,-75,-5,15,65,55,5,28371208,262,1,130,13499,
810.309,7799.17,51.4547,7.48343,216.896,14.8963,168.293,1,24,-75,-5,15,65,55,5,28371208,262,1,130,13499,
811.32,7815.04,51.4546,7.4835,216.865,15.0606,165.012,1,16,-75,-5,11,65,54,5,28371208,262,1,130,13499,
812.329,7831.17,51.4545,7.48358,217.002,15.2035,161.637,1,16,-75,-5,11,65,54,5,28371208,262,1,130,13499,
813.334,7847.42,51.4543,7.48368,216.772,15.7546,159.301,1,14,-81,-6,15,59,47,5,28371208,262,1,130,13499,
814.33,7863.25,51.4542,7.48379,216.481,16.2593,156.784,1,14,-81,-6,15,59,47,5,28371208,262,1,130,13499,
815.317,7879.86,51.4541,7.48395,216.722,16.177,143.38,1,13,-85,-7,15,55,45,5,28371208,262,1,130,13499,
816.334,7896.03,51.454,7.4841,217.009,15.7917,143.757,1,13,-85,-7,15,55,45,5,28371208,262,1,130,13499,
817.313,7910.91,51.4539,7.48423,218.051,15.0543,142.35,1,14,-87,-6,8,53,44,5,28371208,262,1,130,13499,
818.332,7927.2,51.4538,7.48438,219.746,15.4406,141.572,1,14,-87,-6,8,53,44,5,28371208,262,1,130,13499,
819.318,7927.2,51.4534,7.48588,nan,14.4839,139.437,1,15,-81,-6,11,59,49,5,28371208,262,1,130,13499,
820.352,7927.2,51.4536,7.48468,222.475,15.076,138.026,1,15,-81,-6,11,59,49,5,28371208,262,1,130,13499,
821.314,7943.26,51.4535,7.48484,223.719,15.481,136.861,1,23,-76,-5,15,64,54,5,28371208,262,1,130,13499,
822.309,7958.51,51.4534,7.48501,224.863,15.5733,135.004,1,23,-76,-5,15,64,54,5,28371208,262,1,130,13499,
823.338,7973.13,51.4533,7.48517,225.444,15.6479,134.498,1,22,-76,-5,13,64,54,5,28371208,262,1,130,13499,
824.334,7989.18,51.4532,7.48535,225.909,15.7753,133.954,1,22,-76,-5,13,64,54,5,28371208,262,1,130,13499,
825.324,8004.55,51.4531,7.48551,226.335,15.8245,133.022,1,21,-75,-5,15,65,55,5,28371208,262,1,130,13499,
826.321,8019.86,51.453,7.48568,226.64,15.3857,132.608,1,21,-75,-5,15,65,55,5,28371208,262,1,130,13499,
827.333,8034.77,51.4529,7.48584,227.151,14.896,133.226,1,24,-75,-5,15,65,54,5,28371208,262,1,130,13499,
828.328,8048.68,51.4528,7.48599,227.876,13.7358,133.948,1,24,-75,-5,15,65,54,5,28371208,262,1,130,13499,
829.346,8063.12,51.4527,7.48613,228.681,14.35,135.945,1,24,-74,-6,15,66,55,5,28371208,262,1,130,13499,
830.358,8077.97,51.4526,7.48628,229.184,14.6163,136.82,1,24,-74,-6,15,66,55,5,28371208,262,1,130,13499,
831.322,8092.24,51.4525,7.48641,229.88,13.7798,137.742,1,22,-74,-6,15,66,55,5,28371208,262,1,130,13499,
832.323,8106.46,51.4524,7.48654,230.841,13.4224,139.309,1,22,-74,-6,15,66,55,5,28371208,262,1,130,13499,
833.322,8120.51,51.4523,7.48667,231.654,13.1638,140.953,1,13,-77,-6,15,63,51,5,28371208,262,1,130,13499,
834.314,8134.2,51.4522,7.48679,232.427,13.663,143.179,1,13,-77,-6,15,63,51,5,28371208,262,1,130,13499,
835.31,8148.14,51.4521,7.48691,232.894,13.8701,144.5,1,22,-80,-5,12,60,50,5,28371208,262,1,130,13499,
836.312,8160.98,51.452,7.48701,233.103,12.9758,145.852,1,22,-80,-5,12,60,50,5,28371208,262,1,130,13499,
837.341,8174.75,51.4519,7.48711,232.735,13.074,147.195,1,22,-80,-5,12,60,50,5,28371208,262,1,130,13499,
838.338,8187.74,51.4518,7.48719,232.615,12.9821,149.263,1,19,-83,-6,15,57,46,5,28371208,262,1,130,13499,
839.321,8200.36,51.4517,7.48728,232.346,12.7239,151.9,1,19,-83,-6,15,57,46,5,28371208,262,1,130,13499,
840.305,8212.58,51.4516,7.48734,232.323,12.3923,154.821,1,18,-82,-6,4,58,47,5,28371208,262,1,130,13499,
