0.246,0,51.4501,7.48824,253.875,5.19187,169.821,1,11,-97,-9,2,43,44,6,28371201,262,1,66,13499,
1.307,7.79731,51.4501,7.48827,253.593,5.39632,167.21,1,11,-97,-9,11,43,42,7,28371201,262,1,66,13499,
2.347,15.849,51.45,7.48829,253.449,8.80129,167.277,1,11,-97,-9,11,43,42,7,28371201,262,1,66,13499,
3.385,25.681,51.4499,7.48833,253.31,9.45443,167.965,1,8,-96,-9,9,44,45,7,28371201,262,1,66,13499,
4.386,37.8199,51.4498,7.48836,252.8,10.1011,169.406,1,8,-96,-9,9,44,45,7,28371201,262,1,66,13499,
5.386,48.3911,51.4497,7.48839,252.739,10.5517,170.712,1,8,-99,-10,11,41,42,7,28371201,262,1,66,13499,
6.385,59.8079,51.4496,7.48841,252.671,11.1235,172.116,1,8,-99,-10,11,41,42,7,28371201,262,1,66,13499,
7.385,71.1043,51.4495,7.48842,252.565,11.2463,174.048,1,7,-99,-9,8,41,42,7,28371201,262,1,66,13499,
8.385,84.0701,51.4494,7.48843,252.99,11.7346,175.993,1,7,-99,-9,8,41,42,7,28371201,262,1,66,13499,
9.386,96.825,51.4493,7.48843,253.871,11.9215,177.893,1,7,-99,-9,8,41,42,7,28371201,262,1,66,13499,
10.386,108.544,51.4492,7.48843,254.667,11.8819,179.709,1,4,-100,-10,7,40,41,7,28371201,262,1,66,13499,
11.386,120.941,51.4491,7.48842,255.735,11.923,181.107,1,4,-100,-10,7,40,41,7,28371201,262,1,66,13499,
12.385,132.46,51.449,7.48841,256.415,12.0591,182.975,1,3,-103,-11,9,37,39,7,28371201,262,1,66,13499,
13.386,143.688,51.4489,7.48838,256.549,11.8936,185.771,1,3,-103,-11,9,37,39,7,28371201,262,1,66,13499,
14.386,154.982,51.4488,7.48836,256.749,11.8981,188.64,1,4,-102,-9,6,38,38,7,28371201,262,1,66,13499,
15.386,166.854,51.4487,7.48832,256.33,11.6169,190.947,1,4,-102,-9,6,38,38,7,28371201,262,1,66,13499,
16.386,179.482,51.4485,7.48827,256.247,11.6636,192.095,1,-1,-107,-13,2,33,36,7,28371201,262,1,66,13499,
17.386,191.421,51.4484,7.48823,256.281,11.7985,192.982,1,-1,-107,-13,2,33,36,7,28371201,262,1,66,13499,
18.386,203.831,51.4483,7.48818,256.366,11.8558,193.662,1,2,-104,-9,2,36,37,7,27771909,262,1,151,13499,
19.386,216.365,51.4482,7.48813,256.498,12.0989,194.124,1,2,-104,-9,2,36,37,7,27771909,262,1,151,13499,
20.386,227.98,51.4481,7.48809,256.607,12.0387,194.668,1,2,-103,-9,2,37,37,7,27771909,262,1,151,13499,
21.386,239.93,51.448,7.48804,256.782,12.1071,194.108,1,2,-103,-9,2,37,37,7,27771909,262,1,151,13499,
22.386,251.976,51.4479,7.48799,257.24,12.1122,193.153,1,9,-103,-9,2,37,37,7,27771909,262,1,151,13499,
23.386,264.31,51.4478,7.48795,257.976,11.6482,192.349,1,9,-103,-9,2,37,37,7,27771909,262,1,151,13499,
24.386,276.508,51.4477,7.48792,258.583,11.3185,191.111,1,4,-102,-9,2,38,38,7,27771909,262,1,151,13499,
25.386,287.86,51.4476,7.48789,258.958,11.2325,188.724,1,4,-102,-9,2,38,38,7,27771909,262,1,151,13499,
26.386,299.092,51.4475,7.48788,259.065,11.0889,185.845,1,5,-102,-9,2,38,38,7,27771909,262,1,151,13499,
27.386,310.499,51.4474,7.48787,259.42,11.2172,183.202,1,5,-102,-9,2,38,38,7,27771909,262,1,151,13499,
28.386,321.008,51.4473,7.48787,259.781,11.1741,180.838,1,8,-102,-9,2,38,38,7,27771909,262,1,151,13499,
29.385,334.13,51.4472,7.48788,260.279,11.3061,178.413,1,8,-102,-9,2,38,38,7,27771909,262,1,151,13499,
30.386,346.583,51.4471,7.48789,260.825,11.4854,176.493,1,10,-101,-8,2,39,38,7,27771909,262,1,151,13499,
31.386,357.464,51.447,7.48791,261.446,11.8683,173.842,1,10,-101,-8,2,39,38,7,27771909,262,1,151,13499,
32.385,368.148,51.4469,7.48795,261.942,12.198,171.075,1,8,-100,-8,2,40,38,7,27771909,262,1,151,13499,
33.386,379.867,51.4468,7.48799,262.476,12.2639,169.093,1,8,-100,-8,2,40,38,7,27771909,262,1,151,13499,
34.386,419.302,51.447,7.48841,264,11.871,166.223,1,8,-102,-8,2,38,37,7,27771909,262,1,151,13499,
35.386,475.047,51.4465,7.48811,263.349,12.0663,163.241,1,8,-102,-8,2,38,37,7,27771909,262,1,151,13499,
36.386,488.168,51.4464,7.48819,263.762,12.0364,160.116,1,8,-102,-8,2,38,37,7,27771909,262,1,151,13499,
37.385,501.137,51.4463,7.48827,264.288,12.303,157.142,1,1,-102,-9,2,38,38,7,27771909,262,1,151,13499,
38.386,514.369,51.4462,7.48837,264.908,12.5569,154.847,1,1,-102,-9,2,38,38,7,27771909,262,1,151,13499,
39.386,528.635,51.4461,7.48848,265.854,12.7002,152.261,1,3,-101,-8,2,39,39,7,27771909,262,1,151,13499,
40.385,542.743,51.446,7.4886,267.186,13.3402,148.605,1,3,-101,-8,2,39,39,7,27771909,262,1,151,13499,
41.386,556.643,51.4459,7.48873,268.416,13.4599,145.052,1,1,-100,-9,2,40,40,7,27771909,262,1,151,13499,
42.386,570.234,51.4458,7.48887,269.331,13.5983,142.038,1,1,-100,-9,2,40,40,7,27771909,262,1,151,13499,
43.386,585.391,51.4457,7.48902,269.91,13.4748,139.246,1,6,-100,-9,2,40,39,7,27771909,262,1,151,13499,
44.385,596.891,51.4457,7.48916,270.206,13.4263,136.097,1,6,-100,-9,2,40,39,7,27771909,262,1,151,13499,
45.386,610.623,51.4456,7.48932,270.466,13.3393,133.461,1,0,-103,-11,8,37,38,7,27771909,262,1,151,13499,
46.385,625.005,51.4455,7.48948,270.79,13.292,131.913,1,0,-103,-11,8,37,38,7,27771909,262,1,151,13499,
47.386,639.442,51.4455,7.48965,271.107,13.1138,130.544,1,-1,-105,-14,5,35,39,7,27771909,262,1,151,13499,
48.386,653.128,51.4454,7.4898,271.702,12.7807,129.767,1,-1,-105,-14,5,35,39,7,27771909,262,1,151,13499,
49.385,665.437,51.4453,7.48995,272.152,12.8478,129.283,1,1,-106,-12,7,34,37,7,27771909,262,1,151,13499,
50.386,679.285,51.4452,7.49011,273.122,12.5411,128.63,1,1,-106,-12,7,34,37,7,27771909,262,1,151,13499,
51.388,692.498,51.4452,7.49027,273.765,12.4574,128.242,1,-2,-107,-13,7,33,37,7,27771909,262,1,151,13499,
52.386,704.103,51.4451,7.49041,274.512,12.0402,128.673,1,-2,-107,-13,7,33,37,7,27771909,262,1,151,13499,
53.385,716.409,51.4451,7.49055,275.339,11.2823,128.223,1,0,-105,-13,7,35,38,7,27771909,262,1,151,13499,
54.386,716.409,51.4452,7.49077,nan,11.114,129.099,1,0,-105,-13,7,35,38,7,27771909,262,1,151,13499,
55.386,716.409,51.4449,7.49082,277.397,10.4695,128.881,1,0,-99,-8,6,41,39,6,27771907,262,1,150,13499,
56.386,727.209,51.4449,7.49095,278.387,9.50833,129.318,1,0,-99,-8,6,41,39,6,27771907,262,1,150,13499,
57.386,736.695,51.4448,7.49106,278.678,9.05838,128.504,1,2,-107,-10,7,33,34,6,27771907,262,1,150,13499,
58.386,745.267,51.4448,7.49117,278.893,8.44713,127.68,1,2,-107,-10,7,33,34,6,27771907,262,1,150,13499,
59.385,753.237,51.4447,7.49126,279.465,7.89801,127.333,1,2,-107,-10,7,33,34,6,27771907,262,1,150,13499,
60.386,760.591,51.4447,7.49135,279.805,7.12299,127.497,1,6,-105,-8,9,35,34,6,27771907,262,1,150,13499,
61.385,767.033,51.4447,7.49143,279.839,6.54783,127.561,1,6,-105,-8,9,35,34,6,27771907,262,1,150,13499,
62.386,773.045,51.4447,7.49151,279.802,5.78613,127.19,1,5,-106,-8,9,34,34,6,27771907,262,1,150,13499,
63.386,777.62,51.4446,7.49156,280.036,4.95027,126.698,1,5,-106,-8,9,34,34,6,27771907,262,1,150,13499,
64.386,778.579,51.4446,7.49158,279.907,3.37865,126.285,1,2,-107,-8,7,33,33,6,27771907,262,1,150,13499,
65.385,780.096,51.4446,7.4916,279.75,1.42632,125.624,1,2,-107,-8,7,33,33,6,27771907,262,1,150,13499,
66.385,780.096,51.4446,7.4916,279.728,0,125.624,1,4,-107,-9,8,33,33,6,27771907,262,1,150,13499,
67.385,780.096,51.4446,7.4916,279.703,0,125.624,1,4,-107,-9,8,33,33,6,27771907,262,1,150,13499,
68.386,780.096,51.4446,7.4916,279.677,0,125.624,1,4,-106,-10,8,34,35,6,27771907,262,1,150,13499,
69.385,780.096,51.4446,7.4916,279.65,0,125.624,1,4,-106,-10,8,34,35,6,27771907,262,1,150,13499,
70.385,780.096,51.4446,7.4916,279.623,0,125.624,1,4,-106,-11,2,34,36,6,27771907,262,1,150,13499,
71.385,780.096,51.4446,7.4916,279.594,0,125.624,1,4,-106,-11,2,34,36,6,27771907,262,1,150,13499,
72.386,780.096,51.4446,7.4916,279.565,0,125.624,1,6,-106,-10,2,34,36,6,27771907,262,1,150,13499,
73.385,780.096,51.4446,7.4916,279.534,0,125.624,1,6,-106,-10,2,34,36,6,27771907,262,1,150,13499,
74.386,780.096,51.4448,7.49138,nan,0,125.624,1,4,-106,-10,2,34,36,6,27771907,262,1,150,13499,
75.386,780.096,51.4446,7.4916,279.473,0,125.624,1,4,-106,-10,2,34,36,6,27771907,262,1,150,13499,
76.386,780.096,51.4446,7.4916,279.443,0,125.624,1,5,-106,-11,2,34,36,6,27771907,262,1,150,13499,
77.386,780.096,51.4446,7.4916,279.414,0,125.624,1,5,-106,-11,2,34,36,6,27771907,262,1,150,13499,
78.386,780.096,51.4446,7.4916,279.386,0,125.624,1,2,-107,-11,2,33,36,6,27771907,262,1,150,13499,
79.385,780.096,51.4446,7.4916,279.357,0,125.624,1,2,-107,-11,2,33,36,6,27771907,262,1,150,13499,
80.386,780.096,51.4446,7.4916,279.329,0,125.624,1,2,-107,-11,2,33,36,6,27771907,262,1,150,13499,
81.386,780.096,51.4446,7.4916,279.3,0,125.624,1,4,-107,-10,8,33,34,7,27771907,262,1,150,13499,
82.386,780.096,51.4446,7.4916,279.271,0,125.624,1,4,-107,-10,8,33,34,7,27771907,262,1,150,13499,
83.386,780.096,51.4446,7.4916,279.242,0,125.624,1,1,-107,-10,4,33,34,7,27771907,262,1,150,13499,
84.385,780.096,51.4446,7.4916,279.212,0,125.624,1,1,-107,-10,4,33,34,7,27771907,262,1,150,13499,
85.386,780.096,51.4446,7.4916,279.181,0,125.624,1,2,-108,-10,7,32,33,7,27771907,262,1,150,13499,
86.385,780.096,51.4446,7.4916,278.875,0,125.624,1,2,-108,-10,7,32,33,7,27771907,262,1,150,13499,
87.385,780.096,51.4446,7.4916,278.631,0,128.612,1,2,-105,-8,8,35,35,7,27771907,262,1,150,13499,
88.386,790.019,51.4446,7.49172,276.489,0,129.269,1,2,-105,-8,8,35,35,7,27771907,262,1,150,13499,
89.385,795.906,51.4445,7.49176,275.213,5.51711,153.219,1,6,-102,-7,11,38,35,7,27771907,262,1,150,13499,
90.386,801.645,51.4445,7.49177,275.053,6.35621,178.759,1,6,-102,-7,11,38,35,7,27771907,262,1,150,13499,
91.386,807.8,51.4444,7.49172,274.891,7.17901,206.311,1,13,-92,-6,11,48,45,7,27771907,262,1,150,13499,
92.385,815.543,51.4444,7.49166,275.079,8.05511,208.76,1,13,-92,-6,11,48,45,7,27771907,262,1,150,13499,
93.386,824.887,51.4443,7.49159,275.14,9.44722,211.567,1,18,-91,-6,10,49,46,7,27771907,262,1,150,13499,
94.386,824.887,51.4444,7.49165,nan,10.3719,212.794,1,18,-91,-6,10,49,46,7,27771907,262,1,150,13499,
95.386,824.887,51.4442,7.49141,275.07,11.31,213.681,1,15,-91,-6,11,49,46,7,27771907,262,1,150,13499,
96.385,837.028,51.4441,7.49131,275.19,11.9597,213.596,1,15,-91,-6,11,49,46,7,27771907,262,1,150,13499,
97.386,849.627,51.444,7.49121,275.44,12.7326,213.339,1,19,-83,-5,14,57,54,7,27771907,262,1,150,13499,
98.386,862.5,51.4439,7.4911,275.655,13.5541,213.914,1,19,-83,-5,14,57,54,7,27771907,262,1,150,13499,
99.385,877.199,51.4438,7.49098,276.082,14.0819,214.511,1,31,-75,-5,15,65,60,7,27771907,262,1,150,13499,
100.389,891.271,51.4437,7.49086,276.645,14.5487,215.374,1,31,-75,-5,15,65,60,7,27771907,262,1,150,13499,
101.386,905.366,51.4436,7.49073,277.092,14.8121,215.944,1,33,-73,-5,15,67,63,7,27771907,262,1,150,13499,
102.385,919.777,51.4435,7.4906,277.346,15.0232,216.92,1,33,-73,-5,15,67,63,7,27771907,262,1,150,13499,
103.386,935.764,51.4433,7.49046,277.786,15.1908,216.849,1,21,-77,-5,15,63,58,7,27771907,262,1,150,13499,
104.385,952.371,51.4432,7.49031,278.417,15.3092,216.825,1,21,-77,-5,15,63,58,7,27771907,262,1,150,13499,
105.386,969.117,51.4431,7.49016,279.206,15.4272,216.917,1,16,-89,-6,13,51,48,7,27771907,262,1,150,13499,
106.386,985.369,51.443,7.49002,280.045,15.535,216.731,1,16,-89,-6,13,51,48,7,27771907,262,1,150,13499,
107.386,1001.49,51.4429,7.48988,281.248,15.7723,216.152,1,22,-81,-5,15,59,56,7,27771907,262,1,150,13499,
108.385,1017.43,51.4428,7.48974,282.793,15.8738,216.924,1,22,-81,-5,15,59,56,7,27771907,262,1,150,13499,
109.394,1032.98,51.4427,7.4896,284.157,15.9382,216.746,1,34,-70,-5,15,70,63,7,27771907,262,1,150,13499,
110.386,1049.07,51.4425,7.48947,285.237,15.945,215.972,1,34,-70,-5,15,70,63,7,27771907,262,1,150,13499,
111.409,1064.24,51.4424,7.48934,285.66,15.7677,216.851,1,27,-70,-5,15,70,63,7,27771907,262,1,150,13499,
112.385,1079.53,51.4423,7.48921,285.935,15.7083,217.234,1,27,-70,-5,15,70,63,7,27771907,262,1,150,13499,
113.385,1094.72,51.4422,7.48907,285.538,15.5217,217.68,1,27,-70,-5,15,70,63,7,27771907,262,1,150,13499,
114.386,1094.72,51.4423,7.489,nan,15.6161,218.238,1,31,-73,-5,15,67,63,7,27771907,262,1,150,13499,
115.386,1094.72,51.442,7.4888,285.351,15.5528,219.66,1,31,-73,-5,15,67,63,7,27771907,262,1,150,13499,
116.386,1110.56,51.4419,7.48865,285.397,15.3623,221.268,1,18,-63,-4,15,77,63,7,27771907,262,1,150,13499,
117.386,1126.37,51.4418,7.48849,285.595,15.4839,222.673,1,18,-63,-4,15,77,63,7,27771907,262,1,150,13499,
118.386,1142.15,51.4417,7.48833,285.316,15.8608,224.081,1,34,-62,-4,15,78,63,7,27771907,262,1,150,13499,
119.386,1158.79,51.4416,7.48815,285.293,15.8245,226.546,1,34,-62,-4,15,78,63,7,27771907,262,1,150,13499,
120.386,1173.29,51.4415,7.48799,285.144,15.6353,228.456,1,31,-71,-5,15,69,63,7,27771907,262,1,150,13499,
121.386,1188.9,51.4414,7.48782,285.206,15.8009,230.091,1,31,-71,-5,15,69,63,7,27771907,262,1,150,13499,
122.385,1205.6,51.4413,7.48763,285.202,15.8057,230.82,1,32,-75,-5,15,65,61,7,27771907,262,1,150,13499,
123.386,1220.08,51.4412,7.48746,284.927,15.781,231.421,1,32,-75,-5,15,65,61,7,27771907,262,1,150,13499,
124.386,1235.09,51.4412,7.48728,285.038,15.5875,231.791,1,25,-82,-5,15,58,55,7,27771907,262,1,150,13499,
125.385,1249.93,51.4411,7.48711,284.977,15.6368,232.149,1,25,-82,-5,15,58,55,7,27771907,262,1,150,13499,
126.385,1265.29,51.441,7.48692,284.473,15.7036,233.082,1,13,-85,-7,15,55,53,7,27771907,262,1,150,13499,
127.385,1280.52,51.4409,7.48674,284.428,15.7162,233.09,1,13,-85,-7,15,55,53,7,27771907,262,1,150,13499,
128.387,1295.97,51.4408,7.48656,284.313,15.8472,233.171,1,11,-79,-5,6,61,58,1,27771908,262,1,152,13499,
129.385,1311.6,51.4408,7.48638,284.196,15.7876,233.541,1,11,-79,-5,6,61,58,1,27771908,262,1,152,13499,
130.386,1328.03,51.4407,7.48619,284.005,15.7774,232.572,1,17,-81,-6,15,59,57,1,27771908,262,1,152,13499,
131.385,1344.71,51.4406,7.486,283.386,16.0293,233.32,1,17,-81,-6,15,59,57,1,27771908,262,1,152,13499,
132.386,1360.78,51.4405,7.48581,283.214,16.046,233.223,1,22,-80,-6,15,60,58,1,27771908,262,1,152,13499,
133.386,1377.08,51.4404,7.48562,283.199,16.0182,233.469,1,22,-80,-6,15,60,58,1,27771908,262,1,152,13499,
134.385,1377.08,51.4361,7.48286,nan,15.9355,232.821,1,28,-78,-6,15,62,59,1,27771908,262,1,152,13499,
135.386,1377.08,51.4402,7.48525,283.23,16.0237,233.273,1,28,-78,-6,15,62,59,1,27771908,262,1,152,13499,
136.386,1392.42,51.4402,7.48507,283.114,16.016,233.08,1,30,-74,-6,15,66,63,1,27771908,262,1,152,13499,
137.389,1408.88,51.4401,7.48488,283.611,16.2997,232.607,1,30,-74,-6,15,66,63,1,27771908,262,1,152,13499,
138.386,1424.77,51.44,7.4847,284.092,15.9578,232.519,1,30,-74,-6,15,66,63,1,27771908,262,1,152,13499,
139.385,1440.65,51.4399,7.48452,284.678,16.0452,231.688,1,19,-70,-6,15,70,63,1,27771908,262,1,152,13499,
140.386,1456.72,51.4398,7.48434,285.145,15.629,232.35,1,19,-70,-6,15,70,63,1,27771908,262,1,152,13499,
141.386,1472.71,51.4397,7.48415,285.489,15.9175,233.188,1,18,-67,-5,15,73,63,1,27771908,262,1,152,13499,
142.386,1487.67,51.4396,7.48398,285.944,16.5438,233.559,1,18,-67,-5,15,73,63,1,27771908,262,1,152,13499,
143.386,1504.6,51.4396,7.48378,286.41,16.2121,234.05,1,38,-70,-5,12,70,63,1,27771908,262,1,152,13499,
144.386,1520.73,51.4395,7.48359,286.647,16.4669,235.079,1,38,-70,-5,12,70,63,1,27771908,262,1,152,13499,
145.385,1536.76,51.4394,7.48339,286.728,16.2372,236.087,1,21,-72,-5,15,68,63,1,27771908,262,1,152,13499,
146.386,1553.14,51.4393,7.48319,286.729,16.3475,237.415,1,21,-72,-5,15,68,63,1,27771908,262,1,152,13499,
147.388,1570.96,51.4392,7.48297,286.963,16.2078,238.89,1,20,-76,-5,12,64,59,1,27771908,262,1,152,13499,
148.388,1587.38,51.4392,7.48276,287.133,16.1231,239.695,1,20,-76,-5,12,64,59,1,27771908,262,1,152,13499,
149.386,1603.79,51.4391,7.48256,287.36,16.3039,240.305,1,25,-79,-5,15,61,56,1,27771908,262,1,152,13499,
150.386,1620.75,51.439,7.48234,287.249,16.5826,240.178,1,25,-79,-5,15,61,56,1,27771908,262,1,152,13499,
151.385,1638.45,51.4389,7.48211,287.037,16.7741,239.844,1,26,-84,-5,15,56,52,1,27771908,262,1,152,13499,
152.386,1654.49,51.4389,7.48191,286.678,16.4814,240.491,1,26,-84,-5,15,56,52,1,27771908,262,1,152,13499,
153.385,1670.19,51.4388,7.48171,286.338,16.5504,240.019,1,24,-90,-5,13,50,47,1,27771908,262,1,152,13499,
154.385,1670.19,51.4361,7.48286,nan,16.9316,240.422,1,24,-90,-5,13,50,47,1,27771908,262,1,152,13499,
155.386,1670.19,51.4387,7.48129,285.546,16.9136,240.456,1,23,-90,-5,12,50,46,1,27771908,262,1,152,13499,
156.388,1687.53,51.4386,7.48107,285.084,16.9769,240.844,1,23,-90,-5,12,50,46,1,27771908,262,1,152,13499,
157.387,1705.28,51.4385,7.48084,284.643,17.1295,241.298,1,21,-93,-5,13,47,44,1,27771908,262,1,152,13499,
158.386,1722.15,51.4384,7.48063,284.359,16.8737,240.461,1,21,-93,-5,13,47,44,1,27771908,262,1,152,13499,
159.386,1739.31,51.4384,7.48041,284.118,17.2363,240.909,1,21,-93,-6,11,47,44,1,27771908,262,1,152,13499,
160.388,1756.46,51.4383,7.4802,284.256,17.6484,241.166,1,21,-93,-6,11,47,44,1,27771908,262,1,152,13499,
161.399,1773.42,51.4382,7.47998,284.332,17.3693,241.537,1,13,-99,-6,10,41,38,1,27771908,262,1,152,13499,
162.386,1790.06,51.4381,7.47977,284.855,17.1421,241.607,1,13,-99,-6,10,41,38,1,27771908,262,1,152,13499,
163.385,1806.66,51.4381,7.47956,285.249,17.0027,240.792,1,13,-99,-6,10,41,38,1,27771908,262,1,152,13499,
164.386,1823.35,51.438,7.47934,285.865,16.7515,241.39,1,12,-99,-6,14,41,38,1,27771908,262,1,152,13499,
165.386,1839.99,51.4379,7.47913,285.907,16.0694,242.105,1,12,-99,-6,14,41,38,1,27771908,262,1,152,13499,
166.386,1856.74,51.4379,7.47892,286.174,15.8965,242.537,1,18,-101,-6,11,39,37,1,27771908,262,1,152,13499,
167.386,1873.15,51.4378,7.47871,286.153,15.415,242.269,1,18,-101,-6,11,39,37,1,27771908,262,1,152,13499,
168.386,1889.09,51.4377,7.4785,285.804,15.4549,242.769,1,22,-101,-7,7,39,37,1,27771908,262,1,152,13499,
169.386,1905.42,51.4377,7.4783,285.385,15.2524,242.176,1,22,-101,-7,7,39,37,1,27771908,262,1,152,13499,
170.386,1920.51,51.4376,7.4781,285.146,14.9733,242.239,1,6,-102,-7,9,38,36,1,27771908,262,1,152,13499,
171.386,1935.59,51.4375,7.47791,285.032,14.6813,242.816,1,6,-102,-7,9,38,36,1,27771908,262,1,152,13499,
172.386,1950.81,51.4375,7.47772,285.291,14.5979,242.163,1,5,-106,-9,2,34,34,1,27771908,262,1,152,13499,
173.386,1965.47,51.4374,7.47753,285.656,14.8923,242.731,1,5,-106,-9,2,34,34,1,27771908,262,1,152,13499,
174.386,1965.47,51.4361,7.48286,nan,13.4477,243.627,1,4,-105,-7,2,35,32,1,27771908,262,1,152,13499,
175.386,1965.47,51.4373,7.47718,285.996,13.4958,244.38,1,4,-105,-7,2,35,32,1,27771908,262,1,152,13499,
176.385,1978.57,51.4373,7.47701,285.609,12.6906,246.612,1,8,-105,-8,2,35,34,1,27771908,262,1,152,13499,
177.385,1991.78,51.4372,7.47683,285.561,12.0966,249.483,1,8,-105,-8,2,35,34,1,27771908,262,1,152,13499,
178.386,2005.19,51.4372,7.47664,285.696,11.6459,263.712,1,11,-105,-7,2,35,34,1,27771908,262,1,152,13499,
179.386,2017.36,51.4372,7.47646,285.907,10.9766,276.573,1,11,-105,-7,2,35,34,1,27771908,262,1,152,13499,
180.386,2027.51,51.4372,7.47632,286.093,9.88549,292.416,1,12,-102,-7,2,38,36,1,27771908,262,1,152,13499,
181.386,2035.96,51.4373,7.47623,286.395,8.80965,314.681,1,12,-102,-7,2,38,36,1,27771908,262,1,152,13499,
182.389,2043.93,51.4374,7.4762,286.311,8.57924,345.06,1,19,-100,-6,2,40,38,1,27771908,262,1,152,13499,
183.386,2052.09,51.4374,7.47621,286.112,8.81736,7.20482,1,19,-100,-6,2,40,38,1,27771908,262,1,152,13499,
184.385,2059.01,51.4375,7.47625,285.76,8.89322,28.5142,1,19,-100,-6,2,40,38,1,27771908,262,1,152,13499,
185.385,2068.31,51.4376,7.47634,285.637,10.1557,44.8001,1,28,-94,-5,2,46,42,1,27771908,262,1,152,13499,
186.386,2079.44,51.4376,7.47645,285.82,11.1672,47.459,1,28,-94,-5,2,46,42,1,27771908,262,1,152,13499,
187.385,2091.78,51.4377,7.47659,286.293,12.3391,49.8172,1,30,-89,-5,2,51,48,1,27771908,262,1,152,13499,
188.386,2105.4,51.4378,7.47674,286.539,13.7214,51.0346,1,30,-89,-5,2,51,48,1,27771908,262,1,152,13499,
189.386,2119.22,51.4379,7.4769,286.384,14.7654,52.2097,1,30,-81,-5,2,59,55,1,27771908,262,1,152,13499,
190.386,2134.57,51.4379,7.47707,286.054,15.76,53.1541,1,30,-81,-5,2,59,55,1,27771908,262,1,152,13499,
191.386,2151.11,51.438,7.47727,285.714,16.7109,54.1265,1,32,-78,-5,2,62,58,1,27771908,262,1,152,13499,
192.386,2168.3,51.4381,7.47747,285.714,17.7261,54.5358,1,32,-78,-5,2,62,58,1,27771908,262,1,152,13499,
193.385,2185.79,51.4382,7.47767,285.539,18.5697,55.1213,1,31,-77,-5,2,63,59,1,27771908,262,1,152,13499,
194.386,2185.79,51.4361,7.48286,nan,19.5386,55.3321,1,31,-77,-5,2,63,59,1,27771908,262,1,152,13499,
195.386,2185.79,51.4384,7.47812,284.757,20.0902,56.2187,1,31,-75,-4,2,65,60,1,27771908,262,1,152,13499,
196.385,2204.72,51.4385,7.47835,284.409,20.1659,56.7128,1,31,-75,-4,2,65,60,1,27771908,262,1,152,13499,
197.385,2224.45,51.4386,7.47858,284.554,20.1961,57.6701,1,26,-77,-5,15,63,59,8,27771908,262,1,152,13499,
198.386,2245.93,51.4387,7.47884,284.682,20.9669,57.4867,1,26,-77,-5,15,63,59,8,27771908,262,1,152,13499,
199.386,2267.01,51.4388,7.4791,284.88,21.6311,56.8121,1,30,-81,-4,15,59,56,8,27771908,262,1,152,13499,
200.386,2289.32,51.4389,7.47937,284.9,21.997,56.0206,1,30,-81,-4,15,59,56,8,27771908,262,1,152,13499,
201.386,2311.44,51.439,7.47964,284.8,22.0784,55.554,1,29,-84,-5,15,56,54,8,27771908,262,1,152,13499,
202.386,2332.93,51.4391,7.4799,284.757,21.9914,55.3036,1,29,-84,-5,15,56,54,8,27771908,262,1,152,13499,
203.385,2355.13,51.4392,7.48016,284.396,21.8912,54.2176,1,28,-85,-5,15,55,52,8,27771908,262,1,152,13499,
204.385,2376.64,51.4393,7.48042,283.744,21.6564,55.1023,1,28,-85,-5,15,55,52,8,27771908,262,1,152,13499,
205.386,2397.78,51.4395,7.48067,283.087,21.4905,55.7025,1,28,-85,-5,15,55,52,8,27771908,262,1,152,13499,
206.386,2420.13,51.4396,7.48094,282.616,21.5417,55.5321,1,24,-87,-5,13,53,51,8,27771908,262,1,152,13499,
207.386,2441.35,51.4397,7.48119,282.208,21.2742,53.6389,1,24,-87,-5,13,53,51,8,27771908,262,1,152,13499,
208.385,2463.84,51.4398,7.48143,281.905,21.3308,50.1179,1,22,-85,-5,14,55,51,8,27771908,262,1,152,13499,
209.391,2485.27,51.4399,7.48167,281.408,21.1093,49.4034,1,22,-85,-5,14,55,51,8,27771908,262,1,152,13499,
210.386,2506.64,51.4401,7.4819,280.77,20.8796,47.7867,1,23,-84,-6,13,56,53,8,27771908,262,1,152,13499,
211.385,2528.4,51.4402,7.48211,280.447,21.1655,43.6619,1,23,-84,-6,13,56,53,8,27771908,262,1,152,13499,
212.386,2549.09,51.4403,7.48231,280.285,20.9984,42.4737,1,15,-84,-5,13,56,52,8,27771908,262,1,152,13499,
213.386,2571.16,51.4405,7.48253,280.331,20.9342,42.564,1,15,-84,-5,13,56,52,8,27771908,262,1,152,13499,
214.386,2571.16,51.4409,7.48282,nan,21.0169,41.43,1,22,-83,-5,14,57,53,4,27771908,262,1,152,13499,
215.386,2571.16,51.4408,7.48293,280.26,21.1257,40.7051,1,22,-83,-5,14,57,53,4,27771908,262,1,152,13499,
216.385,2591.95,51.4409,7.48313,280.039,21.1116,41.0619,1,21,-81,-5,14,59,55,4,27771908,262,1,152,13499,
217.386,2612.69,51.4411,7.48331,279.623,21.3509,38.367,1,21,-81,-5,14,59,55,4,27771908,262,1,152,13499,
218.385,2632.81,51.4412,7.48349,279.185,21.1391,38.196,1,21,-83,-6,13,57,53,4,27771908,262,1,152,13499,
219.386,2654.01,51.4414,7.48367,278.991,21.4109,35.8603,1,21,-83,-6,13,57,53,4,27771908,262,1,152,13499,
220.391,2676.03,51.4415,7.48384,278.71,21.7049,32.8267,1,10,-83,-5,11,57,52,4,27771908,262,1,152,13499,
221.386,2697.09,51.4417,7.484,278.21,21.8416,31.2294,1,10,-83,-5,11,57,52,4,27771908,262,1,152,13499,
222.386,2718.51,51.4419,7.48415,277.509,22.0148,29.4445,1,11,-88,-8,10,52,50,4,27771908,262,1,152,13499,
223.385,2740.42,51.442,7.48431,277.002,21.9731,28.0519,1,11,-88,-8,10,52,50,4,27771908,262,1,152,13499,
224.386,2762.32,51.4422,7.48445,276.526,22.0554,27.0563,1,13,-84,-7,6,56,52,3,27771909,262,1,151,13499,
225.386,2784.65,51.4424,7.48459,276.252,22.1666,26.3724,1,13,-84,-7,6,56,52,3,27771909,262,1,151,13499,
226.386,2807.21,51.4426,7.48474,275.867,22.3044,25.902,1,18,-84,-7,15,56,54,3,27771909,262,1,151,13499,
227.386,2829.64,51.4428,7.48487,275.514,22.418,24.9987,1,18,-84,-7,15,56,54,3,27771909,262,1,151,13499,
228.386,2851.91,51.4429,7.48501,275.132,22.2483,24.1207,1,18,-84,-7,15,56,54,3,27771909,262,1,151,13499,
229.386,2873.85,51.4431,7.48514,274.714,21.9782,23.9707,1,25,-77,-6,14,63,61,3,27771909,262,1,151,13499,
230.386,2895.29,51.4433,7.48526,274.259,21.6641,24.3301,1,25,-77,-6,14,63,61,3,27771909,262,1,151,13499,
231.387,2916.11,51.4435,7.48539,273.79,20.8678,23.9788,1,26,-83,-6,12,57,55,3,27771909,262,1,151,13499,
232.386,2936.51,51.4436,7.4855,273.225,20.0418,22.7237,1,26,-83,-6,12,57,55,3,27771909,262,1,151,13499,
233.386,2956,51.4438,7.48561,272.67,19.0597,21.6218,1,32,-68,-5,14,72,63,3,27771909,262,1,151,13499,
234.386,2956,51.4438,7.48114,nan,18.5422,20.863,1,32,-68,-5,14,72,63,3,27771909,262,1,151,13499,
235.385,2956,51.4441,7.4858,271.508,17.1136,20.6707,1,30,-65,-5,14,75,63,3,27771909,262,1,151,13499,
236.386,2972.68,51.4442,7.48589,271.019,14.6273,21.5765,1,30,-65,-5,14,75,63,3,27771909,262,1,151,13499,
237.407,2986.31,51.4444,7.48597,270.81,13.0055,23.1847,1,31,-69,-5,15,71,63,3,27771909,262,1,151,13499,
238.388,2999,51.4445,7.48605,270.351,13.2314,25.36,1,31,-69,-5,15,71,63,3,27771909,262,1,151,13499,
239.385,3010.52,51.4445,7.48615,269.801,12.0888,39.1259,1,31,-72,-5,15,68,63,3,27771909,262,1,151,13499,
240.386,3022.26,51.4446,7.48627,269.26,12.0746,41.504,1,31,-72,-5,15,68,63,3,27771909,262,1,151,13499,
241.386,3034.04,51.4447,7.48642,268.386,12.1486,61.2443,1,26,-72,-5,15,68,63,3,27771909,262,1,151,13499,
242.386,3046.03,51.4447,7.48659,267.698,12.3179,74.033,1,26,-72,-5,15,68,63,3,27771909,262,1,151,13499,
243.397,3057.17,51.4447,7.48675,267.176,12.3829,88.4266,1,25,-78,-5,14,62,58,3,27771909,262,1,151,13499,
244.386,3070.97,51.4447,7.48694,266.721,12.7004,101.929,1,25,-78,-5,14,62,58,3,27771909,262,1,151,13499,
245.386,3084.34,51.4446,7.48712,266.499,12.9788,116.203,1,22,-79,-5,14,61,57,3,27771909,262,1,151,13499,
246.386,3097.5,51.4446,7.48727,266.239,13.0273,130.08,1,22,-79,-5,14,61,57,3,27771909,262,1,151,13499,
247.386,3110.24,51.4445,7.48739,266.046,13.0187,145.228,1,27,-73,-5,14,67,60,3,27771909,262,1,151,13499,
248.386,3123.35,51.4444,7.48747,265.774,12.9766,158.226,1,27,-73,-5,14,67,60,3,27771909,262,1,151,13499,
249.385,3134.96,51.4443,7.48751,265.492,12.8078,172.363,1,27,-73,-5,14,67,60,3,27771909,262,1,151,13499,
250.386,3146.87,51.4442,7.4875,265.244,12.804,185.882,1,25,-66,-5,15,74,63,3,27771909,262,1,151,13499,
251.385,3159.86,51.444,7.48748,265.192,12.8564,189.538,1,25,-66,-5,15,74,63,3,27771909,262,1,151,13499,
252.386,3172.4,51.4439,7.48739,265.414,12.8362,211.993,1,28,-69,-5,14,71,63,3,27771909,262,1,151,13499,
253.386,3186,51.4439,7.48725,265.586,13.3007,228.822,1,28,-69,-5,14,71,63,3,27771909,262,1,151,13499,
254.385,3186,51.4438,7.48114,nan,13.4499,245.206,1,29,-78,-5,15,62,59,3,27771909,262,1,151,13499,
255.395,3186,51.4438,7.48689,265.318,13.6045,260.641,1,29,-78,-5,15,62,59,3,27771909,262,1,151,13499,
256.385,3199.51,51.4438,7.4867,265.135,14.0505,263.12,1,22,-83,-6,14,57,54,3,27771909,262,1,151,13499,
257.386,3213.82,51.4438,7.48649,265.064,14.5638,264.907,1,22,-83,-6,14,57,54,3,27771909,262,1,151,13499,
258.386,3229.57,51.4437,7.48626,265.215,15.3776,265.822,1,24,-82,-6,14,58,55,3,27771909,262,1,151,13499,
259.386,3245.46,51.4437,7.48604,265.155,16.0702,266.465,1,24,-82,-6,14,58,55,3,27771909,262,1,151,13499,
260.386,3262.09,51.4437,7.4858,265.096,16.8228,267.075,1,27,-82,-6,14,58,55,3,27771909,262,1,151,13499,
261.386,3279.73,51.4437,7.48554,264.988,17.9023,267.773,1,27,-82,-6,14,58,55,3,27771909,262,1,151,13499,
262.385,3296.87,51.4437,7.48529,264.803,15.6787,267.202,1,25,-81,-5,14,59,55,3,27771909,262,1,151,13499,
263.386,3315.21,51.4437,7.48503,265.427,17.2443,266.644,1,25,-81,-5,14,59,55,3,27771909,262,1,151,13499,
264.386,3335.36,51.4437,7.48474,265.414,20.8933,267.242,1,21,-80,-5,14,60,56,3,27771909,262,1,151,13499,
265.386,3354.49,51.4437,7.48446,264.779,20.5392,267.707,1,21,-80,-5,14,60,56,3,27771909,262,1,151,13499,
266.395,3376.62,51.4437,7.48414,264.451,21.1961,268.662,1,30,-69,-5,14,71,63,3,27771909,262,1,151,13499,
267.386,3398.57,51.4437,7.48383,264.338,21.6786,268.58,1,30,-69,-5,14,71,63,3,27771909,262,1,151,13499,
268.386,3420.16,51.4437,7.48351,264.411,21.668,268.405,1,28,-71,-5,14,69,63,3,27771909,262,1,151,13499,
269.385,3442.04,51.4437,7.4832,264.786,21.6965,268.101,1,28,-71,-5,14,69,63,3,27771909,262,1,151,13499,
270.386,3463.39,51.4437,7.48289,265.057,21.7368,267.615,1,30,-76,-5,14,64,60,3,27771909,262,1,151,13499,
271.386,3485.35,51.4437,7.48257,265.27,21.9669,267.398,1,30,-76,-5,14,64,60,3,27771909,262,1,151,13499,
272.386,3507.02,51.4437,7.48226,265.358,22.21,266.945,1,30,-76,-5,14,64,60,3,27771909,262,1,151,13499,
273.386,3528.82,51.4437,7.48195,265.714,22.5564,266.602,1,29,-80,-4,15,60,56,3,27771909,262,1,151,13499,
274.386,3528.82,51.4438,7.48114,nan,22.9527,266.32,1,29,-80,-4,15,60,56,3,27771909,262,1,151,13499,
275.386,3528.82,51.4436,7.48129,266.168,23.2965,266.08,1,24,-86,-5,12,54,51,3,27771909,262,1,151,13499,
276.391,3551.72,51.4436,7.48096,266.242,23.8469,265.556,1,24,-86,-5,12,54,51,3,27771909,262,1,151,13499,
277.392,3575.4,51.4436,7.48062,266.236,24.3697,265.379,1,19,-88,-6,12,52,48,3,27771909,262,1,151,13499,
278.406,3599.52,51.4436,7.48027,266.308,24.7428,263.947,1,19,-88,-6,12,52,48,3,27771909,262,1,151,13499,
279.404,3623.97,51.4436,7.47992,266.289,25.2563,262.967,1,19,-87,-5,11,53,49,3,27771909,262,1,151,13499,
280.386,3649.51,51.4435,7.47956,266.073,25.6483,262.389,1,19,-87,-5,11,53,49,3,27771909,262,1,151,13499,
281.385,3675.27,51.4435,7.47919,265.789,25.9205,262.163,1,19,-86,-5,12,54,50,3,27771909,262,1,151,13499,
282.386,3700.55,51.4435,7.47883,265.416,26.1402,262.354,1,19,-86,-5,12,54,50,3,27771909,262,1,151,13499,
283.386,3726.44,51.4434,7.47846,265.002,26.5651,262.466,1,18,-86,-4,12,54,49,3,27771909,262,1,151,13499,
284.386,3752.97,51.4434,7.47808,264.481,26.9734,262.867,1,18,-86,-4,12,54,49,3,27771909,262,1,151,13499,
285.385,3780.97,51.4434,7.47768,263.793,27.5487,262.593,1,19,-88,-6,11,52,49,3,27771909,262,1,151,13499,
286.386,3808.66,51.4434,7.47728,263.124,28.1454,262.13,1,19,-88,-6,11,52,49,3,27771909,262,1,151,13499,
287.385,3836.97,51.4433,7.47687,262.39,28.7469,261.63,1,9,-94,-7,11,46,43,3,27771909,262,1,151,13499,
288.386,3865.91,51.4433,7.47646,261.671,29.3097,261.152,1,9,-94,-7,11,46,43,3,27771909,262,1,151,13499,
289.386,3895.37,51.4432,7.47604,260.778,29.3549,261.059,1,10,-91,-6,11,49,45,3,27771909,262,1,151,13499,
290.386,3924.75,51.4432,7.47562,259.648,29.4024,260.924,1,10,-91,-6,11,49,45,3,27771909,262,1,151,13499,
291.385,3954.39,51.4432,7.4752,258.416,29.6467,260.006,1,16,-89,-7,14,51,49,3,27771909,262,1,151,13499,
292.402,3984.41,51.4431,7.47477,257.226,29.7852,259.029,1,16,-89,-7,14,51,49,3,27771909,262,1,151,13499,
293.385,4013.93,51.4431,7.47436,256.202,30.1589,257.863,1,5,-101,-9,7,39,39,3,27771909,262,1,151,13499,
294.386,4013.93,51.4438,7.48114,nan,30.4268,257.81,1,5,-101,-9,7,39,39,3,27771909,262,1,151,13499,
295.385,4013.93,51.4429,7.4735,254.393,30.6551,258.11,1,5,-101,-9,7,39,39,3,27771909,262,1,151,13499,
296.386,4044.17,51.4429,7.47307,253.539,30.4288,258.484,1,2,-107,-11,6,33,35,3,27771909,262,1,151,13499,
297.385,4073.75,51.4428,7.47265,252.69,29.7785,259.032,1,2,-107,-11,6,33,35,3,27771909,262,1,151,13499,
298.386,4102.61,51.4428,7.47225,251.79,29.5598,258.979,1,1,-110,-11,7,30,32,3,27771909,262,1,151,13499,
299.386,4131.4,51.4427,7.47184,250.871,29.4164,258.872,1,1,-110,-11,7,30,32,3,27771909,262,1,151,13499,
300.386,4160.66,51.4427,7.47142,249.948,29.7343,258.661,1,1,-111,-11,6,29,31,3,27771909,262,1,151,13499,
301.387,4189.87,51.4426,7.47101,249.006,29.7364,258.431,1,1,-111,-11,6,29,31,3,27771909,262,1,151,13499,
302.394,4219.33,51.4426,7.47059,248.159,29.4043,258.179,1,-1,-113,-13,5,27,31,3,27771909,262,1,151,13499,
303.386,4248.55,51.4425,7.47018,247.313,29.1719,258.031,1,-1,-113,-13,5,27,31,3,27771909,262,1,151,13499,
304.386,4277.12,51.4425,7.46978,246.488,28.8918,257.871,1,4,-102,-9,9,38,35,15,27771906,262,1,486,13499,
305.386,4306,51.4424,7.46937,245.892,28.9675,257.72,1,4,-102,-9,9,38,35,15,27771906,262,1,486,13499,
306.386,4334.8,51.4424,7.46896,245.43,28.9092,258.023,1,4,-100,-9,7,40,39,15,27771906,262,1,486,13499,
307.386,4363.56,51.4423,7.46856,244.962,28.7411,258.151,1,4,-100,-9,7,40,39,15,27771906,262,1,486,13499,
308.385,4391.13,51.4423,7.46817,243.937,28.4099,258.34,1,3,-102,-10,10,38,37,15,27771906,262,1,486,13499,
309.386,4418.33,51.4422,7.46778,242.531,28.0357,258.671,1,3,-102,-10,10,38,37,15,27771906,262,1,486,13499,
310.386,4445.65,51.4422,7.46739,240.891,27.8668,258.801,1,1,-103,-10,8,37,37,15,27771906,262,1,486,13499,
311.386,4473.73,51.4421,7.46699,239.551,27.9066,259.382,1,1,-103,-10,8,37,37,15,27771906,262,1,486,13499,
312.386,4501.5,51.4421,7.4666,238.511,27.7379,259.809,1,0,-105,-13,7,35,39,15,27771906,262,1,486,13499,
313.385,4529.39,51.442,7.4662,237.801,27.317,260.251,1,0,-105,-13,7,35,39,15,27771906,262,1,486,13499,
314.387,4529.39,51.4526,7.4717,nan,27.4203,260.617,1,2,-103,-10,6,37,36,15,27771906,262,1,486,13499,
315.386,4529.39,51.442,7.46542,236.718,27.6437,260.993,1,2,-103,-10,6,37,36,15,27771906,262,1,486,13499,
316.385,4557.07,51.4419,7.46502,236.061,27.5429,261.024,1,2,-103,-10,6,37,36,15,27771906,262,1,486,13499,
317.386,4583.55,51.4419,7.46464,235.522,27.1002,261.581,1,18,-100,-9,11,40,37,15,27771906,262,1,486,13499,
318.386,4610.58,51.4418,7.46426,235.182,26.8773,261.783,1,18,-100,-9,11,40,37,15,27771906,262,1,486,13499,
319.386,4636.68,51.4418,7.46389,234.923,26.5966,262.752,1,4,-104,-11,2,36,35,15,27771906,262,1,486,13499,
320.385,4663.31,51.4418,7.4635,234.794,26.4524,263.074,1,4,-104,-11,2,36,35,15,27771906,262,1,486,13499,
321.395,4689.28,51.4418,7.46313,234.756,26.0421,263.756,1,13,-101,-8,2,39,36,15,31281409,262,1,232,13499,
322.392,4715.17,51.4417,7.46276,234.795,25.9741,264.013,1,13,-101,-8,2,39,36,15,31281409,262,1,232,13499,
323.386,4740.98,51.4417,7.46239,234.767,25.8367,264.227,1,10,-101,-7,2,39,36,15,31281409,262,1,232,13499,
324.386,4766.08,51.4417,7.46203,234.915,25.2391,264.638,1,10,-101,-7,2,39,36,15,31281409,262,1,232,13499,
325.385,4790.88,51.4417,7.46167,235.023,24.8283,265.27,1,10,-101,-7,2,39,37,15,31281409,262,1,232,13499,
326.386,4815.28,51.4417,7.46132,234.973,24.3061,265.474,1,10,-101,-7,2,39,37,15,31281409,262,1,232,13499,
327.386,4839.52,51.4416,7.46097,234.982,23.9772,265.987,1,10,-101,-8,2,39,37,15,31281409,262,1,232,13499,
328.386,4863.24,51.4416,7.46063,234.975,23.8695,266.747,1,10,-101,-8,2,39,37,15,31281409,262,1,232,13499,
329.386,4886.99,51.4416,7.46029,234.907,23.9532,266.758,1,7,-101,-7,2,39,37,15,31281409,262,1,232,13499,
330.385,4911.29,51.4416,7.45994,235.038,24.0947,267.381,1,7,-101,-7,2,39,37,15,31281409,262,1,232,13499,
331.386,4936.12,51.4416,7.45958,235.473,24.0654,267.849,1,3,-100,-7,2,40,37,15,31281409,262,1,232,13499,
332.386,4960.01,51.4416,7.45923,236.112,23.6901,268.446,1,3,-100,-7,2,40,37,15,31281409,262,1,232,13499,
333.385,4983.06,51.4416,7.4589,236.553,23.2409,268.614,1,7,-102,-8,2,38,37,15,31281409,262,1,232,13499,
334.385,4983.06,51.4442,7.46353,nan,23.1349,269.034,1,7,-102,-8,2,38,37,15,31281409,262,1,232,13499,
335.387,4983.06,51.4416,7.45821,237.83,23.2277,269.393,1,6,-102,-10,6,38,40,22,31281409,262,1,232,13499,
336.386,5006.51,51.4416,7.45787,238.657,23.2144,269.639,1,6,-102,-10,6,38,40,22,31281409,262,1,232,13499,
337.386,5029.98,51.4416,7.45753,239.468,23.3607,269.879,1,2,-97,-6,6,43,39,25,27771908,262,1,152,13499,
338.386,5053.43,51.4416,7.45719,240.225,23.3525,269.862,1,2,-97,-6,6,43,39,25,27771908,262,1,152,13499,
339.385,5076.37,51.4416,7.45686,240.88,22.8983,269.706,1,12,-98,-7,13,42,40,25,27771908,262,1,152,13499,
340.386,5098.74,51.4416,7.45654,241.54,22.409,270.407,1,12,-98,-7,13,42,40,25,27771908,262,1,152,13499,
341.386,5121.35,51.4416,7.45621,242.145,22.1842,270.618,1,12,-98,-7,13,42,40,25,27771908,262,1,152,13499,
342.386,5143.6,51.4416,7.45589,242.455,22.4742,270.653,1,16,-92,-5,12,48,44,25,27771908,262,1,152,13499,
343.386,5165.28,51.4416,7.45558,242.465,22.6574,270.721,1,16,-92,-5,12,48,44,25,27771908,262,1,152,13499,
344.386,5187.97,51.4416,7.45525,242.478,22.8098,271.18,1,25,-92,-5,12,48,44,25,27771908,262,1,152,13499,
345.386,5210.2,51.4416,7.45493,242.428,22.41,272.06,1,25,-92,-5,12,48,44,25,27771908,262,1,152,13499,
346.386,5232.23,51.4416,7.45461,242.314,22.131,272.222,1,2,-88,-6,6,52,48,16,33527552,262,1,433,13499,
347.385,5253.78,51.4416,7.4543,241.97,22.2024,272.409,1,2,-88,-6,6,52,48,16,33527552,262,1,433,13499,
348.386,5275.33,51.4416,7.45399,241.156,22.4549,274.105,1,19,-86,-5,15,54,50,16,33527552,262,1,433,13499,
349.386,5298.1,51.4416,7.45366,240.465,22.5377,274.384,1,19,-86,-5,15,54,50,16,33527552,262,1,433,13499,
350.386,5321.04,51.4417,7.45333,240.036,22.887,275.005,1,21,-81,-4,12,59,54,16,33527552,262,1,433,13499,
351.386,5343.89,51.4417,7.45301,239.426,22.6147,275.173,1,21,-81,-4,12,59,54,16,33527552,262,1,433,13499,
352.386,5366.37,51.4417,7.45268,238.808,22.3449,275.529,1,21,-80,-5,14,60,54,16,33527552,262,1,433,13499,
353.385,5388.01,51.4417,7.45237,237.952,22.179,275.899,1,21,-80,-5,14,60,54,16,33527552,262,1,433,13499,
354.386,5388.01,51.4403,7.45159,nan,22.1946,275.852,1,21,-79,-5,15,61,56,16,33527552,262,1,433,13499,
355.409,5388.01,51.4418,7.45175,236.757,22.3226,276.002,1,21,-79,-5,15,61,56,16,33527552,262,1,433,13499,
356.385,5410.88,51.4418,7.45142,236.06,22.6773,276.769,1,24,-81,-4,15,59,55,16,33527552,262,1,433,13499,
357.386,5433.84,51.4418,7.45109,235.305,23.2432,277.376,1,24,-81,-4,15,59,55,16,33527552,262,1,433,13499,
358.386,5456.9,51.4418,7.45076,234.521,23.7598,277.398,1,26,-81,-4,15,59,55,16,33527552,262,1,433,13499,
359.386,5480.82,51.4419,7.45042,233.772,24.2016,277.715,1,26,-81,-4,15,59,55,16,33527552,262,1,433,13499,
360.386,5504.52,51.4419,7.45008,233.053,23.8584,277.934,1,26,-84,-5,15,56,51,16,33527552,262,1,433,13499,
361.39,5528.18,51.4419,7.44974,232.289,23.6714,278.234,1,26,-84,-5,15,56,51,16,33527552,262,1,433,13499,
362.401,5551.75,51.442,7.44941,231.552,23.7598,278.273,1,25,-84,-4,15,56,52,16,33527552,262,1,433,13499,
363.387,5575.07,51.442,7.44907,230.86,23.5653,278.501,1,25,-84,-4,15,56,52,16,33527552,262,1,433,13499,
364.385,5598.8,51.442,7.44874,230.372,23.1555,278.913,1,25,-84,-4,15,56,52,16,33527552,262,1,433,13499,
365.386,5621.54,51.4421,7.44841,229.928,22.8871,279.352,1,29,-81,-5,15,59,55,16,33527552,262,1,433,13499,
366.392,5644.11,51.4421,7.44809,229.429,23.1014,280.036,1,29,-81,-5,15,59,55,16,33527552,262,1,433,13499,
367.385,5667.15,51.4421,7.44776,228.945,23.3601,280.307,1,31,-79,-5,15,61,58,16,33527552,262,1,433,13499,
368.386,5690.17,51.4422,7.44744,228.472,23.5634,280.903,1,31,-79,-5,15,61,58,16,33527552,262,1,433,13499,
369.386,5713.77,51.4422,7.4471,227.987,23.5322,281.295,1,30,-77,-5,15,63,61,16,33527552,262,1,433,13499,
370.386,5736.8,51.4423,7.44678,227.524,23.328,281.787,1,30,-77,-5,15,63,61,16,33527552,262,1,433,13499,
371.402,5759.95,51.4423,7.44645,227.067,22.9809,282.185,1,31,-72,-4,2,68,63,16,33527552,262,1,433,13499,
372.386,5782.65,51.4423,7.44613,226.443,22.7974,282.437,1,31,-72,-4,2,68,63,16,33527552,262,1,433,13499,
373.386,5804.85,51.4424,7.44582,225.919,22.4526,282.62,1,30,-73,-6,15,67,63,8,33527552,262,1,433,13499,
374.386,5804.85,51.4435,7.4494,nan,22.4353,282.888,1,30,-73,-6,15,67,63,8,33527552,262,1,433,13499,
375.386,5804.85,51.4425,7.44518,225.515,22.6992,283.089,1,30,-69,-5,14,71,63,8,33527552,262,1,433,13499,
376.385,5827.52,51.4425,7.44487,225.484,23.0017,283.556,1,30,-69,-5,14,71,63,8,33527552,262,1,433,13499,
377.386,5850.26,51.4426,7.44455,225.353,23.0598,283.785,1,31,-68,-5,14,72,63,8,33527552,262,1,433,13499,
378.385,5873.24,51.4426,7.44422,225.248,22.8347,283.842,1,31,-68,-5,14,72,63,8,33527552,262,1,433,13499,
379.386,5895.7,51.4427,7.44391,225.002,22.5478,284.251,1,32,-68,-5,15,72,63,8,33527552,262,1,433,13499,
380.39,5918.39,51.4427,7.44359,224.853,22.5442,284.593,1,32,-68,-5,15,72,63,8,33527552,262,1,433,13499,
381.386,5940.83,51.4428,7.44328,224.621,22.6308,284.874,1,31,-69,-5,14,71,63,8,33527552,262,1,433,13499,
382.389,5963.8,51.4428,7.44296,224.181,22.9053,285.206,1,31,-69,-5,14,71,63,8,33527552,262,1,433,13499,
383.385,5986.87,51.4429,7.44264,223.667,23.2746,285.501,1,29,-71,-6,14,69,63,8,33527552,262,1,433,13499,
384.386,6009.91,51.4429,7.44232,223.008,23.415,285.592,1,29,-71,-6,14,69,63,8,33527552,262,1,433,13499,
385.386,6033.06,51.443,7.442,222.423,23.2523,285.987,1,28,-67,-5,15,73,63,8,33527552,262,1,433,13499,
386.386,6056.25,51.4431,7.44168,221.696,23.4595,286.961,1,28,-67,-5,15,73,63,8,33527552,262,1,433,13499,
387.386,6079.96,51.4431,7.44135,221.146,23.8885,287.129,1,29,-68,-5,15,72,63,8,33527552,262,1,433,13499,
388.387,6103.96,51.4432,7.44102,220.555,24.3858,287.292,1,29,-68,-5,15,72,63,8,33527552,262,1,433,13499,
389.386,6128.49,51.4433,7.44068,219.97,24.835,287.713,1,29,-68,-5,15,72,63,8,33527552,262,1,433,13499,
390.386,6153.66,51.4433,7.44034,219.469,25.3977,287.9,1,24,-76,-5,15,64,60,8,33527552,262,1,433,13499,
391.386,6179.17,51.4434,7.43999,218.946,25.7021,288.035,1,24,-76,-5,15,64,60,8,33527552,262,1,433,13499,
392.385,6204.59,51.4435,7.43964,218.408,25.7219,288.559,1,26,-78,-5,14,62,58,8,33527552,262,1,433,13499,
393.386,6230.2,51.4435,7.43929,217.909,25.6535,288.863,1,26,-78,-5,14,62,58,8,33527552,262,1,433,13499,
394.386,6230.2,51.4435,7.4494,nan,25.4785,289.234,1,21,-77,-5,14,63,60,8,33527552,262,1,433,13499,
395.386,6230.2,51.4437,7.43861,216.693,25.29,289.609,1,21,-77,-5,14,63,60,8,33527552,262,1,433,13499,
396.385,6255.14,51.4438,7.43827,216.157,25.0193,289.915,1,24,-73,-5,14,67,63,8,33527552,262,1,433,13499,
397.386,6279.78,51.4439,7.43793,215.591,24.7737,290.412,1,24,-73,-5,14,67,63,8,33527552,262,1,433,13499,
398.386,6304.2,51.4439,7.43761,214.995,24.6165,290.825,1,25,-77,-5,15,63,61,8,33527552,262,1,433,13499,
399.385,6328.23,51.444,7.43728,214.294,24.3764,291.16,1,25,-77,-5,15,63,61,8,33527552,262,1,433,13499,
400.386,6352.56,51.4441,7.43696,213.669,24.2622,291.524,1,12,-80,-7,6,60,58,1,33527554,262,1,434,13499,
401.386,6375.94,51.4442,7.43664,213.288,24.0674,291.658,1,12,-80,-7,6,60,58,1,33527554,262,1,434,13499,
402.385,6400.13,51.4443,7.43632,212.702,23.5738,293.283,1,28,-82,-6,14,58,56,1,33527554,262,1,434,13499,
403.385,6424.52,51.4443,7.43599,212.511,23.7558,292.834,1,28,-82,-6,14,58,56,1,33527554,262,1,434,13499,
404.386,6447.24,51.4444,7.43569,212.466,23.9813,292.751,1,27,-84,-5,14,56,53,1,33527554,262,1,434,13499,
405.386,6470.85,51.4445,7.43538,211.94,23.7178,293.092,1,27,-84,-5,14,56,53,1,33527554,262,1,434,13499,
406.386,6493.86,51.4446,7.43508,211.327,23.5312,293.535,1,33,-78,-5,15,62,60,1,33527554,262,1,434,13499,
407.393,6516.75,51.4447,7.43477,210.591,23.6134,294.083,1,33,-78,-5,15,62,60,1,33527554,262,1,434,13499,
408.394,6540.49,51.4448,7.43447,209.327,23.9493,295.18,1,21,-84,-5,14,56,52,1,33527554,262,1,434,13499,
409.386,6564.18,51.4449,7.43416,208.014,24.2328,295.741,1,21,-84,-5,14,56,52,1,33527554,262,1,434,13499,
410.386,6588.56,51.445,7.43385,207.027,24.6481,296.407,1,21,-84,-5,14,56,52,1,33527554,262,1,434,13499,
411.386,6613.19,51.4451,7.43353,206.049,24.7161,297.34,1,25,-85,-5,11,55,52,1,33527554,262,1,434,13499,
412.385,6638.1,51.4452,7.43322,205.129,24.6202,297.905,1,25,-85,-5,11,55,52,1,33527554,262,1,434,13499,
413.386,6662.92,51.4453,7.43291,204.221,24.5944,299.718,1,23,-83,-5,14,57,51,1,33527554,262,1,434,13499,
414.386,6662.92,51.4472,7.43308,nan,24.3901,300.895,1,23,-83,-5,14,57,51,1,33527554,262,1,434,13499,
415.386,6662.92,51.4455,7.43231,202.413,24.2099,301.641,1,22,-83,-5,13,57,51,1,33527554,262,1,434,13499,
416.385,6687.16,51.4456,7.43202,201.397,24.4828,302.606,1,22,-83,-5,13,57,51,1,33527554,262,1,434,13499,
417.385,6711.76,51.4457,7.43172,200.458,24.6814,303.117,1,27,-86,-6,14,54,52,1,33527554,262,1,434,13499,
418.386,6736.59,51.4459,7.43142,199.567,24.8871,304.893,1,27,-86,-6,14,54,52,1,33527554,262,1,434,13499,
419.385,6761.17,51.446,7.43113,198.714,24.4898,305.493,1,30,-81,-6,14,59,56,1,33527554,262,1,434,13499,
420.386,6785.91,51.4461,7.43085,198.037,24.3825,306.319,1,30,-81,-6,14,59,56,1,33527554,262,1,434,13499,
421.386,6810.84,51.4463,7.43056,197.438,24.6484,307.19,1,31,-79,-5,15,61,58,1,33527554,262,1,434,13499,
422.386,6835.52,51.4464,7.43028,196.78,24.8754,308.401,1,31,-79,-5,15,61,58,1,33527554,262,1,434,13499,
423.386,6860.56,51.4465,7.43,196.145,24.9169,309.559,1,30,-74,-5,15,66,62,1,33527554,262,1,434,13499,
424.392,6885.17,51.4467,7.42973,195.463,24.8689,310.423,1,30,-74,-5,15,66,62,1,33527554,262,1,434,13499,
425.385,6909.47,51.4468,7.42947,194.706,24.665,311.033,1,31,-73,-4,15,67,62,1,33527554,262,1,434,13499,
426.385,6933.42,51.447,7.42921,193.667,24.5651,312.129,1,31,-73,-4,15,67,62,1,33527554,262,1,434,13499,
427.386,6957.72,51.4471,7.42896,192.68,24.361,313.499,1,30,-78,-5,15,62,58,1,33527554,262,1,434,13499,
428.386,6982.12,51.4473,7.42871,191.722,24.1993,314.404,1,30,-78,-5,15,62,58,1,33527554,262,1,434,13499,
429.389,7006.09,51.4474,7.42847,190.779,24.0129,315.447,1,24,-86,-6,15,54,51,1,33527554,262,1,434,13499,
430.386,7029.9,51.4476,7.42824,189.435,23.8303,316.544,1,24,-86,-6,15,54,51,1,33527554,262,1,434,13499,
431.399,7053.01,51.4478,7.42802,188.738,23.8056,317.648,1,26,-88,-5,14,52,48,1,33527554,262,1,434,13499,
432.386,7076.72,51.4479,7.42779,188.418,23.7935,318.527,1,26,-88,-5,14,52,48,1,33527554,262,1,434,13499,
433.386,7100.64,51.4481,7.42756,188.065,23.7493,319.707,1,26,-88,-5,14,52,48,1,33527554,262,1,434,13499,
434.386,7100.64,51.4472,7.43308,nan,23.7317,320.918,1,31,-90,-5,12,50,45,1,33527554,262,1,434,13499,
435.386,7100.64,51.4484,7.42713,186.809,23.8385,321.795,1,31,-90,-5,12,50,45,1,33527554,262,1,434,13499,
436.386,7124.54,51.4486,7.42693,185.952,23.5888,323.071,1,10,-89,-9,12,51,50,1,33527554,262,1,434,13499,
437.386,7148.33,51.4488,7.42673,185.027,23.7762,323.832,1,10,-89,-9,12,51,50,1,33527554,262,1,434,13499,
438.386,7172.44,51.4489,7.42654,184.087,24.0699,324.935,1,2,-86,-5,6,54,49,53,27771140,262,1,289,13499,
439.386,7196.73,51.4491,7.42635,182.969,24.3144,326.255,1,2,-86,-5,6,54,49,53,27771140,262,1,289,13499,
440.386,7221.49,51.4493,7.42616,181.722,24.2187,327.09,1,5,-94,-6,11,46,44,53,27771140,262,1,289,13499,
441.385,7245.88,51.4495,7.42597,180.43,24.2013,327.969,1,5,-94,-6,11,46,44,53,27771140,262,1,289,13499,
442.386,7270.04,51.4497,7.4258,179.143,24.2834,328.996,1,2,-94,-8,6,46,44,13,33527554,262,1,434,13499,
443.386,7294.61,51.4499,7.42563,177.863,24.6397,330.379,1,2,-94,-8,6,46,44,13,33527554,262,1,434,13499,
444.385,7319.06,51.4501,7.42546,176.455,24.7852,330.986,1,14,-95,-6,15,45,42,13,33527554,262,1,434,13499,
445.386,7343.84,51.4503,7.4253,175.002,25.2531,332.501,1,14,-95,-6,15,45,42,13,33527554,262,1,434,13499,
446.386,7370.54,51.4505,7.42512,173.702,25.5236,332.953,1,11,-98,-7,8,42,39,13,33527554,262,1,434,13499,
447.386,7394.91,51.4507,7.42496,172.788,25.2934,333.372,1,11,-98,-7,8,42,39,13,33527554,262,1,434,13499,
448.385,7421.05,51.4509,7.42481,171.756,25.2971,334.469,1,6,-94,-7,6,46,44,50,27771140,262,1,289,13499,
449.385,7446.36,51.4511,7.42466,170.876,25.0583,336.897,1,6,-94,-7,6,46,44,50,27771140,262,1,289,13499,
450.393,7470.66,51.4513,7.42454,169.98,24.9031,338.116,1,4,-98,-10,7,42,43,50,27771140,262,1,289,13499,
451.386,7494.93,51.4515,7.42441,169.368,24.6697,338.941,1,4,-98,-10,7,42,43,50,27771140,262,1,289,13499,
452.386,7518.82,51.4517,7.42429,168.988,24.5299,339.649,1,-3,-94,-8,6,46,43,45,28365057,262,1,414,13499,
453.386,7543.02,51.4519,7.42417,168.505,24.4947,340.396,1,-3,-94,-8,6,46,43,45,28365057,262,1,414,13499,
454.386,7543.02,51.4537,7.42485,nan,24.4877,340.861,1,-3,-94,-8,6,46,43,45,28365057,262,1,414,13499,
455.386,7543.02,51.4523,7.42396,167.755,24.6379,341.549,1,1,-92,-8,6,48,47,19,27770883,262,1,125,13499,
456.386,7567.43,51.4525,7.42385,167.451,24.6614,342.036,1,1,-92,-8,6,48,47,19,27770883,262,1,125,13499,
457.386,7591.75,51.4528,7.42375,167.247,24.6694,342.349,1,5,-91,-7,10,49,48,19,27770883,262,1,125,13499,
458.385,7616.62,51.453,7.42364,166.784,24.6629,342.821,1,5,-91,-7,10,49,48,19,27770883,262,1,125,13499,
459.386,7641.14,51.4532,7.42354,166.269,24.6685,343.247,1,2,-98,-12,5,42,45,47,27771140,262,1,289,13499,
460.388,7665.9,51.4534,7.42344,165.637,24.6064,343.782,1,2,-98,-12,5,42,45,47,27771140,262,1,289,13499,
461.385,7691.76,51.4536,7.42334,165.014,24.2418,343.85,1,16,-94,-9,8,46,46,47,27771140,262,1,289,13499,
462.386,7716.4,51.4538,7.42324,164.521,24.1453,344.149,1,16,-94,-9,8,46,46,47,27771140,262,1,289,13499,
463.403,7740.62,51.454,7.42314,164.063,23.9968,344.163,1,10,-92,-9,9,48,48,47,27771140,262,1,289,13499,
464.385,7764.5,51.4542,7.42304,163.667,23.8193,344.138,1,10,-92,-9,9,48,48,47,27771140,262,1,289,13499,
465.385,7787.99,51.4544,7.42295,163.341,23.6019,343.928,1,2,-90,-7,6,50,49,16,27770883,262,1,125,13499,
466.385,7811.13,51.4546,7.42285,162.768,23.5088,343.81,1,2,-90,-7,6,50,49,16,27770883,262,1,125,13499,
467.386,7834.67,51.4549,7.42276,162.376,23.4993,343.52,1,-1,-97,-12,8,43,45,16,27770883,262,1,125,13499,
468.385,7858.3,51.4551,7.42266,162.041,23.7693,343.21,1,-1,-97,-12,8,43,45,16,27770883,262,1,125,13499,
469.386,7881.94,51.4553,7.42257,161.487,24.0852,343.037,1,7,-89,-7,12,51,50,16,27770883,262,1,125,13499,
470.386,7905.85,51.4555,7.42247,160.815,24.3365,342.458,1,7,-89,-7,12,51,50,16,27770883,262,1,125,13499,
471.385,7929.95,51.4557,7.42236,160.091,24.634,341.805,1,6,-93,-11,6,47,49,16,27770883,262,1,125,13499,
472.386,7954.59,51.4559,7.42225,159.598,24.9252,341.103,1,6,-93,-11,6,47,49,16,27770883,262,1,125,13499,
473.386,7979.74,51.4561,7.42213,159.225,25.2027,340.353,1,4,-89,-10,5,51,52,16,27770883,262,1,125,13499,
474.392,7979.74,51.4539,7.41754,nan,25.2384,339.945,1,4,-89,-10,5,51,52,16,27770883,262,1,125,13499,
475.385,7979.74,51.4565,7.42188,158.771,25.1794,339.256,1,6,-88,-7,10,52,51,16,27770883,262,1,125,13499,
476.398,8004.24,51.4567,7.42176,158.412,24.8496,338.605,1,6,-88,-7,10,52,51,16,27770883,262,1,125,13499,
477.395,8028.05,51.4569,7.42163,157.895,24.4516,338.014,1,8,-89,-7,7,51,50,16,27770883,262,1,125,13499,
478.386,8052.01,51.4571,7.4215,157.353,24.1948,337.385,1,8,-89,-7,7,51,50,16,27770883,262,1,125,13499,
479.386,8075.78,51.4573,7.42136,156.77,24.2146,336.838,1,10,-83,-5,14,57,55,16,27770883,262,1,125,13499,
480.393,8100.27,51.4575,7.42122,156.472,24.3304,336.042,1,10,-83,-5,14,57,55,16,27770883,262,1,125,13499,
481.385,8124.38,51.4577,7.42107,156.079,24.4123,334.862,1,15,-83,-5,10,57,54,16,27770883,262,1,125,13499,
482.385,8148.64,51.4579,7.42092,155.7,24.5568,334.239,1,15,-83,-5,10,57,54,16,27770883,262,1,125,13499,
483.4,8172.68,51.4581,7.42077,155.461,24.5039,333.559,1,16,-83,-6,9,57,55,16,27770883,262,1,125,13499,
484.386,8196.9,51.4583,7.42061,155.618,24.4486,332.831,1,16,-83,-6,9,57,55,16,27770883,262,1,125,13499,
485.385,8221.6,51.4585,7.42045,155.707,24.622,332.45,1,16,-83,-6,9,57,55,16,27770883,262,1,125,13499,
486.386,8246.83,51.4587,7.42028,155.618,24.6851,331.615,1,14,-81,-5,10,59,56,16,27770883,262,1,125,13499,
487.386,8272.15,51.4589,7.4201,155.451,24.7839,331.248,1,14,-81,-5,10,59,56,16,27770883,262,1,125,13499,
488.386,8298.11,51.4591,7.41992,155.55,25.0206,330.427,1,18,-82,-6,11,58,55,16,27770883,262,1,125,13499,
489.386,8324.85,51.4593,7.41972,155.954,25.0402,329.386,1,18,-82,-6,11,58,55,16,27770883,262,1,125,13499,
490.385,8350.55,51.4595,7.41954,156.149,25.0809,328.887,1,12,-81,-6,10,59,57,16,27770883,262,1,125,13499,
491.385,8375.68,51.4597,7.41934,156.299,25.0643,328.164,1,12,-81,-6,10,59,57,16,27770883,262,1,125,13499,
492.386,8400.77,51.4599,7.41916,156.212,25.059,327.36,1,21,-78,-6,12,62,60,16,27770883,262,1,125,13499,
493.386,8425.3,51.4601,7.41896,156.011,24.9523,326.615,1,21,-78,-6,12,62,60,16,27770883,262,1,125,13499,
494.386,8449.81,51.4603,7.41877,155.77,24.7716,325.777,1,11,-80,-5,14,60,55,16,27770883,262,1,125,13499,
495.386,8474.02,51.4605,7.41857,155.516,24.5074,324.978,1,11,-80,-5,14,60,55,16,27770883,262,1,125,13499,
496.385,8498.18,51.4606,7.41837,155.302,24.308,324.551,1,19,-76,-4,12,64,59,16,27770883,262,1,125,13499,
497.386,8522.16,51.4608,7.41817,155.136,24.1768,323.977,1,19,-76,-4,12,64,59,16,27770883,262,1,125,13499,
498.386,8546.03,51.461,7.41797,154.978,23.8218,323.322,1,17,-75,-5,12,65,62,16,27770883,262,1,125,13499,
499.386,8569.44,51.4612,7.41776,154.841,23.52,322.824,1,17,-75,-5,12,65,62,16,27770883,262,1,125,13499,
500.386,8592.91,51.4613,7.41755,154.97,23.2698,321.702,1,25,-74,-4,14,66,63,16,27770883,262,1,125,13499,
501.391,8615.67,51.4615,7.41735,154.932,23.2193,321.062,1,25,-74,-4,14,66,63,16,27770883,262,1,125,13499,
502.385,8638.98,51.4616,7.41714,154.776,23.3654,320.542,1,18,-77,-5,11,63,59,16,27770883,262,1,125,13499,
503.386,8662.72,51.4618,7.41692,154.718,23.6033,320.002,1,18,-77,-5,11,63,59,16,27770883,262,1,125,13499,
504.386,8686.28,51.462,7.4167,154.789,23.6657,319.502,1,15,-79,-6,10,61,59,16,27770883,262,1,125,13499,
505.393,8709.56,51.4621,7.41648,154.726,23.7531,318.69,1,15,-79,-6,10,61,59,16,27770883,262,1,125,13499,
506.386,8733,51.4623,7.41626,154.705,23.5511,318.453,1,23,-76,-6,14,64,62,16,27770883,262,1,125,13499,
507.385,8756.23,51.4624,7.41603,154.966,23.2713,316.987,1,23,-76,-6,14,64,62,16,27770883,262,1,125,13499,
508.395,8779.71,51.4626,7.4158,154.863,23.2939,316.473,1,18,-80,-6,14,60,57,16,27770883,262,1,125,13499,
509.386,8803.11,51.4627,7.41556,154.629,23.4957,315.755,1,18,-80,-6,14,60,57,16,27770883,262,1,125,13499,
510.386,8826.8,51.4629,7.41532,154.3,23.8535,315.154,1,18,-80,-6,14,60,57,16,27770883,262,1,125,13499,
511.386,8850.58,51.4631,7.41508,153.671,24.1397,314.391,1,22,-81,-5,10,59,55,16,27770883,262,1,125,13499,
512.386,8874.68,51.4632,7.41483,153.354,24.5182,313.935,1,22,-81,-5,10,59,55,16,27770883,262,1,125,13499,
513.39,8899.47,51.4634,7.41458,153.017,24.8765,313.734,1,30,-73,-4,15,67,63,16,27770883,262,1,125,13499,
514.386,8924.83,51.4635,7.4143,152.844,25.3363,312.43,1,30,-73,-4,15,67,63,16,27770883,262,1,125,13499,
515.386,8950.45,51.4637,7.41403,152.822,25.4059,311.774,1,11,-83,-6,14,57,53,16,27770883,262,1,125,13499,
516.393,8975.34,51.4638,7.41377,152.89,25.1272,311.452,1,11,-83,-6,14,57,53,16,27770883,262,1,125,13499,
517.389,9000.44,51.464,7.41349,153.061,24.9376,311.03,1,2,-85,-7,8,55,53,16,27770883,262,1,125,13499,
518.386,9025.56,51.4641,7.41322,153.356,24.8817,310.503,1,2,-85,-7,8,55,53,16,27770883,262,1,125,13499,
519.385,9050.5,51.4643,7.41293,153.84,24.5506,309.83,1,19,-74,-6,15,66,63,16,27770883,262,1,125,13499,
520.385,9075.07,51.4644,7.41266,154.421,24.1384,309.15,1,19,-74,-6,15,66,63,16,27770883,262,1,125,13499,
521.385,9098.43,51.4645,7.4124,154.856,23.6522,309.206,1,23,-74,-6,15,66,61,16,27770883,262,1,125,13499,
522.385,9122.34,51.4647,7.41212,155.534,23.3735,308.794,1,23,-74,-6,15,66,61,16,27770883,262,1,125,13499,
523.385,9145.85,51.4648,7.41185,156.235,23.5413,308.566,1,13,-86,-8,10,54,51,16,27770883,262,1,125,13499,
524.385,9169.42,51.4649,7.41158,156.921,23.8617,308.3,1,13,-86,-8,10,54,51,16,27770883,262,1,125,13499,
525.386,9193.39,51.465,7.41131,157.529,24.2795,308.134,1,7,-96,-13,6,44,47,4,27770885,262,1,125,13499,
526.386,9217.82,51.4652,7.41103,158.005,24.7281,308.3,1,7,-96,-13,6,44,47,4,27770885,262,1,125,13499,
527.386,9242.69,51.4653,7.41075,158.482,25.1038,308.147,1,14,-91,-6,14,49,46,4,27770885,262,1,124,13499,
528.386,9267.97,51.4655,7.41046,158.915,25.2667,308.178,1,14,-91,-6,14,49,46,4,27770885,262,1,124,13499,
529.385,9293.32,51.4656,7.41017,159.3,25.5958,307.895,1,10,-88,-6,14,52,47,4,27770885,262,1,124,13499,
530.385,9319.14,51.4657,7.40987,159.657,25.9519,307.76,1,10,-88,-6,14,52,47,4,27770885,262,1,124,13499,
531.386,9345.12,51.4659,7.40958,159.982,26.0632,307.962,1,26,-73,-5,12,67,62,4,27770885,262,1,124,13499,
532.389,9370.91,51.466,7.40928,160.271,25.695,308.405,1,26,-73,-5,12,67,62,4,27770885,262,1,124,13499,
533.386,9396.19,51.4662,7.40899,160.603,25.1601,308.427,1,22,-77,-5,15,63,60,4,27770885,262,1,124,13499,
534.386,9420.82,51.4663,7.40871,160.851,24.465,308.435,1,22,-77,-5,15,63,60,4,27770885,262,1,124,13499,
535.386,9445.3,51.4664,7.40843,161.091,24.4176,308.442,1,11,-92,-7,7,48,47,4,27770885,262,1,124,13499,
536.385,9469.66,51.4666,7.40816,161.367,24.4057,308.447,1,11,-92,-7,7,48,47,4,27770885,262,1,124,13499,
537.386,9493.87,51.4667,7.40789,161.673,24.1283,308.957,1,11,-92,-7,7,48,47,4,27770885,262,1,124,13499,
538.385,9517.31,51.4668,7.40763,161.812,23.3276,309.054,1,19,-86,-6,11,54,49,4,27770885,262,1,124,13499,
539.386,9540.08,51.467,7.40737,162.041,22.3564,309.207,1,19,-86,-6,11,54,49,4,27770885,262,1,124,13499,
540.392,9561.86,51.4671,7.40713,162.291,21.3817,309.388,1,22,-77,-4,15,63,59,4,27770885,262,1,124,13499,
541.386,9582.68,51.4672,7.40689,162.567,20.3709,309.468,1,22,-77,-4,15,63,59,4,27770885,262,1,124,13499,
542.386,9602.33,51.4673,7.40668,162.597,19.9506,309.191,1,16,-77,-5,15,63,57,4,27770885,262,1,124,13499,
543.385,9622.03,51.4674,7.40645,162.665,19.4225,309.474,1,16,-77,-5,15,63,57,4,27770885,262,1,124,13499,
544.386,9641.27,51.4676,7.40624,162.697,19.3386,310.089,1,19,-77,-5,11,63,54,4,27770885,262,1,124,13499,
545.386,9660.2,51.4677,7.40605,162.41,19.4738,310.301,1,19,-77,-5,11,63,54,4,27770885,262,1,124,13499,
546.386,9679.54,51.4678,7.40584,162.138,19.4028,310.584,1,16,-80,-6,12,60,58,4,27770885,262,1,124,13499,
547.385,9698.93,51.4679,7.40563,161.918,19.4793,310.797,1,16,-80,-6,12,60,58,4,27770885,262,1,124,13499,
548.395,9718.42,51.468,7.40542,161.811,19.3943,311.324,1,11,-80,-4,9,60,56,4,27770885,262,1,124,13499,
549.395,9737.55,51.4681,7.40522,161.534,19.5655,311.644,1,11,-80,-4,9,60,56,4,27770885,262,1,124,13499,
550.386,9757.36,51.4683,7.40501,161.222,20.0722,311.888,1,11,-82,-5,11,58,51,4,27770885,262,1,124,13499,
551.385,9777.69,51.4684,7.40479,160.938,20.5994,312.278,1,11,-82,-5,11,58,51,4,27770885,262,1,124,13499,
552.386,9798.33,51.4685,7.40457,160.427,21.1129,312.458,1,12,-83,-6,9,57,53,4,27770885,262,1,124,13499,
553.386,9820.11,51.4686,7.40434,160.229,21.5821,312.522,1,12,-83,-6,9,57,53,4,27770885,262,1,124,13499,
554.385,9820.11,51.4682,7.40393,nan,21.9606,312.669,1,4,-84,-6,6,56,52,19,27771140,262,1,289,13499,
555.385,9820.11,51.4689,7.40388,159.46,21.9343,312.686,1,4,-84,-6,6,56,52,19,27771140,262,1,289,13499,
556.386,9841.96,51.469,7.40366,159.071,21.6856,313.387,1,7,-85,-6,12,55,51,19,27771140,262,1,289,13499,
557.394,9863.17,51.4692,7.40344,158.773,21.7507,313.613,1,7,-85,-6,12,55,51,19,27771140,262,1,289,13499,
558.386,9885.39,51.4693,7.40321,157.919,22.3302,314.438,1,4,-90,-7,12,50,48,19,27771140,262,1,289,13499,
559.385,9907.35,51.4695,7.40298,157.562,22.5384,313.583,1,4,-90,-7,12,50,48,19,27771140,262,1,289,13499,
560.39,9929.42,51.4696,7.40276,157.059,22.5802,313.984,1,5,-87,-6,9,53,50,19,27771140,262,1,289,13499,
561.385,9952.07,51.4697,7.40252,156.59,22.5272,314.133,1,5,-87,-6,9,53,50,19,27771140,262,1,289,13499,
562.385,9974,51.4699,7.40229,156.478,22.6917,314.58,1,5,-87,-6,9,53,50,19,27771140,262,1,289,13499,
563.393,9997.25,51.47,7.40205,156.213,22.9053,314.605,1,27,-86,-5,9,54,50,19,27771140,262,1,289,13499,
564.387,10020.5,51.4702,7.40182,156.03,23.1861,315.284,1,27,-86,-5,9,54,50,19,27771140,262,1,289,13499,
565.386,10043.8,51.4703,7.40159,155.894,23.4886,315.298,1,30,-82,-5,12,58,53,19,27771140,262,1,289,13499,
566.385,10067,51.4705,7.40136,155.775,23.3253,316.118,1,30,-82,-5,12,58,53,19,27771140,262,1,289,13499,
567.386,10090.3,51.4706,7.40113,155.716,23.1936,316.479,1,33,-83,-5,12,57,53,19,27771140,262,1,289,13499,
568.385,10113.6,51.4708,7.40089,155.714,23.1738,317.06,1,33,-83,-5,12,57,53,19,27771140,262,1,289,13499,
569.386,10136.6,51.4709,7.40066,155.852,23.2,317.233,1,29,-86,-5,12,54,51,19,27771140,262,1,289,13499,
570.386,10159.8,51.4711,7.40044,156.08,23.3918,317.172,1,29,-86,-5,12,54,51,19,27771140,262,1,289,13499,
571.386,10183.2,51.4712,7.40021,156.302,23.4553,316.847,1,31,-86,-5,12,54,51,19,27771140,262,1,289,13499,
572.386,10207,51.4714,7.39997,156.455,23.6287,317.356,1,31,-86,-5,12,54,51,19,27771140,262,1,289,13499,
573.386,10230.4,51.4715,7.39973,156.983,23.6632,317.508,1,33,-85,-5,15,55,51,19,27771140,262,1,289,13499,
574.386,10230.4,51.4738,7.398,nan,23.9574,318.16,1,33,-85,-5,15,55,51,19,27771140,262,1,289,13499,
575.386,10230.4,51.4719,7.39927,158.545,24.072,318.386,1,19,-82,-5,15,58,55,19,27771140,262,1,289,13499,
576.396,10254.5,51.472,7.39904,159.309,23.9009,318.802,1,19,-82,-5,15,58,55,19,27771140,262,1,289,13499,
577.386,10278.5,51.4722,7.39881,160.01,23.8043,319.045,1,19,-83,-6,12,57,54,19,27771140,262,1,289,13499,
578.386,10302.2,51.4723,7.39858,160.546,23.769,319.342,1,19,-83,-6,12,57,54,19,27771140,262,1,289,13499,
579.386,10326.2,51.4725,7.39835,161.12,23.7813,319.524,1,13,-82,-5,15,58,53,19,27771140,262,1,289,13499,
580.385,10350,51.4727,7.39812,161.74,23.8654,319.827,1,13,-82,-5,15,58,53,19,27771140,262,1,289,13499,
581.385,10373.8,51.4728,7.3979,162.275,24.0141,319.804,1,19,-85,-6,12,55,51,19,27771140,262,1,289,13499,
582.386,10397.3,51.473,7.39768,162.89,23.8273,320.196,1,19,-85,-6,12,55,51,19,27771140,262,1,289,13499,
583.385,10421.4,51.4732,7.39745,163.264,23.5447,320.164,1,32,-85,-5,12,55,51,19,27771140,262,1,289,13499,
584.386,10444.4,51.4733,7.39724,163.743,23.4138,320.751,1,32,-85,-5,12,55,51,19,27771140,262,1,289,13499,
585.387,10467.5,51.4735,7.39703,164.309,23.404,320.816,1,12,-88,-6,9,52,50,19,27771140,262,1,289,13499,
586.385,10491.2,51.4736,7.39681,164.658,23.4438,321.008,1,12,-88,-6,9,52,50,19,27771140,262,1,289,13499,
587.386,10514.8,51.4738,7.3966,165.026,23.5729,322.261,1,6,-86,-7,10,54,52,19,27771140,262,1,289,13499,
588.385,10538,51.474,7.3964,165.515,23.1301,322.517,1,6,-86,-7,10,54,52,19,27771140,262,1,289,13499,
589.407,10560.8,51.4741,7.3962,165.848,22.5855,323.1,1,13,-84,-6,12,56,54,19,27771140,262,1,289,13499,
590.385,10583.2,51.4743,7.39601,166.097,22.2251,324.047,1,13,-84,-6,12,56,54,19,27771140,262,1,289,13499,
591.385,10605.4,51.4745,7.39583,166.283,22.3015,324.108,1,13,-84,-6,12,56,54,19,27771140,262,1,289,13499,
592.386,10627.8,51.4746,7.39564,166.474,22.6034,324.442,1,27,-83,-6,12,57,55,19,27771140,262,1,289,13499,
593.386,10650.5,51.4748,7.39546,166.783,22.9402,325.303,1,27,-83,-6,12,57,55,19,27771140,262,1,289,13499,
594.386,10650.5,51.4738,7.398,nan,23.3654,326.549,1,19,-80,-6,12,60,56,19,27771140,262,1,289,13499,
595.385,10650.5,51.4752,7.39508,167.719,23.244,327.449,1,19,-80,-6,12,60,56,19,27771140,262,1,289,13499,
596.386,10673.5,51.4753,7.39491,168.174,23.2704,329.32,1,24,-78,-6,12,62,58,19,27771140,262,1,289,13499,
597.386,10697.6,51.4755,7.39473,168.925,23.4281,329.34,1,24,-78,-6,12,62,58,19,27771140,262,1,289,13499,
598.386,10721.4,51.4757,7.39456,169.555,23.1722,330.492,1,27,-80,-6,10,60,57,19,27771140,262,1,289,13499,
599.386,10744.4,51.4759,7.39439,170.13,22.9171,330.407,1,27,-80,-6,10,60,57,19,27771140,262,1,289,13499,
600.386,10767,51.4761,7.39423,170.511,22.6741,330.736,1,33,-78,-6,12,62,59,19,27771140,262,1,289,13499,
601.386,10767,51.4761,7.39423,170.511,22.6741,330.736,1,33,-78,-6,12,62,59,19,27771140,262,1,289,13499,
602.386,10812.3,51.4764,7.39391,171.244,22.5905,332.752,1,25,-77,-6,11,63,61,19,27771140,262,1,289,13499,
603.386,10834.5,51.4766,7.39376,171.716,22.0459,334.683,1,25,-77,-6,11,63,61,19,27771140,262,1,289,13499,
604.386,10856.7,51.4768,7.39362,172.391,21.8903,335.41,1,28,-73,-6,12,67,63,19,27771140,262,1,289,13499,
605.386,10878.1,51.4769,7.39349,173.034,21.7088,336.338,1,28,-73,-6,12,67,63,19,27771140,262,1,289,13499,
606.385,10898.7,51.4771,7.39336,173.557,21.0213,337.188,1,27,-82,-8,12,58,57,19,27771140,262,1,289,13499,
607.385,10918.7,51.4773,7.39326,174.151,19.8788,339.293,1,27,-82,-8,12,58,57,19,27771140,262,1,289,13499,
608.386,10937.6,51.4774,7.39317,174.676,18.5164,343.64,1,14,-81,-9,14,59,59,19,27771140,262,1,289,13499,
609.386,10956.6,51.4776,7.3931,175.868,17.7291,344.642,1,14,-81,-9,14,59,59,19,27771140,262,1,289,13499,
610.386,10973.9,51.4778,7.39305,177.208,17.2201,347.605,1,4,-70,-5,6,70,63,4,27771139,262,1,288,13499,
611.386,10990.7,51.4779,7.39305,178.701,17.4181,0.871596,1,4,-70,-5,6,70,63,4,27771139,262,1,288,13499,
612.386,11007.5,51.4781,7.39306,179.861,17.2832,2.53112,1,12,-81,-7,15,59,57,4,27771139,262,1,288,13499,
613.389,11007.5,51.4807,7.39392,nan,17.7628,5.51026,1,12,-81,-7,15,59,57,4,27771139,262,1,288,13499,
614.385,11007.5,51.4784,7.39318,181.179,17.8064,19.6443,1,12,-81,-7,15,59,57,4,27771139,262,1,288,13499,
615.386,11024.6,51.4785,7.39328,181.377,17.8309,21.7409,1,22,-82,-6,12,58,55,4,27771139,262,1,288,13499,
616.385,11041.5,51.4787,7.39339,181.204,17.5769,24.6452,1,22,-82,-6,12,58,55,4,27771139,262,1,288,13499,
617.385,11059.1,51.4788,7.39351,180.802,17.344,27.6777,1,20,-75,-5,1,65,60,4,27771139,262,1,288,13499,
618.386,11076.1,51.4789,7.39363,180.446,16.3399,28.6445,1,20,-75,-5,1,65,60,4,27771139,262,1,288,13499,
619.386,11091.5,51.4791,7.39374,180.512,15.4393,26.5949,1,17,-85,-7,12,55,53,4,27771139,262,1,288,13499,
620.386,11107.5,51.4792,7.3938,180.621,14.3735,10.2671,1,17,-85,-7,12,55,53,4,27771139,262,1,288,13499,
621.386,11120.4,51.4793,7.39383,180.673,14.0622,6.33686,1,25,-78,-5,1,62,59,4,27771139,262,1,288,13499,
622.386,11134.2,51.4794,7.39379,180.774,14.305,345.734,1,25,-78,-5,1,62,59,4,27771139,262,1,288,13499,
623.385,11146.1,51.4795,7.39375,181.227,14.2592,342.349,1,10,-90,-6,12,50,48,4,27771139,262,1,288,13499,
624.386,11159.2,51.4797,7.39368,181.983,14.5115,339.228,1,10,-90,-6,12,50,48,4,27771139,262,1,288,13499,
625.386,11173,51.4798,7.3936,182.516,13.6437,337.651,1,7,-90,-7,14,50,48,4,27771139,262,1,288,13499,
626.388,11186.9,51.4799,7.39352,182.839,12.4428,336.688,1,7,-90,-7,14,50,48,4,27771139,262,1,288,13499,
627.386,11198.8,51.48,7.39346,183.391,10.743,338.9,1,12,-86,-7,11,54,51,4,27771139,262,1,288,13499,
628.387,11209.3,51.4801,7.39344,183.847,9.06939,357.456,1,12,-86,-7,11,54,51,4,27771139,262,1,288,13499,
629.385,11218.7,51.4802,7.39345,184.356,8.88605,12.2206,1,13,-84,-6,10,56,52,4,27771139,262,1,288,13499,
630.386,11226.9,51.4802,7.39351,184.88,9.55447,29.6079,1,13,-84,-6,10,56,52,4,27771139,262,1,288,13499,
631.386,11235.9,51.4803,7.39359,185.225,9.50463,49.8418,1,19,-83,-5,12,57,53,4,27771139,262,1,288,13499,
632.386,11246.2,51.4803,7.39371,185.744,10.0034,53.3577,1,19,-83,-5,12,57,53,4,27771139,262,1,288,13499,
633.393,11246.2,51.481,7.39483,nan,10.163,55.36,1,22,-83,-5,14,57,54,4,27771139,262,1,288,13499,
634.385,11246.2,51.4804,7.39396,186.121,10.7688,56.5528,1,22,-83,-5,14,57,54,4,27771139,262,1,288,13499,
635.397,11257,51.4805,7.39409,186.223,11.495,57.2593,1,12,-82,-6,11,58,55,4,27771139,262,1,288,13499,
636.386,11269.8,51.4806,7.39424,186.306,12.6298,56.4687,1,12,-82,-6,11,58,55,4,27771139,262,1,288,13499,
637.386,11283.1,51.4806,7.3944,186.524,13.7879,56.6415,1,22,-80,-5,12,60,58,4,27771139,262,1,288,13499,
638.39,11297.2,51.4807,7.39457,186.784,14.9353,57.2226,1,22,-80,-5,12,60,58,4,27771139,262,1,288,13499,
639.386,11312.5,51.4808,7.39476,186.732,15.8208,57.8984,1,19,-81,-7,2,59,56,4,27771139,262,1,288,13499,
640.386,11328.4,51.4808,7.39496,186.726,16.4216,58.5606,1,19,-81,-7,2,59,56,4,27771139,262,1,288,13499,
641.386,11344.3,51.4809,7.39516,186.325,16.5167,59.0676,1,19,-81,-7,2,59,56,4,27771139,262,1,288,13499,
642.386,11360.7,51.481,7.39536,186.02,16.3833,59.0482,1,18,-80,-5,14,60,55,7,27771139,262,1,288,13499,
643.386,11376.8,51.4811,7.39556,185.694,16.1991,59.4437,1,18,-80,-5,14,60,55,7,27771139,262,1,288,13499,
644.385,11393,51.4811,7.39577,185.431,16.2936,59.7826,1,18,-80,-4,12,60,56,7,27771139,262,1,288,13499,
645.386,11409.3,51.4812,7.39597,185.26,16.5022,60.1083,1,18,-80,-4,12,60,56,7,27771139,262,1,288,13499,
646.389,11425.7,51.4813,7.39618,184.924,16.742,59.9986,1,27,-83,-5,10,57,53,7,27771139,262,1,288,13499,
647.388,11442.5,51.4814,7.39639,184.691,16.778,59.4289,1,27,-83,-5,10,57,53,7,27771139,262,1,288,13499,
648.387,11458.5,51.4814,7.39659,184.484,16.3899,58.6981,1,33,-82,-5,10,58,53,7,27771139,262,1,288,13499,
649.386,11474.8,51.4815,7.39679,184.763,15.8534,58.5952,1,33,-82,-5,10,58,53,7,27771139,262,1,288,13499,
650.386,11490.6,51.4816,7.39698,184.855,15.6018,57.945,1,33,-83,-5,11,57,54,7,27771139,262,1,288,13499,
651.388,11506.8,51.4817,7.39718,185.053,15.9092,57.2374,1,33,-83,-5,11,57,54,7,27771139,262,1,288,13499,
652.386,11522.6,51.4817,7.39737,185.13,16.3421,56.5836,1,33,-82,-5,15,58,56,7,27771139,262,1,288,13499,
653.385,11538.3,51.4818,7.39755,185.12,16.4063,55.5222,1,33,-82,-5,15,58,56,7,27771139,262,1,288,13499,
654.389,11554.7,51.4819,7.39775,184.773,16.0467,54.3672,1,25,-76,-4,15,64,60,7,27771139,262,1,288,13499,
655.388,11570.3,51.482,7.39792,184.468,16.1207,53.2586,1,25,-76,-4,15,64,60,7,27771139,262,1,288,13499,
656.386,11585.6,51.4821,7.3981,184.448,15.9897,51.6136,1,31,-77,-5,15,63,58,7,27771139,262,1,288,13499,
657.385,11600.6,51.4822,7.39826,184.7,15.2765,49.8062,1,31,-77,-5,15,63,58,7,27771139,262,1,288,13499,
658.385,11616.2,51.4823,7.39842,184.787,14.3344,47.7754,1,31,-78,-5,12,62,56,7,27771139,262,1,288,13499,
659.387,11629.2,51.4824,7.39855,184.759,12.99,45.2133,1,31,-78,-5,12,62,56,7,27771139,262,1,288,13499,
660.399,11643.2,51.4824,7.39869,184.788,12.0661,42.9936,1,21,-88,-6,14,52,48,7,27771139,262,1,288,13499,
661.386,11655.3,51.4825,7.3988,184.741,11.7232,41.2119,1,21,-88,-6,14,52,48,7,27771139,262,1,288,13499,
662.395,11667.1,51.4826,7.39891,184.574,11.284,39.3759,1,13,-87,-6,14,53,49,7,27771139,262,1,288,13499,
663.385,11678.8,51.4827,7.39901,184.514,10.8973,38.0318,1,13,-87,-6,14,53,49,7,27771139,262,1,288,13499,
664.386,11689.7,51.4828,7.3991,184.464,10.5272,36.5589,1,26,-83,-5,9,57,54,7,27771139,262,1,288,13499,
665.386,11700.2,51.4829,7.39919,184.428,9.90201,34.8084,1,26,-83,-5,9,57,54,7,27771139,262,1,288,13499,
666.386,11711.4,51.4829,7.39927,184.521,11.0504,33.753,1,26,-83,-5,9,57,54,7,27771139,262,1,288,13499,
667.386,11722.6,51.483,7.39936,184.443,11.9527,33.2912,1,21,-90,-8,9,50,49,7,27771139,262,1,288,13499,
668.394,11735.1,51.4831,7.39946,184.465,12.4615,32.6572,1,21,-90,-8,9,50,49,7,27771139,262,1,288,13499,
669.386,11747.8,51.4832,7.39955,184.435,13.1601,33.4176,1,20,-86,-5,9,54,51,7,27771139,262,1,288,13499,
670.386,11760.8,51.4833,7.39964,184.178,13.4004,33.6326,1,20,-86,-5,9,54,51,7,27771139,262,1,288,13499,
671.386,11774,51.4834,7.39975,183.723,13.4472,34.1781,1,24,-90,-6,9,50,48,7,27771139,262,1,288,13499,
672.386,11787.2,51.4835,7.39985,183.293,13.4882,34.3968,1,24,-90,-6,9,50,48,7,27771139,262,1,288,13499,
673.385,11800.8,51.4836,7.39996,182.985,13.7437,34.5636,1,24,-92,-6,10,48,46,7,27771139,262,1,288,13499,
674.386,11814.6,51.4837,7.40007,182.704,14.191,35.3371,1,24,-92,-6,10,48,46,7,27771139,262,1,288,13499,
675.386,11828.7,51.4838,7.40019,182.422,14.1647,35.8641,1,13,-91,-6,8,49,47,9,28365058,262,1,288,13499,
676.386,11843.2,51.4839,7.40031,182.076,14.4355,36.5277,1,13,-91,-6,8,49,47,9,28365058,262,1,288,13499,
677.386,11857.6,51.484,7.40043,181.803,14.4722,37.3155,1,9,-93,-7,12,47,44,9,28365058,262,1,223,13499,
678.385,11872.2,51.4841,7.40057,181.872,14.2813,38.0133,1,9,-93,-7,12,47,44,9,28365058,262,1,223,13499,
679.386,11886.2,51.4842,7.40069,182.064,14.1766,38.737,1,21,-91,-6,13,49,45,9,28365058,262,1,223,13499,
680.386,11900.7,51.4843,7.40083,182.406,14.1992,39.2536,1,21,-91,-6,13,49,45,9,28365058,262,1,223,13499,
681.385,11914.7,51.4844,7.40096,182.488,14.019,39.7066,1,16,-94,-7,11,46,45,9,28365058,262,1,223,13499,
682.386,11928.7,51.4845,7.40109,182.693,13.8916,40.3723,1,16,-94,-7,11,46,45,9,28365058,262,1,223,13499,
683.392,11942.7,51.4846,7.40123,182.751,13.6242,41.0819,1,6,-94,-8,8,46,44,9,28365058,262,1,223,13499,
684.385,11956.1,51.4847,7.40136,182.687,13.2728,41.8423,1,6,-94,-8,8,46,44,9,28365058,262,1,223,13499,
685.386,11969.2,51.4848,7.40149,182.738,12.9525,42.8167,1,9,-93,-7,12,47,45,9,28365058,262,1,223,13499,
686.386,11982.3,51.4849,7.40162,182.688,12.7473,41.8815,1,9,-93,-7,12,47,45,9,28365058,262,1,223,13499,
687.397,11994.8,51.485,7.40174,182.617,12.1623,41.3789,1,21,-94,-7,7,46,42,9,28365058,262,1,223,13499,
688.386,12006.4,51.485,7.40185,182.486,11.8009,41.4653,1,21,-94,-7,7,46,42,9,28365058,262,1,223,13499,
689.386,12017.6,51.4851,7.40196,182.358,11.256,42.5523,1,22,-92,-6,13,48,44,9,28365058,262,1,223,13499,
690.386,12028.6,51.4852,7.40208,182.186,10.9335,44.2139,1,22,-92,-6,13,48,44,9,28365058,262,1,223,13499,
691.385,12039,51.4853,7.40219,181.874,10.6129,45.8036,1,22,-92,-6,13,48,44,9,28365058,262,1,223,13499,
692.385,12049.3,51.4853,7.4023,181.589,10.2494,47.0579,1,13,-92,-7,2,48,45,9,28365058,262,1,223,13499,
693.385,12058.8,51.4854,7.4024,181.235,10.0477,47.8983,1,13,-92,-7,2,48,45,9,28365058,262,1,223,13499,
694.386,12058.8,51.4852,7.40359,nan,9.71879,48.5648,1,5,-92,-7,2,48,44,9,28365058,262,1,223,13499,
695.386,12058.8,51.4855,7.40261,180.68,8.89629,49.4406,1,5,-92,-7,2,48,44,9,28365058,262,1,223,13499,
696.386,12066.9,51.4855,7.4027,180.428,7.8417,47.7739,1,5,-93,-8,2,47,45,9,28365058,262,1,223,13499,
697.386,12074.5,51.4856,7.40275,180.14,7.53484,24.2999,1,5,-93,-8,2,47,45,9,28365058,262,1,223,13499,
698.386,12082,51.4857,7.40277,179.838,7.62384,2.88978,1,7,-94,-8,2,46,44,9,28365058,262,1,223,13499,
699.386,12087.9,51.4857,7.40276,179.636,7.70559,341.875,1,7,-94,-8,2,46,44,9,28365058,262,1,223,13499,
700.387,12093.8,51.4858,7.40272,179.457,8.07882,325.947,1,-7,-95,-8,2,45,44,9,29391105,262,1,351,13499,
701.386,12102.2,51.4858,7.40265,179.54,8.89922,324.977,1,-7,-95,-8,2,45,44,9,29391105,262,1,351,13499,
702.386,12112.2,51.4859,7.40257,179.905,9.67946,323.99,1,10,-99,-12,2,41,43,9,26385409,262,1,93,13499,
703.385,12122.6,51.486,7.40248,180.487,10.5551,324.014,1,10,-99,-12,2,41,43,9,26385409,262,1,93,13499,
704.385,12133.1,51.486,7.40239,181.318,11.3252,324.594,1,6,-96,-8,2,44,42,9,26385409,262,1,93,13499,
705.386,12145.3,51.4861,7.4023,181.959,11.5564,326.067,1,6,-96,-8,2,44,42,9,26385409,262,1,93,13499,
706.386,12157.2,51.4862,7.40221,182.209,11.4394,327.987,1,10,-94,-7,2,46,44,9,26385409,262,1,93,13499,
707.386,12168.9,51.4863,7.40212,182.583,11.6797,329.849,1,10,-94,-7,2,46,44,9,26385409,262,1,93,13499,
708.386,12180.8,51.4864,7.40204,183.194,11.9684,332.289,1,10,-94,-8,2,46,44,9,26385409,262,1,93,13499,
709.386,12192.8,51.4865,7.40197,183.736,12.4847,334.694,1,10,-94,-8,2,46,44,9,26385409,262,1,93,13499,
710.385,12205.4,51.4866,7.40191,184.118,12.3932,337.182,1,8,-92,-7,2,48,46,9,26385409,262,1,93,13499,
711.386,12218.1,51.4867,7.40185,184.414,12.1503,339.412,1,8,-92,-7,2,48,46,9,26385409,262,1,93,13499,
712.385,12230.2,51.4868,7.40181,184.19,11.9587,341.554,1,8,-92,-7,2,48,46,9,26385409,262,1,93,13499,
713.386,12242,51.4869,7.40177,183.881,11.7172,343.868,1,8,-92,-7,2,48,46,9,26385409,262,1,93,13499,
714.386,12242,51.4849,7.39463,nan,11.5399,346.553,1,8,-92,-7,2,48,46,9,26385409,262,1,93,13499,
715.386,12242,51.4871,7.40171,184.049,11.5282,348.98,1,18,-91,-7,2,49,47,9,26385409,262,1,93,13499,
716.386,12253.3,51.4873,7.40169,184.118,11.3638,351.151,1,18,-91,-7,2,49,47,9,26385409,262,1,93,13499,
717.385,12264.6,51.4874,7.40169,183.71,11.3221,353.053,1,22,-89,-7,2,51,49,9,26385409,262,1,93,13499,
718.386,12276.5,51.4875,7.40169,182.886,11.2129,354.99,1,22,-89,-7,2,51,49,9,26385409,262,1,93,13499,
719.386,12288.5,51.4876,7.40169,182.159,11.2077,356.481,1,22,-84,-6,2,56,54,9,26385409,262,1,93,13499,
720.386,12299.3,51.4877,7.40169,181.691,11.13,357.59,1,22,-84,-6,2,56,54,9,26385409,262,1,93,13499,
721.386,12310.3,51.4878,7.40169,181.286,11.0293,358.567,1,22,-81,-6,15,59,55,2,26385409,262,1,93,13499,
722.385,12320.9,51.4879,7.4017,181.265,10.9994,359.081,1,22,-81,-6,15,59,55,2,26385409,262,1,93,13499,
723.386,12332,51.488,7.4017,181.137,11.0309,359.54,1,28,-84,-6,12,56,53,2,26385409,262,1,93,13499,
724.386,12343,51.4881,7.40171,181.239,10.9885,0.123643,1,28,-84,-6,12,56,53,2,26385409,262,1,93,13499,
725.385,12353.1,51.4881,7.40171,181.85,10.8897,0.406014,1,22,-79,-5,13,61,57,2,26385409,262,1,93,13499,
726.385,12364.2,51.4882,7.40171,182.059,10.816,359.835,1,22,-79,-5,13,61,57,2,26385409,262,1,93,13499,
727.386,12376.7,51.4884,7.40172,181.536,10.8391,359.581,1,29,-73,-5,15,67,62,2,26385409,262,1,93,13499,
728.385,12387.7,51.4885,7.40172,181.091,10.7549,359.232,1,29,-73,-5,15,67,62,2,26385409,262,1,93,13499,
729.386,12398.6,51.4886,7.40172,180.433,10.272,359.305,1,19,-82,-6,14,58,55,2,26385409,262,1,93,13499,
730.394,12408.3,51.4886,7.40173,180.019,9.79945,359.603,1,19,-82,-6,14,58,55,2,26385409,262,1,93,13499,
731.386,12417,51.4887,7.40173,179.982,9.21068,0.14985,1,15,-81,-7,14,59,56,2,26385409,262,1,93,13499,
732.386,12425,51.4888,7.40173,180.221,8.45601,0.242312,1,15,-81,-7,14,59,56,2,26385409,262,1,93,13499,
733.388,12432.8,51.4889,7.40172,180.626,7.68284,359.37,1,7,-83,-8,12,57,57,2,26385409,262,1,93,13499,
734.388,12439.8,51.4889,7.40172,180.822,6.11627,0.300989,1,7,-83,-8,12,57,57,2,26385409,262,1,93,13499,
735.386,12444.7,51.489,7.40173,180.835,3.92947,0.95671,1,7,-78,-7,6,62,58,1,26385410,262,1,94,13499,
736.388,12447.5,51.489,7.40172,180.868,2.02885,0.00238251,1,7,-78,-7,6,62,58,1,26385410,262,1,94,13499,
737.386,12448.9,51.489,7.40172,180.93,1.4954,0.563496,1,7,-78,-7,6,62,58,1,26385410,262,1,94,13499,
738.386,12450.6,51.489,7.40172,181.006,1.7758,358.949,1,15,-79,-7,15,61,58,1,26385410,262,1,94,13499,
739.386,12453.1,51.489,7.40172,181.093,2.66556,358.484,1,15,-79,-7,15,61,58,1,26385410,262,1,94,13499,
740.385,12456.5,51.4891,7.40171,182.092,4.20701,358.942,1,26,-80,-8,15,60,58,1,26385410,262,1,94,13499,
741.389,12461.4,51.4891,7.40171,182.897,5.32423,359.904,1,26,-80,-8,15,60,58,1,26385410,262,1,94,13499,
742.385,12467,51.4892,7.40171,183.403,6.46553,359.229,1,19,-80,-7,15,60,58,1,26385410,262,1,94,13499,
743.385,12473.9,51.4892,7.40171,183.652,7.16795,359.184,1,19,-80,-7,15,60,58,1,26385410,262,1,94,13499,
744.386,12481.7,51.4893,7.40173,183.347,6.67834,0.337079,1,27,-73,-5,15,67,60,1,26385410,262,1,94,13499,
745.385,12490.8,51.4894,7.4018,182.918,5.71968,39.8211,1,27,-73,-5,15,67,60,1,26385410,262,1,94,13499,
746.392,12497.3,51.4894,7.40188,182.25,6.99062,74.8944,1,30,-69,-8,13,71,63,1,26385410,262,1,94,13499,
747.386,12505.1,51.4894,7.402,181.492,8.5962,78.4268,1,30,-69,-8,13,71,63,1,26385410,262,1,94,13499,
748.386,12514.4,51.4894,7.40213,180.345,9.81198,82.051,1,29,-72,-7,15,68,63,1,26385410,262,1,94,13499,
749.385,12524.4,51.4894,7.40227,179.079,10.5731,85.4923,1,29,-72,-7,15,68,63,1,26385410,262,1,94,13499,
750.386,12536.2,51.4894,7.40245,178.002,11.68,87.75,1,27,-72,-6,15,68,63,1,26385410,262,1,94,13499,
751.386,12548.1,51.4894,7.40262,177.088,12.3848,88.4945,1,27,-72,-6,15,68,63,1,26385410,262,1,94,13499,
752.385,12561.4,51.4894,7.40281,176.081,13.1157,89.4033,1,21,-78,-6,15,62,59,1,26385410,262,1,94,13499,
753.386,12574.1,51.4894,7.40299,175.889,13.5237,90.0413,1,21,-78,-6,15,62,59,1,26385410,262,1,94,13499,
754.386,12588.1,51.4894,7.4032,175.439,13.6794,90.6009,1,25,-76,-7,15,64,62,1,26385410,262,1,94,13499,
755.386,12602.2,51.4894,7.4034,175.207,13.9049,91.3297,1,25,-76,-7,15,64,62,1,26385410,262,1,94,13499,
756.385,12616,51.4894,7.4036,174.529,13.8974,90.9069,1,28,-69,-6,15,71,63,1,26385410,262,1,94,13499,
757.385,12629.4,51.4894,7.40379,174.705,14.0737,90.5034,1,28,-69,-6,15,71,63,1,26385410,262,1,94,13499,
758.385,12643.6,51.4894,7.404,174.485,14.0077,91.0213,1,19,-76,-8,15,64,63,1,26385410,262,1,94,13499,
759.385,12657.4,51.4894,7.4042,174.499,14.0056,91.3811,1,19,-76,-8,15,64,63,1,26385410,262,1,94,13499,
760.386,12670.8,51.4894,7.40439,174.921,13.9386,90.502,1,12,-74,-7,6,66,63,1,26385408,262,1,95,13499,
761.385,12685.2,51.4894,7.4046,175.113,13.6431,91.184,1,12,-74,-7,6,66,63,1,26385408,262,1,95,13499,
762.386,12698.8,51.4894,7.40479,175.973,13.3644,90.4631,1,25,-72,-5,15,68,63,1,26385408,262,1,95,13499,
763.389,12712.8,51.4894,7.405,176.839,13.1583,89.8735,1,25,-72,-5,15,68,63,1,26385408,262,1,95,13499,
764.386,12725.6,51.4894,7.40518,177.451,13.0225,89.1897,1,25,-73,-6,15,67,63,1,26385408,262,1,95,13499,
765.385,12739,51.4894,7.40537,177.94,13.0836,87.6974,1,25,-73,-6,15,67,63,1,26385408,262,1,95,13499,
766.386,12751.7,51.4894,7.40556,179.043,13.2075,85.9165,1,22,-70,-6,15,70,63,1,26385408,262,1,95,13499,
767.386,12765.7,51.4894,7.40576,180.219,13.3608,84.0162,1,22,-70,-6,15,70,63,1,26385408,262,1,95,13499,
768.39,12777.9,51.4894,7.40593,181.112,13.5646,82.3817,1,11,-75,-6,15,65,62,1,26385408,262,1,95,13499,
769.386,12790.8,51.4895,7.40612,181.501,13.4545,80.8551,1,11,-75,-6,15,65,62,1,26385408,262,1,95,13499,
770.401,12803.6,51.4895,7.4063,181.45,13.2224,80.1989,1,29,-74,-6,15,66,63,1,26385408,262,1,95,13499,
771.387,12818.9,51.4895,7.40651,181.318,13.2725,79.6282,1,29,-74,-6,15,66,63,1,26385408,262,1,95,13499,
772.387,12831.6,51.4895,7.40669,181.161,13.3064,78.9591,1,29,-74,-6,15,66,63,1,26385408,262,1,95,13499,
773.386,12844.5,51.4896,7.40687,181.365,13.4615,78.1506,1,19,-72,-5,15,68,63,1,26385408,262,1,95,13499,
774.386,12857.1,51.4896,7.40705,181.677,13.5671,77.8313,1,19,-72,-5,15,68,63,1,26385408,262,1,95,13499,
775.391,12870.8,51.4896,7.40724,182.112,13.8015,78.7932,1,22,-70,-5,15,70,63,1,26385408,262,1,95,13499,
776.386,12885.2,51.4897,7.40744,182.707,13.8784,78.8721,1,22,-70,-5,15,70,63,1,26385408,262,1,95,13499,
777.386,12899.7,51.4897,7.40765,182.893,13.8185,79.6479,1,17,-72,-6,12,68,62,1,26385408,262,1,95,13499,
778.386,12912.9,51.4897,7.40783,182.698,13.7651,79.3732,1,17,-72,-6,12,68,62,1,26385408,262,1,95,13499,
779.386,12927.1,51.4897,7.40803,182.307,13.7649,78.7059,1,19,-73,-5,11,67,62,1,26385408,262,1,95,13499,
780.389,12940.5,51.4898,7.40822,181.791,13.8293,77.8959,1,19,-73,-5,11,67,62,1,26385408,262,1,95,13499,
781.385,12955.4,51.4898,7.40843,181.244,13.9075,78.0237,1,10,-74,-5,14,66,61,1,26385408,262,1,95,13499,
782.386,12970.8,51.4898,7.40865,180.849,13.9282,77.9391,1,10,-74,-5,14,66,61,1,26385408,262,1,95,13499,
783.386,12985.4,51.4898,7.40886,180.777,14.0335,77.6217,1,10,-78,-6,4,62,57,1,26385408,262,1,95,13499,
784.386,12998.3,51.4899,7.40904,180.397,14.028,77.3861,1,10,-78,-6,4,62,57,1,26385408,262,1,95,13499,
785.386,13012.7,51.4899,7.40924,180.013,14.0415,77.7905,1,10,-75,-6,12,65,60,1,26385408,262,1,95,13499,
786.385,13024.4,51.4899,7.40941,179.134,14.0383,77.1036,1,10,-75,-6,12,65,60,1,26385408,262,1,95,13499,
787.386,13038.9,51.4899,7.40961,178.055,14.213,76.5145,1,10,-77,-5,12,63,58,1,26385408,262,1,95,13499,
788.386,13052.1,51.49,7.4098,176.799,14.2718,77.0486,1,10,-77,-5,12,63,58,1,26385408,262,1,95,13499,
789.386,13066.6,51.49,7.41,175.615,14.3777,77.7815,1,20,-78,-5,12,62,58,1,26385408,262,1,95,13499,
790.385,13080.5,51.49,7.4102,174.638,14.3222,78.5958,1,20,-78,-5,12,62,58,1,26385408,262,1,95,13499,
791.385,13095.6,51.4901,7.41041,173.806,14.1478,77.7897,1,12,-76,-5,11,64,60,1,26385408,262,1,95,13499,
792.386,13109.7,51.4901,7.41061,173.167,13.8243,77.5792,1,12,-76,-5,11,64,60,1,26385408,262,1,95,13499,
793.386,13123.7,51.4901,7.41081,172.637,13.3471,77.964,1,13,-80,-5,1,60,56,1,26385408,262,1,95,13499,
794.386,13123.7,51.4903,7.41076,nan,12.6635,78.2314,1,13,-80,-5,1,60,56,1,26385408,262,1,95,13499,
