0.267,0,51.4502,7.48822,255.233,5.50838,176.914,1,11,-97,-8,2,43,43,6,28371202,262,1,67,13499,
1.283,7.13814,51.4501,7.48823,255.317,5.6291,171.347,1,11,-98,-8,8,42,42,7,28371202,262,1,67,13499,
2.268,15.2599,51.45,7.48825,255.36,5.81811,170.414,1,11,-98,-8,8,42,42,7,28371202,262,1,67,13499,
3.277,24.161,51.45,7.48828,255.297,9.40331,169.552,1,6,-96,-8,11,44,43,7,28371202,262,1,67,13499,
4.25,34.3715,51.4499,7.48832,254.623,10.0868,169.301,1,6,-96,-8,11,44,43,7,28371202,262,1,67,13499,
5.271,44.5904,51.4498,7.48835,254.102,10.218,170.299,1,5,-96,-9,12,44,44,7,28371202,262,1,67,13499,
6.272,55.6801,51.4497,7.48838,253.401,11.0531,171.098,1,5,-96,-9,12,44,44,7,28371202,262,1,67,13499,
7.274,66.6499,51.4496,7.4884,253.066,11.4208,172.303,1,4,-98,-9,8,42,43,7,28371202,262,1,67,13499,
8.272,78.3394,51.4495,7.48843,252.776,11.7399,173.641,1,4,-98,-9,8,42,43,7,28371202,262,1,67,13499,
9.265,90.2914,51.4494,7.48844,252.513,12.9823,175.552,1,1,-99,-10,4,41,43,7,28371202,262,1,67,13499,
10.271,103.701,51.4493,7.48844,252.31,13.3898,177.375,1,1,-99,-10,4,41,43,7,28371202,262,1,67,13499,
11.294,117.201,51.4491,7.48844,252.079,13.256,179.196,1,5,-100,-10,6,40,42,7,28371202,262,1,67,13499,
12.279,129.947,51.449,7.48843,251.894,13.2254,181.765,1,5,-100,-10,6,40,42,7,28371202,262,1,67,13499,
13.268,143.913,51.4489,7.48841,251.614,13.3208,183.692,1,2,-100,-9,9,40,41,7,28371202,262,1,67,13499,
14.297,158.416,51.4488,7.48838,251.548,12.991,185.601,1,2,-100,-9,9,40,41,7,28371202,262,1,67,13499,
15.257,171.302,51.4487,7.48834,252.215,12.921,187.217,1,0,-104,-13,7,36,40,7,28371202,262,1,67,13499,
16.294,185.816,51.4485,7.48829,252.937,12.8797,189.225,1,0,-104,-13,7,36,40,7,28371202,262,1,67,13499,
17.272,198.291,51.4484,7.48823,253.973,12.5714,190.925,1,-4,-106,-15,4,34,40,7,28371202,262,1,67,13499,
18.264,210.364,51.4483,7.48818,254.604,12.6559,192.358,1,-4,-106,-15,4,34,40,7,28371202,262,1,67,13499,
19.265,222.979,51.4482,7.48813,255.111,12.7308,193.11,1,-5,-102,-12,6,38,41,9,27771909,262,1,151,13499,
20.277,236.187,51.4481,7.48807,255.647,12.3556,192.985,1,-5,-102,-12,6,38,41,9,27771909,262,1,151,13499,
21.26,250.239,51.448,7.48801,255.611,12.4661,192.869,1,5,-100,-9,10,40,40,9,27771909,262,1,151,13499,
22.259,262.339,51.4479,7.48797,255.816,12.1615,193.292,1,5,-100,-9,10,40,40,9,27771909,262,1,151,13499,
23.263,273.003,51.4478,7.48794,256.154,12.1559,192.517,1,4,-101,-9,9,39,39,9,27771909,262,1,151,13499,
24.274,283.934,51.4477,7.48791,256.713,11.4817,191.31,1,4,-101,-9,9,39,39,9,27771909,262,1,151,13499,
25.266,296.897,51.4476,7.48788,257.154,12.1416,188.858,1,4,-100,-8,8,40,40,9,27771909,262,1,151,13499,
26.271,308.893,51.4475,7.48787,257.926,11.668,185.329,1,4,-100,-8,8,40,40,9,27771909,262,1,151,13499,
27.291,321.148,51.4473,7.48787,259.288,11.2819,182.525,1,4,-100,-8,8,40,40,9,27771909,262,1,151,13499,
28.284,333.056,51.4472,7.48788,260.349,11.7641,179.887,1,6,-98,-7,6,42,40,9,27771909,262,1,151,13499,
29.269,347.065,51.4471,7.4879,260.86,12.1758,177.218,1,6,-98,-7,6,42,40,9,27771909,262,1,151,13499,
30.296,359.247,51.447,7.48793,260.546,12.5584,174.524,1,9,-101,-8,10,39,38,9,27771909,262,1,151,13499,
31.266,373.388,51.4469,7.48797,260.336,12.699,172.066,1,9,-101,-8,10,39,38,9,27771909,262,1,151,13499,
32.294,385.685,51.4468,7.48803,260.246,12.6224,169.561,1,0,-99,-8,8,41,40,9,27771909,262,1,151,13499,
33.255,398.704,51.4467,7.48808,260.889,12.2162,166.86,1,0,-99,-8,8,41,40,9,27771909,262,1,151,13499,
34.26,411.804,51.4466,7.48814,261.234,12.2551,163.408,1,6,-98,-8,9,42,39,7,27771909,262,1,151,13499,
35.265,425.309,51.4464,7.48823,261.399,12.4287,160.399,1,6,-98,-8,9,42,39,7,27771909,262,1,151,13499,
36.266,438.885,51.4463,7.48831,261.94,12.6494,157.509,1,4,-100,-9,9,40,39,7,27771909,262,1,151,13499,
37.273,451.191,51.4462,7.4884,262.356,12.9986,154.924,1,4,-100,-9,9,40,39,7,27771909,262,1,151,13499,
38.291,466.684,51.4461,7.48852,262.252,13.5574,152.383,1,5,-100,-9,7,40,40,7,27771909,262,1,151,13499,
39.279,481.215,51.446,7.48864,263.025,13.304,149.243,1,5,-100,-9,7,40,40,7,27771909,262,1,151,13499,
40.28,494.125,51.4459,7.48876,263.684,13.2221,145.833,1,3,-99,-9,11,41,40,7,27771909,262,1,151,13499,
41.281,507.546,51.4458,7.48889,264.255,13.804,143.13,1,3,-99,-9,11,41,40,7,27771909,262,1,151,13499,
42.267,519.641,51.4458,7.48901,264.857,13.7461,140.652,1,7,-100,-9,9,40,39,7,27771909,262,1,151,13499,
43.265,532.722,51.4457,7.48915,265.481,13.5597,137.566,1,7,-100,-9,9,40,39,7,27771909,262,1,151,13499,
44.271,546.312,51.4456,7.48931,266.803,13.7331,135.302,1,0,-103,-10,8,37,38,7,27771909,262,1,151,13499,
45.279,559.14,51.4455,7.48945,267.714,13.6127,133.182,1,0,-103,-10,8,37,38,7,27771909,262,1,151,13499,
46.267,573.04,51.4455,7.48962,268.312,13.4999,130.999,1,-3,-104,-11,7,36,38,7,27771909,262,1,151,13499,
47.279,587.117,51.4454,7.48979,268.977,13.5295,129.5,1,-3,-104,-11,7,36,38,7,27771909,262,1,151,13499,
48.268,600.415,51.4453,7.48995,269.205,13.2531,128.647,1,1,-104,-10,2,36,36,7,27771909,262,1,151,13499,
49.296,613.314,51.4453,7.4901,269.91,12.7447,127.92,1,1,-104,-10,2,36,36,7,27771909,262,1,151,13499,
50.264,626.818,51.4452,7.49026,269.987,12.4925,127.772,1,1,-104,-10,2,36,36,7,27771909,262,1,151,13499,
51.288,638.692,51.4451,7.4904,269.761,12.5432,126.97,1,1,-105,-11,2,35,37,7,27771909,262,1,151,13499,
52.272,649.233,51.4451,7.49053,269.603,12.1622,127.256,1,1,-105,-11,2,35,37,7,27771909,262,1,151,13499,
53.265,660.511,51.445,7.49066,269.876,11.5943,126.647,1,5,-103,-9,2,37,37,7,27771907,262,1,150,13499,
54.28,671.423,51.445,7.49079,270.041,10.9462,125.782,1,5,-103,-9,2,37,37,7,27771907,262,1,150,13499,
55.273,683.121,51.4449,7.49093,270.487,10.2238,126.235,1,5,-101,-8,2,39,38,7,27771907,262,1,150,13499,
56.272,693.052,51.4449,7.49105,270.774,9.3061,126.581,1,5,-101,-8,2,39,38,7,27771907,262,1,150,13499,
57.292,701.624,51.4448,7.49116,270.963,8.42134,126.569,1,3,-101,-8,2,39,38,7,27771907,262,1,150,13499,
58.263,710.251,51.4448,7.49126,271.054,7.89243,126.559,1,3,-101,-8,2,39,38,7,27771907,262,1,150,13499,
59.255,716.606,51.4447,7.49134,271.413,5.78871,126.953,1,8,-103,-8,2,37,36,7,27771907,262,1,150,13499,
60.267,722.483,51.4447,7.49141,271.729,5.03573,127.819,1,8,-103,-8,2,37,36,7,27771907,262,1,150,13499,
61.279,727.235,51.4447,7.49146,271.82,5.17606,127.566,1,3,-105,-8,2,35,34,7,27771907,262,1,150,13499,
62.284,732.386,51.4447,7.49152,271.77,6.19876,127.731,1,3,-105,-8,2,35,34,7,27771907,262,1,150,13499,
63.275,738.461,51.4446,7.49159,271.633,6.83829,128.078,1,7,-105,-9,2,35,34,7,27771907,262,1,150,13499,
64.271,745.243,51.4446,7.49167,271.434,6.39644,130.405,1,7,-105,-9,2,35,34,7,27771907,262,1,150,13499,
65.284,752.415,51.4445,7.49172,270.715,5.76185,158.025,1,7,-106,-9,2,34,34,7,27771907,262,1,150,13499,
66.294,757.587,51.4445,7.49171,270.521,4.99021,187.09,1,7,-106,-9,2,34,34,7,27771907,262,1,150,13499,
67.279,763.472,51.4444,7.49168,271.557,6.42044,210.485,1,18,-101,-8,2,39,36,7,27771907,262,1,150,13499,
68.274,771.199,51.4444,7.49161,272.421,7.80764,211.924,1,18,-101,-8,2,39,36,7,27771907,262,1,150,13499,
69.266,781.762,51.4443,7.49153,272.827,9.04525,213.442,1,22,-95,-6,2,45,40,7,27771907,262,1,150,13499,
70.265,792.078,51.4442,7.49145,273.152,9.92759,214.242,1,22,-95,-6,2,45,40,7,27771907,262,1,150,13499,
71.399,803.071,51.4441,7.49136,273.415,10.7184,214.557,1,22,-93,-6,2,47,42,7,27771907,262,1,150,13499,
72.263,814.202,51.4441,7.49127,273.555,11.5188,214.057,1,22,-93,-6,2,47,42,7,27771907,262,1,150,13499,
73.284,826.57,51.444,7.49117,273.663,12.3203,214.616,1,23,-87,-6,13,53,52,5,27771907,262,1,150,13499,
74.262,838.951,51.4439,7.49106,273.954,13.0686,214.31,1,23,-87,-6,13,53,52,5,27771907,262,1,150,13499,
75.254,852.387,51.4438,7.49095,274.306,13.866,214.66,1,32,-75,-5,15,65,61,5,27771907,262,1,150,13499,
76.285,866.533,51.4437,7.49083,274.52,14.4961,215.237,1,32,-75,-5,15,65,61,5,27771907,262,1,150,13499,
77.263,881.092,51.4436,7.4907,274.81,15.0814,215.854,1,24,-71,-4,15,69,63,5,27771907,262,1,150,13499,
78.264,895.833,51.4435,7.49057,275.005,15.6738,216.197,1,24,-71,-4,15,69,63,5,27771907,262,1,150,13499,
79.263,911.431,51.4434,7.49043,275.124,15.9959,217.037,1,26,-76,-4,15,64,59,5,27771907,262,1,150,13499,
80.28,927.508,51.4432,7.4903,275.362,16.27,217.051,1,26,-76,-4,15,64,59,5,27771907,262,1,150,13499,
81.285,944.717,51.4431,7.49015,275.297,16.374,217.117,1,20,-84,-5,15,56,53,5,27771907,262,1,150,13499,
82.281,960.977,51.443,7.49001,275.254,16.3777,216.557,1,20,-84,-5,15,56,53,5,27771907,262,1,150,13499,
83.259,976.997,51.4429,7.48987,275.396,16.3034,216.808,1,20,-84,-5,15,56,53,5,27771907,262,1,150,13499,
84.264,991.536,51.4428,7.48974,275.167,16.1615,217.212,1,24,-76,-5,15,64,60,5,27771907,262,1,150,13499,
85.289,1007.13,51.4427,7.4896,275.297,16.0336,216.856,1,24,-76,-5,15,64,60,5,27771907,262,1,150,13499,
86.285,1023.3,51.4425,7.48946,275.688,16.0822,216.07,1,33,-66,-5,15,74,63,5,27771907,262,1,150,13499,
87.28,1040.05,51.4424,7.48932,276.071,16.0906,216.505,1,33,-66,-5,15,74,63,5,27771907,262,1,150,13499,
88.273,1056.25,51.4423,7.48918,276.327,16.1554,215.964,1,32,-72,-6,15,68,63,5,27771907,262,1,150,13499,
89.275,1072.48,51.4422,7.48905,276.676,16.1124,216.706,1,32,-72,-6,15,68,63,5,27771907,262,1,150,13499,
90.302,1088.72,51.4421,7.48891,276.802,16.146,217.207,1,32,-72,-5,2,68,63,5,27771907,262,1,150,13499,
91.26,1105.57,51.442,7.48875,277.049,15.941,219.236,1,32,-72,-5,2,68,63,5,27771907,262,1,150,13499,
92.272,1122.41,51.4418,7.4886,277.623,16.0365,220.932,1,27,-61,-4,15,79,63,2,27771907,262,1,150,13499,
93.265,1139.1,51.4417,7.48843,278.179,16.4107,222.041,1,27,-61,-4,15,79,63,2,27771907,262,1,150,13499,
94.271,1155.85,51.4416,7.48826,278.75,16.4034,224.381,1,34,-67,-5,1,73,63,2,27771907,262,1,150,13499,
95.271,1172.36,51.4415,7.48809,279.44,16.7255,226.605,1,34,-67,-5,1,73,63,2,27771907,262,1,150,13499,
96.272,1189.13,51.4414,7.4879,279.956,16.7699,228.315,1,22,-73,-5,14,67,63,2,27771907,262,1,150,13499,
97.28,1205.86,51.4413,7.48771,279.745,16.6584,229.552,1,22,-73,-5,14,67,63,2,27771907,262,1,150,13499,
98.27,1223.56,51.4412,7.48751,279.785,16.7335,230.438,1,22,-78,-5,14,62,59,2,27771907,262,1,150,13499,
99.263,1240.99,51.4411,7.48731,280.098,16.8494,231.153,1,22,-78,-5,14,62,59,2,27771907,262,1,150,13499,
100.285,1258.4,51.441,7.48711,280.249,16.9517,231.662,1,22,-81,-6,14,59,55,2,27771907,262,1,150,13499,
101.277,1275.58,51.4409,7.48691,280.39,17.1886,232.159,1,22,-81,-6,14,59,55,2,27771907,262,1,150,13499,
102.273,1291.33,51.4409,7.48673,280.656,17.281,232.787,1,8,-87,-9,13,53,53,2,27771907,262,1,150,13499,
103.278,1308.15,51.4408,7.48653,281.195,17.2151,232.197,1,8,-87,-9,13,53,53,2,27771907,262,1,150,13499,
104.275,1325.06,51.4407,7.48633,281.657,17.2699,233.041,1,10,-82,-7,15,58,57,1,27771908,262,1,152,13499,
105.266,1341.55,51.4406,7.48613,281.81,17.1834,232.802,1,10,-82,-7,15,58,57,1,27771908,262,1,152,13499,
106.253,1359.15,51.4405,7.48593,281.655,17.3115,233.012,1,13,-81,-7,15,59,58,1,27771908,262,1,152,13499,
107.284,1375.5,51.4404,7.48573,281.587,17.0913,233.324,1,13,-81,-7,15,59,58,1,27771908,262,1,152,13499,
108.278,1392,51.4403,7.48554,281.359,16.7981,233.867,1,13,-81,-7,15,59,58,1,27771908,262,1,152,13499,
109.283,1408.41,51.4403,7.48535,281.175,16.7419,233.32,1,16,-79,-6,15,61,58,1,27771908,262,1,152,13499,
110.271,1424.98,51.4402,7.48515,281.259,16.7413,232.885,1,16,-79,-6,15,61,58,1,27771908,262,1,152,13499,
111.284,1442.65,51.4401,7.48494,281.308,16.7888,232.667,1,19,-76,-6,14,64,62,1,27771908,262,1,152,13499,
112.307,1459.2,51.44,7.48475,281.12,16.3415,232.282,1,19,-76,-6,14,64,62,1,27771908,262,1,152,13499,
113.272,1474.68,51.4399,7.48458,280.941,15.7886,233.058,1,23,-70,-6,15,70,63,1,27771908,262,1,152,13499,
114.266,1489.81,51.4398,7.4844,280.817,15.4398,233.132,1,23,-70,-6,15,70,63,1,27771908,262,1,152,13499,
115.262,1505.01,51.4397,7.48423,280.707,14.9905,232.975,1,31,-67,-5,15,73,63,1,27771908,262,1,152,13499,
116.272,1519.04,51.4397,7.48406,280.881,14.5208,232.618,1,31,-67,-5,15,73,63,1,27771908,262,1,152,13499,
117.275,1534.12,51.4396,7.48389,281.135,14.3229,233.666,1,31,-69,-5,15,71,63,1,27771908,262,1,152,13499,
118.271,1549.21,51.4395,7.48371,281.5,14.0485,234.234,1,31,-69,-5,15,71,63,1,27771908,262,1,152,13499,
119.298,1563.64,51.4394,7.48353,282.022,14.1803,234.663,1,31,-69,-5,15,71,63,1,27771908,262,1,152,13499,
120.29,1578.1,51.4394,7.48336,282.615,14.477,236.001,1,31,-69,-5,15,71,63,1,27771908,262,1,152,13499,
121.289,1591.89,51.4393,7.48319,283.424,14.6226,236.964,1,23,-74,-5,15,66,63,1,27771908,262,1,152,13499,
122.257,1606.93,51.4392,7.483,284.016,14.7377,237.591,1,23,-74,-5,15,66,63,1,27771908,262,1,152,13499,
123.268,1622.05,51.4392,7.48281,284.529,14.5188,239.178,1,25,-77,-5,14,63,58,1,27771908,262,1,152,13499,
124.27,1637.53,51.4391,7.48262,285.155,14.3557,240.024,1,25,-77,-5,14,63,58,1,27771908,262,1,152,13499,
125.277,1651.43,51.439,7.48244,285.575,14.4954,239.202,1,24,-80,-5,15,60,55,1,27771908,262,1,152,13499,
126.273,1666.38,51.439,7.48225,285.98,14.6012,239.823,1,24,-80,-5,15,60,55,1,27771908,262,1,152,13499,
127.302,1680.79,51.4389,7.48207,286.17,14.8034,240.578,1,21,-83,-5,15,57,54,1,27771908,262,1,152,13499,
128.273,1694.59,51.4389,7.48189,286.236,15.0008,241.235,1,21,-83,-5,15,57,54,1,27771908,262,1,152,13499,
129.275,1708.13,51.4388,7.48172,286.376,14.5448,240.644,1,20,-90,-5,13,50,47,1,27771908,262,1,152,13499,
130.268,1722.81,51.4387,7.48154,286.443,14.5616,240.967,1,20,-90,-5,13,50,47,1,27771908,262,1,152,13499,
131.283,1737.78,51.4387,7.48135,286.685,14.8792,241.096,1,16,-90,-6,12,50,47,1,27771908,262,1,152,13499,
132.26,1752.57,51.4386,7.48116,286.806,14.9731,240.555,1,16,-90,-6,12,50,47,1,27771908,262,1,152,13499,
133.287,1768.01,51.4385,7.48096,286.801,15.1013,240.56,1,16,-90,-6,12,50,47,1,27771908,262,1,152,13499,
134.266,1783.56,51.4385,7.48077,286.879,15.3261,241.006,1,22,-90,-5,14,50,47,1,27771908,262,1,152,13499,
135.298,1799.01,51.4384,7.48057,286.824,15.5203,241.692,1,22,-90,-5,14,50,47,1,27771908,262,1,152,13499,
136.28,1814.55,51.4383,7.48037,286.585,15.8192,241.206,1,25,-92,-6,13,48,45,1,27771908,262,1,152,13499,
137.261,1831.61,51.4383,7.48015,286.462,16.1122,241.859,1,25,-92,-6,13,48,45,1,27771908,262,1,152,13499,
138.278,1846.91,51.4382,7.47996,286.26,16.2817,242.574,1,17,-97,-6,8,43,40,1,27771908,262,1,152,13499,
139.287,1862.5,51.4381,7.47976,286.293,15.7693,242.695,1,17,-97,-6,8,43,40,1,27771908,262,1,152,13499,
140.278,1879.26,51.4381,7.47954,286.509,15.7157,242.135,1,16,-99,-5,14,41,39,1,27771908,262,1,152,13499,
141.262,1894.59,51.438,7.47934,286.804,15.6556,242.19,1,16,-99,-5,14,41,39,1,27771908,262,1,152,13499,
142.266,1910.35,51.4379,7.47915,287.063,15.5845,241.76,1,13,-101,-7,8,39,37,1,27771908,262,1,152,13499,
143.266,1925.56,51.4379,7.47895,287.443,15.2555,240.848,1,13,-101,-7,8,39,37,1,27771908,262,1,152,13499,
144.262,1941.79,51.4378,7.47875,288.074,14.8312,241.655,1,11,-102,-7,11,38,37,1,27771908,262,1,152,13499,
145.251,1956.08,51.4377,7.47857,288.453,14.9173,241.536,1,11,-102,-7,11,38,37,1,27771908,262,1,152,13499,
146.273,1970.35,51.4377,7.47839,288.459,14.4841,242.312,1,9,-102,-7,7,38,36,1,27771908,262,1,152,13499,
147.282,1983.87,51.4376,7.47822,288.508,14.1105,242.961,1,9,-102,-7,7,38,36,1,27771908,262,1,152,13499,
148.266,1999.19,51.4376,7.47802,288.321,13.8674,242.147,1,9,-104,-7,11,36,35,1,27771908,262,1,152,13499,
149.278,2012.68,51.4375,7.47785,287.905,13.5682,242.269,1,9,-104,-7,11,36,35,1,27771908,262,1,152,13499,
150.267,2025.78,51.4374,7.47769,287.766,13.0834,241.738,1,7,-107,-10,8,33,34,1,27771908,262,1,152,13499,
151.275,2038.07,51.4374,7.47753,287.607,12.7297,241.345,1,7,-107,-10,8,33,34,1,27771908,262,1,152,13499,
152.266,2050.49,51.4373,7.47737,287.493,12.4231,241.817,1,8,-107,-9,9,33,33,1,27771908,262,1,152,13499,
153.276,2062.82,51.4373,7.47722,287.56,11.5925,240.053,1,8,-107,-9,9,33,33,1,27771908,262,1,152,13499,
154.292,2075.81,51.4372,7.47705,288.215,11.2599,241.719,1,8,-106,-8,9,34,33,1,27771908,262,1,152,13499,
155.265,2087.21,51.4372,7.4769,288.999,11.1101,245.738,1,8,-106,-8,9,34,33,1,27771908,262,1,152,13499,
156.261,2098.95,51.4371,7.47674,289.47,10.5326,249.752,1,8,-106,-8,9,34,33,1,27771908,262,1,152,13499,
157.285,2109.54,51.4371,7.47659,289.485,10.4084,264.106,1,10,-105,-8,2,35,34,1,27771908,262,1,152,13499,
158.256,2120.28,51.4372,7.47644,289.476,9.90609,279.125,1,10,-105,-8,2,35,34,1,27771908,262,1,152,13499,
159.261,2130.51,51.4372,7.47631,289.651,9.2911,297.448,1,14,-103,-7,2,37,35,1,27771908,262,1,152,13499,
160.256,2140.51,51.4373,7.47621,289.847,8.82481,315.483,1,14,-103,-7,2,37,35,1,27771908,262,1,152,13499,
161.273,2151.59,51.4374,7.47615,289.98,8.13498,345.309,1,14,-101,-6,2,39,36,1,27771908,262,1,152,13499,
162.282,2160.88,51.4374,7.47617,289.786,9.16184,13.2416,1,14,-101,-6,2,39,36,1,27771908,262,1,152,13499,
163.257,2171.86,51.4375,7.47623,289.619,10.6191,32.0972,1,25,-97,-6,2,43,39,1,27771908,262,1,152,13499,
164.283,2183.1,51.4376,7.47632,289.365,10.9214,35.9757,1,25,-97,-6,2,43,39,1,27771908,262,1,152,13499,
165.266,2193.88,51.4377,7.47645,289.06,11.6958,54.4362,1,32,-87,-5,2,53,50,1,27771908,262,1,152,13499,
166.302,2207.54,51.4377,7.47661,288.786,13.1947,53.8087,1,32,-87,-5,2,53,50,1,27771908,262,1,152,13499,
167.282,2221.67,51.4378,7.47678,288.317,14.3354,54.2998,1,30,-77,-4,15,63,59,10,27771908,262,1,152,13499,
168.271,2235.85,51.4379,7.47695,288.101,15.0892,55.1627,1,30,-77,-4,15,63,59,10,27771908,262,1,152,13499,
169.279,2250.9,51.438,7.47713,287.876,16.1418,54.1797,1,29,-73,-3,15,67,60,10,27771908,262,1,152,13499,
170.273,2268.01,51.438,7.47733,287.61,16.7471,54.764,1,29,-73,-3,15,67,60,10,27771908,262,1,152,13499,
171.285,2285.95,51.4381,7.47755,287.395,17.808,55.1405,1,32,-75,-3,15,65,60,10,27771908,262,1,152,13499,
172.304,2303.43,51.4382,7.47775,287.014,18.2701,55.6665,1,32,-75,-3,15,65,60,10,27771908,262,1,152,13499,
173.266,2321.24,51.4383,7.47797,286.689,18.8947,56.012,1,27,-75,-4,15,65,60,10,27771908,262,1,152,13499,
174.288,2340.82,51.4384,7.4782,286.207,19.0935,56.4804,1,27,-75,-4,15,65,60,10,27771908,262,1,152,13499,
175.254,2360.83,51.4385,7.47844,286.132,20.1487,57.4477,1,31,-77,-4,15,63,59,10,27771908,262,1,152,13499,
176.288,2381.38,51.4386,7.47869,285.64,20.2055,57.7789,1,31,-77,-4,15,63,59,10,27771908,262,1,152,13499,
177.273,2402.97,51.4387,7.47896,285.355,21.5349,57.3155,1,31,-77,-4,15,63,59,10,27771908,262,1,152,13499,
178.273,2423.98,51.4388,7.47921,284.931,21.5237,56.8224,1,30,-81,-5,15,59,56,10,27771908,262,1,152,13499,
179.271,2445.38,51.4389,7.47947,284.617,21.3481,56.525,1,30,-81,-5,15,59,56,10,27771908,262,1,152,13499,
180.288,2466.08,51.439,7.47972,284.353,21.1093,55.5705,1,25,-81,-4,15,59,55,10,27771908,262,1,152,13499,
181.266,2486.15,51.4391,7.47996,284.053,20.3602,55.5819,1,25,-81,-4,15,59,55,10,27771908,262,1,152,13499,
182.267,2506.21,51.4392,7.48019,283.692,19.9412,54.9227,1,29,-84,-5,15,56,53,10,27771908,262,1,152,13499,
183.276,2526.63,51.4393,7.48043,283.552,19.7126,54.4448,1,29,-84,-5,15,56,53,10,27771908,262,1,152,13499,
184.281,2545.63,51.4394,7.48065,283.328,19.1556,53.9406,1,27,-86,-5,15,54,51,10,27771908,262,1,152,13499,
185.27,2564.19,51.4395,7.48087,283.105,18.4947,54.1238,1,27,-86,-5,15,54,51,10,27771908,262,1,152,13499,
186.27,2583.15,51.4397,7.48109,283.043,18.2192,53.4122,1,12,-86,-5,12,54,51,10,27771908,262,1,152,13499,
187.305,2600.46,51.4397,7.48128,282.764,17.7454,52.8233,1,12,-86,-5,12,54,51,10,27771908,262,1,152,13499,
188.267,2618.34,51.4398,7.48149,282.584,17.8343,51.6527,1,24,-85,-5,13,55,51,10,27771908,262,1,152,13499,
189.291,2635.2,51.4399,7.48168,282.217,17.4073,50.5215,1,24,-85,-5,13,55,51,10,27771908,262,1,152,13499,
190.261,2652.3,51.44,7.48186,282.09,16.8093,48.9094,1,25,-83,-5,15,57,53,10,27771908,262,1,152,13499,
191.267,2669.28,51.4401,7.48204,281.805,16.9066,47.5457,1,25,-83,-5,15,57,53,10,27771908,262,1,152,13499,
192.289,2686.64,51.4403,7.48221,281.701,16.6323,46.11,1,23,-83,-5,14,57,54,10,27771908,262,1,152,13499,
193.275,2703.63,51.4404,7.48238,281.669,16.5739,44.8933,1,23,-83,-5,14,57,54,10,27771908,262,1,152,13499,
194.267,2720.4,51.4405,7.48255,281.387,16.4727,44.0089,1,24,-83,-5,12,57,52,10,27771908,262,1,152,13499,
195.26,2737.03,51.4406,7.48271,280.933,16.626,43.1964,1,24,-83,-5,12,57,52,10,27771908,262,1,152,13499,
196.264,2753.48,51.4407,7.48288,280.467,17.3242,42.2964,1,21,-82,-6,13,58,54,10,27771908,262,1,152,13499,
197.263,2771.17,51.4408,7.48304,280.033,18.0067,41.5003,1,21,-82,-6,13,58,54,10,27771908,262,1,152,13499,
198.28,2789.08,51.4409,7.48321,279.61,18.1546,40.7009,1,15,-81,-5,15,59,55,10,27771908,262,1,152,13499,
199.267,2806.92,51.4411,7.48337,279.063,18.2336,39.6945,1,15,-81,-5,15,59,55,10,27771908,262,1,152,13499,
200.264,2824.75,51.4412,7.48352,278.488,18.2309,38.8429,1,15,-81,-5,15,59,55,10,27771908,262,1,152,13499,
201.271,2842.87,51.4413,7.48368,277.757,18.1906,37.7611,1,19,-83,-5,12,57,53,10,27771908,262,1,152,13499,
202.297,2860.43,51.4415,7.48382,277.19,18.1917,36.3991,1,19,-83,-5,12,57,53,10,27771908,262,1,152,13499,
203.262,2878.27,51.4416,7.48397,276.631,18.0807,35.0495,1,9,-86,-6,14,54,51,10,27771908,262,1,152,13499,
204.263,2895.53,51.4417,7.4841,276.453,18.0338,33.6253,1,9,-86,-6,14,54,51,10,27771908,262,1,152,13499,
205.263,2913.98,51.4419,7.48422,276.199,18.1401,32.1585,1,8,-87,-8,9,53,50,10,27771908,262,1,152,13499,
206.284,2931.03,51.442,7.48434,275.995,18.4996,30.7039,1,8,-87,-8,9,53,50,10,27771908,262,1,152,13499,
207.281,2950.57,51.4422,7.48446,275.827,18.8546,29.445,1,11,-85,-7,6,55,51,1,27771909,262,1,151,13499,
208.276,2969.69,51.4423,7.48458,275.541,18.8187,28.4803,1,11,-85,-7,6,55,51,1,27771909,262,1,151,13499,
209.277,2988.32,51.4425,7.4847,275.096,18.7164,27.6512,1,14,-83,-7,15,57,54,1,27771909,262,1,151,13499,
210.275,3006.62,51.4426,7.48481,274.855,18.6157,26.6275,1,14,-83,-7,15,57,54,1,27771909,262,1,151,13499,
211.276,3024.72,51.4428,7.48492,274.592,18.4581,25.7669,1,25,-81,-6,15,59,57,1,27771909,262,1,151,13499,
212.277,3044,51.4429,7.48504,274.149,18.3658,25.0621,1,25,-81,-6,15,59,57,1,27771909,262,1,151,13499,
213.252,3062.46,51.4431,7.48514,273.518,18.2591,24.6673,1,29,-72,-5,15,68,63,1,27771909,262,1,151,13499,
214.273,3080.57,51.4432,7.48524,272.793,18.247,23.9476,1,29,-72,-5,15,68,63,1,27771909,262,1,151,13499,
215.273,3098.12,51.4434,7.48533,272.21,18.0529,23.9893,1,22,-84,-6,15,56,52,1,27771909,262,1,151,13499,
216.266,3116.01,51.4435,7.48543,271.834,17.5593,23.8795,1,22,-84,-6,15,56,52,1,27771909,262,1,151,13499,
217.288,3133.14,51.4437,7.48552,271.714,16.7532,23.4303,1,32,-67,-5,15,73,63,1,27771909,262,1,151,13499,
218.263,3149.95,51.4438,7.48561,271.318,15.1322,22.8895,1,32,-67,-5,15,73,63,1,27771909,262,1,151,13499,
219.275,3164.72,51.4439,7.48569,270.943,14.5069,22.3101,1,32,-63,-6,15,77,63,1,27771909,262,1,151,13499,
220.273,3178.76,51.4441,7.48576,270.5,14.2416,21.7075,1,32,-63,-6,15,77,63,1,27771909,262,1,151,13499,
221.287,3192.12,51.4442,7.48582,270.034,13.1933,20.7188,1,32,-67,-4,15,73,63,1,27771909,262,1,151,13499,
222.268,3205.41,51.4443,7.48589,269.297,12.2963,21.8445,1,32,-67,-4,15,73,63,1,27771909,262,1,151,13499,
223.274,3218.57,51.4444,7.48596,268.797,12.1773,24.1692,1,26,-70,-5,15,70,63,1,27771909,262,1,151,13499,
224.305,3231.68,51.4445,7.48605,268.438,12.1204,27.8059,1,26,-70,-5,15,70,63,1,27771909,262,1,151,13499,
225.281,3244.21,51.4446,7.48617,268.163,11.6001,42.1229,1,26,-70,-5,15,70,63,1,27771909,262,1,151,13499,
226.276,3255.41,51.4446,7.48628,268.086,11.0903,45.4778,1,31,-74,-5,15,66,63,1,27771909,262,1,151,13499,
227.256,3266.21,51.4447,7.48642,267.727,11.2316,62.0177,1,31,-74,-5,15,66,63,1,27771909,262,1,151,13499,
228.272,3276.74,51.4447,7.48657,267.433,11.0204,76.1264,1,25,-77,-5,15,63,59,1,27771909,262,1,151,13499,
229.279,3287.04,51.4447,7.48672,267.331,10.6619,88.6246,1,25,-77,-5,15,63,59,1,27771909,262,1,151,13499,
230.263,3297.24,51.4447,7.48686,267.221,10.2934,91.7752,1,21,-80,-5,15,60,56,1,27771909,262,1,151,13499,
231.264,3308.72,51.4447,7.48703,267.304,10.0586,107.057,1,21,-80,-5,15,60,56,1,27771909,262,1,151,13499,
232.272,3318.76,51.4446,7.48715,266.766,9.45291,119.601,1,21,-73,-4,15,67,60,1,27771909,262,1,151,13499,
233.275,3328.78,51.4446,7.48726,265.833,9.5051,132.206,1,21,-73,-4,15,67,60,1,27771909,262,1,151,13499,
234.279,3337.82,51.4445,7.48736,265.015,9.38408,134.995,1,26,-68,-5,15,72,63,1,27771909,262,1,151,13499,
235.281,3347.01,51.4445,7.48744,264.186,9.04516,149.403,1,26,-68,-5,15,72,63,1,27771909,262,1,151,13499,
236.281,3356.24,51.4444,7.4875,263.504,9.20913,152.519,1,28,-71,-5,15,69,63,1,27771909,262,1,151,13499,
237.273,3364.95,51.4443,7.48753,263.09,8.59569,170.184,1,28,-71,-5,15,69,63,1,27771909,262,1,151,13499,
238.275,3374.62,51.4442,7.48755,263.07,8.94597,172.798,1,27,-67,-5,15,73,63,1,27771909,262,1,151,13499,
239.274,3384.52,51.4441,7.48754,263.156,8.63684,188,1,27,-67,-5,15,73,63,1,27771909,262,1,151,13499,
240.279,3393.55,51.4441,7.48752,263.266,8.37337,191.052,1,30,-68,-6,15,72,63,1,27771909,262,1,151,13499,
241.273,3402.71,51.444,7.48746,263.272,8.75205,207.239,1,30,-68,-6,15,72,63,1,27771909,262,1,151,13499,
242.283,3412.72,51.4439,7.48738,263.357,9.76235,210.893,1,29,-70,-5,15,70,63,1,27771909,262,1,151,13499,
243.278,3423.83,51.4438,7.48726,263.409,10.5639,230.134,1,29,-70,-5,15,70,63,1,27771909,262,1,151,13499,
244.282,3435.07,51.4438,7.48713,263.58,11.315,234.032,1,29,-78,-5,15,62,58,1,27771909,262,1,151,13499,
245.267,3446.82,51.4438,7.48697,263.837,11.7286,253.906,1,29,-78,-5,15,62,58,1,27771909,262,1,151,13499,
246.274,3458.65,51.4437,7.4868,264.088,12.0833,257.171,1,29,-78,-5,15,62,58,1,27771909,262,1,151,13499,
247.265,3470.39,51.4437,7.48663,264.449,12.6937,261.043,1,26,-82,-6,14,58,54,1,27771909,262,1,151,13499,
248.263,3483.44,51.4437,7.48645,264.747,13.5539,263.442,1,26,-82,-6,14,58,54,1,27771909,262,1,151,13499,
249.255,3497.93,51.4437,7.48624,264.821,14.6198,264.721,1,20,-81,-5,15,59,56,1,27771909,262,1,151,13499,
250.296,3513.71,51.4437,7.48601,264.883,15.4706,265.509,1,20,-81,-5,15,59,56,1,27771909,262,1,151,13499,
251.261,3529.6,51.4437,7.48578,264.602,15.5601,266.259,1,27,-82,-6,15,58,55,1,27771909,262,1,151,13499,
252.268,3544.74,51.4437,7.48556,264.959,14.7607,265.39,1,27,-82,-6,15,58,55,1,27771909,262,1,151,13499,
253.255,3559.42,51.4437,7.48535,266.113,14.5118,267.628,1,23,-79,-5,15,61,56,1,27771909,262,1,151,13499,
254.297,3574.49,51.4437,7.48513,266.607,15.0268,269.599,1,23,-79,-5,15,61,56,1,27771909,262,1,151,13499,
255.287,3587.64,51.4437,7.48494,267.476,13.6388,270.464,1,27,-90,-6,15,50,48,1,27771909,262,1,151,13499,
256.269,3603.9,51.4437,7.48471,267.584,15.2517,269.545,1,27,-90,-6,15,50,48,1,27771909,262,1,151,13499,
257.278,3618.85,51.4437,7.48449,267.894,15.9763,269.168,1,31,-76,-6,15,64,61,1,27771909,262,1,151,13499,
258.268,3634.55,51.4437,7.48426,267.347,15.8999,269.035,1,31,-76,-6,15,64,61,1,27771909,262,1,151,13499,
259.274,3650.37,51.4437,7.48404,266.515,16.5401,268.577,1,33,-69,-6,1,71,63,1,27771909,262,1,151,13499,
260.288,3667.04,51.4437,7.4838,265.254,17.1974,268.311,1,33,-69,-6,1,71,63,1,27771909,262,1,151,13499,
261.272,3685.08,51.4437,7.48353,264.131,18.0594,267.909,1,32,-69,-7,15,71,63,1,27771909,262,1,151,13499,
262.266,3702.68,51.4437,7.48328,263.173,18.4141,267.372,1,32,-69,-7,15,71,63,1,27771909,262,1,151,13499,
263.268,3721.68,51.4437,7.48301,262.475,18.6797,268.295,1,29,-75,-7,15,65,63,1,27771909,262,1,151,13499,
264.275,3740.4,51.4437,7.48274,262.169,18.8458,269.424,1,29,-75,-7,15,65,63,1,27771909,262,1,151,13499,
265.301,3759.09,51.4437,7.48247,261.648,19.4361,269.258,1,19,-77,-4,14,63,58,1,27771909,262,1,151,13499,
266.282,3778.72,51.4437,7.48218,261.278,20.0234,268.489,1,19,-77,-4,14,63,58,1,27771909,262,1,151,13499,
267.266,3799.33,51.4437,7.48189,261.32,20.3391,267.831,1,25,-83,-5,13,57,54,1,27771909,262,1,151,13499,
268.272,3818.92,51.4437,7.4816,261.497,20.5867,266.391,1,25,-83,-5,13,57,54,1,27771909,262,1,151,13499,
269.293,3839.46,51.4436,7.48131,261.49,20.4987,266.169,1,24,-84,-4,13,56,52,1,27771909,262,1,151,13499,
270.277,3859.71,51.4436,7.48102,261.46,20.2879,265.955,1,24,-84,-4,13,56,52,1,27771909,262,1,151,13499,
271.286,3879.81,51.4436,7.48073,261.312,20.0597,265.722,1,19,-84,-5,12,56,51,1,27771909,262,1,151,13499,
272.268,3900.3,51.4436,7.48043,261.119,19.9224,264.425,1,19,-84,-5,12,56,51,1,27771909,262,1,151,13499,
273.274,3920.79,51.4436,7.48014,260.886,20.0563,263.18,1,18,-87,-5,11,53,47,1,27771909,262,1,151,13499,
274.286,3941.19,51.4436,7.47985,260.611,20.6223,262.899,1,18,-87,-5,11,53,47,1,27771909,262,1,151,13499,
275.26,3961.86,51.4435,7.47955,260.33,20.5236,262.661,1,14,-87,-5,1,53,50,1,27771909,262,1,151,13499,
276.28,3982.26,51.4435,7.47926,260.018,20.2116,262.648,1,14,-87,-5,1,53,50,1,27771909,262,1,151,13499,
277.308,4002.04,51.4435,7.47898,259.725,19.9177,261.805,1,16,-85,-6,12,55,52,1,27771909,262,1,151,13499,
278.271,4022.24,51.4435,7.47869,259.724,19.9364,261.885,1,16,-85,-6,12,55,52,1,27771909,262,1,151,13499,
279.272,4042.44,51.4434,7.4784,259.696,20.1323,262.431,1,16,-85,-6,12,55,52,1,27771909,262,1,151,13499,
280.305,4062.83,51.4434,7.47811,259.423,20.4527,262.592,1,16,-87,-5,14,53,48,1,27771909,262,1,151,13499,
281.28,4083.25,51.4434,7.47781,259.236,20.8441,262.143,1,16,-87,-5,14,53,48,1,27771909,262,1,151,13499,
282.263,4104.39,51.4434,7.47751,259.081,21.0371,262.418,1,13,-88,-6,11,52,48,1,27771909,262,1,151,13499,
283.273,4125.08,51.4433,7.47722,258.696,21.0429,262.489,1,13,-88,-6,11,52,48,1,27771909,262,1,151,13499,
284.28,4145.69,51.4433,7.47692,258.147,21.2743,262.145,1,8,-93,-7,8,47,43,1,27771909,262,1,151,13499,
285.29,4167.02,51.4433,7.47661,257.569,21.4206,261.919,1,8,-93,-7,8,47,43,1,27771909,262,1,151,13499,
286.268,4188.76,51.4433,7.4763,257.13,21.7381,261.965,1,32,-88,-7,12,52,49,1,27771909,262,1,151,13499,
287.277,4209.95,51.4432,7.476,256.523,21.831,261.707,1,32,-88,-7,12,52,49,1,27771909,262,1,151,13499,
288.299,4232.11,51.4432,7.47568,256.211,21.887,261.417,1,14,-90,-7,14,50,48,1,27771909,262,1,151,13499,
289.266,4253.55,51.4432,7.47538,255.852,21.6016,261.074,1,14,-90,-7,14,50,48,1,27771909,262,1,151,13499,
290.286,4274.98,51.4431,7.47507,255.475,21.4853,260.089,1,11,-92,-7,9,48,46,1,27771909,262,1,151,13499,
291.272,4296.45,51.4431,7.47477,254.923,21.7169,260.056,1,11,-92,-7,9,48,46,1,27771909,262,1,151,13499,
292.272,4317.96,51.4431,7.47446,254.24,22.1885,259.032,1,3,-102,-9,8,38,37,1,27771909,262,1,151,13499,
293.274,4340.87,51.443,7.47414,253.729,22.878,257.686,1,3,-102,-9,8,38,37,1,27771909,262,1,151,13499,
294.272,4363.75,51.443,7.47382,253.122,23.6586,257.998,1,1,-107,-12,6,33,35,1,27771909,262,1,151,13499,
295.304,4388.27,51.4429,7.47347,252.654,23.9915,258.477,1,1,-107,-12,6,33,35,1,27771909,262,1,151,13499,
296.27,4411.88,51.4429,7.47314,252.084,23.958,258.849,1,-3,-109,-13,5,31,35,1,27771909,262,1,151,13499,
297.264,4435.62,51.4428,7.4728,251.304,24.2771,259.233,1,-3,-109,-13,5,31,35,1,27771909,262,1,151,13499,
298.264,4460.33,51.4428,7.47245,250.638,24.8164,259.424,1,-3,-112,-13,5,28,32,13,27771906,262,1,151,13499,
299.29,4485.73,51.4428,7.47209,250.055,25.4659,259.255,1,-3,-112,-13,5,28,32,13,27771906,262,1,151,13499,
300.258,4511.52,51.4427,7.47172,249.477,26.1688,259.015,1,-3,-112,-13,5,28,32,13,27771906,262,1,151,13499,
301.265,4537.65,51.4427,7.47135,248.813,26.5334,258.615,1,7,-104,-9,11,36,33,13,27771906,262,1,486,13499,
302.287,4564.16,51.4426,7.47098,248.146,26.6195,258.436,1,7,-104,-9,11,36,33,13,27771906,262,1,486,13499,
303.271,4590.55,51.4426,7.47061,247.526,26.7305,258.159,1,6,-100,-8,12,40,35,13,27771906,262,1,486,13499,
304.289,4617.32,51.4425,7.47023,246.95,26.9341,257.842,1,6,-100,-8,12,40,35,13,27771906,262,1,486,13499,
305.267,4644.43,51.4425,7.46984,246.466,27.2086,257.581,1,22,-99,-8,8,41,37,13,27771906,262,1,486,13499,
306.283,4671.26,51.4424,7.46947,245.644,27.3639,257.794,1,22,-99,-8,8,41,37,13,27771906,262,1,486,13499,
307.268,4698.5,51.4424,7.46908,244.745,27.5397,258.392,1,8,-102,-9,11,38,36,13,27771906,262,1,486,13499,
308.265,4725.67,51.4423,7.4687,243.884,27.19,258.332,1,8,-102,-9,11,38,36,13,27771906,262,1,486,13499,
309.269,4752.65,51.4423,7.46832,243.084,27.1516,258.769,1,20,-102,-9,6,38,36,13,27771906,262,1,486,13499,
310.28,4779.65,51.4422,7.46793,242.316,27.0377,258.919,1,20,-102,-9,6,38,36,13,27771906,262,1,486,13499,
311.265,4806.24,51.4422,7.46755,241.511,26.7746,259.33,1,21,-100,-8,8,40,37,13,27771906,262,1,486,13499,
312.286,4832.65,51.4421,7.46718,240.59,26.7362,259.306,1,21,-100,-8,8,40,37,13,27771906,262,1,486,13499,
313.266,4859.16,51.4421,7.4668,239.675,26.7014,259.441,1,22,-100,-8,7,40,38,13,27771906,262,1,486,13499,
314.285,4885.59,51.4421,7.46643,238.72,26.6791,259.563,1,22,-100,-8,7,40,38,13,27771906,262,1,486,13499,
315.264,4912.36,51.442,7.46605,237.891,26.7575,259.971,1,2,-104,-11,2,36,36,13,27771906,262,1,486,13499,
316.269,4939.16,51.442,7.46566,237.124,26.9764,260.123,1,2,-104,-11,2,36,36,13,27771906,262,1,486,13499,
317.263,4966.22,51.4419,7.46528,236.416,27.2048,261.12,1,10,-100,-7,2,40,37,13,31281409,262,1,232,13499,
318.262,4993.08,51.4419,7.46489,235.726,27.0345,261.656,1,10,-100,-7,2,40,37,13,31281409,262,1,232,13499,
319.271,5019.73,51.4419,7.46451,235.093,26.8876,262.001,1,10,-100,-8,2,40,39,13,31281409,262,1,232,13499,
320.297,5046.38,51.4418,7.46413,234.367,27.1054,262.069,1,10,-100,-8,2,40,39,13,31281409,262,1,232,13499,
321.276,5073.3,51.4418,7.46375,233.61,27.2553,262.618,1,6,-99,-7,2,41,39,13,31281409,262,1,232,13499,
322.28,5100.92,51.4418,7.46335,233.167,27.3719,263.225,1,6,-99,-7,2,41,39,13,31281409,262,1,232,13499,
323.281,5128.31,51.4418,7.46296,232.749,27.4255,263.711,1,10,-100,-6,2,40,37,13,31281409,262,1,232,13499,
324.331,5155.95,51.4417,7.46256,232.406,27.7266,264.291,1,10,-100,-6,2,40,37,13,31281409,262,1,232,13499,
325.295,5183.57,51.4417,7.46216,231.954,27.6913,264.823,1,7,-102,-7,7,38,37,24,31281409,262,1,232,13499,
326.278,5210.71,51.4417,7.46177,231.625,27.3495,266.322,1,7,-102,-7,7,38,37,24,31281409,262,1,232,13499,
327.275,5237.77,51.4417,7.46138,231.589,26.8737,266.144,1,7,-102,-7,7,38,37,24,31281409,262,1,232,13499,
328.286,5264.13,51.4417,7.461,231.449,26.5338,265.735,1,6,-102,-8,7,38,39,24,31281409,262,1,232,13499,
329.296,5289.94,51.4416,7.46063,231.378,26.1733,265.937,1,6,-102,-8,7,38,39,24,31281409,262,1,232,13499,
330.273,5315.97,51.4416,7.46026,231.438,26.1468,266.66,1,7,-99,-7,10,41,38,24,31281409,262,1,232,13499,
331.294,5342.18,51.4416,7.45988,231.593,26.319,267.589,1,7,-99,-7,10,41,38,24,31281409,262,1,232,13499,
332.284,5368.66,51.4416,7.4595,231.829,26.5236,267.645,1,4,-103,-9,8,37,37,24,31281409,262,1,232,13499,
333.271,5394.76,51.4416,7.45912,232.056,26.2907,268.442,1,4,-103,-9,8,37,37,24,31281409,262,1,232,13499,
334.286,5420.87,51.4416,7.45874,232.332,25.7791,268.73,1,5,-100,-8,10,40,40,23,27771908,262,1,152,13499,
335.275,5446.05,51.4416,7.45838,232.619,25.4665,269.136,1,5,-100,-8,10,40,40,23,27771908,262,1,152,13499,
336.273,5471.5,51.4416,7.45801,232.95,25.6045,269.504,1,4,-101,-8,9,39,39,23,27771908,262,1,152,13499,
337.267,5497.32,51.4416,7.45764,233.177,25.8991,269.705,1,4,-101,-8,9,39,39,23,27771908,262,1,152,13499,
338.274,5523.25,51.4416,7.45726,233.24,26.2821,270.209,1,9,-98,-7,8,42,39,23,27771908,262,1,152,13499,
339.288,5549.64,51.4416,7.45688,233.238,26.6429,270.196,1,9,-98,-7,8,42,39,23,27771908,262,1,152,13499,
340.269,5575.58,51.4416,7.45651,233.287,26.1542,270.582,1,10,-93,-7,10,47,44,23,27771908,262,1,152,13499,
341.278,5601.45,51.4416,7.45614,233.295,25.6555,270.657,1,10,-93,-7,10,47,44,23,27771908,262,1,152,13499,
342.28,5626.9,51.4416,7.45577,233.205,25.5568,270.757,1,13,-91,-6,12,49,46,23,27771908,262,1,152,13499,
343.252,5652.46,51.4416,7.4554,233.013,25.6221,270.924,1,13,-91,-6,12,49,46,23,27771908,262,1,152,13499,
344.28,5678.11,51.4416,7.45503,232.783,25.6255,272.078,1,4,-88,-6,6,52,49,16,33527552,262,1,433,13499,
345.275,5703.82,51.4416,7.45466,232.541,25.7293,272.415,1,4,-88,-6,6,52,49,16,33527552,262,1,433,13499,
346.313,5729.32,51.4416,7.45429,232.356,25.7052,272.639,1,19,-85,-5,15,55,51,16,33527552,262,1,433,13499,
347.265,5755.04,51.4416,7.45392,232.02,25.536,273.867,1,19,-85,-5,15,55,51,16,33527552,262,1,433,13499,
348.262,5780.57,51.4416,7.45355,231.495,25.4371,274.674,1,22,-80,-5,15,60,56,16,33527552,262,1,433,13499,
349.266,5805.75,51.4417,7.45319,231.07,25.461,274.869,1,22,-80,-5,15,60,56,16,33527552,262,1,433,13499,
350.263,5831.08,51.4417,7.45283,230.764,25.6384,275.168,1,19,-80,-5,15,60,56,16,33527552,262,1,433,13499,
351.259,5856.89,51.4417,7.45245,230.465,26.0243,275.209,1,19,-80,-5,15,60,56,16,33527552,262,1,433,13499,
352.278,5883.13,51.4417,7.45208,230.175,26.4748,275.817,1,19,-80,-5,15,60,56,16,33527552,262,1,433,13499,
353.285,5909.87,51.4418,7.45169,229.931,26.9638,276.525,1,21,-79,-5,14,61,57,16,33527552,262,1,433,13499,
354.274,5936.65,51.4418,7.45131,229.698,26.7212,277.194,1,21,-79,-5,14,61,57,16,33527552,262,1,433,13499,
355.28,5963.01,51.4418,7.45093,229.543,26.4604,277.42,1,26,-77,-4,15,63,59,16,33527552,262,1,433,13499,
356.272,5989.06,51.4419,7.45056,229.312,26.0275,277.156,1,26,-77,-4,15,63,59,16,33527552,262,1,433,13499,
357.313,6014.63,51.4419,7.45019,228.982,25.5834,277.455,1,27,-77,-4,15,63,59,16,33527552,262,1,433,13499,
358.27,6039.85,51.4419,7.44983,228.68,25.1568,277.882,1,27,-77,-4,15,63,59,16,33527552,262,1,433,13499,
359.29,6064.76,51.4419,7.44948,228.538,24.9167,278.478,1,30,-77,-4,15,63,60,16,33527552,262,1,433,13499,
360.272,6089.53,51.442,7.44912,228.464,24.7906,278.582,1,30,-77,-4,15,63,60,16,33527552,262,1,433,13499,
361.277,6114.3,51.442,7.44877,228.45,24.6957,278.996,1,28,-80,-5,15,60,58,16,33527552,262,1,433,13499,
362.285,6138.47,51.442,7.44842,228.163,24.5874,279.294,1,28,-80,-5,15,60,58,16,33527552,262,1,433,13499,
363.274,6162.87,51.4421,7.44808,227.837,24.6172,279.741,1,22,-79,-8,15,61,62,16,33527552,262,1,433,13499,
364.269,6187.45,51.4421,7.44773,227.574,24.5552,280.691,1,22,-79,-8,15,61,62,16,33527552,262,1,433,13499,
365.267,6212.41,51.4422,7.44738,227.207,24.6273,280.976,1,29,-77,-4,15,63,61,16,33527552,262,1,433,13499,
366.258,6237.16,51.4422,7.44703,226.92,24.7287,281.241,1,29,-77,-4,15,63,61,16,33527552,262,1,433,13499,
367.271,6261.5,51.4423,7.44668,226.8,24.59,281.844,1,31,-74,-4,15,66,63,16,33527552,262,1,433,13499,
368.281,6285.81,51.4423,7.44634,226.678,24.2319,282.245,1,31,-74,-4,15,66,63,16,33527552,262,1,433,13499,
369.28,6309.6,51.4424,7.446,226.504,24.2341,283.14,1,33,-72,-5,15,68,63,16,33527552,262,1,433,13499,
370.28,6333.88,51.4424,7.44566,226.374,24.2647,283.235,1,33,-72,-5,15,68,63,16,33527552,262,1,433,13499,
371.285,6358.55,51.4425,7.44532,226.276,24.3977,283.171,1,32,-69,-5,15,71,63,16,33527552,262,1,433,13499,
372.277,6382.41,51.4425,7.44498,225.998,24.6556,283.319,1,32,-69,-5,15,71,63,16,33527552,262,1,433,13499,
373.272,6407.05,51.4426,7.44463,225.754,24.8082,283.441,1,32,-69,-5,15,71,63,16,33527552,262,1,433,13499,
374.31,6431.95,51.4426,7.44428,225.666,24.5996,283.911,1,31,-66,-6,15,74,63,16,33527552,262,1,433,13499,
375.261,6457.4,51.4427,7.44393,225.676,24.6168,284.198,1,31,-66,-6,15,74,63,16,33527552,262,1,433,13499,
376.264,6481.98,51.4427,7.44358,225.668,24.788,284.502,1,32,-66,-6,13,74,63,16,33527552,262,1,433,13499,
377.265,6506.65,51.4428,7.44324,225.571,25.0881,284.976,1,32,-66,-6,13,74,63,16,33527552,262,1,433,13499,
378.27,6532.02,51.4428,7.44289,225.486,25.4963,285.231,1,31,-68,-6,15,72,63,16,33527552,262,1,433,13499,
379.264,6558.1,51.4429,7.44253,225.154,25.9249,285.672,1,31,-68,-6,15,72,63,16,33527552,262,1,433,13499,
380.273,6583.86,51.443,7.44217,224.779,26.0285,285.9,1,31,-67,-6,15,73,63,16,33527552,262,1,433,13499,
381.28,6610.46,51.443,7.4418,224.172,26.1995,286.185,1,31,-67,-6,15,73,63,16,33527552,262,1,433,13499,
382.268,6636.35,51.4431,7.44144,223.535,25.9164,286.708,1,31,-67,-6,15,73,63,16,33527552,262,1,433,13499,
383.269,6661.97,51.4432,7.44109,222.837,25.6761,287.257,1,31,-67,-6,15,73,63,16,33527552,262,1,433,13499,
384.271,6687.1,51.4432,7.44074,222.119,25.6864,287.763,1,25,-76,-6,15,64,62,16,33527552,262,1,433,13499,
385.302,6711.71,51.4433,7.4404,221.962,25.5818,287.824,1,25,-76,-6,15,64,62,16,33527552,262,1,433,13499,
386.27,6737.25,51.4434,7.44005,221.636,25.7181,287.762,1,20,-84,-7,2,56,54,16,33527552,262,1,433,13499,
387.277,6763.28,51.4434,7.4397,221.192,26.1182,288.346,1,20,-84,-7,2,56,54,16,33527552,262,1,433,13499,
388.273,6788.98,51.4435,7.43935,220.938,26.3774,288.832,1,25,-79,-6,14,61,58,2,33527552,262,1,433,13499,
389.276,6814.77,51.4436,7.43899,220.868,26.2713,289.102,1,25,-79,-6,14,61,58,2,33527552,262,1,433,13499,
390.293,6840.85,51.4437,7.43864,220.716,26.6194,289.623,1,27,-75,-4,15,65,62,2,33527552,262,1,433,13499,
391.269,6867.21,51.4438,7.43828,219.888,26.7641,290.353,1,27,-75,-4,15,65,62,2,33527552,262,1,433,13499,
392.284,6894.5,51.4438,7.43791,218.951,26.9902,290.583,1,24,-76,-5,13,64,62,2,33527552,262,1,433,13499,
393.278,6921.67,51.4439,7.43754,218.073,26.7944,290.74,1,24,-76,-5,13,64,62,2,33527552,262,1,433,13499,
394.289,6948.08,51.444,7.43719,216.953,26.8043,291.491,1,24,-76,-5,13,64,62,2,33527552,262,1,433,13499,
395.265,6974.52,51.4441,7.43683,215.588,26.6994,291.967,1,11,-79,-7,6,61,59,1,33527554,262,1,434,13499,
396.286,7000.86,51.4442,7.43648,214.238,26.3639,292.437,1,11,-79,-7,6,61,59,1,33527554,262,1,434,13499,
397.27,7026.78,51.4443,7.43614,213.6,26.3049,293.155,1,25,-79,-6,1,61,58,1,33527554,262,1,434,13499,
398.277,7052.7,51.4444,7.43579,213.138,26.2788,292.508,1,25,-79,-6,1,61,58,1,33527554,262,1,434,13499,
399.258,7078.8,51.4445,7.43545,212.236,26.3374,293.113,1,13,-83,-6,12,57,54,1,33527554,262,1,434,13499,
400.289,7105.8,51.4446,7.43509,211.693,26.7164,293.292,1,13,-83,-6,12,57,54,1,33527554,262,1,434,13499,
401.278,7132.18,51.4447,7.43475,211.342,27.0793,294.805,1,25,-80,-5,15,60,56,1,33527554,262,1,434,13499,
402.303,7159.58,51.4448,7.43439,210.836,27.5909,295.682,1,25,-80,-5,15,60,56,1,33527554,262,1,434,13499,
403.257,7187.26,51.4449,7.43403,210.37,28.4091,296.539,1,14,-86,-10,10,54,55,1,33527554,262,1,434,13499,
404.272,7215.29,51.445,7.43367,209.792,28.3899,297.13,1,14,-86,-10,10,54,55,1,33527554,262,1,434,13499,
405.292,7243.22,51.4451,7.43332,208.889,28.276,297.98,1,15,-84,-5,12,56,54,1,33527554,262,1,434,13499,
406.255,7271.49,51.4452,7.43296,208.053,28.5204,299.24,1,15,-84,-5,12,56,54,1,33527554,262,1,434,13499,
407.26,7299.52,51.4454,7.43262,207.233,27.901,301.402,1,7,-82,-6,15,58,49,1,33527554,262,1,434,13499,
408.268,7327.66,51.4455,7.43227,206.367,27.7841,301.998,1,7,-82,-6,15,58,49,1,33527554,262,1,434,13499,
409.26,7356.47,51.4456,7.43192,205.293,28.0206,302.933,1,10,-85,-6,1,55,53,1,33527554,262,1,434,13499,
410.275,7385.8,51.4458,7.43156,204.05,28.2216,303.383,1,10,-85,-6,1,55,53,1,33527554,262,1,434,13499,
411.286,7414.68,51.4459,7.43122,202.684,27.7134,306.175,1,21,-81,-5,15,59,57,1,33527554,262,1,434,13499,
412.252,7441.96,51.4461,7.4309,201.209,27.8323,306.089,1,21,-81,-5,15,59,57,1,33527554,262,1,434,13499,
413.262,7469.39,51.4462,7.43058,199.665,27.9096,306.722,1,23,-77,-5,15,63,60,1,33527554,262,1,434,13499,
414.282,7496.65,51.4464,7.43027,198.289,27.5353,308.491,1,23,-77,-5,15,63,60,1,33527554,262,1,434,13499,
415.279,7524.39,51.4465,7.42996,197.282,27.3243,309.702,1,22,-76,-5,15,64,60,1,33527554,262,1,434,13499,
416.278,7550.97,51.4467,7.42968,196.39,26.8829,311.53,1,22,-76,-5,15,64,60,1,33527554,262,1,434,13499,
417.285,7577.53,51.4469,7.42939,195.509,26.6895,312.543,1,22,-78,-5,1,62,59,1,33527554,262,1,434,13499,
418.293,7603.8,51.447,7.42912,194.425,26.4579,313.628,1,22,-78,-5,1,62,59,1,33527554,262,1,434,13499,
419.263,7629.78,51.4472,7.42885,193.312,26.2755,314.46,1,22,-78,-5,1,62,59,1,33527554,262,1,434,13499,
420.298,7655.61,51.4474,7.42859,192.242,26.1131,315.691,1,5,-83,-7,11,57,55,1,33527554,262,1,434,13499,
421.259,7680.17,51.4475,7.42835,190.885,26.1575,316.481,1,5,-83,-7,11,57,55,1,33527554,262,1,434,13499,
422.275,7706.19,51.4477,7.42809,189.567,26.5787,316.612,1,-2,-86,-13,7,54,58,1,33527554,262,1,434,13499,
423.274,7733.53,51.4479,7.42781,188.372,27.5494,316.292,1,-2,-86,-13,7,54,58,1,33527554,262,1,434,13499,
424.274,7761.64,51.4481,7.42755,187.31,28.0557,318.081,1,2,-90,-10,11,50,52,1,33527554,262,1,434,13499,
425.266,7789.19,51.4482,7.42729,186.239,27.6277,320.19,1,2,-90,-10,11,50,52,1,33527554,262,1,434,13499,
426.276,7816.75,51.4484,7.42705,185.119,27.4808,322.469,1,5,-87,-8,11,53,52,1,33527554,262,1,434,13499,
427.259,7843.44,51.4486,7.42681,183.742,27.6595,323.392,1,5,-87,-8,11,53,52,1,33527554,262,1,434,13499,
428.264,7871.62,51.4488,7.42658,182.459,28.1963,324.079,1,-1,-86,-10,7,54,53,1,33527554,262,1,434,13499,
429.261,7899.57,51.449,7.42635,180.97,28.7407,325.343,1,-1,-86,-10,7,54,53,1,33527554,262,1,434,13499,
430.277,7928.54,51.4493,7.42613,179.406,29.3203,327.159,1,1,-91,-12,8,49,51,1,33527554,262,1,434,13499,
431.282,7958.43,51.4495,7.4259,177.902,29.6615,328.349,1,1,-91,-12,8,49,51,1,33527554,262,1,434,13499,
432.261,7988.47,51.4497,7.42568,176.343,30.1076,329.574,1,2,-89,-8,2,51,47,1,33527554,262,1,434,13499,
433.273,8018.56,51.45,7.42547,174.83,30.29,330.639,1,2,-89,-8,2,51,47,1,33527554,262,1,434,13499,
434.268,8048.36,51.4502,7.42526,173.342,30.0974,331.926,1,4,-94,-10,2,46,46,1,33527554,262,1,434,13499,
435.266,8078.22,51.4504,7.42506,171.893,30.1562,333.306,1,4,-94,-10,2,46,46,1,33527554,262,1,434,13499,
436.266,8108.82,51.4507,7.42487,170.495,30.0653,333.547,1,-3,-95,-9,2,45,46,1,33527554,262,1,434,13499,
437.267,8139.7,51.4509,7.42469,169.29,30.3066,335.915,1,-3,-95,-9,2,45,46,1,33527554,262,1,434,13499,
438.276,8170.69,51.4512,7.42453,168.137,30.783,337.891,1,3,-98,-11,2,42,44,1,27771140,262,1,289,13499,
439.29,8201.35,51.4515,7.42436,166.964,30.829,338.813,1,3,-98,-11,2,42,44,1,27771140,262,1,289,13499,
440.269,8232.7,51.4517,7.42421,165.866,31.1653,339.779,1,3,-98,-11,2,42,44,1,27771140,262,1,289,13499,
441.256,8264.25,51.452,7.42406,164.92,31.4741,340.537,1,0,-98,-11,2,42,45,1,27771140,262,1,289,13499,
442.269,8296.43,51.4523,7.42392,164.151,31.8119,341.604,1,0,-98,-11,2,42,45,1,27771140,262,1,289,13499,
443.283,8329.3,51.4525,7.42377,163.561,32.2658,342.436,1,2,-96,-10,2,44,46,1,27770883,262,1,125,13499,
444.273,8361.96,51.4528,7.42364,163.218,32.5453,343.18,1,2,-96,-10,2,44,46,1,27770883,262,1,125,13499,
445.273,8394.83,51.4531,7.42351,162.884,32.8555,343.554,1,1,-95,-10,2,45,47,1,27770883,262,1,125,13499,
446.273,8427.6,51.4534,7.42337,162.561,33.0628,344.02,1,1,-95,-10,2,45,47,1,27770883,262,1,125,13499,
447.285,8459.91,51.4537,7.42324,162.008,33.0644,344.057,1,0,-93,-11,2,47,50,1,27770883,262,1,125,13499,
448.277,8492.99,51.454,7.42311,161.736,33.2865,344.16,1,0,-93,-11,2,47,50,1,27770883,262,1,125,13499,
449.272,8526.49,51.4543,7.42298,161.362,33.2095,344.282,1,8,-92,-11,2,48,51,1,27770883,262,1,125,13499,
450.269,8560.22,51.4545,7.42285,160.939,33.2492,344.085,1,8,-92,-11,2,48,51,1,27770883,262,1,125,13499,
451.261,8593.3,51.4548,7.42273,160.746,33.2169,343.749,1,-4,-94,-11,2,46,49,1,27770883,262,1,125,13499,
452.273,8626.9,51.4551,7.42259,160.563,33.2253,343.209,1,-4,-94,-11,2,46,49,1,27770883,262,1,125,13499,
453.281,8660.3,51.4554,7.42245,160.195,33.3204,342.787,1,5,-93,-10,2,47,49,1,27770883,262,1,125,13499,
454.287,8693.53,51.4557,7.42231,159.9,33.4225,342.154,1,5,-93,-10,2,47,49,1,27770883,262,1,125,13499,
455.271,8726.31,51.456,7.42216,159.281,33.3391,341.369,1,2,-92,-11,2,48,51,1,27770883,262,1,125,13499,
456.28,8759.13,51.4563,7.422,158.65,33.3439,340.65,1,2,-92,-11,2,48,51,1,27770883,262,1,125,13499,
457.279,8791.66,51.4565,7.42184,157.857,33.2095,339.297,1,3,-90,-10,2,50,52,1,27770883,262,1,125,13499,
458.288,8823.83,51.4568,7.42167,156.881,33.1988,338.421,1,3,-90,-10,2,50,52,1,27770883,262,1,125,13499,
459.263,8856.37,51.4571,7.42149,155.915,33.1549,337.421,1,2,-90,-9,2,50,51,1,27770883,262,1,125,13499,
460.257,8889.01,51.4573,7.4213,154.987,33.219,336.579,1,2,-90,-9,2,50,51,1,27770883,262,1,125,13499,
461.261,8921.09,51.4576,7.4211,153.952,32.9196,335.395,1,2,-90,-9,2,50,51,1,27770883,262,1,125,13499,
462.282,8953.05,51.4579,7.42091,153.175,32.9643,334.572,1,11,-90,-9,2,50,50,1,27770883,262,1,125,13499,
463.269,8985.39,51.4581,7.4207,152.476,32.8899,333.596,1,11,-90,-9,2,50,50,1,27770883,262,1,125,13499,
464.269,9017.66,51.4584,7.42048,151.902,32.8212,332.757,1,13,-87,-8,2,53,52,1,27770883,262,1,125,13499,
465.267,9049.78,51.4586,7.42027,151.401,32.9462,332.477,1,13,-87,-8,2,53,52,1,27770883,262,1,125,13499,
466.273,9082.51,51.4589,7.42004,150.867,32.9727,331.297,1,17,-83,-6,2,57,55,1,27770883,262,1,125,13499,
467.278,9115.64,51.4592,7.41981,150.446,33.1245,330.668,1,17,-83,-6,2,57,55,1,27770883,262,1,125,13499,
468.277,9149.62,51.4594,7.41956,150.027,33.1438,329.071,1,14,-80,-5,2,60,58,1,27770883,262,1,125,13499,
469.263,9183.36,51.4597,7.41931,149.66,33.1924,328.154,1,14,-80,-5,2,60,58,1,27770883,262,1,125,13499,
470.353,9216.91,51.4599,7.41905,149.363,33.2194,327.379,1,19,-79,-5,2,61,59,1,27770883,262,1,125,13499,
471.259,9249.9,51.4602,7.41879,148.971,33.332,326.659,1,19,-79,-5,2,61,59,1,27770883,262,1,125,13499,
472.255,9282.76,51.4604,7.41853,148.707,33.3847,326.376,1,11,-74,-5,10,66,62,9,27770883,262,1,125,13499,
473.255,9315.71,51.4607,7.41827,148.377,33.539,326.134,1,11,-74,-5,10,66,62,9,27770883,262,1,125,13499,
474.263,9348.55,51.4609,7.41799,148.122,33.3009,324.847,1,19,-72,-5,12,68,63,9,27770883,262,1,125,13499,
475.263,9380.87,51.4611,7.41771,148.053,32.6117,323.84,1,19,-72,-5,12,68,63,9,27770883,262,1,125,13499,
476.278,9412.41,51.4614,7.41743,148.125,32.0342,321.974,1,20,-70,-5,12,70,63,9,27770883,262,1,125,13499,
477.274,9444.3,51.4616,7.41714,148.256,31.7745,320.935,1,20,-70,-5,12,70,63,9,27770883,262,1,125,13499,
478.275,9475.7,51.4618,7.41685,148.486,31.661,319.956,1,18,-78,-7,10,62,59,9,27770883,262,1,125,13499,
479.279,9507.11,51.462,7.41656,148.818,31.6032,318.751,1,18,-78,-7,10,62,59,9,27770883,262,1,125,13499,
480.278,9539.46,51.4623,7.41626,149.273,31.5431,317.776,1,19,-76,-5,10,64,62,9,27770883,262,1,125,13499,
481.296,9571.27,51.4625,7.41594,149.732,31.5158,316.679,1,19,-76,-5,10,64,62,9,27770883,262,1,125,13499,
482.268,9602.86,51.4627,7.41563,150.243,31.4383,315.879,1,15,-77,-5,13,63,60,9,27770883,262,1,125,13499,
483.291,9634.06,51.4629,7.41532,150.689,31.4007,315.205,1,15,-77,-5,13,63,60,9,27770883,262,1,125,13499,
484.275,9665.38,51.4631,7.415,151.128,31.3511,314.368,1,13,-80,-5,13,60,58,9,27770883,262,1,125,13499,
485.266,9696.48,51.4633,7.41467,151.687,31.2843,313.473,1,13,-80,-5,13,60,58,9,27770883,262,1,125,13499,
486.27,9727.43,51.4635,7.41435,152.255,31.2102,312.565,1,10,-78,-6,12,62,59,9,27770883,262,1,125,13499,
487.287,9758.56,51.4636,7.41401,152.807,31.1234,311.783,1,10,-78,-6,12,62,59,9,27770883,262,1,125,13499,
488.289,9789.46,51.4638,7.41368,153.171,31.0756,311.165,1,10,-78,-6,12,62,59,9,27770883,262,1,125,13499,
489.263,9819.58,51.464,7.41336,153.138,31.0096,310.356,1,8,-82,-6,9,58,55,9,27770883,262,1,125,13499,
490.261,9849.97,51.4642,7.41302,152.905,30.9822,309.884,1,8,-82,-6,9,58,55,9,27770883,262,1,125,13499,
491.26,9880.21,51.4644,7.41269,152.504,30.969,309.629,1,18,-71,-7,13,69,63,9,27770883,262,1,125,13499,
492.289,9912.24,51.4645,7.41233,152.203,30.8792,308.97,1,18,-71,-7,13,69,63,9,27770883,262,1,125,13499,
493.266,9942.95,51.4647,7.41198,152.239,30.8577,308.811,1,12,-83,-8,8,57,52,9,27770883,262,1,125,13499,
494.287,9973.85,51.4649,7.41164,152.347,30.8739,308.612,1,12,-83,-8,8,57,52,9,27770883,262,1,125,13499,
495.273,10004.4,51.4651,7.41129,152.329,30.9323,308.517,1,3,-88,-8,6,52,50,4,27770885,262,1,124,13499,
496.272,10035.9,51.4652,7.41094,152.601,30.9538,308.309,1,3,-88,-8,6,52,50,4,27770885,262,1,124,13499,
497.306,10067.2,51.4654,7.41058,152.976,30.888,308.112,1,9,-88,-6,11,52,49,4,27770885,262,1,124,13499,
498.277,10098,51.4656,7.41024,153.206,30.8738,308.075,1,9,-88,-6,11,52,49,4,27770885,262,1,124,13499,
499.274,10128.7,51.4658,7.40989,153.674,31.0269,308.219,1,10,-86,-6,11,54,51,4,27770885,262,1,124,13499,
500.247,10159.4,51.4659,7.40954,154.152,31.0121,308.317,1,10,-86,-6,11,54,51,4,27770885,262,1,124,13499,
501.274,10191.3,51.4661,7.40918,154.415,31.103,308.252,1,5,-88,-7,11,52,48,4,27770885,262,1,124,13499,
502.285,10222.6,51.4663,7.40883,154.577,31.1671,308.316,1,5,-88,-7,11,52,48,4,27770885,262,1,124,13499,
503.275,10253.9,51.4665,7.40847,154.572,31.2978,308.333,1,1,-86,-8,8,54,53,4,27770885,262,1,124,13499,
504.281,10285.1,51.4666,7.40812,154.707,31.1617,308.917,1,1,-86,-8,8,54,53,4,27770885,262,1,124,13499,
505.285,10316.4,51.4668,7.40776,154.883,31.2196,309.098,1,5,-85,-7,8,55,51,4,27770885,262,1,124,13499,
506.275,10347.2,51.467,7.40742,155.051,31.2337,309.293,1,5,-85,-7,8,55,51,4,27770885,262,1,124,13499,
507.272,10378.1,51.4672,7.40707,155.234,31.0527,309.305,1,19,-76,-5,13,64,59,4,27770885,262,1,124,13499,
508.308,10408.9,51.4673,7.40673,155.362,30.9391,309.721,1,19,-76,-5,13,64,59,4,27770885,262,1,124,13499,
509.272,10440,51.4675,7.40638,155.692,30.7289,310.077,1,7,-76,-5,12,64,55,4,27770885,262,1,124,13499,
510.285,10470.9,51.4677,7.40604,156.059,30.6607,310.33,1,7,-76,-5,12,64,55,4,27770885,262,1,124,13499,
511.272,10501.4,51.4679,7.4057,156.424,30.4959,310.854,1,7,-76,-5,12,64,55,4,27770885,262,1,124,13499,
512.233,10531.8,51.4681,7.40537,156.792,30.4399,311.266,1,2,-80,-6,10,60,56,4,27770885,262,1,124,13499,
513.263,10562.2,51.4682,7.40505,157.104,30.4065,311.454,1,2,-80,-6,10,60,56,4,27770885,262,1,124,13499,
514.279,10592.5,51.4684,7.40472,157.454,30.3957,312.017,1,2,-84,-11,6,56,58,4,27770885,262,1,124,13499,
515.262,10623.1,51.4686,7.40439,157.999,29.8551,312.347,1,2,-84,-11,6,56,58,4,27770885,262,1,124,13499,
516.286,10652.6,51.4688,7.40408,158.38,29.1924,312.54,1,-4,-78,-9,6,62,63,19,27771140,262,1,289,13499,
517.27,10681.3,51.469,7.40377,158.795,28.531,312.964,1,-4,-78,-9,6,62,63,19,27771140,262,1,289,13499,
518.276,10710.1,51.4691,7.40346,159.202,27.8199,313.09,1,18,-79,-9,15,61,62,19,27771140,262,1,289,13499,
519.278,10736.2,51.4693,7.40319,159.266,26.85,313.595,1,18,-79,-9,15,61,62,19,27771140,262,1,289,13499,
520.278,10763,51.4695,7.40291,159.923,26.3547,314.195,1,19,-80,-8,13,60,61,19,27771140,262,1,289,13499,
521.273,10788.8,51.4696,7.40264,160.405,26.1176,314.149,1,19,-80,-8,13,60,61,19,27771140,262,1,289,13499,
522.284,10815.1,51.4698,7.40236,160.853,25.9021,314.404,1,20,-79,-7,15,61,60,19,27771140,262,1,289,13499,
523.288,10840.9,51.4699,7.4021,161.289,25.9219,315.006,1,20,-79,-7,15,61,60,19,27771140,262,1,289,13499,
524.287,10866.5,51.4701,7.40184,161.711,25.6989,315.543,1,19,-79,-8,1,61,61,19,27771140,262,1,289,13499,
525.283,10891.9,51.4703,7.40158,161.944,25.6474,315.483,1,19,-79,-8,1,61,61,19,27771140,262,1,289,13499,
526.282,10917.7,51.4704,7.40132,162.249,25.7177,315.49,1,23,-78,-8,15,62,62,19,27771140,262,1,289,13499,
527.286,10943.7,51.4706,7.40106,162.649,25.8196,315.818,1,23,-78,-8,15,62,62,19,27771140,262,1,289,13499,
528.261,10968.7,51.4708,7.40081,162.876,25.3398,316.371,1,25,-77,-8,15,63,63,19,27771140,262,1,289,13499,
529.27,10993.5,51.4709,7.40056,163.207,25.0269,316.525,1,25,-77,-8,15,63,63,19,27771140,262,1,289,13499,
530.273,11018.6,51.4711,7.40032,163.767,24.648,317.076,1,21,-77,-7,2,63,61,19,27771140,262,1,289,13499,
531.284,11043.4,51.4713,7.40008,164.304,24.7072,317.381,1,21,-77,-7,2,63,61,19,27771140,262,1,289,13499,
532.295,11067.9,51.4714,7.39984,164.779,24.6203,317.513,1,19,-78,-8,2,62,61,19,27771140,262,1,289,13499,
533.255,11092.6,51.4716,7.3996,165.33,24.5136,317.787,1,19,-78,-8,2,62,61,19,27771140,262,1,289,13499,
534.277,11117.5,51.4718,7.39936,165.904,24.5006,317.892,1,19,-78,-8,2,62,61,19,27771140,262,1,289,13499,
535.285,11141.7,51.4719,7.39912,166.266,24.5143,318.515,1,20,-78,-8,2,62,61,19,27771140,262,1,289,13499,
536.263,11166.3,51.4721,7.39889,166.617,24.7819,318.505,1,20,-78,-8,2,62,61,19,27771140,262,1,289,13499,
537.256,11191.2,51.4722,7.39865,166.942,25.0284,318.914,1,18,-79,-8,2,61,60,19,27771140,262,1,289,13499,
538.279,11216.9,51.4724,7.3984,167.326,25.206,318.638,1,18,-79,-8,2,61,60,19,27771140,262,1,289,13499,
539.275,11242.2,51.4726,7.39815,167.684,25.5046,319.226,1,19,-80,-8,2,60,59,19,27771140,262,1,289,13499,
540.28,11267.8,51.4728,7.39791,167.546,25.8178,319.762,1,19,-80,-8,2,60,59,19,27771140,262,1,289,13499,
541.261,11293.9,51.4729,7.39766,167.379,26.0423,320.073,1,21,-80,-8,2,60,59,19,27771140,262,1,289,13499,
542.271,11320.1,51.4731,7.39742,167.161,26.0303,320.309,1,21,-80,-8,2,60,59,19,27771140,262,1,289,13499,
543.282,11345.5,51.4733,7.39718,166.914,25.4108,320.772,1,20,-84,-9,2,56,56,19,27771140,262,1,289,13499,
544.273,11369.9,51.4735,7.39696,167.275,24.7396,320.991,1,20,-84,-9,2,56,56,19,27771140,262,1,289,13499,
545.282,11394.6,51.4736,7.39674,167.711,24.6394,321.319,1,19,-86,-9,2,54,55,19,27771140,262,1,289,13499,
546.281,11419,51.4738,7.39652,168.243,24.5677,321.616,1,19,-86,-9,2,54,55,19,27771140,262,1,289,13499,
547.287,11443.6,51.474,7.39631,168.727,24.8725,322.312,1,18,-86,-9,2,54,55,19,27771140,262,1,289,13499,
548.263,11468.9,51.4742,7.39609,169.164,25.3009,323.309,1,18,-86,-9,2,54,55,19,27771140,262,1,289,13499,
549.285,11494.4,51.4744,7.39588,169.606,25.3462,323.577,1,17,-83,-9,2,57,57,19,27771140,262,1,289,13499,
550.283,11519.6,51.4745,7.39567,170.077,25.7355,323.745,1,17,-83,-9,2,57,57,19,27771140,262,1,289,13499,
551.259,11545.7,51.4747,7.39546,170.416,25.5414,325.334,1,18,-83,-9,2,57,58,19,27771140,262,1,289,13499,
552.26,11571.2,51.4749,7.39525,170.829,25.0421,326.216,1,18,-83,-9,2,57,58,19,27771140,262,1,289,13499,
553.285,11596.1,51.4751,7.39506,171.239,24.8806,328.392,1,24,-84,-9,2,56,57,19,27771140,262,1,289,13499,
554.277,11620.9,51.4753,7.39488,171.565,24.9312,330.472,1,24,-84,-9,2,56,57,19,27771140,262,1,289,13499,
555.282,11645.5,51.4755,7.3947,171.781,24.6681,330.336,1,24,-81,-10,2,59,59,19,27771140,262,1,289,13499,
556.276,11669.4,51.4757,7.39453,172.11,24.1452,330.748,1,24,-81,-10,2,59,59,19,27771140,262,1,289,13499,
557.289,11693.2,51.4759,7.39435,172.432,24.0602,330.583,1,24,-81,-10,2,59,59,19,27771140,262,1,289,13499,
558.273,11716.8,51.4761,7.39418,172.766,23.7264,330.713,1,26,-78,-9,2,62,63,19,27771140,262,1,289,13499,
559.273,11739.8,51.4762,7.39403,173.082,23.0368,332.541,1,26,-78,-9,2,62,63,19,27771140,262,1,289,13499,
560.29,11763.4,51.4764,7.39386,173.176,22.8774,333.272,1,29,-77,-10,2,63,63,19,27771140,262,1,289,13499,
561.262,11785.9,51.4766,7.39371,173.445,22.7214,334.229,1,29,-77,-10,2,63,63,19,27771140,262,1,289,13499,
562.276,11808.5,51.4768,7.39356,173.77,22.6349,334.701,1,25,-75,-9,2,65,63,19,27771140,262,1,289,13499,
563.273,11830.9,51.477,7.39343,174.132,22.3317,336.452,1,25,-75,-9,2,65,63,19,27771140,262,1,289,13499,
564.3,11852.8,51.4772,7.39331,174.438,21.4653,337.858,1,22,-75,-9,2,65,63,19,27771140,262,1,289,13499,
565.263,11874.6,51.4773,7.3932,174.436,19.9873,339.769,1,22,-75,-9,2,65,63,19,27771140,262,1,289,13499,
566.279,11894.3,51.4775,7.39311,174.719,18.0937,343.979,1,14,-80,-10,2,60,61,19,27771140,262,1,289,13499,
567.273,11913.2,51.4777,7.39304,175.128,17.5376,345.684,1,14,-80,-10,2,60,61,19,27771140,262,1,289,13499,
568.274,11930.6,51.4778,7.393,174.983,17.0321,349.117,1,13,-84,-11,2,56,59,19,27771140,262,1,289,13499,
569.285,11947.5,51.478,7.39302,174.946,17.0874,2.2181,1,13,-84,-11,2,56,59,19,27771140,262,1,289,13499,
570.283,11965.9,51.4781,7.39304,174.867,17.2929,4.39354,1,10,-79,-8,2,61,60,19,27771139,262,1,288,13499,
571.265,11984.9,51.4783,7.39309,174.862,17.5049,8.3428,1,10,-79,-8,2,61,60,19,27771139,262,1,288,13499,
572.299,12003.1,51.4785,7.39318,174.955,17.8,20.9945,1,11,-79,-6,2,61,59,19,27771139,262,1,288,13499,
573.277,12019.9,51.4786,7.39328,175.537,17.7349,22.9758,1,11,-79,-6,2,61,59,19,27771139,262,1,288,13499,
574.274,12038.1,51.4787,7.3934,176.433,17.9522,26.5113,1,18,-80,-6,2,60,57,19,27771139,262,1,288,13499,
575.258,12056.4,51.4789,7.39355,177.405,16.9603,30.457,1,18,-80,-6,2,60,57,19,27771139,262,1,288,13499,
576.279,12072.5,51.479,7.39367,178.251,15.9031,30.0606,1,15,-80,-6,2,60,58,19,27771139,262,1,288,13499,
577.274,12086.8,51.4791,7.39377,178.842,14.1716,26.7755,1,15,-80,-6,2,60,58,19,27771139,262,1,288,13499,
578.273,12100,51.4792,7.3938,179.674,13.4427,8.54419,1,21,-80,-6,2,60,58,19,27771139,262,1,288,13499,
579.268,12113.1,51.4794,7.3938,180.458,13.6707,354.742,1,21,-80,-6,2,60,58,19,27771139,262,1,288,13499,
580.267,12127,51.4795,7.39378,181.122,14.2885,351.412,1,5,-81,-6,2,59,56,19,27771139,262,1,288,13499,
581.257,12140.5,51.4796,7.3937,181.935,14.6893,334.865,1,5,-81,-6,2,59,56,19,27771139,262,1,288,13499,
582.27,12154.3,51.4797,7.39362,182.803,14.5923,334.116,1,13,-83,-7,2,57,55,19,28365058,262,1,288,13499,
583.282,12168.2,51.4798,7.39354,183.985,13.3287,333.581,1,13,-83,-7,2,57,55,19,28365058,262,1,288,13499,
584.283,12181.1,51.4799,7.39346,185.167,11.6028,335.083,1,15,-86,-7,2,54,52,19,28365058,262,1,223,13499,
585.288,12192.5,51.48,7.3934,185.818,10.422,338.965,1,15,-86,-7,2,54,52,19,28365058,262,1,223,13499,
586.272,12202.6,51.4801,7.3934,186.284,9.78604,1.17671,1,15,-86,-7,2,54,52,19,28365058,262,1,223,13499,
587.275,12212.5,51.4802,7.39343,186.505,10.4299,16.5292,1,6,-86,-7,2,54,51,19,28365058,262,1,223,13499,
588.283,12223.2,51.4803,7.39351,186.94,10.8961,30.97,1,6,-86,-7,2,54,51,19,28365058,262,1,223,13499,
589.295,12234.4,51.4803,7.39364,187.304,11.549,57.4553,1,19,-85,-6,2,55,51,19,27771139,262,1,288,13499,
590.273,12246,51.4804,7.39379,187.43,12.5177,58.3415,1,19,-85,-6,2,55,51,19,27771139,262,1,288,13499,
591.286,12259.3,51.4804,7.39396,187.711,13.6262,58.8327,1,18,-81,-6,2,59,56,19,27771139,262,1,288,13499,
592.279,12273.6,51.4805,7.39414,187.64,14.5975,57.8509,1,18,-81,-6,2,59,56,19,27771139,262,1,288,13499,
593.29,12290.5,51.4806,7.39434,187.38,15.4048,57.4973,1,16,-81,-7,2,59,58,19,27771139,262,1,288,13499,
594.261,12305.7,51.4807,7.39453,186.497,16.1227,57.8511,1,16,-81,-7,2,59,58,19,27771139,262,1,288,13499,
595.285,12321.3,51.4807,7.39472,185.825,15.8267,58.654,1,14,-80,-7,2,60,59,19,27771139,262,1,288,13499,
596.286,12336.8,51.4808,7.39491,185.32,15.7017,59.5494,1,14,-80,-7,2,60,59,19,27771139,262,1,288,13499,
597.277,12352.7,51.4809,7.39511,185.187,15.9807,59.7265,1,16,-82,-7,2,58,58,19,27771139,262,1,288,13499,
598.279,12368.7,51.481,7.39531,185.071,16.2507,59.6835,1,16,-82,-7,2,58,58,19,27771139,262,1,288,13499,
599.284,12385.5,51.481,7.39552,185.089,16.493,59.3388,1,14,-82,-6,2,58,55,19,27771139,262,1,288,13499,
600.272,12401.7,51.4811,7.39572,185.286,16.2586,59.7763,1,14,-82,-6,2,58,55,19,27771139,262,1,288,13499,
601.227,12401.7,51.4811,7.39572,185.286,16.2586,59.7763,1,11,-81,-5,2,59,56,19,27771139,262,1,288,13499,
602.343,12434.1,51.4813,7.39612,186.02,15.9212,60.0567,1,11,-81,-5,2,59,56,19,27771139,262,1,288,13499,
603.28,12449.6,51.4813,7.39631,186.524,15.5672,59.8063,1,13,-83,-6,2,57,56,19,27771139,262,1,288,13499,
604.28,12465.2,51.4814,7.39651,186.983,15.3943,58.9569,1,13,-83,-6,2,57,56,19,27771139,262,1,288,13499,
605.28,12481.2,51.4815,7.3967,187.926,15.2243,58.9145,1,14,-82,-6,2,58,56,19,27771139,262,1,288,13499,
606.273,12496.3,51.4815,7.39689,188.167,15.5231,58.5371,1,14,-82,-6,2,58,56,19,27771139,262,1,288,13499,
607.275,12511.4,51.4816,7.39707,188.02,15.5596,57.8715,1,18,-81,-5,2,59,56,19,27771139,262,1,288,13499,
608.452,12525.7,51.4817,7.39725,187.495,15.0053,57.2214,1,18,-81,-5,2,59,56,19,27771139,262,1,288,13499,
609.287,12540.1,51.4818,7.39742,187.275,14.6186,56.1579,1,18,-81,-5,2,59,56,19,27771139,262,1,288,13499,
610.272,12555.1,51.4818,7.3976,187.318,14.5552,55.1205,1,21,-79,-4,13,61,58,10,27771139,262,1,288,13499,
611.271,12569.8,51.4819,7.39777,187.151,15.0049,54.1984,1,21,-79,-4,13,61,58,10,27771139,262,1,288,13499,
612.282,12585,51.482,7.39794,186.996,15.3896,53.0455,1,22,-76,-4,15,64,61,10,27771139,262,1,288,13499,
613.281,12600,51.4821,7.39811,186.732,15.2133,51.9088,1,22,-76,-4,15,64,61,10,27771139,262,1,288,13499,
614.282,12614.4,51.4822,7.39827,186.702,14.7832,50.2229,1,24,-77,-5,14,63,58,10,27771139,262,1,288,13499,
615.27,12629,51.4823,7.39842,186.944,14.358,48.0381,1,24,-77,-5,14,63,58,10,27771139,262,1,288,13499,
616.28,12643.1,51.4824,7.39856,187.191,13.8386,45.8985,1,30,-80,-5,12,60,53,10,27771139,262,1,288,13499,
617.277,12656.6,51.4824,7.39869,187.225,13.4334,43.589,1,30,-80,-5,12,60,53,10,27771139,262,1,288,13499,
618.286,12669.6,51.4825,7.39881,187.136,13.0331,41.5476,1,25,-87,-6,12,53,49,10,27771139,262,1,288,13499,
619.278,12682.8,51.4826,7.39892,187.062,13.105,39.4825,1,25,-87,-6,12,53,49,10,27771139,262,1,288,13499,
620.273,12695.7,51.4827,7.39903,187.062,13.5551,37.7234,1,26,-85,-6,8,55,53,10,27771139,262,1,288,13499,
621.279,12710,51.4828,7.39913,187.184,14.021,35.9671,1,26,-85,-6,8,55,53,10,27771139,262,1,288,13499,
622.292,12724.7,51.4829,7.39924,187.558,14.13,34.9271,1,11,-87,-7,11,53,50,10,27771139,262,1,288,13499,
623.265,12738.8,51.4831,7.39935,187.647,14.7301,34.587,1,11,-87,-7,11,53,50,10,27771139,262,1,288,13499,
624.252,12753.8,51.4832,7.39946,187.791,15.381,33.626,1,14,-89,-7,10,51,49,10,27771139,262,1,288,13499,
625.283,12770.3,51.4833,7.39959,187.83,15.9932,33.9888,1,14,-89,-7,10,51,49,10,27771139,262,1,288,13499,
626.249,12785.7,51.4834,7.39971,187.664,16.2966,33.9467,1,4,-92,-8,2,48,48,10,27771139,262,1,288,13499,
627.281,12802.1,51.4835,7.39983,187.489,16.2796,34.4454,1,4,-92,-8,2,48,48,10,27771139,262,1,288,13499,
628.281,12817.9,51.4837,7.39996,187.52,16.1106,35.1657,1,4,-92,-8,2,48,48,10,27771139,262,1,288,13499,
629.273,12833.4,51.4838,7.40009,187.652,15.9173,36.0316,1,6,-94,-9,10,46,46,13,27771139,262,1,288,13499,
630.28,12850.1,51.4839,7.40023,187.608,15.6863,37.0028,1,6,-94,-9,10,46,46,13,27771139,262,1,288,13499,
631.276,12866.1,51.484,7.40037,187.552,15.7842,37.6945,1,10,-91,-6,13,49,46,9,28365058,262,1,223,13499,
632.317,12882.1,51.4841,7.40051,187.559,15.9001,37.7442,1,10,-91,-6,13,49,46,9,28365058,262,1,223,13499,
633.259,12897.9,51.4842,7.40065,187.346,15.8703,38.6525,1,10,-90,-6,12,50,46,9,28365058,262,1,223,13499,
634.268,12913.2,51.4843,7.40079,187.471,15.9241,39.5623,1,10,-90,-6,12,50,46,9,28365058,262,1,223,13499,
635.272,12928.7,51.4845,7.40093,188.038,15.9306,40.1812,1,10,-94,-7,8,46,44,9,28365058,262,1,223,13499,
636.283,12944.7,51.4846,7.40108,188.128,15.7705,41.1713,1,10,-94,-7,8,46,44,9,28365058,262,1,223,13499,
637.27,12960.3,51.4847,7.40123,188.003,15.5311,41.6051,1,9,-92,-7,11,48,44,9,28365058,262,1,223,13499,
638.281,12976.3,51.4848,7.40139,188.034,15.4208,42.0098,1,9,-92,-7,11,48,44,9,28365058,262,1,223,13499,
639.278,12991.8,51.4849,7.40154,187.86,15.2953,41.7244,1,7,-91,-6,10,49,44,9,28365058,262,1,223,13499,
640.259,13006.9,51.485,7.40168,187.566,14.9253,41.2114,1,7,-91,-6,10,49,44,9,28365058,262,1,223,13499,
641.289,13021.6,51.4851,7.40182,187.295,14.3368,41.6138,1,8,-92,-7,7,48,45,9,28365058,262,1,223,13499,
642.264,13036.1,51.4852,7.40197,187.45,13.9416,43.3675,1,8,-92,-7,7,48,45,9,28365058,262,1,223,13499,
643.244,13049.6,51.4853,7.40211,187.337,13.4131,44.9783,1,10,-92,-6,8,48,45,9,28365058,262,1,223,13499,
644.273,13062.4,51.4853,7.40225,187.199,12.4316,46.0621,1,10,-92,-6,8,48,45,9,28365058,262,1,223,13499,
645.276,13074.6,51.4854,7.40238,186.851,11.8847,47.6318,1,8,-92,-8,7,48,46,9,28365058,262,1,223,13499,
646.279,13086.2,51.4855,7.40251,186.484,11.02,48.3561,1,8,-92,-8,7,48,46,9,28365058,262,1,223,13499,
647.285,13096,51.4855,7.40262,186.153,8.58884,49.3842,1,4,-94,-8,7,46,45,4,26385409,262,1,93,13499,
648.28,13103.9,51.4856,7.4027,185.756,7.9153,36.4076,1,4,-94,-8,7,46,45,4,26385409,262,1,93,13499,
649.28,13111,51.4856,7.40273,185.305,7.71939,14.6915,1,-2,-89,-5,6,51,47,16,29391105,262,1,351,13499,
650.28,13118.5,51.4857,7.40273,185.22,7.86237,354.522,1,-2,-89,-5,6,51,47,16,29391105,262,1,351,13499,
651.259,13126.3,51.4858,7.4027,185.277,8.58496,338.286,1,0,-97,-9,6,43,44,8,28365058,262,1,223,13499,
652.271,13133.7,51.4858,7.40265,185.402,9.48089,323.818,1,0,-97,-9,6,43,44,8,28365058,262,1,223,13499,
653.281,13143.6,51.4859,7.40256,185.35,9.71183,322.75,1,8,-93,-8,10,47,45,8,28365058,262,1,223,13499,
654.286,13152.6,51.486,7.40248,184.816,10.2371,322.219,1,8,-93,-8,10,47,45,8,28365058,262,1,223,13499,
655.268,13163.1,51.486,7.40239,184.235,11.0402,323.215,1,8,-93,-8,10,47,45,8,28365058,262,1,223,13499,
656.277,13174.9,51.4861,7.40229,183.756,11.5189,324.323,1,3,-94,-9,7,46,45,8,28365058,262,1,223,13499,
657.281,13187.1,51.4862,7.40219,183.771,12.5389,326.65,1,3,-94,-9,7,46,45,8,28365058,262,1,223,13499,
658.285,13199.7,51.4863,7.4021,183.906,12.9084,329.029,1,10,-91,-7,12,49,47,4,26385409,262,1,93,13499,
659.29,13213.3,51.4864,7.40201,184.194,13.1393,331.149,1,10,-91,-7,12,49,47,4,26385409,262,1,93,13499,
660.301,13226.9,51.4865,7.40194,184.399,13.0495,334.089,1,15,-85,-5,11,55,52,4,26385409,262,1,93,13499,
661.268,13240.5,51.4867,7.40187,184.529,12.7615,337.134,1,15,-85,-5,11,55,52,4,26385409,262,1,93,13499,
662.292,13252.7,51.4868,7.40182,184.33,12.4719,339.729,1,11,-89,-7,9,51,49,4,26385409,262,1,93,13499,
663.272,13265.6,51.4869,7.40178,184.322,12.1587,342.033,1,11,-89,-7,9,51,49,4,26385409,262,1,93,13499,
664.267,13277.7,51.487,7.40174,184.076,12.3689,344.125,1,14,-85,-6,11,55,51,4,26385409,262,1,93,13499,
665.273,13289.2,51.4871,7.40171,183.579,12.1,346.648,1,14,-85,-6,11,55,51,4,26385409,262,1,93,13499,
666.282,13300.6,51.4872,7.40169,183.203,11.9443,349.081,1,23,-81,-6,12,59,56,4,26385409,262,1,93,13499,
667.271,13312.5,51.4873,7.40168,183.034,11.9517,351.12,1,23,-81,-6,12,59,56,4,26385409,262,1,93,13499,
668.267,13323.4,51.4874,7.40167,182.43,11.8787,353.197,1,22,-77,-5,12,63,59,4,26385409,262,1,93,13499,
669.265,13336.1,51.4875,7.40166,181.782,11.6986,355.536,1,22,-77,-5,12,63,59,4,26385409,262,1,93,13499,
670.263,13348.9,51.4876,7.40167,181.249,11.7203,357.284,1,22,-77,-5,15,63,57,4,26385409,262,1,93,13499,
671.264,13361.1,51.4877,7.40168,180.787,11.5515,358.571,1,22,-77,-5,15,63,57,4,26385409,262,1,93,13499,
672.263,13372.8,51.4878,7.40169,180.216,11.2643,358.809,1,17,-79,-6,14,61,57,4,26385409,262,1,93,13499,
673.263,13383.7,51.4879,7.4017,179.709,10.7675,359.624,1,17,-79,-6,14,61,57,4,26385409,262,1,93,13499,
674.265,13394.2,51.488,7.40171,179.131,10.4692,359.986,1,23,-80,-5,14,60,55,4,26385409,262,1,93,13499,
675.266,13404.6,51.4881,7.40172,178.633,10.3226,0.379144,1,23,-80,-5,14,60,55,4,26385409,262,1,93,13499,
676.272,13414.5,51.4882,7.40173,178.004,10.2767,0.740971,1,23,-80,-5,14,60,55,4,26385409,262,1,93,13499,
677.277,13424.9,51.4883,7.40173,177.445,10.2972,0.375956,1,22,-77,-6,11,63,58,4,26385409,262,1,93,13499,
678.279,13435.3,51.4884,7.40174,177.29,10.5335,0.0529576,1,22,-77,-6,11,63,58,4,26385409,262,1,93,13499,
679.307,13446,51.4885,7.40174,176.991,10.5343,0.372322,1,12,-68,-4,2,72,63,4,26385409,262,1,93,13499,
680.274,13455.8,51.4886,7.40175,176.979,9.61474,0.047756,1,12,-68,-4,2,72,63,4,26385409,262,1,93,13499,
681.283,13465.6,51.4887,7.40174,177.038,8.28743,359.572,1,21,-79,-5,13,61,57,1,26385409,262,1,93,13499,
682.275,13474.1,51.4887,7.40174,177.16,6.99677,359.335,1,21,-79,-5,13,61,57,1,26385409,262,1,93,13499,
683.279,13481.3,51.4888,7.40174,177.269,6.30473,359.444,1,18,-83,-7,11,57,55,1,26385409,262,1,93,13499,
684.274,13488.5,51.4889,7.40174,177.236,6.6658,358.99,1,18,-83,-7,11,57,55,1,26385409,262,1,93,13499,
685.28,13495.5,51.4889,7.40174,176.848,7.69694,359.325,1,19,-83,-8,13,57,57,1,26385409,262,1,93,13499,
686.277,13504.4,51.489,7.40174,177.051,7.828,359.708,1,19,-83,-8,13,57,57,1,26385409,262,1,93,13499,
687.265,13513.6,51.4891,7.40175,177.856,7.90224,0.288284,1,3,-81,-9,11,59,60,1,26385409,262,1,93,13499,
688.273,13521.3,51.4892,7.40175,178.33,7.58549,0.290608,1,3,-81,-9,11,59,60,1,26385409,262,1,93,13499,
689.283,13528.8,51.4892,7.40175,179.078,7.50423,0.68726,1,16,-69,-5,15,71,63,2,26385410,262,1,94,13499,
690.267,13537.9,51.4893,7.40175,180.198,7.42927,1.08897,1,16,-69,-5,15,71,63,2,26385410,262,1,94,13499,
691.25,13546.1,51.4894,7.40176,181.58,6.44078,2.53968,1,27,-73,-6,15,67,61,2,26385410,262,1,94,13499,
692.268,13552.1,51.4894,7.40181,182.954,5.42486,36.058,1,27,-73,-6,15,67,61,2,26385410,262,1,94,13499,
693.282,13556,51.4894,7.40186,183.375,6.38469,60.299,1,32,-68,-6,14,72,63,2,26385410,262,1,94,13499,
694.288,13562.3,51.4894,7.40195,183.038,7.82124,81.0761,1,32,-68,-6,14,72,63,2,26385410,262,1,94,13499,
695.26,13572,51.4894,7.4021,182.437,8.91462,83.8977,1,23,-71,-5,14,69,63,2,26385410,262,1,94,13499,
696.268,13582.3,51.4894,7.40224,181.775,9.62209,86.1541,1,23,-71,-5,14,69,63,2,26385410,262,1,94,13499,
697.27,13593.3,51.4894,7.4024,181.57,9.82682,87.559,1,30,-71,-5,14,69,63,2,26385410,262,1,94,13499,
698.271,13604.2,51.4894,7.40256,181.97,10.046,88.5856,1,30,-71,-5,14,69,63,2,26385410,262,1,94,13499,
699.286,13614,51.4894,7.4027,182.151,10.4283,89.7885,1,23,-77,-6,14,63,60,2,26385410,262,1,94,13499,
700.273,13623.8,51.4894,7.40284,182.025,10.4638,90.3944,1,23,-77,-6,14,63,60,2,26385410,262,1,94,13499,
701.273,13633.5,51.4894,7.40298,181.896,9.79759,91.1545,1,23,-77,-6,14,63,60,2,26385410,262,1,94,13499,
702.287,13642.4,51.4894,7.40311,181.6,9.06068,91.5028,1,25,-76,-6,14,64,61,2,26385410,262,1,94,13499,
703.289,13651.2,51.4894,7.40324,181.408,8.55162,90.8568,1,25,-76,-6,14,64,61,2,26385410,262,1,94,13499,
704.259,13658.9,51.4894,7.40335,181.061,8.43004,91.1192,1,23,-71,-6,14,69,63,2,26385410,262,1,94,13499,
705.291,13667.4,51.4894,7.40347,180.529,9.45365,91.6686,1,23,-71,-6,14,69,63,2,26385410,262,1,94,13499,
706.285,13677,51.4894,7.40361,180.031,10.662,91.1913,1,20,-65,-5,14,75,63,2,26385410,262,1,94,13499,
707.273,13688,51.4894,7.40377,179.546,11.7482,90.899,1,20,-65,-5,14,75,63,2,26385410,262,1,94,13499,
708.279,13700.7,51.4894,7.40395,179.304,12.7471,91.1034,1,13,-73,-6,14,67,63,2,26385410,262,1,94,13499,
709.282,13714.3,51.4894,7.40415,179.471,13.3168,90.9555,1,13,-73,-6,14,67,63,2,26385410,262,1,94,13499,
710.269,13728.6,51.4894,7.40436,180.129,13.3886,90.7798,1,15,-72,-6,6,68,63,1,26385408,262,1,95,13499,
711.281,13741.7,51.4894,7.40454,180.563,13.4198,91.0222,1,15,-72,-6,6,68,63,1,26385408,262,1,95,13499,
712.282,13754.9,51.4894,7.40474,181.227,13.1166,91.7497,1,27,-71,-6,15,69,63,1,26385408,262,1,95,13499,
713.277,13767.6,51.4894,7.40492,181.67,12.8935,91.1623,1,27,-71,-6,15,69,63,1,26385408,262,1,95,13499,
714.275,13780,51.4894,7.4051,181.983,12.6391,90.3625,1,22,-72,-6,14,68,63,1,26385408,262,1,95,13499,
715.271,13791.9,51.4894,7.40527,181.624,12.5882,89.3264,1,22,-72,-6,14,68,63,1,26385408,262,1,95,13499,
716.274,13804.3,51.4894,7.40545,181.308,12.6029,87.4231,1,25,-71,-6,14,69,63,1,26385408,262,1,95,13499,
717.255,13816.5,51.4894,7.40562,181.01,12.6368,85.4956,1,25,-71,-6,14,69,63,1,26385408,262,1,95,13499,
718.265,13829,51.4894,7.4058,180.599,12.8977,83.7692,1,21,-74,-6,13,66,62,1,26385408,262,1,95,13499,
719.26,13841.7,51.4894,7.40599,180.28,13.0181,82.0208,1,21,-74,-6,13,66,62,1,26385408,262,1,95,13499,
720.272,13854.6,51.4894,7.40617,179.875,13.2241,80.3995,1,21,-74,-6,13,66,62,1,26385408,262,1,95,13499,
721.269,13868,51.4895,7.40636,179.654,13.4179,79.3631,1,21,-75,-5,13,65,61,1,26385408,262,1,95,13499,
722.279,13881.6,51.4895,7.40655,179.217,13.3084,78.7642,1,21,-75,-5,13,65,61,1,26385408,262,1,95,13499,
723.282,13895.1,51.4895,7.40674,178.732,13.2328,77.9238,1,19,-73,-6,12,67,63,1,26385408,262,1,95,13499,
724.287,13908.8,51.4895,7.40693,178.235,13.4941,78.592,1,19,-73,-6,12,67,63,1,26385408,262,1,95,13499,
725.272,13922.2,51.4896,7.40712,177.915,13.4715,78.1081,1,16,-72,-5,11,68,63,1,26385408,262,1,95,13499,
726.283,13935.3,51.4896,7.4073,177.61,13.5007,78.5981,1,16,-72,-5,11,68,63,1,26385408,262,1,95,13499,
727.283,13948.5,51.4896,7.40749,177.102,13.5024,78.5998,1,16,-74,-5,11,66,62,1,26385408,262,1,95,13499,
728.268,13962,51.4897,7.40768,176.633,13.5058,78.9363,1,16,-74,-5,11,66,62,1,26385408,262,1,95,13499,
729.264,13975.4,51.4897,7.40787,175.868,13.584,78.9703,1,19,-72,-5,10,68,63,1,26385408,262,1,95,13499,
730.254,13989.5,51.4897,7.40807,175.154,13.6578,79.3514,1,19,-72,-5,10,68,63,1,26385408,262,1,95,13499,
731.291,14002.9,51.4897,7.40826,174.341,13.8024,78.8807,1,16,-75,-5,10,65,61,1,26385408,262,1,95,13499,
732.256,14016.9,51.4897,7.40846,173.649,13.9541,78.4431,1,16,-75,-5,10,65,61,1,26385408,262,1,95,13499,
733.259,14030.5,51.4898,7.40865,173.438,14.0661,78.0124,1,18,-73,-5,14,67,61,1,26385408,262,1,95,13499,
734.288,14045.4,51.4898,7.40886,173.053,14.235,77.2558,1,18,-73,-5,14,67,61,1,26385408,262,1,95,13499,
735.265,14059.4,51.4898,7.40906,172.877,14.4354,77.6145,1,18,-78,-6,10,62,58,1,26385408,262,1,95,13499,
736.264,14074.1,51.4899,7.40927,172.915,14.4666,77.8072,1,18,-78,-6,10,62,58,1,26385408,262,1,95,13499,
737.272,14088.2,51.4899,7.40946,172.325,14.4783,77.9827,1,17,-74,-5,12,66,61,1,26385408,262,1,95,13499,
738.268,14102.9,51.4899,7.40967,171.573,14.3392,78.4591,1,17,-74,-5,12,66,61,1,26385408,262,1,95,13499,
739.287,14116.8,51.4899,7.40987,170.827,14.2034,78.8577,1,18,-77,-5,11,63,59,1,26385408,262,1,95,13499,
740.265,14131.1,51.49,7.41007,170.056,14.1517,79.0487,1,18,-77,-5,11,63,59,1,26385408,262,1,95,13499,
741.273,14144.6,51.49,7.41026,169.023,13.8762,78.2469,1,16,-76,-5,13,64,61,1,26385408,262,1,95,13499,
742.279,14158.4,51.49,7.41046,168.025,13.6634,77.502,1,16,-76,-5,13,64,61,1,26385408,262,1,95,13499,
743.28,14171.4,51.49,7.41064,167.122,13.4518,77.6337,1,16,-76,-5,13,64,61,1,26385408,262,1,95,13499,
744.281,14185.4,51.4901,7.41084,166.783,13.2869,76.9184,1,11,-82,-5,11,58,54,1,26385408,262,1,95,13499,
745.283,14198.8,51.4901,7.41102,166.736,13.0428,77.4017,1,11,-82,-5,11,58,54,1,26385408,262,1,95,13499,
746.286,14211.1,51.4901,7.4112,166.098,12.7126,77.9205,1,14,-86,-6,14,54,51,1,26385408,262,1,95,13499,
