0.252,0,51.4453,7.48986,263.488,14.8593,130.192,1,-1,-104,-11,2,36,37,7,27771909,262,1,151,13499,
1.415,13.9143,51.4453,7.49002,264.594,13.847,129.224,1,0,-106,-11,7,34,37,7,27771909,262,1,151,13499,
2.463,27.2013,51.4452,7.49018,264.988,13.1824,128.884,1,0,-106,-11,7,34,37,7,27771909,262,1,151,13499,
3.508,39.0797,51.4451,7.49032,265.732,12.8043,128.482,1,-2,-101,-9,6,39,38,6,27771907,262,1,150,13499,
4.559,51.4899,51.4451,7.49047,266.642,12.7772,127.665,1,-2,-101,-9,6,39,38,6,27771907,262,1,150,13499,
5.614,63.9308,51.445,7.49062,267.754,12.8371,128.017,1,3,-103,-9,8,37,37,6,27771907,262,1,150,13499,
6.604,75.996,51.445,7.49076,268.41,12.5586,128.463,1,3,-103,-9,8,37,37,6,27771907,262,1,150,13499,
7.62,87.8247,51.4449,7.4909,269.277,10.6459,127.891,1,1,-105,-9,8,35,35,6,27771907,262,1,150,13499,
8.598,96.5651,51.4448,7.491,270.1,9.05713,127.496,1,1,-105,-9,8,35,35,6,27771907,262,1,150,13499,
9.605,104.819,51.4448,7.4911,270.931,7.43995,126.967,1,1,-105,-9,8,35,35,6,27771907,262,1,150,13499,
10.616,104.819,51.4434,7.49243,nan,6.54609,126.475,1,4,-104,-8,9,36,35,6,27771907,262,1,150,13499,
11.599,104.819,51.4447,7.49128,271.417,6.31465,126.837,1,4,-104,-8,9,36,35,6,27771907,262,1,150,13499,
12.608,110.097,51.4447,7.49134,271.191,6.2316,126.046,1,2,-107,-9,8,33,33,6,27771907,262,1,150,13499,
13.621,116.58,51.4447,7.49143,270.884,6.34472,126.278,1,2,-107,-9,8,33,33,6,27771907,262,1,150,13499,
14.603,123.015,51.4447,7.4915,270.709,7.00916,126.633,1,4,-108,-9,6,32,32,6,27771907,262,1,150,13499,
15.596,130.121,51.4446,7.49159,270.595,7.0225,127.58,1,4,-108,-9,6,32,32,6,27771907,262,1,150,13499,
16.594,136.956,51.4446,7.49167,270.542,6.42915,128.409,1,8,-104,-7,11,36,35,6,27771907,262,1,150,13499,
17.624,143.584,51.4445,7.49172,270.475,5.78421,150.726,1,8,-104,-7,11,36,35,6,27771907,262,1,150,13499,
18.622,148.697,51.4445,7.49172,270.059,6.2387,184.66,1,11,-98,-7,12,42,38,6,27771907,262,1,150,13499,
19.615,154.159,51.4444,7.49169,268.73,6.32621,205.012,1,11,-98,-7,12,42,38,6,27771907,262,1,150,13499,
20.644,161.114,51.4444,7.49164,268.062,7.27986,208.056,1,15,-89,-5,11,51,46,6,27771907,262,1,150,13499,
21.611,171.638,51.4443,7.49157,268.088,8.50133,210.514,1,15,-89,-5,11,51,46,6,27771907,262,1,150,13499,
22.611,181.433,51.4442,7.49149,268.428,9.35715,212.503,1,17,-92,-6,14,48,46,6,27771907,262,1,150,13499,
23.634,191.638,51.4442,7.49142,269.141,10.2291,213.188,1,17,-92,-6,14,48,46,6,27771907,262,1,150,13499,
24.603,201.922,51.4441,7.49133,269.893,10.9089,213.694,1,18,-90,-6,10,50,48,6,27771907,262,1,150,13499,
25.6,213.84,51.444,7.49123,270.642,11.7693,214.417,1,18,-90,-6,10,50,48,6,27771907,262,1,150,13499,
26.605,226.301,51.4439,7.49113,271.757,12.5131,214.275,1,23,-85,-6,14,55,53,6,27771907,262,1,150,13499,
27.612,239.937,51.4438,7.49102,272.698,13.2638,214.327,1,23,-85,-6,14,55,53,6,27771907,262,1,150,13499,
28.631,253.271,51.4437,7.49091,272.984,13.8464,214.746,1,31,-75,-5,15,65,61,6,27771907,262,1,150,13499,
29.614,266.676,51.4436,7.4908,272.949,14.3149,215.102,1,31,-75,-5,15,65,61,6,27771907,262,1,150,13499,
30.607,266.676,51.4434,7.49243,nan,14.8045,215.56,1,33,-70,-4,15,70,63,6,27771907,262,1,150,13499,
31.622,266.676,51.4434,7.49055,272.405,15.2004,216.032,1,33,-70,-4,15,70,63,6,27771907,262,1,150,13499,
32.602,281.947,51.4433,7.49042,272.645,15.3936,216.392,1,33,-70,-4,15,70,63,6,27771907,262,1,150,13499,
33.606,297.388,51.4432,7.49029,272.873,15.442,216.526,1,25,-88,-6,11,52,48,6,27771907,262,1,150,13499,
34.648,313.706,51.4431,7.49015,272.964,15.4697,216.692,1,25,-88,-6,11,52,48,6,27771907,262,1,150,13499,
35.622,329.047,51.4429,7.49002,273.086,15.2392,216.697,1,19,-83,-6,14,57,54,6,27771907,262,1,150,13499,
36.607,344.125,51.4428,7.48989,273.216,15.4061,216.286,1,19,-83,-6,14,57,54,6,27771907,262,1,150,13499,
37.626,359.457,51.4427,7.48976,273.561,15.5852,215.402,1,29,-78,-5,14,62,59,6,27771907,262,1,150,13499,
38.623,374.614,51.4426,7.48963,273.717,15.7246,216.003,1,29,-78,-5,14,62,59,6,27771907,262,1,150,13499,
39.606,389.792,51.4425,7.4895,273.777,15.6485,216.547,1,33,-67,-5,15,73,63,6,27771907,262,1,150,13499,
40.622,406.456,51.4424,7.48936,274.393,15.7204,216.947,1,33,-67,-5,15,73,63,6,27771907,262,1,150,13499,
41.621,422.123,51.4423,7.48923,274.223,15.7823,216.441,1,22,-72,-5,14,68,63,6,27771907,262,1,150,13499,
42.621,436.213,51.4422,7.4891,274.336,15.7833,216.907,1,22,-72,-5,14,68,63,6,27771907,262,1,150,13499,
43.618,451.366,51.4421,7.48897,275.172,15.7766,217.751,1,31,-73,-5,14,67,63,6,27771907,262,1,150,13499,
44.636,468.435,51.4419,7.48881,275.452,15.4861,219.14,1,31,-73,-5,14,67,63,6,27771907,262,1,150,13499,
45.608,483.996,51.4418,7.48866,275.806,15.7025,220.68,1,27,-59,-4,15,81,63,6,27771907,262,1,150,13499,
46.603,499.882,51.4417,7.48849,276.116,15.6383,222.951,1,27,-59,-4,15,81,63,6,27771907,262,1,150,13499,
47.624,516.491,51.4416,7.48832,277.156,16.1702,224.383,1,31,-65,-5,15,75,63,6,27771907,262,1,150,13499,
48.607,532.897,51.4415,7.48814,277.542,16.285,226.75,1,31,-65,-5,15,75,63,6,27771907,262,1,150,13499,
49.603,549.111,51.4415,7.48796,277.736,16.5498,228.478,1,29,-71,-5,15,69,63,6,27771907,262,1,150,13499,
50.614,549.111,51.4434,7.49243,nan,16.8646,229.892,1,29,-71,-5,15,69,63,6,27771907,262,1,150,13499,
51.625,549.111,51.4413,7.48756,278.434,17.167,230.676,1,30,-77,-5,15,63,61,6,27771907,262,1,150,13499,
52.613,566.266,51.4412,7.48736,278.538,17.3669,231.239,1,30,-77,-5,15,63,61,6,27771907,262,1,150,13499,
53.628,584.473,51.4411,7.48715,278.743,17.4474,231.807,1,13,-81,-6,14,59,55,6,27771907,262,1,150,13499,
54.614,601.676,51.441,7.48695,278.983,17.2734,232.194,1,13,-81,-6,14,59,55,6,27771907,262,1,150,13499,
55.61,618.704,51.4409,7.48675,279.409,17.0767,232.754,1,21,-85,-8,12,55,54,6,27771907,262,1,150,13499,
56.625,635.676,51.4408,7.48655,279.734,16.8671,233.479,1,21,-85,-8,12,55,54,6,27771907,262,1,150,13499,
57.619,652.067,51.4407,7.48636,279.994,16.9209,233.778,1,21,-85,-8,12,55,54,6,27771907,262,1,150,13499,
58.597,668.652,51.4406,7.48616,279.867,17.0568,233.349,1,12,-81,-7,6,59,57,1,27771908,262,1,152,13499,
59.607,685.1,51.4405,7.48597,280.16,17.1641,233.469,1,12,-81,-7,6,59,57,1,27771908,262,1,152,13499,
60.61,701.973,51.4405,7.48577,280.226,17.1092,233.37,1,22,-78,-6,15,62,59,1,27771908,262,1,152,13499,
61.643,718.874,51.4404,7.48558,280.592,16.8131,232.796,1,22,-78,-6,15,62,59,1,27771908,262,1,152,13499,
62.636,735.827,51.4403,7.48538,281.098,16.67,233.168,1,25,-76,-5,15,64,61,1,27771908,262,1,152,13499,
63.612,752.56,51.4402,7.48518,281.888,16.6864,233.652,1,25,-76,-5,15,64,61,1,27771908,262,1,152,13499,
64.628,770.157,51.4401,7.48498,282.767,16.7954,233.217,1,33,-74,-6,15,66,63,1,27771908,262,1,152,13499,
65.6,787.259,51.44,7.48478,283.337,16.1227,233.642,1,33,-74,-6,15,66,63,1,27771908,262,1,152,13499,
66.618,803.448,51.4399,7.48459,283.738,15.8472,232.998,1,31,-70,-6,15,70,63,1,27771908,262,1,152,13499,
67.604,818.948,51.4398,7.48441,284.111,15.7681,233.185,1,31,-70,-6,15,70,63,1,27771908,262,1,152,13499,
68.607,834.477,51.4398,7.48423,284.586,16.3108,233.193,1,37,-67,-5,14,73,63,1,27771908,262,1,152,13499,
69.61,850.828,51.4397,7.48404,285.275,16.6298,232.565,1,37,-67,-5,14,73,63,1,27771908,262,1,152,13499,
70.637,850.828,51.4361,7.47738,nan,16.6127,233.506,1,40,-70,-5,15,70,63,1,27771908,262,1,152,13499,
71.612,850.828,51.4395,7.48364,286.232,17.0141,234.607,1,40,-70,-5,15,70,63,1,27771908,262,1,152,13499,
72.627,866.845,51.4394,7.48345,287.003,16.5331,235.842,1,38,-74,-5,15,66,63,1,27771908,262,1,152,13499,
73.65,883.255,51.4393,7.48325,287.797,15.8258,236.755,1,38,-74,-5,15,66,63,1,27771908,262,1,152,13499,
74.616,900.582,51.4393,7.48303,288.779,16.3556,237.653,1,26,-77,-5,15,63,59,1,27771908,262,1,152,13499,
75.599,918.289,51.4392,7.48281,289.141,16.5562,238.585,1,26,-77,-5,15,63,59,1,27771908,262,1,152,13499,
76.601,935.699,51.4391,7.4826,289.294,16.8574,239.14,1,28,-80,-5,15,60,56,1,27771908,262,1,152,13499,
77.616,953.003,51.439,7.48238,289.959,16.6966,239.918,1,28,-80,-5,15,60,56,1,27771908,262,1,152,13499,
78.626,969.658,51.4389,7.48217,290.242,17.1677,240.504,1,27,-84,-5,14,56,52,1,27771908,262,1,152,13499,
79.615,986.963,51.4389,7.48195,290.439,17.4218,241.294,1,27,-84,-5,14,56,52,1,27771908,262,1,152,13499,
80.612,1003.8,51.4388,7.48173,290.894,17.0089,240.467,1,37,-90,-5,14,50,47,1,27771908,262,1,152,13499,
81.618,1021.14,51.4387,7.48151,290.532,17.2371,239.779,1,37,-90,-5,14,50,47,1,27771908,262,1,152,13499,
82.634,1039.33,51.4386,7.48129,289.876,18.0634,239.124,1,37,-90,-5,14,50,47,1,27771908,262,1,152,13499,
83.613,1058.13,51.4386,7.48105,289.824,18.1757,238.659,1,38,-89,-6,15,51,48,1,27771908,262,1,152,13499,
84.609,1076.15,51.4385,7.48083,289.393,17.9839,239.442,1,38,-89,-6,15,51,48,1,27771908,262,1,152,13499,
85.625,1093.94,51.4384,7.48061,289.047,17.6623,239.957,1,32,-94,-6,12,46,44,1,27771908,262,1,152,13499,
86.616,1111.49,51.4383,7.48038,288.589,17.383,240.909,1,32,-94,-6,12,46,44,1,27771908,262,1,152,13499,
87.621,1128.37,51.4383,7.48017,287.965,17.1906,241.814,1,21,-94,-5,13,46,44,1,27771908,262,1,152,13499,
88.632,1145.52,51.4382,7.47995,288.021,17.2946,240.822,1,21,-94,-5,13,46,44,1,27771908,262,1,152,13499,
89.623,1163.13,51.4381,7.47973,288.134,17.784,240.458,1,13,-98,-6,11,42,39,1,27771908,262,1,152,13499,
90.622,1163.13,51.4361,7.47738,nan,17.4703,241.195,1,13,-98,-6,11,42,39,1,27771908,262,1,152,13499,
91.617,1163.13,51.438,7.47928,288.551,17.3549,241.736,1,24,-101,-6,11,39,37,1,27771908,262,1,152,13499,
92.624,1179.72,51.4379,7.47907,288.189,16.9265,241.047,1,24,-101,-6,11,39,37,1,27771908,262,1,152,13499,
93.619,1196.08,51.4378,7.47886,288.539,16.4615,242.11,1,5,-101,-7,11,39,36,1,27771908,262,1,152,13499,
94.628,1211.75,51.4378,7.47865,288.851,15.9969,242.707,1,5,-101,-7,11,39,36,1,27771908,262,1,152,13499,
95.604,1228.59,51.4377,7.47844,289.195,15.5283,241.573,1,22,-102,-7,10,38,36,1,27771908,262,1,152,13499,
96.617,1244.04,51.4376,7.47824,289.825,15.0186,240.802,1,22,-102,-7,10,38,36,1,27771908,262,1,152,13499,
97.616,1259.27,51.4375,7.47805,290.264,14.516,241.154,1,8,-104,-8,7,36,36,1,27771908,262,1,152,13499,
98.606,1273.19,51.4375,7.47788,290.891,14.0452,241.865,1,8,-104,-8,7,36,36,1,27771908,262,1,152,13499,
99.63,1287.64,51.4374,7.47769,292.103,13.5652,241.51,1,7,-106,-9,8,34,34,1,27771908,262,1,152,13499,
100.619,1301.27,51.4374,7.47752,292.922,13.6048,240.552,1,7,-106,-9,8,34,34,1,27771908,262,1,152,13499,
101.621,1314.11,51.4373,7.47736,293.458,12.9235,241.208,1,5,-107,-9,9,33,33,1,27771908,262,1,152,13499,
102.642,1327.78,51.4373,7.47718,293.713,13.1955,241.694,1,5,-107,-9,9,33,33,1,27771908,262,1,152,13499,
103.602,1341.18,51.4372,7.47701,293.527,12.7233,244.19,1,20,-107,-9,9,33,33,1,27771908,262,1,152,13499,
104.596,1352.45,51.4372,7.47685,292.932,11.8739,247.55,1,20,-107,-9,9,33,33,1,27771908,262,1,152,13499,
105.62,1363.33,51.4371,7.4767,292.03,11.3194,250.982,1,14,-103,-7,8,37,34,1,27771908,262,1,152,13499,
106.607,1374.83,51.4371,7.47654,291.207,10.5866,267.45,1,14,-103,-7,8,37,34,1,27771908,262,1,152,13499,
107.621,1384.61,51.4372,7.4764,290.594,9.30976,271.017,1,25,-100,-6,9,40,36,1,27771908,262,1,152,13499,
108.609,1395.02,51.4372,7.47627,290.21,8.16682,303.055,1,25,-100,-6,9,40,36,1,27771908,262,1,152,13499,
109.612,1405.07,51.4373,7.47618,289.704,7.89981,317.402,1,16,-96,-6,14,44,41,1,27771908,262,1,152,13499,
110.622,1405.07,51.4361,7.47738,nan,8.23898,351.692,1,16,-96,-6,14,44,41,1,27771908,262,1,152,13499,
111.573,1405.07,51.4375,7.47617,288.698,8.5455,17.4699,1,32,-93,-5,12,47,43,1,27771908,262,1,152,13499,
112.588,1417.28,51.4375,7.47627,288.495,10.1524,40.473,1,32,-93,-5,12,47,43,1,27771908,262,1,152,13499,
113.611,1429.25,51.4376,7.47638,288.628,11.4393,43.4547,1,32,-93,-5,12,47,43,1,27771908,262,1,152,13499,
114.657,1442.38,51.4377,7.47652,288.678,12.1829,46.5935,1,29,-77,-4,15,63,58,1,27771908,262,1,152,13499,
115.607,1456,51.4378,7.47667,288.646,12.8832,48.9778,1,29,-77,-4,15,63,58,1,27771908,262,1,152,13499,
116.626,1471.22,51.4379,7.47684,288.796,14.5988,50.8504,1,31,-77,-4,15,63,58,1,27771908,262,1,152,13499,
117.612,1485.94,51.4379,7.47701,288.915,15.6134,52.3841,1,31,-77,-4,15,63,58,1,27771908,262,1,152,13499,
118.626,1502.72,51.438,7.47721,288.829,16.8895,53.3128,1,27,-75,-4,15,65,59,1,27771908,262,1,152,13499,
119.594,1519.62,51.4381,7.47741,288.921,17.6063,54.1314,1,27,-75,-4,15,65,59,1,27771908,262,1,152,13499,
120.606,1537.77,51.4382,7.47763,288.987,18.2488,55.0447,1,33,-73,-4,15,67,63,1,27771908,262,1,152,13499,
121.619,1556.87,51.4383,7.47786,289.399,19.5707,55.6733,1,33,-73,-4,15,67,63,1,27771908,262,1,152,13499,
122.618,1577.47,51.4384,7.47811,290.059,20.0044,56.2764,1,38,-77,-4,15,63,59,1,27771908,262,1,152,13499,
123.64,1598.11,51.4385,7.47836,291.112,21.0853,56.655,1,38,-77,-4,15,63,59,1,27771908,262,1,152,13499,
124.601,1619.84,51.4386,7.47862,291.965,21.8202,57.3868,1,30,-80,-5,14,60,57,1,27771908,262,1,152,13499,
125.617,1641.91,51.4387,7.47889,292.801,21.9449,57.0616,1,30,-80,-5,14,60,57,1,27771908,262,1,152,13499,
126.599,1663.81,51.4388,7.47916,293.02,23.1648,56.5781,1,35,-83,-5,14,57,55,1,27771908,262,1,152,13499,
127.606,1687.91,51.4389,7.47945,292.531,23.4669,56.3319,1,35,-83,-5,14,57,55,1,27771908,262,1,152,13499,
128.617,1710.75,51.4391,7.47973,291.655,23.5774,55.9012,1,39,-84,-5,14,56,53,1,27771908,262,1,152,13499,
129.658,1734.43,51.4392,7.48002,290.549,23.3556,55.723,1,39,-84,-5,14,56,53,1,27771908,262,1,152,13499,
130.612,1734.43,51.4361,7.47738,nan,23.092,54.4109,1,36,-87,-5,14,53,50,1,27771908,262,1,152,13499,
131.618,1734.43,51.4394,7.48055,288.154,22.9558,53.7233,1,36,-87,-5,14,53,50,1,27771908,262,1,152,13499,
132.621,1757,51.4395,7.48082,287.166,22.7005,53.6376,1,39,-86,-5,14,54,51,1,27771908,262,1,152,13499,
133.606,1778.99,51.4396,7.48107,286.117,22.5375,51.349,1,39,-86,-5,14,54,51,1,27771908,262,1,152,13499,
134.618,1801.2,51.4398,7.48132,285.127,22.4823,50.3297,1,36,-85,-5,12,55,53,1,27771908,262,1,152,13499,
135.622,1823.01,51.4399,7.48156,284.323,22.4522,49.5268,1,36,-85,-5,12,55,53,1,27771908,262,1,152,13499,
136.619,1845.54,51.44,7.4818,283.548,22.4682,47.0364,1,26,-84,-5,13,56,53,1,27771908,262,1,152,13499,
137.61,1867.94,51.4402,7.48203,282.835,22.6017,45.6568,1,26,-84,-5,13,56,53,1,27771908,262,1,152,13499,
138.615,1890.14,51.4403,7.48226,282.09,22.6018,44.2166,1,26,-84,-5,13,56,53,1,27771908,262,1,152,13499,
139.644,1913.14,51.4405,7.48248,281.584,22.5386,42.075,1,23,-83,-6,12,57,53,1,27771908,262,1,152,13499,
140.615,1934.79,51.4406,7.48269,280.864,22.5212,41.5153,1,23,-83,-6,12,57,53,1,27771908,262,1,152,13499,
141.607,1957.69,51.4408,7.4829,280.186,22.4873,40.5164,1,36,-83,-5,13,57,54,1,27771908,262,1,152,13499,
142.609,1979.55,51.4409,7.4831,279.387,22.5181,38.7226,1,36,-83,-5,13,57,54,1,27771908,262,1,152,13499,
143.61,2002.45,51.4411,7.48331,278.576,22.649,38.1653,1,22,-82,-5,13,58,53,1,27771908,262,1,152,13499,
144.612,2025.22,51.4412,7.48352,277.74,22.4639,37.7557,1,22,-82,-5,13,58,53,1,27771908,262,1,152,13499,
145.63,2048.09,51.4414,7.48372,276.913,22.8742,34.2753,1,19,-82,-5,11,58,53,1,27771908,262,1,152,13499,
146.6,2071.72,51.4416,7.4839,276.153,23.0144,32.3157,1,19,-82,-5,11,58,53,1,27771908,262,1,152,13499,
147.617,2095.14,51.4418,7.48408,275.534,22.5912,31.11,1,25,-88,-8,11,52,49,1,27771908,262,1,152,13499,
148.619,2118.04,51.4419,7.48424,274.925,22.3146,28.5773,1,25,-88,-8,11,52,49,1,27771908,262,1,152,13499,
149.612,2140.08,51.4421,7.48439,274.391,22.1011,27.2726,1,15,-84,-7,6,56,55,1,27771909,262,1,151,13499,
150.614,2140.08,51.4442,7.48463,nan,22.1504,26.3662,1,15,-84,-7,6,56,55,1,27771909,262,1,151,13499,
151.626,2140.08,51.4425,7.48467,273.689,22.3241,25.7611,1,22,-83,-7,15,57,53,1,27771909,262,1,151,13499,
152.632,2162.4,51.4427,7.48481,273.425,22.3291,25.5811,1,22,-83,-7,15,57,53,1,27771909,262,1,151,13499,
153.607,2184.81,51.4428,7.48495,273.152,22.4975,24.8307,1,29,-77,-6,13,63,60,1,27771909,262,1,151,13499,
154.632,2207.32,51.443,7.48508,272.869,22.3796,24.1068,1,29,-77,-6,13,63,60,1,27771909,262,1,151,13499,
155.635,2229.41,51.4432,7.4852,272.613,22.1754,23.526,1,25,-74,-5,15,66,61,1,27771909,262,1,151,13499,
156.617,2251.6,51.4434,7.48533,272.507,21.8279,23.2817,1,25,-74,-5,15,66,61,1,27771909,262,1,151,13499,
157.62,2272.46,51.4436,7.48545,272.303,20.9677,23.144,1,24,-74,-5,15,66,63,1,27771909,262,1,151,13499,
158.62,2292.22,51.4437,7.48556,271.971,19.6151,22.49,1,24,-74,-5,15,66,63,1,27771909,262,1,151,13499,
159.62,2310.89,51.4439,7.48566,271.543,18.5332,21.6771,1,24,-74,-5,15,66,63,1,27771909,262,1,151,13499,
160.619,2329.38,51.444,7.48575,271.339,17.0698,20.7497,1,32,-65,-4,15,75,63,1,27771909,262,1,151,13499,
161.615,2346.88,51.4442,7.48584,271.151,15.2825,20.5919,1,32,-65,-4,15,75,63,1,27771909,262,1,151,13499,
162.608,2360.58,51.4443,7.48591,270.769,13.6267,21.6781,1,31,-66,-5,15,74,63,1,27771909,262,1,151,13499,
163.617,2373.7,51.4444,7.48598,270.512,12.1538,23.6897,1,31,-66,-5,15,74,63,1,27771909,262,1,151,13499,
164.608,2384.5,51.4445,7.48606,270.209,11.3088,27.1083,1,30,-70,-5,15,70,62,1,27771909,262,1,151,13499,
165.595,2395.25,51.4446,7.48616,270.073,11.1721,42.1632,1,30,-70,-5,15,70,62,1,27771909,262,1,151,13499,
166.631,2407.19,51.4446,7.48629,269.718,11.3926,44.696,1,31,-73,-5,15,67,63,1,27771909,262,1,151,13499,
167.614,2418.21,51.4447,7.48643,269.421,11.5026,62.9634,1,31,-73,-5,15,67,63,1,27771909,262,1,151,13499,
168.618,2429.22,51.4447,7.48658,269.045,11.6578,66.6882,1,31,-70,-5,15,70,63,1,27771909,262,1,151,13499,
169.646,2442.08,51.4447,7.48676,268.506,12.0564,88.4883,1,31,-70,-5,15,70,63,1,27771909,262,1,151,13499,
170.613,2442.08,51.4442,7.48463,nan,12.3077,102.066,1,28,-80,-5,15,60,56,1,27771909,262,1,151,13499,
171.627,2442.08,51.4446,7.48712,267.946,12.9491,116.114,1,28,-80,-5,15,60,56,1,27771909,262,1,151,13499,
172.652,2455.47,51.4446,7.48729,267.448,12.9774,120.144,1,28,-77,-6,15,63,58,1,27771909,262,1,151,13499,
173.625,2467.72,51.4445,7.48741,266.621,12.5629,139.346,1,28,-77,-6,15,63,58,1,27771909,262,1,151,13499,
174.618,2480.65,51.4444,7.48749,265.934,12.786,157.031,1,30,-69,-5,15,71,63,1,27771909,262,1,151,13499,
175.622,2493.23,51.4443,7.48756,265.369,13.2117,159.962,1,30,-69,-5,15,71,63,1,27771909,262,1,151,13499,
176.607,2506.04,51.4442,7.48755,264.716,12.9044,182.667,1,25,-69,-7,15,71,63,1,27771909,262,1,151,13499,
177.597,2519.93,51.4441,7.48749,264.09,13.4775,199.913,1,25,-69,-7,15,71,63,1,27771909,262,1,151,13499,
178.61,2533.96,51.444,7.48738,263.497,13.5436,212.681,1,29,-70,-6,14,70,63,1,27771909,262,1,151,13499,
179.615,2547.25,51.4439,7.48724,263.304,13.8468,227.535,1,29,-70,-6,14,70,63,1,27771909,262,1,151,13499,
180.657,2560.96,51.4438,7.48707,263.075,13.6845,243.42,1,23,-78,-5,1,62,59,1,27771909,262,1,151,13499,
181.624,2574.66,51.4438,7.48688,262.695,13.6977,257.831,1,23,-78,-5,1,62,59,1,27771909,262,1,151,13499,
182.624,2587.55,51.4438,7.4867,262.431,14.1775,260.862,1,23,-78,-5,1,62,59,1,27771909,262,1,151,13499,
183.605,2602.45,51.4437,7.48648,262.45,14.9992,263.214,1,25,-83,-6,15,57,54,1,27771909,262,1,151,13499,
184.655,2616.79,51.4437,7.48628,262.508,15.7307,264.352,1,25,-83,-6,15,57,54,1,27771909,262,1,151,13499,
185.62,2633.29,51.4437,7.48604,262.817,16.5708,264.755,1,28,-79,-5,15,61,57,1,27771909,262,1,151,13499,
186.606,2650.38,51.4437,7.48579,263.223,17.4731,265.796,1,28,-79,-5,15,61,57,1,27771909,262,1,151,13499,
187.646,2667.63,51.4437,7.48555,263.814,17.4158,265.871,1,30,-80,-5,15,60,56,1,27771909,262,1,151,13499,
188.619,2685.29,51.4437,7.48529,264.483,16.7179,267.074,1,30,-80,-5,15,60,56,1,27771909,262,1,151,13499,
189.621,2704.18,51.4437,7.48502,264.666,17.6756,268.085,1,25,-89,-6,15,51,49,1,27771909,262,1,151,13499,
190.617,2704.18,51.4442,7.48463,nan,20.2316,268.584,1,25,-89,-6,15,51,49,1,27771909,262,1,151,13499,
191.614,2704.18,51.4437,7.48441,265.058,20.833,269.469,1,27,-78,-5,15,62,57,1,27771909,262,1,151,13499,
192.619,2724.82,51.4437,7.48411,265.596,21.1852,269.216,1,27,-78,-5,15,62,57,1,27771909,262,1,151,13499,
193.603,2746.77,51.4437,7.48379,265.797,21.7608,269.214,1,32,-68,-5,15,72,63,1,27771909,262,1,151,13499,
194.636,2768.35,51.4437,7.48348,266.082,22.2534,268.219,1,32,-68,-5,15,72,63,1,27771909,262,1,151,13499,
195.617,2791.07,51.4437,7.48315,266.33,22.7325,267.756,1,22,-67,-6,15,73,63,1,27771909,262,1,151,13499,
196.597,2814.38,51.4437,7.48282,266.544,23.2937,267.729,1,22,-67,-6,15,73,63,1,27771909,262,1,151,13499,
197.619,2837.91,51.4437,7.48248,266.682,23.9074,267.38,1,27,-78,-5,15,62,58,1,27771909,262,1,151,13499,
198.614,2861.57,51.4437,7.48213,266.682,24.2234,267.129,1,27,-78,-5,15,62,58,1,27771909,262,1,151,13499,
199.596,2885.84,51.4437,7.48178,266.618,24.1618,266.722,1,22,-86,-5,12,54,50,1,27771909,262,1,151,13499,
200.627,2910.18,51.4436,7.48143,266.55,24.1185,266.21,1,22,-86,-5,12,54,50,1,27771909,262,1,151,13499,
201.605,2934.42,51.4436,7.48108,266.506,24.1102,266.095,1,19,-88,-5,12,52,48,1,27771909,262,1,151,13499,
202.624,2958.49,51.4436,7.48074,266.486,24.1641,265.53,1,19,-88,-5,12,52,48,1,27771909,262,1,151,13499,
203.603,2982.58,51.4436,7.48039,266.341,24.3207,264.871,1,14,-88,-5,11,52,47,1,27771909,262,1,151,13499,
204.602,3007.02,51.4436,7.48004,266.173,24.4703,263.772,1,14,-88,-5,11,52,47,1,27771909,262,1,151,13499,
205.622,3031.4,51.4435,7.47969,265.911,24.6228,262.328,1,12,-87,-5,12,53,48,1,27771909,262,1,151,13499,
206.635,3056.27,51.4435,7.47933,265.629,24.8023,262.27,1,12,-87,-5,12,53,48,1,27771909,262,1,151,13499,
207.594,3081.3,51.4435,7.47898,265.264,24.9964,261.961,1,17,-85,-8,12,55,55,1,27771909,262,1,151,13499,
208.615,3106.24,51.4434,7.47862,264.938,24.8055,262.232,1,17,-85,-8,12,55,55,1,27771909,262,1,151,13499,
209.605,3130.74,51.4434,7.47827,264.576,24.5453,262.386,1,19,-86,-7,12,54,51,1,27771909,262,1,151,13499,
210.609,3130.74,51.4442,7.48463,nan,24.5074,262.368,1,19,-86,-7,12,54,51,1,27771909,262,1,151,13499,
211.611,3130.74,51.4434,7.47757,263.865,24.3966,262.28,1,19,-86,-7,12,54,51,1,27771909,262,1,151,13499,
212.621,3155.19,51.4433,7.47722,263.518,24.4912,262.081,1,13,-89,-6,10,51,48,1,27771909,262,1,151,13499,
213.616,3179.49,51.4433,7.47687,263.176,24.3479,261.746,1,13,-89,-6,10,51,48,1,27771909,262,1,151,13499,
214.601,3203.37,51.4433,7.47653,262.662,24.1169,261.419,1,21,-89,-7,14,51,47,1,27771909,262,1,151,13499,
215.64,3227.2,51.4432,7.47619,262.012,24.0741,261.336,1,21,-89,-7,14,51,47,1,27771909,262,1,151,13499,
216.612,3250.36,51.4432,7.47586,261.238,23.83,261.576,1,27,-90,-6,14,50,45,1,27771909,262,1,151,13499,
217.632,3273.92,51.4432,7.47552,260.313,23.7074,260.392,1,27,-90,-6,14,50,45,1,27771909,262,1,151,13499,
218.621,3298.04,51.4431,7.47518,259.465,23.838,258.942,1,17,-88,-7,11,52,49,1,27771909,262,1,151,13499,
219.635,3321.56,51.4431,7.47485,258.655,24.404,256.425,1,17,-88,-7,11,52,49,1,27771909,262,1,151,13499,
220.614,3347.15,51.443,7.47449,257.807,25.0492,257.527,1,4,-100,-7,10,40,38,1,27771909,262,1,151,13499,
221.607,3373.37,51.443,7.47413,257.13,26.177,255.992,1,4,-100,-7,10,40,38,1,27771909,262,1,151,13499,
222.601,3400.06,51.4429,7.47375,256.492,27.398,257.307,1,2,-107,-11,7,33,34,1,27771909,262,1,151,13499,
223.599,3427.96,51.4429,7.47336,255.814,28.5605,258.415,1,2,-107,-11,7,33,34,1,27771909,262,1,151,13499,
224.607,3457.3,51.4428,7.47294,255.141,29.6312,258.85,1,-3,-112,-14,4,28,32,31,31281409,262,1,232,13499,
225.624,3487.45,51.4428,7.47252,254.435,30.5105,259.164,1,-3,-112,-14,4,28,32,31,31281409,262,1,232,13499,
226.616,3518.43,51.4427,7.47208,253.678,31.3888,259.054,1,-2,-113,-12,6,27,29,31,31281409,262,1,232,13499,
227.623,3550.21,51.4427,7.47163,252.86,32.1395,258.702,1,-2,-113,-12,6,27,29,31,31281409,262,1,232,13499,
228.622,3582.05,51.4426,7.47118,252.07,31.8335,258.589,1,1,-113,-10,6,27,28,31,31281409,262,1,232,13499,
229.615,3613.75,51.4425,7.47073,251.258,31.7837,258.55,1,1,-113,-10,6,27,28,31,31281409,262,1,232,13499,
230.628,3613.75,51.4444,7.46104,nan,32.2193,258.288,1,0,-101,-9,10,39,37,14,27771906,262,1,486,13499,
231.617,3613.75,51.4424,7.46981,249.668,32.4581,258.425,1,0,-101,-9,10,39,37,14,27771906,262,1,486,13499,
232.596,3646.49,51.4424,7.46935,248.951,32.8283,258.425,1,10,-103,-9,8,37,35,14,27771906,262,1,486,13499,
233.612,3679.4,51.4423,7.46888,248.119,33.2563,258.543,1,10,-103,-9,8,37,35,14,27771906,262,1,486,13499,
234.632,3712.89,51.4423,7.46841,247.171,33.7002,258.835,1,6,-103,-9,7,37,35,14,27771906,262,1,486,13499,
235.617,3746.78,51.4422,7.46793,246.113,34.1507,258.946,1,6,-103,-9,7,37,35,14,27771906,262,1,486,13499,
236.611,3780.97,51.4421,7.46745,244.947,34.6836,258.816,1,6,-103,-9,7,37,35,14,27771906,262,1,486,13499,
237.617,3816.08,51.4421,7.46695,243.939,35.0983,259.373,1,4,-105,-11,9,35,35,14,27771906,262,1,486,13499,
238.621,3851.22,51.442,7.46645,243.104,35.2973,259.715,1,4,-105,-11,9,35,35,14,27771906,262,1,486,13499,
239.617,3886.41,51.442,7.46595,242.231,35.2936,259.862,1,2,-105,-11,9,35,36,14,27771906,262,1,486,13499,
240.621,3921.62,51.4419,7.46545,241.455,35.4403,260.585,1,2,-105,-11,9,35,36,14,27771906,262,1,486,13499,
241.622,3957.04,51.4419,7.46494,240.722,35.5922,261.12,1,5,-101,-9,8,39,37,14,27771906,262,1,486,13499,
242.616,3992.69,51.4418,7.46443,240.111,35.7279,261.839,1,5,-101,-9,8,39,37,14,27771906,262,1,486,13499,
243.621,4028.08,51.4418,7.46392,239.292,35.7367,262.123,1,6,-104,-10,11,36,36,14,27771906,262,1,486,13499,
244.618,4063.44,51.4417,7.46342,238.573,35.5195,263.211,1,6,-104,-10,11,36,36,14,27771906,262,1,486,13499,
245.631,4098.37,51.4417,7.46292,237.876,34.9286,264.119,1,7,-103,-11,2,37,36,14,27771906,262,1,486,13499,
246.607,4132.85,51.4417,7.46242,237.286,34.5485,264.51,1,7,-103,-11,2,37,36,14,27771906,262,1,486,13499,
247.626,4167.5,51.4417,7.46192,236.876,34.5636,264.674,1,7,-101,-7,2,39,35,14,31281409,262,1,232,13499,
248.683,4201.68,51.4416,7.46143,236.519,33.9516,266.099,1,7,-101,-7,2,39,35,14,31281409,262,1,232,13499,
249.62,4234.89,51.4416,7.46095,236.07,33.4685,266.588,1,8,-100,-7,7,40,38,22,31281409,262,1,232,13499,
250.601,4234.89,51.4444,7.46104,nan,33.4979,266.654,1,8,-100,-7,7,40,38,22,31281409,262,1,232,13499,
251.607,4234.89,51.4416,7.45999,235.453,33.2949,267.07,1,1,-104,-8,7,36,35,22,31281409,262,1,232,13499,
252.612,4267.29,51.4416,7.45952,235.112,32.5971,267.732,1,1,-104,-8,7,36,35,22,31281409,262,1,232,13499,
253.61,4299.25,51.4415,7.45906,234.662,32.3661,268.208,1,19,-102,-9,6,38,38,22,31281409,262,1,232,13499,
254.636,4331.15,51.4415,7.4586,234.504,31.8454,268.241,1,19,-102,-9,6,38,38,22,31281409,262,1,232,13499,
255.614,4362.61,51.4415,7.45815,234.502,31.2025,269.998,1,6,-102,-8,10,38,38,22,31281409,262,1,232,13499,
256.6,4393.23,51.4415,7.45771,234.702,30.507,269.836,1,6,-102,-8,10,38,38,22,31281409,262,1,232,13499,
257.619,4423.54,51.4415,7.45727,234.985,30.1115,269.985,1,6,-102,-8,10,38,38,22,31281409,262,1,232,13499,
258.596,4453.17,51.4415,7.45684,234.9,29.5526,270.341,1,9,-100,-8,6,40,39,18,33527552,262,1,433,13499,
259.61,4482.17,51.4415,7.45642,234.7,28.5522,270.444,1,9,-100,-8,6,40,39,18,33527552,262,1,433,13499,
260.628,4509.81,51.4415,7.45602,234.467,27.0824,270.648,1,10,-99,-8,12,41,40,18,33527552,262,1,433,13499,
261.603,4536.09,51.4415,7.45564,234.13,25.9309,270.837,1,10,-99,-8,12,41,40,18,33527552,262,1,433,13499,
262.622,4560.94,51.4415,7.45528,234.072,24.6598,271.79,1,13,-88,-5,11,52,49,18,33527552,262,1,433,13499,
263.615,4584.39,51.4415,7.45495,233.959,22.7726,272.427,1,13,-88,-5,11,52,49,18,33527552,262,1,433,13499,
264.61,4606.66,51.4416,7.45463,233.893,20.5276,272.29,1,21,-83,-5,12,57,54,18,33527552,262,1,433,13499,
265.608,4627.07,51.4416,7.45433,233.761,18.9911,272.785,1,21,-83,-5,12,57,54,18,33527552,262,1,433,13499,
266.6,4646.23,51.4416,7.45406,233.532,18.605,273.446,1,34,-80,-4,13,60,56,18,33527552,262,1,433,13499,
267.614,4664.23,51.4416,7.4538,233.032,18.1888,274.194,1,34,-80,-4,13,60,56,18,33527552,262,1,433,13499,
268.626,4681.99,51.4416,7.45354,232.558,17.5597,274.757,1,24,-80,-4,15,60,56,18,33527552,262,1,433,13499,
269.626,4699.04,51.4416,7.4533,232.168,16.7335,274.99,1,24,-80,-4,15,60,56,18,33527552,262,1,433,13499,
270.611,4699.04,51.4432,7.44931,nan,15.9163,275.032,1,13,-78,-4,15,62,57,18,33527552,262,1,433,13499,
271.626,4699.04,51.4417,7.45284,231.665,15.5566,275.211,1,13,-78,-4,15,62,57,18,33527552,262,1,433,13499,
272.627,4714.94,51.4417,7.45261,231.267,15.9355,275.635,1,22,-78,-4,15,62,57,18,33527552,262,1,433,13499,
273.603,4731.21,51.4417,7.45238,230.858,16.7461,275.972,1,22,-78,-4,15,62,57,18,33527552,262,1,433,13499,
274.603,4748,51.4417,7.45214,230.667,17.5708,275.702,1,26,-76,-4,15,64,58,18,33527552,262,1,433,13499,
275.615,4766.02,51.4417,7.45188,230.773,18.4536,276.177,1,26,-76,-4,15,64,58,18,33527552,262,1,433,13499,
276.628,4784.59,51.4417,7.45161,230.845,19.2635,276.381,1,25,-77,-4,15,63,58,18,33527552,262,1,433,13499,
277.626,4803.71,51.4418,7.45134,230.789,19.6312,277.28,1,25,-77,-4,15,63,58,18,33527552,262,1,433,13499,
278.605,4823.58,51.4418,7.45105,230.702,19.6778,277.625,1,27,-78,-4,15,62,58,18,33527552,262,1,433,13499,
279.616,4842.67,51.4418,7.45078,230.372,19.5011,277.494,1,27,-78,-4,15,62,58,18,33527552,262,1,433,13499,
280.636,4861.87,51.4418,7.4505,230.456,19.217,277.446,1,26,-80,-4,15,60,56,18,33527552,262,1,433,13499,
281.614,4880.73,51.4418,7.45023,230.339,19.0343,277.612,1,26,-80,-4,15,60,56,18,33527552,262,1,433,13499,
282.631,4899.41,51.4419,7.44997,229.938,19.3528,277.772,1,26,-80,-4,15,60,56,18,33527552,262,1,433,13499,
283.625,4919.06,51.4419,7.44969,229.473,19.6189,278.046,1,29,-79,-5,15,61,58,18,33527552,262,1,433,13499,
284.62,4939.13,51.4419,7.4494,229.162,19.9254,278.054,1,29,-79,-5,15,61,58,18,33527552,262,1,433,13499,
285.629,4959.02,51.4419,7.44911,228.841,19.8155,278.684,1,28,-78,-4,15,62,58,18,33527552,262,1,433,13499,
286.622,4978.83,51.442,7.44883,228.64,20.1415,278.992,1,28,-78,-4,15,62,58,18,33527552,262,1,433,13499,
287.607,4999.07,51.442,7.44854,228.448,20.6495,279.409,1,30,-77,-4,15,63,59,18,33527552,262,1,433,13499,
288.626,5019.68,51.442,7.44825,228.259,20.9966,279.542,1,30,-77,-4,15,63,59,18,33527552,262,1,433,13499,
289.604,5040.82,51.4421,7.44795,228.048,21.4083,280.134,1,31,-77,-4,15,63,60,18,33527552,262,1,433,13499,
290.625,5040.82,51.4432,7.44931,nan,21.8961,280.538,1,31,-77,-4,15,63,60,18,33527552,262,1,433,13499,
291.622,5040.82,51.4421,7.44733,227.47,22.4401,280.976,1,31,-78,-4,15,62,59,18,33527552,262,1,433,13499,
292.613,5063.51,51.4422,7.44701,227.166,22.9452,281.286,1,31,-78,-4,15,62,59,18,33527552,262,1,433,13499,
293.636,5086.73,51.4422,7.44668,226.933,23.428,281.889,1,30,-75,-4,15,65,63,18,33527552,262,1,433,13499,
294.632,5110.45,51.4423,7.44635,226.749,23.9042,282.338,1,30,-75,-4,15,65,63,18,33527552,262,1,433,13499,
295.622,5134.71,51.4423,7.446,226.638,24.537,282.768,1,30,-72,-4,15,68,63,18,33527552,262,1,433,13499,
296.614,5159.39,51.4424,7.44566,226.535,24.9837,282.797,1,30,-72,-4,15,68,63,18,33527552,262,1,433,13499,
297.606,5184.49,51.4424,7.4453,226.41,25.3953,283.104,1,33,-69,-5,15,71,63,18,33527552,262,1,433,13499,
298.605,5209.92,51.4425,7.44495,226.369,25.5762,283.374,1,33,-69,-5,15,71,63,18,33527552,262,1,433,13499,
299.602,5235.53,51.4425,7.44459,226.313,25.7675,283.478,1,30,-67,-5,15,73,63,18,33527552,262,1,433,13499,
300.609,5261.44,51.4426,7.44422,226.252,26.1061,283.908,1,30,-67,-5,15,73,63,18,33527552,262,1,433,13499,
301.621,5287.53,51.4426,7.44386,226.057,26.4223,284.182,1,32,-67,-5,15,73,63,18,33527552,262,1,433,13499,
302.636,5314.01,51.4427,7.44349,225.784,26.7325,284.078,1,32,-67,-5,15,73,63,18,33527552,262,1,433,13499,
303.623,5341.19,51.4428,7.44311,225.459,27.4198,285.556,1,32,-67,-5,15,73,63,18,33527552,262,1,433,13499,
304.632,5368.71,51.4428,7.44273,225.151,27.6821,285.64,1,30,-67,-5,15,73,63,18,33527552,262,1,433,13499,
305.618,5395.81,51.4429,7.44235,224.785,27.3851,285.789,1,30,-67,-5,15,73,63,18,33527552,262,1,433,13499,
306.627,5422.97,51.443,7.44197,224.517,27.1039,286.305,1,30,-67,-5,15,73,63,18,33527552,262,1,433,13499,
307.618,5449.95,51.443,7.4416,224.26,27.0211,286.844,1,30,-67,-5,15,73,63,18,33527552,262,1,433,13499,
308.625,5477.02,51.4431,7.44123,223.934,27.2893,287.147,1,30,-67,-6,15,73,63,18,33527552,262,1,433,13499,
309.612,5504.47,51.4432,7.44085,223.707,27.6352,287.116,1,30,-67,-6,15,73,63,18,33527552,262,1,433,13499,
310.617,5504.47,51.4432,7.44931,nan,27.8892,287.583,1,11,-81,-5,14,59,56,18,33527552,262,1,433,13499,
311.626,5504.47,51.4433,7.44008,223.051,28.2152,287.915,1,11,-81,-5,14,59,56,18,33527552,262,1,433,13499,
312.608,5532.9,51.4434,7.43969,222.45,28.4196,288.359,1,27,-75,-4,12,65,63,18,33527552,262,1,433,13499,
313.624,5561.19,51.4435,7.43931,221.736,28.4654,288.747,1,27,-75,-4,12,65,63,18,33527552,262,1,433,13499,
314.641,5589.34,51.4436,7.43892,220.957,28.2472,289.168,1,29,-70,-4,15,70,63,18,33527552,262,1,433,13499,
315.619,5617.18,51.4437,7.43855,220.398,28.0942,289.97,1,29,-70,-4,15,70,63,18,33527552,262,1,433,13499,
316.621,5645.14,51.4437,7.43817,219.923,27.8907,290.343,1,28,-77,-5,15,63,60,18,33527552,262,1,433,13499,
317.634,5672.88,51.4438,7.43779,219.443,27.905,290.465,1,28,-77,-5,15,63,60,18,33527552,262,1,433,13499,
318.617,5700.97,51.4439,7.43742,219.066,28.1939,291.11,1,28,-77,-5,15,63,60,18,33527552,262,1,433,13499,
319.602,5729.13,51.444,7.43704,218.547,28.05,291.626,1,14,-81,-6,6,59,57,0,33527554,262,1,434,13499,
320.616,5757.56,51.4441,7.43666,217.853,28.175,292.073,1,14,-81,-6,6,59,57,0,33527554,262,1,434,13499,
321.607,5784.9,51.4442,7.43629,217.167,27.8543,291.193,1,23,-80,-5,15,60,55,0,33527554,262,1,434,13499,
322.613,5814.75,51.4443,7.4359,216.555,29.0561,293.165,1,23,-80,-5,15,60,55,0,33527554,262,1,434,13499,
323.613,5843.96,51.4444,7.43551,215.821,29.3654,293.66,1,22,-83,-6,12,57,54,0,33527554,262,1,434,13499,
324.613,5872.49,51.4445,7.43513,215.291,29.5531,293.855,1,22,-83,-6,12,57,54,0,33527554,262,1,434,13499,
325.596,5901.11,51.4446,7.43476,214.428,29.78,294.675,1,13,-82,-5,10,58,53,0,33527554,262,1,434,13499,
326.614,5930.54,51.4447,7.43437,213.52,29.8962,295.368,1,13,-82,-5,10,58,53,0,33527554,262,1,434,13499,
327.627,5960.4,51.4449,7.43398,212.739,30.164,296.168,1,11,-85,-7,11,55,53,0,33527554,262,1,434,13499,
328.609,5990.57,51.445,7.43359,212.015,29.452,296.448,1,11,-85,-7,11,55,53,0,33527554,262,1,434,13499,
329.62,6020.39,51.4451,7.43321,210.947,29.5,298.58,1,7,-84,-6,10,56,53,0,33527554,262,1,434,13499,
330.606,6020.39,51.4516,7.42583,nan,29.8086,299.454,1,7,-84,-6,10,56,53,0,33527554,262,1,434,13499,
331.605,6020.39,51.4454,7.43247,208.618,29.9951,300.41,1,11,-84,-6,14,56,52,0,33527554,262,1,434,13499,
332.597,6049.58,51.4455,7.43212,207.517,29.9304,302.324,1,11,-84,-6,14,56,52,0,33527554,262,1,434,13499,
333.611,6079.22,51.4457,7.43176,206.36,29.9537,303.216,1,19,-83,-5,2,57,55,0,33527554,262,1,434,13499,
334.604,6108.86,51.4458,7.43141,205.286,29.3918,304.394,1,19,-83,-5,2,57,55,0,33527554,262,1,434,13499,
335.604,6138.46,51.446,7.43106,204.095,29.6644,305.759,1,24,-82,-6,2,58,56,0,33527554,262,1,434,13499,
336.627,6167.8,51.4461,7.43073,202.992,29.6034,307.358,1,24,-82,-6,2,58,56,0,33527554,262,1,434,13499,
337.664,6197.73,51.4463,7.43038,202.046,29.5896,307.835,1,24,-82,-6,2,58,56,0,33527554,262,1,434,13499,
338.615,6227.13,51.4465,7.43006,200.871,29.7284,309.013,1,23,-78,-5,15,62,59,7,33527554,262,1,434,13499,
339.612,6256.32,51.4466,7.42974,199.616,29.7676,310.682,1,23,-78,-5,15,62,59,7,33527554,262,1,434,13499,
340.63,6285.38,51.4468,7.42943,198.164,29.6596,312.402,1,17,-77,-5,12,63,58,7,33527554,262,1,434,13499,
341.602,6314.67,51.447,7.42912,196.541,29.5583,313.38,1,17,-77,-5,12,63,58,7,33527554,262,1,434,13499,
342.61,6343.85,51.4472,7.42882,194.812,29.4222,314.353,1,8,-78,-7,14,62,60,7,33527554,262,1,434,13499,
343.651,6373.08,51.4474,7.42853,193.074,29.8435,315.676,1,8,-78,-7,14,62,60,7,33527554,262,1,434,13499,
344.614,6403.54,51.4476,7.42823,191.279,30.2997,317.114,1,5,-81,-7,14,59,57,7,33527554,262,1,434,13499,
345.619,6434,51.4478,7.42794,189.714,30.7412,318.386,1,5,-81,-7,14,59,57,7,33527554,262,1,434,13499,
346.615,6464.49,51.448,7.42765,188.455,30.7215,319.2,1,0,-85,-9,12,55,55,7,33527554,262,1,434,13499,
347.597,6494.97,51.4482,7.42737,187.435,30.6893,320.42,1,0,-85,-9,12,55,55,7,33527554,262,1,434,13499,
348.614,6525.17,51.4484,7.4271,186.508,30.8266,321.66,1,-2,-87,-10,9,53,53,7,33527554,262,1,434,13499,
349.608,6555.47,51.4486,7.42684,185.28,31.1895,323.25,1,-2,-87,-10,9,53,53,7,33527554,262,1,434,13499,
350.601,6555.47,51.4516,7.42583,nan,31.1009,324.556,1,2,-87,-10,8,53,52,7,33527554,262,1,434,13499,
351.619,6555.47,51.4491,7.42633,182.716,31.1485,325.722,1,2,-87,-10,8,53,52,7,33527554,262,1,434,13499,
352.616,6585.96,51.4493,7.42609,181.288,31.0928,327.341,1,-1,-94,-11,8,46,48,7,33527554,262,1,434,13499,
353.612,6616.82,51.4495,7.42586,179.835,30.9863,328.791,1,-1,-94,-11,8,46,48,7,33527554,262,1,434,13499,
354.625,6648.01,51.4498,7.42563,178.417,30.7587,329.981,1,6,-94,-9,7,46,46,7,33527554,262,1,434,13499,
355.606,6678.74,51.45,7.42542,177.033,30.4884,331.919,1,6,-94,-9,7,46,46,7,33527554,262,1,434,13499,
356.65,6709.6,51.4503,7.42522,175.894,30.5468,332.905,1,3,-95,-8,2,45,44,7,33527554,262,1,434,13499,
357.598,6740.49,51.4505,7.42502,174.428,30.7611,334.719,1,3,-95,-8,2,45,44,7,33527554,262,1,434,13499,
358.606,6771.72,51.4508,7.42483,173.726,30.8853,335.082,1,-4,-96,-10,2,44,45,7,33527554,262,1,434,13499,
359.61,6802.79,51.451,7.42465,172.734,31.2819,336.452,1,-4,-96,-10,2,44,45,7,33527554,262,1,434,13499,
360.622,6833.46,51.4513,7.42447,171.529,30.998,337.057,1,-9,-98,-12,2,42,45,7,33527554,262,1,434,13499,
361.616,6863.64,51.4515,7.42431,170.315,30.6983,338.627,1,-9,-98,-12,2,42,45,7,33527554,262,1,434,13499,
362.63,6893.85,51.4518,7.42417,169.151,30.3121,340.08,1,8,-96,-12,2,44,47,7,28365057,262,1,224,13499,
363.613,6923.27,51.452,7.42403,167.714,30.0051,340.908,1,8,-96,-12,2,44,47,7,28365057,262,1,224,13499,
364.629,6953.22,51.4523,7.42389,166.211,29.8587,341.692,1,8,-96,-12,2,44,47,7,28365057,262,1,224,13499,
365.613,6982.85,51.4526,7.42376,164.559,29.6387,342.178,1,-3,-97,-11,2,43,46,7,28365057,262,1,224,13499,
366.612,7012.7,51.4528,7.42363,162.969,29.6027,342.701,1,-3,-97,-11,2,43,46,7,28365057,262,1,224,13499,
367.614,7042.3,51.4531,7.42351,161.509,29.6486,343.26,1,-5,-94,-11,2,46,48,7,27770883,262,1,125,13499,
368.608,7071.47,51.4533,7.42339,160.404,29.7399,343.491,1,-5,-94,-11,2,46,48,7,27770883,262,1,125,13499,
369.598,7101.19,51.4536,7.42327,159.6,29.5784,343.672,1,6,-93,-11,2,47,49,7,27771140,262,1,289,13499,
370.605,7101.19,51.4719,7.39623,nan,29.6882,343.871,1,6,-93,-11,2,47,49,7,27771140,262,1,289,13499,
371.634,7101.19,51.4541,7.42305,158.241,29.5784,343.99,1,-1,-96,-12,7,44,46,16,27770883,262,1,289,13499,
372.597,7130.24,51.4543,7.42293,157.578,29.3108,343.98,1,-1,-96,-12,7,44,46,16,27770883,262,1,289,13499,
373.622,7159.81,51.4546,7.42282,156.815,29.0267,343.907,1,3,-91,-8,10,49,48,16,27770883,262,1,125,13499,
374.625,7188.42,51.4548,7.42271,156.152,28.6979,343.452,1,3,-91,-8,10,49,48,16,27770883,262,1,125,13499,
375.616,7217.17,51.4551,7.42259,155.469,28.9697,343.152,1,9,-88,-9,11,52,52,16,27770883,262,1,125,13499,
376.618,7246.1,51.4553,7.42247,154.936,29.2756,342.65,1,9,-88,-9,11,52,52,16,27770883,262,1,125,13499,
377.629,7275.21,51.4556,7.42234,154.465,29.7885,342.125,1,5,-90,-9,6,50,50,16,27770883,262,1,125,13499,
378.604,7304.74,51.4558,7.42221,153.93,30.0301,341.459,1,5,-90,-9,6,50,50,16,27770883,262,1,125,13499,
379.6,7334.71,51.4561,7.42207,153.508,30.2152,340.8,1,4,-89,-9,11,51,51,16,27770883,262,1,125,13499,
380.607,7365.02,51.4564,7.42191,153.125,30.5043,339.978,1,4,-89,-9,11,51,51,16,27770883,262,1,125,13499,
381.623,7395.56,51.4566,7.42176,152.705,30.7735,339.015,1,3,-86,-9,6,54,53,34,29568770,262,1,414,13499,
382.608,7426.39,51.4569,7.42159,152.372,30.9821,338.132,1,3,-86,-9,6,54,53,34,29568770,262,1,414,13499,
383.618,7457.6,51.4571,7.42143,152.054,31.21,337.186,1,0,-89,-7,6,51,49,13,27770883,262,1,125,13499,
384.629,7488.74,51.4574,7.42124,151.667,31.49,336.297,1,0,-89,-7,6,51,49,13,27770883,262,1,125,13499,
385.605,7519.97,51.4576,7.42105,151.239,31.7652,335.211,1,16,-84,-6,14,56,53,13,27770883,262,1,125,13499,
386.625,7551.61,51.4579,7.42086,150.816,31.9752,334.053,1,16,-84,-6,14,56,53,13,27770883,262,1,125,13499,
387.602,7584.18,51.4582,7.42065,150.228,32.3197,333.268,1,16,-84,-6,14,56,53,13,27770883,262,1,125,13499,
388.701,7616.63,51.4584,7.42044,149.722,32.6575,332.786,1,2,-83,-5,8,57,55,13,27770883,262,1,125,13499,
389.6,7649.56,51.4587,7.42022,149.31,32.9208,332.056,1,2,-83,-5,8,57,55,13,27770883,262,1,125,13499,
390.603,7649.56,51.4605,7.41596,nan,33.0742,331.007,1,13,-82,-5,13,58,55,13,27770883,262,1,125,13499,
391.607,7649.56,51.4592,7.41976,148.755,33.4812,330.117,1,13,-82,-5,13,58,55,13,27770883,262,1,125,13499,
392.61,7683.2,51.4595,7.41951,148.594,33.7641,329.061,1,10,-80,-6,9,60,58,13,27770883,262,1,125,13499,
393.636,7717,51.4597,7.41925,148.494,34.1189,327.593,1,10,-80,-6,9,60,58,13,27770883,262,1,125,13499,
394.604,7751.44,51.46,7.41899,148.267,34.317,326.813,1,10,-79,-5,9,61,59,13,27770883,262,1,125,13499,
395.606,7785.73,51.4603,7.41871,148.131,34.3888,325.902,1,10,-79,-5,9,61,59,13,27770883,262,1,125,13499,
396.606,7819.59,51.4605,7.41844,148.153,33.6849,324.94,1,21,-77,-5,13,63,59,13,27770883,262,1,125,13499,
397.609,7853.36,51.4608,7.41815,148.228,33.8948,323.662,1,21,-77,-5,13,63,59,13,27770883,262,1,125,13499,
398.614,7887.12,51.461,7.41786,148.229,33.4754,323.342,1,17,-73,-5,12,67,63,13,27770883,262,1,125,13499,
399.633,7919.86,51.4612,7.41757,148.272,32.6609,321.806,1,17,-73,-5,12,67,63,13,27770883,262,1,125,13499,
400.651,7952.28,51.4615,7.41728,148.303,31.9719,321.05,1,26,-73,-5,12,67,63,13,27770883,262,1,125,13499,
401.615,7984.28,51.4617,7.41699,148.644,32.1675,320.614,1,26,-73,-5,12,67,63,13,27770883,262,1,125,13499,
402.602,8016.38,51.4619,7.41669,149,32.4449,319.58,1,11,-75,-5,11,65,60,13,27770883,262,1,125,13499,
403.616,8048.41,51.4621,7.41639,149.382,32.4405,318.68,1,11,-75,-5,11,65,60,13,27770883,262,1,125,13499,
404.596,8080.7,51.4623,7.41607,149.719,32.5262,317.437,1,19,-77,-6,11,63,60,13,27770883,262,1,125,13499,
405.602,8113.14,51.4626,7.41575,150.038,32.7663,316.381,1,19,-77,-6,11,63,60,13,27770883,262,1,125,13499,
406.62,8145.9,51.4628,7.41543,150.357,32.9943,315.604,1,22,-76,-5,14,64,60,13,27770883,262,1,125,13499,
407.611,8178.78,51.463,7.4151,150.635,32.5859,314.683,1,22,-76,-5,14,64,60,13,27770883,262,1,125,13499,
408.615,8210.82,51.4632,7.41477,150.842,31.9626,313.754,1,29,-74,-5,15,66,63,13,27770883,262,1,125,13499,
409.614,8242.61,51.4634,7.41443,151.029,31.9597,312.816,1,29,-74,-5,15,66,63,13,27770883,262,1,125,13499,
410.619,8242.61,51.4605,7.41596,nan,32.1839,311.995,1,8,-83,-6,10,57,55,13,27770883,262,1,125,13499,
411.627,8242.61,51.4638,7.41375,151.124,32.1326,311.469,1,8,-83,-6,10,57,55,13,27770883,262,1,125,13499,
412.615,8274.41,51.464,7.41341,151.203,31.5468,310.874,1,8,-83,-6,10,57,55,13,27770883,262,1,125,13499,
413.624,8305.48,51.4641,7.41306,151.238,30.8925,309.97,1,24,-76,-6,15,64,59,13,27770883,262,1,125,13499,
414.623,8336.02,51.4643,7.41273,151.254,30.2053,309.574,1,24,-76,-6,15,64,59,13,27770883,262,1,125,13499,
415.608,8366.21,51.4645,7.41239,151.251,29.9161,309.258,1,24,-72,-7,15,68,63,13,27770883,262,1,125,13499,
416.629,8396.29,51.4647,7.41205,151.202,29.9394,308.858,1,24,-72,-7,15,68,63,13,27770883,262,1,125,13499,
417.605,8426.43,51.4648,7.41171,151.13,30.1837,308.48,1,5,-90,-9,12,50,49,13,27770883,262,1,125,13499,
418.669,8456.72,51.465,7.41137,151.025,30.4653,308.281,1,5,-90,-9,12,50,49,13,27770883,262,1,125,13499,
419.604,8487.05,51.4652,7.41102,151.04,30.8794,308.252,1,11,-87,-7,2,53,49,13,27770885,262,1,124,13499,
420.641,8517.87,51.4653,7.41068,151.167,31.2091,308.181,1,11,-87,-7,2,53,49,13,27770885,262,1,124,13499,
421.622,8549.08,51.4655,7.41032,151.429,31.623,308.09,1,14,-87,-6,2,53,49,13,27770885,262,1,124,13499,
422.617,8580.7,51.4657,7.40996,151.648,32.0014,308.065,1,14,-87,-6,2,53,49,13,27770885,262,1,124,13499,
423.603,8612.49,51.4659,7.4096,151.841,32.387,307.966,1,9,-88,-6,2,52,48,13,27770885,262,1,124,13499,
424.602,8644.78,51.466,7.40924,152,32.4107,308.016,1,9,-88,-6,2,52,48,13,27770885,262,1,124,13499,
425.622,8677.04,51.4662,7.40887,152.169,32.2854,308.409,1,10,-85,-6,2,55,50,13,27770885,262,1,124,13499,
426.629,8709.48,51.4664,7.4085,152.202,32.3457,308.531,1,10,-85,-6,2,55,50,13,27770885,262,1,124,13499,
427.618,8741.84,51.4666,7.40814,152.257,31.6191,308.554,1,7,-86,-7,2,54,50,13,27770885,262,1,124,13499,
428.616,8773.37,51.4668,7.40778,152.25,30.9692,308.937,1,7,-86,-7,2,54,50,13,27770885,262,1,124,13499,
429.615,8804.01,51.4669,7.40743,152.124,30.8987,309.185,1,18,-87,-7,2,53,49,13,27770885,262,1,124,13499,
430.621,8804.01,51.4657,7.40638,nan,30.8574,309.392,1,18,-87,-7,2,53,49,13,27770885,262,1,124,13499,
431.628,8804.01,51.4673,7.40674,151.866,31.0068,309.631,1,24,-82,-6,2,58,54,13,27770885,262,1,124,13499,
432.626,8835.21,51.4675,7.4064,151.899,31.3329,310.152,1,24,-82,-6,2,58,54,13,27770885,262,1,124,13499,
433.648,8866.66,51.4676,7.40605,151.993,31.6232,310.275,1,15,-80,-5,2,60,57,13,27770885,262,1,124,13499,
434.606,8897.79,51.4678,7.40571,151.988,31.4616,310.93,1,15,-80,-5,2,60,57,13,27770885,262,1,124,13499,
435.614,8929.04,51.468,7.40537,152.375,30.6421,311.284,1,11,-81,-6,10,59,54,8,27770885,262,1,124,13499,
436.627,8959.72,51.4682,7.40504,153.043,29.6771,311.698,1,11,-81,-6,10,59,54,8,27770885,262,1,124,13499,
437.61,8989.71,51.4684,7.40472,153.821,28.8402,312.265,1,11,-81,-6,10,59,54,8,27770885,262,1,124,13499,
438.623,9018,51.4685,7.40441,154.51,28.3038,311.723,1,0,-83,-8,9,57,56,8,27770885,262,1,124,13499,
439.623,9045.75,51.4687,7.40412,155.353,27.342,312.439,1,0,-83,-8,9,57,56,8,27770885,262,1,124,13499,
440.619,9073.2,51.4689,7.40382,155.96,27.1015,312.893,1,4,-86,-9,10,54,54,8,27770885,262,1,124,13499,
441.602,9099.96,51.469,7.40354,156.494,26.8273,313.339,1,4,-86,-9,10,54,54,8,27770885,262,1,124,13499,
442.601,9126.8,51.4692,7.40325,157.013,26.8164,313.238,1,-4,-87,-9,6,53,53,18,27771140,262,1,289,13499,
443.597,9153.63,51.4694,7.40297,157.272,26.4358,314.262,1,-4,-87,-9,6,53,53,18,27771140,262,1,289,13499,
444.628,9179.18,51.4695,7.40271,157.665,26.3435,313.895,1,31,-86,-8,14,54,54,18,27771140,262,1,289,13499,
445.605,9204.91,51.4697,7.40244,158.488,26.3987,314.352,1,31,-86,-8,14,54,54,18,27771140,262,1,289,13499,
446.623,9231.04,51.4699,7.40218,159.19,26.2388,314.396,1,14,-83,-8,11,57,58,18,27771140,262,1,289,13499,
447.609,9257.58,51.47,7.40191,159.683,26.3773,314.858,1,14,-83,-8,11,57,58,18,27771140,262,1,289,13499,
448.608,9284.61,51.4702,7.40163,159.946,26.9727,314.529,1,21,-80,-8,13,60,60,18,27771140,262,1,289,13499,
449.639,9311.7,51.4704,7.40136,160.034,28.0661,315.117,1,21,-80,-8,13,60,60,18,27771140,262,1,289,13499,
450.607,9311.7,51.4719,7.39623,nan,29.2486,315.764,1,30,-82,-8,14,58,58,18,27771140,262,1,289,13499,
451.614,9311.7,51.4708,7.40077,160.444,28.7307,316.635,1,30,-82,-8,14,58,58,18,27771140,262,1,289,13499,
452.606,9340.05,51.4709,7.4005,160.7,27.7179,316.873,1,23,-84,-8,14,56,57,18,27771140,262,1,289,13499,
453.63,9366.95,51.4711,7.40023,160.828,26.0921,317.058,1,23,-84,-8,14,56,57,18,27771140,262,1,289,13499,
454.622,9392.4,51.4713,7.39999,160.969,24.7804,318.687,1,29,-83,-9,15,57,57,18,27771140,262,1,289,13499,
455.622,9416.53,51.4715,7.39976,161.085,23.8198,318.221,1,29,-83,-9,15,57,57,18,27771140,262,1,289,13499,
456.616,9440.01,51.4716,7.39953,161.315,23.4752,318.155,1,21,-81,-8,2,59,58,18,27771140,262,1,289,13499,
457.624,9463.34,51.4718,7.39931,161.589,23.6089,319.263,1,21,-81,-8,2,59,58,18,27771140,262,1,289,13499,
458.605,9486.86,51.4719,7.39909,161.972,23.893,321.136,1,22,-82,-9,2,58,58,18,27771140,262,1,289,13499,
459.611,9511.27,51.4721,7.39887,162.309,24.6921,321.189,1,22,-82,-9,2,58,58,18,27771140,262,1,289,13499,
460.63,9536.34,51.4723,7.39864,162.713,25.4001,320.306,1,15,-86,-9,2,54,55,18,27771140,262,1,289,13499,
461.608,9561.68,51.4725,7.39841,163.187,25.2262,320.144,1,15,-86,-9,2,54,55,18,27771140,262,1,289,13499,
462.636,9586.89,51.4726,7.39816,163.675,24.7301,319.459,1,15,-86,-9,2,54,55,18,27771140,262,1,289,13499,
463.626,9611.5,51.4728,7.39793,164.175,24.1526,319.089,1,17,-86,-9,2,54,54,18,27771140,262,1,289,13499,
464.627,9634.95,51.473,7.3977,164.748,23.7296,319.861,1,17,-86,-9,2,54,54,18,27771140,262,1,289,13499,
465.607,9658.39,51.4731,7.39749,165.25,23.4845,320.5,1,19,-87,-9,2,53,53,18,27771140,262,1,289,13499,
466.622,9681.46,51.4733,7.39728,165.746,23.1922,321.272,1,19,-87,-9,2,53,53,18,27771140,262,1,289,13499,
467.616,9704.54,51.4734,7.39707,166.111,23.0729,321.662,1,21,-88,-9,2,52,53,18,27771140,262,1,289,13499,
468.627,9727.44,51.4736,7.39687,166.626,23.0771,321.713,1,21,-88,-9,2,52,53,18,27771140,262,1,289,13499,
469.608,9750.48,51.4738,7.39666,167.111,23.2476,321.72,1,22,-89,-9,2,51,51,18,27771140,262,1,289,13499,
470.617,9750.48,51.4719,7.39623,nan,23.4953,322.139,1,22,-89,-9,2,51,51,18,27771140,262,1,289,13499,
471.628,9750.48,51.4741,7.39624,167.815,23.1356,322.611,1,18,-87,-9,2,53,53,18,27771140,262,1,289,13499,
472.616,9773.49,51.4743,7.39604,168.052,22.8779,323.154,1,18,-87,-9,2,53,53,18,27771140,262,1,289,13499,
473.617,9796.45,51.4744,7.39584,168.277,23.0097,323.37,1,20,-84,-9,2,56,57,18,27771140,262,1,289,13499,
474.613,9819.72,51.4746,7.39564,168.493,23.2685,324.089,1,20,-84,-9,2,56,57,18,27771140,262,1,289,13499,
475.615,9843.15,51.4748,7.39545,168.821,23.5669,324.645,1,24,-84,-9,2,56,57,18,27771140,262,1,289,13499,
476.607,9866.52,51.4749,7.39525,169.3,23.7311,326.137,1,24,-84,-9,2,56,57,18,27771140,262,1,289,13499,
477.618,9890.95,51.4751,7.39506,169.754,23.9886,327.926,1,22,-81,-8,2,59,58,18,27771140,262,1,289,13499,
478.627,9915.01,51.4753,7.39488,170.292,24.21,329.945,1,22,-81,-8,2,59,58,18,27771140,262,1,289,13499,
479.631,9939.48,51.4755,7.3947,170.839,24.1946,330.182,1,22,-81,-8,2,59,58,18,27771140,262,1,289,13499,
480.613,9963.77,51.4757,7.39452,171.521,24.0808,330.627,1,25,-81,-8,2,59,59,18,27771140,262,1,289,13499,
481.626,9987.47,51.4759,7.39435,172.007,23.507,330.725,1,25,-81,-8,2,59,59,18,27771140,262,1,289,13499,
482.597,10010.7,51.4761,7.39419,172.478,23.2377,331.703,1,24,-79,-9,2,61,60,18,27771140,262,1,289,13499,
483.61,10033.3,51.4762,7.39403,172.847,22.6391,331.807,1,24,-79,-9,2,61,60,18,27771140,262,1,289,13499,
484.631,10055.2,51.4764,7.39389,173.012,22.024,332.639,1,22,-77,-9,2,63,63,18,27771140,262,1,289,13499,
485.596,10077.6,51.4766,7.39374,173.194,21.7756,333.228,1,22,-77,-9,2,63,63,18,27771140,262,1,289,13499,
486.614,10099.6,51.4768,7.39361,173.375,21.8916,334.256,1,26,-74,-9,2,66,63,18,27771140,262,1,289,13499,
487.617,10122,51.4769,7.39347,173.732,22.0521,335.432,1,26,-74,-9,2,66,63,18,27771140,262,1,289,13499,
488.603,10143.5,51.4771,7.39335,174.04,21.8305,337.479,1,15,-72,-8,2,68,63,18,27771140,262,1,289,13499,
489.624,10165.2,51.4773,7.39324,174.418,21.1722,339.605,1,15,-72,-8,2,68,63,18,27771140,262,1,289,13499,
490.619,10165.2,51.4719,7.39623,nan,20.3981,343.957,1,24,-75,-9,2,65,63,18,27771140,262,1,289,13499,
491.619,10165.2,51.4777,7.39308,175.203,19.4457,347.853,1,24,-75,-9,2,65,63,18,27771140,262,1,289,13499,
492.607,10184.1,51.4778,7.39304,175.613,19.1455,355.141,1,16,-82,-11,2,58,60,18,27771140,262,1,289,13499,
493.615,10202.6,51.478,7.39303,175.961,19.1287,357.81,1,16,-82,-11,2,58,60,18,27771140,262,1,289,13499,
494.605,10221.5,51.4782,7.39308,175.81,19.1827,10.9497,1,10,-81,-8,2,59,58,18,27771139,262,1,288,13499,
495.607,10240.8,51.4783,7.39314,175.95,19.2811,13.2158,1,10,-81,-8,2,59,58,18,27771139,262,1,288,13499,
496.612,10260.5,51.4785,7.39322,176.313,19.3029,16.5667,1,12,-81,-7,2,59,57,18,27771139,262,1,288,13499,
497.648,10280.4,51.4787,7.39337,176.728,19.1477,31.7366,1,12,-81,-7,2,59,57,18,27771139,262,1,288,13499,
498.612,10299.5,51.4788,7.39352,177.046,18.112,33.5453,1,17,-81,-6,2,59,56,18,27771139,262,1,288,13499,
499.621,10317.8,51.4789,7.39367,177.306,16.3019,33.1665,1,17,-81,-6,2,59,56,18,27771139,262,1,288,13499,
500.627,10333.3,51.4791,7.39379,177.301,15.0664,30.2936,1,16,-81,-6,2,59,57,18,27771139,262,1,288,13499,
501.623,10347.3,51.4792,7.39383,177.445,14.2176,12.5014,1,16,-81,-6,2,59,57,18,27771139,262,1,288,13499,
502.716,10361.4,51.4793,7.39384,177.916,14.0112,359.536,1,16,-81,-6,2,59,57,18,27771139,262,1,288,13499,
503.593,10375.9,51.4794,7.39383,178.57,14.8466,355.576,1,8,-82,-5,2,58,54,18,27771139,262,1,288,13499,
504.602,10389.8,51.4796,7.39376,179.112,14.8359,336.534,1,8,-82,-5,2,58,54,18,27771139,262,1,288,13499,
505.626,10405.4,51.4797,7.39367,180.164,15.2275,335.737,1,9,-90,-7,12,50,48,6,27771139,262,1,288,13499,
506.615,10419.9,51.4798,7.39358,181.095,14.6135,334.802,1,9,-90,-7,12,50,48,6,27771139,262,1,288,13499,
507.608,10432.8,51.4799,7.39349,181.658,12.8749,335.764,1,10,-86,-6,12,54,52,15,28365058,262,1,223,13499,
508.614,10444.7,51.48,7.39343,181.988,11.5754,338.409,1,10,-86,-6,12,54,52,15,28365058,262,1,223,13499,
509.62,10454.7,51.4801,7.39341,182.556,9.79399,357.103,1,30,-88,-7,14,52,49,15,28365058,262,1,223,13499,
510.598,10454.7,51.4814,7.40381,nan,9.56711,16.6908,1,30,-88,-7,14,52,49,15,28365058,262,1,223,13499,
511.608,10454.7,51.4802,7.39352,183.521,9.90277,38.2934,1,4,-84,-5,6,56,52,4,27771139,262,1,288,13499,
512.619,10465.6,51.4803,7.39364,183.835,11.0521,54.944,1,4,-84,-5,6,56,52,4,27771139,262,1,288,13499,
513.632,10477.7,51.4804,7.39377,184.576,12.2455,56.1082,1,22,-83,-5,15,57,54,4,27771139,262,1,288,13499,
514.61,10489.7,51.4804,7.39392,184.831,13.345,56.7991,1,22,-83,-5,15,57,54,4,27771139,262,1,288,13499,
515.616,10503,51.4805,7.39408,184.902,14.5024,57.6528,1,15,-83,-7,8,57,55,4,27771139,262,1,288,13499,
516.652,10517.8,51.4806,7.39426,184.822,15.5125,57.5405,1,15,-83,-7,8,57,55,4,27771139,262,1,288,13499,
517.608,10533.8,51.4807,7.39445,184.843,16.1901,58.1206,1,14,-80,-6,11,60,57,4,27771139,262,1,288,13499,
518.651,10549.8,51.4807,7.39465,184.862,16.4029,58.6701,1,14,-80,-6,11,60,57,4,27771139,262,1,288,13499,
519.616,10566.3,51.4808,7.39485,185.067,16.4326,59.4788,1,12,-83,-5,12,57,54,4,27771139,262,1,288,13499,
520.608,10583.4,51.4809,7.39507,185.068,16.5507,59.4353,1,12,-83,-5,12,57,54,4,27771139,262,1,288,13499,
521.62,10599.7,51.481,7.39527,185.12,16.7142,60.2243,1,11,-83,-5,9,57,53,4,27771139,262,1,288,13499,
522.608,10616.8,51.481,7.39549,185.212,16.9402,60.4815,1,11,-83,-5,9,57,53,4,27771139,262,1,288,13499,
523.601,10633.9,51.4811,7.3957,185.228,17.2645,60.1469,1,11,-83,-5,9,57,53,4,27771139,262,1,288,13499,
524.609,10651.4,51.4812,7.39592,185.345,17.6134,60.2559,1,9,-81,-5,10,59,55,4,27771139,262,1,288,13499,
525.645,10668.7,51.4813,7.39614,185.409,17.4777,60.0972,1,9,-81,-5,10,59,55,4,27771139,262,1,288,13499,
526.61,10686.1,51.4813,7.39635,185.488,17.267,60.0007,1,5,-85,-6,10,55,53,4,27771139,262,1,288,13499,
527.615,10703,51.4814,7.39657,185.754,17.0529,59.3798,1,5,-85,-6,10,55,53,4,27771139,262,1,288,13499,
528.645,10719.9,51.4815,7.39677,185.964,16.8939,59.0142,1,12,-84,-5,13,56,54,4,27771139,262,1,288,13499,
529.613,10736.7,51.4816,7.39698,186.155,16.6406,58.4309,1,12,-84,-5,13,56,54,4,27771139,262,1,288,13499,
530.606,10736.7,51.481,7.39483,nan,16.2839,57.5632,1,14,-81,-5,11,59,56,4,27771139,262,1,288,13499,
531.613,10736.7,51.4817,7.39737,186.099,15.908,56.7088,1,14,-81,-5,11,59,56,4,27771139,262,1,288,13499,
532.617,10751.9,51.4818,7.39755,186.118,15.4343,55.6207,1,20,-81,-4,14,59,56,4,27771139,262,1,288,13499,
533.624,10766.3,51.4819,7.39772,186.035,14.3136,54.4607,1,20,-81,-4,14,59,56,4,27771139,262,1,288,13499,
534.616,10779.9,51.482,7.39787,185.967,12.8497,53.0415,1,25,-77,-4,14,63,60,4,27771139,262,1,288,13499,
535.601,10792.7,51.482,7.39801,185.694,11.0756,51.9449,1,25,-77,-4,14,63,60,4,27771139,262,1,288,13499,
536.62,10803.6,51.4821,7.39813,185.385,9.8412,50.9198,1,22,-77,-4,14,63,58,4,27771139,262,1,288,13499,
537.616,10813,51.4822,7.39824,185.318,8.95504,50.0406,1,22,-77,-4,14,63,58,4,27771139,262,1,288,13499,
538.627,10821.8,51.4822,7.39833,185.336,8.14128,48.7655,1,19,-78,-5,11,62,57,4,27771139,262,1,288,13499,
539.63,10829.1,51.4823,7.3984,185.35,7.00399,47.4401,1,19,-78,-5,11,62,57,4,27771139,262,1,288,13499,
540.611,10835.6,51.4823,7.39847,185.335,6.01457,45.8915,1,19,-80,-5,12,60,55,4,27771139,262,1,288,13499,
541.626,10841.7,51.4823,7.39852,185.417,4.75993,44.69,1,19,-80,-5,12,60,55,4,27771139,262,1,288,13499,
542.619,10845.3,51.4824,7.39856,185.417,3.35246,43.1933,1,17,-82,-5,11,58,53,4,27771139,262,1,288,13499,
543.616,10847.3,51.4824,7.39857,185.418,1.25233,42.3578,1,17,-82,-5,11,58,53,4,27771139,262,1,288,13499,
544.591,10847.3,51.4824,7.39857,185.419,0,42.3578,1,29,-83,-5,11,57,52,4,27771139,262,1,288,13499,
545.613,10847.3,51.4824,7.39857,185.421,0,42.3578,1,29,-83,-5,11,57,52,4,27771139,262,1,288,13499,
546.629,10847.3,51.4824,7.39857,185.424,0,42.3578,1,16,-83,-5,11,57,52,4,27771139,262,1,288,13499,
547.596,10847.3,51.4824,7.39857,185.429,0,42.3578,1,16,-83,-5,11,57,52,4,27771139,262,1,288,13499,
548.596,10847.3,51.4824,7.39857,185.434,0,42.3578,1,16,-83,-5,11,57,52,4,27771139,262,1,288,13499,
549.604,10847.3,51.4824,7.39857,185.439,0,42.3578,1,16,-82,-5,12,58,53,4,27771139,262,1,288,13499,
550.605,10847.3,51.481,7.39483,nan,0,42.3578,1,16,-82,-5,12,58,53,4,27771139,262,1,288,13499,
551.627,10847.3,51.4824,7.39857,185.447,0,42.3578,1,17,-82,-6,11,58,53,4,27771139,262,1,288,13499,
552.623,10847.3,51.4824,7.39857,185.45,0,42.3578,1,17,-82,-6,11,58,53,4,27771139,262,1,288,13499,
553.615,10847.3,51.4824,7.39857,185.453,0,42.3578,1,14,-82,-6,10,58,52,4,27771139,262,1,288,13499,
554.618,10847.3,51.4824,7.39857,185.455,0,42.3578,1,14,-82,-6,10,58,52,4,27771139,262,1,288,13499,
555.615,10847.3,51.4824,7.39857,185.457,0,42.3578,1,18,-82,-6,11,58,52,4,27771139,262,1,288,13499,
556.621,10847.3,51.4824,7.39857,185.458,0,42.3578,1,18,-82,-6,11,58,52,4,27771139,262,1,288,13499,
557.609,10847.3,51.4824,7.39857,185.459,0,42.3578,1,16,-80,-5,2,60,52,4,27771139,262,1,288,13499,
558.64,10847.3,51.4824,7.39857,185.46,0,42.3578,1,16,-80,-5,2,60,52,4,27771139,262,1,288,13499,
559.604,10847.3,51.4824,7.39857,185.46,0,42.3578,1,16,-82,-5,12,58,52,10,27771139,262,1,288,13499,
560.617,10847.3,51.4824,7.39857,185.46,0,42.3578,1,16,-82,-5,12,58,52,10,27771139,262,1,288,13499,
561.622,10847.3,51.4824,7.39857,185.459,0,42.3578,1,16,-83,-5,12,57,52,10,27771139,262,1,288,13499,
562.619,10847.3,51.4824,7.39857,185.459,0,42.3578,1,16,-83,-5,12,57,52,10,27771139,262,1,288,13499,
563.607,10847.3,51.4824,7.39857,185.459,0,42.3578,1,13,-84,-6,11,56,50,10,27771139,262,1,288,13499,
564.6,10847.3,51.4824,7.39857,185.46,0,42.3578,1,13,-84,-6,11,56,50,10,27771139,262,1,288,13499,
565.63,10847.3,51.4824,7.39857,185.46,0,42.3578,1,16,-82,-5,12,58,52,10,27771139,262,1,288,13499,
566.626,10847.3,51.4824,7.39857,185.461,0,42.3578,1,16,-82,-5,12,58,52,10,27771139,262,1,288,13499,
567.621,10847.3,51.4824,7.39857,185.462,0,42.3578,1,16,-83,-5,12,57,52,10,27771139,262,1,288,13499,
568.596,10847.3,51.4824,7.39857,185.463,0,42.3578,1,16,-83,-5,12,57,52,10,27771139,262,1,288,13499,
569.608,10847.3,51.4824,7.39857,185.465,0,42.3578,1,17,-82,-6,12,58,52,10,27771139,262,1,288,13499,
570.616,10847.3,51.481,7.39483,nan,0,42.3578,1,17,-82,-6,12,58,52,10,27771139,262,1,288,13499,
571.626,10847.3,51.4824,7.39857,185.468,0,42.3578,1,16,-81,-6,12,59,50,10,27771139,262,1,288,13499,
572.606,10847.3,51.4824,7.39857,185.47,0,42.3578,1,16,-81,-6,12,59,50,10,27771139,262,1,288,13499,
573.633,10847.3,51.4824,7.39857,185.471,0,42.3578,1,15,-84,-5,12,56,50,10,27771139,262,1,288,13499,
574.614,10847.3,51.4824,7.39857,185.471,0,42.3578,1,15,-84,-5,12,56,50,10,27771139,262,1,288,13499,
575.643,10847.3,51.4824,7.39857,185.468,0,42.3578,1,15,-84,-5,12,56,50,10,27771139,262,1,288,13499,
576.615,10847.3,51.4824,7.39857,185.474,0,17.768,1,18,-83,-5,2,57,53,10,27771139,262,1,288,13499,
577.621,10854.8,51.4824,7.39863,185.747,0,37.9699,1,18,-83,-5,2,57,53,10,27771139,262,1,288,13499,
578.611,10863.1,51.4825,7.39871,186.196,8.62572,37.627,1,14,-86,-5,14,54,51,10,27771139,262,1,288,13499,
579.626,10873.2,51.4826,7.39879,186.563,9.81979,37.2443,1,14,-86,-5,14,54,51,10,27771139,262,1,288,13499,
580.62,10884.5,51.4827,7.39889,186.756,11.1646,36.5155,1,10,-87,-5,10,53,50,10,27771139,262,1,288,13499,
581.62,10896.5,51.4827,7.39899,186.549,12.09,35.8346,1,10,-87,-5,10,53,50,10,27771139,262,1,288,13499,
582.625,10909.3,51.4828,7.39909,186.442,13.143,35.4404,1,13,-84,-6,14,56,52,10,27771139,262,1,288,13499,
583.614,10922.1,51.4829,7.39919,186.401,14.0739,34.8044,1,13,-84,-6,14,56,52,10,27771139,262,1,288,13499,
584.616,10936,51.483,7.3993,186.359,15.0119,33.8541,1,14,-83,-4,10,57,53,10,27771139,262,1,288,13499,
585.655,10951,51.4832,7.39942,186.388,15.8018,33.6924,1,14,-83,-4,10,57,53,10,27771139,262,1,288,13499,
586.614,10967.5,51.4833,7.39955,186.753,16.3182,33.8337,1,15,-88,-6,10,52,49,10,27771139,262,1,288,13499,
587.615,10984.5,51.4834,7.39969,187.286,16.785,34.0085,1,15,-88,-6,10,52,49,10,27771139,262,1,288,13499,
588.608,11001.8,51.4835,7.39983,188.078,17.0744,34.23,1,13,-94,-7,9,46,44,10,27771139,262,1,288,13499,
589.618,11019,51.4837,7.39997,188.459,17.2622,35.0457,1,13,-94,-7,9,46,44,10,27771139,262,1,288,13499,
590.616,11019,51.4821,7.39726,nan,17.5135,35.3983,1,11,-95,-8,8,45,44,9,28365058,262,1,288,13499,
591.614,11019,51.4839,7.40027,189.421,17.3392,36.1087,1,11,-95,-8,8,45,44,9,28365058,262,1,288,13499,
592.603,11036.5,51.484,7.40042,189.923,17.5659,36.7849,1,12,-92,-6,14,48,45,9,28365058,262,1,223,13499,
593.606,11054.3,51.4842,7.40058,190.303,17.5519,37.593,1,12,-92,-6,14,48,45,9,28365058,262,1,223,13499,
594.606,11071.4,51.4843,7.40074,190.432,17.3652,38.4505,1,12,-92,-6,14,48,45,9,28365058,262,1,223,13499,
595.613,11089.3,51.4844,7.40091,190.242,17.2475,39.799,1,13,-93,-7,8,47,45,9,28365058,262,1,223,13499,
596.619,11106.4,51.4845,7.40107,189.983,17.0092,40.797,1,13,-93,-7,8,47,45,9,28365058,262,1,223,13499,
597.639,11123,51.4846,7.40123,189.808,16.8719,41.5782,1,11,-93,-6,8,47,44,9,28365058,262,1,223,13499,
598.618,11139.9,51.4847,7.4014,189.475,16.7497,42.5246,1,11,-93,-6,8,47,44,9,28365058,262,1,223,13499,
599.628,11156.2,51.4849,7.40156,189.296,16.7174,42.0764,1,10,-92,-6,12,48,44,9,28365058,262,1,223,13499,
600.573,11173.1,51.485,7.40173,189.096,16.948,41.9314,1,10,-92,-6,12,48,44,9,28365058,262,1,223,13499,
601.567,11173.1,51.485,7.40173,189.096,16.948,41.9314,1,10,-94,-6,7,46,43,9,28365058,262,1,223,13499,
602.58,11207.1,51.4852,7.40206,189.06,16.6593,43.548,1,10,-94,-6,7,46,43,9,28365058,262,1,223,13499,
603.567,11223.9,51.4853,7.40223,188.952,15.6584,44.9601,1,13,-90,-7,11,50,47,9,28365058,262,1,223,13499,
604.615,11238.8,51.4854,7.40239,189.006,14.1426,46.4999,1,13,-90,-7,11,50,47,9,28365058,262,1,223,13499,
605.624,11252.7,51.4855,7.40254,188.779,12.2823,47.4463,1,5,-94,-8,6,46,45,9,28365058,262,1,223,13499,
606.602,11263.1,51.4855,7.40265,188.556,9.56236,48.2177,1,5,-94,-8,6,46,45,9,28365058,262,1,223,13499,
607.617,11271.2,51.4856,7.40274,188.252,8.44787,45.3394,1,14,-95,-7,4,45,42,9,28365058,262,1,223,13499,
608.623,11277.9,51.4856,7.40278,187.935,7.6872,25.9821,1,14,-95,-7,4,45,42,9,28365058,262,1,223,13499,
609.619,11285.6,51.4857,7.40276,187.295,8.3691,349.882,1,8,-90,-6,6,50,48,16,29391105,262,1,351,13499,
610.64,11294,51.4858,7.40272,187.039,8.15009,330.24,1,8,-90,-6,6,50,48,16,29391105,262,1,351,13499,
611.627,11303.2,51.4858,7.40265,187.172,9.53908,326.502,1,1,-97,-8,6,43,42,7,28365058,262,1,223,13499,
612.619,11313.6,51.4859,7.40256,187.43,10.445,324.451,1,1,-97,-8,6,43,42,7,28365058,262,1,223,13499,
613.621,11325.4,51.486,7.40246,187.508,11.0956,324.489,1,5,-94,-7,6,46,42,4,26385409,262,1,93,13499,
614.614,11337,51.4861,7.40235,187.605,11.6225,324.955,1,5,-94,-7,6,46,42,4,26385409,262,1,93,13499,
615.654,11348.7,51.4862,7.40226,187.998,11.8142,326.412,1,11,-93,-7,13,47,45,4,26385409,262,1,93,13499,
616.617,11359.6,51.4863,7.40218,188.218,11.5928,327.527,1,11,-93,-7,13,47,45,4,26385409,262,1,93,13499,
617.643,11371.4,51.4864,7.40209,188.419,12.157,329.376,1,9,-91,-7,12,49,48,4,26385409,262,1,93,13499,
618.598,11383.8,51.4865,7.40201,188.187,12.6146,332.177,1,9,-91,-7,12,49,48,4,26385409,262,1,93,13499,
619.609,11397.5,51.4866,7.40193,187.752,13.2099,334.945,1,9,-89,-6,8,51,48,4,26385409,262,1,93,13499,
620.628,11410.1,51.4867,7.40187,187.528,12.8634,337.159,1,9,-89,-6,8,51,48,4,26385409,262,1,93,13499,
621.568,11423.2,51.4868,7.40181,187.032,13.2475,339.505,1,9,-89,-6,8,51,48,4,26385409,262,1,93,13499,
622.62,11436.3,51.4869,7.40177,186.434,13.3371,342.161,1,11,-90,-7,11,50,47,4,26385409,262,1,93,13499,
623.6,11449.7,51.487,7.40173,185.906,13.4015,344.863,1,11,-90,-7,11,50,47,4,26385409,262,1,93,13499,
624.609,11462.3,51.4871,7.40171,185.533,13.3671,347.508,1,15,-87,-6,14,53,50,4,26385409,262,1,93,13499,
625.601,11474.4,51.4872,7.40169,184.96,13.2798,349.944,1,15,-87,-6,14,53,50,4,26385409,262,1,93,13499,
626.622,11489.1,51.4874,7.40167,184.491,13.1754,352.218,1,21,-82,-5,15,58,55,4,26385409,262,1,93,13499,
627.623,11501.9,51.4875,7.40166,183.717,13.4321,354.974,1,21,-82,-5,15,58,55,4,26385409,262,1,93,13499,
628.615,11517.3,51.4876,7.40166,183.065,13.5716,356.897,1,24,-80,-5,14,60,57,4,26385409,262,1,93,13499,
629.615,11532.4,51.4878,7.40166,181.858,13.8504,357.883,1,24,-80,-5,14,60,57,4,26385409,262,1,93,13499,
630.619,11546.5,51.4879,7.40166,180.649,13.8515,358.591,1,16,-84,-5,11,56,53,4,26385409,262,1,93,13499,
631.616,11546.5,51.4854,7.39771,nan,13.5957,359.259,1,16,-84,-5,11,56,53,4,26385409,262,1,93,13499,
632.607,11546.5,51.4881,7.40169,178.714,13.348,359.841,1,21,-81,-6,14,59,56,4,26385409,262,1,93,13499,
633.601,11559.2,51.4882,7.4017,178.105,13.105,0.230065,1,21,-81,-6,14,59,56,4,26385409,262,1,93,13499,
634.625,11572.6,51.4883,7.40172,177.484,12.4339,0.822838,1,21,-74,-5,14,66,60,4,26385409,262,1,93,13499,
635.619,11584.5,51.4884,7.40173,176.83,11.8172,0.325701,1,21,-74,-5,14,66,60,4,26385409,262,1,93,13499,
636.631,11595,51.4885,7.40173,176.205,10.7598,359.838,1,14,-82,-6,14,58,55,4,26385409,262,1,93,13499,
637.631,11605.3,51.4886,7.40174,175.733,9.59319,359.531,1,14,-82,-6,14,58,55,4,26385409,262,1,93,13499,
638.627,11614.8,51.4887,7.40174,175.346,8.73218,358.934,1,10,-82,-6,12,58,55,4,26385409,262,1,93,13499,
639.629,11622.9,51.4888,7.40174,174.935,8.0323,359.586,1,10,-82,-6,12,58,55,4,26385409,262,1,93,13499,
640.625,11630.9,51.4889,7.40174,174.638,7.79304,359.115,1,7,-82,-8,12,58,58,4,26385409,262,1,93,13499,
641.641,11638.6,51.4889,7.40175,174.048,7.88741,359.635,1,7,-82,-8,12,58,58,4,26385409,262,1,93,13499,
642.597,11647.4,51.489,7.40175,173.688,8.16271,359.535,1,9,-80,-7,6,60,58,2,26385410,262,1,94,13499,
643.612,11654.7,51.4891,7.40175,173.281,6.74458,359.916,1,9,-80,-7,6,60,58,2,26385410,262,1,94,13499,
644.626,11659.6,51.4891,7.40176,173.163,4.5838,0.196337,1,22,-80,-7,15,60,57,2,26385410,262,1,94,13499,
645.617,11663.4,51.4892,7.40176,173.184,2.93587,1.15161,1,22,-80,-7,15,60,57,2,26385410,262,1,94,13499,
646.64,11665.7,51.4892,7.40176,173.201,1.58624,1.86371,1,30,-71,-5,15,69,63,2,26385410,262,1,94,13499,
647.621,11665.7,51.4892,7.40176,173.202,0,1.86371,1,30,-71,-5,15,69,63,2,26385410,262,1,94,13499,
648.633,11665.7,51.4892,7.40176,173.204,0,1.86371,1,30,-71,-5,15,69,63,2,26385410,262,1,94,13499,
649.615,11665.7,51.4892,7.40176,173.204,0,1.86371,1,31,-68,-4,15,72,63,2,26385410,262,1,94,13499,
650.604,11665.7,51.4892,7.40176,173.203,0,1.86371,1,31,-68,-4,15,72,63,2,26385410,262,1,94,13499,
651.619,11665.7,51.4892,7.40176,173.201,0,1.86371,1,30,-68,-4,15,72,63,2,26385410,262,1,94,13499,
652.615,11665.7,51.4892,7.40176,173.2,0,1.86371,1,30,-68,-4,15,72,63,2,26385410,262,1,94,13499,
653.599,11665.7,51.4892,7.40176,173.198,0,1.86371,1,31,-67,-5,15,73,63,2,26385410,262,1,94,13499,
654.613,11665.7,51.4892,7.40176,173.196,0,1.86371,1,31,-67,-5,15,73,63,2,26385410,262,1,94,13499,
655.61,11665.7,51.4892,7.40176,173.193,0,1.86371,1,30,-68,-4,15,72,63,2,26385410,262,1,94,13499,
656.65,11665.7,51.4892,7.40176,173.19,0,1.86371,1,30,-68,-4,15,72,63,2,26385410,262,1,94,13499,
657.624,11665.7,51.4892,7.40176,173.186,0,1.86371,1,31,-68,-5,15,72,63,2,26385410,262,1,94,13499,
658.642,11665.7,51.4892,7.40176,173.182,0,1.86371,1,31,-68,-5,15,72,63,2,26385410,262,1,94,13499,
659.612,11665.7,51.4892,7.40176,173.177,0,1.86371,1,31,-68,-4,15,72,63,2,26385410,262,1,94,13499,
660.648,11665.7,51.4892,7.40176,173.141,0,357.329,1,31,-68,-4,15,72,63,2,26385410,262,1,94,13499,
661.616,11670.7,51.4892,7.40176,173.102,0,358.597,1,29,-67,-4,15,73,63,2,26385410,262,1,94,13499,
662.616,11674.3,51.4893,7.40176,173.055,3.7689,359.335,1,29,-67,-4,15,73,63,2,26385410,262,1,94,13499,
663.625,11679.8,51.4893,7.40176,173.073,4.82905,0.222783,1,29,-67,-5,15,73,61,2,26385410,262,1,94,13499,
664.614,11685.9,51.4894,7.40179,173.363,5.94735,21.7413,1,29,-67,-5,15,73,61,2,26385410,262,1,94,13499,
665.616,11691.7,51.4894,7.40186,173.681,5.87803,52.8076,1,31,-73,-6,15,67,63,2,26385410,262,1,94,13499,
666.618,11697.5,51.4894,7.40194,174.023,7.25953,72.5953,1,31,-73,-6,15,67,63,2,26385410,262,1,94,13499,
667.596,11705.8,51.4894,7.40206,174.478,8.50311,86.035,1,31,-73,-6,15,67,63,2,26385410,262,1,94,13499,
668.61,11714.6,51.4894,7.40218,174.9,9.73715,87.9909,1,30,-71,-6,15,69,63,2,26385410,262,1,94,13499,
669.625,11724.4,51.4894,7.40233,175.627,10.5633,88.8094,1,30,-71,-6,15,69,63,2,26385410,262,1,94,13499,
670.611,11734.9,51.4894,7.40248,176.387,10.9369,89.5601,1,30,-71,-6,15,69,63,2,26385410,262,1,94,13499,
671.627,11745.1,51.4894,7.40262,177.224,11.4786,90.197,1,30,-71,-6,15,69,63,2,26385410,262,1,94,13499,
672.607,11756.3,51.4894,7.40279,177.604,11.9953,90.7256,1,17,-76,-6,15,64,61,2,26385410,262,1,94,13499,
673.636,11767.7,51.4894,7.40295,178.172,11.9498,91.5027,1,17,-76,-6,15,64,61,2,26385410,262,1,94,13499,
674.658,11779.9,51.4894,7.40313,178.718,11.3533,91.1203,1,27,-77,-6,15,63,61,2,26385410,262,1,94,13499,
675.616,11790.5,51.4894,7.40328,179.239,10.928,91.5629,1,27,-77,-6,15,63,61,2,26385410,262,1,94,13499,
676.612,11801.7,51.4894,7.40344,179.465,10.8316,91.0988,1,22,-71,-7,15,69,63,2,26385410,262,1,94,13499,
677.618,11812.8,51.4894,7.4036,180.082,10.1779,90.2276,1,22,-71,-7,15,69,63,2,26385410,262,1,94,13499,
678.594,11822.8,51.4894,7.40375,180.663,9.48998,90.6556,1,25,-71,-6,13,69,63,2,26385410,262,1,94,13499,
679.614,11831.7,51.4894,7.40388,181.101,8.91248,90.2423,1,25,-71,-6,13,69,63,2,26385410,262,1,94,13499,
680.622,11840.9,51.4894,7.40401,181.199,9.49494,87.3445,1,10,-70,-8,12,70,63,2,26385410,262,1,94,13499,
681.624,11851,51.4894,7.40415,181.219,10.6673,88.2013,1,10,-70,-8,12,70,63,2,26385410,262,1,94,13499,
682.6,11863.2,51.4894,7.40433,181.367,11.6129,90.0241,1,9,-76,-7,6,64,62,1,26385408,262,1,95,13499,
683.605,11874,51.4894,7.40449,181.275,12.1616,90.8456,1,9,-76,-7,6,64,62,1,26385408,262,1,95,13499,
684.603,11885.8,51.4894,7.40466,181.129,12.2834,91.3986,1,14,-72,-6,14,68,63,1,26385408,262,1,95,13499,
685.609,11897.8,51.4894,7.40483,181.178,12.1308,91.1098,1,14,-72,-6,14,68,63,1,26385408,262,1,95,13499,
686.613,11909.8,51.4894,7.405,181.357,12.0071,90.6316,1,16,-71,-6,12,69,63,1,26385408,262,1,95,13499,
687.619,11922.2,51.4894,7.40518,181.469,11.8462,89.6359,1,16,-71,-6,12,69,63,1,26385408,262,1,95,13499,
688.615,11934.1,51.4894,7.40536,181.521,11.9464,88.191,1,17,-73,-6,13,67,63,1,26385408,262,1,95,13499,
689.621,11946.3,51.4894,7.40553,181.596,12.1241,86.5862,1,17,-73,-6,13,67,63,1,26385408,262,1,95,13499,
690.601,11958.9,51.4894,7.40571,181.588,12.2482,85.0176,1,20,-75,-5,12,65,61,1,26385408,262,1,95,13499,
691.61,11970.1,51.4895,7.40587,181.252,12.3589,83.133,1,20,-75,-5,12,65,61,1,26385408,262,1,95,13499,
692.612,11982.6,51.4895,7.40605,180.832,12.2915,81.3285,1,22,-75,-6,13,65,62,1,26385408,262,1,95,13499,
693.637,11994.9,51.4895,7.40623,179.944,12.3272,79.4046,1,22,-75,-6,13,65,62,1,26385408,262,1,95,13499,
694.62,12006.7,51.4895,7.40639,179.299,12.3268,78.6522,1,22,-75,-6,13,65,62,1,26385408,262,1,95,13499,
695.607,12018.8,51.4895,7.40657,178.78,12.4669,78.6759,1,25,-74,-5,12,66,63,1,26385408,262,1,95,13499,
696.672,12031.4,51.4896,7.40674,178.367,12.6197,78.2855,1,25,-74,-5,12,66,63,1,26385408,262,1,95,13499,
697.614,12044.4,51.4896,7.40693,177.925,12.6289,77.7751,1,15,-72,-6,11,68,63,1,26385408,262,1,95,13499,
698.622,12057.2,51.4896,7.40711,177.697,12.7346,77.9081,1,15,-72,-6,11,68,63,1,26385408,262,1,95,13499,
699.605,12070.1,51.4896,7.40729,177.5,12.9084,77.9243,1,8,-70,-5,1,70,63,1,26385408,262,1,95,13499,
700.625,12083.5,51.4897,7.40748,177.308,13.1076,77.8109,1,8,-70,-5,1,70,63,1,26385408,262,1,95,13499,
701.608,12096.5,51.4897,7.40766,177.037,13.0127,78.2858,1,13,-73,-6,12,67,61,1,26385408,262,1,95,13499,
702.642,12110.1,51.4897,7.40785,176.917,12.9207,78.5593,1,13,-73,-6,12,67,61,1,26385408,262,1,95,13499,
703.603,12123.6,51.4897,7.40804,177.05,12.8936,78.0213,1,10,-73,-5,11,67,62,1,26385408,262,1,95,13499,
704.602,12135.7,51.4898,7.40821,176.832,12.8584,78.6854,1,10,-73,-5,11,67,62,1,26385408,262,1,95,13499,
705.612,12147,51.4898,7.40837,176.702,12.9667,78.2084,1,11,-76,-5,10,64,59,1,26385408,262,1,95,13499,
706.62,12161.2,51.4898,7.40857,176.347,13.0591,77.5024,1,11,-76,-5,10,64,59,1,26385408,262,1,95,13499,
707.62,12174.4,51.4898,7.40876,175.982,13.13,77.5967,1,10,-74,-5,11,66,58,1,26385408,262,1,95,13499,
708.635,12188,51.4899,7.40895,175.732,13.2145,77.2696,1,10,-74,-5,11,66,58,1,26385408,262,1,95,13499,
709.613,12200.5,51.4899,7.40913,175.543,13.2842,77.5031,1,18,-73,-6,11,67,61,1,26385408,262,1,95,13499,
710.621,12214.5,51.4899,7.40933,175.251,13.2795,76.7026,1,18,-73,-6,11,67,61,1,26385408,262,1,95,13499,
711.623,12228.1,51.4899,7.40952,175.062,13.2953,77.5067,1,17,-75,-5,11,65,58,1,26385408,262,1,95,13499,
712.606,12241.8,51.49,7.40971,174.932,13.2554,78.2913,1,17,-75,-5,11,65,58,1,26385408,262,1,95,13499,
713.605,12255,51.49,7.4099,174.728,13.4191,77.7002,1,19,-77,-5,13,63,59,1,26385408,262,1,95,13499,
714.601,12268.6,51.49,7.41009,173.858,13.541,78.6936,1,19,-77,-5,13,63,59,1,26385408,262,1,95,13499,
715.601,12282.7,51.49,7.41029,173.08,13.4876,78.5329,1,24,-74,-5,15,66,63,1,26385408,262,1,95,13499,
716.614,12296.4,51.4901,7.41049,172.211,13.4196,78.01,1,24,-74,-5,15,66,63,1,26385408,262,1,95,13499,
717.626,12309.7,51.4901,7.41067,171.611,13.4073,77.9303,1,12,-83,-5,12,57,54,1,26385408,262,1,95,13499,
718.635,12323.3,51.4901,7.41086,171.474,13.5545,78.0762,1,12,-83,-5,12,57,54,1,26385408,262,1,95,13499,
719.626,12337.2,51.4901,7.41106,171.4,13.5999,78.1208,1,8,-85,-5,10,55,51,1,26385408,262,1,95,13499,
720.604,12351.9,51.4902,7.41126,171.5,13.3899,77.7454,1,8,-85,-5,10,55,51,1,26385408,262,1,95,13499,
721.618,12363.9,51.4902,7.41143,171.203,12.1472,77.3303,1,11,-86,-6,10,54,50,1,26385408,262,1,95,13499,
722.567,12375.4,51.4902,7.4116,170.481,11.4186,77.3474,1,11,-86,-6,10,54,50,1,26385408,262,1,95,13499,
723.619,12385.2,51.4902,7.41174,169.619,10.664,77.0573,1,11,-86,-6,10,54,50,1,26385408,262,1,95,13499,
724.623,12394.2,51.4903,7.41187,168.766,9.00477,76.2965,1,11,-89,-6,11,51,49,1,26385408,262,1,95,13499,
725.613,12402.3,51.4903,7.41198,167.95,7.36808,76.8081,1,11,-89,-6,11,51,49,1,26385408,262,1,95,13499,
726.605,12408.8,51.4903,7.41207,167.355,5.58008,78.8178,1,14,-89,-6,11,51,47,1,26385408,262,1,95,13499,
727.608,12412.7,51.4903,7.41213,167.32,3.99054,97.0956,1,14,-89,-6,11,51,47,1,26385408,262,1,95,13499,
728.635,12417.4,51.4903,7.41219,167.31,3.23308,123.3,1,8,-88,-6,4,52,48,1,26385408,262,1,95,13499,
729.63,12421.9,51.4902,7.41219,167.199,4.57117,185.158,1,8,-88,-6,4,52,48,1,26385408,262,1,95,13499,
730.624,12426.9,51.4902,7.41215,167.143,4.2744,230.332,1,12,-88,-5,11,52,47,1,26385408,262,1,95,13499,
731.613,12432.2,51.4902,7.41208,166.643,4.41679,264.064,1,12,-88,-5,11,52,47,1,26385408,262,1,95,13499,
732.623,12437.4,51.4901,7.41202,166.606,3.49438,237.87,1,12,-89,-6,12,51,49,1,26385408,262,1,95,13499,
733.621,12442.5,51.4901,7.41199,166.586,5.1733,188.111,1,12,-89,-6,12,51,49,1,26385408,262,1,95,13499,
734.628,12448.2,51.49,7.41199,166.675,4.71955,185.778,1,12,-89,-6,15,51,46,1,26385408,262,1,95,13499,
735.613,12452.7,51.49,7.41201,166.679,3.0598,153.9,1,12,-89,-6,15,51,46,1,26385408,262,1,95,13499,
736.626,12455.9,51.49,7.41205,166.659,2.12101,113.387,1,19,-90,-6,1,50,47,1,26385408,262,1,95,13499,
737.619,12458.5,51.49,7.41208,166.626,1.75745,114.27,1,19,-90,-6,1,50,47,1,26385408,262,1,95,13499,
738.612,12460.2,51.49,7.4121,166.585,1.63107,114.27,1,11,-89,-6,15,51,47,1,26385408,262,1,95,13499,
739.616,12461.8,51.49,7.41212,166.512,1.4905,114.27,1,11,-89,-6,15,51,47,1,26385408,262,1,95,13499,
740.634,12463.9,51.49,7.41215,166.438,1.29216,73.3059,1,12,-85,-6,10,55,53,1,26385408,262,1,95,13499,
741.597,12465.5,51.49,7.41216,166.381,1.24936,73.3059,1,12,-85,-6,10,55,53,1,26385408,262,1,95,13499,
742.633,12466.6,51.49,7.41218,166.334,1.13395,76.4494,1,12,-85,-6,10,55,53,1,26385408,262,1,95,13499,
743.617,12467.6,51.49,7.41219,166.298,0.401708,76.4494,1,5,-90,-8,15,50,48,1,26385408,262,1,95,13499,
744.614,12468,51.49,7.4122,166.28,0.337977,76.4494,1,5,-90,-8,15,50,48,1,26385408,262,1,95,13499,
745.617,12468,51.49,7.4122,166.28,0,76.4494,1,23,-89,-7,15,51,50,1,26385408,262,1,95,13499,
746.632,12468,51.49,7.4122,166.28,0,76.4494,1,23,-89,-7,15,51,50,1,26385408,262,1,95,13499,
747.613,12468,51.49,7.4122,166.278,0,76.4494,1,11,-87,-7,2,53,51,7,26385408,262,1,95,13499,
748.617,12468,51.49,7.4122,166.277,0,76.4494,1,11,-87,-7,2,53,51,7,26385408,262,1,95,13499,
749.61,12468,51.49,7.4122,166.279,0,76.4494,1,10,-89,-7,2,51,49,7,26385408,262,1,95,13499,
750.615,12468,51.49,7.4122,166.283,0,76.4494,1,10,-89,-7,2,51,49,7,26385408,262,1,95,13499,
