0.261,0,51.4903,7.41245,168.632,3.75747,79.123,1,13,-92,-7,2,48,46,6,26385408,262,1,95,13499,
1.4,10.5388,51.4904,7.4126,167.581,4.18936,77.4963,1,14,-91,-6,10,49,48,7,26385408,262,1,95,13499,
2.385,23.24,51.4904,7.41278,166.396,10.9602,80.5202,1,14,-91,-6,10,49,48,7,26385408,262,1,95,13499,
3.375,36.5918,51.4904,7.41297,165.321,11.7939,80.1379,1,14,-85,-5,12,55,51,7,26385408,262,1,95,13499,
4.385,49.5532,51.4904,7.41315,164.619,12.4027,79.347,1,14,-85,-5,12,55,51,7,26385408,262,1,95,13499,
5.39,60.7394,51.4904,7.41331,164.056,12.4031,80.1856,1,12,-89,-6,10,51,49,7,26385408,262,1,95,13499,
6.407,74.1994,51.4905,7.4135,163.694,12.4178,79.4412,1,12,-89,-6,10,51,49,7,26385408,262,1,95,13499,
7.391,85.6217,51.4905,7.41367,162.896,12.3988,79.1607,1,12,-89,-6,10,51,49,7,26385408,262,1,95,13499,
8.391,98.1961,51.4905,7.41385,162.211,12.5277,78.7211,1,2,-90,-7,11,50,49,7,26385408,262,1,95,13499,
9.387,109.658,51.4905,7.41401,161.193,12.827,78.7217,1,2,-90,-7,11,50,49,7,26385408,262,1,95,13499,
10.372,123.85,51.4905,7.41421,160.798,13.1878,78.9337,1,15,-85,-7,11,55,54,7,26385408,262,1,95,13499,
11.376,136.538,51.4906,7.41439,160.295,13.2407,78.8547,1,15,-85,-7,11,55,54,7,26385408,262,1,95,13499,
12.371,148.96,51.4906,7.41457,159.63,13.1057,79.133,1,18,-82,-6,13,58,55,7,26385408,262,1,95,13499,
13.385,161.761,51.4906,7.41475,158.939,13.0116,79.1782,1,18,-82,-6,13,58,55,7,26385408,262,1,95,13499,
14.399,174.079,51.4906,7.41493,158.27,12.6695,79.5414,1,14,-86,-7,14,54,52,7,26385408,262,1,95,13499,
15.385,187.476,51.4906,7.41512,157.745,12.7142,80.681,1,14,-86,-7,14,54,52,7,26385408,262,1,95,13499,
16.379,200.234,51.4907,7.4153,157.07,12.5856,81.9336,1,4,-86,-8,12,54,54,7,26385408,262,1,95,13499,
17.392,212.203,51.4907,7.41547,156.353,12.2354,83.5386,1,4,-86,-8,12,54,54,7,26385408,262,1,95,13499,
18.386,223.811,51.4907,7.41564,155.236,12.171,85.4306,1,21,-83,-6,15,57,54,4,29391105,262,1,351,13499,
19.372,235.954,51.4907,7.41581,154.122,12.1429,88.0134,1,21,-83,-6,15,57,54,4,29391105,262,1,351,13499,
20.371,248.583,51.4907,7.416,153.49,12.2044,90.2105,1,19,-81,-6,12,59,55,4,29391105,262,1,351,13499,
21.411,261.612,51.4907,7.41618,153.205,12.5133,92.2676,1,19,-81,-6,12,59,55,4,29391105,262,1,351,13499,
22.382,274.07,51.4907,7.41636,153.218,12.7881,94.5467,1,15,-81,-6,14,59,56,4,29391105,262,1,351,13499,
23.386,286.758,51.4906,7.41654,153.118,13.2002,97.2999,1,15,-81,-6,14,59,56,4,29391105,262,1,351,13499,
24.386,299.932,51.4906,7.41673,153.753,11.7849,98.7852,1,23,-81,-5,12,59,55,4,29391105,262,1,351,13499,
25.384,310.656,51.4906,7.41688,154.3,9.48408,99.5317,1,23,-81,-5,12,59,55,4,29391105,262,1,351,13499,
26.366,319.914,51.4906,7.41702,154.966,7.74804,98.0376,1,25,-75,-6,15,65,63,4,29391105,262,1,351,13499,
27.38,328.023,51.4906,7.41713,155.362,5.90142,80.0819,1,25,-75,-6,15,65,63,4,29391105,262,1,351,13499,
28.397,332.207,51.4906,7.41718,155.74,4.64733,48.4244,1,10,-85,-6,10,55,51,4,29391105,262,1,351,13499,
29.371,335.578,51.4906,7.41721,155.792,3.70875,31.3726,1,10,-85,-6,10,55,51,4,29391105,262,1,351,13499,
30.379,338.231,51.4907,7.4172,155.816,4.13753,10.9932,1,10,-85,-6,10,55,51,4,29391105,262,1,351,13499,
31.412,342.075,51.4907,7.41719,155.881,5.53256,355.805,1,21,-88,-7,15,52,50,4,29391105,262,1,351,13499,
32.369,348.335,51.4908,7.41719,156.198,7.40409,353.717,1,21,-88,-7,15,52,50,4,29391105,262,1,351,13499,
33.378,354.416,51.4908,7.41717,156.349,7.41269,352.54,1,15,-91,-7,10,49,47,4,29391105,262,1,351,13499,
34.387,361.956,51.4909,7.41718,156.079,6.38829,15.7344,1,15,-91,-7,10,49,47,4,29391105,262,1,351,13499,
35.374,366.541,51.4909,7.41723,155.903,6.78588,60.8645,1,13,-89,-6,9,51,48,4,29391105,262,1,351,13499,
36.362,371.544,51.4909,7.4173,155.219,7.93811,90.2666,1,13,-89,-6,9,51,48,4,29391105,262,1,351,13499,
37.386,380.848,51.4909,7.41744,154.789,8.23909,91.5429,1,4,-94,-8,11,46,45,4,29391105,262,1,351,13499,
38.396,390.28,51.4909,7.41757,154.526,8.92948,91.2056,1,4,-94,-8,11,46,45,4,29391105,262,1,351,13499,
39.387,400.072,51.4909,7.41772,154.375,9.2784,91.5592,1,11,-97,-7,2,43,41,4,29391105,262,1,351,13499,
40.409,410.386,51.4909,7.41786,154.303,10.1282,92.605,1,11,-97,-7,2,43,41,4,29391105,262,1,351,13499,
41.38,420.823,51.4909,7.41801,154.29,10.3214,93.377,1,17,-96,-8,2,44,44,4,29391105,262,1,351,13499,
42.389,431.314,51.4909,7.41816,154.067,10.8343,95.2655,1,17,-96,-8,2,44,44,4,29391105,262,1,351,13499,
43.382,442.709,51.4909,7.41833,153.7,10.9905,97.9188,1,16,-94,-7,2,46,44,4,29391105,262,1,351,13499,
44.391,453.324,51.4908,7.41847,153.306,11.3054,112.054,1,16,-94,-7,2,46,44,4,29391105,262,1,351,13499,
45.426,467.122,51.4908,7.41865,152.797,11.7358,115.322,1,11,-94,-7,2,46,45,4,29391105,262,1,351,13499,
46.4,478.323,51.4907,7.41877,152.414,11.445,128.026,1,11,-94,-7,2,46,45,4,29391105,262,1,351,13499,
47.385,489.788,51.4906,7.4189,152.626,11.2223,129.609,1,11,-100,-7,13,40,39,7,29391105,262,1,351,13499,
48.385,500.656,51.4906,7.41901,152.885,11.6132,131.843,1,11,-100,-7,13,40,39,7,29391105,262,1,351,13499,
49.405,513.569,51.4905,7.41913,152.581,10.8494,133.656,1,5,-104,-8,11,36,35,7,29391105,262,1,351,13499,
50.367,523.168,51.4904,7.41922,151.542,9.81586,134.871,1,5,-104,-8,11,36,35,7,29391105,262,1,351,13499,
51.381,532.229,51.4903,7.41931,150.363,9.43966,135.615,1,7,-104,-9,12,36,37,7,29391105,262,1,351,13499,
52.392,541.258,51.4903,7.41939,149.74,9.30836,136.138,1,7,-104,-9,12,36,37,7,29391105,262,1,351,13499,
53.372,549.828,51.4902,7.41947,148.967,8.99707,136.583,1,-3,-104,-8,10,36,35,7,29391105,262,1,351,13499,
54.375,558.571,51.4902,7.41956,148.261,8.72777,137.484,1,-3,-104,-8,10,36,35,7,29391105,262,1,351,13499,
55.394,567.824,51.4901,7.41964,147.738,8.43218,138.302,1,6,-104,-11,9,36,38,7,29391105,262,1,351,13499,
56.38,575.922,51.49,7.41972,147.204,7.38863,137.925,1,6,-104,-11,9,36,38,7,29391105,262,1,351,13499,
57.37,582.634,51.49,7.41978,146.745,6.89976,138.499,1,6,-104,-11,9,36,38,7,29391105,262,1,351,13499,
58.384,588.278,51.49,7.41984,146.188,6.6917,139.014,1,4,-103,-14,7,37,42,7,29391105,262,1,351,13499,
59.385,594.997,51.4899,7.4199,145.499,6.73029,139.369,1,4,-103,-14,7,37,42,7,29391105,262,1,351,13499,
60.399,601.407,51.4899,7.41995,144.514,6.59556,140.036,1,9,-99,-12,12,41,45,7,29391105,262,1,351,13499,
61.367,608.063,51.4898,7.42001,143.877,6.53917,139.783,1,9,-99,-12,12,41,45,7,29391105,262,1,351,13499,
62.372,614.917,51.4898,7.42007,143.715,6.69242,141.485,1,8,-97,-7,14,43,41,7,29391105,262,1,351,13499,
63.377,621.322,51.4897,7.42012,143.767,6.6385,142.794,1,8,-97,-7,14,43,41,7,29391105,262,1,351,13499,
64.41,627.025,51.4897,7.42017,143.966,6.52784,143.74,1,7,-102,-7,2,38,33,7,29391105,262,1,351,13499,
65.384,632.432,51.4896,7.42021,143.988,6.16395,142.669,1,7,-102,-7,2,38,33,7,29391105,262,1,351,13499,
66.387,639.566,51.4896,7.42027,143.655,5.91484,144.34,1,9,-100,-9,2,40,40,7,28365056,262,1,222,13499,
67.372,645.481,51.4895,7.42032,143.565,6.15348,143.636,1,9,-100,-9,2,40,40,7,28365056,262,1,222,13499,
68.398,651.671,51.4895,7.42037,143.576,6.35499,142.744,1,13,-101,-8,2,39,39,7,28365056,262,1,222,13499,
69.386,658.746,51.4895,7.42043,143.362,6.38902,141.411,1,13,-101,-8,2,39,39,7,28365056,262,1,222,13499,
70.369,665.486,51.4894,7.4205,143.075,6.28334,138.538,1,12,-100,-8,2,40,39,7,28365056,262,1,222,13499,
71.394,671.323,51.4894,7.42057,142.873,4.97143,116.302,1,12,-100,-8,2,40,39,7,28365056,262,1,222,13499,
72.399,677.144,51.4894,7.42065,142.66,4.55627,114.017,1,8,-101,-7,2,39,38,7,28365056,262,1,222,13499,
73.436,681.906,51.4893,7.42072,142.674,3.33373,111.495,1,8,-101,-7,2,39,38,7,28365056,262,1,222,13499,
74.379,686.072,51.4893,7.42077,142.696,3.15377,109.316,1,11,-104,-8,7,36,35,13,28365056,262,1,222,13499,
75.388,689.439,51.4893,7.42082,142.71,3.20578,107.063,1,11,-104,-8,7,36,35,13,28365056,262,1,222,13499,
76.396,692.051,51.4893,7.42086,142.719,3.87512,105.197,1,8,-104,-8,9,36,36,13,28365056,262,1,222,13499,
77.398,695.474,51.4893,7.4209,142.758,3.76527,104.726,1,8,-104,-8,9,36,36,13,28365056,262,1,222,13499,
78.394,698.993,51.4893,7.42095,142.788,3.55818,108.679,1,5,-104,-8,6,36,35,13,28365056,262,1,222,13499,
79.383,702.501,51.4893,7.42098,142.816,3.95016,151.415,1,5,-104,-8,6,36,35,13,28365056,262,1,222,13499,
80.39,706.918,51.4892,7.42099,142.817,3.67797,175.882,1,-1,-103,-9,6,37,38,13,28365056,262,1,222,13499,
81.388,713.889,51.4892,7.42096,142.898,6.42838,199.145,1,-1,-103,-9,6,37,38,13,28365056,262,1,222,13499,
82.386,721.423,51.4891,7.42093,143.115,6.63952,196.799,1,5,-101,-8,8,39,39,13,28365056,262,1,222,13499,
83.391,728.034,51.4891,7.4209,142.67,6.47197,195.456,1,5,-101,-8,8,39,39,13,28365056,262,1,222,13499,
84.412,733.261,51.489,7.42087,142.139,6.36878,195.1,1,2,-97,-7,9,43,42,13,28365056,262,1,222,13499,
85.395,739.58,51.489,7.42085,141.747,6.23768,194.248,1,2,-97,-7,9,43,42,13,28365056,262,1,222,13499,
86.386,745.77,51.4889,7.42083,141.108,4.97746,193.152,1,2,-97,-7,9,43,42,13,28365056,262,1,222,13499,
87.39,753.172,51.4888,7.4208,141.115,4.84623,193.867,1,2,-95,-7,10,45,44,13,28365056,262,1,222,13499,
88.377,757.7,51.4888,7.42078,141.031,4.16353,194.26,1,2,-95,-7,10,45,44,13,28365056,262,1,222,13499,
89.392,761.699,51.4888,7.42077,141.015,4.18941,196.351,1,9,-88,-7,6,52,49,8,29391105,262,1,351,13499,
90.395,766.85,51.4887,7.42075,141.029,3.93459,197.062,1,9,-88,-7,6,52,49,8,29391105,262,1,351,13499,
91.391,771.473,51.4887,7.42073,141.052,3.37364,198.049,1,12,-88,-7,15,52,50,8,29391105,262,1,351,13499,
92.379,775.502,51.4886,7.42071,141.116,3.62292,199.006,1,12,-88,-7,15,52,50,8,29391105,262,1,351,13499,
93.366,780.147,51.4886,7.4207,141.187,3.70506,195.75,1,16,-87,-6,10,53,51,8,29391105,262,1,351,13499,
94.384,784.585,51.4886,7.42071,141.298,3.4932,161.544,1,16,-87,-6,10,53,51,8,29391105,262,1,351,13499,
95.412,789.489,51.4885,7.42077,142.354,5.33132,117.705,1,14,-90,-6,9,50,47,8,29391105,262,1,351,13499,
96.393,796.064,51.4885,7.42087,143.374,5.97615,101.055,1,14,-90,-6,9,50,47,8,29391105,262,1,351,13499,
97.384,801.394,51.4885,7.42094,144.132,5.91138,97.422,1,12,-92,-6,15,48,46,8,29391105,262,1,351,13499,
98.365,807.579,51.4885,7.42103,144.837,6.94676,95.7657,1,12,-92,-6,15,48,46,8,29391105,262,1,351,13499,
99.42,815.228,51.4885,7.42114,145.326,7.08008,96.6891,1,5,-91,-6,12,49,47,8,29391105,262,1,351,13499,
100.382,823.12,51.4885,7.42125,145.294,7.29676,110.245,1,5,-91,-6,12,49,47,8,29391105,262,1,351,13499,
101.37,831.251,51.4885,7.42135,145.502,7.04771,125.733,1,5,-93,-6,11,47,45,8,29391105,262,1,351,13499,
102.378,838.341,51.4884,7.42143,146.007,7.42082,127.696,1,5,-93,-6,11,47,45,8,29391105,262,1,351,13499,
103.376,845.723,51.4884,7.42152,146.566,7.39007,129.203,1,9,-95,-6,13,45,43,8,29391105,262,1,351,13499,
104.376,851.911,51.4883,7.42158,146.797,7.63369,129.586,1,9,-95,-6,13,45,43,8,29391105,262,1,351,13499,
105.393,859.246,51.4883,7.42166,147.247,7.54813,130.093,1,11,-95,-7,10,45,44,8,29391105,262,1,351,13499,
106.377,866.113,51.4883,7.42174,147.322,7.49216,130.04,1,11,-95,-7,10,45,44,8,29391105,262,1,351,13499,
107.414,873.111,51.4882,7.42182,147.389,7.36992,128.851,1,7,-94,-6,10,46,43,8,29391105,262,1,351,13499,
108.389,881.728,51.4882,7.42193,147.299,6.80055,127.804,1,7,-94,-6,10,46,43,8,29391105,262,1,351,13499,
109.382,890.841,51.4881,7.42203,146.647,7.14588,124.746,1,12,-97,-7,12,43,41,8,29391105,262,1,351,13499,
110.378,898.612,51.4881,7.42214,146.326,7.60725,109.421,1,12,-97,-7,12,43,41,8,29391105,262,1,351,13499,
111.377,905.647,51.4881,7.42223,145.975,7.67226,108.044,1,10,-97,-6,9,43,41,8,29391105,262,1,351,13499,
112.432,913.03,51.4881,7.42234,145.86,7.6419,106.635,1,10,-97,-6,9,43,41,8,29391105,262,1,351,13499,
113.384,920.482,51.4881,7.42244,145.851,7.47526,106.184,1,16,-97,-7,15,43,41,8,29391105,262,1,351,13499,
114.389,927.74,51.488,7.42254,145.844,7.40819,105.083,1,16,-97,-7,15,43,41,8,29391105,262,1,351,13499,
115.402,935.201,51.488,7.42264,145.862,7.68156,104.524,1,4,-101,-7,9,39,36,8,29391105,262,1,351,13499,
116.392,943.13,51.488,7.42276,145.643,7.76152,105.301,1,4,-101,-7,9,39,36,8,29391105,262,1,351,13499,
117.392,951.177,51.488,7.42287,145.021,8.26123,105.841,1,4,-101,-7,9,39,36,8,29391105,262,1,351,13499,
118.393,959.438,51.488,7.42298,144.681,8.7228,105.267,1,5,-99,-8,6,41,40,13,28365056,262,1,222,13499,
119.416,968.458,51.4879,7.42311,144.543,9.18105,105.156,1,5,-99,-8,6,41,40,13,28365056,262,1,222,13499,
120.379,977.513,51.4879,7.42323,144.441,9.10014,106.211,1,10,-96,-7,12,44,43,13,28365056,262,1,222,13499,
121.377,985.938,51.4879,7.42335,144.819,8.45111,106.053,1,10,-96,-7,12,44,43,13,28365056,262,1,222,13499,
122.393,994.478,51.4879,7.42347,145.785,8.34482,108.184,1,6,-94,-8,11,46,45,13,28365056,262,1,222,13499,
123.381,1002.96,51.4878,7.42358,146.636,7.93133,122.486,1,6,-94,-8,11,46,45,13,28365056,262,1,222,13499,
124.368,1011.46,51.4878,7.42368,147.036,8.00966,124.46,1,10,-94,-8,11,46,46,13,28365056,262,1,222,13499,
125.384,1018.96,51.4878,7.42377,147.548,6.42151,126.873,1,10,-94,-8,11,46,46,13,28365056,262,1,222,13499,
126.377,1027.44,51.4877,7.42386,146.795,6.24661,130.612,1,7,-93,-9,12,47,47,13,28365056,262,1,222,13499,
127.365,1035.58,51.4877,7.42394,146.338,6.93333,144.174,1,7,-93,-9,12,47,47,13,28365056,262,1,222,13499,
128.378,1042.74,51.4876,7.424,145.589,8.16267,143.533,1,7,-92,-7,11,48,47,13,28365056,262,1,222,13499,
129.391,1050.83,51.4875,7.42407,145.003,8.52927,144.219,1,7,-92,-7,11,48,47,13,28365056,262,1,222,13499,
130.377,1060.2,51.4875,7.42415,144.155,8.65796,145.058,1,4,-93,-8,8,47,46,13,28365056,262,1,222,13499,
131.407,1069.87,51.4874,7.42423,142.923,8.34851,145.643,1,4,-93,-8,8,47,46,13,28365056,262,1,222,13499,
132.377,1078.15,51.4873,7.42429,142.204,8.84402,146.181,1,10,-94,-10,2,46,45,13,28365056,262,1,222,13499,
133.394,1086.46,51.4873,7.42436,141.484,8.9228,145.005,1,10,-94,-10,2,46,45,13,28365056,262,1,222,13499,
134.386,1095.58,51.4872,7.42444,140.468,9.21382,143.343,1,3,-94,-7,2,46,45,13,28365056,262,1,222,13499,
135.401,1105.61,51.4871,7.42453,140.327,9.45158,141.31,1,3,-94,-7,2,46,45,13,28365056,262,1,222,13499,
136.392,1115.37,51.4871,7.42463,140.063,9.8451,139.172,1,2,-95,-9,2,45,46,13,28365056,262,1,222,13499,
137.39,1124.82,51.487,7.42472,139.436,9.79423,136.518,1,2,-95,-9,2,45,46,13,28365056,262,1,222,13499,
138.397,1133.55,51.487,7.42482,138.137,8.86306,133.85,1,2,-95,-9,2,45,46,13,28365056,262,1,222,13499,
139.378,1142.21,51.4869,7.42491,137.328,8.44785,132.636,1,11,-93,-9,2,47,48,13,28367106,262,1,103,13499,
140.396,1152.15,51.4869,7.42502,136.317,8.83232,131.942,1,11,-93,-9,2,47,48,13,28367106,262,1,103,13499,
141.386,1162.67,51.4868,7.42514,135.338,8.406,131.475,1,13,-93,-9,2,47,48,13,28367106,262,1,103,13499,
142.388,1171.72,51.4867,7.42524,134.217,8.91543,130.965,1,13,-93,-9,2,47,48,13,28367106,262,1,103,13499,
143.387,1181.05,51.4867,7.42535,133.268,9.27122,130.121,1,19,-93,-9,2,47,47,13,28367106,262,1,103,13499,
144.376,1190.45,51.4866,7.42545,132.657,8.72675,130.318,1,19,-93,-9,2,47,47,13,28367106,262,1,103,13499,
145.377,1200.11,51.4866,7.42556,132.193,8.68222,130.709,1,17,-92,-9,2,48,49,13,28367106,262,1,103,13499,
146.397,1208.62,51.4865,7.42566,131.586,9.11054,131.536,1,17,-92,-9,2,48,49,13,28367106,262,1,103,13499,
147.387,1217.5,51.4865,7.42575,130.995,9.40993,133.349,1,14,-88,-8,2,52,51,13,28367106,262,1,103,13499,
148.395,1226.77,51.4864,7.42584,131.267,9.24469,136.441,1,14,-88,-8,2,52,51,13,28367106,262,1,103,13499,
149.386,1236.36,51.4864,7.42593,130.37,9.50502,137.712,1,22,-87,-7,2,53,52,13,28367106,262,1,103,13499,
150.378,1246.44,51.4863,7.42603,129.974,10.0016,138.836,1,22,-87,-7,2,53,52,13,28367106,262,1,103,13499,
151.39,1255.95,51.4862,7.42612,130.006,9.94635,139.251,1,24,-86,-7,2,54,52,13,28367106,262,1,103,13499,
152.384,1266.68,51.4861,7.42621,129.729,9.77952,137.956,1,24,-86,-7,2,54,52,13,28367106,262,1,103,13499,
153.391,1276.73,51.4861,7.42631,129.387,9.679,135.956,1,18,-83,-6,2,57,54,13,28367106,262,1,103,13499,
154.388,1286.17,51.486,7.4264,129.238,9.4929,133.604,1,18,-83,-6,2,57,54,13,28367106,262,1,103,13499,
155.392,1295.32,51.486,7.42651,129.081,9.20402,131.046,1,23,-83,-6,2,57,54,13,28367106,262,1,103,13499,
156.397,1304.87,51.4859,7.42662,129.01,8.8016,128.47,1,23,-83,-6,2,57,54,13,28367106,262,1,103,13499,
157.387,1313.17,51.4859,7.42672,128.692,8.56958,125.958,1,18,-84,-6,2,56,53,13,28367106,262,1,103,13499,
158.385,1321.85,51.4858,7.42683,127.836,8.35428,124.623,1,18,-84,-6,2,56,53,13,28367106,262,1,103,13499,
159.397,1329.12,51.4858,7.42691,127.24,8.14968,123.332,1,19,-85,-6,2,55,53,13,28367106,262,1,103,13499,
160.379,1336.85,51.4858,7.42701,127.279,8.35267,122.495,1,19,-85,-6,2,55,53,13,28367106,262,1,103,13499,
161.378,1345.06,51.4857,7.42711,127.294,8.57805,122.937,1,19,-85,-6,2,55,53,13,28367106,262,1,103,13499,
162.4,1354.46,51.4857,7.42722,126.89,8.9552,125.348,1,19,-88,-6,2,52,50,13,28367106,262,1,103,13499,
163.381,1363.22,51.4856,7.42731,126.969,9.12667,139.155,1,19,-88,-6,2,52,50,13,28367106,262,1,103,13499,
164.396,1371.96,51.4856,7.4274,126.593,8.94362,141.261,1,19,-91,-6,2,49,46,13,28367106,262,1,103,13499,
165.39,1379.77,51.4855,7.42746,125.877,7.74245,142.956,1,19,-91,-6,2,49,46,13,28367106,262,1,103,13499,
166.394,1386.5,51.4855,7.42752,125.574,6.82445,143.762,1,17,-93,-6,2,47,45,13,28367106,262,1,103,13499,
167.386,1392.56,51.4854,7.42757,124.976,6.16404,143.126,1,17,-93,-6,2,47,45,13,28367106,262,1,103,13499,
168.385,1399.71,51.4854,7.42764,124.355,5.97136,141.999,1,20,-93,-6,2,47,45,13,28367106,262,1,103,13499,
169.376,1406.09,51.4853,7.42769,124.011,5.80475,143.105,1,20,-93,-6,2,47,45,13,28367106,262,1,103,13499,
170.372,1412.88,51.4853,7.42773,124.1,6.64992,164.233,1,14,-91,-6,2,49,46,13,28367106,262,1,103,13499,
171.391,1419.88,51.4852,7.42775,124.625,7.44303,166.629,1,14,-91,-6,2,49,46,13,28367106,262,1,103,13499,
172.469,1428.84,51.4851,7.42778,125.167,7.88714,168.024,1,22,-91,-5,2,49,47,13,28367106,262,1,103,13499,
173.373,1436.72,51.485,7.4278,125.299,7.09354,167.214,1,22,-91,-5,2,49,47,13,28367106,262,1,103,13499,
174.389,1444.26,51.485,7.42783,125.818,6.71238,165.845,1,17,-89,-6,12,51,48,7,28367106,262,1,103,13499,
175.39,1449.53,51.4849,7.42785,126.322,5.32428,165.349,1,17,-89,-6,12,51,48,7,28367106,262,1,103,13499,
176.388,1455.59,51.4849,7.42787,126.674,5.30912,163.824,1,15,-88,-6,11,52,50,7,28367106,262,1,103,13499,
177.373,1460.93,51.4848,7.4279,127.598,5.05373,162.318,1,15,-88,-6,11,52,50,7,28367106,262,1,103,13499,
178.376,1468.38,51.4848,7.42793,128.692,6.14502,162.86,1,19,-86,-6,14,54,51,7,28367106,262,1,103,13499,
179.43,1476.09,51.4847,7.42797,129.327,6.82215,162.482,1,19,-86,-6,14,54,51,7,28367106,262,1,103,13499,
180.372,1483.18,51.4846,7.42799,130.035,5.92368,163.761,1,22,-87,-6,11,53,51,7,28367106,262,1,103,13499,
181.399,1490.97,51.4846,7.42802,130.549,6.59625,164.493,1,22,-87,-6,11,53,51,7,28367106,262,1,103,13499,
182.379,1497.91,51.4845,7.42805,131.132,7.39433,163.048,1,22,-87,-6,11,53,51,7,28367106,262,1,103,13499,
183.377,1504.64,51.4845,7.42808,131.775,6.27528,163.729,1,12,-89,-6,9,51,49,7,28367106,262,1,103,13499,
184.407,1511.8,51.4844,7.4281,132.168,6.49303,165.296,1,12,-89,-6,9,51,49,7,28367106,262,1,103,13499,
185.394,1518.34,51.4843,7.42813,132.985,6.08393,166.177,1,18,-84,-5,15,56,52,7,28367106,262,1,103,13499,
186.367,1524.48,51.4843,7.42816,133.668,5.81159,167.055,1,18,-84,-5,15,56,52,7,28367106,262,1,103,13499,
187.405,1531.05,51.4842,7.42819,134.305,6.48356,165.118,1,18,-86,-6,12,54,50,7,28367106,262,1,103,13499,
188.379,1538.37,51.4842,7.42823,135.244,6.15459,165.925,1,18,-86,-6,12,54,50,7,28367106,262,1,103,13499,
189.393,1544.9,51.4841,7.42826,135.98,5.41061,165.136,1,13,-86,-5,9,54,51,7,28367106,262,1,103,13499,
190.397,1551.33,51.4841,7.42828,136.967,6.09048,166.354,1,13,-86,-5,9,54,51,7,28367106,262,1,103,13499,
191.407,1558.5,51.484,7.42831,137.758,6.11407,168.865,1,13,-88,-7,10,52,50,7,28367106,262,1,103,13499,
192.38,1564.56,51.4839,7.42834,138.446,4.5893,167.509,1,13,-88,-7,10,52,50,7,28367106,262,1,103,13499,
193.382,1570.99,51.4839,7.42836,139.4,4.33994,165.516,1,16,-87,-6,10,53,50,7,28367106,262,1,103,13499,
194.396,1575.69,51.4839,7.42838,139.451,3.18964,164.7,1,16,-87,-6,10,53,50,7,28367106,262,1,103,13499,
195.402,1581.09,51.4838,7.4284,139.461,3.6904,163.351,1,10,-86,-6,14,54,51,7,28367106,262,1,103,13499,
196.389,1585.78,51.4838,7.42842,139.489,3.71953,161.291,1,10,-86,-6,14,54,51,7,28367106,262,1,103,13499,
197.391,1588.17,51.4837,7.42844,139.838,4.21787,160.612,1,14,-87,-6,8,53,51,7,28367106,262,1,103,13499,
198.414,1592.64,51.4837,7.42847,139.833,3.23059,158.974,1,14,-87,-6,8,53,51,7,28367106,262,1,103,13499,
199.394,1595.97,51.4837,7.42848,139.84,2.51963,172.666,1,19,-86,-6,12,54,51,7,28367106,262,1,103,13499,
200.394,1597.09,51.4837,7.4285,139.929,1.27739,172.666,1,19,-86,-6,12,54,51,7,28367106,262,1,103,13499,
201.386,1598.82,51.4837,7.42852,140.07,1.18073,172.666,1,9,-89,-6,8,51,48,7,28367106,262,1,103,13499,
202.388,1599.39,51.4837,7.42852,140.143,1.32935,156.025,1,9,-89,-6,8,51,48,7,28367106,262,1,103,13499,
203.391,1600.28,51.4837,7.42852,140.153,1.61101,157.885,1,14,-90,-7,8,50,48,7,28367106,262,1,103,13499,
204.387,1602.64,51.4836,7.42853,140.125,2.45712,159.124,1,14,-90,-7,8,50,48,7,28367106,262,1,103,13499,
205.391,1606.57,51.4836,7.42855,140.091,4.06924,158.398,1,10,-88,-5,14,52,47,7,28367106,262,1,103,13499,
206.399,1611.63,51.4836,7.42857,139.799,5.92736,159.695,1,10,-88,-5,14,52,47,7,28367106,262,1,103,13499,
207.369,1619.31,51.4835,7.42861,138.978,6.26465,162.259,1,10,-93,-7,10,47,45,7,28367106,262,1,103,13499,
208.377,1628.55,51.4834,7.42865,137.994,5.5239,159.179,1,10,-93,-7,10,47,45,7,28367106,262,1,103,13499,
209.396,1635.14,51.4834,7.42868,138.097,6.23361,160.928,1,11,-89,-6,10,51,48,7,28367106,262,1,103,13499,
210.395,1643.85,51.4833,7.42872,138.215,7.16468,164.158,1,11,-89,-6,10,51,48,7,28367106,262,1,103,13499,
211.39,1651.01,51.4832,7.42875,138.91,7.12665,165.079,1,11,-89,-6,10,51,48,7,28367106,262,1,103,13499,
212.39,1657.15,51.4832,7.42877,139.984,5.74502,167.852,1,10,-89,-6,8,51,49,7,28367106,262,1,103,13499,
213.378,1664.83,51.4831,7.42879,140.594,6.88965,166.981,1,10,-89,-6,8,51,49,7,28367106,262,1,103,13499,
214.4,1672.72,51.483,7.42881,140.648,6.95695,168.308,1,23,-92,-8,7,48,47,7,28367106,262,1,103,13499,
215.406,1679.06,51.483,7.42883,140.348,5.72552,165.319,1,23,-92,-8,7,48,47,7,28367106,262,1,103,13499,
216.406,1685.82,51.4829,7.42885,140.592,5.63915,168.108,1,10,-91,-8,6,49,48,7,28367106,262,1,103,13499,
217.389,1692.89,51.4829,7.42887,140.556,4.5902,168.69,1,10,-91,-8,6,49,48,7,28367106,262,1,103,13499,
218.371,1699.17,51.4828,7.42888,140.616,3.34905,171.67,1,13,-92,-7,8,48,46,7,28367106,262,1,103,13499,
219.393,1703.02,51.4828,7.42888,140.629,2.01091,173.151,1,13,-92,-7,8,48,46,7,28367106,262,1,103,13499,
220.389,1703.02,51.4828,7.42888,140.625,0,173.151,1,13,-93,-8,8,47,46,7,28367106,262,1,103,13499,
221.39,1703.02,51.4828,7.42888,140.627,0,173.151,1,13,-93,-8,8,47,46,7,28367106,262,1,103,13499,
222.393,1703.02,51.4828,7.42888,140.63,0,173.151,1,7,-90,-9,9,50,50,7,28367106,262,1,103,13499,
223.377,1703.02,51.4828,7.42888,140.612,0,173.151,1,7,-90,-9,9,50,50,7,28367106,262,1,103,13499,
224.363,1703.02,51.4828,7.42888,140.566,0,173.151,1,9,-91,-7,8,49,48,7,28367106,262,1,103,13499,
225.367,1703.02,51.4828,7.42888,140.515,0,186.449,1,9,-91,-7,8,49,48,7,28367106,262,1,103,13499,
226.39,1709.15,51.4827,7.42888,140.497,0,183.587,1,8,-90,-7,8,50,48,7,28367106,262,1,103,13499,
227.378,1713.64,51.4827,7.42888,140.428,4.33462,180.218,1,8,-90,-7,8,50,48,7,28367106,262,1,103,13499,
228.451,1719.69,51.4826,7.42887,140.725,5.16337,177.792,1,10,-86,-6,2,54,48,7,28367106,262,1,103,13499,
229.404,1724.74,51.4826,7.42889,140.872,5.06708,165.047,1,10,-86,-6,2,54,48,7,28367106,262,1,103,13499,
230.369,1731.28,51.4825,7.42894,140.453,4.97461,134.778,1,10,-92,-8,7,48,47,7,28367106,262,1,103,13499,
231.379,1736.63,51.4825,7.42901,140.75,6.16682,102.698,1,10,-92,-8,7,48,47,7,28367106,262,1,103,13499,
232.389,1744.91,51.4825,7.42913,141.424,7.58377,101.49,1,3,-100,-13,5,40,43,7,28367106,262,1,103,13499,
233.382,1753.03,51.4825,7.42925,142.156,9.45562,99.6672,1,3,-100,-13,5,40,43,7,28367106,262,1,103,13499,
234.378,1762.34,51.4825,7.42938,141.751,9.85093,98.3945,1,3,-100,-13,5,40,43,7,28367106,262,1,103,13499,
235.394,1773.63,51.4824,7.42954,141.269,11.7201,98.0156,1,-1,-99,-7,6,41,39,15,29563904,262,1,350,13499,
236.385,1785.23,51.4824,7.42971,140.663,12.7401,97.3892,1,-1,-99,-7,6,41,39,15,29563904,262,1,350,13499,
237.401,1797.12,51.4824,7.42988,139.577,13.2489,96.396,1,3,-101,-8,11,39,37,15,29563904,262,1,350,13499,
238.373,1809.69,51.4824,7.43006,138.697,12.5981,96.1598,1,3,-101,-8,11,39,37,15,29563904,262,1,350,13499,
239.394,1821.81,51.4824,7.43023,138.158,11.9353,95.8048,1,3,-104,-10,7,36,38,6,28367106,262,1,350,13499,
240.374,1833.35,51.4824,7.4304,137.831,11.1621,96.7045,1,3,-104,-10,7,36,38,6,28367106,262,1,350,13499,
241.387,1843.99,51.4824,7.43055,138.187,10.8559,95.3175,1,3,-99,-9,11,41,41,6,28367106,262,1,103,13499,
242.388,1854.7,51.4824,7.43071,138.195,9.14492,96.1874,1,3,-99,-9,11,41,41,6,28367106,262,1,103,13499,
243.393,1862.67,51.4824,7.43082,138.234,7.61693,96.6094,1,21,-93,-8,10,47,46,6,28367106,262,1,103,13499,
244.375,1868.91,51.4824,7.43091,138.834,5.84358,97.1143,1,21,-93,-8,10,47,46,6,28367106,262,1,103,13499,
245.395,1874.79,51.4824,7.431,139.815,4.29867,97.5161,1,20,-92,-7,8,48,45,6,28367106,262,1,103,13499,
246.391,1878.48,51.4824,7.43105,139.917,3.22426,97.9894,1,20,-92,-7,8,48,45,6,28367106,262,1,103,13499,
247.407,1880.63,51.4824,7.43108,140.074,0.831466,97.9894,1,28,-87,-5,11,53,46,6,28367106,262,1,103,13499,
248.394,1880.63,51.4824,7.43108,140.09,0,97.9894,1,28,-87,-5,11,53,46,6,28367106,262,1,103,13499,
249.375,1880.63,51.4824,7.43108,140.264,0,97.9894,1,14,-90,-6,11,50,46,6,28367106,262,1,103,13499,
250.386,1880.63,51.4824,7.43108,140.439,0,97.9894,1,14,-90,-6,11,50,46,6,28367106,262,1,103,13499,
251.363,1880.63,51.4824,7.43108,140.622,0,98.3405,1,24,-88,-6,11,52,46,6,28367106,262,1,103,13499,
252.382,1880.63,51.4824,7.43108,142.301,0,97.9078,1,24,-88,-6,11,52,46,6,28367106,262,1,103,13499,
253.387,1894.75,51.4823,7.43128,143.307,7.06681,98.7099,1,8,-92,-8,12,48,46,6,28367106,262,1,103,13499,
254.368,1902.57,51.4823,7.43139,143.451,8.17703,97.8816,1,8,-92,-8,12,48,46,6,28367106,262,1,103,13499,
255.369,1911.47,51.4823,7.43152,143.656,8.39743,97.244,1,8,-92,-8,12,48,46,6,28367106,262,1,103,13499,
256.378,1920.6,51.4823,7.43165,143.53,8.71175,97.4339,1,18,-89,-8,11,51,46,6,28367106,262,1,103,13499,
257.409,1928.32,51.4823,7.43176,143.335,9.07168,97.5073,1,18,-89,-8,11,51,46,6,28367106,262,1,103,13499,
258.375,1936.57,51.4823,7.43188,143.013,9.611,96.8235,1,19,-94,-9,6,46,45,6,28367106,262,1,103,13499,
259.386,1946.63,51.4823,7.43202,142.835,10.3628,95.7468,1,19,-94,-9,6,46,45,6,28367106,262,1,103,13499,
260.38,1958.12,51.4823,7.43219,142.689,10.6945,95.708,1,7,-95,-10,9,45,46,6,28367106,262,1,103,13499,
261.387,1969.07,51.4823,7.43235,142.32,10.8318,95.6123,1,7,-95,-10,9,45,46,6,28367106,262,1,103,13499,
262.383,1979.61,51.4822,7.4325,142.461,10.5917,95.9493,1,28,-87,-9,12,53,53,6,28367106,262,1,103,13499,
263.391,1990.26,51.4822,7.43265,143.127,10.6083,95.562,1,28,-87,-9,12,53,53,6,28367106,262,1,103,13499,
264.37,2000.62,51.4822,7.4328,143.939,10.4182,96.4741,1,9,-84,-9,6,56,54,11,28368386,262,1,32,13499,
265.379,2011.29,51.4822,7.43295,144.16,10.4575,96.8206,1,9,-84,-9,6,56,54,11,28368386,262,1,32,13499,
266.388,2022.49,51.4822,7.43311,144.654,10.4933,96.9346,1,4,-92,-10,11,48,48,11,28368386,262,1,32,13499,
267.393,2032.69,51.4822,7.43326,144.81,10.3838,97.1166,1,4,-92,-10,11,48,48,11,28368386,262,1,32,13499,
268.384,2043.45,51.4822,7.43341,144.398,11.1657,96.6522,1,1,-90,-7,6,50,47,4,28367106,262,1,103,13499,
269.372,2054.29,51.4822,7.43357,144.422,11.8316,96.1991,1,1,-90,-7,6,50,47,4,28367106,262,1,103,13499,
270.373,2065.93,51.4822,7.43374,144.615,11.7708,95.534,1,22,-95,-9,11,45,45,4,28367106,262,1,103,13499,
271.369,2078.58,51.4821,7.43392,145.507,11.5686,95.9367,1,22,-95,-9,11,45,45,4,28367106,262,1,103,13499,
272.378,2090.32,51.4821,7.43409,146.209,11.1121,96.1052,1,5,-96,-10,7,44,45,4,28367106,262,1,103,13499,
273.399,2101.1,51.4821,7.43424,147.587,10.7333,96.5048,1,5,-96,-10,7,44,45,4,28367106,262,1,103,13499,
274.387,2111.83,51.4821,7.4344,149.199,10.3648,95.7692,1,20,-95,-11,9,45,46,4,28367106,262,1,103,13499,
275.378,2124.18,51.4821,7.43457,150.359,10.983,96.6291,1,20,-95,-11,9,45,46,4,28367106,262,1,103,13499,
276.372,2134.61,51.4821,7.43472,151.294,11.5702,97.4151,1,9,-92,-9,8,48,48,4,28367106,262,1,103,13499,
277.378,2144.45,51.4821,7.43486,151.535,11.293,97.033,1,9,-92,-9,8,48,48,4,28367106,262,1,103,13499,
278.421,2156.43,51.4821,7.43503,151.793,11.2276,97.8989,1,9,-92,-9,8,48,48,4,28367106,262,1,103,13499,
279.382,2166.66,51.482,7.43518,151.866,10.8471,97.5338,1,18,-93,-10,5,47,48,4,28367106,262,1,103,13499,
280.369,2178.89,51.482,7.43536,152.288,11.0337,98.1443,1,18,-93,-10,5,47,48,4,28367106,262,1,103,13499,
281.386,2190.41,51.482,7.43552,152.712,10.9103,97.2965,1,4,-90,-9,6,50,51,10,28368386,262,1,32,13499,
282.397,2200.9,51.482,7.43567,152.786,11.1422,97.9654,1,4,-90,-9,6,50,51,10,28368386,262,1,32,13499,
283.384,2211.93,51.482,7.43583,152.927,10.9223,97.4055,1,4,-94,-12,9,46,49,10,28368386,262,1,32,13499,
284.382,2222.69,51.482,7.43598,152.491,11.1287,96.9083,1,4,-94,-12,9,46,49,10,28368386,262,1,32,13499,
285.395,2234.39,51.482,7.43615,151.873,11.5948,97.6155,1,8,-78,-8,14,62,59,4,28367105,262,1,102,13499,
286.387,2246.12,51.482,7.43632,151.975,12.1319,97.206,1,8,-78,-8,14,62,59,4,28367105,262,1,102,13499,
287.387,2257.75,51.482,7.43649,151.814,11.6897,96.1695,1,1,-91,-11,6,49,52,4,28367105,262,1,102,13499,
288.384,2270.19,51.4819,7.43667,151.532,11,95.5841,1,1,-91,-11,6,49,52,4,28367105,262,1,102,13499,
289.385,2280.82,51.4819,7.43682,150.852,11.1577,96.0003,1,-1,-89,-9,6,51,52,10,28368386,262,1,32,13499,
290.392,2291.64,51.4819,7.43698,150.274,10.891,96.7126,1,-1,-89,-9,6,51,52,10,28368386,262,1,32,13499,
291.386,2303.37,51.4819,7.43715,149.832,10.8696,96.0414,1,2,-89,-7,6,51,50,4,28367105,262,1,102,13499,
292.384,2314.06,51.4819,7.4373,149.604,11.2768,95.494,1,2,-89,-7,6,51,50,4,28367105,262,1,102,13499,
293.387,2325.27,51.4819,7.43746,149.167,10.3666,96.2313,1,5,-89,-7,10,51,48,4,28367105,262,1,102,13499,
294.381,2335.87,51.4819,7.43761,148.907,10.2957,96.9141,1,5,-89,-7,10,51,48,4,28367105,262,1,102,13499,
295.385,2345.77,51.4819,7.43775,148.516,9.41593,96.7483,1,8,-85,-7,8,55,54,4,28367105,262,1,102,13499,
296.39,2355.55,51.4819,7.43789,148.326,8.14764,97.3456,1,8,-85,-7,8,55,54,4,28367105,262,1,102,13499,
297.469,2363.36,51.4818,7.438,147.937,6.26375,99.3625,1,21,-80,-6,12,60,57,4,28367105,262,1,102,13499,
298.377,2368.84,51.4818,7.43808,147.932,4.48076,98.6428,1,21,-80,-6,12,60,57,4,28367105,262,1,102,13499,
299.382,2374.51,51.4818,7.43816,147.991,3.61276,97.0017,1,19,-83,-5,10,57,55,4,28367105,262,1,102,13499,
300.417,2378.41,51.4818,7.43822,148.087,2.09679,113.037,1,19,-83,-5,10,57,55,4,28367105,262,1,102,13499,
301.385,2381.23,51.4818,7.43826,148.213,1.6717,98.569,1,19,-83,-5,10,57,55,4,28367105,262,1,102,13499,
302.381,2381.99,51.4818,7.43827,148.287,1.80099,95.4991,1,20,-85,-5,11,55,52,4,28367105,262,1,102,13499,
303.384,2383.81,51.4818,7.43829,148.338,2.59194,96.6979,1,20,-85,-5,11,55,52,4,28367105,262,1,102,13499,
304.384,2388.3,51.4818,7.43836,148.971,5.20242,96.4196,1,13,-88,-7,10,52,50,4,28367105,262,1,102,13499,
305.384,2392.39,51.4818,7.43842,149.255,6.03748,96.1768,1,13,-88,-7,10,52,50,4,28367105,262,1,102,13499,
306.39,2399.21,51.4818,7.43852,149.628,5.86532,96.4493,1,5,-90,-8,13,50,49,4,28367105,262,1,102,13499,
307.376,2405.72,51.4818,7.43861,149.854,6.73314,96.974,1,5,-90,-8,13,50,49,4,28367105,262,1,102,13499,
308.376,2412.76,51.4818,7.43871,149.935,7.41901,96.9113,1,8,-94,-8,7,46,44,4,28367105,262,1,102,13499,
309.368,2420.36,51.4818,7.43882,150.15,8.00639,96.2335,1,8,-94,-8,7,46,44,4,28367105,262,1,102,13499,
310.396,2429.57,51.4818,7.43895,149.876,9.03284,95.3982,1,5,-82,-5,6,58,52,9,28368386,262,1,32,13499,
311.377,2438.21,51.4818,7.43908,149.6,9.50097,95.2686,1,5,-82,-5,6,58,52,9,28368386,262,1,32,13499,
312.395,2447.42,51.4818,7.43921,149.472,9.73492,94.8574,1,12,-88,-8,13,52,49,9,28368386,262,1,32,13499,
313.391,2457.45,51.4818,7.43935,149.325,9.99329,94.3547,1,12,-88,-8,13,52,49,9,28368386,262,1,32,13499,
314.394,2468.19,51.4817,7.43951,149.451,10.2342,94.9332,1,9,-91,-8,9,49,47,9,28368386,262,1,32,13499,
315.374,2478.79,51.4817,7.43966,149.828,9.91268,95.2789,1,9,-91,-8,9,49,47,9,28368386,262,1,32,13499,
316.402,2488.76,51.4817,7.4398,149.997,9.74925,95.4737,1,25,-93,-9,12,47,46,9,28368386,262,1,32,13499,
317.37,2498.7,51.4817,7.43995,150.968,10.1027,95.3361,1,25,-93,-9,12,47,46,9,28368386,262,1,32,13499,
318.389,2509.59,51.4817,7.4401,152.398,10.2302,95.3338,1,6,-96,-9,12,44,45,9,28368386,262,1,32,13499,
319.385,2520.71,51.4817,7.44027,154.064,10.5554,95.7119,1,6,-96,-9,12,44,45,9,28368386,262,1,32,13499,
320.365,2531.2,51.4817,7.44042,155.354,11.5406,96.6339,1,2,-93,-7,6,47,45,6,28367105,262,1,102,13499,
321.398,2542.52,51.4817,7.44058,156.39,12.3272,96.1446,1,2,-93,-7,6,47,45,6,28367105,262,1,102,13499,
322.391,2555.1,51.4817,7.44076,157.244,13.0415,96.9042,1,1,-97,-10,7,43,44,6,28367105,262,1,102,13499,
323.39,2568.26,51.4817,7.44095,157.913,12.3616,97.6389,1,1,-97,-10,7,43,44,6,28367105,262,1,102,13499,
324.397,2580.1,51.4816,7.44112,158.667,11.7103,99.2632,1,2,-98,-10,7,42,43,6,28367105,262,1,102,13499,
325.394,2591.45,51.4816,7.44128,159.057,11.3788,102.101,1,2,-98,-10,7,42,43,6,28367105,262,1,102,13499,
326.372,2602.47,51.4816,7.44142,159.679,11.4016,114.85,1,2,-98,-10,7,42,43,6,28367105,262,1,102,13499,
327.378,2612.96,51.4815,7.44156,159.454,11.2872,116.498,1,2,-94,-8,6,46,45,9,28368386,262,1,32,13499,
328.402,2624.75,51.4815,7.44171,159.366,11.5226,120.261,1,2,-94,-8,6,46,45,9,28368386,262,1,32,13499,
329.385,2637.31,51.4814,7.44184,159.203,11.8311,132.915,1,7,-98,-12,9,42,45,7,28367105,262,1,32,13499,
330.394,2649.49,51.4813,7.44196,158.589,12.2732,133.831,1,7,-98,-12,9,42,45,7,28367105,262,1,32,13499,
331.386,2661.61,51.4813,7.44208,158.368,12.0765,135.111,1,10,-91,-6,12,49,47,7,28367105,262,1,102,13499,
332.388,2673.77,51.4812,7.4422,158.2,11.9145,135.743,1,10,-91,-6,12,49,47,7,28367105,262,1,102,13499,
333.389,2686.04,51.4811,7.44232,158.268,11.8629,136.099,1,8,-90,-6,9,50,47,7,28367105,262,1,102,13499,
334.394,2697.88,51.481,7.44244,158.307,11.933,134.833,1,8,-90,-6,9,50,47,7,28367105,262,1,102,13499,
335.41,2709.68,51.4809,7.44256,158.053,12.0966,133.991,1,21,-84,-5,13,56,52,7,28367105,262,1,102,13499,
336.374,2721.49,51.4809,7.44269,158.265,11.5752,133.437,1,21,-84,-5,13,56,52,7,28367105,262,1,102,13499,
337.415,2732.9,51.4808,7.4428,158.429,11.0542,133.046,1,21,-85,-5,15,55,52,7,28367105,262,1,102,13499,
338.391,2743.64,51.4807,7.44291,158.505,10.612,134.535,1,21,-85,-5,15,55,52,7,28367105,262,1,102,13499,
339.393,2754.63,51.4807,7.44302,158.208,10.207,138.09,1,13,-93,-7,8,47,44,7,28367105,262,1,102,13499,
340.399,2765.32,51.4806,7.44309,157.511,9.32936,158.964,1,13,-93,-7,8,47,44,7,28367105,262,1,102,13499,
341.379,2775.36,51.4805,7.44311,156.984,9.35717,172.934,1,8,-94,-7,7,46,44,7,28367105,262,1,102,13499,
342.363,2784.18,51.4804,7.44312,156.878,9.34392,175.429,1,8,-94,-7,7,46,44,7,28367105,262,1,102,13499,
343.379,2794.25,51.4803,7.44313,156.503,9.76975,174.846,1,4,-98,-10,5,42,43,7,28367105,262,1,102,13499,
344.375,2804.05,51.4802,7.44315,156.218,9.90993,171.018,1,4,-98,-10,5,42,43,7,28367105,262,1,102,13499,
345.376,2813.41,51.4801,7.44321,156.362,9.93865,153.271,1,4,-97,-10,5,43,45,7,28367105,262,1,102,13499,
346.388,2823.49,51.4801,7.44327,156.908,10.671,152.711,1,4,-97,-10,5,43,45,7,28367105,262,1,102,13499,
347.389,2835.26,51.48,7.44335,157.882,11.4087,152.267,1,1,-100,-11,7,40,41,7,28367105,262,1,102,13499,
348.367,2847.29,51.4799,7.44343,158.393,12.1267,151.925,1,1,-100,-11,7,40,41,7,28367105,262,1,102,13499,
349.385,2859.91,51.4798,7.44352,158.762,12.7039,151.478,1,2,-98,-9,6,42,41,7,28368386,262,1,32,13499,
350.4,2872.61,51.4797,7.44362,158.88,13.233,151.095,1,2,-98,-9,6,42,41,7,28368386,262,1,32,13499,
351.376,2885.96,51.4796,7.44372,158.605,13.8513,150.334,1,3,-100,-10,10,40,41,7,28368386,262,1,32,13499,
352.378,2898.96,51.4795,7.44381,158.567,14.3159,150.629,1,3,-100,-10,10,40,41,7,28368386,262,1,32,13499,
353.409,2913.05,51.4794,7.44391,158.751,14.5421,151.055,1,5,-101,-11,9,39,40,7,28368386,262,1,32,13499,
354.384,2927.36,51.4793,7.44401,159.212,15.0366,151.823,1,5,-101,-11,9,39,40,7,28368386,262,1,32,13499,
355.377,2942.14,51.4791,7.44411,159.652,14.9062,151.358,1,13,-97,-9,7,43,43,7,28368386,262,1,32,13499,
356.443,2956.74,51.479,7.4442,160.132,14.8043,151.414,1,13,-97,-9,7,43,43,7,28368386,262,1,32,13499,
357.39,2970.78,51.4789,7.4443,160.771,14.3943,151.467,1,13,-97,-9,7,43,43,7,28368386,262,1,32,13499,
358.372,2985.25,51.4788,7.44439,161.102,14.1091,151.54,1,3,-103,-11,9,37,39,7,28368386,262,1,32,13499,
359.387,2999,51.4787,7.44449,161.521,13.8479,151.238,1,3,-103,-11,9,37,39,7,28368386,262,1,32,13499,
360.367,3012.82,51.4786,7.44458,161.853,14.0457,151.579,1,0,-106,-13,8,34,38,7,28368386,262,1,32,13499,
361.376,3027.26,51.4785,7.44468,161.883,14.6287,151.715,1,0,-106,-13,8,34,38,7,28368386,262,1,32,13499,
362.393,3042.34,51.4783,7.44479,162.04,15.1676,151.596,1,2,-105,-10,7,35,37,12,28367105,262,1,102,13499,
363.383,3057.55,51.4782,7.44489,162.191,15.1458,151.839,1,2,-105,-10,7,35,37,12,28367105,262,1,102,13499,
364.385,3072.1,51.4781,7.44499,162.299,14.8455,151.195,1,1,-104,-11,7,36,37,12,28367105,262,1,102,13499,
365.378,3086.73,51.478,7.44509,162.47,14.6739,151.111,1,1,-104,-11,7,36,37,12,28367105,262,1,102,13499,
366.405,3101.61,51.4779,7.44519,162.37,14.5111,151.122,1,1,-106,-13,6,34,37,12,28367105,262,1,102,13499,
367.374,3116.19,51.4778,7.44529,162.461,14.8083,150.698,1,1,-106,-13,6,34,37,12,28367105,262,1,102,13499,
368.393,3131.02,51.4776,7.4454,162.376,14.9738,151.09,1,0,-102,-10,6,38,38,7,28368384,262,1,31,13499,
369.385,3146.34,51.4775,7.4455,162.4,15.3557,151.703,1,0,-102,-10,6,38,38,7,28368384,262,1,31,13499,
370.389,3160.88,51.4774,7.4456,162.611,15.3291,151.61,1,5,-99,-8,10,41,39,7,28368384,262,1,31,13499,
371.385,3175.97,51.4773,7.44571,162.825,15.1107,151.403,1,5,-99,-8,10,41,39,7,28368384,262,1,31,13499,
372.369,3190.93,51.4772,7.44581,162.9,14.8472,151.972,1,8,-93,-7,8,47,45,7,28368384,262,1,31,13499,
373.4,3206.17,51.477,7.44592,163.133,15.1294,151.975,1,8,-93,-7,8,47,45,7,28368384,262,1,31,13499,
374.381,3221.81,51.4769,7.44603,163.482,15.6126,151.211,1,6,-96,-9,7,44,43,7,28368384,262,1,31,13499,
375.389,3237.27,51.4768,7.44614,163.882,15.6119,151.541,1,6,-96,-9,7,44,43,7,28368384,262,1,31,13499,
376.424,3253.76,51.4767,7.44625,163.769,15.2318,151.442,1,-3,-92,-6,6,48,46,11,29568768,262,1,415,13499,
377.398,3269.39,51.4765,7.44636,163.574,15.102,151.893,1,-3,-92,-6,6,48,46,11,29568768,262,1,415,13499,
378.377,3283.83,51.4764,7.44646,163.742,15.1807,152.056,1,5,-93,-7,10,47,44,11,29568768,262,1,415,13499,
379.391,3298.86,51.4763,7.44656,164.03,14.984,152.085,1,5,-93,-7,10,47,44,11,29568768,262,1,415,13499,
380.406,3313.82,51.4762,7.44666,164.286,14.8971,151.435,1,7,-91,-7,7,49,47,11,29568768,262,1,415,13499,
381.389,3328.69,51.4761,7.44676,164.464,14.864,151.765,1,7,-91,-7,7,49,47,11,29568768,262,1,415,13499,
382.376,3343.06,51.476,7.44686,164.471,14.7683,151.823,1,7,-91,-7,7,49,47,11,29568768,262,1,415,13499,
383.389,3359.34,51.4758,7.44697,164.118,14.6913,151.295,1,10,-86,-6,15,54,50,11,29568768,262,1,415,13499,
384.379,3373.98,51.4757,7.44707,164.147,14.7935,151.035,1,10,-86,-6,15,54,50,11,29568768,262,1,415,13499,
385.417,3388.69,51.4756,7.44717,164.53,14.678,150.624,1,7,-87,-6,12,53,49,11,29568768,262,1,415,13499,
386.394,3403.18,51.4755,7.44728,164.848,14.3666,149.996,1,7,-87,-6,12,53,49,11,29568768,262,1,415,13499,
387.368,3415.87,51.4754,7.44737,164.791,14.0395,149.403,1,4,-93,-9,6,47,47,11,29568768,262,1,415,13499,
388.378,3429.56,51.4753,7.44747,164.656,14.134,148.294,1,4,-93,-9,6,47,47,11,29568768,262,1,415,13499,
389.391,3443.01,51.4752,7.44757,164.323,13.7666,147.25,1,1,-96,-8,7,44,44,11,29568768,262,1,415,13499,
390.375,3457.16,51.4751,7.44768,163.813,13.3898,146.133,1,1,-96,-8,7,44,44,11,29568768,262,1,415,13499,
391.386,3470.86,51.475,7.44779,163.328,13.2181,145.475,1,-1,-98,-11,7,42,43,11,29568768,262,1,415,13499,
392.385,3484.56,51.4749,7.4479,163.208,12.5896,144.603,1,-1,-98,-11,7,42,43,11,29568768,262,1,415,13499,
393.392,3497.84,51.4748,7.44802,163.489,11.5159,143.895,1,-3,-99,-11,7,41,44,11,29568768,262,1,415,13499,
394.377,3508.99,51.4747,7.44812,164.346,9.29236,143.017,1,-3,-99,-11,7,41,44,11,29568768,262,1,415,13499,
395.388,3517.49,51.4746,7.4482,165.197,7.85672,142.034,1,3,-96,-8,2,44,44,11,29568768,262,1,415,13499,
396.386,3524.91,51.4746,7.44827,165.941,6.76585,141.157,1,3,-96,-8,2,44,44,11,29568768,262,1,415,13499,
397.386,3531.16,51.4745,7.44832,166.627,5.80376,140.962,1,5,-96,-8,2,44,44,11,29568768,262,1,415,13499,
398.392,3536.25,51.4745,7.44837,166.818,4.86276,140.56,1,5,-96,-8,2,44,44,11,29568768,262,1,415,13499,
399.384,3541.15,51.4745,7.44842,166.848,3.868,140.848,1,3,-96,-8,2,44,44,11,29568768,262,1,415,13499,
400.367,3545.01,51.4744,7.44846,166.877,3.08537,140.152,1,3,-96,-8,2,44,44,11,29568768,262,1,415,13499,
401.382,3547.34,51.4744,7.44848,166.881,2.30749,141.074,1,6,-97,-8,2,43,42,11,29568768,262,1,415,13499,
402.378,3549.17,51.4744,7.4485,166.881,0.644934,141.074,1,6,-97,-8,2,43,42,11,29568768,262,1,415,13499,
403.392,3549.17,51.4744,7.4485,166.886,0,141.074,1,6,-96,-7,2,44,43,11,29568768,262,1,415,13499,
404.372,3549.17,51.4744,7.4485,166.891,0,141.074,1,6,-96,-7,2,44,43,11,29568768,262,1,415,13499,
405.376,3549.17,51.4744,7.4485,166.903,0,141.074,1,6,-96,-7,2,44,43,11,29568768,262,1,415,13499,
406.382,3549.17,51.4744,7.4485,166.919,0,141.074,1,5,-96,-8,2,44,43,11,29568768,262,1,415,13499,
407.39,3549.17,51.4744,7.4485,166.936,0,141.074,1,5,-96,-8,2,44,43,11,29568768,262,1,415,13499,
408.391,3549.17,51.4744,7.4485,166.952,0,141.074,1,5,-97,-8,2,43,44,11,29568768,262,1,415,13499,
409.389,3549.17,51.4744,7.4485,166.967,0,141.074,1,5,-97,-8,2,43,44,11,29568768,262,1,415,13499,
410.402,3549.17,51.4744,7.4485,166.98,0,141.074,1,1,-97,-8,2,43,44,11,29568768,262,1,415,13499,
411.372,3549.17,51.4744,7.4485,166.99,0,141.074,1,1,-97,-8,2,43,44,11,29568768,262,1,415,13499,
412.413,3549.17,51.4744,7.4485,166.998,0,141.074,1,6,-95,-8,2,45,45,11,28368384,262,1,31,13499,
413.375,3549.17,51.4744,7.4485,167.003,0,141.074,1,6,-95,-8,2,45,45,11,28368384,262,1,31,13499,
414.415,3549.17,51.4744,7.4485,167,0,141.074,1,7,-95,-8,2,45,45,11,28368384,262,1,31,13499,
415.375,3549.17,51.4744,7.4485,166.988,0,141.074,1,7,-95,-8,2,45,45,11,28368384,262,1,31,13499,
416.391,3549.17,51.4744,7.4485,166.969,0,141.074,1,3,-95,-8,2,45,45,11,28368384,262,1,31,13499,
417.373,3549.17,51.4744,7.4485,166.944,0,141.074,1,3,-95,-8,2,45,45,11,28368384,262,1,31,13499,
418.397,3549.17,51.4744,7.4485,166.916,0,141.074,1,6,-96,-8,2,44,44,11,28368384,262,1,31,13499,
419.389,3549.17,51.4744,7.4485,166.886,0,141.074,1,6,-96,-8,2,44,44,11,28368384,262,1,31,13499,
420.385,3549.17,51.4744,7.4485,166.856,0,141.074,1,7,-96,-8,2,44,44,11,28368384,262,1,31,13499,
421.381,3549.17,51.4744,7.4485,166.825,0,141.074,1,7,-96,-8,2,44,44,11,28368384,262,1,31,13499,
422.388,3549.17,51.4744,7.4485,166.791,0,141.074,1,5,-96,-8,2,44,45,11,28368384,262,1,31,13499,
423.391,3549.17,51.4744,7.4485,166.755,0,141.074,1,5,-96,-8,2,44,45,11,28368384,262,1,31,13499,
424.394,3549.17,51.4744,7.4485,166.72,0,141.074,1,10,-95,-8,2,45,45,11,28368384,262,1,31,13499,
425.393,3549.17,51.4744,7.4485,166.685,0,141.074,1,10,-95,-8,2,45,45,11,28368384,262,1,31,13499,
426.371,3549.17,51.4744,7.4485,166.648,0,141.074,1,5,-94,-7,2,46,45,11,28368384,262,1,31,13499,
427.392,3549.17,51.4744,7.4485,166.609,0,141.074,1,5,-94,-7,2,46,45,11,28368384,262,1,31,13499,
428.38,3549.17,51.4744,7.4485,166.569,0,141.074,1,5,-94,-7,2,46,45,11,28368384,262,1,31,13499,
429.406,3549.17,51.4744,7.4485,166.53,0,141.074,1,8,-94,-7,2,46,46,11,28368384,262,1,31,13499,
430.386,3549.17,51.4744,7.4485,166.492,0,141.074,1,8,-94,-7,2,46,46,11,28368384,262,1,31,13499,
431.384,3549.17,51.4744,7.4485,166.457,0,141.074,1,7,-94,-8,2,46,47,11,28368384,262,1,31,13499,
432.378,3549.17,51.4744,7.4485,166.423,0,141.074,1,7,-94,-8,2,46,47,11,28368384,262,1,31,13499,
433.403,3549.17,51.4744,7.4485,166.398,0,141.074,1,7,-95,-8,2,45,46,11,28368384,262,1,31,13499,
434.368,3549.17,51.4744,7.4485,166.377,0,141.074,1,7,-95,-8,2,45,46,11,28368384,262,1,31,13499,
435.386,3549.17,51.4744,7.4485,166.359,0,141.074,1,7,-95,-8,2,45,46,11,28368384,262,1,31,13499,
436.394,3549.17,51.4744,7.4485,166.345,0,141.074,1,7,-95,-8,2,45,46,11,28368384,262,1,31,13499,
437.38,3549.17,51.4744,7.4485,166.333,0,141.074,1,6,-95,-9,2,45,46,11,28368384,262,1,31,13499,
438.392,3549.17,51.4744,7.4485,166.323,0,141.074,1,6,-95,-9,2,45,46,11,28368384,262,1,31,13499,
439.374,3549.17,51.4744,7.4485,166.314,0,141.074,1,9,-95,-9,2,45,46,11,28368384,262,1,31,13499,
440.41,3549.17,51.4744,7.4485,166.306,0,141.074,1,9,-95,-9,2,45,46,11,28368384,262,1,31,13499,
441.374,3549.17,51.4744,7.4485,166.298,0,141.074,1,10,-95,-8,2,45,45,11,28368384,262,1,31,13499,
442.401,3549.17,51.4744,7.4485,166.289,0,141.074,1,10,-95,-8,2,45,45,11,28368384,262,1,31,13499,
443.373,3549.17,51.4744,7.4485,166.281,0,141.074,1,11,-95,-8,2,45,45,11,28368384,262,1,31,13499,
444.402,3549.17,51.4744,7.4485,166.273,0,141.074,1,11,-95,-8,2,45,45,11,28368384,262,1,31,13499,
445.466,3549.17,51.4744,7.4485,166.267,0,141.074,1,5,-95,-7,2,45,45,11,28368384,262,1,31,13499,
446.38,3549.17,51.4744,7.4485,166.258,0,141.074,1,5,-95,-7,2,45,45,11,28368384,262,1,31,13499,
447.385,3549.17,51.4744,7.4485,166.247,0,141.074,1,10,-95,-7,10,45,45,10,28368384,262,1,31,13499,
448.383,3549.17,51.4744,7.4485,166.235,0,141.074,1,10,-95,-7,10,45,45,10,28368384,262,1,31,13499,
449.397,3549.17,51.4744,7.4485,166.224,0,141.074,1,8,-93,-9,11,47,49,10,28368384,262,1,31,13499,
450.386,3549.17,51.4744,7.4485,166.211,0,141.074,1,8,-93,-9,11,47,49,10,28368384,262,1,31,13499,
451.393,3549.17,51.4744,7.4485,166.199,0,141.074,1,8,-93,-9,11,47,49,10,28368384,262,1,31,13499,
452.411,3549.17,51.4744,7.4485,166.185,0,141.074,1,7,-94,-7,7,46,47,10,28368384,262,1,31,13499,
453.38,3549.17,51.4744,7.4485,166.056,0,141.074,1,7,-94,-7,7,46,47,10,28368384,262,1,31,13499,
454.378,3549.17,51.4744,7.4485,165.956,0,143.581,1,5,-95,-8,9,45,45,10,28368384,262,1,31,13499,
455.408,3549.17,51.4744,7.4485,165.865,0,142.741,1,5,-95,-8,9,45,45,10,28368384,262,1,31,13499,
456.394,3559.59,51.4743,7.44858,165.048,7.03799,142.257,1,9,-90,-8,11,50,49,10,28368384,262,1,31,13499,
457.388,3568.14,51.4743,7.44866,164.945,8.4999,141.563,1,9,-90,-8,11,50,49,10,28368384,262,1,31,13499,
458.377,3576.17,51.4742,7.44872,165.259,8.63369,141.1,1,6,-92,-8,7,48,47,10,28368384,262,1,31,13499,
459.389,3585.53,51.4742,7.4488,165.301,9.32425,140.44,1,6,-92,-8,7,48,47,10,28368384,262,1,31,13499,
460.377,3595.61,51.4741,7.4489,165.213,10.8201,139.584,1,7,-91,-8,11,49,48,10,28368384,262,1,31,13499,
461.381,3607.61,51.474,7.44902,165.457,12.2302,138.935,1,7,-91,-8,11,49,48,10,28368384,262,1,31,13499,
462.397,3620.31,51.4739,7.44914,165.396,13.7481,138.214,1,-1,-87,-7,6,53,52,7,29568768,262,1,415,13499,
463.377,3634.32,51.4738,7.44928,165.281,13.5277,137.023,1,-1,-87,-7,6,53,52,7,29568768,262,1,415,13499,
464.406,3647.82,51.4737,7.44943,164.808,13.8962,135.845,1,13,-80,-7,15,60,58,7,29568768,262,1,415,13499,
465.394,3661.28,51.4737,7.44957,163.994,13.6192,134.555,1,13,-80,-7,15,60,58,7,29568768,262,1,415,13499,
466.39,3674.47,51.4736,7.44971,163.287,13.2659,133.178,1,13,-86,-6,15,54,52,7,29568768,262,1,415,13499,
467.381,3688.75,51.4735,7.44987,163.141,13.4454,131.61,1,13,-86,-6,15,54,52,7,29568768,262,1,415,13499,
468.384,3702.48,51.4734,7.45002,163.318,14.0047,130.119,1,15,-85,-6,15,55,52,7,29568768,262,1,415,13499,
469.394,3716.74,51.4733,7.45018,163.729,14.6696,128.494,1,15,-85,-6,15,55,52,7,29568768,262,1,415,13499,
470.381,3731.36,51.4733,7.45036,164.03,15.1483,126.826,1,15,-84,-5,13,56,53,7,29568768,262,1,415,13499,
471.378,3747.06,51.4732,7.45055,164.794,15.7628,125.368,1,15,-84,-5,13,56,53,7,29568768,262,1,415,13499,
472.386,3762.72,51.4731,7.45074,165.55,15.607,124.11,1,24,-78,-5,15,62,58,7,29568768,262,1,415,13499,
473.39,3778.01,51.473,7.45093,165.777,15.1759,122.363,1,24,-78,-5,15,62,58,7,29568768,262,1,415,13499,
474.398,3793.16,51.473,7.45113,166.019,14.8321,120.471,1,24,-78,-5,15,62,58,7,29568768,262,1,415,13499,
475.428,3808,51.4729,7.45132,165.778,15.0383,118.491,1,24,-78,-5,15,62,57,7,29568768,262,1,415,13499,
476.386,3823.66,51.4729,7.45153,165.339,15.6326,116.666,1,24,-78,-5,15,62,57,7,29568768,262,1,415,13499,
477.402,3838.69,51.4728,7.45173,165.042,15.7376,114.587,1,17,-81,-5,12,59,55,7,29568768,262,1,415,13499,
478.372,3853.8,51.4728,7.45194,164.71,15.8239,112.567,1,17,-81,-5,12,59,55,7,29568768,262,1,415,13499,
479.375,3869.88,51.4727,7.45216,164.469,16.0286,110.914,1,18,-81,-6,10,59,55,7,29568768,262,1,415,13499,
480.386,3886.2,51.4727,7.45238,164.234,15.9312,109.209,1,18,-81,-6,10,59,55,7,29568768,262,1,415,13499,
481.381,3903.02,51.4727,7.45262,164.255,16.094,107.917,1,21,-79,-5,14,61,57,7,29568768,262,1,415,13499,
482.395,3920.1,51.4726,7.45285,165.092,16.3841,106.824,1,21,-79,-5,14,61,57,7,29568768,262,1,415,13499,
483.388,3936.65,51.4726,7.45309,165.79,16.0034,106.058,1,20,-80,-6,12,60,56,7,29568768,262,1,415,13499,
484.377,3952.3,51.4725,7.45331,165.848,15.4974,105.418,1,20,-80,-6,12,60,56,7,29568768,262,1,415,13499,
485.384,3967.74,51.4725,7.45353,165.935,15.6363,104.811,1,12,-82,-5,10,58,55,7,29568768,262,1,415,13499,
486.391,3983.65,51.4725,7.45375,165.976,16.1638,105.497,1,12,-82,-5,10,58,55,7,29568768,262,1,415,13499,
487.394,3999.94,51.4724,7.45398,165.629,16.6256,106.118,1,18,-83,-5,15,57,53,7,29568768,262,1,415,13499,
488.385,4017.01,51.4724,7.45422,165.608,16.5786,106.489,1,18,-83,-5,15,57,53,7,29568768,262,1,415,13499,
489.391,4033.15,51.4724,7.45444,165.448,16.2714,107.086,1,23,-77,-5,12,63,57,7,29568768,262,1,415,13499,
490.388,4048.48,51.4723,7.45465,164.855,15.9689,107.658,1,23,-77,-5,12,63,57,7,29568768,262,1,415,13499,
491.384,4063.89,51.4723,7.45487,164.013,15.6648,108.114,1,21,-81,-5,11,59,55,7,29568768,262,1,415,13499,
492.393,4079.26,51.4722,7.45508,163.379,15.482,108.834,1,21,-81,-5,11,59,55,7,29568768,262,1,415,13499,
493.38,4095.19,51.4722,7.45529,162.907,15.942,109.678,1,30,-81,-5,13,59,53,7,29568768,262,1,415,13499,
494.397,4111.04,51.4721,7.45551,162.618,16.0807,110.313,1,30,-81,-5,13,59,53,7,29568768,262,1,415,13499,
495.363,4127.12,51.4721,7.45572,162.248,15.8028,111.1,1,30,-81,-5,13,59,53,7,29568768,262,1,415,13499,
496.379,4142.07,51.472,7.45592,161.662,15.6867,111.748,1,12,-87,-6,15,53,49,7,29568768,262,1,415,13499,
497.399,4157.33,51.472,7.45613,160.974,15.472,112.456,1,12,-88,-6,9,52,49,7,29568768,262,1,415,13499,
498.377,4172.42,51.4719,7.45633,160.252,15.2902,113.136,1,12,-88,-6,9,52,49,7,29568768,262,1,415,13499,
499.397,4187.53,51.4719,7.45653,159.947,15.0546,113.671,1,12,-88,-6,9,52,49,7,29568768,262,1,415,13499,
500.408,4201.95,51.4718,7.45671,159.625,14.7736,114.504,1,13,-85,-5,10,55,51,7,29568768,262,1,415,13499,
501.39,4216.83,51.4718,7.45691,159.353,13.9971,114.865,1,13,-85,-5,10,55,51,7,29568768,262,1,415,13499,
502.393,4230.64,51.4717,7.45709,158.812,13.7475,114.849,1,28,-87,-6,11,53,49,7,29568768,262,1,415,13499,
503.392,4244.34,51.4717,7.45727,158.37,13.6955,115.138,1,28,-87,-6,11,53,49,7,29568768,262,1,415,13499,
504.394,4257.79,51.4716,7.45744,157.82,13.5824,116.314,1,19,-88,-6,10,52,48,7,29568768,262,1,415,13499,
505.367,4271.36,51.4715,7.45761,157.352,14.4101,117.457,1,19,-88,-6,10,52,48,7,29568768,262,1,415,13499,
506.38,4285.73,51.4715,7.45779,156.804,14.92,117.959,1,9,-91,-7,11,49,46,7,29568768,262,1,415,13499,
507.389,4299.88,51.4714,7.45797,156.162,14.6946,117.442,1,9,-91,-7,11,49,46,7,29568768,262,1,415,13499,
508.385,4313.56,51.4714,7.45815,155.853,14.211,116.899,1,20,-86,-6,12,54,51,7,29568768,262,1,415,13499,
509.386,4327.27,51.4713,7.45832,155.966,13.0313,116.314,1,20,-86,-6,12,54,51,7,29568768,262,1,415,13499,
510.395,4340.73,51.4713,7.4585,155.823,11.9017,115.904,1,13,-90,-7,10,50,48,7,29568768,262,1,415,13499,
511.376,4351.69,51.4712,7.45864,155.775,10.9169,115.155,1,13,-90,-7,10,50,48,7,29568768,262,1,415,13499,
512.394,4362.79,51.4712,7.45879,155.39,9.61563,115.919,1,11,-94,-8,9,46,44,7,29568768,262,1,415,13499,
513.38,4371.38,51.4711,7.4589,155.294,8.14897,116.242,1,11,-94,-8,9,46,44,7,29568768,262,1,415,13499,
514.378,4378.17,51.4711,7.45899,155.198,6.70949,115.903,1,16,-89,-8,10,51,52,7,29568768,262,1,415,13499,
515.397,4384.4,51.4711,7.45907,155.35,5.40587,116.218,1,16,-89,-8,10,51,52,7,29568768,262,1,415,13499,
516.394,4389.82,51.4711,7.45914,155.398,4.28983,115.921,1,4,-93,-9,9,47,47,7,29568768,262,1,415,13499,
517.379,4392.86,51.4711,7.45918,155.407,3.49968,116.629,1,4,-93,-9,9,47,47,7,29568768,262,1,415,13499,
518.399,4395.43,51.471,7.45921,155.388,2.46432,116.119,1,8,-95,-9,2,45,45,7,29568768,262,1,415,13499,
519.373,4397.19,51.471,7.45924,155.348,0.840539,116.119,1,8,-95,-9,2,45,45,7,29568768,262,1,415,13499,
520.405,4397.19,51.471,7.45924,155.342,0,116.119,1,8,-95,-9,2,45,45,7,29568768,262,1,415,13499,
521.393,4397.19,51.471,7.45924,155.334,0,116.119,1,8,-94,-10,2,46,47,7,29568768,262,1,415,13499,
522.382,4397.19,51.471,7.45924,155.321,0,116.119,1,8,-94,-10,2,46,47,7,29568768,262,1,415,13499,
523.398,4397.19,51.471,7.45924,155.305,0,116.119,1,8,-92,-9,2,48,48,7,29568769,262,1,416,13499,
524.385,4397.19,51.471,7.45924,155.285,0,116.119,1,8,-92,-9,2,48,48,7,29568769,262,1,416,13499,
525.381,4397.19,51.471,7.45924,155.27,0,116.119,1,8,-93,-9,2,47,48,7,29568769,262,1,416,13499,
526.38,4397.19,51.471,7.45924,155.257,0,116.119,1,8,-93,-9,2,47,48,7,29568769,262,1,416,13499,
527.397,4397.19,51.471,7.45924,155.245,0,116.119,1,8,-93,-9,2,47,48,7,29568769,262,1,416,13499,
528.395,4397.19,51.471,7.45924,155.229,0,116.119,1,8,-93,-9,2,47,48,7,29568769,262,1,416,13499,
529.379,4397.19,51.471,7.45924,155.213,0,116.119,1,9,-93,-9,2,47,47,7,29568769,262,1,416,13499,
530.418,4397.19,51.471,7.45924,155.196,0,116.119,1,9,-93,-9,2,47,47,7,29568769,262,1,416,13499,
531.377,4397.19,51.471,7.45924,155.178,0,116.119,1,12,-92,-9,2,48,48,7,29568769,262,1,416,13499,
532.394,4397.19,51.471,7.45924,155.163,0,116.119,1,12,-92,-9,2,48,48,7,29568769,262,1,416,13499,
533.386,4397.19,51.471,7.45924,155.145,0,116.119,1,10,-92,-9,2,48,48,7,29568769,262,1,416,13499,
534.395,4397.19,51.471,7.45924,155.129,0,116.119,1,10,-92,-9,2,48,48,7,29568769,262,1,416,13499,
535.401,4397.19,51.471,7.45924,155.114,0,116.119,1,10,-92,-9,2,48,48,7,29568769,262,1,416,13499,
536.377,4397.19,51.471,7.45924,155.098,0,116.119,1,10,-92,-9,2,48,48,7,29568769,262,1,416,13499,
537.383,4397.19,51.471,7.45924,155.082,0,116.119,1,7,-93,-9,2,47,47,7,29568769,262,1,416,13499,
538.383,4397.19,51.471,7.45924,155.063,0,116.119,1,7,-93,-9,2,47,47,7,29568769,262,1,416,13499,
539.381,4397.19,51.471,7.45924,155.046,0,116.119,1,10,-93,-9,2,47,47,7,29568769,262,1,416,13499,
540.383,4397.19,51.471,7.45924,155.029,0,116.119,1,10,-93,-9,2,47,47,7,29568769,262,1,416,13499,
541.395,4397.19,51.471,7.45924,155.013,0,116.119,1,10,-93,-9,2,47,47,7,29568769,262,1,416,13499,
542.366,4397.19,51.471,7.45924,154.996,0,116.119,1,10,-93,-9,2,47,47,7,29568769,262,1,416,13499,
543.378,4397.19,51.471,7.45924,154.981,0,116.119,1,10,-93,-9,2,47,47,7,29568769,262,1,416,13499,
544.41,4397.19,51.471,7.45924,154.963,0,116.119,1,11,-93,-8,2,47,47,7,29568769,262,1,416,13499,
545.377,4397.19,51.471,7.45924,154.947,0,116.119,1,11,-93,-8,2,47,47,7,29568769,262,1,416,13499,
546.384,4397.19,51.471,7.45924,154.933,0,116.119,1,10,-93,-9,2,47,47,7,29568769,262,1,416,13499,
547.378,4397.19,51.471,7.45924,154.919,0,116.119,1,10,-93,-9,2,47,47,7,29568769,262,1,416,13499,
548.397,4397.19,51.471,7.45924,154.906,0,116.119,1,8,-93,-9,2,47,47,7,29568769,262,1,416,13499,
549.392,4397.19,51.471,7.45924,154.892,0,116.119,1,8,-93,-9,2,47,47,7,29568769,262,1,416,13499,
550.384,4397.19,51.471,7.45924,154.88,0,116.119,1,11,-92,-9,2,48,48,7,29568769,262,1,416,13499,
551.372,4397.19,51.471,7.45924,154.865,0,116.119,1,11,-92,-9,2,48,48,7,29568769,262,1,416,13499,
552.373,4397.19,51.471,7.45924,154.852,0,116.119,1,11,-92,-9,2,48,48,7,29568769,262,1,416,13499,
553.375,4397.19,51.471,7.45924,154.841,0,116.119,1,11,-92,-9,2,48,48,7,29568769,262,1,416,13499,
554.393,4397.19,51.471,7.45924,154.707,0,116.119,1,10,-93,-9,2,47,48,4,29568769,262,1,416,13499,
555.377,4397.19,51.471,7.45924,154.532,0,113.931,1,10,-93,-9,2,47,48,4,29568769,262,1,416,13499,
556.384,4397.19,51.471,7.45924,154.31,0,112.617,1,6,-93,-8,11,47,46,4,29568769,262,1,416,13499,
557.378,4408.2,51.471,7.45938,151.949,6.42761,113.493,1,6,-93,-8,11,47,46,4,29568769,262,1,416,13499,
558.395,4414.89,51.471,7.45947,150.589,7.37199,115.431,1,4,-94,-9,7,46,47,4,29568769,262,1,416,13499,
559.394,4421.14,51.4709,7.45955,150.002,6.89736,115.057,1,4,-94,-9,7,46,47,4,29568769,262,1,416,13499,
560.384,4429.21,51.4709,7.45965,149.603,8.29989,115.788,1,7,-89,-8,11,51,49,4,29568769,262,1,416,13499,
561.384,4437.76,51.4709,7.45976,149.716,8.90889,114.809,1,7,-89,-8,11,51,49,4,29568769,262,1,416,13499,
562.363,4446.25,51.4708,7.45988,150.354,9.78985,113.493,1,5,-93,-10,9,47,47,4,29568769,262,1,416,13499,
563.375,4455.92,51.4708,7.46001,151.215,10.0599,112.454,1,5,-93,-10,9,47,47,4,29568769,262,1,416,13499,
564.388,4466.92,51.4708,7.46015,151.844,10.3029,111.584,1,2,-98,-11,8,42,44,4,29568769,262,1,416,13499,
565.405,4478.5,51.4707,7.46031,152.303,11.9542,110.931,1,2,-98,-11,8,42,44,4,29568769,262,1,416,13499,
566.391,4490.37,51.4707,7.46047,152.782,12.2411,111.471,1,2,-98,-11,8,42,44,4,29568769,262,1,416,13499,
567.38,4503.14,51.4707,7.46064,153.162,12.9231,112.045,1,-1,-98,-12,5,42,45,4,29568769,262,1,416,13499,
568.394,4516.63,51.4706,7.46082,153.738,13.3971,113.104,1,-1,-98,-12,5,42,45,4,29568769,262,1,416,13499,
569.39,4529.99,51.4706,7.461,153.797,13.1833,113.94,1,5,-93,-9,10,47,48,4,29568769,262,1,416,13499,
570.372,4542.49,51.4705,7.46116,153.893,12.5873,114.432,1,5,-93,-9,10,47,48,4,29568769,262,1,416,13499,
571.391,4554.85,51.4705,7.46132,153.916,12.4888,115.025,1,-1,-99,-13,2,41,44,4,29568769,262,1,416,13499,
572.39,4567.45,51.4704,7.46149,153.782,12.4082,115.296,1,-1,-99,-13,2,41,44,4,29568769,262,1,416,13499,
573.383,4580.66,51.4704,7.46166,153.915,11.689,114.939,1,-6,-99,-12,2,41,44,4,29568769,262,1,416,13499,
574.369,4592.37,51.4703,7.46181,154.095,11.591,115.767,1,-6,-99,-12,2,41,44,4,29568769,262,1,416,13499,
575.389,4605.51,51.4703,7.46198,154.138,13.1208,115.037,1,-3,-99,-12,2,41,44,4,29568769,262,1,416,13499,
576.369,4618.83,51.4702,7.46215,153.826,13.3174,115.24,1,-3,-99,-12,2,41,44,4,29568769,262,1,416,13499,
577.397,4632.12,51.4702,7.46233,153.464,13.1749,115.131,1,2,-99,-10,2,41,42,4,26378498,262,1,495,13499,
578.369,4645.54,51.4701,7.4625,153.791,13.0316,115.116,1,2,-99,-10,2,41,42,4,26378498,262,1,495,13499,
579.386,4658.4,51.4701,7.46267,153.985,13.015,115.094,1,1,-97,-9,2,43,43,4,26378498,262,1,495,13499,
580.386,4670.75,51.47,7.46284,153.879,12.9126,114.613,1,1,-97,-9,2,43,43,4,26378498,262,1,495,13499,
581.401,4682.93,51.47,7.463,153.535,12.3162,115.176,1,1,-98,-9,2,42,43,4,26378498,262,1,495,13499,
582.376,4695.42,51.4699,7.46316,153.202,11.8695,115.117,1,1,-98,-9,2,42,43,4,26378498,262,1,495,13499,
583.39,4707.74,51.4699,7.46333,153.337,11.575,114.648,1,-1,-98,-10,2,42,43,4,26378498,262,1,495,13499,
584.39,4718.81,51.4699,7.46347,153.758,11.0161,113.789,1,-1,-98,-10,2,42,43,4,26378498,262,1,495,13499,
585.376,4730.52,51.4698,7.46363,154.143,11.6461,112.963,1,2,-100,-11,2,40,42,4,26378498,262,1,495,13499,
586.373,4743.23,51.4698,7.4638,154.361,12.8854,112.046,1,2,-100,-11,2,40,42,4,26378498,262,1,495,13499,
587.371,4756.62,51.4697,7.46398,153.666,14.7406,111.046,1,3,-101,-11,2,39,42,4,26378498,262,1,495,13499,
588.381,4771.62,51.4697,7.46418,153.431,16.1327,110.218,1,3,-101,-11,2,39,42,4,26378498,262,1,495,13499,
589.392,4788.7,51.4696,7.46442,153.403,17.0069,109.472,1,4,-100,-10,2,40,41,4,26378498,262,1,495,13499,
590.377,4805.56,51.4696,7.46465,153.546,16.9769,108.434,1,4,-100,-10,2,40,41,4,26378498,262,1,495,13499,
591.385,4822.83,51.4695,7.46489,153.847,17.5796,107.338,1,4,-100,-10,2,40,41,4,26378498,262,1,495,13499,
592.387,4841.21,51.4695,7.46514,154.431,17.2952,105.106,1,2,-99,-9,2,41,41,4,26378498,262,1,495,13499,
593.398,4859.02,51.4695,7.4654,154.947,17.0025,102.475,1,2,-99,-9,2,41,41,4,26378498,262,1,495,13499,
594.375,4859.02,51.471,7.46778,nan,16.8712,100.537,1,-2,-99,-9,2,41,42,4,26378498,262,1,495,13499,
595.387,4859.02,51.4694,7.46588,155.888,17.1423,99.5826,1,-2,-99,-9,2,41,42,4,26378498,262,1,495,13499,
596.35,4876.89,51.4694,7.46614,156.572,17.2901,98.1241,1,7,-98,-10,2,42,43,4,29401601,262,1,430,13499,
597.378,4893.86,51.4694,7.46638,157.267,17.2958,96.7546,1,7,-98,-10,2,42,43,4,29401601,262,1,430,13499,
598.386,4910.49,51.4694,7.46662,158.111,16.8703,94.2086,1,8,-97,-8,2,43,43,4,29401601,262,1,430,13499,
599.378,4928.05,51.4694,7.46688,158.678,16.9932,92.0504,1,8,-97,-8,2,43,43,4,29401601,262,1,430,13499,
600.398,4945.38,51.4694,7.46713,159.191,16.9836,90.1684,1,5,-97,-8,2,43,43,4,29401601,262,1,430,13499,
601.339,4945.38,51.4694,7.46713,159.191,16.9836,90.1684,1,5,-97,-8,2,43,43,4,29401601,262,1,430,13499,
602.377,4978.44,51.4694,7.4676,158.473,16.6569,86.767,1,5,-97,-9,2,43,42,4,29401601,262,1,430,13499,
603.385,4995.5,51.4695,7.46784,158.453,16.5888,85.5813,1,5,-97,-9,2,43,42,4,29401601,262,1,430,13499,
604.386,5012.52,51.4695,7.46809,158.556,16.8263,84.0983,1,2,-98,-9,2,42,42,4,29401601,262,1,430,13499,
605.406,5030.24,51.4695,7.46834,159.285,17.3634,82.6227,1,2,-98,-9,2,42,42,4,29401601,262,1,430,13499,
606.387,5047.73,51.4695,7.46859,160.461,17.7688,81.8951,1,3,-99,-10,2,41,41,4,29401601,262,1,430,13499,
607.36,5065.29,51.4696,7.46883,160.922,17.2388,81.5035,1,3,-99,-10,2,41,41,4,29401601,262,1,430,13499,
608.381,5082.17,51.4696,7.46907,161.224,17.0391,80.8308,1,4,-101,-10,2,39,39,4,29401601,262,1,430,13499,
609.379,5099.53,51.4696,7.46932,161.265,17.1527,80.3295,1,4,-101,-10,2,39,39,4,29401601,262,1,430,13499,
610.389,5117.26,51.4697,7.46957,161.504,17.3073,79.6627,1,2,-103,-10,2,37,38,4,29401601,262,1,430,13499,
611.369,5134.94,51.4697,7.46982,161.505,17.6855,80.4704,1,2,-103,-10,2,37,38,4,29401601,262,1,430,13499,
612.387,5152.07,51.4697,7.47006,161.158,17.7331,80.0829,1,4,-103,-10,2,37,39,4,29401601,262,1,430,13499,
613.379,5170.63,51.4698,7.47033,161.1,18.0149,80.045,1,4,-103,-10,2,37,39,4,29401601,262,1,430,13499,
614.383,5189.57,51.4698,7.4706,161.051,18.5093,80.7495,1,4,-100,-10,2,40,40,4,29401601,262,1,430,13499,
615.368,5207.24,51.4698,7.47085,160.949,18.6794,81.9382,1,4,-100,-10,2,40,40,4,29401601,262,1,430,13499,
616.389,5225.81,51.4698,7.47112,161.439,18.198,83.1608,1,6,-99,-9,2,41,41,4,29401601,262,1,430,13499,
617.375,5245.87,51.4698,7.4714,162.332,18.1962,84.7184,1,6,-99,-9,2,41,41,4,29401601,262,1,430,13499,
618.394,5264.78,51.4698,7.47168,163.04,18.8669,86.5382,1,5,-99,-9,2,41,41,4,29401601,262,1,430,13499,
619.392,5284.51,51.4698,7.47196,163.886,19.3121,88.8956,1,5,-99,-9,2,41,41,4,29401601,262,1,430,13499,
620.376,5305.11,51.4698,7.47226,164.903,19.7679,91.9351,1,5,-99,-9,2,41,41,4,29401601,262,1,430,13499,
621.582,5324.21,51.4698,7.47253,165.644,18.9569,94.4398,1,2,-101,-11,2,39,41,4,29401601,262,1,430,13499,
622.391,5341.49,51.4698,7.47278,166.151,18.707,96.4348,1,2,-101,-11,2,39,41,4,29401601,262,1,430,13499,
623.389,5360.62,51.4698,7.47306,166.568,19.553,97.5804,1,4,-99,-8,9,41,40,22,31263232,262,1,162,13499,
624.387,5379.17,51.4698,7.47332,166.841,19.1097,97.6815,1,4,-99,-8,9,41,40,22,31263232,262,1,162,13499,
625.393,5398.2,51.4697,7.47359,167.125,18.7012,98.0547,1,5,-100,-9,9,40,40,22,31263232,262,1,162,13499,
626.376,5416.61,51.4697,7.47385,167.06,18.9633,98.5864,1,5,-100,-9,9,40,40,22,31263232,262,1,162,13499,
627.379,5435.25,51.4697,7.47412,166.822,19.3757,98.0917,1,1,-102,-11,5,38,40,22,31263232,262,1,162,13499,
628.374,5453.56,51.4697,7.47438,166.47,18.7675,98.0432,1,1,-102,-11,5,38,40,22,31263232,262,1,162,13499,
629.379,5474.1,51.4696,7.47468,166.507,18.4159,98.3811,1,-3,-105,-12,4,35,38,22,31263232,262,1,162,13499,
630.386,5492.26,51.4696,7.47494,166.576,18.487,97.5175,1,-3,-105,-12,4,35,38,22,31263232,262,1,162,13499,
631.345,5510.12,51.4696,7.47519,166.854,18.3506,96.6777,1,-2,-105,-14,4,35,40,22,31263232,262,1,162,13499,
632.39,5528.72,51.4696,7.47546,167.162,17.8057,95.8329,1,-2,-105,-14,4,35,40,22,31263232,262,1,162,13499,
633.383,5547.48,51.4696,7.47573,167.856,17.2209,95.3025,1,0,-100,-11,6,40,42,8,26378497,262,1,496,13499,
634.386,5565.11,51.4695,7.47598,168.793,16.9049,94.5725,1,0,-100,-11,6,40,42,8,26378497,262,1,496,13499,
635.372,5581.2,51.4695,7.47622,168.85,16.5546,93.1248,1,-4,-102,-13,4,38,43,8,26378497,262,1,496,13499,
636.393,5597.17,51.4695,7.47645,169.466,16.4108,91.6832,1,-4,-102,-13,4,38,43,8,26378497,262,1,496,13499,
637.378,5612.97,51.4695,7.47668,169.893,15.7801,90.0912,1,-1,-100,-13,5,40,44,8,26378497,262,1,496,13499,
638.384,5628.85,51.4695,7.4769,170.691,15.1877,89.2459,1,-1,-100,-13,5,40,44,8,26378497,262,1,496,13499,
639.358,5646.51,51.4696,7.47716,172.054,14.8295,88.1126,1,-1,-99,-12,5,41,44,8,26378497,262,1,496,13499,
640.401,5659.9,51.4696,7.47735,172.731,14.5877,87.1177,1,-1,-99,-12,5,41,44,8,26378497,262,1,496,13499,
641.378,5673.07,51.4696,7.47754,173.679,14.0345,85.768,1,-4,-100,-15,4,40,47,8,26378497,262,1,496,13499,
642.386,5686.66,51.4696,7.47773,174.246,13.1185,83.3798,1,-4,-100,-15,4,40,47,8,26378497,262,1,496,13499,
643.395,5698.52,51.4696,7.4779,174.5,12.8889,81.4339,1,-1,-96,-12,6,44,48,8,26378497,262,1,496,13499,
644.385,5711.48,51.4696,7.47809,175.125,12.3727,79.934,1,-1,-96,-12,6,44,48,8,26378497,262,1,496,13499,
645.386,5723.73,51.4697,7.47826,175.964,11.6286,78.6035,1,-1,-96,-12,6,44,48,8,26378497,262,1,496,13499,
646.389,5735.21,51.4697,7.47842,177.382,10.5487,77.4742,1,6,-93,-9,8,47,47,8,26378497,262,1,496,13499,
647.376,5745.09,51.4697,7.47855,178.271,9.1594,76.3194,1,6,-93,-9,8,47,47,8,26378497,262,1,496,13499,
648.389,5753.84,51.4698,7.47867,178.732,7.55917,75.6941,1,7,-90,-10,2,50,51,8,26378497,262,1,496,13499,
649.368,5761.53,51.4698,7.47878,179.095,6.66918,75.1059,1,7,-90,-10,2,50,51,8,26378497,262,1,496,13499,
650.392,5767.87,51.4698,7.47886,179.41,5.59404,74.7235,1,13,-90,-8,2,50,49,8,26378497,262,1,496,13499,
651.378,5772.47,51.4698,7.47893,179.451,3.98054,75.0788,1,13,-90,-8,2,50,49,8,26378497,262,1,496,13499,
652.397,5775.49,51.4698,7.47897,179.469,2.25873,74.9919,1,13,-88,-7,2,52,50,8,26378497,262,1,496,13499,
653.397,5776.54,51.4698,7.47898,179.506,0.858874,74.9919,1,13,-88,-7,2,52,50,8,26378497,262,1,496,13499,
654.394,5776.54,51.4708,7.48208,nan,0,74.9919,1,10,-86,-6,2,54,51,8,26378497,262,1,496,13499,
655.396,5776.54,51.4698,7.47898,179.499,0,74.9919,1,10,-86,-6,2,54,51,8,26378497,262,1,496,13499,
656.386,5776.54,51.4698,7.47898,179.489,0,74.9919,1,14,-86,-6,2,54,51,8,26378497,262,1,496,13499,
657.445,5776.54,51.4698,7.47898,179.478,0,74.9919,1,14,-86,-6,2,54,51,8,26378497,262,1,496,13499,
658.373,5776.54,51.4698,7.47898,179.465,0,74.9919,1,13,-86,-5,9,54,50,8,26378497,262,1,496,13499,
659.367,5776.54,51.4698,7.47898,179.453,0,74.9919,1,13,-86,-5,9,54,50,8,26378497,262,1,496,13499,
660.394,5776.54,51.4698,7.47898,179.442,0,74.9919,1,12,-87,-6,14,53,50,8,26378497,262,1,496,13499,
661.367,5776.54,51.4698,7.47898,179.433,0,74.9919,1,12,-87,-6,14,53,50,8,26378497,262,1,496,13499,
662.37,5776.54,51.4698,7.47898,179.424,0,74.9919,1,12,-85,-6,9,55,52,8,26378497,262,1,496,13499,
663.389,5776.54,51.4698,7.47898,179.416,0,74.9919,1,12,-85,-6,9,55,52,8,26378497,262,1,496,13499,
664.393,5776.54,51.4698,7.47898,179.419,0,74.9919,1,13,-86,-7,10,54,51,8,26378497,262,1,496,13499,
665.382,5776.54,51.4698,7.47898,179.424,0,74.9919,1,13,-86,-7,10,54,51,8,26378497,262,1,496,13499,
666.379,5776.54,51.4698,7.47898,179.431,0,74.9919,1,11,-86,-6,9,54,50,8,26378497,262,1,496,13499,
667.381,5776.54,51.4698,7.47898,179.437,0,74.9919,1,11,-86,-6,9,54,50,8,26378497,262,1,496,13499,
668.387,5776.54,51.4698,7.47898,179.443,0,74.9919,1,13,-85,-6,10,55,51,8,26378497,262,1,496,13499,
669.388,5776.54,51.4698,7.47898,179.448,0,74.9919,1,13,-85,-6,10,55,51,8,26378497,262,1,496,13499,
670.407,5776.54,51.4698,7.47898,179.453,0,74.9919,1,13,-85,-7,9,55,53,8,26378497,262,1,496,13499,
671.392,5776.54,51.4698,7.47898,179.459,0,74.9919,1,13,-85,-7,9,55,53,8,26378497,262,1,496,13499,
672.396,5776.54,51.4698,7.47898,179.463,0,74.9919,1,13,-85,-7,9,55,53,8,26378497,262,1,496,13499,
673.381,5776.54,51.4698,7.47898,179.468,0,74.9919,1,13,-85,-6,10,55,51,8,26378497,262,1,496,13499,
674.388,5776.54,51.4708,7.48208,nan,0,74.9919,1,13,-85,-6,10,55,51,8,26378497,262,1,496,13499,
675.392,5776.54,51.4698,7.47898,179.858,0,74.3326,1,14,-85,-6,10,55,51,8,26378497,262,1,496,13499,
676.39,5785.42,51.4698,7.4791,180.187,0,74.4776,1,14,-85,-6,10,55,51,8,26378497,262,1,496,13499,
677.394,5791.25,51.4699,7.47919,180.415,6.04523,74.1686,1,29,-83,-6,13,57,53,8,26378497,262,1,496,13499,
678.385,5797.85,51.4699,7.47928,180.608,6.87792,73.5212,1,29,-83,-6,13,57,53,8,26378497,262,1,496,13499,
679.462,5805.74,51.4699,7.47939,180.796,8.22131,72.8685,1,14,-81,-6,13,59,52,8,26378497,262,1,496,13499,
680.383,5814.61,51.4699,7.47951,180.972,9.39069,73.2605,1,14,-81,-6,13,59,52,8,26378497,262,1,496,13499,
681.383,5825,51.4699,7.47965,180.966,10.594,72.6327,1,16,-78,-8,12,62,58,8,26378497,262,1,496,13499,
682.376,5835.97,51.47,7.4798,180.633,11.7142,72.5583,1,16,-78,-8,12,62,58,8,26378497,262,1,496,13499,
683.396,5848.54,51.47,7.47998,180.408,12.5055,72.0531,1,18,-79,-6,11,61,56,8,26378497,262,1,496,13499,
684.375,5861.13,51.47,7.48015,179.951,13.1927,71.5499,1,18,-79,-6,11,61,56,8,26378497,262,1,496,13499,
685.386,5875.02,51.4701,7.48034,179.946,13.4296,70.7789,1,5,-85,-7,12,55,52,8,26378497,262,1,496,13499,
686.389,5889.09,51.4701,7.48053,180.001,13.6457,70.8709,1,5,-85,-7,12,55,52,8,26378497,262,1,496,13499,
687.394,5903.59,51.4702,7.48073,180.563,13.3207,71.1361,1,8,-86,-6,10,54,50,8,26378497,262,1,496,13499,
688.373,5916.54,51.4702,7.4809,181.137,12.9058,71.6404,1,8,-86,-6,10,54,50,8,26378497,262,1,496,13499,
689.375,5930.38,51.4703,7.48109,182.313,12.8424,72.223,1,31,-85,-6,13,55,51,8,26378497,262,1,496,13499,
690.372,5942.46,51.4703,7.48126,183.148,11.4884,73.049,1,31,-85,-6,13,55,51,8,26378497,262,1,496,13499,
691.402,5953.9,51.4703,7.48141,183.766,9.2912,74.0444,1,12,-89,-6,12,51,48,8,26378497,262,1,496,13499,
692.385,5961.36,51.4703,7.48152,184.438,6.26519,95.5456,1,12,-89,-6,12,51,48,8,26378497,262,1,496,13499,
693.374,5967.67,51.4703,7.48158,183.874,7.54449,136.854,1,13,-89,-6,9,51,48,8,26378497,262,1,496,13499,
694.399,5967.67,51.4708,7.48208,nan,9.75947,152.019,1,13,-89,-6,9,51,48,8,26378497,262,1,496,13499,
695.39,5967.67,51.4701,7.48171,182.427,10.1143,155.114,1,13,-89,-6,9,51,48,8,26378497,262,1,496,13499,
696.384,5978.19,51.47,7.48175,181.277,9.65651,157.976,1,7,-91,-8,11,49,47,8,26378497,262,1,496,13499,
697.388,5988.81,51.4699,7.48179,180.061,9.39052,160.075,1,7,-91,-8,11,49,47,8,26378497,262,1,496,13499,
698.384,5999.93,51.4698,7.48182,178.479,9.48424,161.744,1,11,-91,-6,9,49,47,8,26378497,262,1,496,13499,
699.381,6010.55,51.4697,7.48186,176.573,9.5234,162.99,1,11,-91,-6,9,49,47,8,26378497,262,1,496,13499,
700.386,6019.98,51.4697,7.48189,175.42,9.79222,163.563,1,6,-92,-8,8,48,48,8,26378497,262,1,496,13499,
701.383,6028.58,51.4696,7.48192,174.952,9.54658,164.357,1,6,-92,-8,8,48,48,8,26378497,262,1,496,13499,
702.387,6038.45,51.4695,7.48195,175.312,9.72237,164.781,1,8,-92,-7,7,48,46,8,26378497,262,1,496,13499,
703.38,6048.64,51.4694,7.48199,175.325,9.11285,164.123,1,8,-92,-7,7,48,46,8,26378497,262,1,496,13499,
704.387,6059.88,51.4693,7.48204,174.638,9.25754,163.231,1,9,-92,-9,8,48,49,8,26378497,262,1,496,13499,
705.381,6070.03,51.4692,7.48207,174.408,10.301,164.253,1,9,-92,-9,8,48,49,8,26378497,262,1,496,13499,
706.392,6082.31,51.4691,7.48212,174.338,11.2941,164.756,1,6,-93,-9,6,47,49,8,26378497,262,1,496,13499,
707.386,6094.55,51.469,7.48216,174.486,11.9204,165.599,1,6,-93,-9,6,47,49,8,26378497,262,1,496,13499,
708.4,6106.6,51.4689,7.4822,174.552,11.5074,166.617,1,6,-93,-7,2,47,45,8,26378497,262,1,496,13499,
709.41,6117.67,51.4688,7.48223,174.231,11.1905,166.604,1,6,-93,-7,2,47,45,8,26378497,262,1,496,13499,
710.384,6128.99,51.4687,7.48227,173.807,11.0146,166.058,1,6,-93,-7,2,47,45,8,26378497,262,1,496,13499,
711.373,6139.52,51.4686,7.4823,173.253,10.7533,165.441,1,2,-92,-7,9,48,48,11,26378497,262,1,496,13499,
712.376,6150.32,51.4685,7.48235,172.831,10.4549,164.114,1,2,-92,-7,9,48,48,11,26378497,262,1,496,13499,
713.437,6161.59,51.4684,7.48239,172.559,10.1967,163.514,1,3,-96,-8,10,44,44,11,26378497,262,1,496,13499,
714.387,6161.59,51.4688,7.48238,nan,10.0452,164.109,1,3,-96,-8,10,44,44,11,26378497,262,1,496,13499,
715.397,6161.59,51.4682,7.48247,171.542,9.91404,164.152,1,4,-97,-9,8,43,44,11,26378497,262,1,496,13499,
716.385,6171.12,51.4682,7.48251,171.332,9.73375,164.604,1,4,-97,-9,8,43,44,11,26378497,262,1,496,13499,
717.384,6180.71,51.4681,7.48255,171.145,9.38344,165.025,1,1,-100,-11,7,40,43,11,26378497,262,1,496,13499,
718.367,6190.84,51.468,7.48258,171.443,9.5922,165.843,1,1,-100,-11,7,40,43,11,26378497,262,1,496,13499,
719.388,6199.85,51.4679,7.4826,171.447,9.0153,167.479,1,0,-102,-15,4,38,44,20,28371200,262,1,68,13499,
720.372,6209.72,51.4678,7.48263,171.457,9.34283,168.396,1,0,-102,-15,4,38,44,20,28371200,262,1,68,13499,
721.389,6218.74,51.4677,7.48265,171.381,8.53681,168.978,1,7,-100,-9,10,40,42,20,28371200,262,1,68,13499,
722.378,6226.99,51.4677,7.48266,171.449,7.45313,169.985,1,7,-100,-9,10,40,42,20,28371200,262,1,68,13499,
723.383,6232.84,51.4676,7.48268,171.726,5.84611,170.122,1,7,-100,-10,8,40,42,20,28371200,262,1,68,13499,
724.369,6238.07,51.4676,7.48269,172.042,5.12596,172.377,1,7,-100,-10,8,40,42,20,28371200,262,1,68,13499,
725.378,6242.75,51.4675,7.48269,172.09,5.35367,172.719,1,7,-101,-11,6,39,41,20,28371200,262,1,68,13499,
726.385,6249.13,51.4675,7.4827,171.522,6.32335,171.551,1,7,-101,-11,6,39,41,20,28371200,262,1,68,13499,
727.386,6256.76,51.4674,7.48271,171.018,8.08059,172.083,1,7,-103,-10,9,37,38,20,28371200,262,1,68,13499,
728.369,6264.73,51.4673,7.48272,170.695,9.89786,173.442,1,7,-103,-10,9,37,38,20,28371200,262,1,68,13499,
729.372,6276.08,51.4672,7.48274,170.521,11.1508,174.547,1,13,-102,-9,10,38,38,20,28371200,262,1,68,13499,
730.394,6287.18,51.4671,7.48274,170.484,12.3081,176.639,1,13,-102,-9,10,38,38,20,28371200,262,1,68,13499,
731.376,6300.83,51.467,7.48274,170.564,13.7287,179.214,1,5,-99,-9,10,41,40,20,28371200,262,1,68,13499,
732.385,6315.74,51.4669,7.48272,170.536,14.3555,181.502,1,5,-99,-9,10,41,40,20,28371200,262,1,68,13499,
733.385,6332.21,51.4667,7.48269,169.967,14.3836,185.016,1,5,-99,-9,10,41,40,20,28371200,262,1,68,13499,
734.377,6332.21,51.4668,7.48269,nan,14.4831,187.833,1,4,-101,-9,2,39,40,20,28371200,262,1,68,13499,
735.387,6332.21,51.4665,7.48258,170.158,15.2815,189.856,1,4,-101,-9,2,39,40,20,28371200,262,1,68,13499,
736.377,6347.68,51.4663,7.48249,170.324,15.3478,197.932,1,-1,-100,-10,2,40,42,20,28371200,262,1,68,13499,
737.376,6362.31,51.4662,7.48242,170.172,14.8601,198.415,1,-1,-100,-10,2,40,42,20,28371200,262,1,68,13499,
738.378,6377.79,51.4661,7.48234,170.5,16.3698,199.273,1,-3,-99,-10,2,41,43,20,28371200,262,1,68,13499,
739.402,6394.21,51.4659,7.48227,170.427,15.5886,195.74,1,-3,-99,-10,2,41,43,20,28371200,262,1,68,13499,
740.381,6410.83,51.4658,7.48221,170.856,16.8629,196.27,1,2,-103,-12,2,37,40,20,28371200,262,1,68,13499,
741.385,6427.5,51.4657,7.48213,170.377,15.7959,198.921,1,2,-103,-12,2,37,40,20,28371200,262,1,68,13499,
742.387,6444.83,51.4655,7.48203,170.331,16.1654,200.717,1,-2,-107,-13,2,33,37,20,28371200,262,1,68,13499,
743.386,6462.58,51.4654,7.48192,170.458,15.9519,201.52,1,-2,-107,-13,2,33,37,20,28371200,262,1,68,13499,
744.379,6479.2,51.4652,7.4818,170.432,15.7393,201.984,1,-1,-107,-13,2,33,37,20,28371200,262,1,68,13499,
745.394,6494.12,51.4651,7.4817,170.725,15.2315,202.503,1,-1,-107,-13,2,33,37,20,28371200,262,1,68,13499,
746.394,6508.32,51.465,7.48161,171.072,14.6547,201.615,1,-2,-102,-13,2,38,42,20,28371200,262,1,68,13499,
747.372,6522.84,51.4649,7.48153,170.969,14.2234,200.811,1,-2,-102,-13,2,38,42,20,28371200,262,1,68,13499,
748.394,6537.36,51.4648,7.48145,171.019,14.5153,200.11,1,-1,-102,-13,2,38,42,20,28371200,262,1,68,13499,
749.374,6551.96,51.4646,7.48138,171.101,14.3767,199.113,1,-1,-102,-13,2,38,42,20,28371200,262,1,68,13499,
750.387,6566.57,51.4645,7.4813,170.783,13.4811,198.747,1,-3,-104,-11,2,36,37,20,26378497,262,1,496,13499,
751.369,6579.73,51.4644,7.48123,170.96,13.6144,198.41,1,-3,-104,-11,2,36,37,20,26378497,262,1,496,13499,
752.375,6594.48,51.4643,7.48116,171.138,14.1411,198.045,1,-6,-105,-11,2,35,36,20,26378497,262,1,496,13499,
753.378,6607.39,51.4642,7.48111,171.332,13.8752,197.546,1,-6,-105,-11,2,35,36,20,26378497,262,1,496,13499,
754.389,6620.81,51.4641,7.48105,171.52,13.3374,197.061,1,2,-108,-10,2,32,34,20,28371200,262,1,68,13499,
755.385,6635.38,51.4639,7.48098,171.489,12.9122,197.025,1,2,-108,-10,2,32,34,20,28371200,262,1,68,13499,
756.372,6649.08,51.4638,7.48092,171.442,13.2054,196.568,1,-1,-107,-10,2,33,35,20,28371200,262,1,68,13499,
757.377,6662.8,51.4637,7.48086,171.519,13.2113,195.99,1,-1,-107,-10,2,33,35,20,28371200,262,1,68,13499,
758.406,6675.14,51.4636,7.48081,171.535,12.8303,195.506,1,-1,-107,-10,2,33,35,20,28371200,262,1,68,13499,
759.368,6686.68,51.4635,7.48077,171.863,12.0674,195.71,1,-2,-107,-10,2,33,34,20,28371200,262,1,68,13499,
760.381,6697.45,51.4634,7.48072,172.431,10.8366,195.08,1,-2,-107,-10,2,33,34,20,28371200,262,1,68,13499,
761.375,6707.55,51.4633,7.48069,172.68,9.28977,195.932,1,-1,-109,-11,2,31,33,20,28371200,262,1,68,13499,
762.393,6717.63,51.4632,7.48064,173.191,8.17462,196.513,1,-1,-109,-11,2,31,33,20,28371200,262,1,68,13499,
763.375,6724.42,51.4632,7.48061,173.845,6.49099,197.256,1,1,-110,-12,2,30,32,20,28371200,262,1,68,13499,
764.391,6730.04,51.4631,7.48059,174.573,4.88015,196.766,1,1,-110,-12,2,30,32,20,28371200,262,1,68,13499,
765.379,6733.99,51.4631,7.48057,174.635,3.17848,197.621,1,-2,-113,-13,2,27,32,20,28371200,262,1,68,13499,
766.392,6735.88,51.4631,7.48057,174.672,2.25482,196.847,1,-2,-113,-13,2,27,32,20,28371200,262,1,68,13499,
767.38,6738.39,51.463,7.48056,174.686,1.76082,196.482,1,-1,-114,-14,2,26,32,20,28371200,262,1,68,13499,
768.388,6740.07,51.463,7.48055,174.717,1.49171,196.55,1,-1,-114,-14,2,26,32,20,28371200,262,1,68,13499,
769.38,6741.5,51.463,7.48054,174.765,1.27149,196.134,1,1,-113,-13,2,27,31,20,28371200,262,1,68,13499,
770.391,6742.66,51.463,7.48054,174.846,1.21003,195.731,1,1,-113,-13,2,27,31,20,28371200,262,1,68,13499,
771.385,6744.39,51.463,7.48054,174.986,1.15111,197.658,1,-5,-113,-13,2,27,31,20,28371200,262,1,68,13499,
772.396,6745.67,51.463,7.48053,175.071,1.11881,198.34,1,-5,-113,-13,2,27,31,20,28371200,262,1,68,13499,
773.39,6746.7,51.463,7.48053,175.133,1.29469,199.101,1,-3,-113,-14,2,27,32,20,28371200,262,1,68,13499,
774.391,6746.7,51.4631,7.48297,nan,1.42915,197.991,1,-3,-113,-14,2,27,32,20,28371200,262,1,68,13499,
775.398,6746.7,51.4629,7.48051,175.196,1.68672,197.629,1,-4,-113,-14,2,27,33,20,28371200,262,1,68,13499,
776.375,6748.2,51.4629,7.48051,175.23,1.96816,197.229,1,-4,-113,-14,2,27,33,20,28371200,262,1,68,13499,
777.393,6750.01,51.4629,7.4805,175.303,2.30726,196.89,1,-4,-112,-14,2,28,33,20,28371200,262,1,68,13499,
778.387,6751.88,51.4629,7.4805,175.404,2.11083,197.573,1,-4,-112,-14,2,28,33,20,28371200,262,1,68,13499,
779.386,6754.07,51.4629,7.48049,175.548,2.02986,198.934,1,-4,-112,-14,2,28,33,20,28371200,262,1,68,13499,
780.391,6756.23,51.4629,7.48049,175.719,2.13337,198.166,1,1,-111,-13,2,29,34,20,28371200,262,1,68,13499,
781.39,6758.48,51.4628,7.48048,175.897,1.94784,198.4,1,1,-111,-13,2,29,34,20,28371200,262,1,68,13499,
782.39,6760.72,51.4628,7.48047,176.024,1.68845,197.566,1,-1,-110,-13,2,30,34,20,28371200,262,1,68,13499,
783.385,6762.35,51.4628,7.48046,176.133,1.6603,197.913,1,-1,-110,-13,2,30,34,20,28371200,262,1,68,13499,
784.401,6763.3,51.4628,7.48046,176.271,1.55761,199.059,1,-5,-109,-13,2,31,35,20,28371200,262,1,68,13499,
785.372,6764.37,51.4628,7.48045,176.405,1.15779,199.612,1,-5,-109,-13,2,31,35,20,28371200,262,1,68,13499,
786.385,6765.11,51.4628,7.48045,176.543,0.656548,199.612,1,-1,-110,-13,2,30,34,20,28371200,262,1,68,13499,
787.385,6765.11,51.4628,7.48045,176.554,0,199.612,1,-1,-110,-13,2,30,34,20,28371200,262,1,68,13499,
788.374,6765.11,51.4628,7.48045,176.564,0,199.612,1,0,-111,-13,2,29,34,20,28371200,262,1,68,13499,
789.374,6765.11,51.4628,7.48045,176.574,0,199.612,1,0,-111,-13,2,29,34,20,28371200,262,1,68,13499,
790.385,6765.11,51.4628,7.48045,176.58,0,199.612,1,-1,-111,-13,2,29,34,20,28371200,262,1,68,13499,
791.392,6765.11,51.4628,7.48045,176.584,0,199.612,1,-1,-111,-13,2,29,34,20,28371200,262,1,68,13499,
792.389,6765.11,51.4628,7.48045,176.586,0,199.612,1,-1,-110,-13,2,30,34,20,28371200,262,1,68,13499,
793.383,6765.11,51.4628,7.48045,176.612,0,194.779,1,-1,-110,-13,2,30,34,20,28371200,262,1,68,13499,
794.394,6765.11,51.4631,7.48297,nan,0,193.57,1,1,-110,-12,2,30,34,20,28371200,262,1,68,13499,
795.397,6765.11,51.4627,7.48041,177.427,5.65129,195.024,1,1,-110,-12,2,30,34,20,28371200,262,1,68,13499,
796.375,6771.74,51.4626,7.48038,178.188,6.70129,196.168,1,0,-109,-12,6,31,34,14,28371200,262,1,68,13499,
797.391,6779.66,51.4626,7.48035,178.883,8.31432,196.92,1,0,-109,-12,6,31,34,14,28371200,262,1,68,13499,
798.393,6788.56,51.4625,7.48031,179.546,8.75987,197.262,1,1,-108,-11,5,32,34,14,28371200,262,1,68,13499,
799.385,6798.28,51.4624,7.48026,179.474,8.76636,196.34,1,1,-108,-11,5,32,34,14,28371200,262,1,68,13499,
800.52,6806.65,51.4623,7.48023,179.438,8.81522,195.948,1,-1,-92,-7,12,48,37,26,29568778,262,1,353,13499,
801.387,6816.13,51.4623,7.48018,179.029,9.39349,195.382,1,-1,-92,-7,12,48,37,26,29568778,262,1,353,13499,
802.38,6824.12,51.4622,7.48015,178.736,7.54792,194.463,1,-1,-92,-7,12,48,37,26,29568778,262,1,353,13499,
803.385,6831.75,51.4621,7.48013,178.109,6.84398,192.83,1,5,-101,-10,8,39,32,26,29568778,262,1,353,13499,
804.392,6838.65,51.4621,7.48016,177.766,6.68772,160.311,1,5,-101,-10,8,39,32,26,29568778,262,1,353,13499,
805.37,6845.89,51.462,7.48024,177.271,6.91115,126.296,1,2,-100,-11,5,40,34,26,29568778,262,1,353,13499,
806.386,6853.26,51.462,7.48034,177.002,8.49647,95.0685,1,2,-100,-11,5,40,34,26,29568778,262,1,353,13499,
807.371,6862.47,51.462,7.48047,177.221,9.84361,93.5711,1,4,-96,-8,10,44,35,26,29568778,262,1,353,13499,
808.4,6874.08,51.462,7.48064,177.661,11.1716,92.3218,1,4,-96,-8,10,44,35,26,29568778,262,1,353,13499,
809.393,6886.72,51.462,7.48082,178.401,11.8561,91.5793,1,3,-100,-10,8,40,34,26,29568778,262,1,353,13499,
810.384,6898.66,51.462,7.481,179.903,11.7862,90.9636,1,3,-100,-10,8,40,34,26,29568778,262,1,353,13499,
811.412,6911.15,51.462,7.48118,181.111,12.3043,90.4168,1,4,-100,-9,6,40,33,26,29568778,262,1,353,13499,
812.386,6924.19,51.462,7.48136,181.749,12.6184,90.0407,1,4,-100,-9,6,40,33,26,29568778,262,1,353,13499,
813.392,6937.23,51.462,7.48155,182.538,13.2484,90.4765,1,8,-104,-11,6,36,31,26,29568778,262,1,353,13499,
814.372,6937.23,51.4639,7.47134,nan,13.7132,90.8391,1,8,-104,-11,6,36,31,26,29568778,262,1,353,13499,
815.394,6937.23,51.462,7.48194,183.414,13.8201,91.3287,1,1,-105,-11,6,35,30,26,29568778,262,1,353,13499,
816.371,6950.73,51.462,7.48214,184.093,13.9705,91.6703,1,1,-105,-11,6,35,30,26,29568778,262,1,353,13499,
817.378,6965.86,51.462,7.48236,184.341,13.8122,91.6706,1,-1,-108,-13,5,32,30,26,29568778,262,1,353,13499,
818.385,6979.54,51.462,7.48255,184.615,13.8285,91.2259,1,-1,-108,-13,5,32,30,26,29568778,262,1,353,13499,
819.381,6993.14,51.462,7.48275,185.178,13.6731,91.7848,1,1,-103,-12,5,37,33,26,29568778,262,1,353,13499,
820.376,7007.25,51.462,7.48295,186.079,13.3222,91.0543,1,1,-103,-12,5,37,33,26,29568778,262,1,353,13499,
821.377,7020.07,51.462,7.48314,186.918,13.2922,90.6818,1,-2,-104,-13,4,36,34,26,29568778,262,1,353,13499,
822.412,7032.76,51.462,7.48332,187.546,12.1056,91.245,1,-2,-104,-13,4,36,34,26,29568778,262,1,353,13499,
823.391,7045.03,51.462,7.48349,188.066,11.3465,69.5563,1,1,-104,-11,6,36,30,26,29568778,262,1,353,13499,
824.363,7056.69,51.462,7.48366,188.576,14.4016,100.358,1,1,-104,-11,6,36,30,26,29568778,262,1,353,13499,
825.399,7068.9,51.462,7.48383,189.219,12.1033,97.3878,1,-3,-110,-17,2,30,32,26,29568778,262,1,353,13499,
826.391,7079.49,51.462,7.48398,189.626,10.611,98.4874,1,-3,-110,-17,2,30,32,26,29568778,262,1,353,13499,
827.369,7088.66,51.462,7.4841,190.229,8.39735,123.694,1,-5,-110,-12,2,30,31,26,29908736,262,1,196,13499,
828.401,7096.9,51.4619,7.48417,190.168,8.57159,149.895,1,-5,-110,-12,2,30,31,26,29908736,262,1,196,13499,
829.407,7105.82,51.4618,7.48423,189.918,9.77031,153.151,1,-5,-110,-12,2,30,31,26,29908736,262,1,196,13499,
830.384,7116.23,51.4617,7.48427,189.114,10.2064,172.077,1,5,-101,-8,2,39,38,26,28371200,262,1,68,13499,
831.387,7126.4,51.4616,7.48429,187.96,10.7374,170.764,1,5,-101,-8,2,39,38,26,28371200,262,1,68,13499,
832.38,7138.37,51.4615,7.48432,186.677,11.9673,170.4,1,7,-97,-8,2,43,43,26,28371200,262,1,68,13499,
833.396,7150.01,51.4614,7.48436,185.675,12.4947,169.407,1,7,-97,-8,2,43,43,26,28371200,262,1,68,13499,
834.378,7150.01,51.4631,7.48297,nan,12.9575,170.379,1,5,-96,-9,2,44,45,26,28371200,262,1,68,13499,
835.393,7150.01,51.4612,7.48442,184.872,13.478,171.291,1,5,-96,-9,2,44,45,26,28371200,262,1,68,13499,
836.388,7163.3,51.4611,7.48444,184.65,14.0062,172.466,1,7,-96,-9,2,44,45,26,28371200,262,1,68,13499,
837.39,7176.79,51.461,7.48446,184.718,14.0594,173.827,1,7,-96,-9,2,44,45,26,28371200,262,1,68,13499,
838.378,7192.8,51.4608,7.48448,185.007,13.8051,174.802,1,0,-96,-9,2,44,44,26,28371200,262,1,68,13499,
839.39,7206.71,51.4607,7.48449,185.532,14.2542,176.557,1,0,-96,-9,2,44,44,26,28371200,262,1,68,13499,
840.381,7221.63,51.4606,7.48449,186.631,14.5838,178.177,1,0,-95,-9,2,45,46,26,28371200,262,1,68,13499,
841.392,7236.49,51.4604,7.48449,187.588,14.4108,180.403,1,0,-95,-9,2,45,46,26,28371200,262,1,68,13499,
842.37,7252.03,51.4603,7.48448,188.821,15.6206,181.992,1,-3,-98,-11,2,42,45,26,28371200,262,1,68,13499,
843.373,7266.15,51.4602,7.48446,189.825,14.7654,183.719,1,-3,-98,-11,2,42,45,26,28371200,262,1,68,13499,
844.379,7281.54,51.46,7.48443,190.707,14.8709,185.535,1,0,-100,-11,2,40,43,26,28371200,262,1,68,13499,
845.391,7297.31,51.4599,7.4844,191.65,14.998,186.52,1,0,-100,-11,2,40,43,26,28371200,262,1,68,13499,
846.364,7313.62,51.4597,7.48437,192.578,15.5689,187.556,1,-5,-105,-12,2,35,39,26,28371200,262,1,68,13499,
847.379,7329.46,51.4596,7.48433,193.543,15.4446,188.593,1,-5,-105,-12,2,35,39,26,28371200,262,1,68,13499,
848.403,7344.75,51.4595,7.48429,194.622,14.7787,189.198,1,1,-108,-14,2,32,37,26,28371200,262,1,68,13499,
849.375,7359.57,51.4593,7.48425,195.58,14.655,190.042,1,1,-108,-14,2,32,37,26,28371200,262,1,68,13499,
850.397,7374.03,51.4592,7.48421,196.514,14.4706,190.565,1,1,-108,-14,2,32,37,26,28371200,262,1,68,13499,
851.375,7388.3,51.4591,7.48417,197.435,14.3758,190.956,1,-3,-108,-13,2,32,36,26,28371200,262,1,68,13499,
852.392,7402.68,51.459,7.48412,198.409,14.4176,191.515,1,-3,-108,-13,2,32,36,26,28371200,262,1,68,13499,
853.377,7417.86,51.4588,7.48408,199.358,14.729,190.522,1,-1,-108,-13,2,32,37,26,28371200,262,1,68,13499,
854.38,7417.86,51.4631,7.48297,nan,13.6942,191.086,1,-1,-108,-13,2,32,37,26,28371200,262,1,68,13499,
855.383,7417.86,51.4586,7.48399,201.326,12.7701,191.379,1,-1,-104,-13,5,36,40,10,28371200,262,1,68,13499,
856.401,7430.45,51.4585,7.48395,202.169,12.0541,191.906,1,-1,-104,-13,5,36,40,10,28371200,262,1,68,13499,
857.376,7443.08,51.4584,7.48391,202.97,12.5348,191.826,1,1,-102,-11,7,38,41,10,28371200,262,1,68,13499,
858.381,7456.65,51.4582,7.48387,203.855,12.7172,192.189,1,1,-102,-11,7,38,41,10,28371200,262,1,68,13499,
859.394,7469.87,51.4581,7.48382,204.588,13.0912,191.382,1,2,-99,-11,7,41,44,10,28371200,262,1,68,13499,
860.391,7483.3,51.458,7.48378,205.507,13.7743,190.814,1,2,-99,-11,7,41,44,10,28371200,262,1,68,13499,
861.385,7497.63,51.4579,7.48373,206.181,14.037,191.394,1,6,-97,-10,8,43,44,10,28371200,262,1,68,13499,
862.387,7512.74,51.4578,7.48369,207.193,14.5963,191.384,1,6,-97,-10,8,43,44,10,28371200,262,1,68,13499,
863.392,7527.58,51.4576,7.48364,208.432,15.2321,190.769,1,7,-95,-10,8,45,46,10,28371200,262,1,68,13499,
864.376,7543.03,51.4575,7.4836,209.518,15.4776,189.81,1,7,-95,-10,8,45,46,10,28371200,262,1,68,13499,
865.387,7558.9,51.4573,7.48355,210.436,15.4211,190.359,1,7,-93,-10,7,47,48,10,28371200,262,1,68,13499,
866.385,7575.08,51.4572,7.48351,211.51,15.9063,190.747,1,7,-93,-10,7,47,48,10,28371200,262,1,68,13499,
867.383,7590.82,51.4571,7.48346,212.602,15.7516,191.492,1,7,-96,-11,11,44,47,10,28371200,262,1,68,13499,
868.383,7606.59,51.4569,7.48342,213.33,15.9245,191.08,1,7,-96,-11,11,44,47,10,28371200,262,1,68,13499,
869.406,7622.74,51.4568,7.48337,213.75,16.0834,190.605,1,15,-91,-10,14,49,51,10,28371200,262,1,68,13499,
870.383,7638.96,51.4566,7.48333,214.243,16.264,189.84,1,15,-91,-10,14,49,51,10,28371200,262,1,68,13499,
871.406,7655.01,51.4565,7.4833,214.837,16.1517,188.989,1,15,-91,-10,14,49,51,10,28371200,262,1,68,13499,
872.412,7671.04,51.4564,7.48327,215.301,15.8136,188.357,1,1,-87,-9,2,53,54,10,28371200,262,1,68,13499,
873.368,7687.06,51.4562,7.48324,215.627,15.7808,187.787,1,1,-87,-9,2,53,54,10,28371200,262,1,68,13499,
874.379,7687.06,51.4567,7.48505,nan,16.1993,186.372,1,7,-90,-10,2,50,52,10,28371200,262,1,68,13499,
875.39,7687.06,51.4559,7.48322,216.631,15.961,185.03,1,7,-90,-10,2,50,52,10,28371200,262,1,68,13499,
876.389,7703.28,51.4558,7.48321,216.75,16.1846,183.67,1,13,-91,-8,2,49,48,10,28371202,262,1,67,13499,
877.385,7719.36,51.4556,7.48321,216.622,16.2377,182.069,1,13,-91,-8,2,49,48,10,28371202,262,1,67,13499,
878.389,7735.79,51.4555,7.48323,216.329,16.4646,179.788,1,12,-90,-8,2,50,48,10,28371202,262,1,67,13499,
879.369,7752.9,51.4553,7.48324,216.295,16.5858,177.621,1,12,-90,-8,2,50,48,10,28371202,262,1,67,13499,
880.374,7769,51.4552,7.48327,216.225,16.623,175.585,1,10,-90,-8,2,50,48,10,28371202,262,1,67,13499,
881.375,7785.98,51.455,7.48331,216.289,16.5838,173.219,1,10,-90,-8,2,50,48,10,28371202,262,1,67,13499,
882.398,7801.3,51.4549,7.48337,215.745,16.813,170.603,1,15,-90,-8,2,50,49,10,28371202,262,1,67,13499,
883.393,7817.46,51.4548,7.48343,215.354,16.9278,167.538,1,15,-90,-8,2,50,49,10,28371202,262,1,67,13499,
884.378,7834.28,51.4546,7.4835,215.213,17.0161,164.735,1,18,-89,-7,2,51,48,10,28371202,262,1,67,13499,
885.385,7852.31,51.4545,7.48359,215.309,17.0471,162.232,1,18,-89,-7,2,51,48,10,28371202,262,1,67,13499,
886.392,7868.17,51.4543,7.48368,215.585,17.2268,158.987,1,11,-90,-7,2,50,48,10,28371202,262,1,67,13499,
887.394,7884.7,51.4542,7.48379,215.948,16.5248,155.671,1,11,-90,-7,2,50,48,10,28371202,262,1,67,13499,
888.383,7902.42,51.4541,7.48392,216.503,16.7881,152.477,1,10,-92,-6,2,48,46,10,28371202,262,1,67,13499,
889.398,7921.69,51.4539,7.48407,217.365,17.5732,149.181,1,10,-92,-6,2,48,46,10,28371202,262,1,67,13499,
890.375,7939.9,51.4538,7.48422,218.162,16.7854,146.559,1,10,-94,-8,2,46,45,10,28371202,262,1,67,13499,
891.398,7958.27,51.4537,7.48438,218.596,16.8577,143.657,1,10,-94,-8,2,46,45,10,28371202,262,1,67,13499,
892.397,7975.8,51.4535,7.48456,218.8,16.5087,140.157,1,10,-94,-8,2,46,45,10,28371202,262,1,67,13499,
893.384,7992.02,51.4534,7.48473,219.58,16.5909,137.833,1,18,-92,-7,2,48,46,10,28371202,262,1,67,13499,
894.382,7992.02,51.4535,7.48459,nan,16.983,135.588,1,18,-92,-7,2,48,46,10,28371202,262,1,67,13499,
895.529,7992.02,51.4532,7.4851,221.319,16.8782,134.555,1,21,-87,-6,2,53,50,10,28371202,262,1,67,13499,
896.395,8008.66,51.4531,7.48528,222.177,16.6226,134.688,1,21,-87,-6,2,53,50,10,28371202,262,1,67,13499,
897.385,8025.06,51.453,7.48546,223.322,16.2948,134.339,1,23,-83,-5,12,57,54,4,28371202,262,1,67,13499,
898.368,8041.8,51.4529,7.48564,224.43,15.9339,134.317,1,23,-83,-5,12,57,54,4,28371202,262,1,67,13499,
899.392,8057.81,51.4528,7.48581,225.082,15.903,134.968,1,23,-82,-8,13,58,57,4,28371202,262,1,67,13499,
900.412,8074.54,51.4527,7.48599,226.03,15.575,135.067,1,23,-82,-8,13,58,57,4,28371202,262,1,67,13499,
901.386,8089.95,51.4526,7.48615,227.559,15.4036,137.388,1,23,-83,-5,12,57,53,4,28371202,262,1,67,13499,
902.385,8105.37,51.4525,7.48631,229.16,15.2647,139.418,1,23,-83,-5,12,57,53,4,28371202,262,1,67,13499,
903.389,8120.14,51.4525,7.48646,230.878,15.254,140.097,1,22,-82,-5,12,58,55,4,28371202,262,1,67,13499,
904.382,8134.25,51.4524,7.4866,232.754,15.2595,142.565,1,22,-82,-5,12,58,55,4,28371202,262,1,67,13499,
905.385,8149.83,51.4522,7.48674,234.326,15.4539,144.642,1,9,-85,-6,14,55,52,4,28371202,262,1,67,13499,
906.4,8163.87,51.4521,7.48685,235.625,15.1998,147.144,1,9,-85,-6,14,55,52,4,28371202,262,1,67,13499,
907.368,8178.54,51.452,7.48696,236.753,14.7148,149.544,1,12,-87,-6,12,53,52,4,28371202,262,1,67,13499,
908.402,8193.43,51.4519,7.48707,238.044,14.9385,151.065,1,12,-87,-6,12,53,52,4,28371202,262,1,67,13499,
909.378,8208.68,51.4518,7.48717,238.9,14.6243,152.864,1,9,-87,-6,8,53,52,4,28371202,262,1,67,13499,
910.419,8224.32,51.4517,7.48727,239.651,14.8,154.341,1,9,-87,-6,8,53,52,4,28371202,262,1,67,13499,
911.391,8240.36,51.4515,7.48736,240.305,14.0658,155.731,1,7,-87,-7,7,53,52,4,28371202,262,1,67,13499,
912.375,8256.43,51.4514,7.48745,240.869,14.0019,157.766,1,7,-87,-7,7,53,52,4,28371202,262,1,67,13499,
913.392,8272.25,51.4513,7.48754,241.287,13.4485,158.375,1,11,-90,-8,7,50,50,4,28371202,262,1,67,13499,
914.394,8272.25,51.4512,7.48946,nan,12.5712,158.025,1,11,-90,-8,7,50,50,4,28371202,262,1,67,13499,
915.398,8272.25,51.451,7.48768,242.321,12.3332,158.263,1,11,-90,-8,7,50,50,4,28371202,262,1,67,13499,
916.393,8284.02,51.451,7.48774,243.029,11.4659,159.032,1,4,-93,-8,11,47,47,4,28371202,262,1,67,13499,
917.35,8294.24,51.4509,7.48779,243.516,10.7486,158.726,1,4,-93,-8,11,47,47,4,28371202,262,1,67,13499,
