0.257,0,51.4903,7.41254,165.993,3.10472,79.3922,1,18,-90,-7,2,50,47,6,26385408,262,1,95,13499,
1.314,11.5594,51.4904,7.41271,165.806,10.6654,82.7521,1,18,-90,-7,2,50,47,6,26385408,262,1,95,13499,
2.279,23.5618,51.4904,7.41287,165.02,11.1298,81.4162,1,19,-85,-6,12,55,53,8,26385408,262,1,95,13499,
3.266,35.4399,51.4904,7.41304,164.096,11.6106,80.3109,1,19,-85,-6,12,55,53,8,26385408,262,1,95,13499,
4.272,47.2221,51.4904,7.4132,162.8,12.1381,79.6948,1,13,-88,-6,4,52,50,8,26385408,262,1,95,13499,
5.259,61.0012,51.4905,7.41339,162.512,12.6635,79.265,1,13,-88,-6,4,52,50,8,26385408,262,1,95,13499,
6.264,73.0328,51.4905,7.41356,162.12,13.1008,78.7609,1,13,-88,-6,4,52,50,8,26385408,262,1,95,13499,
7.273,85.4349,51.4905,7.41374,161.247,13.2347,79.0702,1,13,-84,-5,12,56,54,8,26385408,262,1,95,13499,
8.263,98.7733,51.4905,7.41393,160.575,13.4344,78.1257,1,13,-84,-5,12,56,54,8,26385408,262,1,95,13499,
9.254,112.36,51.4906,7.41412,160.05,13.8019,77.375,1,22,-83,-5,12,57,54,8,26385408,262,1,95,13499,
10.293,126.375,51.4906,7.41432,159.701,14.1643,78.2532,1,22,-83,-5,12,57,54,8,26385408,262,1,95,13499,
11.256,140.468,51.4906,7.41452,159.115,14.1857,78.7148,1,18,-80,-6,14,60,59,8,26385408,262,1,95,13499,
12.269,154.83,51.4906,7.41473,158.897,13.8987,79.2005,1,18,-80,-6,14,60,59,8,26385408,262,1,95,13499,
13.262,169.082,51.4907,7.41493,158.975,13.7616,80.1219,1,20,-83,-6,11,57,55,8,26385408,262,1,95,13499,
14.262,182.131,51.4907,7.41511,158.504,13.8057,81.3863,1,20,-83,-6,11,57,55,8,26385408,262,1,95,13499,
15.269,194.714,51.4907,7.41529,157.637,13.5882,82.7714,1,9,-82,-6,12,58,55,8,26385408,262,1,95,13499,
16.263,207.987,51.4907,7.41549,156.538,13.311,84.148,1,9,-82,-6,12,58,55,8,26385408,262,1,95,13499,
17.259,221.39,51.4907,7.41568,155.647,13.1638,85.9765,1,7,-80,-6,6,60,56,4,29391105,262,1,351,13499,
18.273,234.274,51.4907,7.41587,154.853,13.0073,88.1032,1,7,-80,-6,6,60,56,4,29391105,262,1,351,13499,
19.263,247.012,51.4907,7.41605,154.276,12.7795,90.7965,1,28,-76,-6,15,64,59,4,29391105,262,1,351,13499,
20.259,259.129,51.4907,7.41622,153.744,12.162,92.8898,1,28,-76,-6,15,64,59,4,29391105,262,1,351,13499,
21.258,272.099,51.4907,7.41641,153.687,11.5741,95.4193,1,23,-80,-6,14,60,57,4,29391105,262,1,351,13499,
22.268,284.709,51.4907,7.41659,154.069,10.0891,97.9877,1,23,-80,-6,14,60,57,4,29391105,262,1,351,13499,
23.256,294.535,51.4906,7.41673,154.595,8.75272,100.235,1,27,-80,-5,14,60,58,4,29391105,262,1,351,13499,
24.256,302.428,51.4906,7.41684,154.413,7.03285,101.174,1,27,-80,-5,14,60,58,4,29391105,262,1,351,13499,
25.281,307.509,51.4906,7.4169,154.472,3.92105,102.022,1,40,-80,-6,14,60,57,4,29391105,262,1,351,13499,
26.261,310.479,51.4906,7.41694,154.558,1.75141,101.989,1,40,-80,-6,14,60,57,4,29391105,262,1,351,13499,
27.26,310.479,51.4906,7.41694,154.568,0,101.989,1,29,-74,-5,14,66,63,4,29391105,262,1,351,13499,
28.266,310.479,51.4906,7.41694,154.581,0,101.989,1,29,-74,-5,14,66,63,4,29391105,262,1,351,13499,
29.265,310.479,51.4906,7.41694,154.594,0,101.989,1,28,-75,-5,15,65,63,4,29391105,262,1,351,13499,
30.25,310.479,51.4906,7.41694,154.606,0,101.989,1,28,-75,-5,15,65,63,4,29391105,262,1,351,13499,
31.239,310.479,51.4906,7.41694,154.619,0,101.989,1,29,-73,-5,15,67,63,4,29391105,262,1,351,13499,
32.266,310.479,51.4906,7.41694,154.633,0,101.989,1,29,-73,-5,15,67,63,4,29391105,262,1,351,13499,
33.263,310.479,51.4906,7.41694,154.648,0,101.989,1,29,-73,-5,15,67,63,4,29391105,262,1,351,13499,
34.275,310.479,51.4906,7.41694,154.668,0,101.989,1,32,-73,-5,15,67,63,4,29391105,262,1,351,13499,
35.237,310.479,51.4906,7.41694,154.692,0,101.989,1,32,-73,-5,15,67,63,4,29391105,262,1,351,13499,
36.262,310.479,51.4906,7.41694,154.72,0,101.989,1,30,-74,-5,15,66,63,4,29391105,262,1,351,13499,
37.273,310.479,51.4906,7.41694,154.749,0,101.989,1,30,-74,-5,15,66,63,4,29391105,262,1,351,13499,
38.247,310.479,51.4906,7.41694,154.778,0,101.989,1,29,-74,-5,15,66,62,4,29391105,262,1,351,13499,
39.272,310.479,51.4906,7.41694,154.804,0,101.989,1,29,-74,-5,15,66,62,4,29391105,262,1,351,13499,
40.258,310.479,51.4906,7.41694,154.829,0,101.989,1,30,-74,-5,15,66,63,4,29391105,262,1,351,13499,
41.273,310.479,51.4906,7.41694,154.853,0,101.989,1,30,-74,-5,15,66,63,4,29391105,262,1,351,13499,
42.263,310.479,51.4906,7.41694,154.881,0,101.989,1,29,-74,-5,15,66,63,4,29391105,262,1,351,13499,
43.268,310.479,51.4906,7.41694,154.909,0,101.989,1,29,-74,-5,15,66,63,4,29391105,262,1,351,13499,
44.255,310.479,51.4906,7.41694,154.935,0,101.989,1,31,-73,-5,15,67,63,4,29391105,262,1,351,13499,
45.307,310.479,51.4906,7.41694,154.96,0,101.989,1,31,-73,-5,15,67,63,4,29391105,262,1,351,13499,
46.24,310.479,51.4906,7.41694,154.982,0,101.989,1,31,-73,-4,15,67,63,5,29391105,262,1,351,13499,
47.244,310.479,51.4906,7.41694,155.002,0,101.989,1,31,-73,-4,15,67,63,5,29391105,262,1,351,13499,
48.249,310.479,51.4906,7.41694,155.02,0,101.989,1,31,-73,-4,15,67,63,5,29391105,262,1,351,13499,
49.261,310.479,51.4906,7.41694,155.04,0,101.989,1,31,-73,-4,15,67,63,5,29391105,262,1,351,13499,
50.241,310.479,51.4906,7.41694,155.06,0,101.989,1,31,-72,-4,15,68,63,5,29391105,262,1,351,13499,
51.283,310.479,51.4906,7.41694,155.079,0,101.989,1,31,-72,-4,15,68,63,5,29391105,262,1,351,13499,
52.263,310.479,51.4906,7.41694,155.099,0,101.989,1,31,-72,-5,15,68,63,5,29391105,262,1,351,13499,
53.267,310.479,51.4906,7.41694,155.292,0,95.9066,1,31,-72,-5,15,68,63,5,29391105,262,1,351,13499,
54.264,310.479,51.4906,7.41694,157.401,0,95.4188,1,32,-72,-5,15,68,63,5,29391105,262,1,351,13499,
55.264,321.892,51.4906,7.41711,159.093,2.41025,93.9169,1,32,-72,-5,15,68,63,5,29391105,262,1,351,13499,
56.251,326.053,51.4906,7.41716,160.137,3.56966,61.794,1,22,-85,-6,14,55,52,5,29391105,262,1,351,13499,
57.276,330.937,51.4906,7.4172,160.8,4.18685,25.1477,1,22,-85,-6,14,55,52,5,29391105,262,1,351,13499,
58.263,337.446,51.4907,7.4172,160.379,4.60631,1.46961,1,22,-85,-6,14,55,52,5,29391105,262,1,351,13499,
59.274,344.974,51.4908,7.41719,159.881,4.9428,356.292,1,19,-88,-6,11,52,50,5,29391105,262,1,351,13499,
60.289,351.675,51.4908,7.41717,159.606,5.17749,351.467,1,19,-88,-6,11,52,50,5,29391105,262,1,351,13499,
61.281,358.152,51.4909,7.41717,159.609,5.26181,13.4967,1,17,-89,-6,11,51,47,5,29391105,262,1,351,13499,
62.251,362.431,51.4909,7.41721,159.559,5.30581,51.1681,1,17,-89,-6,11,51,47,5,29391105,262,1,351,13499,
63.257,367.565,51.4909,7.41728,159.218,5.35321,75.7602,1,10,-90,-7,14,50,48,5,29391105,262,1,351,13499,
64.262,375.006,51.4909,7.41739,158.926,5.48116,92.0379,1,10,-90,-7,14,50,48,5,29391105,262,1,351,13499,
65.266,383.318,51.4909,7.41751,158.519,5.68712,93.8341,1,7,-94,-9,7,46,45,5,29391105,262,1,351,13499,
66.282,391.69,51.4909,7.41763,157.983,8.47425,93.5152,1,7,-94,-9,7,46,45,5,29391105,262,1,351,13499,
67.264,400.849,51.4909,7.41776,157.446,8.8126,93.6288,1,13,-96,-7,9,44,43,5,29391105,262,1,351,13499,
68.248,410.08,51.4909,7.4179,156.865,8.99768,93.9894,1,13,-96,-7,9,44,43,5,29391105,262,1,351,13499,
69.249,419.157,51.4909,7.41803,156.226,9.25311,94.6592,1,19,-91,-6,11,49,47,5,29391105,262,1,351,13499,
70.289,427.993,51.4909,7.41816,155.549,9.51706,95.9054,1,19,-91,-6,11,49,47,5,29391105,262,1,351,13499,
71.259,438.192,51.4909,7.4183,155.057,9.81351,98.5153,1,20,-91,-6,12,49,47,5,29391105,262,1,351,13499,
72.265,448.583,51.4909,7.41845,154.82,10.103,101.727,1,20,-91,-6,12,49,47,5,29391105,262,1,351,13499,
73.256,458.683,51.4908,7.41858,154.38,10.2015,118.843,1,11,-92,-6,14,48,45,5,29391105,262,1,351,13499,
74.266,468.965,51.4908,7.4187,153.69,10.3144,121.72,1,11,-92,-6,14,48,45,5,29391105,262,1,351,13499,
75.275,478.418,51.4907,7.41881,152.64,10.1415,125.786,1,2,-97,-8,12,43,41,5,29391105,262,1,351,13499,
76.258,487.977,51.4907,7.41891,151.358,10.1272,129.012,1,2,-97,-8,12,43,41,5,29391105,262,1,351,13499,
77.258,498.056,51.4906,7.41901,150.026,10.1476,131.479,1,4,-97,-7,6,43,41,13,28365056,262,1,222,13499,
78.262,509.402,51.4905,7.41912,149.065,9.96553,133.418,1,4,-97,-7,6,43,41,13,28365056,262,1,222,13499,
79.262,519.763,51.4904,7.41922,148.32,9.9484,134.812,1,5,-99,-7,11,41,39,13,28365056,262,1,222,13499,
80.266,529.918,51.4904,7.41931,147.412,9.78897,135.72,1,5,-99,-7,11,41,39,13,28365056,262,1,222,13499,
81.282,539.811,51.4903,7.41941,146.496,9.65923,136.331,1,5,-99,-7,11,41,39,13,28365056,262,1,222,13499,
82.247,548.432,51.4902,7.41949,145.485,9.53925,137.003,1,7,-99,-9,6,41,41,13,28365056,262,1,222,13499,
83.255,558.51,51.4902,7.41958,144.673,9.52455,137.357,1,7,-99,-9,6,41,41,13,28365056,262,1,222,13499,
84.265,568.039,51.4901,7.41967,144.546,9.54334,137.736,1,0,-103,-10,8,37,38,13,28365056,262,1,222,13499,
85.254,577.548,51.49,7.41975,144.504,9.49138,138.287,1,0,-103,-10,8,37,38,13,28365056,262,1,222,13499,
86.257,587.143,51.49,7.41984,144.438,9.49278,138.624,1,7,-100,-9,9,40,40,13,28365056,262,1,222,13499,
87.243,597.158,51.4899,7.41993,145.065,9.34507,139.411,1,7,-100,-9,9,40,40,13,28365056,262,1,222,13499,
88.243,606.588,51.4898,7.42002,145.75,9.15341,140.949,1,10,-98,-9,7,42,42,13,28365056,262,1,222,13499,
89.273,615.916,51.4898,7.42009,146.496,8.91093,142.427,1,10,-98,-9,7,42,42,13,28365056,262,1,222,13499,
90.26,625.819,51.4897,7.42017,147.424,9.05315,143.101,1,4,-100,-11,8,40,41,13,28365056,262,1,222,13499,
91.273,635.08,51.4896,7.42025,147.946,9.23056,143.838,1,4,-100,-11,8,40,41,13,28365056,262,1,222,13499,
92.258,643.85,51.4896,7.42032,148.149,8.94673,144.252,1,5,-100,-8,9,40,39,13,28365056,262,1,222,13499,
93.264,653.316,51.4895,7.42039,148.489,9.01381,144.386,1,5,-100,-8,9,40,39,13,28365056,262,1,222,13499,
94.27,662.114,51.4894,7.42046,148.784,8.90965,143.354,1,9,-99,-7,8,41,39,13,28365056,262,1,222,13499,
95.256,669.828,51.4894,7.42056,148.504,8.64732,121.949,1,9,-99,-7,8,41,39,13,28365056,262,1,222,13499,
96.257,677.796,51.4894,7.42066,147.856,8.52452,108.828,1,4,-103,-10,9,37,39,13,28365056,262,1,222,13499,
97.259,685.259,51.4893,7.42076,146.928,7.66665,107.321,1,4,-103,-10,9,37,39,13,28365056,262,1,222,13499,
98.262,692.538,51.4893,7.42087,146.323,5.92869,105.217,1,6,-102,-8,6,38,37,13,28365056,262,1,222,13499,
99.26,697.035,51.4893,7.42093,146.269,3.97654,107.435,1,6,-102,-8,6,38,37,13,28365056,262,1,222,13499,
100.249,700.797,51.4893,7.42096,146.209,4.07479,142.581,1,6,-102,-8,6,38,37,13,28365056,262,1,222,13499,
101.25,706.771,51.4892,7.42098,145.626,5.20594,177.27,1,2,-104,-10,8,36,37,13,28365056,262,1,222,13499,
102.269,711.968,51.4892,7.42095,144.857,6.57266,199.992,1,2,-104,-10,8,36,37,13,28365056,262,1,222,13499,
103.257,718.773,51.4891,7.42091,144.22,7.58368,199.577,1,5,-102,-9,7,38,38,13,28365056,262,1,222,13499,
104.259,726.739,51.4891,7.42087,143.276,8.43911,197.227,1,5,-102,-9,7,38,38,13,28365056,262,1,222,13499,
105.256,735.087,51.489,7.42084,142.203,9.63327,195.375,1,10,-98,-8,12,42,41,13,28365056,262,1,222,13499,
106.264,744.667,51.4889,7.42081,141.878,8.69078,194.899,1,10,-98,-8,12,42,41,13,28365056,262,1,222,13499,
107.259,753.099,51.4888,7.42078,142.268,8.29432,194.115,1,0,-95,-8,10,45,44,13,28365056,262,1,222,13499,
108.259,763.341,51.4887,7.42074,142.81,7.99158,193.512,1,0,-95,-8,10,45,44,13,28365056,262,1,222,13499,
109.321,770.885,51.4887,7.42071,143.827,6.88423,193.116,1,6,-88,-6,6,52,49,9,29391105,262,1,351,13499,
110.25,776.31,51.4886,7.42071,144.711,4.62389,179.974,1,6,-88,-6,6,52,49,9,29391105,262,1,351,13499,
111.279,781.065,51.4886,7.42074,144.786,3.72106,157.18,1,18,-88,-6,15,52,49,9,29391105,262,1,351,13499,
112.249,785.68,51.4886,7.42079,146.071,4.35282,125.894,1,18,-88,-6,15,52,49,9,29391105,262,1,351,13499,
113.246,791.998,51.4886,7.42088,147.072,6.84072,101.058,1,28,-91,-6,10,49,47,9,29391105,262,1,351,13499,
114.271,799.764,51.4885,7.42099,147.966,7.09627,100.261,1,28,-91,-6,10,49,47,9,29391105,262,1,351,13499,
115.263,808.048,51.4885,7.42111,149.34,7.29513,100.182,1,11,-92,-6,11,48,45,9,29391105,262,1,351,13499,
116.252,814.889,51.4885,7.42121,150.171,7.24341,100.785,1,11,-92,-6,11,48,45,9,29391105,262,1,351,13499,
117.243,822.854,51.4885,7.42131,150.811,7.70997,118.052,1,8,-92,-6,7,48,47,9,29391105,262,1,351,13499,
118.255,830.549,51.4885,7.42141,151.317,7.92658,121.203,1,8,-92,-6,7,48,47,9,29391105,262,1,351,13499,
119.248,838.047,51.4884,7.4215,151.451,8.42605,124.569,1,15,-95,-8,9,45,44,9,29391105,262,1,351,13499,
120.257,846.418,51.4884,7.42159,151.448,8.63338,126.313,1,15,-95,-8,9,45,44,9,29391105,262,1,351,13499,
121.284,855.121,51.4883,7.42169,151.194,9.0454,127.279,1,5,-94,-7,14,46,44,9,29391105,262,1,351,13499,
122.264,864.16,51.4883,7.42179,150.871,9.03209,128.144,1,5,-94,-7,14,46,44,9,29391105,262,1,351,13499,
123.278,873.346,51.4882,7.42189,150.637,9.05927,127.427,1,10,-97,-8,8,43,42,9,29391105,262,1,351,13499,
124.259,882.352,51.4882,7.42199,150.47,8.97833,124.505,1,10,-97,-8,8,43,42,9,29391105,262,1,351,13499,
125.253,891.204,51.4881,7.4221,150.151,9.29446,121.746,1,10,-97,-8,8,43,42,9,29391105,262,1,351,13499,
126.251,899.993,51.4881,7.42222,149.555,10.0907,106.675,1,11,-94,-6,15,46,43,9,29391105,262,1,351,13499,
127.256,911.158,51.4881,7.42238,149.273,10.3011,105.829,1,11,-94,-6,15,46,43,9,29391105,262,1,351,13499,
128.257,922.111,51.4881,7.42253,149.32,10.0915,105.356,1,7,-98,-7,10,42,40,9,29391105,262,1,351,13499,
129.266,932.315,51.488,7.42268,149.168,10.0417,104.634,1,7,-98,-7,10,42,40,9,29391105,262,1,351,13499,
130.254,941.577,51.488,7.42281,148.795,9.86341,104.73,1,5,-99,-6,15,41,38,9,29391105,262,1,351,13499,
131.255,951.352,51.488,7.42294,148.701,9.68796,104.289,1,5,-99,-6,15,41,38,9,29391105,262,1,351,13499,
132.287,961.118,51.488,7.42308,148.573,9.63496,103.795,1,7,-96,-8,6,44,44,13,28365056,262,1,222,13499,
133.257,970.603,51.488,7.42322,148.59,9.61302,104.571,1,7,-96,-8,6,44,44,13,28365056,262,1,222,13499,
134.263,980.326,51.4879,7.42335,148.42,9.54667,105.311,1,7,-94,-8,9,46,45,13,28365056,262,1,222,13499,
135.26,989.533,51.4879,7.42348,148.279,9.57449,108.304,1,7,-94,-8,9,46,45,13,28365056,262,1,222,13499,
136.26,999.045,51.4879,7.42361,148.263,9.39124,112.079,1,7,-93,-9,7,47,46,13,28365056,262,1,222,13499,
137.253,1009.09,51.4878,7.42372,148.788,9.61923,128.624,1,7,-93,-9,7,47,46,13,28365056,262,1,222,13499,
138.271,1018.58,51.4878,7.42383,149.075,9.70364,130.086,1,8,-92,-9,7,48,48,13,28365056,262,1,222,13499,
139.261,1029.08,51.4877,7.42394,149.294,9.70204,132.284,1,8,-92,-9,7,48,48,13,28365056,262,1,222,13499,
140.264,1038.99,51.4876,7.42403,149.147,9.76545,134.862,1,6,-91,-8,7,49,48,13,28365056,262,1,222,13499,
141.26,1048.65,51.4876,7.42412,148.676,9.9077,137.791,1,6,-91,-8,7,49,48,13,28365056,262,1,222,13499,
142.251,1059.12,51.4875,7.42421,148.354,10.0841,140.182,1,0,-92,-8,8,48,48,13,28365056,262,1,222,13499,
143.259,1068.65,51.4874,7.42428,147.955,10.0478,142.262,1,0,-92,-8,8,48,48,13,28365056,262,1,222,13499,
144.267,1078.69,51.4873,7.42437,147.3,10.3814,143.009,1,2,-93,-8,6,47,47,13,28365056,262,1,222,13499,
145.246,1089.1,51.4873,7.42445,146.731,10.4805,143.715,1,2,-93,-8,6,47,47,13,28365056,262,1,222,13499,
146.246,1099.54,51.4872,7.42454,146.18,10.5531,142.386,1,3,-94,-10,5,46,47,13,28365056,262,1,222,13499,
147.246,1110.39,51.4871,7.42463,145.989,10.7366,139.669,1,3,-94,-10,5,46,47,13,28365056,262,1,222,13499,
148.263,1121.84,51.487,7.42474,145.352,11.0695,137.367,1,3,-94,-10,5,46,47,13,28365056,262,1,222,13499,
149.257,1133.65,51.487,7.42486,145.21,11.3431,135.246,1,13,-89,-9,2,51,51,13,28367106,262,1,103,13499,
150.252,1145.54,51.4869,7.42499,145.057,11.6364,133.587,1,13,-89,-9,2,51,51,13,28367106,262,1,103,13499,
151.269,1157.56,51.4868,7.42512,144.61,11.9688,132.411,1,8,-87,-8,2,53,52,13,28367106,262,1,103,13499,
152.268,1169.87,51.4867,7.42525,144.51,12.2906,131.482,1,8,-87,-8,2,53,52,13,28367106,262,1,103,13499,
153.264,1182.35,51.4867,7.42539,144.335,12.5073,130.719,1,10,-87,-8,2,53,52,13,28367106,262,1,103,13499,
154.257,1194.72,51.4866,7.42553,144.282,12.3883,130.435,1,10,-87,-8,2,53,52,13,28367106,262,1,103,13499,
155.252,1206.92,51.4865,7.42567,144.168,12.321,131.652,1,13,-85,-7,2,55,54,13,28367106,262,1,103,13499,
156.254,1218.73,51.4865,7.42579,143.664,11.8568,132.538,1,13,-85,-7,2,55,54,13,28367106,262,1,103,13499,
157.245,1231,51.4864,7.42592,143.128,12.0391,134.693,1,19,-83,-7,2,57,55,13,28367106,262,1,103,13499,
158.249,1243.73,51.4863,7.42604,142.267,12.5459,137.091,1,19,-83,-7,2,57,55,13,28367106,262,1,103,13499,
159.255,1256.5,51.4862,7.42616,141.187,12.7917,138.05,1,24,-83,-7,2,57,55,13,28367106,262,1,103,13499,
160.26,1268.23,51.4861,7.42627,140.087,12.6924,137.684,1,24,-83,-7,2,57,55,13,28367106,262,1,103,13499,
161.251,1280.31,51.4861,7.42639,139.02,12.8467,134.993,1,21,-81,-6,2,59,57,13,28367106,262,1,103,13499,
162.252,1292.89,51.486,7.42653,137.704,12.9958,132.19,1,21,-81,-6,2,59,57,13,28367106,262,1,103,13499,
163.265,1305.52,51.4859,7.42667,136.515,13.0939,128.952,1,22,-82,-6,2,58,55,13,28367106,262,1,103,13499,
164.261,1318.6,51.4858,7.42683,135.409,13.1638,126.136,1,22,-82,-6,2,58,55,13,28367106,262,1,103,13499,
165.252,1331.75,51.4858,7.42699,134.283,13.2092,124.334,1,19,-83,-6,2,57,53,13,28367106,262,1,103,13499,
166.26,1345.22,51.4857,7.42716,133.375,13.2597,124.864,1,19,-83,-6,2,57,53,13,28367106,262,1,103,13499,
167.274,1358.82,51.4856,7.42732,132.782,13.1317,128.653,1,21,-85,-6,2,55,52,13,28367106,262,1,103,13499,
168.267,1370.85,51.4856,7.42742,132.037,12.7184,146.572,1,21,-85,-6,2,55,52,13,28367106,262,1,103,13499,
169.251,1382.71,51.4855,7.42751,130.793,12.0868,146.235,1,21,-85,-6,2,55,52,13,28367106,262,1,103,13499,
170.274,1393.32,51.4854,7.4276,130.09,10.1625,144.935,1,17,-87,-6,2,53,51,13,28367106,262,1,103,13499,
171.248,1403.05,51.4853,7.42768,129.772,9.26104,146.244,1,17,-87,-6,2,53,51,13,28367106,262,1,103,13499,
172.28,1412.35,51.4852,7.42773,129.821,8.74929,166.029,1,21,-91,-7,2,49,47,13,28367106,262,1,103,13499,
173.263,1421.76,51.4852,7.42776,129.723,9.1234,167.664,1,21,-91,-7,2,49,47,13,28367106,262,1,103,13499,
174.252,1431.07,51.4851,7.42779,129.422,9.63843,167.853,1,16,-92,-7,2,48,46,13,28367106,262,1,103,13499,
175.275,1441.04,51.485,7.42782,129.419,10.225,166.318,1,16,-92,-7,2,48,46,13,28367106,262,1,103,13499,
176.26,1451.8,51.4849,7.42786,129.431,10.2208,165.736,1,17,-92,-7,2,48,46,13,28367106,262,1,103,13499,
177.265,1462.63,51.4848,7.4279,129.335,10.6034,165.184,1,17,-92,-7,2,48,46,13,28367106,262,1,103,13499,
178.252,1473.58,51.4847,7.42794,129.344,10.5816,164.565,1,13,-90,-7,2,50,48,13,28367106,262,1,103,13499,
179.345,1483.73,51.4846,7.42799,129.504,9.60932,164.153,1,13,-90,-7,2,50,48,13,28367106,262,1,103,13499,
180.252,1492.51,51.4845,7.42802,129.483,9.24251,163.663,1,17,-87,-6,10,53,51,7,28367106,262,1,103,13499,
181.26,1501.82,51.4845,7.42807,130.17,9.51297,163.426,1,17,-87,-6,10,53,51,7,28367106,262,1,103,13499,
182.263,1511.26,51.4844,7.42812,130.969,9.67811,162.683,1,14,-86,-6,15,54,50,7,28367106,262,1,103,13499,
183.269,1520.16,51.4843,7.42816,131.661,8.59546,163.208,1,14,-86,-6,15,54,50,7,28367106,262,1,103,13499,
184.249,1529.47,51.4842,7.4282,132.098,8.48472,163.753,1,13,-86,-8,10,54,53,7,28367106,262,1,103,13499,
185.27,1539.71,51.4841,7.42824,132.397,9.31339,163.515,1,13,-86,-8,10,54,53,7,28367106,262,1,103,13499,
186.261,1549.08,51.4841,7.42829,132.442,9.44989,163.865,1,10,-88,-7,10,52,51,7,28367106,262,1,103,13499,
187.261,1558.44,51.484,7.42833,132.855,9.50437,164.251,1,10,-88,-7,10,52,51,7,28367106,262,1,103,13499,
188.289,1568.13,51.4839,7.42837,133.569,9.11867,164.89,1,13,-88,-7,9,52,51,7,28367106,262,1,103,13499,
189.256,1578.41,51.4838,7.42841,133.819,9.76054,163.977,1,13,-88,-7,9,52,51,7,28367106,262,1,103,13499,
190.262,1589.12,51.4837,7.42845,134.086,10.0273,164.12,1,12,-87,-6,10,53,50,7,28367106,262,1,103,13499,
191.258,1600.26,51.4836,7.4285,134.014,10.9289,163.458,1,12,-87,-6,10,53,50,7,28367106,262,1,103,13499,
192.277,1611.85,51.4835,7.42855,133.922,11.02,163.021,1,9,-91,-7,11,49,47,7,28367106,262,1,103,13499,
193.25,1622.24,51.4834,7.4286,134.283,9.91733,163.606,1,9,-91,-7,11,49,47,7,28367106,262,1,103,13499,
194.264,1632.91,51.4833,7.42865,135.284,9.96198,162.799,1,13,-90,-7,8,50,48,7,28367106,262,1,103,13499,
195.262,1644.15,51.4832,7.42869,135.897,9.68939,164.168,1,13,-90,-7,8,50,48,7,28367106,262,1,103,13499,
196.242,1654.32,51.4832,7.42874,136.53,9.50029,164.637,1,13,-90,-7,8,50,48,7,28367106,262,1,103,13499,
197.262,1664.04,51.4831,7.42877,137.108,9.16013,165.273,1,10,-89,-6,11,51,49,7,28367106,262,1,103,13499,
198.242,1674.26,51.483,7.42881,136.784,8.61219,166.933,1,10,-89,-6,11,51,49,7,28367106,262,1,103,13499,
199.258,1682.92,51.4829,7.42884,137.032,7.13234,167.801,1,8,-91,-7,2,49,48,7,28367106,262,1,103,13499,
200.259,1691.12,51.4828,7.42886,137.317,6.31853,170.204,1,8,-91,-7,2,49,48,7,28367106,262,1,103,13499,
201.275,1697.66,51.4828,7.42887,137.687,4.88843,172.58,1,15,-91,-7,2,49,48,7,28367106,262,1,103,13499,
202.262,1700.59,51.4827,7.42888,137.753,2.6019,172.937,1,15,-91,-7,2,49,48,7,28367106,262,1,103,13499,
203.252,1700.59,51.4827,7.42888,137.758,0,172.937,1,11,-91,-7,2,49,48,7,28367106,262,1,103,13499,
204.25,1700.59,51.4827,7.42888,137.76,0,172.937,1,11,-91,-7,2,49,48,7,28367106,262,1,103,13499,
205.246,1700.59,51.4827,7.42888,137.764,0,172.937,1,7,-93,-8,2,47,48,7,28367106,262,1,103,13499,
206.259,1700.59,51.4827,7.42888,137.77,0,172.937,1,7,-93,-8,2,47,48,7,28367106,262,1,103,13499,
207.264,1700.59,51.4827,7.42888,137.774,0,172.937,1,8,-95,-8,2,45,44,7,29391105,262,1,351,13499,
208.26,1700.59,51.4827,7.42888,137.78,0,172.937,1,8,-95,-8,2,45,44,7,29391105,262,1,351,13499,
209.251,1700.59,51.4827,7.42888,137.786,0,172.937,1,7,-95,-8,2,45,44,7,29391105,262,1,351,13499,
210.251,1700.59,51.4827,7.42888,137.791,0,172.937,1,7,-95,-8,2,45,44,7,29391105,262,1,351,13499,
211.258,1700.59,51.4827,7.42888,137.797,0,172.937,1,8,-95,-7,2,45,42,7,29391105,262,1,351,13499,
212.257,1700.59,51.4827,7.42888,137.801,0,172.937,1,8,-95,-7,2,45,42,7,29391105,262,1,351,13499,
213.264,1700.59,51.4827,7.42888,137.803,0,172.937,1,8,-94,-8,2,46,46,7,28367106,262,1,103,13499,
214.265,1700.59,51.4827,7.42888,137.799,0,172.937,1,8,-94,-8,2,46,46,7,28367106,262,1,103,13499,
215.267,1700.59,51.4827,7.42888,137.794,0,172.937,1,10,-93,-8,2,47,46,7,28367106,262,1,103,13499,
216.261,1700.59,51.4827,7.42888,137.787,0,172.937,1,10,-93,-8,2,47,46,7,28367106,262,1,103,13499,
217.245,1700.59,51.4827,7.42888,137.781,0,172.937,1,8,-93,-8,2,47,46,7,28367106,262,1,103,13499,
218.263,1700.59,51.4827,7.42888,137.773,0,172.937,1,8,-93,-8,2,47,46,7,28367106,262,1,103,13499,
219.258,1700.59,51.4827,7.42888,137.764,0,172.937,1,11,-93,-8,2,47,47,7,28367106,262,1,103,13499,
220.269,1700.59,51.4827,7.42888,137.753,0,172.937,1,11,-93,-8,2,47,47,7,28367106,262,1,103,13499,
221.253,1700.59,51.4827,7.42888,137.749,0,172.937,1,11,-93,-8,2,47,47,7,28367106,262,1,103,13499,
222.259,1700.59,51.4827,7.42888,137.75,0,172.937,1,11,-93,-8,2,47,46,7,28367106,262,1,103,13499,
223.263,1700.59,51.4827,7.42888,137.753,0,172.937,1,11,-93,-8,2,47,46,7,28367106,262,1,103,13499,
224.263,1700.59,51.4827,7.42888,137.758,0,172.937,1,12,-93,-8,2,47,47,7,28367106,262,1,103,13499,
225.271,1700.59,51.4827,7.42888,137.762,0,172.937,1,12,-93,-8,2,47,47,7,28367106,262,1,103,13499,
226.264,1700.59,51.4827,7.42888,137.768,0,172.937,1,11,-92,-8,2,48,47,7,28367106,262,1,103,13499,
227.264,1700.59,51.4827,7.42888,137.773,0,172.937,1,11,-92,-8,2,48,47,7,28367106,262,1,103,13499,
228.259,1700.59,51.4827,7.42888,137.779,0,172.937,1,10,-92,-8,2,48,48,7,28367106,262,1,103,13499,
229.259,1700.59,51.4827,7.42888,137.785,0,172.937,1,10,-92,-8,2,48,48,7,28367106,262,1,103,13499,
230.258,1700.59,51.4827,7.42888,137.791,0,172.937,1,8,-92,-8,2,48,47,7,28367106,262,1,103,13499,
231.252,1701.08,51.4827,7.42888,137.797,0,172.937,1,8,-92,-8,2,48,47,7,28367106,262,1,103,13499,
232.271,1701.53,51.4827,7.42888,137.9,0,172.937,1,10,-92,-8,2,48,47,7,28367106,262,1,103,13499,
233.253,1701.83,51.4827,7.42888,137.918,0,172.937,1,10,-92,-8,2,48,47,7,28367106,262,1,103,13499,
234.275,1702.21,51.4827,7.42888,137.968,0,172.937,1,12,-92,-8,2,48,47,7,28367106,262,1,103,13499,
235.254,1702.61,51.4827,7.42888,137.97,0,172.937,1,12,-92,-8,2,48,47,7,28367106,262,1,103,13499,
236.262,1702.94,51.4827,7.42888,137.819,0,4.63555,1,13,-92,-8,2,48,47,7,28367106,262,1,103,13499,
237.266,1703.24,51.4827,7.42887,137.614,0,4.63555,1,13,-92,-8,2,48,47,7,28367106,262,1,103,13499,
238.254,1703.93,51.4827,7.42887,137.307,0,4.63555,1,12,-92,-8,2,48,48,7,28367106,262,1,103,13499,
239.253,1704.71,51.4827,7.42886,137.265,0,4.63555,1,12,-92,-8,2,48,48,7,28367106,262,1,103,13499,
240.265,1705.69,51.4828,7.42885,137.215,0,4.63555,1,12,-91,-7,2,49,47,7,28367106,262,1,103,13499,
241.264,1706.93,51.4828,7.42883,137.165,0,4.63555,1,12,-91,-7,2,49,47,7,28367106,262,1,103,13499,
242.252,1707.84,51.4828,7.42882,136.572,0,328.21,1,11,-91,-8,2,49,47,7,28367106,262,1,103,13499,
243.241,1708.98,51.4828,7.42881,135.882,0,328.21,1,11,-91,-8,2,49,47,7,28367106,262,1,103,13499,
244.259,1710.16,51.4828,7.42879,135.213,0,328.21,1,7,-91,-7,7,49,46,7,28367106,262,1,103,13499,
245.273,1711.52,51.4828,7.42877,134.473,0,314.614,1,7,-91,-7,7,49,46,7,28367106,262,1,103,13499,
246.241,1712.41,51.4827,7.42876,133.849,0,314.614,1,10,-90,-6,9,50,48,7,28367106,262,1,103,13499,
247.25,1713.69,51.4827,7.42876,133.348,0,174.932,1,10,-90,-6,9,50,48,7,28367106,262,1,103,13499,
248.237,1714.86,51.4827,7.42877,133.006,0,172.399,1,17,-90,-8,8,50,49,7,28367106,262,1,103,13499,
249.255,1718.3,51.4827,7.42878,132.789,1.51281,172.766,1,17,-90,-8,8,50,49,7,28367106,262,1,103,13499,
250.262,1724.28,51.4826,7.42878,132.608,2.65495,178.904,1,11,-87,-6,7,53,50,7,28367106,262,1,103,13499,
251.258,1729.91,51.4826,7.42879,131.051,3.31039,171.666,1,11,-87,-6,7,53,50,7,28367106,262,1,103,13499,
252.258,1736.33,51.4825,7.42885,130.923,3.8844,139.455,1,11,-87,-6,7,53,50,7,28367106,262,1,103,13499,
253.264,1742.36,51.4825,7.42892,131.836,4.2651,118.151,1,6,-92,-8,11,48,47,7,28367106,262,1,103,13499,
254.26,1749.85,51.4825,7.42902,132.899,4.71354,103.701,1,6,-92,-8,11,48,47,7,28367106,262,1,103,13499,
255.262,1759.83,51.4825,7.42917,134.19,5.09373,99.078,1,4,-96,-9,9,44,44,7,28367106,262,1,103,13499,
256.268,1769.16,51.4825,7.4293,135.614,5.43382,99.9247,1,4,-96,-9,9,44,44,7,28367106,262,1,103,13499,
257.261,1777.93,51.4825,7.42943,136.634,8.86584,95.8503,1,-1,-103,-11,7,37,40,7,28367106,262,1,103,13499,
258.266,1787.14,51.4825,7.42956,137.508,8.94084,96.2111,1,-1,-103,-11,7,37,40,7,28367106,262,1,103,13499,
259.248,1795.8,51.4825,7.42968,138.324,9.29244,95.4707,1,5,-99,-7,12,41,37,15,29563904,262,1,350,13499,
260.248,1804.77,51.4824,7.42981,139.268,9.29176,96.0985,1,5,-99,-7,12,41,37,15,29563904,262,1,350,13499,
261.255,1813.8,51.4824,7.42994,140.362,8.62801,96.8512,1,3,-99,-7,11,41,39,15,29563904,262,1,350,13499,
262.268,1823.02,51.4824,7.43007,141.431,8.20197,96.7692,1,3,-99,-7,11,41,39,15,29563904,262,1,350,13499,
263.252,1831.54,51.4824,7.4302,142.551,7.66933,96.5773,1,5,-102,-10,7,38,38,6,28367106,262,1,350,13499,
264.25,1838.81,51.4824,7.4303,143.833,7.20148,96.2058,1,5,-102,-10,7,38,38,6,28367106,262,1,350,13499,
265.249,1845.64,51.4824,7.4304,144.928,6.58961,96.6255,1,5,-99,-10,9,41,42,6,28367106,262,1,103,13499,
266.25,1852.71,51.4824,7.4305,145.856,6.84155,96.0456,1,5,-99,-10,9,41,42,6,28367106,262,1,103,13499,
267.252,1859.35,51.4824,7.43059,146.775,6.32646,96.7067,1,5,-97,-8,10,43,43,6,28367106,262,1,103,13499,
268.268,1864.95,51.4824,7.43067,147.51,5.27512,97.4708,1,5,-97,-8,10,43,43,6,28367106,262,1,103,13499,
269.265,1871.09,51.4824,7.43076,148.75,4.68916,96.8497,1,5,-93,-7,8,47,45,6,28367106,262,1,103,13499,
270.257,1875.84,51.4824,7.43083,149.753,4.20809,97.7295,1,5,-93,-7,8,47,45,6,28367106,262,1,103,13499,
271.252,1879.44,51.4824,7.43088,149.846,3.35597,98.0318,1,20,-85,-6,12,55,53,6,28367106,262,1,103,13499,
272.398,1882.8,51.4823,7.43093,149.977,2.52536,97.0823,1,20,-85,-6,12,55,53,6,28367106,262,1,103,13499,
273.246,1884.86,51.4823,7.43096,150.112,1.30054,98.2182,1,20,-85,-6,12,55,53,6,28367106,262,1,103,13499,
274.257,1884.86,51.4823,7.43096,150.126,0,98.2182,1,17,-91,-7,10,49,47,6,28367106,262,1,103,13499,
275.268,1884.86,51.4823,7.43096,150.135,0,98.2182,1,17,-91,-7,10,49,47,6,28367106,262,1,103,13499,
276.268,1884.86,51.4823,7.43096,150.145,0,98.2182,1,11,-92,-6,13,48,45,6,28367106,262,1,103,13499,
277.224,1884.86,51.4823,7.43096,150.215,0,101.967,1,11,-92,-6,13,48,45,6,28367106,262,1,103,13499,
278.253,1884.86,51.4823,7.43096,150.277,0,100.725,1,13,-91,-6,15,49,47,6,28367106,262,1,103,13499,
279.259,1891.67,51.4823,7.43106,150.879,4.66608,99.1917,1,13,-91,-6,15,49,47,6,28367106,262,1,103,13499,
280.305,1896,51.4823,7.43112,151.182,5.07655,98.2154,1,11,-91,-7,9,49,46,6,28367106,262,1,103,13499,
281.246,1900.29,51.4823,7.43118,151.138,5.22251,97.6781,1,11,-91,-7,9,49,46,6,28367106,262,1,103,13499,
282.251,1905.58,51.4823,7.43126,151.18,6.31532,98.0288,1,10,-91,-7,9,49,47,6,28367106,262,1,103,13499,
283.246,1912,51.4823,7.43135,150.875,7.20648,97.6771,1,10,-91,-7,9,49,47,6,28367106,262,1,103,13499,
284.242,1920.35,51.4823,7.43147,150.772,8.26018,97.1967,1,10,-84,-6,8,56,52,6,28367106,262,1,103,13499,
285.269,1929.24,51.4823,7.4316,150.904,8.59325,97.548,1,10,-84,-6,8,56,52,6,28367106,262,1,103,13499,
286.245,1937.6,51.4823,7.43172,150.683,8.60606,97.0387,1,13,-89,-7,10,51,49,6,28367106,262,1,103,13499,
287.254,1945.74,51.4823,7.43183,150.11,9.30952,96.7972,1,13,-89,-7,10,51,49,6,28367106,262,1,103,13499,
288.284,1956.3,51.4823,7.43198,149.395,10.5228,97.4522,1,5,-93,-9,4,47,46,6,28367106,262,1,103,13499,
289.261,1966.24,51.4823,7.43213,148.804,10.615,96.4888,1,5,-93,-9,4,47,46,6,28367106,262,1,103,13499,
290.268,1977.11,51.4822,7.43228,148.345,10.3872,97.0595,1,10,-76,-5,2,64,58,6,28367106,262,1,103,13499,
291.291,1987.07,51.4822,7.43243,148.09,10.7625,96.4932,1,10,-76,-5,2,64,58,6,28367106,262,1,103,13499,
292.252,1997.71,51.4822,7.43258,147.645,10.6095,96.1126,1,10,-88,-10,11,52,52,4,28367106,262,1,103,13499,
293.286,2008.61,51.4822,7.43274,147.258,10.4861,96.5497,1,10,-88,-10,11,52,52,4,28367106,262,1,103,13499,
294.251,2019.37,51.4822,7.43289,146.961,10.3877,97.0097,1,11,-86,-7,13,54,52,4,28367106,262,1,103,13499,
295.253,2029.65,51.4822,7.43304,146.992,10.2213,96.9555,1,11,-86,-7,13,54,52,4,28367106,262,1,103,13499,
296.276,2040.07,51.4822,7.43319,147.11,10.1273,96.4191,1,12,-86,-7,12,54,51,4,28367106,262,1,103,13499,
297.256,2048.63,51.4822,7.43331,146.726,9.69824,96.53,1,12,-86,-7,12,54,51,4,28367106,262,1,103,13499,
298.274,2057.45,51.4822,7.43344,146.21,8.81075,96.9366,1,13,-90,-8,8,50,48,4,28367106,262,1,103,13499,
299.254,2066.11,51.4822,7.43356,145.847,8.21547,96.2465,1,13,-90,-8,8,50,48,4,28367106,262,1,103,13499,
300.267,2075.66,51.4822,7.4337,146.207,7.89429,95.4464,1,13,-90,-8,8,50,48,4,28367106,262,1,103,13499,
301.265,2083.6,51.4821,7.43381,146.699,8.15833,96.2417,1,9,-92,-9,11,48,48,4,28367106,262,1,103,13499,
302.277,2092.01,51.4821,7.43393,147.366,8.73861,97.048,1,9,-92,-9,11,48,48,4,28367106,262,1,103,13499,
303.248,2100.88,51.4821,7.43406,147.922,8.77799,96.1005,1,7,-93,-10,10,47,47,4,28367106,262,1,103,13499,
304.269,2110.62,51.4821,7.4342,148.41,9.40432,96.934,1,7,-93,-10,10,47,47,4,28367106,262,1,103,13499,
305.26,2119.38,51.4821,7.43433,148.338,9.65511,97.3943,1,5,-92,-9,11,48,47,4,28367106,262,1,103,13499,
306.259,2129.42,51.4821,7.43447,148.895,9.98062,97.725,1,5,-92,-9,11,48,47,4,28367106,262,1,103,13499,
307.259,2140.61,51.4821,7.43463,149.679,10.4596,98.3912,1,6,-92,-9,11,48,48,4,28367106,262,1,103,13499,
308.245,2149.77,51.4821,7.43476,149.887,10.1585,98.4669,1,6,-92,-9,11,48,48,4,28367106,262,1,103,13499,
309.28,2159.66,51.4821,7.4349,150.219,10.0681,98.1311,1,11,-72,-5,2,68,54,4,28367106,262,1,103,13499,
310.253,2168.55,51.4821,7.43503,150.284,9.88441,97.3566,1,11,-72,-5,2,68,54,4,28367106,262,1,103,13499,
311.254,2178.62,51.482,7.43518,150.358,9.8013,98.6498,1,7,-86,-8,11,54,52,4,28367106,262,1,103,13499,
312.251,2188.81,51.482,7.43532,150.657,9.89517,98.5032,1,7,-86,-8,11,54,52,4,28367106,262,1,103,13499,
313.253,2198.9,51.482,7.43547,150.83,9.93096,97.7211,1,5,-93,-12,10,47,50,4,28367106,262,1,103,13499,
314.246,2208.89,51.482,7.43561,150.737,10.4931,97.096,1,5,-93,-12,10,47,50,4,28367106,262,1,103,13499,
315.271,2219.35,51.482,7.43576,150.634,10.4819,96.4601,1,4,-95,-12,11,45,49,4,28367106,262,1,103,13499,
316.259,2230.58,51.482,7.43592,150.393,10.9211,96.8743,1,4,-95,-12,11,45,49,4,28367106,262,1,103,13499,
317.269,2241.38,51.482,7.43608,150.073,10.4484,96.8993,1,13,-76,-8,12,64,60,4,28367106,262,1,103,13499,
318.265,2251.65,51.482,7.43622,149.824,10.4607,96.2668,1,13,-76,-8,12,64,60,4,28367106,262,1,103,13499,
319.244,2261.48,51.482,7.43637,149.256,10.4638,97.2103,1,4,-90,-10,10,50,51,4,28367106,262,1,103,13499,
320.278,2271.87,51.482,7.43652,148.657,10.3841,98.0282,1,4,-90,-10,10,50,51,4,28367106,262,1,103,13499,
321.256,2282.92,51.4819,7.43667,148.547,9.9738,97.0293,1,5,-89,-9,11,51,50,10,28368386,262,1,32,13499,
322.264,2292.4,51.4819,7.43681,148.705,9.67057,96.6799,1,5,-89,-9,11,51,50,10,28368386,262,1,32,13499,
323.267,2302.51,51.4819,7.43696,149.066,9.51855,96.3381,1,8,-87,-8,13,53,52,4,28367105,262,1,32,13499,
324.283,2311.29,51.4819,7.43708,149.419,9.58258,96.3496,1,8,-87,-8,13,53,52,4,28367105,262,1,32,13499,
325.263,2320.34,51.4819,7.43721,149.632,8.85118,96.5408,1,8,-87,-8,13,53,52,4,28367105,262,1,32,13499,
326.269,2328.81,51.4819,7.43733,149.692,8.01306,97.4793,1,11,-87,-6,13,53,50,4,28367105,262,1,102,13499,
327.257,2336.58,51.4819,7.43744,149.82,8.08417,98.1467,1,11,-87,-6,13,53,50,4,28367105,262,1,102,13499,
328.252,2345.01,51.4819,7.43756,149.885,7.79509,98.9648,1,13,-85,-6,15,55,52,4,28367105,262,1,102,13499,
329.259,2353.94,51.4819,7.43769,149.876,7.88758,98.8459,1,13,-85,-6,15,55,52,4,28367105,262,1,102,13499,
330.291,2361.55,51.4819,7.4378,149.791,7.27883,97.9212,1,19,-83,-6,11,57,54,4,28367105,262,1,102,13499,
331.26,2369.03,51.4818,7.43791,149.764,6.84988,98.9349,1,19,-83,-6,11,57,54,4,28367105,262,1,102,13499,
332.263,2375.98,51.4818,7.43801,149.909,6.46599,100.349,1,17,-82,-6,14,58,55,4,28367105,262,1,102,13499,
333.25,2382.92,51.4818,7.43811,149.866,6.65865,99.4931,1,17,-82,-6,14,58,55,4,28367105,262,1,102,13499,
334.267,2390.93,51.4818,7.43822,150.074,7.55696,97.8586,1,14,-84,-6,11,56,54,4,28367105,262,1,102,13499,
335.246,2398.41,51.4818,7.43833,150.257,6.57337,96.5911,1,14,-84,-6,11,56,54,4,28367105,262,1,102,13499,
336.257,2406.75,51.4818,7.43845,151.042,7.0135,97.2295,1,11,-88,-7,12,52,50,4,28367105,262,1,102,13499,
337.225,2414.36,51.4818,7.43856,151.411,8.049,97.3104,1,11,-88,-7,12,52,50,4,28367105,262,1,102,13499,
338.266,2422.15,51.4818,7.43867,151.648,7.98859,96.875,1,8,-93,-8,8,47,46,4,28367105,262,1,102,13499,
339.247,2430.61,51.4818,7.43879,151.832,8.70072,97.7175,1,8,-93,-8,8,47,46,4,28367105,262,1,102,13499,
340.259,2439.54,51.4818,7.43892,151.935,8.68649,96.9886,1,6,-86,-6,6,54,51,9,28368386,262,1,32,13499,
341.259,2447.94,51.4818,7.43904,152.44,8.39105,96.3181,1,6,-86,-6,6,54,51,9,28368386,262,1,32,13499,
342.254,2456.46,51.4818,7.43916,153.191,8.78291,95.4705,1,25,-88,-8,11,52,50,9,28368386,262,1,32,13499,
343.258,2465.58,51.4817,7.43929,153.807,9.69852,94.9892,1,25,-88,-8,11,52,50,9,28368386,262,1,32,13499,
344.256,2475.56,51.4817,7.43944,154.5,10.803,94.4257,1,11,-91,-9,12,49,49,9,28368386,262,1,32,13499,
345.253,2486.78,51.4817,7.4396,155.236,11.6612,94.7049,1,11,-91,-9,12,49,49,9,28368386,262,1,32,13499,
346.25,2498.56,51.4817,7.43977,156.037,11.3753,95.3124,1,11,-91,-9,12,49,49,9,28368386,262,1,32,13499,
347.264,2509.95,51.4817,7.43993,156.906,11.0125,95.1786,1,10,-92,-9,11,48,48,9,28368386,262,1,32,13499,
348.26,2520.81,51.4817,7.44009,157.465,10.5741,95.8643,1,10,-92,-9,11,48,48,9,28368386,262,1,32,13499,
349.262,2530.9,51.4817,7.44023,157.815,9.65657,95.8433,1,4,-94,-9,8,46,46,9,28368386,262,1,32,13499,
350.261,2539.23,51.4817,7.44035,157.382,8.63956,96.7891,1,4,-94,-9,8,46,46,9,28368386,262,1,32,13499,
351.244,2548.09,51.4817,7.44048,156.536,6.72858,95.8087,1,8,-96,-10,11,44,46,9,28368386,262,1,32,13499,
352.258,2553.75,51.4817,7.44056,155.41,4.76882,96.3081,1,8,-96,-10,11,44,46,9,28368386,262,1,32,13499,
353.265,2558.91,51.4817,7.44064,155.343,4.03228,95.7567,1,0,-93,-8,10,47,45,9,28368386,262,1,32,13499,
354.251,2562.76,51.4817,7.44069,155.313,3.34986,95.301,1,0,-93,-8,10,47,45,9,28368386,262,1,32,13499,
355.247,2565.33,51.4817,7.44073,155.322,2.16237,96.2068,1,10,-94,-8,2,46,44,9,28368386,262,1,32,13499,
356.246,2566.73,51.4817,7.44075,155.373,1.14186,96.7691,1,10,-94,-8,2,46,44,9,28368386,262,1,32,13499,
357.248,2566.73,51.4817,7.44075,155.379,0,96.7691,1,6,-93,-8,2,47,46,9,28368386,262,1,32,13499,
358.251,2566.73,51.4817,7.44075,155.388,0,96.7691,1,6,-93,-8,2,47,46,9,28368386,262,1,32,13499,
359.261,2566.73,51.4817,7.44075,155.399,0,96.7691,1,7,-93,-8,2,47,46,9,28368386,262,1,32,13499,
360.256,2566.73,51.4817,7.44075,155.411,0,96.7691,1,7,-93,-8,2,47,46,9,28368386,262,1,32,13499,
361.278,2566.73,51.4817,7.44075,155.424,0,96.7691,1,7,-93,-8,2,47,46,9,28368386,262,1,32,13499,
362.245,2566.73,51.4817,7.44075,155.437,0,96.7691,1,7,-93,-8,2,47,46,9,28368386,262,1,32,13499,
363.251,2566.73,51.4817,7.44075,155.45,0,96.7691,1,10,-93,-9,2,47,46,9,28368386,262,1,32,13499,
364.256,2566.73,51.4817,7.44075,155.461,0,96.7691,1,10,-93,-9,2,47,46,9,28368386,262,1,32,13499,
365.267,2566.73,51.4817,7.44075,155.47,0,96.7691,1,10,-93,-9,2,47,46,9,28368386,262,1,32,13499,
366.264,2566.73,51.4817,7.44075,155.477,0,96.7691,1,10,-93,-9,2,47,46,9,28368386,262,1,32,13499,
367.266,2566.73,51.4817,7.44075,155.48,0,96.7691,1,7,-94,-9,2,46,46,9,28368386,262,1,32,13499,
368.261,2566.73,51.4817,7.44075,155.48,0,96.7691,1,7,-94,-9,2,46,46,9,28368386,262,1,32,13499,
369.278,2566.73,51.4817,7.44075,155.476,0,96.7691,1,6,-94,-8,2,46,46,9,28368386,262,1,32,13499,
370.255,2566.73,51.4817,7.44075,155.47,0,96.7691,1,6,-94,-8,2,46,46,9,28368386,262,1,32,13499,
371.26,2566.73,51.4817,7.44075,155.461,0,96.7691,1,6,-94,-8,2,46,46,9,28368386,262,1,32,13499,
372.25,2566.73,51.4817,7.44075,155.45,0,96.7691,1,10,-93,-8,2,47,46,9,28368386,262,1,32,13499,
373.255,2566.73,51.4817,7.44075,155.437,0,96.7691,1,10,-93,-8,2,47,46,9,28368386,262,1,32,13499,
374.277,2566.73,51.4817,7.44075,155.423,0,96.7691,1,9,-93,-8,2,47,46,9,28368386,262,1,32,13499,
375.274,2566.73,51.4817,7.44075,155.29,0,96.7691,1,9,-93,-8,2,47,46,9,28368386,262,1,32,13499,
376.256,2566.73,51.4817,7.44075,155.198,0,96.7691,1,13,-93,-8,2,47,46,9,28368386,262,1,32,13499,
377.263,2566.73,51.4817,7.44075,155.172,0,88.6739,1,13,-93,-8,2,47,46,9,28368386,262,1,32,13499,
378.263,2572.98,51.4817,7.44084,155.165,0,91.1488,1,13,-94,-9,2,46,46,9,28368386,262,1,32,13499,
379.264,2579.45,51.4817,7.44093,154.816,6.40111,93.0047,1,13,-94,-9,2,46,46,9,28368386,262,1,32,13499,
380.252,2586.99,51.4817,7.44104,154.824,6.31815,95.1445,1,4,-94,-9,2,46,46,9,28368386,262,1,32,13499,
381.245,2593.61,51.4817,7.44114,154.799,7.11289,97.0484,1,4,-94,-9,2,46,46,9,28368386,262,1,32,13499,
382.256,2600.15,51.4816,7.44123,154.984,7.33488,100.389,1,1,-97,-9,2,43,44,9,28367105,262,1,102,13499,
383.26,2606.61,51.4816,7.44131,154.928,7.7214,113.929,1,1,-97,-9,2,43,44,9,28367105,262,1,102,13499,
384.262,2615.45,51.4816,7.44143,155.136,8.79138,116.348,1,4,-98,-11,2,42,45,9,28367105,262,1,102,13499,
385.26,2622.97,51.4816,7.44152,155.172,9.59152,119.693,1,4,-98,-11,2,42,45,9,28367105,262,1,102,13499,
386.259,2632.41,51.4815,7.44164,154.777,10.3856,122.316,1,16,-96,-10,2,44,45,9,28368386,262,1,32,13499,
387.282,2644.49,51.4814,7.44178,154.667,11.5536,124.797,1,16,-96,-10,2,44,45,9,28368386,262,1,32,13499,
388.259,2656.22,51.4814,7.44191,154.75,11.5769,127.652,1,-1,-93,-8,2,47,46,9,28368386,262,1,32,13499,
389.258,2668.42,51.4813,7.44204,155.308,11.3953,130.482,1,-1,-93,-8,2,47,46,9,28368386,262,1,32,13499,
390.277,2680.77,51.4812,7.44217,156.187,11.8952,132.648,1,15,-90,-6,2,50,48,9,28367105,262,1,102,13499,
391.343,2692.18,51.4811,7.44228,156.767,11.5528,134.08,1,15,-90,-6,2,50,48,9,28367105,262,1,102,13499,
392.238,2703.48,51.4811,7.44239,157.521,11.3888,133.78,1,12,-86,-6,11,54,51,7,28367105,262,1,102,13499,
393.252,2715.77,51.481,7.44251,158.128,11.0428,133.156,1,12,-86,-6,11,54,51,7,28367105,262,1,102,13499,
394.26,2725.78,51.4809,7.44261,158.646,10.4882,132.499,1,15,-85,-5,11,55,52,7,28367105,262,1,102,13499,
395.265,2736.39,51.4809,7.44272,159.12,10.8224,132.165,1,15,-85,-5,11,55,52,7,28367105,262,1,102,13499,
396.268,2747.61,51.4808,7.44284,159.516,11.523,132.851,1,19,-88,-6,11,52,50,7,28367105,262,1,102,13499,
397.269,2759.88,51.4807,7.44296,160.127,12.1724,135.474,1,19,-88,-6,11,52,50,7,28367105,262,1,102,13499,
398.26,2772.07,51.4806,7.44304,160.78,11.5603,154.075,1,19,-88,-6,11,52,50,7,28367105,262,1,102,13499,
399.259,2783.58,51.4805,7.44308,161.331,10.662,170.571,1,7,-93,-7,8,47,44,7,28367105,262,1,102,13499,
400.252,2794.4,51.4804,7.4431,161.719,11.0494,173.21,1,7,-93,-7,8,47,44,7,28367105,262,1,102,13499,
401.263,2805.86,51.4803,7.44311,161.793,11.5732,172.249,1,1,-98,-10,6,42,43,7,28367105,262,1,102,13499,
402.277,2817.04,51.4802,7.44315,161.798,12.0558,168.389,1,1,-98,-10,6,42,43,7,28367105,262,1,102,13499,
403.253,2830.01,51.4801,7.44323,161.964,13.1308,153.28,1,2,-97,-10,8,43,44,7,28367105,262,1,102,13499,
404.271,2843.6,51.48,7.44332,162.078,13.1389,152.89,1,2,-97,-10,8,43,44,7,28367105,262,1,102,13499,
405.249,2856.28,51.4799,7.4434,162.129,12.8184,152.342,1,5,-99,-11,6,41,42,7,28367105,262,1,102,13499,
406.258,2868.9,51.4798,7.44349,162.243,12.8494,151.989,1,5,-99,-11,6,41,42,7,28367105,262,1,102,13499,
407.253,2882.08,51.4797,7.44359,162.327,13.241,151.418,1,2,-101,-12,7,39,41,7,28367105,262,1,102,13499,
408.26,2895.62,51.4796,7.44369,162.648,13.735,151.053,1,2,-101,-12,7,39,41,7,28367105,262,1,102,13499,
409.271,2909.44,51.4795,7.44379,163.003,14.1257,151.19,1,2,-100,-11,8,40,41,7,28368386,262,1,32,13499,
410.254,2923.9,51.4794,7.44389,163.257,14.6048,151.473,1,2,-100,-11,8,40,41,7,28368386,262,1,32,13499,
411.261,2938.77,51.4792,7.44399,163.44,15.0632,151.498,1,5,-99,-11,9,41,43,7,28368386,262,1,32,13499,
412.268,2954.37,51.4791,7.4441,163.714,15.2299,151.721,1,5,-99,-11,9,41,43,7,28368386,262,1,32,13499,
413.267,2969.45,51.479,7.4442,163.918,14.8696,151.734,1,7,-97,-10,7,43,42,7,28368386,262,1,32,13499,
414.268,2984.74,51.4789,7.4443,164.303,14.5709,151.709,1,7,-97,-10,7,43,42,7,28368386,262,1,32,13499,
415.248,2999.54,51.4788,7.44441,164.671,14.3291,151.518,1,4,-103,-12,8,37,39,7,28368386,262,1,32,13499,
416.256,3013.63,51.4787,7.4445,164.908,14.0845,151.415,1,4,-103,-12,8,37,39,7,28368386,262,1,32,13499,
417.269,3027.49,51.4785,7.4446,165.052,14.1412,151.602,1,2,-105,-12,8,35,38,7,28368386,262,1,32,13499,
418.261,3041.59,51.4784,7.44469,165.436,14.1957,151.369,1,2,-105,-12,8,35,38,7,28368386,262,1,32,13499,
419.254,3055.44,51.4783,7.44479,165.63,13.7953,151.638,1,2,-105,-12,8,35,38,7,28368386,262,1,32,13499,
420.275,3068.6,51.4782,7.44488,165.59,13.4735,151.334,1,-1,-105,-11,5,35,38,14,29568768,262,1,415,13499,
421.245,3082.17,51.4781,7.44497,165.464,13.4993,151.499,1,-1,-105,-11,5,35,38,14,29568768,262,1,415,13499,
422.262,3096.06,51.478,7.44507,165.548,13.858,151.357,1,-1,-100,-9,6,40,38,7,28368384,262,1,31,13499,
423.261,3109.91,51.4779,7.44517,165.617,13.8292,151.364,1,-1,-100,-9,6,40,38,7,28368384,262,1,31,13499,
424.276,3123.78,51.4778,7.44526,165.725,13.7577,151.306,1,2,-101,-9,8,39,39,7,28368384,262,1,31,13499,
425.263,3137.98,51.4777,7.44536,166.113,13.6073,151.443,1,2,-101,-9,8,39,39,7,28368384,262,1,31,13499,
426.281,3152.02,51.4776,7.44546,166.751,13.5968,151.552,1,3,-97,-8,9,43,41,7,28368384,262,1,31,13499,
427.241,3166.14,51.4774,7.44556,167.377,13.8405,151.317,1,3,-97,-8,9,43,41,7,28368384,262,1,31,13499,
428.247,3180.19,51.4773,7.44565,167.946,13.9428,151.359,1,6,-97,-8,10,43,42,7,28368384,262,1,31,13499,
429.277,3193.8,51.4772,7.44575,168.193,13.5542,151.312,1,6,-97,-8,10,43,42,7,28368384,262,1,31,13499,
430.252,3206.71,51.4771,7.44584,168.269,13.1076,151.438,1,8,-91,-6,11,49,46,7,28368384,262,1,31,13499,
431.254,3219.07,51.477,7.44593,168.226,12.7205,151.497,1,8,-91,-6,11,49,46,7,28368384,262,1,31,13499,
432.248,3231.38,51.4769,7.44601,168.27,12.22,151.478,1,-2,-94,-9,9,46,45,7,28368384,262,1,31,13499,
433.251,3242.81,51.4768,7.44609,168.031,11.8433,151.157,1,-2,-94,-9,9,46,45,7,28368384,262,1,31,13499,
434.245,3254.75,51.4768,7.44618,167.816,11.5374,151.541,1,1,-90,-6,6,50,46,11,29568768,262,1,415,13499,
435.261,3265.79,51.4767,7.44625,167.686,11.3241,151.842,1,1,-90,-6,6,50,46,11,29568768,262,1,415,13499,
436.24,3277.27,51.4766,7.44633,167.486,10.9604,152.2,1,7,-92,-6,10,48,46,11,29568768,262,1,415,13499,
437.255,3288,51.4765,7.44641,167.321,10.5728,152.597,1,7,-92,-6,10,48,46,11,29568768,262,1,415,13499,
438.258,3298.28,51.4764,7.44648,167.161,10.0905,152.438,1,12,-89,-7,12,51,49,11,29568768,262,1,415,13499,
439.26,3308.02,51.4763,7.44654,167.084,9.57242,152.134,1,12,-89,-7,12,51,49,11,29568768,262,1,415,13499,
440.337,3317.47,51.4763,7.44661,167.165,8.81961,151.765,1,13,-85,-6,9,55,53,11,29568768,262,1,415,13499,
441.241,3325.88,51.4762,7.44666,167.413,7.1555,151.573,1,13,-85,-6,9,55,53,11,29568768,262,1,415,13499,
442.251,3330.95,51.4761,7.44669,167.757,5.04906,151.442,1,13,-85,-6,9,55,53,11,29568768,262,1,415,13499,
443.259,3334.94,51.4761,7.44671,167.8,3.13,151.629,1,18,-84,-6,11,56,53,11,29568768,262,1,415,13499,
444.262,3338.32,51.4761,7.44674,167.854,1.78595,151.285,1,18,-84,-6,11,56,53,11,29568768,262,1,415,13499,
445.248,3338.32,51.4761,7.44674,167.861,0,151.285,1,15,-86,-5,10,54,51,11,29568768,262,1,415,13499,
446.263,3338.32,51.4761,7.44674,167.87,0,151.285,1,15,-86,-5,10,54,51,11,29568768,262,1,415,13499,
447.265,3338.32,51.4761,7.44674,167.879,0,151.285,1,12,-87,-5,11,53,50,11,29568768,262,1,415,13499,
448.259,3338.32,51.4761,7.44674,167.96,0,152.886,1,12,-87,-5,11,53,50,11,29568768,262,1,415,13499,
449.264,3343.84,51.476,7.44678,168.039,0,152.509,1,13,-87,-6,9,53,51,11,29568768,262,1,415,13499,
450.306,3349.51,51.476,7.44681,168.865,5.26474,152.148,1,13,-87,-6,9,53,51,11,29568768,262,1,415,13499,
451.249,3355.95,51.4759,7.44686,169.534,6.494,151.714,1,16,-84,-7,10,56,54,11,29568768,262,1,415,13499,
452.251,3361.86,51.4759,7.4469,169.668,7.28811,151.405,1,16,-84,-7,10,56,54,11,29568768,262,1,415,13499,
453.261,3368.96,51.4758,7.44695,169.895,7.46069,151.126,1,18,-85,-6,9,55,53,11,29568768,262,1,415,13499,
454.259,3376.43,51.4758,7.44701,169.932,8.40634,151.46,1,18,-85,-6,9,55,53,11,29568768,262,1,415,13499,
455.259,3384.98,51.4757,7.44707,169.948,9.47012,151.935,1,15,-82,-5,11,58,55,11,29568768,262,1,415,13499,
456.26,3394.84,51.4756,7.44713,169.885,10.2228,151.248,1,15,-82,-5,11,58,55,11,29568768,262,1,415,13499,
457.264,3404.46,51.4756,7.4472,169.842,9.89457,150.734,1,10,-91,-7,8,49,48,11,29568768,262,1,415,13499,
458.245,3414.51,51.4755,7.44727,169.914,9.4002,149.964,1,10,-91,-7,8,49,48,11,29568768,262,1,415,13499,
459.268,3424.03,51.4754,7.44735,169.965,8.89807,149.115,1,-1,-92,-8,9,48,47,11,29568768,262,1,415,13499,
460.247,3432.98,51.4753,7.44741,170.225,8.548,148.691,1,-1,-92,-8,9,48,47,11,29568768,262,1,415,13499,
461.262,3440.95,51.4753,7.44748,170.467,8.03056,148.266,1,4,-94,-8,10,46,44,7,28368384,262,1,31,13499,
462.254,3448.62,51.4752,7.44753,170.711,7.60355,147.833,1,4,-94,-8,10,46,44,7,28368384,262,1,31,13499,
463.266,3456.11,51.4752,7.44759,171.09,6.98456,147.132,1,3,-94,-7,10,46,44,7,28368384,262,1,31,13499,
464.26,3463.28,51.4751,7.44765,171.309,6.98891,146.381,1,3,-94,-7,10,46,44,7,28368384,262,1,31,13499,
465.255,3470.45,51.4751,7.44771,171.323,7.28254,145.884,1,7,-96,-7,8,44,43,7,28368384,262,1,31,13499,
466.289,3477.55,51.475,7.44776,171.006,7.66972,145.021,1,7,-96,-7,8,44,43,7,28368384,262,1,31,13499,
467.265,3485.3,51.475,7.44783,170.746,7.91699,144.574,1,7,-96,-7,8,44,43,7,28368384,262,1,31,13499,
468.259,3493.64,51.4749,7.4479,170.572,8.7105,143.994,1,1,-98,-8,9,42,41,7,28368384,262,1,31,13499,
469.26,3501.93,51.4748,7.44797,170.492,7.78447,143.125,1,1,-98,-8,9,42,41,7,28368384,262,1,31,13499,
470.265,3507.97,51.4748,7.44802,170.086,5.89541,142.481,1,0,-94,-7,6,46,43,8,29568768,262,1,415,13499,
471.271,3513.52,51.4747,7.44807,169.785,5.43348,141.914,1,0,-94,-7,6,46,43,8,29568768,262,1,415,13499,
472.256,3518.47,51.4747,7.44811,169.433,5.19799,141.736,1,3,-98,-8,8,42,42,8,29568768,262,1,415,13499,
473.247,3523.99,51.4747,7.44816,169.117,5.6915,141.403,1,3,-98,-8,8,42,42,8,29568768,262,1,415,13499,
474.271,3530.41,51.4746,7.44822,168.78,7.09218,141.279,1,4,-99,-9,8,41,41,8,29568768,262,1,415,13499,
475.268,3538.57,51.4746,7.4483,168.534,8.80395,140.655,1,4,-99,-9,8,41,41,8,29568768,262,1,415,13499,
476.268,3547.25,51.4745,7.44837,168.214,9.16614,140.723,1,2,-98,-8,9,42,41,8,29568768,262,1,415,13499,
477.257,3556.18,51.4744,7.44846,167.908,9.18779,140.065,1,2,-98,-8,9,42,41,8,29568768,262,1,415,13499,
478.249,3565.58,51.4744,7.44854,167.671,9.45883,140.563,1,7,-92,-6,8,48,45,8,29568768,262,1,415,13499,
479.246,3575.01,51.4743,7.44863,167.426,9.80523,141.13,1,7,-92,-6,8,48,45,8,29568768,262,1,415,13499,
480.271,3584.93,51.4742,7.44872,166.946,10.4986,140.746,1,21,-93,-8,8,47,46,8,29568768,262,1,415,13499,
481.263,3595.18,51.4742,7.44881,166.565,10.3729,140.316,1,21,-93,-8,8,47,46,8,29568768,262,1,415,13499,
482.255,3605.76,51.4741,7.44891,166.211,10.9177,139.836,1,5,-92,-9,7,48,49,8,29568768,262,1,415,13499,
483.282,3616.96,51.474,7.44901,166.073,11.2173,138.989,1,5,-92,-9,7,48,49,8,29568768,262,1,415,13499,
484.267,3628.53,51.4739,7.44912,166.263,10.9519,138.025,1,10,-84,-6,2,56,53,8,29568768,262,1,415,13499,
485.266,3639.78,51.4739,7.44923,166.543,10.9901,137.509,1,10,-84,-6,2,56,53,8,29568768,262,1,415,13499,
486.265,3651.44,51.4738,7.44935,166.842,11.7995,136.681,1,14,-83,-5,2,57,55,8,29568768,262,1,415,13499,
487.261,3663.73,51.4737,7.44948,167.425,12.1034,135.628,1,14,-83,-5,2,57,55,8,29568768,262,1,415,13499,
488.276,3676.03,51.4736,7.44961,167.86,12.2255,134.118,1,17,-82,-6,2,58,56,8,29568768,262,1,415,13499,
489.27,3689.02,51.4736,7.44975,168.623,12.3618,132.472,1,17,-82,-6,2,58,56,8,29568768,262,1,415,13499,
490.261,3701.2,51.4735,7.44989,169.26,12.2095,131.14,1,21,-83,-6,2,57,55,8,29568768,262,1,415,13499,
491.25,3713.68,51.4734,7.45003,170.017,12.2061,129.879,1,21,-83,-6,2,57,55,8,29568768,262,1,415,13499,
492.261,3725.76,51.4734,7.45017,170.532,12.2206,128.401,1,16,-83,-6,2,57,55,8,29568768,262,1,415,13499,
493.259,3738.34,51.4733,7.45032,170.899,12.5889,126.907,1,16,-83,-6,2,57,55,8,29568768,262,1,415,13499,
494.274,3750.59,51.4732,7.45047,170.78,13.2829,125.682,1,19,-83,-6,2,57,54,8,29568768,262,1,415,13499,
495.252,3764.28,51.4732,7.45064,170.752,14.2276,124.762,1,19,-83,-6,2,57,54,8,29568768,262,1,415,13499,
496.255,3778.54,51.4731,7.45081,170.697,14.1013,123.568,1,24,-79,-5,2,61,57,8,29568768,262,1,415,13499,
497.277,3792.71,51.473,7.45099,170.689,14.0643,121.974,1,24,-79,-5,2,61,57,8,29568768,262,1,415,13499,
498.25,3806.47,51.473,7.45117,170.674,14.3376,120.012,1,24,-79,-5,2,61,57,8,29568768,262,1,415,13499,
499.257,3820.76,51.4729,7.45136,170.537,14.694,118.137,1,23,-78,-6,2,62,58,8,29568768,262,1,415,13499,
500.274,3835.43,51.4729,7.45155,170.466,15.2722,116.18,1,23,-78,-6,2,62,58,8,29568768,262,1,415,13499,
501.259,3851.04,51.4728,7.45176,170.371,15.6918,114.323,1,18,-79,-6,2,61,57,8,29568768,262,1,415,13499,
502.258,3866.16,51.4728,7.45197,169.626,15.6846,112.432,1,18,-79,-6,2,61,57,8,29568768,262,1,415,13499,
503.258,3882.02,51.4727,7.45218,169.175,15.9452,110.809,1,21,-81,-6,2,59,56,8,29568768,262,1,415,13499,
504.259,3898.4,51.4727,7.45241,169.001,16.2352,109.448,1,21,-81,-6,2,59,56,8,29568768,262,1,415,13499,
505.267,3915.29,51.4727,7.45264,168.638,16.4355,107.798,1,20,-78,-5,2,62,58,8,29568768,262,1,415,13499,
506.26,3931.05,51.4726,7.45287,168.462,15.8735,106.661,1,20,-78,-5,2,62,58,8,29568768,262,1,415,13499,
507.339,3947.6,51.4726,7.4531,168.018,15.3841,105.737,1,19,-76,-5,2,64,60,8,29568768,262,1,415,13499,
508.24,3961.85,51.4726,7.4533,167.62,15.0141,104.763,1,19,-76,-5,2,64,60,8,29568768,262,1,415,13499,
509.247,3976.09,51.4725,7.4535,167.242,14.7404,104.242,1,17,-80,-6,10,60,56,4,29568768,262,1,415,13499,
510.257,3990.96,51.4725,7.45371,167.086,14.5656,104.233,1,17,-80,-6,10,60,56,4,29568768,262,1,415,13499,
511.26,4005.64,51.4725,7.45392,167.07,14.2052,104.678,1,19,-81,-5,11,59,55,4,29568768,262,1,415,13499,
512.283,4019.68,51.4724,7.45411,167.138,13.9243,105.269,1,19,-81,-5,11,59,55,4,29568768,262,1,415,13499,
513.249,4034.44,51.4724,7.45432,167.145,14.1088,105.651,1,18,-81,-5,11,59,55,4,29568768,262,1,415,13499,
514.253,4048.04,51.4724,7.45451,167.209,13.8707,106.096,1,18,-81,-5,11,59,55,4,29568768,262,1,415,13499,
515.254,4062.75,51.4723,7.45471,167.245,14.0177,106.366,1,19,-80,-6,11,60,56,4,29568768,262,1,415,13499,
516.278,4077.28,51.4723,7.45491,167.048,14.6653,107.17,1,19,-80,-6,11,60,56,4,29568768,262,1,415,13499,
517.278,4091.66,51.4723,7.45511,166.795,15.4722,108.239,1,21,-79,-5,15,61,57,4,29568768,262,1,415,13499,
518.257,4107.05,51.4722,7.45532,166.392,15.4516,109.225,1,21,-79,-5,15,61,57,4,29568768,262,1,415,13499,
519.255,4121.05,51.4722,7.45551,166.26,15.1781,110.197,1,11,-80,-5,12,60,55,4,29568768,262,1,415,13499,
520.258,4136.51,51.4721,7.45572,166.295,14.9185,111.091,1,11,-80,-5,12,60,55,4,29568768,262,1,415,13499,
521.241,4151.71,51.4721,7.45592,166.509,14.6449,111.712,1,10,-85,-6,15,55,51,4,29568768,262,1,415,13499,
522.24,4166.64,51.472,7.45612,167.087,14.4242,112.424,1,10,-85,-6,15,55,51,4,29568768,262,1,415,13499,
523.267,4180.39,51.472,7.4563,167.591,14.0798,113.147,1,10,-85,-6,15,55,51,4,29568768,262,1,415,13499,
524.255,4194.49,51.4719,7.45648,168.033,13.8891,113.515,1,15,-85,-5,10,55,51,4,29568768,262,1,415,13499,
525.253,4207.79,51.4719,7.45666,168.172,13.6108,114.037,1,15,-85,-5,10,55,51,4,29568768,262,1,415,13499,
526.261,4221.69,51.4718,7.45684,168.376,13.5539,114.446,1,19,-80,-5,15,60,54,4,29568768,262,1,415,13499,
527.259,4235.34,51.4718,7.45702,168.567,13.5721,114.785,1,19,-80,-5,15,60,54,4,29568768,262,1,415,13499,
528.294,4247.21,51.4717,7.45717,167.805,13.6402,115.174,1,16,-84,-5,11,56,53,4,29568768,262,1,415,13499,
529.251,4261.31,51.4717,7.45735,167.253,13.6777,115.915,1,16,-84,-5,11,56,53,4,29568768,262,1,415,13499,
530.268,4275.11,51.4716,7.45753,166.658,13.8301,116.956,1,14,-88,-6,10,52,49,4,29568768,262,1,415,13499,
531.261,4289.12,51.4715,7.45771,166.282,13.7699,117.624,1,14,-88,-6,10,52,49,4,29568768,262,1,415,13499,
532.278,4302.65,51.4715,7.45788,165.88,13.5588,117.14,1,20,-88,-6,12,52,50,4,29568768,262,1,415,13499,
533.263,4315.89,51.4714,7.45805,165.502,13.0793,116.649,1,20,-88,-6,12,52,50,4,29568768,262,1,415,13499,
534.28,4327.51,51.4714,7.4582,164.562,12.291,116.281,1,10,-84,-6,10,56,53,4,29568768,262,1,415,13499,
535.247,4339.07,51.4713,7.45835,163.59,11.3727,115.879,1,10,-84,-6,10,56,53,4,29568768,262,1,415,13499,
536.249,4349.93,51.4713,7.45849,162.672,10.5371,115.442,1,9,-89,-7,12,51,49,4,29568768,262,1,415,13499,
537.256,4361.15,51.4712,7.45864,162.162,9.75816,115.01,1,9,-89,-7,12,51,49,4,29568768,262,1,415,13499,
538.278,4370.59,51.4712,7.45876,161.978,8.93712,115.496,1,11,-91,-8,12,49,48,4,29568768,262,1,415,13499,
539.266,4378.87,51.4712,7.45887,162.069,7.82617,115.586,1,11,-91,-8,12,49,48,4,29568768,262,1,415,13499,
540.271,4385.7,51.4711,7.45896,161.726,7.1343,116.527,1,8,-91,-8,14,49,48,4,29568768,262,1,415,13499,
541.263,4391.85,51.4711,7.45904,161.199,6.37296,116.594,1,8,-91,-8,14,49,48,4,29568768,262,1,415,13499,
542.253,4399.41,51.4711,7.45914,161.161,5.55075,117.033,1,13,-92,-9,12,48,48,4,29568768,262,1,415,13499,
543.249,4403.86,51.4711,7.45919,161.006,4.74485,116.462,1,13,-92,-9,12,48,48,4,29568768,262,1,415,13499,
544.274,4408,51.4711,7.45925,160.949,3.50498,117.315,1,5,-93,-10,11,47,48,4,29568768,262,1,415,13499,
545.237,4410.86,51.4711,7.45929,160.879,2.37683,114.863,1,5,-93,-10,11,47,48,4,29568768,262,1,415,13499,
546.254,4410.86,51.4711,7.45929,160.875,0,114.863,1,5,-93,-10,11,47,48,4,29568768,262,1,415,13499,
547.262,4410.86,51.4711,7.45929,160.873,0,114.863,1,8,-93,-10,2,47,48,4,29568768,262,1,415,13499,
548.277,4410.86,51.4711,7.45929,160.865,0,114.863,1,8,-93,-10,2,47,48,4,29568768,262,1,415,13499,
549.248,4410.86,51.4711,7.45929,160.852,0,114.863,1,5,-93,-10,2,47,48,4,29568768,262,1,415,13499,
550.25,4410.86,51.4711,7.45929,160.835,0,114.863,1,5,-93,-10,2,47,48,4,29568768,262,1,415,13499,
551.253,4410.86,51.4711,7.45929,160.818,0,114.863,1,8,-94,-11,2,46,48,4,29568768,262,1,415,13499,
552.268,4410.86,51.4711,7.45929,160.801,0,114.863,1,8,-94,-11,2,46,48,4,29568768,262,1,415,13499,
553.28,4410.86,51.4711,7.45929,160.786,0,114.863,1,10,-92,-9,2,48,48,4,29568769,262,1,416,13499,
554.258,4410.86,51.4711,7.45929,160.772,0,114.863,1,10,-92,-9,2,48,48,4,29568769,262,1,416,13499,
555.267,4410.86,51.4711,7.45929,160.759,0,114.863,1,11,-92,-8,2,48,48,4,29568769,262,1,416,13499,
556.259,4410.86,51.4711,7.45929,160.748,0,114.863,1,11,-92,-8,2,48,48,4,29568769,262,1,416,13499,
557.263,4410.86,51.4711,7.45929,160.738,0,114.863,1,10,-92,-9,2,48,48,4,29568769,262,1,416,13499,
558.24,4410.86,51.4711,7.45929,160.728,0,114.863,1,10,-92,-9,2,48,48,4,29568769,262,1,416,13499,
559.248,4410.86,51.4711,7.45929,160.718,0,114.863,1,11,-92,-9,2,48,49,4,29568769,262,1,416,13499,
560.251,4410.86,51.4711,7.45929,160.71,0,114.863,1,11,-92,-9,2,48,49,4,29568769,262,1,416,13499,
561.245,4410.86,51.4711,7.45929,160.703,0,114.863,1,9,-92,-9,2,48,49,4,29568769,262,1,416,13499,
562.249,4410.86,51.4711,7.45929,160.697,0,114.863,1,9,-92,-9,2,48,49,4,29568769,262,1,416,13499,
563.258,4410.86,51.4711,7.45929,160.691,0,114.863,1,10,-92,-9,2,48,48,4,29568769,262,1,416,13499,
564.254,4410.86,51.4711,7.45929,160.688,0,114.863,1,10,-92,-9,2,48,48,4,29568769,262,1,416,13499,
565.254,4410.86,51.4711,7.45929,160.684,0,114.863,1,11,-92,-9,2,48,48,4,29568769,262,1,416,13499,
566.252,4410.86,51.4711,7.45929,160.68,0,114.863,1,11,-92,-9,2,48,48,4,29568769,262,1,416,13499,
567.247,4410.86,51.4711,7.45929,160.675,0,114.863,1,11,-92,-9,2,48,48,4,29568769,262,1,416,13499,
568.251,4410.86,51.4711,7.45929,160.67,0,114.863,1,11,-93,-9,2,47,48,4,29568769,262,1,416,13499,
569.263,4410.86,51.4711,7.45929,160.664,0,114.863,1,11,-93,-9,2,47,48,4,29568769,262,1,416,13499,
570.258,4410.86,51.4711,7.45929,160.657,0,114.863,1,10,-93,-9,2,47,48,4,29568769,262,1,416,13499,
571.267,4410.86,51.4711,7.45929,160.648,0,114.863,1,10,-93,-9,2,47,48,4,29568769,262,1,416,13499,
572.271,4410.86,51.4711,7.45929,160.638,0,114.863,1,11,-93,-9,2,47,48,4,29568769,262,1,416,13499,
573.258,4410.86,51.4711,7.45929,160.627,0,114.863,1,11,-93,-9,2,47,48,4,29568769,262,1,416,13499,
574.252,4410.86,51.4711,7.45929,160.614,0,114.863,1,10,-93,-9,2,47,48,4,29568769,262,1,416,13499,
575.244,4410.86,51.4711,7.45929,160.601,0,114.863,1,10,-93,-9,2,47,48,4,29568769,262,1,416,13499,
576.282,4410.86,51.4711,7.45929,160.588,0,114.863,1,10,-93,-9,2,47,48,4,29568769,262,1,416,13499,
577.255,4410.86,51.4711,7.45929,160.576,0,114.863,1,10,-93,-9,2,47,48,4,29568769,262,1,416,13499,
578.259,4410.86,51.4711,7.45929,160.564,0,114.863,1,10,-93,-9,2,47,48,4,29568769,262,1,416,13499,
579.245,4410.86,51.4711,7.45929,160.552,0,114.863,1,10,-93,-9,2,47,48,4,29568769,262,1,416,13499,
580.267,4410.86,51.4711,7.45929,160.435,0,114.863,1,9,-93,-9,2,47,48,4,29568769,262,1,416,13499,
581.265,4410.86,51.4711,7.45929,160.351,0,114.863,1,9,-93,-9,2,47,48,4,29568769,262,1,416,13499,
582.28,4416.82,51.471,7.45936,160.322,0,116.524,1,9,-93,-9,2,47,48,4,29568769,262,1,416,13499,
583.263,4416.82,51.471,7.45936,159.769,0,117.777,1,9,-93,-9,2,47,48,4,29568769,262,1,416,13499,
584.26,4423.37,51.471,7.45945,159.658,4.68399,117.679,1,5,-93,-9,2,47,48,4,29568769,262,1,416,13499,
585.258,4427.61,51.471,7.4595,159.445,5.4191,119.35,1,5,-93,-9,2,47,48,4,29568769,262,1,416,13499,
586.264,4434.38,51.4709,7.45958,159.335,7.33479,118.806,1,11,-92,-9,2,48,48,4,29568769,262,1,416,13499,
587.251,4442.72,51.4709,7.45969,159.353,9.56841,116.823,1,11,-92,-9,2,48,48,4,29568769,262,1,416,13499,
588.264,4453.3,51.4709,7.45983,159.484,11.6462,115.439,1,4,-92,-9,2,48,48,4,29568769,262,1,416,13499,
589.26,4465.24,51.4708,7.45999,159.633,12.2761,114.053,1,4,-92,-9,2,48,48,4,29568769,262,1,416,13499,
590.268,4477.92,51.4708,7.46016,159.788,12.7983,113.088,1,-3,-92,-9,2,48,49,4,29568769,262,1,416,13499,
591.266,4490.82,51.4707,7.46033,159.471,13.4053,112.464,1,-3,-92,-9,2,48,49,4,29568769,262,1,416,13499,
592.259,4504.32,51.4707,7.46051,159.202,13.9706,112.183,1,-3,-92,-9,2,48,49,4,29568769,262,1,416,13499,
593.264,4518.32,51.4707,7.4607,159.112,14.5018,112.698,1,-2,-94,-11,2,46,48,4,29568769,262,1,416,13499,
594.268,4533.21,51.4706,7.4609,158.962,15.0184,113.373,1,-2,-94,-11,2,46,48,4,29568769,262,1,416,13499,
595.262,4548.24,51.4706,7.4611,158.881,15.362,113.731,1,1,-95,-12,2,45,48,4,29568769,262,1,416,13499,
596.242,4563.35,51.4705,7.4613,158.79,15.3033,114.101,1,1,-95,-12,2,45,48,4,29568769,262,1,416,13499,
597.278,4578.63,51.4704,7.4615,158.674,15.3333,114.961,1,-4,-95,-11,2,45,48,4,29568769,262,1,416,13499,
598.256,4593.36,51.4704,7.4617,158.11,15.0914,114.389,1,-4,-95,-11,2,45,48,4,29568769,262,1,416,13499,
599.259,4609.54,51.4703,7.46191,158.291,14.8324,114.987,1,-8,-95,-12,2,45,49,4,29568769,262,1,416,13499,
600.249,4625.09,51.4703,7.46211,158.722,14.9224,115.632,1,-8,-95,-12,2,45,49,4,29568769,262,1,416,13499,
601.214,4625.09,51.4703,7.46211,158.722,14.9224,115.632,1,1,-97,-12,2,43,46,4,26378498,262,1,495,13499,
602.22,4655.32,51.4702,7.46251,159.481,15.5341,115.492,1,1,-97,-12,2,43,46,4,26378498,262,1,495,13499,
603.223,4670.74,51.4701,7.46271,159.309,15.7787,115.065,1,4,-96,-10,2,44,45,4,26378498,262,1,495,13499,
604.269,4686.22,51.47,7.46292,158.788,15.5644,114.768,1,4,-96,-10,2,44,45,4,26378498,262,1,495,13499,
605.255,4702.04,51.47,7.46313,158.399,16.0504,115.453,1,-3,-98,-12,2,42,45,4,26378498,262,1,495,13499,
606.252,4718.09,51.4699,7.46334,158.034,16.4519,115.074,1,-3,-98,-12,2,42,45,4,26378498,262,1,495,13499,
607.246,4735.01,51.4699,7.46356,157.636,16.9417,114.16,1,1,-97,-11,2,43,46,4,26378498,262,1,495,13499,
608.268,4752.95,51.4698,7.46379,157.536,17.5615,112.812,1,1,-97,-11,2,43,46,4,26378498,262,1,495,13499,
609.259,4770.05,51.4697,7.46402,157.391,17.2604,111.314,1,0,-98,-12,2,42,46,4,26378498,262,1,495,13499,
610.263,4788.61,51.4697,7.46427,157.338,17.4822,110.32,1,0,-98,-12,2,42,46,4,26378498,262,1,495,13499,
611.258,4788.61,51.4702,7.46502,nan,17.6409,108.636,1,5,-97,-11,2,43,46,4,26378498,262,1,495,13499,
612.27,4788.61,51.4696,7.46473,156.78,17.9077,107.922,1,5,-97,-11,2,43,46,4,26378498,262,1,495,13499,
613.255,4806.79,51.4695,7.46498,156.689,17.7524,105.486,1,-4,-97,-10,2,43,45,4,26378498,262,1,495,13499,
614.24,4825.99,51.4695,7.46525,156.916,17.7309,104.055,1,-4,-97,-10,2,43,45,4,26378498,262,1,495,13499,
615.27,4844.73,51.4695,7.46552,157.475,17.7956,103.185,1,-4,-97,-10,2,43,45,4,26378498,262,1,495,13499,
616.274,4862.41,51.4694,7.46577,157.434,17.9714,101.159,1,-3,-98,-11,2,42,44,4,26378498,262,1,495,13499,
617.254,4878.9,51.4694,7.466,156.862,17.5941,98.7192,1,-3,-98,-11,2,42,44,4,26378498,262,1,495,13499,
618.269,4897.13,51.4694,7.46627,156.081,17.6323,96.5755,1,-3,-99,-12,2,41,45,4,26378498,262,1,495,13499,
619.258,4914.52,51.4694,7.46652,155.749,17.7461,94.5539,1,-3,-99,-12,2,41,45,4,26378498,262,1,495,13499,
620.24,4931.62,51.4694,7.46677,155.288,18.3024,92.3238,1,-8,-99,-12,2,41,45,4,26378498,262,1,495,13499,
621.25,4950.58,51.4694,7.46704,155.139,18.4275,90.1625,1,-8,-99,-12,2,41,45,4,26378498,262,1,495,13499,
622.287,4969.52,51.4694,7.46731,154.995,18.3672,88.3288,1,5,-93,-8,2,47,46,4,29401601,262,1,430,13499,
623.259,4987.69,51.4695,7.46757,155.058,18.2631,86.7393,1,5,-93,-8,2,47,46,4,29401601,262,1,430,13499,
624.266,5005.58,51.4695,7.46783,155.129,18.2233,85.222,1,3,-94,-8,2,46,45,4,29401601,262,1,430,13499,
625.251,5023.99,51.4695,7.46809,155.338,18.1712,83.9133,1,3,-94,-8,2,46,45,4,29401601,262,1,430,13499,
626.256,5042.08,51.4695,7.46835,155.589,18.1888,82.8984,1,1,-96,-10,2,44,45,4,29401601,262,1,430,13499,
627.258,5060.15,51.4696,7.46861,156.098,18.1548,82.3097,1,1,-96,-10,2,44,45,4,29401601,262,1,430,13499,
628.248,5077.59,51.4696,7.46886,156.446,18.353,81.9487,1,0,-99,-11,2,41,43,4,29401601,262,1,430,13499,
629.24,5095.13,51.4696,7.4691,156.547,18.3384,81.2517,1,0,-99,-11,2,41,43,4,29401601,262,1,430,13499,
630.258,5113.34,51.4696,7.46936,156.951,18.3214,80.8941,1,-2,-100,-11,2,40,43,4,29401601,262,1,430,13499,
631.214,5132.05,51.4697,7.46963,157.43,18.391,79.9315,1,-2,-100,-11,2,40,43,4,29401601,262,1,430,13499,
632.261,5150.65,51.4697,7.46989,157.649,18.4865,80.8752,1,2,-100,-12,2,40,44,4,29401601,262,1,430,13499,
633.258,5169.21,51.4697,7.47015,157.939,18.6245,81.5893,1,2,-100,-12,2,40,44,4,29401601,262,1,430,13499,
634.28,5187.33,51.4698,7.47041,158.392,18.5497,82.1428,1,1,-98,-12,2,42,46,4,29401601,262,1,430,13499,
635.247,5206.66,51.4698,7.47069,158.931,18.7623,82.7899,1,1,-98,-12,2,42,46,4,29401601,262,1,430,13499,
636.246,5225.49,51.4698,7.47096,159.726,18.9556,83.7441,1,1,-98,-12,2,42,46,4,29401601,262,1,430,13499,
637.258,5244.79,51.4698,7.47124,160.179,19.0662,85.0804,1,3,-97,-11,2,43,46,4,29401601,262,1,430,13499,
638.267,5263.62,51.4698,7.47151,160.89,19.0825,87.0985,1,3,-97,-11,2,43,46,4,29401601,262,1,430,13499,
639.255,5283.39,51.4698,7.47179,161.779,19.0127,88.7568,1,-1,-96,-11,2,44,46,4,29401601,262,1,430,13499,
640.253,5302.53,51.4698,7.47207,162.741,18.9925,90.5003,1,-1,-96,-11,2,44,46,4,29401601,262,1,430,13499,
641.248,5321.97,51.4698,7.47235,163.405,19.0928,92.4331,1,0,-97,-11,2,43,46,4,29401601,262,1,430,13499,
642.263,5341.78,51.4698,7.47264,163.998,18.5851,94.2506,1,0,-97,-11,2,43,46,4,29401601,262,1,430,13499,
643.259,5361.32,51.4698,7.47291,164.485,18.554,95.5421,1,-4,-98,-12,2,42,46,4,29401601,262,1,430,13499,
644.265,5380.22,51.4698,7.47319,165.06,18.4889,96.2173,1,-4,-98,-12,2,42,46,4,29401601,262,1,430,13499,
645.267,5398.69,51.4697,7.47345,165.623,18.5024,96.7059,1,-2,-100,-15,2,40,46,4,29401601,262,1,430,13499,
646.269,5417.34,51.4697,7.47371,166.648,18.6367,97.1175,1,-2,-100,-15,2,40,46,4,29401601,262,1,430,13499,
647.252,5435.79,51.4697,7.47398,167.869,18.8646,97.0833,1,-3,-99,-14,2,41,46,4,31263232,262,1,162,13499,
648.27,5454.87,51.4696,7.47425,169.195,19.0105,97.5792,1,-3,-99,-14,2,41,46,4,31263232,262,1,162,13499,
649.435,5473.81,51.4696,7.47452,169.666,18.3895,97.5363,1,-4,-100,-14,2,40,46,4,31263232,262,1,162,13499,
650.24,5492.38,51.4696,7.47479,170.466,18.0934,97.5836,1,-4,-100,-14,2,40,46,4,31263232,262,1,162,13499,
651.266,5492.38,51.4638,7.46245,nan,17.53,96.8532,1,-6,-103,-17,3,37,44,23,31263232,262,1,162,13499,
652.285,5492.38,51.4696,7.4753,171.313,16.9951,96.3703,1,-6,-103,-17,3,37,44,23,31263232,262,1,162,13499,
653.263,5509.38,51.4695,7.47554,171.592,16.3117,95.72,1,-7,-103,-16,3,37,44,23,31263232,262,1,162,13499,
654.258,5524.84,51.4695,7.47576,171.586,16.1066,94.742,1,-7,-103,-16,3,37,44,23,31263232,262,1,162,13499,
655.239,5540.74,51.4695,7.47599,171.462,16.0703,93.789,1,-8,-103,-18,3,37,45,23,31263232,262,1,162,13499,
656.275,5556.46,51.4695,7.47622,171.606,16.5034,93.1208,1,-8,-103,-18,3,37,45,23,31263232,262,1,162,13499,
657.264,5572.55,51.4695,7.47645,171.838,16.372,91.9613,1,-8,-103,-18,3,37,45,23,31263232,262,1,162,13499,
658.258,5588.9,51.4695,7.47669,172.089,16.1382,90.2716,1,-8,-101,-15,5,39,46,25,28371200,262,1,68,13499,
659.271,5605.57,51.4695,7.47693,172.226,16.5742,88.6745,1,-8,-101,-15,5,39,46,25,28371200,262,1,68,13499,
660.264,5622.17,51.4695,7.47717,172.507,16.6463,86.883,1,-7,-100,-16,4,40,47,25,28371200,262,1,68,13499,
661.278,5638.86,51.4696,7.47741,172.954,16.6779,85.7599,1,-7,-100,-16,4,40,47,25,28371200,262,1,68,13499,
662.253,5655.64,51.4696,7.47765,172.819,16.5204,84.995,1,-6,-98,-15,4,42,48,25,28371200,262,1,68,13499,
663.261,5672.23,51.4696,7.47788,172.725,15.8607,83.3955,1,-6,-98,-15,4,42,48,25,28371200,262,1,68,13499,
664.262,5686.87,51.4696,7.47809,172.218,15.228,81.1435,1,-5,-96,-14,5,44,50,25,28371200,262,1,68,13499,
665.262,5701.76,51.4697,7.4783,171.766,14.3238,79.831,1,-5,-96,-14,5,44,50,25,28371200,262,1,68,13499,
666.265,5715.2,51.4697,7.47849,171.59,12.1737,77.8574,1,-7,-91,-11,6,49,52,8,26378497,262,1,496,13499,
667.269,5726.53,51.4697,7.47864,171.661,10.4106,75.9364,1,-7,-91,-11,6,49,52,8,26378497,262,1,496,13499,
668.27,5736.78,51.4697,7.47879,172.243,9.01557,75.0897,1,5,-89,-10,11,51,52,8,26378497,262,1,496,13499,
669.262,5746.76,51.4698,7.47892,173.195,7.10891,74.6391,1,5,-89,-10,11,51,52,8,26378497,262,1,496,13499,
670.274,5753.51,51.4698,7.47902,174.007,5.63444,75.2462,1,11,-84,-9,11,56,55,8,26378497,262,1,496,13499,
671.25,5753.51,51.4708,7.48208,nan,3.7102,72.7414,1,11,-84,-9,11,56,55,8,26378497,262,1,496,13499,
672.248,5753.51,51.4698,7.4791,174.123,1.17919,72.7414,1,13,-82,-9,12,58,57,8,26378497,262,1,496,13499,
673.253,5753.51,51.4698,7.4791,174.128,0,72.7414,1,13,-82,-9,12,58,57,8,26378497,262,1,496,13499,
674.252,5753.51,51.4698,7.4791,174.134,0,72.7414,1,16,-83,-9,12,57,56,8,26378497,262,1,496,13499,
675.275,5753.51,51.4698,7.4791,174.141,0,72.7414,1,16,-83,-9,12,57,56,8,26378497,262,1,496,13499,
676.263,5753.51,51.4698,7.4791,174.148,0,72.7414,1,13,-83,-9,12,57,56,8,26378497,262,1,496,13499,
677.259,5753.51,51.4698,7.4791,174.157,0,72.7414,1,13,-83,-9,12,57,56,8,26378497,262,1,496,13499,
678.261,5753.51,51.4698,7.4791,174.168,0,72.7414,1,15,-83,-9,12,57,56,8,26378497,262,1,496,13499,
679.266,5753.51,51.4698,7.4791,174.182,0,72.7414,1,15,-83,-9,12,57,56,8,26378497,262,1,496,13499,
680.253,5753.51,51.4698,7.4791,174.198,0,72.7414,1,15,-83,-9,12,57,56,8,26378497,262,1,496,13499,
681.246,5753.51,51.4698,7.4791,174.217,0,72.7414,1,16,-82,-9,2,58,57,8,26378497,262,1,496,13499,
682.263,5753.51,51.4698,7.4791,174.237,0,72.7414,1,16,-82,-9,2,58,57,8,26378497,262,1,496,13499,
683.27,5753.51,51.4698,7.4791,174.258,0,72.7414,1,15,-83,-10,2,57,56,8,26378497,262,1,496,13499,
684.258,5753.51,51.4698,7.4791,174.281,0,72.7414,1,15,-83,-10,2,57,56,8,26378497,262,1,496,13499,
685.252,5753.51,51.4698,7.4791,174.304,0,72.7414,1,14,-83,-10,2,57,56,8,26378497,262,1,496,13499,
686.266,5753.51,51.4698,7.4791,174.33,0,72.7414,1,14,-83,-10,2,57,56,8,26378497,262,1,496,13499,
687.256,5753.51,51.4698,7.4791,174.357,0,72.7414,1,14,-83,-9,2,57,56,8,26378497,262,1,496,13499,
688.263,5753.51,51.4698,7.4791,174.386,0,72.7414,1,14,-83,-9,2,57,56,8,26378497,262,1,496,13499,
689.278,5753.51,51.4698,7.4791,174.416,0,72.7414,1,16,-83,-8,2,57,55,8,26378497,262,1,496,13499,
690.27,5753.51,51.4698,7.4791,174.447,0,72.7414,1,16,-83,-8,2,57,55,8,26378497,262,1,496,13499,
691.246,5753.51,51.4708,7.48208,nan,0,72.7414,1,14,-83,-8,2,57,55,8,26378497,262,1,496,13499,
692.257,5753.51,51.4698,7.4791,174.51,0,72.7414,1,14,-83,-8,2,57,55,8,26378497,262,1,496,13499,
693.259,5753.51,51.4698,7.4791,174.542,0,72.7414,1,16,-83,-9,12,57,57,8,26378497,262,1,496,13499,
694.271,5753.51,51.4698,7.4791,174.573,0,72.7414,1,16,-83,-9,12,57,57,8,26378497,262,1,496,13499,
695.242,5753.51,51.4698,7.4791,174.603,0,72.7414,1,18,-83,-10,13,57,57,8,26378497,262,1,496,13499,
696.266,5753.51,51.4698,7.4791,174.634,0,72.7414,1,18,-83,-10,13,57,57,8,26378497,262,1,496,13499,
697.271,5753.51,51.4698,7.4791,174.664,0,72.7414,1,13,-82,-9,12,58,57,8,26378497,262,1,496,13499,
698.256,5753.51,51.4698,7.4791,174.694,0,72.7414,1,13,-82,-9,12,58,57,8,26378497,262,1,496,13499,
699.249,5753.51,51.4698,7.4791,174.934,0,69.8865,1,13,-82,-9,12,58,57,8,26378497,262,1,496,13499,
700.268,5753.51,51.4698,7.4791,177.228,0,70.6311,1,15,-81,-9,13,59,57,8,26378497,262,1,496,13499,
701.254,5769.04,51.4699,7.47931,179.178,5.9796,71.2321,1,15,-81,-9,13,59,57,8,26378497,262,1,496,13499,
702.276,5773.15,51.4699,7.47937,179.754,6.59369,72.3613,1,16,-84,-9,11,56,55,8,26378497,262,1,496,13499,
703.245,5779.8,51.4699,7.47946,179.774,7.72736,72.9369,1,16,-84,-9,11,56,55,8,26378497,262,1,496,13499,
704.254,5788.43,51.4699,7.47957,179.576,9.17443,72.6592,1,11,-81,-9,12,59,58,8,26378497,262,1,496,13499,
705.252,5798.67,51.47,7.47971,179.2,10.5887,71.9654,1,11,-81,-9,12,59,58,8,26378497,262,1,496,13499,
706.254,5809.48,51.47,7.47986,178.88,11.4287,72.7352,1,16,-79,-9,12,61,60,8,26378497,262,1,496,13499,
707.246,5820.96,51.47,7.48002,178.614,11.6512,73.2888,1,16,-79,-9,12,61,60,8,26378497,262,1,496,13499,
708.254,5833.66,51.4701,7.48019,178.365,12.0238,72.595,1,13,-81,-9,2,59,58,8,26378497,262,1,496,13499,
709.265,5845.51,51.4701,7.48036,177.99,12.4621,72.067,1,13,-81,-9,2,59,58,8,26378497,262,1,496,13499,
710.255,5858.52,51.4701,7.48053,177.472,12.4856,71.6362,1,7,-82,-9,2,58,57,8,26378497,262,1,496,13499,
711.263,5858.52,51.4708,7.48208,nan,13.2229,71.09,1,7,-82,-9,2,58,57,8,26378497,262,1,496,13499,
712.265,5858.52,51.4702,7.48089,176.824,13.057,71.9193,1,12,-82,-9,2,58,57,8,26378497,262,1,496,13499,
713.265,5870.98,51.4702,7.48106,176.609,12.2026,72.4515,1,12,-82,-9,2,58,57,8,26378497,262,1,496,13499,
714.246,5881.04,51.4703,7.4812,176.633,9.54811,73.0416,1,20,-84,-9,2,56,56,8,26378497,262,1,496,13499,
715.264,5889.46,51.4703,7.48131,176.752,7.91981,73.4986,1,20,-84,-9,2,56,56,8,26378497,262,1,496,13499,
716.258,5896.93,51.4703,7.48142,176.707,7.05676,73.8498,1,14,-83,-9,2,57,58,8,26378497,262,1,496,13499,
717.27,5902.56,51.4703,7.4815,176.539,5.7454,97.4956,1,14,-83,-9,2,57,58,8,26378497,262,1,496,13499,
718.257,5907.03,51.4703,7.48155,176.035,6.28778,127.713,1,14,-83,-9,2,57,58,8,26378497,262,1,496,13499,
719.253,5915.55,51.4702,7.48162,175.655,8.06163,153.131,1,12,-83,-9,2,57,57,8,26378497,262,1,496,13499,
720.263,5924.77,51.4701,7.48167,175.686,9.13793,156.788,1,12,-83,-9,2,57,57,8,26378497,262,1,496,13499,
721.26,5935.11,51.4701,7.48173,176.207,10.8193,157.858,1,6,-87,-9,2,53,54,8,26378497,262,1,496,13499,
722.273,5946.1,51.47,7.48178,176.662,10.802,159.673,1,6,-87,-9,2,53,54,8,26378497,262,1,496,13499,
723.267,5956.31,51.4699,7.48183,176.534,10.4528,161.223,1,7,-88,-10,2,52,53,8,26378497,262,1,496,13499,
724.253,5968.85,51.4698,7.48188,176.518,11.8063,162.294,1,7,-88,-10,2,52,53,8,26378497,262,1,496,13499,
725.247,5981.67,51.4697,7.48193,176.747,12.9397,163.094,1,4,-90,-10,2,50,52,8,26378497,262,1,496,13499,
726.252,5995.58,51.4695,7.48198,177.519,12.7275,164.024,1,4,-90,-10,2,50,52,8,26378497,262,1,496,13499,
727.245,6008.12,51.4694,7.48203,178.286,12.4273,164.664,1,5,-91,-11,2,49,52,8,26378497,262,1,496,13499,
728.259,6021.84,51.4693,7.48209,178.627,12.7138,164.218,1,5,-91,-11,2,49,52,8,26378497,262,1,496,13499,
729.27,6034.58,51.4692,7.48213,178.912,12.67,165.167,1,2,-91,-11,2,49,51,8,26378497,262,1,496,13499,
730.265,6046.86,51.4691,7.48216,178.854,12.237,165.956,1,2,-91,-11,2,49,51,8,26378497,262,1,496,13499,
731.247,6046.86,51.4708,7.48208,nan,11.3795,166.69,1,5,-94,-13,2,46,51,8,28371200,262,1,68,13499,
732.247,6046.86,51.4689,7.48221,178.499,10.0976,167.641,1,5,-94,-13,2,46,51,8,28371200,262,1,68,13499,
733.257,6057.46,51.4688,7.48223,178.032,9.38599,166.829,1,-1,-93,-12,7,47,51,22,28371200,262,1,68,13499,
734.259,6067.3,51.4687,7.48226,177.848,9.29738,166.278,1,-1,-93,-12,7,47,51,22,28371200,262,1,68,13499,
735.26,6075.68,51.4686,7.48229,177.922,8.64385,164.872,1,4,-90,-9,10,50,52,22,28371200,262,1,68,13499,
736.252,6083.59,51.4686,7.48233,178.173,7.70534,163.777,1,4,-90,-9,10,50,52,22,28371200,262,1,68,13499,
737.261,6090.85,51.4685,7.48236,178.751,6.40768,162.761,1,3,-95,-11,6,45,47,22,28371200,262,1,68,13499,
738.271,6097.13,51.4684,7.48238,179.265,6.09943,163.134,1,3,-95,-11,6,45,47,22,28371200,262,1,68,13499,
739.254,6103,51.4684,7.48241,179.318,6.59276,163.892,1,3,-95,-11,6,45,47,22,28371200,262,1,68,13499,
740.272,6110.1,51.4683,7.48243,179.477,7.12061,163.925,1,4,-93,-11,7,47,50,22,28371200,262,1,68,13499,
741.241,6117.44,51.4683,7.48246,179.484,7.62366,164.403,1,4,-93,-11,7,47,50,22,28371200,262,1,68,13499,
742.249,6125.46,51.4682,7.48249,179.522,7.66722,165.227,1,-5,-95,-12,5,45,48,22,28371200,262,1,68,13499,
743.271,6133.56,51.4681,7.48251,179.534,7.45437,165.421,1,-5,-95,-12,5,45,48,22,28371200,262,1,68,13499,
744.271,6140.16,51.4681,7.48253,178.896,7.36242,164.25,1,5,-96,-11,7,44,47,22,28371200,262,1,68,13499,
745.246,6147.76,51.468,7.48256,178.488,7.74668,163.339,1,5,-96,-11,7,44,47,22,28371200,262,1,68,13499,
746.245,6155.46,51.4679,7.48258,178.176,7.24039,165.039,1,7,-96,-11,9,44,46,22,28371200,262,1,68,13499,
747.255,6163.08,51.4679,7.4826,177.758,7.27202,166.091,1,7,-96,-11,9,44,46,22,28371200,262,1,68,13499,
748.267,6169.17,51.4678,7.48261,176.921,7.15513,166.946,1,-1,-98,-13,2,42,45,22,28371200,262,1,68,13499,
749.262,6176.49,51.4677,7.48262,176.177,7.02999,168.55,1,-1,-98,-13,2,42,45,22,28371200,262,1,68,13499,
750.255,6183.45,51.4677,7.48264,175.52,6.61811,169.197,1,0,-96,-10,2,44,45,22,28371200,262,1,68,13499,
751.268,6183.45,51.4631,7.48297,nan,5.19945,169.706,1,0,-96,-10,2,44,45,22,28371200,262,1,68,13499,
752.269,6183.45,51.4676,7.48266,174.668,5.08062,169.097,1,-3,-97,-11,2,43,46,22,28371200,262,1,68,13499,
753.262,6190.28,51.4675,7.48267,174.507,7.65128,170.213,1,-3,-97,-11,2,43,46,22,28371200,262,1,68,13499,
754.267,6199.94,51.4674,7.48269,174.483,10.0853,171.342,1,1,-98,-11,2,42,45,22,28371200,262,1,68,13499,
755.242,6210.82,51.4673,7.48271,174.504,12.091,173.446,1,1,-98,-11,2,42,45,22,28371200,262,1,68,13499,
756.25,6224.52,51.4672,7.48272,174.572,13.2353,175.793,1,11,-99,-11,2,41,43,22,28371200,262,1,68,13499,
757.282,6236.99,51.4671,7.48272,174.689,13.4657,177.479,1,11,-99,-11,2,41,43,22,28371200,262,1,68,13499,
758.241,6252.02,51.467,7.48271,175.115,14.4966,180.017,1,8,-98,-11,2,42,44,22,28371200,262,1,68,13499,
759.26,6266.38,51.4668,7.48269,175.296,14.3715,182.336,1,8,-98,-11,2,42,44,22,28371200,262,1,68,13499,
760.245,6280.52,51.4667,7.48266,175.727,12.8881,183.915,1,8,-98,-10,2,42,44,22,28371200,262,1,68,13499,
761.249,6294.66,51.4666,7.48263,176.159,14.1821,187.327,1,8,-98,-10,2,42,44,22,28371200,262,1,68,13499,
762.271,6310.5,51.4664,7.48258,176.506,14.897,190.693,1,8,-98,-10,2,42,44,22,28371200,262,1,68,13499,
763.259,6325.62,51.4663,7.48252,177.052,14.9149,192.192,1,10,-98,-10,2,42,44,22,28371200,262,1,68,13499,
764.257,6341.91,51.4662,7.48245,177.643,14.8205,194.791,1,10,-98,-10,2,42,44,22,28371200,262,1,68,13499,
765.265,6359.82,51.466,7.48237,178.381,15.838,194.108,1,5,-98,-11,2,42,44,22,28371200,262,1,68,13499,
766.268,6374.75,51.4659,7.48231,178.959,15.4197,194.522,1,5,-98,-11,2,42,44,22,28371200,262,1,68,13499,
767.259,6388.1,51.4658,7.48222,179.278,13.2686,208.372,1,-1,-101,-12,2,39,42,22,30492930,262,1,9,13499,
768.245,6399.95,51.4657,7.48214,179.23,13.2686,200.785,1,-1,-101,-12,2,39,42,22,30492930,262,1,9,13499,
769.448,6413.18,51.4656,7.48206,180,14.8177,202.455,1,-2,-105,-12,2,35,39,22,30492930,262,1,9,13499,
770.245,6427.52,51.4655,7.48197,181.133,14.6161,202.528,1,-2,-105,-12,2,35,39,22,30492930,262,1,9,13499,
771.263,6427.52,51.4682,7.48645,nan,13.7856,202.071,1,-2,-98,-13,5,42,47,16,30492930,262,1,9,13499,
772.269,6427.52,51.4652,7.48174,179.291,13.7419,202.621,1,-2,-98,-13,5,42,47,16,30492930,262,1,9,13499,
773.259,6442.47,51.4651,7.48165,178.215,13.041,203.119,1,-3,-105,-16,4,35,42,16,30492930,262,1,9,13499,
774.257,6454.37,51.465,7.48156,176.614,12.8438,202.287,1,-3,-105,-16,4,35,42,16,30492930,262,1,9,13499,
775.271,6467.46,51.4649,7.48148,175.438,13.6775,201.594,1,-5,-102,-12,6,38,42,15,26378497,262,1,496,13499,
776.267,6482.47,51.4648,7.4814,174.741,13.7215,200.468,1,-5,-102,-12,6,38,42,15,26378497,262,1,496,13499,
777.267,6495.61,51.4647,7.48134,174.173,13.0959,199.681,1,1,-102,-11,7,38,41,15,26378497,262,1,496,13499,
778.265,6508.88,51.4646,7.48128,173.584,12.4383,198.746,1,1,-102,-11,7,38,41,15,26378497,262,1,496,13499,
779.247,6520.45,51.4645,7.48124,173.151,12.8501,198.142,1,-6,-106,-13,6,34,38,15,26378497,262,1,496,13499,
780.27,6534.19,51.4643,7.48118,172.837,13.1184,197.792,1,-6,-106,-13,6,34,38,15,26378497,262,1,496,13499,
781.266,6548.31,51.4642,7.48112,172.919,13.2403,196.882,1,-3,-104,-11,6,36,37,16,28371200,262,1,68,13499,
782.272,6562.47,51.4641,7.48107,173.004,13.2749,197.212,1,-3,-104,-11,6,36,37,16,28371200,262,1,68,13499,
783.264,6576,51.464,7.48102,173.598,13.4863,197.17,1,-3,-104,-11,6,36,37,16,28371200,262,1,68,13499,
784.267,6589.25,51.4639,7.48097,174.228,13.5389,196.699,1,6,-104,-10,10,36,38,16,28371200,262,1,68,13499,
785.254,6602.28,51.4637,7.48091,174.49,13.2036,196.727,1,6,-104,-10,10,36,38,16,28371200,262,1,68,13499,
786.263,6615.27,51.4636,7.48086,174.756,12.8056,196.279,1,-1,-110,-13,7,30,33,16,28371200,262,1,68,13499,
787.272,6627.8,51.4635,7.48081,174.67,12.4672,196.143,1,-1,-110,-13,7,30,33,16,28371200,262,1,68,13499,
788.251,6640.45,51.4634,7.48076,174.569,12.3216,195.573,1,-2,-109,-12,6,31,35,16,28371200,262,1,68,13499,
789.268,6653.08,51.4633,7.48072,174.775,12.3433,196.274,1,-2,-109,-12,6,31,35,16,28371200,262,1,68,13499,
790.271,6665.12,51.4632,7.48067,174.91,12.6561,195.81,1,-3,-111,-13,4,29,34,16,28371200,262,1,68,13499,
791.246,6665.12,51.4631,7.48297,nan,12.3588,196.203,1,-3,-111,-13,4,29,34,16,28371200,262,1,68,13499,
792.243,6665.12,51.463,7.48058,175.908,11.6333,196.445,1,-2,-112,-14,4,28,34,16,28371200,262,1,68,13499,
793.259,6676.23,51.4629,7.48053,176.507,11.4723,196.042,1,-2,-112,-14,4,28,34,16,28371200,262,1,68,13499,
794.282,6686.3,51.4628,7.48049,176.967,11.0969,195.891,1,7,-108,-12,9,32,36,16,28371200,262,1,68,13499,
795.261,6696.25,51.4627,7.48045,177.257,10.657,195.474,1,7,-108,-12,9,32,36,16,28371200,262,1,68,13499,
796.268,6706.73,51.4626,7.48041,177.628,9.81742,195.665,1,4,-108,-13,2,32,37,16,28371200,262,1,68,13499,
797.255,6715.3,51.4625,7.48037,177.831,8.56782,195.883,1,4,-108,-13,2,32,37,16,28371200,262,1,68,13499,
798.26,6723.58,51.4625,7.48034,178.738,6.98886,196.767,1,1,-107,-13,2,33,37,16,28371200,262,1,68,13499,
799.27,6730.38,51.4624,7.48032,180.037,5.89479,196.139,1,1,-107,-13,2,33,37,16,28371200,262,1,68,13499,
800.271,6735.58,51.4624,7.4803,181.213,4.43269,195.305,1,3,-108,-13,2,32,36,16,28371200,262,1,68,13499,
801.246,6739.22,51.4623,7.48029,181.322,2.79149,195.834,1,3,-108,-13,2,32,36,16,28371200,262,1,68,13499,
802.253,6741.86,51.4623,7.48028,181.428,1.4637,196.526,1,0,-110,-13,2,30,34,16,28371200,262,1,68,13499,
803.259,6741.86,51.4623,7.48028,181.441,0,196.526,1,0,-110,-13,2,30,34,16,28371200,262,1,68,13499,
804.255,6741.86,51.4623,7.48028,181.454,0,196.526,1,-2,-112,-13,2,28,33,16,28371200,262,1,68,13499,
805.259,6741.86,51.4623,7.48028,181.468,0,196.526,1,-2,-112,-13,2,28,33,16,28371200,262,1,68,13499,
806.28,6741.86,51.4623,7.48028,181.482,0,196.526,1,-2,-112,-14,2,28,33,16,28371200,262,1,68,13499,
807.259,6746.05,51.4623,7.48026,181.611,0,196.931,1,-2,-112,-14,2,28,33,16,28371200,262,1,68,13499,
808.265,6746.05,51.4623,7.48026,183.221,0,197.742,1,-2,-112,-14,2,28,33,16,28371200,262,1,68,13499,
809.26,6754.53,51.4622,7.48023,184.161,4.54489,197.316,1,-5,-113,-14,2,27,33,16,28371200,262,1,68,13499,
810.252,6759.33,51.4622,7.48021,184.735,4.70329,197.144,1,-5,-113,-14,2,27,33,16,28371200,262,1,68,13499,
811.244,6759.33,51.4631,7.48297,nan,5.46931,196,1,-2,-113,-14,2,27,33,16,28371200,262,1,68,13499,
812.25,6759.33,51.4621,7.48019,184.969,6.95924,179.43,1,-2,-113,-14,2,27,33,16,28371200,262,1,68,13499,
813.264,6766.53,51.462,7.48026,184.82,7.0785,131.465,1,1,-111,-13,2,29,33,16,28371200,262,1,68,13499,
814.254,6772.2,51.462,7.48034,184.222,7.65013,100.64,1,1,-111,-13,2,29,33,16,28371200,262,1,68,13499,
815.25,6779.44,51.462,7.48045,182.803,8.78967,97.8156,1,4,-110,-12,2,30,33,16,28371200,262,1,68,13499,
816.248,6789.71,51.462,7.48059,181.45,9.38884,95.6351,1,4,-110,-12,2,30,33,16,28371200,262,1,68,13499,
817.257,6798.71,51.462,7.48072,180.026,9.69072,94.0438,1,-3,-112,-13,2,28,33,16,28371200,262,1,68,13499,
818.279,6809.1,51.462,7.48087,178.976,9.59499,92.238,1,-3,-112,-13,2,28,33,16,28371200,262,1,68,13499,
819.258,6818.7,51.462,7.48101,177.974,10.0984,90.9718,1,-8,-116,-16,2,24,31,16,30492929,262,1,272,13499,
820.267,6829.56,51.462,7.48117,177.211,11.1545,90.3847,1,-8,-116,-16,2,24,31,16,30492929,262,1,272,13499,
821.249,6840.62,51.462,7.48133,176.438,11.8723,91.1335,1,-10,-117,-16,2,23,31,16,30492929,262,1,272,13499,
822.248,6852,51.462,7.48149,175.909,11.5344,92.0819,1,-10,-117,-16,2,23,31,16,30492929,262,1,272,13499,
823.245,6863.95,51.462,7.48167,175.743,11.718,92.1787,1,-3,-116,-15,2,24,30,16,29908736,262,1,196,13499,
824.258,6875.69,51.462,7.48184,175.827,12.1088,91.2615,1,-3,-116,-15,2,24,30,16,29908736,262,1,196,13499,
825.259,6887.22,51.462,7.482,175.775,12.4123,90.4876,1,-4,-115,-13,2,25,30,16,29908736,262,1,196,13499,
826.279,6899.72,51.462,7.48218,175.648,12.651,89.793,1,-4,-115,-13,2,25,30,16,29908736,262,1,196,13499,
827.271,6912.66,51.462,7.48237,175.502,13.1229,90.6078,1,0,-113,-14,2,27,32,16,29908736,262,1,196,13499,
828.242,6925.26,51.462,7.48255,175.576,12.6271,90.7391,1,0,-113,-14,2,27,32,16,29908736,262,1,196,13499,
829.258,6938.2,51.462,7.48274,175.717,11.9424,90.1802,1,-5,-112,-14,2,28,33,16,29908736,262,1,196,13499,
830.259,6949.15,51.462,7.4829,175.731,11.4343,90.1751,1,-5,-112,-14,2,28,33,16,29908736,262,1,196,13499,
831.242,6949.15,51.4617,7.40111,nan,11.4791,90.161,1,5,-106,-12,2,34,37,16,26378497,262,1,496,13499,
832.247,6949.15,51.462,7.48323,176.721,11.3335,89.8502,1,5,-106,-12,2,34,37,16,26378497,262,1,496,13499,
833.249,6956.18,51.462,7.48333,177.205,9.3587,90.2096,1,4,-105,-12,2,35,38,16,26378497,262,1,496,13499,
834.246,6966.45,51.462,7.48348,177.075,10.8476,89.1596,1,4,-105,-12,2,35,38,16,26378497,262,1,496,13499,
835.246,6977.99,51.462,7.48365,176.967,10.1106,90.5127,1,4,-105,-12,2,35,38,16,26378497,262,1,496,13499,
836.263,6991.39,51.462,7.48384,177.552,11.4078,91.0514,1,-9,-108,-13,2,32,36,16,26378497,262,1,496,13499,
837.252,7001.09,51.462,7.48398,178.174,7.70072,106.676,1,-9,-108,-13,2,32,36,16,26378497,262,1,496,13499,
838.253,7009.53,51.462,7.48409,178.341,7.69204,121.541,1,4,-108,-13,2,32,37,16,28371200,262,1,68,13499,
839.252,7017.73,51.4619,7.48417,179.057,7.66812,140.367,1,4,-108,-13,2,32,37,16,28371200,262,1,68,13499,
840.264,7024.91,51.4619,7.4842,179.689,9.1774,160.208,1,10,-104,-12,2,36,39,16,28371200,262,1,68,13499,
841.246,7034.63,51.4618,7.48424,179.944,10.3961,161.756,1,10,-104,-12,2,36,39,16,28371200,262,1,68,13499,
842.271,7047.03,51.4617,7.4843,181.162,10.5028,162.433,1,11,-100,-11,2,40,41,16,28371200,262,1,68,13499,
843.264,7058.84,51.4616,7.48433,182.116,11.9347,164.37,1,11,-100,-11,2,40,41,16,28371200,262,1,68,13499,
844.254,7072.22,51.4614,7.48437,182.974,12.9598,166.379,1,7,-97,-11,2,43,44,16,28371200,262,1,68,13499,
845.251,7085.5,51.4613,7.4844,183.543,13.6497,168.023,1,7,-97,-11,2,43,44,16,28371200,262,1,68,13499,
846.241,7099.94,51.4612,7.48444,184.117,14.36,169.387,1,6,-95,-10,2,45,45,16,28371200,262,1,68,13499,
847.242,7115.09,51.4611,7.48447,185.15,14.4449,170.836,1,6,-95,-10,2,45,45,16,28371200,262,1,68,13499,
848.26,7130.47,51.4609,7.48449,186.362,14.4842,172.496,1,-1,-97,-11,2,43,46,16,28371200,262,1,68,13499,
849.247,7145.39,51.4608,7.4845,187.513,14.3739,174.136,1,-1,-97,-11,2,43,46,16,28371200,262,1,68,13499,
850.268,7159.84,51.4607,7.4845,188.786,14.3366,176.116,1,-1,-96,-11,2,44,46,16,28371200,262,1,68,13499,
851.26,7159.84,51.4631,7.48297,nan,14.364,177.65,1,-1,-96,-11,2,44,46,16,28371200,262,1,68,13499,
852.26,7159.84,51.4604,7.4845,189.834,14.5254,179.563,1,-2,-97,-11,2,43,46,16,28371200,262,1,68,13499,
853.265,7174.02,51.4603,7.48448,189.745,14.463,181.722,1,-2,-97,-11,2,43,46,16,28371200,262,1,68,13499,
854.271,7188.98,51.4601,7.48446,189.716,14.4308,182.704,1,0,-98,-12,2,42,45,16,28371200,262,1,68,13499,
855.271,7203.53,51.46,7.48443,189.811,14.6288,184.225,1,0,-98,-12,2,42,45,16,28371200,262,1,68,13499,
856.245,7218.52,51.4599,7.4844,190.023,14.66,185.442,1,0,-98,-12,2,42,45,16,28371200,262,1,68,13499,
857.267,7233.42,51.4598,7.48437,190.398,14.6298,186.322,1,-5,-103,-13,2,37,42,16,28371200,262,1,68,13499,
858.25,7247.14,51.4596,7.48433,191.483,14.7931,187.569,1,-5,-103,-13,2,37,42,16,28371200,262,1,68,13499,
859.247,7260.85,51.4595,7.4843,192.712,14.6858,188.625,1,-7,-107,-14,2,33,39,16,28371200,262,1,68,13499,
860.256,7275.73,51.4594,7.48426,193.999,14.4434,189.445,1,-7,-107,-14,2,33,39,16,28371200,262,1,68,13499,
861.265,7290.89,51.4592,7.48422,195.061,14.4176,190.008,1,-2,-108,-15,2,32,38,16,28371200,262,1,68,13499,
862.274,7305.49,51.4591,7.48417,196.144,14.1514,190.526,1,-2,-108,-15,2,32,38,16,28371200,262,1,68,13499,
863.242,7320.37,51.459,7.48412,197.225,14.0162,191.322,1,-4,-107,-14,2,33,39,16,28371200,262,1,68,13499,
864.252,7333.44,51.4589,7.48408,198.457,13.7101,191.08,1,-4,-107,-14,2,33,39,16,28371200,262,1,68,13499,
865.263,7346.97,51.4587,7.48404,199.805,13.6003,190.389,1,0,-104,-13,2,36,40,16,28371200,262,1,68,13499,
866.274,7360.96,51.4586,7.48401,200.829,13.4271,190.049,1,0,-104,-13,2,36,40,16,28371200,262,1,68,13499,
867.242,7374.13,51.4585,7.48397,201.719,13.2385,190.824,1,-1,-103,-13,2,37,41,16,28371200,262,1,68,13499,
868.258,7387.31,51.4584,7.48394,202.492,12.5273,190.439,1,-1,-103,-13,2,37,41,16,28371200,262,1,68,13499,
869.258,7400.48,51.4583,7.4839,202.849,12.4491,189.938,1,4,-102,-12,2,38,41,16,28371200,262,1,68,13499,
870.248,7413.21,51.4582,7.48386,203.392,12.5175,190.649,1,4,-102,-12,2,38,41,16,28371200,262,1,68,13499,
871.268,7413.21,51.4631,7.48297,nan,12.3195,190.866,1,0,-99,-12,2,41,44,16,28371200,262,1,68,13499,
872.264,7413.21,51.4579,7.48379,204.557,12.4482,190.602,1,0,-99,-12,2,41,44,16,28371200,262,1,68,13499,
873.263,7425.84,51.4578,7.48376,204.881,12.3099,189.899,1,3,-98,-12,2,42,45,16,28371200,262,1,68,13499,
874.27,7438.38,51.4577,7.48372,205.526,12.2664,189.347,1,3,-98,-12,2,42,45,16,28371200,262,1,68,13499,
875.254,7451,51.4576,7.48369,206.327,12.7224,189.589,1,12,-96,-12,2,44,47,16,28371200,262,1,68,13499,
876.251,7464.42,51.4575,7.48365,206.844,12.8812,190.177,1,12,-96,-12,2,44,47,16,28371200,262,1,68,13499,
877.254,7477.41,51.4574,7.48362,207.513,12.839,188.779,1,10,-94,-11,2,46,48,16,28371200,262,1,68,13499,
878.265,7490.7,51.4573,7.48359,208.125,13.2037,188.275,1,10,-94,-11,2,46,48,16,28371200,262,1,68,13499,
879.263,7504.73,51.4571,7.48356,208.78,13.6506,188.859,1,11,-93,-11,2,47,49,16,28371200,262,1,68,13499,
880.27,7517.52,51.457,7.48353,209.896,14.087,189.79,1,11,-93,-11,2,47,49,16,28371200,262,1,68,13499,
881.259,7532.49,51.4569,7.48348,210.32,14.3608,189.179,1,11,-93,-11,2,47,49,16,28371200,262,1,68,13499,
882.271,7547.66,51.4568,7.48344,210.521,14.4706,189.342,1,7,-92,-11,2,48,50,16,28371200,262,1,68,13499,
883.247,7562.36,51.4566,7.4834,210.637,14.5378,188.706,1,7,-92,-11,2,48,50,16,28371200,262,1,68,13499,
884.251,7577.42,51.4565,7.48336,210.659,14.6964,188.227,1,10,-93,-11,2,47,50,16,28371200,262,1,68,13499,
885.245,7592.38,51.4564,7.48332,210.524,14.7832,187.726,1,10,-93,-11,2,47,50,16,28371200,262,1,68,13499,
886.257,7607.24,51.4562,7.48329,210.747,14.8858,187.014,1,7,-93,-11,2,47,51,16,28371200,262,1,68,13499,
887.274,7621.87,51.4561,7.48327,211.353,14.8931,185.71,1,7,-93,-11,2,47,51,16,28371200,262,1,68,13499,
888.247,7637.12,51.456,7.48325,211.662,14.9399,184.138,1,7,-91,-10,2,49,48,16,28371202,262,1,67,13499,
889.252,7651.75,51.4558,7.48324,212.017,15.0197,182.968,1,7,-91,-10,2,49,48,16,28371202,262,1,67,13499,
890.441,7667.16,51.4557,7.48323,212.214,15.2547,181.759,1,6,-90,-9,2,50,49,16,28371202,262,1,67,13499,
891.237,7667.16,51.4535,7.48459,nan,15.4728,180.245,1,6,-90,-9,2,50,49,16,28371202,262,1,67,13499,
892.256,7667.16,51.4554,7.48325,213.982,15.6469,178.392,1,6,-91,-7,7,49,47,5,28371202,262,1,67,13499,
893.257,7683.01,51.4553,7.48327,214.763,15.8311,176.544,1,6,-91,-7,7,49,47,5,28371202,262,1,67,13499,
894.27,7699.56,51.4551,7.4833,215.766,15.7614,174.337,1,11,-88,-7,8,52,49,5,28371202,262,1,67,13499,
895.255,7714.75,51.455,7.48334,216.4,15.8716,172.086,1,11,-88,-7,8,52,49,5,28371202,262,1,67,13499,
896.267,7730.87,51.4549,7.48339,217.317,15.818,170.019,1,10,-86,-6,10,54,51,5,28371202,262,1,67,13499,
897.295,7747.77,51.4547,7.48346,218.237,16.1524,167.316,1,10,-86,-6,10,54,51,5,28371202,262,1,67,13499,
898.302,7762.93,51.4546,7.48354,219.118,16.5817,164.197,1,12,-87,-5,12,53,49,5,28371202,262,1,67,13499,
899.267,7779.2,51.4544,7.48363,220.056,16.0914,161.212,1,12,-87,-5,12,53,49,5,28371202,262,1,67,13499,
900.245,7796.16,51.4543,7.48374,221.021,16.1994,158.088,1,13,-90,-6,4,50,48,5,28371202,262,1,67,13499,
901.281,7812.72,51.4542,7.48386,221.925,16.4224,154.624,1,13,-90,-6,4,50,48,5,28371202,262,1,67,13499,
902.25,7829.55,51.4541,7.48399,222.906,16.2035,151.451,1,13,-90,-6,4,50,48,5,28371202,262,1,67,13499,
903.259,7847.25,51.4539,7.48414,223.923,16.5423,148.12,1,10,-91,-6,8,49,47,5,28371202,262,1,67,13499,
904.248,7863.71,51.4538,7.48428,224.933,16.5418,145.99,1,10,-91,-6,8,49,47,5,28371202,262,1,67,13499,
905.252,7880.6,51.4537,7.48444,225.951,16.2703,143.569,1,12,-88,-6,8,52,49,5,28371202,262,1,67,13499,
906.248,7896.77,51.4536,7.4846,226.782,16.0581,140.98,1,12,-88,-6,8,52,49,5,28371202,262,1,67,13499,
907.249,7914.03,51.4535,7.48478,227.493,16.3716,138.863,1,11,-86,-5,10,54,51,5,28371202,262,1,67,13499,
908.281,7930.72,51.4534,7.48495,228.366,16.7352,137.13,1,11,-86,-5,10,54,51,5,28371202,262,1,67,13499,
909.25,7947.93,51.4533,7.48514,229.33,16.5807,135.951,1,15,-84,-6,11,56,53,5,28371202,262,1,67,13499,
910.275,7963.88,51.4532,7.48532,229.929,16.6484,134.852,1,15,-84,-6,11,56,53,5,28371202,262,1,67,13499,
911.239,7963.88,51.4535,7.48459,nan,16.7427,134.414,1,21,-83,-6,10,57,54,5,28371202,262,1,67,13499,
912.271,7963.88,51.453,7.48567,231.197,16.3165,134.186,1,21,-83,-6,10,57,54,5,28371202,262,1,67,13499,
913.273,7979.86,51.4529,7.48584,232.13,16.1914,134.722,1,17,-82,-5,12,58,54,5,28371202,262,1,67,13499,
914.26,7996.08,51.4528,7.48602,233.595,16.3172,135.542,1,17,-82,-5,12,58,54,5,28371202,262,1,67,13499,
915.273,8012.21,51.4527,7.48619,235.482,15.8357,137.032,1,11,-83,-5,15,57,54,5,28371202,262,1,67,13499,
916.269,8027.5,51.4526,7.48634,236.951,15.6701,138.631,1,11,-83,-5,15,57,54,5,28371202,262,1,67,13499,
917.259,8042.67,51.4525,7.48649,238.158,15.7073,140.184,1,12,-83,-6,3,57,54,5,28371202,262,1,67,13499,
918.268,8059.47,51.4524,7.48664,239.577,15.8761,141.616,1,12,-83,-6,3,57,54,5,28371202,262,1,67,13499,
919.285,8076.49,51.4523,7.48679,240.86,16.5771,143.705,1,27,-87,-7,15,53,53,5,28371202,262,1,67,13499,
920.256,8092.23,51.4521,7.48691,242.064,15.7865,145.879,1,27,-87,-7,15,53,53,5,28371202,262,1,67,13499,
921.261,8108.23,51.452,7.48704,243.125,15.9944,147.711,1,10,-85,-7,15,55,54,5,28371202,262,1,67,13499,
922.249,8123.91,51.4519,7.48715,244.219,15.9874,149.754,1,10,-85,-7,15,55,54,5,28371202,262,1,67,13499,
923.246,8140.67,51.4518,7.48726,245.202,15.8394,152.166,1,7,-89,-8,11,51,50,5,28371202,262,1,67,13499,
924.253,8157.73,51.4516,7.48736,246.037,15.4369,153.757,1,7,-89,-8,11,51,50,5,28371202,262,1,67,13499,
925.242,8172.71,51.4515,7.48745,246.758,14.227,156.255,1,7,-89,-8,11,51,50,5,28371202,262,1,67,13499,
