0.256,0,51.45,7.48824,253.536,8.93906,174.112,1,12,-97,-9,2,43,43,6,28371201,262,1,66,13499,
1.313,9.21595,51.4499,7.48826,253.896,9.62321,172.53,1,10,-99,-9,8,41,42,7,28371201,262,1,66,13499,
2.318,18.7628,51.4498,7.48829,254.146,10.3106,171.773,1,10,-99,-9,8,41,42,7,28371201,262,1,66,13499,
3.314,28.0411,51.4498,7.48832,254.089,10.5779,172.428,1,11,-99,-9,8,41,41,7,28371201,262,1,66,13499,
4.299,38.7955,51.4497,7.48835,254.256,11.3012,173.482,1,11,-99,-9,8,41,41,7,28371201,262,1,66,13499,
5.331,50.2822,51.4496,7.48837,253.953,12.001,174.281,1,11,-99,-9,8,41,41,7,28371201,262,1,66,13499,
6.311,62.5318,51.4495,7.48838,253.847,12.5387,175.443,1,10,-99,-9,9,41,42,7,28371201,262,1,66,13499,
7.296,75.8096,51.4493,7.4884,253.913,12.7038,177.476,1,10,-99,-9,9,41,42,7,28371201,262,1,66,13499,
8.309,90.3399,51.4492,7.48841,254.224,13.4886,179.004,1,13,-100,-9,11,40,41,7,28371201,262,1,66,13499,
9.306,103.87,51.4491,7.48841,254.547,13.8705,179.715,1,13,-100,-9,11,40,41,7,28371201,262,1,66,13499,
10.297,118.734,51.4489,7.4884,254.835,14.1502,182.709,1,7,-102,-10,8,38,39,7,28371201,262,1,66,13499,
11.291,133.367,51.4488,7.48837,255.303,14.3468,186.098,1,7,-102,-10,8,38,39,7,28371201,262,1,66,13499,
12.294,146.961,51.4487,7.48834,256.271,14.6461,188.578,1,5,-103,-10,6,37,38,7,28371201,262,1,66,13499,
13.312,161.626,51.4486,7.48829,257.281,14.7345,190.291,1,5,-103,-10,6,37,38,7,28371201,262,1,66,13499,
14.316,177.193,51.4484,7.48823,258.387,14.7138,191.651,1,1,-105,-11,8,35,37,7,28371201,262,1,66,13499,
15.334,191.916,51.4483,7.48818,259.454,14.7774,192.488,1,1,-105,-11,8,35,37,7,28371201,262,1,66,13499,
16.307,206.318,51.4482,7.48813,260.786,14.6854,192.91,1,-1,-108,-13,8,32,36,9,27771909,262,1,66,13499,
17.319,222.171,51.448,7.48808,261.584,14.5245,193.392,1,-1,-108,-13,8,32,36,9,27771909,262,1,66,13499,
18.299,236.462,51.4479,7.48803,262.081,14.2269,192.771,1,2,-103,-8,9,37,36,9,27771909,262,1,151,13499,
19.319,248.653,51.4478,7.48799,262.56,13.5658,191.78,1,2,-103,-8,9,37,36,9,27771909,262,1,151,13499,
20.293,261.867,51.4477,7.48794,263.115,14.0648,189.391,1,4,-103,-9,10,37,37,9,27771909,262,1,151,13499,
21.299,275.458,51.4476,7.48792,263.616,13.5793,187.743,1,4,-103,-9,10,37,37,9,27771909,262,1,151,13499,
22.282,289.412,51.4474,7.4879,263.861,13.6451,185.841,1,5,-105,-10,8,35,36,9,27771909,262,1,151,13499,
23.296,302.858,51.4473,7.48789,263.857,13.8566,182.404,1,5,-105,-10,8,35,36,9,27771909,262,1,151,13499,
24.305,318.06,51.4472,7.4879,264.247,13.7128,179.173,1,5,-102,-9,8,38,38,9,27771909,262,1,151,13499,
25.326,332.783,51.4471,7.48792,264.495,13.9993,176.817,1,5,-102,-9,8,38,38,9,27771909,262,1,151,13499,
26.32,345.21,51.4469,7.48795,264.415,13.8204,173.51,1,5,-103,-8,9,37,36,9,27771909,262,1,151,13499,
27.291,359.349,51.4468,7.48801,264.378,13.7101,170.065,1,5,-103,-8,9,37,36,9,27771909,262,1,151,13499,
28.313,373.943,51.4467,7.48806,264.588,13.7302,167.263,1,5,-103,-8,9,37,36,9,27771909,262,1,151,13499,
29.295,388.151,51.4466,7.48812,264.934,13.8554,163.963,1,4,-105,-9,9,35,35,9,27771909,262,1,151,13499,
30.26,402.043,51.4465,7.4882,265.105,13.712,161.054,1,4,-105,-9,9,35,35,9,27771909,262,1,151,13499,
31.308,415.091,51.4464,7.48829,265.053,13.8655,157.714,1,0,-102,-9,8,38,38,9,27771909,262,1,151,13499,
32.313,428.824,51.4462,7.48838,265.58,13.8014,155.005,1,0,-102,-9,8,38,38,9,27771909,262,1,151,13499,
33.302,442.097,51.4461,7.48848,265.703,13.8367,151.982,1,4,-104,-11,9,36,38,9,27771909,262,1,151,13499,
34.292,456.267,51.446,7.48861,265.704,14.1124,148.704,1,4,-104,-11,9,36,38,9,27771909,262,1,151,13499,
35.303,472.08,51.4459,7.48875,266.191,14.1104,145.919,1,4,-100,-9,9,40,40,9,27771909,262,1,151,13499,
36.316,487.716,51.4458,7.4889,267.37,14.1585,142.171,1,4,-100,-9,9,40,40,9,27771909,262,1,151,13499,
37.317,502.87,51.4457,7.48905,268.613,14.1843,138.627,1,8,-103,-9,10,37,36,9,27771909,262,1,151,13499,
38.289,516.718,51.4456,7.4892,269.66,14.3675,135.694,1,8,-103,-9,10,37,36,9,27771909,262,1,151,13499,
39.31,530.57,51.4456,7.48936,270.235,14.3894,133.003,1,-3,-105,-10,6,35,37,9,27771909,262,1,151,13499,
40.287,545.859,51.4455,7.48954,270.627,14.5842,131.086,1,-3,-105,-10,6,35,37,9,27771909,262,1,151,13499,
41.31,560.05,51.4454,7.48971,270.807,14.5255,129.649,1,-3,-102,-8,6,38,37,13,28371201,262,1,66,13499,
42.295,574.963,51.4453,7.48988,270.984,14.6997,128.781,1,-3,-102,-8,6,38,37,13,28371201,262,1,66,13499,
43.318,590.17,51.4453,7.49006,271.227,14.8963,128.06,1,-1,-105,-10,6,35,36,13,28371201,262,1,66,13499,
44.305,605.545,51.4452,7.49024,271.234,14.784,127.4,1,-1,-105,-10,6,35,36,13,28371201,262,1,66,13499,
45.309,620.765,51.4451,7.49043,271.414,14.2445,126.718,1,1,-104,-9,8,36,36,13,28371201,262,1,66,13499,
46.302,634.583,51.445,7.49059,271.918,13.5148,125.935,1,1,-104,-9,8,36,36,13,28371201,262,1,66,13499,
47.291,647.736,51.445,7.49075,272.824,12.2844,126.492,1,-1,-106,-10,6,34,34,13,28371201,262,1,66,13499,
48.313,660.398,51.4449,7.4909,273.684,11.3573,126.822,1,-1,-106,-10,6,34,34,13,28371201,262,1,66,13499,
49.289,668.324,51.4449,7.49099,274.027,9.58028,127.496,1,2,-108,-11,7,32,34,13,28371201,262,1,66,13499,
50.304,676.457,51.4448,7.49109,274.169,8.71102,127.522,1,2,-108,-11,7,32,34,13,28371201,262,1,66,13499,
51.311,684.662,51.4448,7.49119,274.142,7.6514,127.653,1,-1,-110,-11,7,30,32,6,27771907,262,1,66,13499,
52.305,692.271,51.4447,7.49128,273.951,6.77315,126.831,1,-1,-110,-11,7,30,32,6,27771907,262,1,66,13499,
53.306,699.127,51.4447,7.49136,273.649,6.36781,126.405,1,-1,-110,-11,7,30,32,6,27771907,262,1,66,13499,
54.316,705.67,51.4447,7.49144,273.265,6.37621,126.534,1,5,-109,-10,9,31,31,6,27771907,262,1,150,13499,
55.297,712.341,51.4446,7.49152,272.902,7.12546,126.987,1,5,-109,-10,9,31,31,6,27771907,262,1,150,13499,
56.302,719.728,51.4446,7.49161,272.558,7.36732,127.898,1,4,-107,-8,8,33,32,6,27771907,262,1,150,13499,
57.319,728.191,51.4445,7.49169,272.672,7.01628,147.414,1,4,-107,-8,8,33,32,6,27771907,262,1,150,13499,
58.315,733.259,51.4445,7.49171,273.01,6.52059,178.362,1,5,-102,-8,10,38,35,6,27771907,262,1,150,13499,
59.305,738.989,51.4445,7.49168,272.977,6.50813,206.643,1,5,-102,-8,10,38,35,6,27771907,262,1,150,13499,
60.41,745.926,51.4444,7.49165,272.974,8.06934,210.518,1,30,-92,-5,10,48,44,6,27771907,262,1,150,13499,
61.309,755.011,51.4443,7.49158,273.175,9.25155,212.152,1,30,-92,-5,10,48,44,6,27771907,262,1,150,13499,
62.296,764.82,51.4442,7.49151,273.407,10.1095,213.286,1,18,-93,-6,10,47,44,6,27771907,262,1,150,13499,
63.313,775.83,51.4442,7.49142,273.838,10.9848,213.989,1,18,-93,-6,10,47,44,6,27771907,262,1,150,13499,
64.289,787.694,51.4441,7.49133,274.463,11.8151,213.612,1,18,-91,-6,12,49,47,6,27771907,262,1,150,13499,
65.313,799.99,51.444,7.49123,275.099,12.6256,214.324,1,18,-91,-6,12,49,47,6,27771907,262,1,150,13499,
66.29,813.016,51.4439,7.49113,275.536,13.4598,214.722,1,24,-84,-5,15,56,52,6,27771907,262,1,150,13499,
67.298,826.819,51.4438,7.49101,275.797,13.9266,215.107,1,24,-84,-5,15,56,52,6,27771907,262,1,150,13499,
68.304,841.692,51.4437,7.49088,276.214,14.4486,216.009,1,39,-77,-6,15,63,61,6,27771907,262,1,150,13499,
69.306,855.974,51.4436,7.49076,276.386,14.9687,216.837,1,39,-77,-6,15,63,61,6,27771907,262,1,150,13499,
70.341,871.072,51.4435,7.49062,276.64,15.2398,216.976,1,28,-75,-5,15,65,60,6,27771907,262,1,150,13499,
71.331,886.971,51.4434,7.49048,277.205,15.3853,216.57,1,28,-75,-5,15,65,60,6,27771907,262,1,150,13499,
72.289,903.121,51.4432,7.49034,278.159,15.5305,216.627,1,15,-90,-6,12,50,47,6,27771907,262,1,150,13499,
73.286,919.333,51.4431,7.4902,279.189,15.5934,216.477,1,15,-90,-6,12,50,47,6,27771907,262,1,150,13499,
74.297,934.724,51.443,7.49007,279.982,15.6217,216.46,1,33,-87,-5,14,53,49,6,27771907,262,1,150,13499,
75.296,948.822,51.4429,7.48995,279.999,15.7541,216.239,1,33,-87,-5,14,53,49,6,27771907,262,1,150,13499,
76.327,963.6,51.4428,7.48982,279.732,15.7926,217.11,1,23,-77,-5,13,63,60,6,27771907,262,1,150,13499,
77.305,979.129,51.4427,7.48968,279.527,15.7846,216.717,1,23,-77,-5,13,63,60,6,27771907,262,1,150,13499,
78.322,995.089,51.4426,7.48955,279.418,15.6863,215.567,1,28,-74,-5,15,66,63,6,27771907,262,1,150,13499,
79.294,1011.22,51.4425,7.48941,279.597,15.6258,215.696,1,28,-74,-5,15,66,63,6,27771907,262,1,150,13499,
80.311,1027.52,51.4423,7.48927,280.192,15.8297,215.597,1,28,-74,-5,15,66,63,6,27771907,262,1,150,13499,
81.32,1043.4,51.4422,7.48914,280.687,15.5694,216.023,1,34,-70,-4,15,70,63,6,27771907,262,1,150,13499,
82.29,1058.68,51.4421,7.489,281.685,15.5121,216.986,1,34,-70,-4,15,70,63,6,27771907,262,1,150,13499,
83.319,1074.69,51.442,7.48886,282.984,15.2611,218.079,1,18,-65,-5,15,75,63,6,27771907,262,1,150,13499,
84.3,1090.65,51.4419,7.48871,284.317,15.0602,219.915,1,18,-65,-5,15,75,63,6,27771907,262,1,150,13499,
85.323,1106.54,51.4418,7.48855,285.34,15.1396,221.654,1,16,-61,-4,15,79,63,6,27771907,262,1,150,13499,
86.314,1122.48,51.4417,7.48838,285.83,15.5297,223.794,1,16,-61,-4,15,79,63,6,27771907,262,1,150,13499,
87.288,1137.13,51.4416,7.48822,285.921,15.0614,226.46,1,22,-65,-5,15,75,63,6,27771907,262,1,150,13499,
88.312,1152.22,51.4415,7.48805,286.085,15.42,228.252,1,22,-65,-5,15,75,63,6,27771907,262,1,150,13499,
89.298,1168.51,51.4414,7.48785,286.116,15.9181,229.388,1,24,-73,-5,15,67,63,6,27771907,262,1,150,13499,
90.305,1184.95,51.4414,7.48766,286.045,15.9327,230.287,1,24,-73,-5,15,67,63,6,27771907,262,1,150,13499,
91.325,1200.6,51.4413,7.48748,285.826,15.9651,231.072,1,31,-78,-5,15,62,59,6,27771907,262,1,150,13499,
92.291,1215.25,51.4412,7.48732,285.053,16.1203,231.468,1,31,-78,-5,15,62,59,6,27771907,262,1,150,13499,
93.306,1230.65,51.4411,7.48713,284.514,16.1238,232.324,1,32,-81,-6,15,59,56,6,27771907,262,1,150,13499,
94.304,1247.62,51.441,7.48694,284.474,16.5096,232.341,1,32,-81,-6,15,59,56,6,27771907,262,1,150,13499,
95.307,1264.5,51.4409,7.48674,284.683,16.7389,233.142,1,29,-87,-9,11,53,53,6,27771907,262,1,150,13499,
96.312,1280.97,51.4408,7.48655,284.899,16.8207,232.906,1,29,-87,-9,11,53,53,6,27771907,262,1,150,13499,
97.321,1296.89,51.4407,7.48637,285.18,17.1076,232.279,1,7,-83,-7,6,57,55,1,27771908,262,1,152,13499,
98.323,1314.58,51.4407,7.48616,285.21,17.0452,233.079,1,7,-83,-7,6,57,55,1,27771908,262,1,152,13499,
99.302,1332.55,51.4406,7.48595,285.53,17.0396,232.74,1,27,-81,-7,15,59,57,1,27771908,262,1,152,13499,
100.286,1349.24,51.4405,7.48576,286.166,17.0137,232.863,1,27,-81,-7,15,59,57,1,27771908,262,1,152,13499,
101.292,1365.13,51.4404,7.48558,286.079,16.8756,232.957,1,23,-78,-5,15,62,59,1,27771908,262,1,152,13499,
102.314,1381.55,51.4403,7.48539,285.895,16.9488,232.619,1,23,-78,-5,15,62,59,1,27771908,262,1,152,13499,
103.32,1397.42,51.4402,7.4852,285.667,16.8728,232.749,1,25,-76,-6,15,64,61,1,27771908,262,1,152,13499,
104.312,1413.8,51.4401,7.48501,285.457,16.7817,232.985,1,25,-76,-6,15,64,61,1,27771908,262,1,152,13499,
105.31,1431.63,51.44,7.48481,285.487,16.5564,232.47,1,25,-76,-6,15,64,61,1,27771908,262,1,152,13499,
106.307,1448.61,51.4399,7.48461,285.492,16.7481,231.901,1,23,-73,-6,15,67,63,1,27771908,262,1,152,13499,
107.317,1464.98,51.4398,7.48442,285.576,16.2825,232.012,1,23,-73,-6,15,67,63,1,27771908,262,1,152,13499,
108.339,1480.93,51.4398,7.48424,285.475,16.2783,231.681,1,31,-68,-5,15,72,63,1,27771908,262,1,152,13499,
109.296,1497.71,51.4397,7.48405,285.239,16.684,232.017,1,31,-68,-5,15,72,63,1,27771908,262,1,152,13499,
110.301,1514.27,51.4396,7.48385,285.504,16.5533,233.186,1,33,-69,-5,15,71,63,1,27771908,262,1,152,13499,
111.309,1531.54,51.4395,7.48365,285.931,16.459,234.101,1,33,-69,-5,15,71,63,1,27771908,262,1,152,13499,
112.297,1548.46,51.4394,7.48344,286.492,16.2672,235.058,1,25,-73,-5,15,67,63,1,27771908,262,1,152,13499,
113.3,1565.24,51.4393,7.48324,287.094,16.3089,236.379,1,25,-73,-5,15,67,63,1,27771908,262,1,152,13499,
114.295,1581.45,51.4393,7.48304,287.875,15.9768,237.279,1,29,-74,-5,15,66,60,1,27771908,262,1,152,13499,
115.315,1598.46,51.4392,7.48282,289.022,16.0548,238.102,1,29,-74,-5,15,66,60,1,27771908,262,1,152,13499,
116.291,1614.42,51.4391,7.48262,290.131,16.4485,239.183,1,37,-77,-5,15,63,58,1,27771908,262,1,152,13499,
117.286,1631.68,51.439,7.4824,291.462,16.3742,239.813,1,37,-77,-5,15,63,58,1,27771908,262,1,152,13499,
118.312,1647.83,51.439,7.48219,292.681,16.298,240.316,1,26,-82,-5,15,58,55,1,27771908,262,1,152,13499,
119.327,1664.33,51.4389,7.48198,293.814,16.287,239.94,1,26,-82,-5,15,58,55,1,27771908,262,1,152,13499,
120.311,1679.13,51.4388,7.48179,294.406,16.0158,240.437,1,25,-90,-5,15,50,47,1,27771908,262,1,152,13499,
121.317,1695.71,51.4388,7.48158,295.031,16.0542,240.957,1,25,-90,-5,15,50,47,1,27771908,262,1,152,13499,
122.311,1712.46,51.4387,7.48136,295.949,16.0013,240.663,1,28,-90,-5,15,50,46,1,27771908,262,1,152,13499,
123.304,1728.7,51.4386,7.48116,296.524,15.8858,241.1,1,28,-90,-5,15,50,46,1,27771908,262,1,152,13499,
124.301,1744,51.4386,7.48096,296.866,15.9697,241.457,1,22,-94,-5,15,46,42,1,27771908,262,1,152,13499,
125.305,1760.78,51.4385,7.48074,297.484,16.7029,240.66,1,22,-94,-5,15,46,42,1,27771908,262,1,152,13499,
126.325,1777,51.4384,7.48054,297.86,16.5774,241.05,1,21,-95,-5,12,45,42,1,27771908,262,1,152,13499,
127.342,1793.61,51.4384,7.48032,298.066,16.722,240.949,1,21,-95,-5,12,45,42,1,27771908,262,1,152,13499,
128.313,1809.73,51.4383,7.48012,298.149,17.0878,241.484,1,14,-98,-6,11,42,40,1,27771908,262,1,152,13499,
129.293,1827.56,51.4382,7.47989,298.117,16.9607,241.516,1,14,-98,-6,11,42,40,1,27771908,262,1,152,13499,
130.31,1844.07,51.4382,7.47968,298.555,17.0024,240.923,1,18,-99,-5,10,41,38,1,27771908,262,1,152,13499,
131.314,1861.14,51.4381,7.47947,298.425,16.9738,241.058,1,18,-99,-5,10,41,38,1,27771908,262,1,152,13499,
132.309,1877.68,51.438,7.47926,298.875,16.6269,241.621,1,11,-100,-6,14,40,37,1,27771908,262,1,152,13499,
133.315,1894.13,51.4379,7.47905,298.892,16.3112,241.959,1,11,-100,-6,14,40,37,1,27771908,262,1,152,13499,
134.301,1910.18,51.4379,7.47884,299.173,15.8197,241.683,1,11,-100,-6,14,40,37,1,27771908,262,1,152,13499,
135.31,1926.53,51.4378,7.47864,299.143,15.8338,241.174,1,11,-100,-6,8,40,36,1,27771908,262,1,152,13499,
136.307,1942.26,51.4377,7.47843,299.19,15.681,241.968,1,11,-100,-6,8,40,36,1,27771908,262,1,152,13499,
137.306,1957.79,51.4377,7.47823,299.373,15.2583,242.022,1,9,-102,-7,11,38,36,1,27771908,262,1,152,13499,
138.341,1972.25,51.4376,7.47805,299.564,14.8945,241.786,1,9,-102,-7,11,38,36,1,27771908,262,1,152,13499,
139.307,1987.35,51.4376,7.47785,299.417,14.6155,242.688,1,8,-103,-7,2,37,35,1,27771908,262,1,152,13499,
140.297,2002.35,51.4375,7.47766,299.205,14.5313,243.507,1,8,-103,-7,2,37,35,1,27771908,262,1,152,13499,
141.328,2017.73,51.4374,7.47746,299.312,15.178,243.157,1,2,-104,-8,2,36,35,1,27771908,262,1,152,13499,
142.295,2033.24,51.4374,7.47726,299.481,15.1294,242.77,1,2,-104,-8,2,36,35,1,27771908,262,1,152,13499,
143.292,2047.92,51.4373,7.47707,299.928,14.5523,244.117,1,7,-105,-8,2,35,34,1,27771908,262,1,152,13499,
144.294,2063.41,51.4372,7.47687,300.553,13.6181,245.659,1,7,-105,-8,2,35,34,1,27771908,262,1,152,13499,
145.317,2075.48,51.4372,7.47671,300.542,12.6071,249.305,1,10,-106,-8,2,34,33,1,27771908,262,1,152,13499,
146.315,2087.5,51.4372,7.47653,299.989,11.5827,268.892,1,10,-106,-8,2,34,33,1,27771908,262,1,152,13499,
147.316,2099.18,51.4372,7.47637,299.289,10.0087,282.069,1,11,-105,-8,2,35,34,1,27771908,262,1,152,13499,
148.304,2108,51.4373,7.47626,298.414,9.52736,303.868,1,11,-105,-8,2,35,34,1,27771908,262,1,152,13499,
149.308,2116.45,51.4373,7.47618,296.83,8.89567,323.613,1,17,-102,-7,2,38,35,1,27771908,262,1,152,13499,
150.319,2126.37,51.4374,7.47616,295.218,8.82483,358.146,1,17,-102,-7,2,38,35,1,27771908,262,1,152,13499,
151.302,2135.09,51.4375,7.47619,294.175,9.01865,21.8142,1,24,-91,-5,13,49,45,10,27771908,262,1,152,13499,
152.301,2144.09,51.4376,7.47626,293.312,10.0452,35.3155,1,24,-91,-5,13,49,45,10,27771908,262,1,152,13499,
153.347,2154.02,51.4376,7.47637,291.921,11.1049,49.4469,1,30,-78,-5,15,62,59,10,27771908,262,1,152,13499,
154.298,2166.78,51.4377,7.47651,291.367,12.2297,50.7578,1,30,-78,-5,15,62,59,10,27771908,262,1,152,13499,
155.294,2177.89,51.4377,7.47664,290.633,13.1303,51.7743,1,31,-77,-4,15,63,57,10,27771908,262,1,152,13499,
156.307,2191.5,51.4378,7.47679,289.247,14.0779,52.7075,1,31,-77,-4,15,63,57,10,27771908,262,1,152,13499,
157.308,2205.7,51.4379,7.47695,287.711,15.0333,53.3635,1,31,-77,-5,15,63,60,10,27771908,262,1,152,13499,
158.306,2221.01,51.438,7.47713,286.211,16.0921,54.2405,1,31,-77,-5,15,63,60,10,27771908,262,1,152,13499,
159.299,2237.66,51.4381,7.47733,285.074,16.784,54.6111,1,27,-77,-4,15,63,59,10,27771908,262,1,152,13499,
160.305,2255.02,51.4382,7.47753,284.172,17.5824,55.0299,1,27,-77,-4,15,63,59,10,27771908,262,1,152,13499,
161.318,2272.95,51.4383,7.47775,283.434,18.249,55.6359,1,27,-77,-4,15,63,59,10,27771908,262,1,152,13499,
162.301,2291.45,51.4383,7.47797,282.939,18.8622,56.1916,1,30,-77,-4,15,63,60,10,27771908,262,1,152,13499,
163.286,2313.03,51.4384,7.47823,282.338,19.5956,56.9096,1,30,-77,-4,15,63,60,10,27771908,262,1,152,13499,
164.333,2333.46,51.4385,7.47848,282.109,19.6909,57.3518,1,31,-81,-5,15,59,57,10,27771908,262,1,152,13499,
165.3,2354.11,51.4386,7.47873,281.861,20.6172,58.159,1,31,-81,-5,15,59,57,10,27771908,262,1,152,13499,
166.288,2375.21,51.4387,7.479,282.129,20.6912,59.7969,1,31,-82,-5,15,58,55,10,27771908,262,1,152,13499,
167.291,2396.1,51.4388,7.47925,282.164,21.2818,58.8291,1,31,-82,-5,15,58,55,10,27771908,262,1,152,13499,
168.286,2417.81,51.4389,7.47952,281.802,21.5456,57.8964,1,29,-84,-5,14,56,54,10,27771908,262,1,152,13499,
169.315,2439.79,51.4391,7.47978,281.415,22.0408,55.1576,1,29,-84,-5,14,56,54,10,27771908,262,1,152,13499,
170.32,2461.9,51.4392,7.48004,280.94,22.0119,55.2352,1,29,-85,-5,15,55,52,10,27771908,262,1,152,13499,
171.299,2483.32,51.4393,7.4803,280.541,21.8509,57.0859,1,29,-85,-5,15,55,52,10,27771908,262,1,152,13499,
172.309,2505.96,51.4394,7.48057,280.228,22.0118,55.973,1,28,-86,-5,14,54,51,10,27771908,262,1,152,13499,
173.357,2528.84,51.4395,7.48083,279.734,22.3624,54.0513,1,28,-86,-5,14,54,51,10,27771908,262,1,152,13499,
174.311,2550.83,51.4396,7.48109,279.452,22.4739,53.845,1,24,-88,-5,12,52,49,10,27771908,262,1,152,13499,
175.312,2573.44,51.4398,7.48134,279.298,22.4489,52.668,1,24,-88,-5,12,52,49,10,27771908,262,1,152,13499,
176.332,2595.3,51.4399,7.48158,279.137,22.6377,49.8359,1,25,-86,-5,14,54,51,10,27771908,262,1,152,13499,
177.321,2618.54,51.44,7.48182,279.445,23.7367,46.1846,1,25,-86,-5,14,54,51,10,27771908,262,1,152,13499,
178.319,2642.59,51.4402,7.48207,279.799,23.6349,44.5539,1,23,-83,-5,13,57,52,10,27771908,262,1,152,13499,
179.317,2664.86,51.4403,7.48229,280.445,22.3883,44.6832,1,23,-83,-5,13,57,52,10,27771908,262,1,152,13499,
180.298,2687.13,51.4405,7.48251,280.875,23.1762,41.5961,1,19,-83,-5,13,57,53,10,27771908,262,1,152,13499,
181.317,2710.3,51.4406,7.48273,281.195,23.3258,40.8599,1,19,-83,-5,13,57,53,10,27771908,262,1,152,13499,
182.297,2732.25,51.4408,7.48293,281.137,23.4531,40.1069,1,22,-82,-5,14,58,54,10,27771908,262,1,152,13499,
183.311,2754.97,51.4409,7.48315,280.996,23.6827,39.2275,1,22,-82,-5,14,58,54,10,27771908,262,1,152,13499,
184.293,2777.57,51.4411,7.48335,281.365,23.4931,37.9999,1,12,-82,-5,13,58,54,10,27771908,262,1,152,13499,
185.291,2801.53,51.4413,7.48355,281.513,23.5001,35.5538,1,12,-82,-5,13,58,54,10,27771908,262,1,152,13499,
186.295,2826.54,51.4415,7.48375,281.306,23.5458,33.1671,1,12,-82,-5,13,58,54,10,27771908,262,1,152,13499,
187.31,2850.09,51.4416,7.48394,280.768,23.5287,31.6716,1,16,-85,-6,12,55,52,10,27771908,262,1,152,13499,
188.304,2873.42,51.4418,7.48412,279.752,23.5894,30.2607,1,16,-85,-6,12,55,52,10,27771908,262,1,152,13499,
189.311,2896.36,51.442,7.4843,278.756,23.6239,29.3537,1,12,-89,-8,11,51,50,10,27771908,262,1,152,13499,
190.318,2919.86,51.4422,7.48446,277.881,23.4645,27.3448,1,12,-89,-8,11,51,50,10,27771908,262,1,152,13499,
191.307,2943.19,51.4424,7.48461,277.061,23.3792,26.7483,1,11,-85,-7,6,55,51,1,27771909,262,1,151,13499,
192.306,2966.51,51.4426,7.48476,276.266,23.4587,26.6955,1,11,-85,-7,6,55,51,1,27771909,262,1,151,13499,
193.341,2989.97,51.4427,7.4849,275.441,23.5606,25.4231,1,22,-83,-6,15,57,52,1,27771909,262,1,151,13499,
194.286,3013.5,51.4429,7.48504,274.607,23.5811,24.5264,1,22,-83,-6,15,57,52,1,27771909,262,1,151,13499,
195.342,3036.67,51.4431,7.48518,273.801,23.4859,24.3778,1,30,-73,-5,15,67,63,1,27771909,262,1,151,13499,
196.295,3060.05,51.4433,7.48531,273.017,23.3435,24.5454,1,30,-73,-5,15,67,63,1,27771909,262,1,151,13499,
197.292,3083.16,51.4435,7.48545,272.261,22.9132,24.4063,1,29,-79,-5,15,61,57,1,27771909,262,1,151,13499,
198.298,3105.41,51.4437,7.48557,271.566,21.966,21.7078,1,29,-79,-5,15,61,57,1,27771909,262,1,151,13499,
199.305,3125.89,51.4439,7.48567,271.024,20.2994,19.9124,1,31,-66,-4,15,74,63,1,27771909,262,1,151,13499,
200.312,3145.4,51.444,7.48577,270.439,18.9051,20.8194,1,31,-66,-4,15,74,63,1,27771909,262,1,151,13499,
201.305,3163.2,51.4442,7.48586,269.763,17.2238,21.1345,1,32,-67,-5,15,73,63,1,27771909,262,1,151,13499,
202.312,3179.52,51.4443,7.48596,268.856,15.391,22.8401,1,32,-67,-5,15,73,63,1,27771909,262,1,151,13499,
203.316,3194.25,51.4444,7.48606,267.936,14.181,25.7697,1,27,-67,-5,15,73,63,1,27771909,262,1,151,13499,
204.306,3207.69,51.4445,7.48616,267.035,13.4705,29.4938,1,27,-67,-5,15,73,63,1,27771909,262,1,151,13499,
205.368,3221.2,51.4446,7.4863,266.67,12.1751,48.5868,1,31,-74,-5,15,66,61,1,27771909,262,1,151,13499,
206.302,3233.59,51.4447,7.48646,266.566,12.2027,63.1469,1,31,-74,-5,15,66,61,1,27771909,262,1,151,13499,
207.301,3245.36,51.4447,7.48662,266.567,12.359,76.7343,1,28,-78,-5,15,62,58,1,27771909,262,1,151,13499,
208.293,3257.96,51.4447,7.48681,266.07,12.5649,89.991,1,28,-78,-5,15,62,58,1,27771909,262,1,151,13499,
209.32,3269.44,51.4447,7.48697,265.628,11.9281,104.042,1,28,-78,-5,15,62,58,1,27771909,262,1,151,13499,
210.299,3281.81,51.4446,7.48713,265.696,12.5289,117.661,1,28,-82,-6,15,58,54,1,27771909,262,1,151,13499,
211.315,3293.83,51.4446,7.48726,265.52,12.2272,131.746,1,28,-82,-6,15,58,54,1,27771909,262,1,151,13499,
212.302,3306.33,51.4445,7.48739,265.251,12.3492,135.819,1,28,-78,-5,15,62,58,1,27771909,262,1,151,13499,
213.295,3317.69,51.4444,7.48746,265.189,12.0961,156.409,1,28,-78,-5,15,62,58,1,27771909,262,1,151,13499,
214.315,3330.74,51.4443,7.48751,265.353,12.1288,170.477,1,29,-69,-4,15,71,63,1,27771909,262,1,151,13499,
215.301,3341.72,51.4442,7.48751,265.759,12.2296,183.384,1,29,-69,-4,15,71,63,1,27771909,262,1,151,13499,
216.329,3354.5,51.4441,7.4875,265.819,12.1153,187.283,1,29,-68,-5,15,72,63,1,27771909,262,1,151,13499,
217.306,3365.93,51.444,7.48742,265.691,12.1352,212.166,1,29,-68,-5,15,72,63,1,27771909,262,1,151,13499,
218.317,3378.69,51.4439,7.48732,265.8,12.1925,214.809,1,29,-72,-5,15,68,63,1,27771909,262,1,151,13499,
219.313,3391.87,51.4438,7.48715,265.752,12.5553,237.798,1,29,-72,-5,15,68,63,1,27771909,262,1,151,13499,
220.297,3404.62,51.4438,7.48698,265.881,12.9469,250.988,1,29,-81,-6,15,59,56,1,27771909,262,1,151,13499,
221.305,3417.18,51.4438,7.48681,266.625,13.6018,254.63,1,29,-81,-6,15,59,56,1,27771909,262,1,151,13499,
222.315,3431.56,51.4438,7.4866,267.815,14.0395,269,1,23,-83,-5,14,57,53,1,27771909,262,1,151,13499,
223.306,3446.02,51.4438,7.48639,268.965,14.4682,268.531,1,23,-83,-5,14,57,53,1,27771909,262,1,151,13499,
224.299,3461.84,51.4437,7.48616,269.63,15.6001,267.905,1,22,-81,-5,15,59,55,1,27771909,262,1,151,13499,
225.287,3477.3,51.4437,7.48594,269.781,16.2939,267.395,1,22,-81,-5,15,59,55,1,27771909,262,1,151,13499,
226.333,3495.08,51.4437,7.48568,269.937,17.3133,267.828,1,26,-81,-5,15,59,54,1,27771909,262,1,151,13499,
227.287,3512.5,51.4437,7.48543,269.811,17.9158,268.763,1,26,-81,-5,15,59,54,1,27771909,262,1,151,13499,
228.292,3530.44,51.4437,7.48517,269.513,17.2589,270.293,1,28,-89,-6,15,51,48,1,27771909,262,1,151,13499,
229.323,3548.61,51.4437,7.48491,269.126,19.2717,270.749,1,28,-89,-6,15,51,48,1,27771909,262,1,151,13499,
230.297,3568.56,51.4437,7.48462,269.898,20.6151,271.208,1,28,-89,-6,15,51,48,1,27771909,262,1,151,13499,
231.295,3590.35,51.4437,7.48431,270.335,21.2929,270.182,1,29,-79,-5,15,61,57,1,27771909,262,1,151,13499,
232.292,3612.8,51.4437,7.48398,270.419,21.6919,269.633,1,29,-79,-5,15,61,57,1,27771909,262,1,151,13499,
233.301,3634.49,51.4437,7.48367,270.438,22.4473,268.328,1,32,-68,-5,15,72,63,1,27771909,262,1,151,13499,
234.301,3657.35,51.4437,7.48334,270.323,23.0805,268.168,1,32,-68,-5,15,72,63,1,27771909,262,1,151,13499,
235.301,3679.89,51.4437,7.48301,269.775,22.6017,267.954,1,32,-68,-5,15,72,63,1,27771909,262,1,151,13499,
236.309,3701.57,51.4437,7.4827,269.337,22.02,267.368,1,32,-68,-5,15,72,63,1,27771909,262,1,151,13499,
237.329,3723.42,51.4437,7.48239,269.094,21.5372,267.013,1,31,-81,-5,15,59,56,1,27771909,262,1,151,13499,
238.295,3745.21,51.4437,7.48207,269.194,21.0435,266.714,1,31,-81,-5,15,59,56,1,27771909,262,1,151,13499,
239.312,3765.92,51.4437,7.48177,269.239,20.6612,266.519,1,18,-85,-5,15,55,51,1,27771909,262,1,151,13499,
240.291,3786.21,51.4436,7.48148,269.06,20.6525,266.587,1,18,-85,-5,15,55,51,1,27771909,262,1,151,13499,
241.292,3806.37,51.4436,7.48119,268.767,20.4459,266.048,1,20,-89,-5,11,51,48,1,27771909,262,1,151,13499,
242.295,3826.75,51.4436,7.4809,268.457,20.615,266.067,1,20,-89,-5,11,51,48,1,27771909,262,1,151,13499,
243.291,3847.29,51.4436,7.4806,268.196,20.5071,264.762,1,22,-87,-5,11,53,48,1,27771909,262,1,151,13499,
244.303,3868,51.4436,7.4803,267.993,20.5933,264.569,1,22,-87,-5,11,53,48,1,27771909,262,1,151,13499,
245.298,3888.97,51.4436,7.48,267.848,20.8514,263.794,1,19,-88,-5,11,52,47,1,27771909,262,1,151,13499,
246.316,3910.18,51.4435,7.4797,267.691,21.1889,262.152,1,19,-88,-5,11,52,47,1,27771909,262,1,151,13499,
247.313,3931.63,51.4435,7.47939,267.778,21.4141,261.829,1,13,-90,-6,10,50,47,1,27771909,262,1,151,13499,
248.308,3953.29,51.4435,7.47908,267.925,21.8437,262.383,1,13,-90,-6,10,50,47,1,27771909,262,1,151,13499,
249.308,3975.4,51.4435,7.47877,267.813,22.1629,262.567,1,18,-84,-6,11,56,48,1,27771909,262,1,151,13499,
250.32,3997.58,51.4434,7.47845,267.71,22.6113,262.471,1,18,-84,-6,11,56,48,1,27771909,262,1,151,13499,
251.286,4020.69,51.4434,7.47812,267.384,23.1517,262.71,1,19,-84,-5,10,56,47,1,27771909,262,1,151,13499,
252.323,4044.09,51.4434,7.47778,266.961,23.5924,263.287,1,19,-84,-5,10,56,47,1,27771909,262,1,151,13499,
253.311,4067.64,51.4434,7.47745,266.486,24.097,262.794,1,19,-84,-5,10,56,47,1,27771909,262,1,151,13499,
254.286,4090.81,51.4433,7.47711,265.572,24.4552,262.428,1,9,-91,-6,14,49,46,1,27771909,262,1,151,13499,
255.31,4114.91,51.4433,7.47677,264.534,24.7877,261.765,1,9,-91,-6,14,49,46,1,27771909,262,1,151,13499,
256.327,4139.82,51.4433,7.47641,263.505,25.1033,261.519,1,10,-92,-7,9,48,45,1,27771909,262,1,151,13499,
257.298,4164.9,51.4432,7.47605,262.619,25.3407,261.373,1,10,-92,-7,9,48,45,1,27771909,262,1,151,13499,
258.302,4190.69,51.4432,7.47569,261.695,25.6281,261.288,1,11,-90,-6,14,50,44,1,27771909,262,1,151,13499,
259.327,4216.46,51.4432,7.47532,260.901,25.9178,260.543,1,11,-90,-6,14,50,44,1,27771909,262,1,151,13499,
260.303,4242.44,51.4431,7.47495,259.934,26.4161,259.319,1,12,-87,-6,10,53,49,1,27771909,262,1,151,13499,
261.304,4268.84,51.4431,7.47458,258.959,26.9152,258.585,1,12,-87,-6,10,53,49,1,27771909,262,1,151,13499,
262.299,4296.04,51.443,7.47419,258.259,27.2653,258.478,1,2,-103,-10,5,37,37,1,27771909,262,1,151,13499,
263.315,4322.83,51.443,7.47381,257.654,27.2771,258.815,1,2,-103,-10,5,37,37,1,27771909,262,1,151,13499,
264.311,4349.64,51.4429,7.47343,256.988,27.2587,258.838,1,3,-107,-11,6,33,35,1,27771909,262,1,151,13499,
265.297,4376.36,51.4429,7.47306,256.296,27.1226,259.666,1,3,-107,-11,6,33,35,1,27771909,262,1,151,13499,
266.302,4403.64,51.4428,7.47267,255.554,27.3345,259.484,1,1,-111,-10,7,29,30,1,27771909,262,1,151,13499,
267.313,4431.39,51.4428,7.47228,254.919,27.4762,259.573,1,1,-111,-10,7,29,30,1,27771909,262,1,151,13499,
268.315,4458.87,51.4427,7.47189,254.22,27.4557,259.419,1,2,-111,-10,7,29,30,1,27771909,262,1,151,13499,
269.324,4486.09,51.4427,7.4715,253.498,27.3905,259.753,1,2,-111,-10,7,29,30,1,27771909,262,1,151,13499,
270.3,4513.35,51.4426,7.47112,252.65,27.2694,259.471,1,-1,-113,-11,6,27,29,1,27771909,262,1,151,13499,
271.294,4540.43,51.4426,7.47073,251.77,27.0268,259.174,1,-1,-113,-11,6,27,29,1,27771909,262,1,151,13499,
272.292,4567.54,51.4425,7.47035,250.862,27.089,259.362,1,-2,-115,-13,5,25,29,1,27771909,262,1,151,13499,
273.308,4594.63,51.4425,7.46996,249.975,27.2048,258.617,1,-2,-115,-13,5,25,29,1,27771909,262,1,151,13499,
274.309,4621.69,51.4424,7.46958,249.105,27.2839,258.602,1,0,-110,-10,8,30,31,30,31281409,262,1,232,13499,
275.297,4648.97,51.4424,7.4692,248.191,27.395,258.604,1,0,-110,-10,8,30,31,30,31281409,262,1,232,13499,
276.301,4676.56,51.4423,7.46881,247.61,27.5476,258.423,1,4,-110,-8,7,30,30,30,31281409,262,1,232,13499,
277.289,4704.35,51.4423,7.46841,247.101,27.8331,258.444,1,4,-110,-8,7,30,30,30,31281409,262,1,232,13499,
278.301,4732.22,51.4422,7.46802,246.621,27.7362,258.336,1,4,-106,-8,9,34,33,30,31281409,262,1,232,13499,
279.324,4759.78,51.4422,7.46763,246.287,27.4525,259.022,1,4,-106,-8,9,34,33,30,31281409,262,1,232,13499,
280.299,4787.22,51.4421,7.46724,246.054,27.4746,259.193,1,4,-106,-8,9,34,33,30,31281409,262,1,232,13499,
281.319,4814.78,51.4421,7.46685,245.902,27.597,258.996,1,8,-104,-8,11,36,35,30,31281409,262,1,232,13499,
282.314,4842.41,51.442,7.46646,245.815,27.7285,259.887,1,8,-104,-8,11,36,35,30,31281409,262,1,232,13499,
283.305,4870.04,51.442,7.46607,245.569,27.983,260.293,1,10,-102,-6,12,38,36,30,31281409,262,1,232,13499,
284.348,4898.14,51.442,7.46567,245.232,28.2073,260.987,1,10,-102,-6,12,38,36,30,31281409,262,1,232,13499,
285.314,4926.41,51.4419,7.46527,244.889,28.5635,261.271,1,13,-99,-6,8,41,39,30,31281409,262,1,232,13499,
286.312,4955.07,51.4419,7.46486,244.46,28.7016,261.54,1,13,-99,-6,8,41,39,30,31281409,262,1,232,13499,
287.314,4983.59,51.4418,7.46445,243.894,28.5701,262.006,1,11,-99,-7,7,41,38,30,31281409,262,1,232,13499,
288.304,5011.71,51.4418,7.46405,243.323,28.1559,262.48,1,11,-99,-7,7,41,38,30,31281409,262,1,232,13499,
289.306,5039.63,51.4418,7.46365,242.882,28.0627,263.099,1,14,-99,-6,8,41,38,30,31281409,262,1,232,13499,
290.305,5067.81,51.4417,7.46324,242.464,28.1442,263.368,1,14,-99,-6,8,41,38,30,31281409,262,1,232,13499,
291.31,5096.03,51.4417,7.46284,241.95,28.4303,264.111,1,12,-104,-7,7,36,34,30,31281409,262,1,232,13499,
292.309,5124.4,51.4417,7.46243,241.428,28.6412,264.449,1,12,-104,-7,7,36,34,30,31281409,262,1,232,13499,
293.316,5152.9,51.4417,7.46202,241.081,28.7084,264.805,1,11,-102,-7,8,38,37,30,31281409,262,1,232,13499,
294.307,5181.21,51.4416,7.46161,240.818,28.541,265.324,1,11,-102,-7,8,38,37,30,31281409,262,1,232,13499,
295.306,5209.8,51.4416,7.4612,240.616,28.7454,265.831,1,10,-102,-7,7,38,37,30,31281409,262,1,232,13499,
296.31,5238.56,51.4416,7.46079,240.373,28.8166,266.283,1,10,-102,-7,7,38,37,30,31281409,262,1,232,13499,
297.308,5266.95,51.4416,7.46038,240.253,28.4326,266.704,1,6,-104,-8,7,36,35,30,31281409,262,1,232,13499,
298.313,5295.02,51.4416,7.45997,240.194,27.8785,267.353,1,6,-104,-8,7,36,35,30,31281409,262,1,232,13499,
299.301,5322.59,51.4416,7.45958,240.165,27.6683,267.646,1,0,-106,-10,4,34,36,30,31281409,262,1,232,13499,
300.293,5349.91,51.4416,7.45918,240.04,27.236,268.058,1,0,-106,-10,4,34,36,30,31281409,262,1,232,13499,
301.32,5376.68,51.4416,7.4588,239.704,26.8205,268.154,1,8,-99,-7,11,41,39,23,27771908,262,1,152,13499,
302.295,5403.42,51.4416,7.45841,239.406,26.7426,268.796,1,8,-99,-7,11,41,39,23,27771908,262,1,152,13499,
303.311,5430.57,51.4416,7.45802,238.985,26.9716,269.532,1,25,-100,-7,12,40,39,23,27771908,262,1,152,13499,
304.341,5457.21,51.4416,7.45763,238.552,26.8369,269.784,1,25,-100,-7,12,40,39,23,27771908,262,1,152,13499,
305.306,5483.63,51.4416,7.45725,238.188,26.4733,270.373,1,9,-98,-6,8,42,39,23,27771908,262,1,152,13499,
306.3,5509.93,51.4416,7.45687,237.908,26.4563,270.292,1,9,-98,-6,8,42,39,23,27771908,262,1,152,13499,
307.294,5536.5,51.4416,7.45649,237.482,26.579,270.308,1,9,-98,-6,8,42,39,23,27771908,262,1,152,13499,
308.301,5563.23,51.4416,7.4561,236.984,26.7578,270.827,1,12,-94,-6,10,46,43,23,27771908,262,1,152,13499,
309.297,5590,51.4416,7.45572,236.478,26.9225,270.929,1,12,-94,-6,10,46,43,23,27771908,262,1,152,13499,
310.322,5616.84,51.4416,7.45533,235.981,26.9109,271.311,1,13,-92,-6,10,48,46,23,27771908,262,1,152,13499,
311.312,5643.76,51.4416,7.45494,235.531,26.6978,273.343,1,13,-92,-6,10,48,46,23,27771908,262,1,152,13499,
312.314,5670.4,51.4416,7.45456,235.079,26.7198,273.175,1,4,-96,-9,7,44,43,23,27771908,262,1,152,13499,
313.299,5696.73,51.4416,7.45418,235.142,26.2122,273.431,1,4,-96,-9,7,44,43,23,27771908,262,1,152,13499,
314.286,5722.49,51.4416,7.45381,235.05,26.0112,273.799,1,16,-84,-5,15,56,52,16,33527552,262,1,433,13499,
315.294,5748.72,51.4417,7.45343,234.831,26.0511,274.847,1,16,-84,-5,15,56,52,16,33527552,262,1,433,13499,
316.3,5774.5,51.4417,7.45306,234.583,25.9493,274.769,1,22,-79,-5,14,61,57,16,33527552,262,1,433,13499,
317.309,5800.69,51.4417,7.45268,234.306,26.0698,275.409,1,22,-79,-5,14,61,57,16,33527552,262,1,433,13499,
318.322,5826.51,51.4417,7.45231,233.713,26.193,275.672,1,26,-79,-4,12,61,57,16,33527552,262,1,433,13499,
319.302,5852.65,51.4418,7.45194,233.337,26.373,276.032,1,26,-79,-4,12,61,57,16,33527552,262,1,433,13499,
320.336,5878.16,51.4418,7.45157,232.549,26.5035,276.759,1,25,-81,-4,12,59,55,16,33527552,262,1,433,13499,
321.309,5904.8,51.4418,7.45119,231.455,26.8612,277.153,1,25,-81,-4,12,59,55,16,33527552,262,1,433,13499,
322.293,5931.54,51.4418,7.45081,230.449,26.8232,277.549,1,30,-79,-4,12,61,59,16,33527552,262,1,433,13499,
323.313,5958.85,51.4419,7.45042,229.488,26.8448,277.778,1,30,-79,-4,12,61,59,16,33527552,262,1,433,13499,
324.291,5985.11,51.4419,7.45004,228.739,26.3557,278.039,1,27,-79,-4,15,61,58,16,33527552,262,1,433,13499,
325.284,6011.1,51.442,7.44967,228.155,25.9317,278.296,1,27,-79,-4,15,61,58,16,33527552,262,1,433,13499,
326.294,6036.71,51.442,7.44931,227.744,25.4687,278.281,1,30,-78,-5,15,62,60,16,33527552,262,1,433,13499,
327.305,6061.8,51.442,7.44895,227.375,25.2223,278.738,1,30,-78,-5,15,62,60,16,33527552,262,1,433,13499,
328.331,6086.91,51.442,7.44859,227.103,25.2121,278.985,1,31,-79,-5,12,61,59,16,33527552,262,1,433,13499,
329.286,6112.24,51.4421,7.44823,226.883,25.4731,279.444,1,31,-79,-5,12,61,59,16,33527552,262,1,433,13499,
330.302,6137.76,51.4421,7.44786,226.678,25.7459,279.93,1,29,-79,-5,15,61,58,16,33527552,262,1,433,13499,
331.331,6163.4,51.4422,7.4475,226.474,25.8089,280.438,1,29,-79,-5,15,61,58,16,33527552,262,1,433,13499,
332.312,6189.32,51.4422,7.44713,226.266,26.0631,281.167,1,32,-74,-6,15,66,63,16,33527552,262,1,433,13499,
333.293,6215.4,51.4423,7.44676,226.046,26.1843,281.749,1,32,-74,-6,15,66,63,16,33527552,262,1,433,13499,
334.319,6241.47,51.4423,7.4464,225.819,26.138,282.244,1,32,-74,-6,15,66,63,16,33527552,262,1,433,13499,
335.288,6267.38,51.4424,7.44603,225.812,25.86,282.699,1,32,-73,-6,15,67,63,16,33527552,262,1,433,13499,
336.287,6293.13,51.4424,7.44567,225.843,25.6125,282.748,1,32,-73,-6,15,67,63,16,33527552,262,1,433,13499,
337.316,6318.6,51.4425,7.44531,225.509,25.5639,283.096,1,32,-70,-5,15,70,63,16,33527552,262,1,433,13499,
338.313,6344.11,51.4425,7.44495,224.896,25.5241,283.396,1,32,-70,-5,15,70,63,16,33527552,262,1,433,13499,
339.315,6369.88,51.4426,7.44459,224.459,25.5808,283.73,1,31,-68,-5,15,72,63,16,33527552,262,1,433,13499,
340.299,6395.52,51.4426,7.44423,224.137,25.5811,284.065,1,31,-68,-5,15,72,63,16,33527552,262,1,433,13499,
341.306,6420.94,51.4427,7.44387,223.785,25.6743,284.274,1,23,-69,-5,15,71,63,16,33527552,262,1,433,13499,
342.308,6446.48,51.4427,7.44352,223.295,25.7623,284.581,1,23,-69,-5,15,71,63,16,33527552,262,1,433,13499,
343.331,6471.91,51.4428,7.44317,222.664,25.9319,285.166,1,31,-69,-5,12,71,63,16,33527552,262,1,433,13499,
344.322,6497.47,51.4429,7.44281,222.311,26.1469,284.888,1,31,-69,-5,12,71,63,16,33527552,262,1,433,13499,
345.304,6523.18,51.4429,7.44245,221.512,26.1449,285.357,1,28,-72,-5,15,68,62,16,33527552,262,1,433,13499,
346.302,6548.85,51.443,7.44209,220.586,25.863,284.874,1,28,-72,-5,15,68,62,16,33527552,262,1,433,13499,
347.305,6574.31,51.4431,7.44174,219.59,25.4612,286.385,1,28,-67,-5,15,73,63,16,33527552,262,1,433,13499,
348.334,6599.98,51.4431,7.44139,218.753,25.2676,287.098,1,28,-67,-5,15,73,63,16,33527552,262,1,433,13499,
349.318,6624.91,51.4432,7.44105,218.131,25.0698,287.633,1,29,-70,-6,15,70,63,16,33527552,262,1,433,13499,
350.313,6649.61,51.4433,7.44071,217.681,24.9279,288.053,1,29,-70,-6,15,70,63,16,33527552,262,1,433,13499,
351.307,6674.26,51.4433,7.44037,217.521,25.1143,288.816,1,23,-76,-5,15,64,62,16,33527552,262,1,433,13499,
352.314,6698.44,51.4434,7.44004,217.663,25.0536,287.997,1,23,-76,-5,15,64,62,16,33527552,262,1,433,13499,
353.305,6723.44,51.4435,7.43969,217.89,25.0322,288.42,1,23,-78,-5,15,62,59,16,33527552,262,1,433,13499,
354.321,6748.69,51.4435,7.43934,218.16,25.2938,288.499,1,23,-78,-5,15,62,59,16,33527552,262,1,433,13499,
355.292,6773.9,51.4436,7.439,218.333,25.1146,289.081,1,31,-74,-4,15,66,63,16,33527552,262,1,433,13499,
356.307,6798.7,51.4437,7.43866,218.373,24.7715,290.054,1,31,-74,-4,15,66,63,16,33527552,262,1,433,13499,
357.318,6823.53,51.4438,7.43832,218.501,24.5653,290.298,1,18,-81,-6,11,59,57,16,33527552,262,1,433,13499,
358.325,6848.55,51.4438,7.43798,218.527,24.806,290.31,1,18,-81,-6,11,59,57,16,33527552,262,1,433,13499,
359.3,6873.89,51.4439,7.43764,218.585,25.1848,290.461,1,19,-76,-5,14,64,61,16,33527552,262,1,433,13499,
360.307,6899.4,51.444,7.4373,218.582,25.4749,290.226,1,19,-76,-5,14,64,61,16,33527552,262,1,433,13499,
361.297,6925.32,51.4441,7.43695,218.307,25.4634,290.401,1,13,-80,-6,15,60,57,1,33527554,262,1,434,13499,
362.305,6950.91,51.4442,7.43661,218.084,25.4358,291.908,1,13,-80,-6,15,60,57,1,33527554,262,1,434,13499,
363.334,6977.52,51.4443,7.43625,218.1,24.9941,292.681,1,13,-80,-6,15,60,57,1,33527554,262,1,434,13499,
364.298,7003.14,51.4443,7.43591,218.382,24.9332,290.882,1,21,-83,-6,15,57,52,1,33527554,262,1,434,13499,
365.319,7027.08,51.4444,7.43559,219.065,24.7873,292.471,1,21,-83,-6,15,57,52,1,33527554,262,1,434,13499,
366.297,7051.42,51.4445,7.43527,219.779,24.8021,293.908,1,10,-88,-6,10,52,49,1,33527554,262,1,434,13499,
367.302,7075.78,51.4446,7.43494,220.252,24.4415,293.946,1,10,-88,-6,10,52,49,1,33527554,262,1,434,13499,
368.33,7099.66,51.4447,7.43463,220.258,24.3268,294.179,1,22,-83,-5,11,57,54,1,33527554,262,1,434,13499,
369.311,7123.83,51.4448,7.43431,219.957,24.0665,295.127,1,22,-83,-5,11,57,54,1,33527554,262,1,434,13499,
370.288,7147.49,51.4449,7.43401,219.478,24.0285,296.211,1,15,-88,-6,10,52,50,1,33527554,262,1,434,13499,
371.309,7171.31,51.445,7.4337,218.549,23.9028,296.935,1,15,-88,-6,10,52,50,1,33527554,262,1,434,13499,
372.308,7194.96,51.4451,7.4334,217.316,23.8373,297.497,1,25,-82,-4,11,58,54,1,33527554,262,1,434,13499,
373.304,7218.61,51.4452,7.43311,215.665,23.9649,299.253,1,25,-82,-4,11,58,54,1,33527554,262,1,434,13499,
374.289,7242.88,51.4453,7.43281,213.971,23.8749,300.454,1,15,-84,-5,11,56,50,1,33527554,262,1,434,13499,
375.296,7266.4,51.4454,7.43252,211.953,23.7853,300.866,1,15,-84,-5,11,56,50,1,33527554,262,1,434,13499,
376.295,7289.15,51.4455,7.43225,209.673,23.6036,301.655,1,23,-85,-6,11,55,51,1,33527554,262,1,434,13499,
377.319,7312.09,51.4456,7.43197,207.525,23.7693,303.189,1,23,-85,-6,11,55,51,1,33527554,262,1,434,13499,
378.296,7335.14,51.4457,7.43169,205.61,23.4348,304.031,1,26,-85,-6,10,55,53,1,33527554,262,1,434,13499,
379.323,7358.78,51.4459,7.43141,203.742,23.339,304.093,1,26,-85,-6,10,55,53,1,33527554,262,1,434,13499,
380.305,7382.03,51.446,7.43114,202.11,23.2858,305.464,1,26,-83,-5,15,57,54,1,33527554,262,1,434,13499,
381.306,7405.18,51.4461,7.43087,200.681,23.2514,306.013,1,26,-83,-5,15,57,54,1,33527554,262,1,434,13499,
382.313,7428.04,51.4462,7.43061,199.46,22.92,307.232,1,30,-79,-4,15,61,57,1,33527554,262,1,434,13499,
383.316,7450.56,51.4464,7.43036,198.174,22.7468,308.223,1,30,-79,-4,15,61,57,1,33527554,262,1,434,13499,
384.338,7473.35,51.4465,7.4301,196.921,22.7408,309.246,1,29,-76,-4,15,64,59,1,33527554,262,1,434,13499,
385.3,7496.02,51.4466,7.42986,195.742,22.7607,310.514,1,29,-76,-4,15,64,59,1,33527554,262,1,434,13499,
386.338,7518.77,51.4468,7.42961,194.577,22.7085,310.998,1,29,-76,-4,15,64,59,1,33527554,262,1,434,13499,
387.309,7541.72,51.4469,7.42937,193.56,22.8567,312,1,32,-76,-5,15,64,59,1,33527554,262,1,434,13499,
388.312,7564.72,51.447,7.42912,192.621,22.9861,312.87,1,32,-76,-5,15,64,59,1,33527554,262,1,434,13499,
389.319,7587.92,51.4472,7.42888,191.759,23.1035,314.12,1,17,-82,-5,12,58,54,1,33527554,262,1,434,13499,
390.316,7611.19,51.4473,7.42865,190.935,23.1998,315.17,1,17,-82,-5,12,58,54,1,33527554,262,1,434,13499,
391.322,7634.37,51.4475,7.42842,190.066,23.348,316.177,1,2,-86,-7,13,54,50,1,33527554,262,1,434,13499,
392.302,7657.94,51.4477,7.42818,189.162,23.6238,317.062,1,2,-86,-7,13,54,50,1,33527554,262,1,434,13499,
393.298,7681.94,51.4478,7.42795,188.253,24.1902,318.182,1,6,-90,-8,13,50,48,1,33527554,262,1,434,13499,
394.305,7706.65,51.448,7.42772,187.461,24.7772,319.229,1,6,-90,-8,13,50,48,1,33527554,262,1,434,13499,
395.306,7731.4,51.4482,7.42749,186.6,25.0701,320.617,1,24,-90,-7,11,50,48,1,33527554,262,1,434,13499,
396.334,7756.26,51.4483,7.42727,185.706,24.9562,321.245,1,24,-90,-7,11,50,48,1,33527554,262,1,434,13499,
397.319,7781.04,51.4485,7.42705,184.808,24.8279,322.393,1,19,-92,-7,7,48,47,1,33527554,262,1,434,13499,
398.305,7805.63,51.4487,7.42684,183.877,24.7249,323.656,1,19,-92,-7,7,48,47,1,33527554,262,1,434,13499,
399.305,7830.16,51.4489,7.42663,182.953,24.5156,324.808,1,2,-91,-6,9,49,47,53,27771140,262,1,434,13499,
400.309,7854.41,51.449,7.42643,182.052,24.344,325.654,1,2,-91,-6,9,49,47,53,27771140,262,1,434,13499,
401.298,7878.68,51.4492,7.42624,181.121,24.2454,326.757,1,10,-91,-5,12,49,45,53,27771140,262,1,289,13499,
402.292,7902.75,51.4494,7.42606,180.211,24.0752,327.866,1,10,-91,-5,12,49,45,53,27771140,262,1,289,13499,
403.299,7926.43,51.4496,7.42588,179.335,23.8771,328.825,1,11,-95,-6,13,45,43,13,33527554,262,1,434,13499,
404.292,7950.15,51.4498,7.42571,178.467,23.756,330.097,1,11,-95,-6,13,45,43,13,33527554,262,1,434,13499,
405.305,7973.84,51.45,7.42555,177.984,23.7273,331.446,1,11,-95,-6,13,45,43,13,33527554,262,1,434,13499,
406.314,7997.51,51.4501,7.42538,177.681,23.9639,332.333,1,11,-95,-6,14,45,41,13,33527554,262,1,434,13499,
407.295,8021.56,51.4503,7.42522,177.217,24.0903,332.889,1,11,-95,-6,14,45,41,13,33527554,262,1,434,13499,
408.306,8045.57,51.4505,7.42506,176.58,24.4343,333.241,1,11,-95,-8,11,45,43,13,33527554,262,1,434,13499,
409.325,8069.45,51.4507,7.42492,176.262,24.6283,334.71,1,11,-95,-8,11,45,43,13,33527554,262,1,434,13499,
410.3,8094.2,51.4509,7.42477,175.61,24.4784,335.865,1,1,-100,-10,7,40,41,13,33527554,262,1,434,13499,
411.302,8118.96,51.4511,7.42463,174.907,24.2736,336.99,1,1,-100,-10,7,40,41,13,33527554,262,1,434,13499,
412.301,8143.42,51.4513,7.42451,173.571,23.6166,338.339,1,-1,-98,-10,6,42,43,37,29568770,262,1,414,13499,
413.295,8166.46,51.4515,7.42439,172.095,23.1852,338.842,1,-1,-98,-10,6,42,43,37,29568770,262,1,414,13499,
414.306,8189.02,51.4517,7.42428,170.583,22.8833,339.693,1,4,-97,-9,8,43,43,37,29568770,262,1,414,13499,
415.311,8211.65,51.4519,7.42417,169.142,22.6056,340.39,1,4,-97,-9,8,43,43,37,29568770,262,1,414,13499,
416.314,8234.2,51.4521,7.42407,167.687,22.5792,340.863,1,2,-97,-8,9,43,41,45,28365057,262,1,224,13499,
417.297,8256.08,51.4523,7.42397,166.413,22.4271,341.615,1,2,-97,-8,9,43,41,45,28365057,262,1,224,13499,
418.299,8278.23,51.4525,7.42388,165.324,22.6155,342.028,1,-1,-98,-9,7,42,43,45,28365057,262,1,224,13499,
419.304,8300.4,51.4527,7.42378,164.539,22.8577,342.587,1,-1,-98,-9,7,42,43,45,28365057,262,1,224,13499,
420.295,8323.29,51.4529,7.42368,163.888,23.1753,342.926,1,0,-93,-8,6,47,46,47,27771140,262,1,289,13499,
421.295,8346.66,51.4531,7.42359,163.233,23.3176,343.403,1,0,-93,-8,6,47,46,47,27771140,262,1,289,13499,
422.304,8369.58,51.4533,7.4235,162.672,23.3546,343.484,1,4,-94,-9,10,46,46,47,27771140,262,1,289,13499,
423.316,8393.01,51.4535,7.4234,161.98,23.1391,343.648,1,4,-94,-9,10,46,46,47,27771140,262,1,289,13499,
424.296,8416.17,51.4537,7.42331,161.194,22.9899,343.868,1,1,-99,-10,7,41,42,47,27771140,262,1,289,13499,
425.309,8439,51.4539,7.42322,160.451,22.9751,343.851,1,1,-99,-10,7,41,42,47,27771140,262,1,289,13499,
426.32,8461.77,51.4541,7.42313,159.838,23.025,343.883,1,1,-97,-11,8,43,45,17,27770883,262,1,289,13499,
427.295,8485.78,51.4543,7.42303,159.562,23.4038,343.496,1,1,-97,-11,8,43,45,17,27770883,262,1,289,13499,
428.302,8509.6,51.4545,7.42293,159.49,23.5574,343.256,1,1,-97,-11,8,43,45,17,27770883,262,1,289,13499,
429.297,8533.01,51.4547,7.42283,159.388,23.5557,343.349,1,5,-96,-9,9,44,44,17,27770883,262,1,125,13499,
430.308,8555.95,51.4549,7.42274,159.082,23.1319,343.234,1,5,-96,-9,9,44,44,17,27770883,262,1,125,13499,
431.312,8579.3,51.4551,7.42264,159.136,22.9718,342.882,1,9,-89,-7,11,51,50,17,27770883,262,1,125,13499,
432.309,8602.53,51.4553,7.42254,159.071,22.6732,342.724,1,9,-89,-7,11,51,50,17,27770883,262,1,125,13499,
433.306,8625.08,51.4555,7.42244,158.909,22.3859,342.387,1,5,-93,-12,6,47,50,17,27770883,262,1,125,13499,
434.293,8647.16,51.4557,7.42235,158.829,22.3338,341.794,1,5,-93,-12,6,47,50,17,27770883,262,1,125,13499,
435.297,8669.53,51.4559,7.42225,158.708,22.6186,341.533,1,7,-90,-8,7,50,50,17,27770883,262,1,125,13499,
436.313,8692.21,51.4561,7.42215,158.437,22.9874,341.024,1,7,-90,-8,7,50,50,17,27770883,262,1,125,13499,
437.319,8715.45,51.4563,7.42204,158.115,23.493,340.297,1,5,-89,-8,5,51,50,17,27770883,262,1,125,13499,
438.297,8739.07,51.4565,7.42192,157.731,23.9749,339.583,1,5,-89,-8,5,51,50,17,27770883,262,1,125,13499,
439.309,8762.8,51.4567,7.42181,157.352,24.1835,338.741,1,-2,-91,-9,6,49,49,34,29568770,262,1,414,13499,
440.308,8787.15,51.4569,7.42168,156.944,24.0866,338.108,1,-2,-91,-9,6,49,49,34,29568770,262,1,414,13499,
441.303,8811.04,51.4571,7.42155,156.591,24.0377,337.498,1,5,-89,-6,10,51,49,13,27770883,262,1,125,13499,
442.298,8834.62,51.4573,7.42142,156.176,23.7405,336.547,1,5,-89,-6,10,51,49,13,27770883,262,1,125,13499,
443.293,8858.3,51.4575,7.42129,155.772,23.8142,335.991,1,11,-88,-6,10,52,51,13,27770883,262,1,125,13499,
444.287,8882.1,51.4576,7.42115,155.455,23.7856,335.616,1,11,-88,-6,10,52,51,13,27770883,262,1,125,13499,
445.336,8906.13,51.4578,7.421,155.119,23.2933,334.764,1,16,-85,-6,8,55,53,13,27770883,262,1,125,13499,
446.31,8929.29,51.458,7.42086,155.016,23.1363,334.529,1,16,-85,-6,8,55,53,13,27770883,262,1,125,13499,
447.311,8952.49,51.4582,7.42071,154.9,22.8975,333.354,1,13,-82,-5,10,58,56,13,27770883,262,1,125,13499,
448.309,8975.33,51.4584,7.42056,154.761,22.6096,332.796,1,13,-82,-5,10,58,56,13,27770883,262,1,125,13499,
449.303,8997.88,51.4586,7.42041,154.763,22.231,332.096,1,14,-86,-6,12,54,52,13,27770883,262,1,125,13499,
450.305,9020.2,51.4588,7.42025,155.029,22.348,331.523,1,14,-86,-6,12,54,52,13,27770883,262,1,125,13499,
451.307,9043.35,51.4589,7.42008,155.179,22.8159,330.599,1,19,-77,-5,11,63,60,13,27770883,262,1,125,13499,
452.316,9066.27,51.4591,7.41992,155.17,23.2852,330.176,1,19,-77,-5,11,63,60,13,27770883,262,1,125,13499,
453.293,9089.99,51.4593,7.41975,155.113,24.026,329.767,1,11,-79,-5,10,61,58,13,27770883,262,1,125,13499,
454.307,9114.58,51.4595,7.41957,154.996,24.5017,329.127,1,11,-79,-5,10,61,58,13,27770883,262,1,125,13499,
455.31,9139.57,51.4597,7.41938,154.829,25.1099,328.092,1,17,-74,-5,2,66,62,13,27770883,262,1,125,13499,
456.311,9164.71,51.4599,7.41919,154.623,25.2561,327.326,1,17,-74,-5,2,66,62,13,27770883,262,1,125,13499,
457.309,9189.98,51.4601,7.41899,154.47,25.4004,326.759,1,17,-74,-5,2,66,62,13,27770883,262,1,125,13499,
458.306,9215.45,51.4603,7.41879,154.35,25.5935,325.747,1,13,-74,-5,2,66,63,13,27770883,262,1,125,13499,
459.319,9241.51,51.4605,7.41857,154.347,25.8279,324.952,1,13,-74,-5,2,66,63,13,27770883,262,1,125,13499,
460.291,9266.55,51.4606,7.41837,154.321,25.9448,324.42,1,16,-78,-5,2,62,59,13,27770883,262,1,125,13499,
461.315,9292.24,51.4608,7.41815,154.389,26.1151,324.145,1,16,-78,-5,2,62,59,13,27770883,262,1,125,13499,
462.292,9318.22,51.461,7.41792,154.3,26.2366,323.383,1,22,-78,-5,2,62,58,13,27770883,262,1,125,13499,
463.317,9344.69,51.4612,7.4177,154.545,26.1805,322.49,1,22,-78,-5,2,62,58,13,27770883,262,1,125,13499,
464.313,9371.84,51.4614,7.41745,154.909,26.3024,321.494,1,24,-76,-5,2,64,62,13,27770883,262,1,125,13499,
465.305,9398.54,51.4616,7.41721,155.414,26.3807,320.859,1,24,-76,-5,2,64,62,13,27770883,262,1,125,13499,
466.33,9424.97,51.4618,7.41696,155.673,26.4151,319.908,1,25,-74,-5,2,66,63,13,27770883,262,1,125,13499,
467.296,9451.24,51.4619,7.41672,155.757,26.3262,319.202,1,25,-74,-5,2,66,63,13,27770883,262,1,125,13499,
468.315,9477.29,51.4621,7.41647,155.665,26.3772,318.58,1,25,-75,-5,2,65,62,13,27770883,262,1,125,13499,
469.305,9503.15,51.4623,7.41622,155.365,26.1811,317.49,1,25,-75,-5,2,65,62,13,27770883,262,1,125,13499,
470.4,9529.08,51.4625,7.41596,154.919,25.6896,316.765,1,25,-74,-5,2,66,62,13,27770883,262,1,125,13499,
471.304,9554.73,51.4626,7.41571,154.711,25.438,316.467,1,25,-74,-5,2,66,62,13,27770883,262,1,125,13499,
472.31,9579.78,51.4628,7.41546,154.581,25.181,316.013,1,18,-73,-5,12,67,63,5,27770883,262,1,125,13499,
473.343,9604.82,51.463,7.4152,154.556,25.3846,314.884,1,18,-73,-5,12,67,63,5,27770883,262,1,125,13499,
474.309,9630.54,51.4631,7.41494,154.439,25.5903,313.96,1,24,-80,-5,15,60,58,5,27770883,262,1,125,13499,
475.315,9655.96,51.4633,7.41467,154.208,25.5007,313.294,1,24,-80,-5,15,60,58,5,27770883,262,1,125,13499,
476.29,9681.28,51.4634,7.41441,154.039,25.6387,312.8,1,22,-80,-4,14,60,56,5,27770883,262,1,125,13499,
477.309,9706.84,51.4636,7.41414,154.045,25.8158,312.253,1,22,-80,-4,14,60,56,5,27770883,262,1,125,13499,
478.318,9732.46,51.4637,7.41386,154.101,25.854,311.531,1,14,-86,-5,11,54,51,5,27770883,262,1,125,13499,
479.3,9757.97,51.4639,7.41358,153.916,25.9674,311.15,1,14,-86,-5,11,54,51,5,27770883,262,1,125,13499,
480.31,9783.96,51.464,7.4133,153.67,26.0046,310.349,1,14,-86,-5,11,54,51,5,27770883,262,1,125,13499,
481.327,9809.93,51.4642,7.41301,153.424,26.1096,309.87,1,25,-75,-5,15,65,58,5,27770883,262,1,125,13499,
482.311,9836,51.4643,7.41272,153.397,25.8572,309.799,1,25,-75,-5,15,65,58,5,27770883,262,1,125,13499,
483.312,9861.76,51.4645,7.41243,153.438,25.7824,309.137,1,22,-74,-5,15,66,60,5,27770883,262,1,125,13499,
484.303,9887.41,51.4646,7.41214,153.477,25.9356,308.597,1,22,-74,-5,15,66,60,5,27770883,262,1,125,13499,
485.3,9913.34,51.4648,7.41185,153.47,26.0227,308.503,1,11,-88,-8,11,52,48,5,27770883,262,1,125,13499,
486.306,9939.32,51.4649,7.41156,153.461,25.9607,308.414,1,11,-88,-8,11,52,48,5,27770883,262,1,125,13499,
487.323,9965.1,51.4651,7.41127,153.418,25.4277,308.162,1,7,-94,-10,8,46,46,3,27770885,262,1,125,13499,
488.308,9990.48,51.4652,7.41098,153.28,25.3698,308.34,1,7,-94,-10,8,46,46,3,27770885,262,1,125,13499,
489.305,10015.8,51.4654,7.4107,153.188,25.4296,308.019,1,13,-90,-6,14,50,47,3,27770885,262,1,124,13499,
490.334,10041.1,51.4655,7.41041,153.263,25.2097,308.005,1,13,-90,-6,14,50,47,3,27770885,262,1,124,13499,
491.314,10066.1,51.4656,7.41012,153.427,24.8368,307.847,1,10,-88,-6,9,52,48,3,27770885,262,1,124,13499,
492.321,10091,51.4658,7.40984,153.759,24.4928,308.065,1,10,-88,-6,9,52,48,3,27770885,262,1,124,13499,
493.295,10115.5,51.4659,7.40956,154.131,24.4582,308.035,1,16,-82,-5,12,58,54,3,27770885,262,1,124,13499,
494.29,10139.7,51.466,7.40929,154.511,24.3212,308.166,1,16,-82,-5,12,58,54,3,27770885,262,1,124,13499,
495.295,10163.9,51.4662,7.40901,155.038,24.0627,308.423,1,16,-86,-5,10,54,49,3,27770885,262,1,124,13499,
496.303,10187.4,51.4663,7.40874,155.531,23.4788,308.311,1,16,-86,-5,10,54,49,3,27770885,262,1,124,13499,
497.304,10210.6,51.4664,7.40848,155.924,23.0992,308.529,1,7,-92,-7,8,48,45,3,27770885,262,1,124,13499,
498.301,10233.7,51.4666,7.40822,156.315,23.0222,308.642,1,7,-92,-7,8,48,45,3,27770885,262,1,124,13499,
499.311,10256.6,51.4667,7.40796,156.719,22.9478,308.697,1,6,-88,-7,9,52,48,3,27770885,262,1,124,13499,
500.299,10279.5,51.4668,7.4077,157.061,22.9915,308.711,1,6,-88,-7,9,52,48,3,27770885,262,1,124,13499,
501.312,10302.4,51.467,7.40744,157.415,22.9299,308.711,1,9,-86,-6,11,54,51,3,27770885,262,1,124,13499,
502.312,10325.1,51.4671,7.40719,157.648,22.7999,308.966,1,9,-86,-6,11,54,51,3,27770885,262,1,124,13499,
503.293,10347.8,51.4672,7.40693,157.835,22.8617,309.378,1,22,-83,-5,2,57,54,3,27770885,262,1,124,13499,
504.33,10370.8,51.4673,7.40668,158.094,22.9799,309.529,1,22,-83,-5,2,57,54,3,27770885,262,1,124,13499,
505.307,10393.6,51.4675,7.40642,158.394,23.1295,310.048,1,19,-79,-5,14,61,52,7,27770885,262,1,124,13499,
506.312,10416.3,51.4676,7.40617,158.458,23.0829,310.406,1,19,-79,-5,14,61,52,7,27770885,262,1,124,13499,
507.3,10439.2,51.4677,7.40592,158.615,23.1865,310.667,1,21,-82,-6,14,58,56,7,27770885,262,1,124,13499,
508.299,10462.6,51.4679,7.40566,158.687,23.3539,311.007,1,21,-82,-6,14,58,56,7,27770885,262,1,124,13499,
509.307,10486,51.468,7.40541,158.744,23.3822,311.371,1,21,-82,-6,14,58,56,7,27770885,262,1,124,13499,
510.311,10509.6,51.4682,7.40516,158.949,23.5418,311.624,1,17,-80,-5,12,60,54,7,27770885,262,1,124,13499,
511.292,10533.1,51.4683,7.4049,159.134,23.6995,311.552,1,17,-80,-5,12,60,54,7,27770885,262,1,124,13499,
512.313,10556.9,51.4684,7.40464,159.383,23.9342,312.015,1,14,-82,-5,14,58,52,7,27770885,262,1,124,13499,
513.319,10580.8,51.4686,7.40438,159.627,24.21,311.827,1,14,-82,-5,14,58,52,7,27770885,262,1,124,13499,
514.313,10604.5,51.4687,7.40413,159.798,23.9352,312.484,1,6,-85,-6,7,55,52,7,27770885,262,1,124,13499,
515.313,10628.3,51.4689,7.40388,159.84,23.9383,312.694,1,6,-85,-6,7,55,52,7,27770885,262,1,124,13499,
516.297,10652.3,51.469,7.40363,160.017,23.9536,312.962,1,10,-83,-5,13,57,53,19,27771140,262,1,289,13499,
517.299,10676.9,51.4692,7.40337,160.29,24.175,313.256,1,10,-83,-5,13,57,53,19,27771140,262,1,289,13499,
518.319,10701.8,51.4693,7.40311,160.775,24.3398,314.146,1,28,-88,-5,10,52,49,19,27771140,262,1,289,13499,
519.3,10725.3,51.4695,7.40287,161.152,24.2854,313.848,1,28,-88,-5,10,52,49,19,27771140,262,1,289,13499,
520.334,10749.6,51.4696,7.40262,161.862,24.2166,314.124,1,25,-87,-6,8,53,49,19,27771140,262,1,289,13499,
521.305,10774.3,51.4698,7.40236,162.577,23.9817,314.554,1,25,-87,-6,8,53,49,19,27771140,262,1,289,13499,
522.304,10798.2,51.4699,7.40212,162.928,23.8686,314.732,1,22,-86,-5,10,54,51,19,27771140,262,1,289,13499,
523.319,10822.4,51.4701,7.40187,163.105,23.8742,315.172,1,22,-86,-5,10,54,51,19,27771140,262,1,289,13499,
524.302,10846.7,51.4702,7.40163,163.29,24.1633,315.278,1,13,-85,-5,11,55,53,19,27771140,262,1,289,13499,
525.287,10871,51.4704,7.40138,163.425,24.2243,316.066,1,13,-85,-5,11,55,53,19,27771140,262,1,289,13499,
526.308,10895.2,51.4706,7.40115,163.447,24.0589,316.294,1,31,-83,-5,14,57,54,19,27771140,262,1,289,13499,
527.309,10919.2,51.4707,7.40091,163.453,23.9489,316.282,1,31,-83,-5,14,57,54,19,27771140,262,1,289,13499,
528.33,10942.9,51.4709,7.40067,163.464,23.706,316.363,1,30,-87,-5,11,53,51,19,27771140,262,1,289,13499,
529.295,10966.4,51.471,7.40044,163.49,23.5299,316.948,1,30,-87,-5,11,53,51,19,27771140,262,1,289,13499,
530.297,10990,51.4712,7.40021,163.572,23.5548,316.782,1,29,-88,-6,11,52,50,19,27771140,262,1,289,13499,
531.308,11013.6,51.4713,7.39997,163.654,23.617,317.134,1,29,-88,-6,11,52,50,19,27771140,262,1,289,13499,
532.312,11037.2,51.4715,7.39974,163.761,23.6541,317.591,1,32,-87,-6,12,53,51,19,27771140,262,1,289,13499,
533.31,11060.9,51.4717,7.39952,163.804,23.6415,317.882,1,32,-87,-6,12,53,51,19,27771140,262,1,289,13499,
534.293,11084.3,51.4718,7.39929,163.817,23.3642,318.202,1,31,-87,-6,10,53,51,19,27771140,262,1,289,13499,
535.298,11107.6,51.472,7.39906,163.828,23.3198,318.443,1,31,-87,-6,10,53,51,19,27771140,262,1,289,13499,
536.294,11131,51.4721,7.39884,163.837,23.4786,318.635,1,34,-85,-4,12,55,52,19,27771140,262,1,289,13499,
537.299,11154.6,51.4723,7.39861,163.89,23.7409,319.106,1,34,-85,-4,12,55,52,19,27771140,262,1,289,13499,
538.287,11178.4,51.4724,7.39839,164.026,23.9041,319.384,1,34,-85,-4,12,55,52,19,27771140,262,1,289,13499,
539.334,11202.4,51.4726,7.39817,164.226,23.8001,320.001,1,38,-83,-7,13,57,56,19,27771140,262,1,289,13499,
540.306,11226.1,51.4728,7.39795,164.377,23.8027,319.906,1,38,-83,-7,13,57,56,19,27771140,262,1,289,13499,
541.317,11249.9,51.4729,7.39772,164.532,23.8359,319.96,1,32,-87,-6,11,53,50,19,27771140,262,1,289,13499,
542.304,11273.4,51.4731,7.3975,164.716,23.3329,319.859,1,32,-87,-6,11,53,50,19,27771140,262,1,289,13499,
543.305,11296.4,51.4733,7.39729,164.937,23.1089,320.088,1,21,-88,-5,9,52,50,19,27771140,262,1,289,13499,
544.325,11319.6,51.4734,7.39708,165.266,23.0487,320.271,1,21,-88,-5,9,52,50,19,27771140,262,1,289,13499,
545.3,11342.6,51.4736,7.39687,165.623,22.967,321.154,1,24,-85,-5,6,55,51,55,33527554,262,1,434,13499,
546.302,11365.6,51.4737,7.39666,166.157,22.9195,321.753,1,24,-85,-5,6,55,51,55,33527554,262,1,434,13499,
547.297,11388,51.4739,7.39646,166.483,22.8466,322.267,1,4,-87,-6,8,53,49,55,33527554,262,1,434,13499,
548.292,11411.2,51.4741,7.39626,167.03,22.8336,322.521,1,4,-87,-6,8,53,49,55,33527554,262,1,434,13499,
549.295,11434.2,51.4742,7.39605,167.581,22.8733,322.797,1,14,-85,-4,14,55,50,55,33527554,262,1,434,13499,
550.314,11456.8,51.4744,7.39585,168.041,22.7944,323.06,1,14,-85,-4,14,55,50,55,33527554,262,1,434,13499,
551.324,11479.7,51.4746,7.39566,168.491,22.9166,324.479,1,22,-85,-5,14,55,52,55,33527554,262,1,434,13499,
552.297,11502.6,51.4747,7.39547,168.872,22.9003,324.916,1,22,-85,-5,14,55,52,55,33527554,262,1,434,13499,
553.303,11525.5,51.4749,7.39529,169.315,23.1142,326.646,1,17,-84,-10,6,56,56,7,27771140,262,1,289,13499,
554.298,11548.6,51.4751,7.39511,169.888,23.2651,327.909,1,17,-84,-10,6,56,56,7,27771140,262,1,289,13499,
555.303,11571.9,51.4753,7.39494,170.552,23.4246,328.748,1,35,-80,-5,15,60,57,7,27771140,262,1,289,13499,
556.29,11595.4,51.4754,7.39476,171.155,23.4295,329.515,1,35,-80,-5,15,60,57,7,27771140,262,1,289,13499,
557.298,11619.1,51.4756,7.39458,171.792,23.4472,329.333,1,29,-80,-6,10,60,57,7,27771140,262,1,289,13499,
558.299,11642.3,51.4758,7.39441,172.351,23.3745,330.073,1,29,-80,-6,10,60,57,7,27771140,262,1,289,13499,
559.316,11665.3,51.476,7.39425,172.889,22.9553,330.44,1,22,-81,-6,12,59,57,7,27771140,262,1,289,13499,
560.292,11687.9,51.4762,7.39409,173.373,22.2827,330.977,1,22,-81,-6,12,59,57,7,27771140,262,1,289,13499,
561.296,11709.8,51.4763,7.39394,173.778,22.0014,331.734,1,31,-77,-6,14,63,62,7,27771140,262,1,289,13499,
562.321,11732,51.4765,7.39379,174.14,22.143,333.806,1,31,-77,-6,14,63,62,7,27771140,262,1,289,13499,
563.3,11754.8,51.4767,7.39365,174.591,22.0999,334.304,1,31,-77,-6,14,63,62,7,27771140,262,1,289,13499,
564.305,11776.4,51.4769,7.39352,175.073,21.6804,336.441,1,26,-70,-5,14,70,63,7,27771140,262,1,289,13499,
565.32,11797.7,51.477,7.3934,175.539,21.2212,337.01,1,26,-70,-5,14,70,63,7,27771140,262,1,289,13499,
566.298,11818.1,51.4772,7.39329,176.109,20.1112,338.22,1,33,-82,-7,11,58,56,7,27771140,262,1,289,13499,
567.287,11837.2,51.4774,7.3932,176.511,18.6193,341.944,1,33,-82,-7,11,58,56,7,27771140,262,1,289,13499,
568.327,11854.8,51.4775,7.39312,176.921,17.298,343.18,1,29,-84,-10,10,56,58,7,27771140,262,1,289,13499,
569.304,11872.5,51.4777,7.39306,177.616,16.4846,345.856,1,29,-84,-10,10,56,58,7,27771140,262,1,289,13499,
570.312,11889.2,51.4778,7.39302,178.124,17.0028,349.236,1,22,-85,-9,9,55,56,3,27771140,262,1,289,13499,
571.289,11907.1,51.478,7.39303,178.248,17.0505,2.08943,1,22,-85,-9,9,55,56,3,27771140,262,1,289,13499,
572.308,11924.8,51.4781,7.39304,178.496,17.4425,3.29174,1,16,-82,-6,15,58,56,3,27771139,262,1,288,13499,
573.305,11941.6,51.4783,7.39307,178.576,17.9508,5.0736,1,16,-82,-6,15,58,56,3,27771139,262,1,288,13499,
574.302,11958.6,51.4784,7.39317,178.732,17.2099,21.84,1,24,-83,-5,13,57,54,3,27771139,262,1,288,13499,
575.299,11975.9,51.4786,7.39328,178.793,17.114,24.3138,1,24,-83,-5,13,57,54,3,27771139,262,1,288,13499,
576.323,11993.3,51.4787,7.3934,179.051,16.9719,27.6412,1,23,-80,-5,14,60,57,3,27771139,262,1,288,13499,
577.294,12009.6,51.4788,7.39352,179.096,16.3934,30.2223,1,23,-80,-5,14,60,57,3,27771139,262,1,288,13499,
578.312,12027,51.479,7.39366,179.38,15.9168,30.4788,1,18,-79,-5,14,61,58,3,27771139,262,1,288,13499,
579.305,12042.4,51.4791,7.39377,179.417,14.8807,28.1459,1,18,-79,-5,14,61,58,3,27771139,262,1,288,13499,
580.322,12056.7,51.4792,7.39381,179.758,14.3705,8.69428,1,28,-79,-5,14,61,56,3,27771139,262,1,288,13499,
581.311,12072.1,51.4794,7.39381,180.462,14.1118,354.75,1,28,-79,-5,14,61,56,3,27771139,262,1,288,13499,
582.307,12084.6,51.4795,7.39378,181.554,14.3522,342.04,1,10,-90,-6,14,50,47,3,27771139,262,1,288,13499,
583.32,12098,51.4796,7.39372,182.584,14.6566,339.753,1,10,-90,-6,14,50,47,3,27771139,262,1,288,13499,
584.312,12111.3,51.4797,7.39365,183.226,14.0542,337.916,1,10,-90,-7,8,50,48,3,27771139,262,1,288,13499,
585.323,12123.4,51.4798,7.39358,183.545,12.9109,336.452,1,10,-90,-7,8,50,48,3,27771139,262,1,288,13499,
586.317,12135.6,51.4799,7.3935,183.945,10.885,336.94,1,10,-87,-7,12,53,50,15,28365058,262,1,223,13499,
587.318,12147.1,51.48,7.39344,184.387,9.8551,339.935,1,10,-87,-7,12,53,50,15,28365058,262,1,223,13499,
588.305,12158,51.4801,7.39343,185.118,10.0994,356.773,1,10,-87,-7,12,53,50,15,28365058,262,1,223,13499,
589.291,12167.7,51.4802,7.39346,185.32,10.1362,15.4204,1,8,-87,-6,13,53,50,15,28365058,262,1,223,13499,
590.303,12177.6,51.4803,7.39353,185.09,10.119,35.7094,1,8,-87,-6,13,53,50,15,28365058,262,1,223,13499,
591.305,12187.8,51.4803,7.39364,185.109,10.9862,53.5306,1,4,-85,-5,6,55,51,5,27771139,262,1,288,13499,
592.307,12198.2,51.4804,7.39376,185.235,11.6338,55.4048,1,4,-85,-5,6,55,51,5,27771139,262,1,288,13499,
593.347,12210.3,51.4804,7.39391,184.83,12.5428,56.5512,1,30,-82,-6,15,58,55,5,27771139,262,1,288,13499,
594.298,12223.7,51.4805,7.39407,184.01,13.4224,57.1331,1,30,-82,-6,15,58,55,5,27771139,262,1,288,13499,
595.282,12236.8,51.4806,7.39423,183.191,13.0662,56.7402,1,11,-84,-6,11,56,53,5,27771139,262,1,288,13499,
596.306,12249.7,51.4806,7.39439,182.538,12.8536,56.6943,1,11,-84,-6,11,56,53,5,27771139,262,1,288,13499,
597.299,12262.4,51.4807,7.39454,182.226,12.8173,57.1077,1,24,-82,-6,14,58,56,5,27771139,262,1,288,13499,
598.299,12275.4,51.4807,7.3947,181.94,12.9722,57.5233,1,24,-82,-6,14,58,56,5,27771139,262,1,288,13499,
599.317,12288.7,51.4808,7.39486,181.555,13.5168,58.1789,1,22,-83,-5,11,57,55,5,27771139,262,1,288,13499,
600.31,12302.6,51.4809,7.39503,181.293,13.9038,58.5953,1,22,-83,-5,11,57,55,5,27771139,262,1,288,13499,
601.258,12302.6,51.4809,7.39503,181.293,13.9038,58.5953,1,23,-80,-4,14,60,55,5,27771139,262,1,288,13499,
602.261,12330.8,51.481,7.39539,180.626,14.085,59.8922,1,23,-80,-4,14,60,55,5,27771139,262,1,288,13499,
603.286,12344.1,51.4811,7.39555,180.686,14.1232,59.9246,1,13,-84,-5,14,56,51,5,27771139,262,1,288,13499,
604.309,12359.3,51.4811,7.39574,180.806,14.0341,60.0583,1,13,-84,-5,14,56,51,5,27771139,262,1,288,13499,
605.297,12372.9,51.4812,7.39591,180.822,13.7756,59.8385,1,14,-84,-5,9,56,53,5,27771139,262,1,288,13499,
606.328,12385.3,51.4812,7.39607,180.832,13.5526,60.2211,1,14,-84,-5,9,56,53,5,27771139,262,1,288,13499,
607.337,12399.2,51.4813,7.39624,180.488,13.3787,60.213,1,15,-83,-5,14,57,54,5,27771139,262,1,288,13499,
608.31,12412.8,51.4814,7.39641,180.59,13.3593,60.1407,1,15,-83,-5,14,57,54,5,27771139,262,1,288,13499,
609.292,12426.4,51.4814,7.39658,180.438,13.3102,59.2221,1,14,-83,-5,14,57,54,5,27771139,262,1,288,13499,
610.293,12439.9,51.4815,7.39674,180.237,12.9828,58.8264,1,14,-83,-5,14,57,54,5,27771139,262,1,288,13499,
611.323,12452.6,51.4816,7.3969,179.399,12.9428,58.4409,1,13,-85,-5,10,55,51,5,27771139,262,1,288,13499,
612.299,12465.5,51.4816,7.39706,178.547,12.9807,57.7568,1,13,-85,-5,10,55,51,5,27771139,262,1,288,13499,
613.288,12478.1,51.4817,7.39722,177.969,12.5254,57.2546,1,13,-85,-5,10,55,51,5,27771139,262,1,288,13499,
614.299,12489.9,51.4817,7.39736,177.537,12.0146,56.4634,1,19,-83,-5,13,57,54,5,27771139,262,1,288,13499,
615.296,12501.2,51.4818,7.3975,177.258,11.6047,55.7735,1,19,-83,-5,13,57,54,5,27771139,262,1,288,13499,
616.349,12512.3,51.4818,7.39763,177.517,11.2612,54.8666,1,26,-81,-4,14,59,58,5,27771139,262,1,288,13499,
617.305,12522.8,51.4819,7.39775,177.788,10.5395,54.1756,1,26,-81,-4,14,59,58,5,27771139,262,1,288,13499,
618.296,12532.6,51.482,7.39786,178.301,10.008,53.1803,1,28,-78,-4,15,62,60,5,27771139,262,1,288,13499,
619.307,12542.4,51.482,7.39797,178.65,9.15166,52.058,1,28,-78,-4,15,62,60,5,27771139,262,1,288,13499,
620.318,12550.9,51.4821,7.39807,178.835,8.26084,50.9616,1,28,-76,-4,14,64,61,5,27771139,262,1,288,13499,
621.312,12558.7,51.4821,7.39815,179.09,7.06016,50.5407,1,28,-76,-4,14,64,61,5,27771139,262,1,288,13499,
622.306,12565.4,51.4821,7.39822,179.718,6.05222,48.7962,1,25,-76,-4,14,64,60,5,27771139,262,1,288,13499,
623.328,12570.4,51.4822,7.39828,180.243,4.86323,48.4427,1,25,-76,-4,14,64,60,5,27771139,262,1,288,13499,
624.306,12574.7,51.4822,7.39832,180.271,3.61158,49.3321,1,25,-76,-5,13,64,61,5,27771139,262,1,288,13499,
625.314,12577.6,51.4822,7.39835,180.295,2.43859,48.1882,1,25,-76,-5,13,64,61,5,27771139,262,1,288,13499,
626.322,12579.7,51.4822,7.39838,180.339,1.3637,45.365,1,22,-79,-6,11,61,59,5,27771139,262,1,288,13499,
627.275,12579.7,51.4822,7.39838,180.347,0,45.365,1,22,-79,-6,11,61,59,5,27771139,262,1,288,13499,
628.311,12579.7,51.4822,7.39838,180.356,0,45.365,1,24,-79,-6,12,61,58,5,27771139,262,1,288,13499,
629.284,12579.7,51.4822,7.39838,180.365,0,45.365,1,24,-79,-6,12,61,58,5,27771139,262,1,288,13499,
630.303,12579.7,51.4822,7.39838,180.372,0,45.365,1,22,-79,-6,12,61,57,5,27771139,262,1,288,13499,
631.312,12579.7,51.4822,7.39838,180.376,0,45.365,1,22,-79,-6,12,61,57,5,27771139,262,1,288,13499,
632.319,12579.7,51.4822,7.39838,180.378,0,45.365,1,24,-78,-5,13,62,57,5,27771139,262,1,288,13499,
633.313,12579.7,51.4822,7.39838,180.378,0,45.365,1,24,-78,-5,13,62,57,5,27771139,262,1,288,13499,
634.306,12579.7,51.4822,7.39838,180.377,0,45.365,1,22,-79,-6,12,61,57,5,27771139,262,1,288,13499,
635.326,12579.7,51.4822,7.39838,180.375,0,45.365,1,22,-79,-6,12,61,57,5,27771139,262,1,288,13499,
636.316,12579.7,51.4822,7.39838,180.342,0,45.365,1,24,-79,-5,13,61,56,5,27771139,262,1,288,13499,
637.311,12579.7,51.4822,7.39838,180.332,0,45.365,1,24,-79,-5,13,61,56,5,27771139,262,1,288,13499,
638.314,12579.7,51.4822,7.39838,180.245,0,44.4903,1,23,-81,-5,14,59,56,5,27771139,262,1,288,13499,
639.319,12588.8,51.4823,7.39848,180.259,0,43.4607,1,23,-81,-5,14,59,56,5,27771139,262,1,288,13499,
640.32,12595.6,51.4823,7.39854,180.532,6.29666,42.2289,1,23,-81,-5,14,59,56,5,27771139,262,1,288,13499,
641.336,12602.7,51.4824,7.39861,180.924,7.01972,41.3886,1,33,-82,-5,12,58,54,5,27771139,262,1,288,13499,
642.306,12610.1,51.4824,7.39868,181.209,8.11913,40.3166,1,33,-82,-5,12,58,54,5,27771139,262,1,288,13499,
643.296,12619.5,51.4825,7.39877,181.692,8.95749,39.4363,1,15,-86,-5,10,54,51,5,27771139,262,1,288,13499,
644.302,12630.7,51.4826,7.39886,182.856,9.39275,38.6278,1,15,-86,-5,10,54,51,5,27771139,262,1,288,13499,
645.317,12639.9,51.4826,7.39893,183.91,9.76404,37.3628,1,11,-88,-6,9,52,48,5,27771139,262,1,288,13499,
646.317,12649.5,51.4827,7.399,185.502,10.4879,35.9608,1,11,-88,-6,9,52,48,5,27771139,262,1,288,13499,
647.306,12660.6,51.4828,7.39909,186.547,10.6101,35.0952,1,13,-86,-6,8,54,50,5,27771139,262,1,288,13499,
648.323,12672.9,51.4829,7.39918,187.347,11.2376,34.4677,1,13,-86,-6,8,54,50,5,27771139,262,1,288,13499,
649.306,12684.6,51.483,7.39928,188.239,11.8473,34.0795,1,3,-89,-6,7,51,48,5,27771139,262,1,288,13499,
650.312,12696.2,51.4831,7.39937,188.683,12.5842,34.0028,1,3,-89,-6,7,51,48,5,27771139,262,1,288,13499,
651.307,12709,51.4832,7.39947,188.661,13.0472,34.0152,1,12,-88,-5,11,52,48,5,27771139,262,1,288,13499,
652.327,12721.6,51.4833,7.39957,188.509,12.9692,34.0921,1,12,-88,-5,11,52,48,5,27771139,262,1,288,13499,
653.311,12734.9,51.4834,7.39968,188.41,12.983,33.6971,1,16,-86,-5,11,54,50,5,27771139,262,1,288,13499,
654.309,12748.3,51.4835,7.39978,188.368,12.9806,34.0587,1,16,-86,-5,11,54,50,5,27771139,262,1,288,13499,
655.309,12761.7,51.4836,7.39989,188.33,13.0923,34.548,1,15,-91,-5,9,49,47,5,27771139,262,1,288,13499,
656.312,12775.3,51.4837,7.4,188.224,12.9302,34.8839,1,15,-91,-5,9,49,47,5,27771139,262,1,288,13499,
657.288,12787.3,51.4838,7.40009,188.014,13.3673,35.221,1,12,-90,-6,13,50,47,9,28365058,262,1,288,13499,
658.299,12800.1,51.4839,7.4002,188.173,13.3654,35.4473,1,12,-90,-6,13,50,47,9,28365058,262,1,288,13499,
659.306,12813.3,51.4839,7.40031,188.387,12.1635,36.4549,1,11,-92,-6,13,48,45,9,28365058,262,1,223,13499,
660.318,12825.8,51.484,7.40042,188.525,12.7499,36.9687,1,11,-92,-6,13,48,45,9,28365058,262,1,223,13499,
661.318,12839.4,51.4841,7.40054,188.692,12.511,37.4077,1,10,-92,-6,12,48,46,9,28365058,262,1,223,13499,
662.309,12851.9,51.4842,7.40065,189.088,12.3307,38.4189,1,10,-92,-6,12,48,46,9,28365058,262,1,223,13499,
663.319,12864,51.4843,7.40075,189.53,12.2421,39.3948,1,10,-92,-6,12,48,46,9,28365058,262,1,223,13499,
664.315,12876.3,51.4844,7.40087,189.864,12.3514,40.2794,1,10,-92,-6,13,48,45,9,28365058,262,1,223,13499,
665.302,12888.7,51.4845,7.40098,190.073,12.4542,40.8259,1,10,-92,-6,13,48,45,9,28365058,262,1,223,13499,
666.302,12901.5,51.4846,7.4011,190.234,12.2187,41.5681,1,10,-94,-6,9,46,42,9,28365058,262,1,223,13499,
667.289,12914.1,51.4847,7.40123,190.417,12.1978,42.3379,1,10,-94,-6,9,46,42,9,28365058,262,1,223,13499,
668.305,12926.2,51.4847,7.40135,190.469,12.2623,42.6083,1,8,-93,-6,12,47,43,9,28365058,262,1,223,13499,
669.305,12938.2,51.4848,7.40147,190.575,12.2846,42.488,1,8,-93,-6,12,47,43,9,28365058,262,1,223,13499,
670.314,12950.7,51.4849,7.40159,190.498,12.4337,41.8818,1,8,-95,-7,12,45,42,9,28365058,262,1,223,13499,
671.299,12962.6,51.485,7.40171,190.312,12.3499,41.2521,1,8,-95,-7,12,45,42,9,28365058,262,1,223,13499,
672.298,12974.8,51.4851,7.40183,190.056,12.0531,42.0554,1,13,-95,-6,11,45,41,9,28365058,262,1,223,13499,
673.306,12985.7,51.4851,7.40194,189.748,11.2954,42.8776,1,13,-95,-6,11,45,41,9,28365058,262,1,223,13499,
674.315,12996.8,51.4852,7.40205,189.443,10.9087,44.1798,1,7,-92,-7,9,48,43,8,28365058,262,1,223,13499,
675.292,13007.6,51.4853,7.40216,189.415,10.7025,45.2433,1,7,-92,-7,9,48,43,8,28365058,262,1,223,13499,
676.298,13018.1,51.4853,7.40228,188.925,10.1875,46.591,1,6,-94,-7,8,46,44,8,28365058,262,1,223,13499,
677.307,13028.1,51.4854,7.40239,188.415,9.97454,47.6475,1,6,-94,-7,8,46,44,8,28365058,262,1,223,13499,
678.298,13037.5,51.4854,7.40249,188.008,9.6199,48.4206,1,9,-95,-7,10,45,42,8,28365058,262,1,223,13499,
679.303,13046.9,51.4855,7.4026,187.369,8.28587,49.3866,1,9,-95,-7,10,45,42,8,28365058,262,1,223,13499,
680.314,13055.2,51.4855,7.40269,187.093,7.07436,49.7441,1,1,-94,-6,10,46,43,8,28365058,262,1,223,13499,
681.306,13062.2,51.4856,7.40276,187.079,6.79979,35.6149,1,1,-94,-6,10,46,43,8,28365058,262,1,223,13499,
682.327,13068.7,51.4856,7.40278,186.889,7.21661,9.49981,1,6,-91,-6,6,49,45,16,29391105,262,1,351,13499,
683.316,13075,51.4857,7.40277,186.443,7.06574,347.602,1,6,-91,-6,6,49,45,16,29391105,262,1,351,13499,
684.304,13081.1,51.4857,7.40273,186.365,7.38729,329.52,1,1,-99,-8,6,41,39,8,28365058,262,1,223,13499,
685.305,13089.6,51.4858,7.40266,186.426,8.50292,327.151,1,1,-99,-8,6,41,39,8,28365058,262,1,223,13499,
686.35,13098,51.4859,7.40259,186.392,9.58306,325.37,1,7,-96,-7,10,44,43,8,28365058,262,1,223,13499,
687.302,13107.3,51.4859,7.4025,186.405,10.3811,324.436,1,7,-96,-7,10,44,43,8,28365058,262,1,223,13499,
688.288,13118.1,51.486,7.40241,186.39,11.5143,325.337,1,6,-100,-9,9,40,40,8,28365058,262,1,223,13499,
689.309,13130,51.4861,7.40231,186.436,12.0818,325.873,1,6,-100,-9,9,40,40,8,28365058,262,1,223,13499,
690.324,13142.7,51.4862,7.40222,186.475,12.1005,327.229,1,3,-99,-9,8,41,41,8,28365058,262,1,223,13499,
691.303,13154.4,51.4863,7.40214,186.541,11.8419,329.121,1,3,-99,-9,8,41,41,8,28365058,262,1,223,13499,
692.307,13166,51.4864,7.40207,186.503,11.6206,331.546,1,3,-99,-9,8,41,41,8,28365058,262,1,223,13499,
693.308,13177.1,51.4865,7.402,186.507,12.0879,333.894,1,10,-90,-6,13,50,48,4,26385409,262,1,93,13499,
694.303,13189.2,51.4866,7.40194,186.374,12.1763,336.126,1,10,-90,-6,13,50,48,4,26385409,262,1,93,13499,
695.306,13201.6,51.4867,7.40188,186.193,12.2675,338.382,1,11,-94,-8,8,46,45,4,26385409,262,1,93,13499,
696.324,13214,51.4868,7.40183,186.063,12.3825,340.725,1,11,-94,-8,8,46,45,4,26385409,262,1,93,13499,
697.306,13227.2,51.4869,7.40179,185.71,12.2226,343.132,1,10,-90,-6,13,50,47,4,26385409,262,1,93,13499,
698.31,13239.3,51.487,7.40175,185.405,12.2876,345.244,1,10,-90,-6,13,50,47,4,26385409,262,1,93,13499,
699.311,13251.5,51.4871,7.40172,185.278,12.4154,348.242,1,13,-84,-6,6,56,50,16,27771139,262,1,288,13499,
700.317,13264.2,51.4872,7.4017,185.565,12.4334,350.632,1,13,-84,-6,6,56,50,16,27771139,262,1,288,13499,
701.302,13277.8,51.4874,7.40169,185.673,12.541,353.076,1,13,-83,-5,6,57,53,3,26385409,262,1,93,13499,
702.291,13291.9,51.4875,7.40168,185.514,12.7584,355.174,1,13,-83,-5,6,57,53,3,26385409,262,1,93,13499,
703.302,13304.8,51.4876,7.40168,185.011,13.0302,356.872,1,23,-79,-5,15,61,58,3,26385409,262,1,93,13499,
704.395,13317.9,51.4877,7.40169,184.504,12.948,357.9,1,23,-79,-5,15,61,58,3,26385409,262,1,93,13499,
705.291,13331.1,51.4878,7.40169,183.862,12.9885,358.748,1,21,-85,-5,11,55,51,3,26385409,262,1,93,13499,
706.31,13344.1,51.488,7.4017,183.367,12.7778,359.342,1,21,-85,-5,11,55,51,3,26385409,262,1,93,13499,
707.313,13357.5,51.4881,7.4017,183.027,12.8309,0.188875,1,24,-83,-6,14,57,53,3,26385409,262,1,93,13499,
708.311,13370.2,51.4882,7.40171,182.974,12.8691,0.578642,1,24,-83,-6,14,57,53,3,26385409,262,1,93,13499,
709.317,13382.5,51.4883,7.40171,182.914,13.0029,0.812235,1,26,-76,-5,15,64,58,3,26385409,262,1,93,13499,
710.299,13395.5,51.4884,7.40172,182.939,13.0022,0.401566,1,26,-76,-5,15,64,58,3,26385409,262,1,93,13499,
711.314,13408.5,51.4885,7.40172,182.616,12.9168,0.336155,1,23,-81,-6,14,59,55,3,26385409,262,1,93,13499,
712.307,13422.1,51.4887,7.40173,182.336,12.7957,359.975,1,23,-81,-6,14,59,55,3,26385409,262,1,93,13499,
713.3,13434.7,51.4888,7.40173,182.476,12.5287,359.335,1,14,-82,-6,12,58,55,3,26385409,262,1,93,13499,
714.304,13447,51.4889,7.40172,182.692,12.2252,358.873,1,14,-82,-6,12,58,55,3,26385409,262,1,93,13499,
715.303,13459.1,51.489,7.40172,182.826,11.3584,359.432,1,8,-85,-11,10,55,58,3,26385409,262,1,93,13499,
716.306,13469.1,51.4891,7.40172,182.563,10.45,359.803,1,8,-85,-11,10,55,58,3,26385409,262,1,93,13499,
717.337,13478.1,51.4892,7.40172,182.228,9.54007,0.356869,1,23,-79,-6,15,61,58,2,26385410,262,1,94,13499,
718.305,13487.6,51.4892,7.40173,181.281,8.14204,0.0973458,1,23,-79,-6,15,61,58,2,26385410,262,1,94,13499,
719.316,13496.2,51.4893,7.40174,180.558,6.49015,2.95338,1,26,-72,-5,15,68,60,2,26385410,262,1,94,13499,
720.307,13502.6,51.4894,7.40178,179.748,6.21563,26.1353,1,26,-72,-5,15,68,60,2,26385410,262,1,94,13499,
721.306,13508.6,51.4894,7.40186,179.702,6.47222,78.5816,1,26,-72,-5,15,68,60,2,26385410,262,1,94,13499,
722.311,13515.9,51.4894,7.40197,180.309,7.23248,81.9029,1,29,-69,-5,15,71,63,2,26385410,262,1,94,13499,
723.309,13524.3,51.4894,7.40209,180.806,8.13185,85.7759,1,29,-69,-5,15,71,63,2,26385410,262,1,94,13499,
724.297,13532.9,51.4894,7.40221,181.154,9.01696,87.6852,1,30,-69,-5,15,71,63,2,26385410,262,1,94,13499,
725.296,13544.1,51.4894,7.40237,181.028,9.7863,89.0098,1,30,-69,-5,15,71,63,2,26385410,262,1,94,13499,
726.304,13553.4,51.4894,7.40251,181.275,9.96907,89.4298,1,28,-74,-6,15,66,63,2,26385410,262,1,94,13499,
727.311,13563.9,51.4894,7.40266,181.845,10.3701,89.9985,1,28,-74,-6,15,66,63,2,26385410,262,1,94,13499,
728.305,13575,51.4894,7.40282,182.185,10.753,90.4294,1,24,-78,-6,15,62,59,2,26385410,262,1,94,13499,
729.309,13585.7,51.4894,7.40297,182.2,11.0557,91.0801,1,24,-78,-6,15,62,59,2,26385410,262,1,94,13499,
730.317,13596.8,51.4894,7.40313,182.026,11.2636,91.1297,1,25,-76,-6,15,64,62,2,26385410,262,1,94,13499,
731.318,13608.7,51.4894,7.40331,181.76,11.6607,90.5375,1,25,-76,-6,15,64,62,2,26385410,262,1,94,13499,
732.321,13620.5,51.4894,7.40348,181.743,11.9172,90.6511,1,25,-68,-6,15,72,63,2,26385410,262,1,94,13499,
733.321,13632.1,51.4894,7.40365,181.841,11.8034,91.3025,1,25,-68,-6,15,72,63,2,26385410,262,1,94,13499,
734.304,13643.2,51.4894,7.40381,181.846,11.8886,90.9681,1,22,-74,-6,14,66,63,2,26385410,262,1,94,13499,
735.311,13655.4,51.4894,7.40398,182.005,12.0781,91.2629,1,22,-74,-6,14,66,63,2,26385410,262,1,94,13499,
736.315,13667.8,51.4894,7.40416,182.234,12.2042,90.7847,1,19,-76,-9,14,64,62,2,26385410,262,1,94,13499,
737.312,13681.2,51.4894,7.40435,182.578,12.381,90.9814,1,19,-76,-9,14,64,62,2,26385410,262,1,94,13499,
738.322,13693.9,51.4894,7.40454,182.82,12.596,90.4589,1,8,-77,-8,11,63,63,2,26385410,262,1,94,13499,
739.3,13706.4,51.4894,7.40472,183.091,12.4725,90.3032,1,8,-77,-8,11,63,63,2,26385410,262,1,94,13499,
740.294,13718.9,51.4894,7.4049,183.46,12.3206,89.7526,1,8,-77,-8,11,63,63,2,26385410,262,1,94,13499,
741.302,13730.9,51.4894,7.40507,183.854,12.2108,89.5745,1,22,-72,-5,15,68,63,1,26385408,262,1,95,13499,
742.326,13743.4,51.4894,7.40525,184.564,12.2463,88.8039,1,22,-72,-5,15,68,63,1,26385408,262,1,95,13499,
743.305,13755.9,51.4894,7.40543,184.981,12.1945,87.1651,1,22,-73,-5,15,67,63,1,26385408,262,1,95,13499,
744.312,13767.1,51.4894,7.40559,185.171,12.3273,85.4268,1,22,-73,-5,15,67,63,1,26385408,262,1,95,13499,
745.297,13778.9,51.4894,7.40576,185.019,12.1189,83.9347,1,28,-70,-6,15,70,63,1,26385408,262,1,95,13499,
746.318,13790.7,51.4894,7.40593,184.79,11.827,82.8083,1,28,-70,-6,15,70,63,1,26385408,262,1,95,13499,
747.294,13802.4,51.4895,7.4061,184.616,11.9549,81.6374,1,22,-76,-6,13,64,61,1,26385408,262,1,95,13499,
748.291,13814.1,51.4895,7.40626,184.425,12.2532,80.4422,1,22,-76,-6,13,64,61,1,26385408,262,1,95,13499,
749.299,13826.6,51.4895,7.40644,184.119,12.5167,79.4399,1,15,-76,-6,12,64,59,1,26385408,262,1,95,13499,
750.302,13838.7,51.4895,7.40661,183.772,12.3184,78.7674,1,15,-76,-6,12,64,59,1,26385408,262,1,95,13499,
751.294,13851.6,51.4896,7.40679,183.623,12.1916,78.3937,1,14,-72,-5,13,68,63,1,26385408,262,1,95,13499,
752.298,13865.5,51.4896,7.40699,183.989,12.0701,77.9251,1,14,-72,-5,13,68,63,1,26385408,262,1,95,13499,
753.318,13878,51.4896,7.40717,184.542,12.2341,77.0061,1,21,-71,-5,13,69,63,1,26385408,262,1,95,13499,
754.303,13888.8,51.4896,7.40732,184.44,12.6737,77.3501,1,21,-71,-5,13,69,63,1,26385408,262,1,95,13499,
755.308,13901.7,51.4896,7.4075,184.016,12.7997,78.3294,1,13,-76,-6,10,64,61,1,26385408,262,1,95,13499,
756.298,13914.1,51.4897,7.40767,183.387,12.8097,78.4643,1,13,-76,-6,10,64,61,1,26385408,262,1,95,13499,
757.317,13926.8,51.4897,7.40785,182.498,12.6441,78.8738,1,15,-75,-5,15,65,61,1,26385408,262,1,95,13499,
758.331,13939.2,51.4897,7.40803,181.508,11.9858,78.6348,1,15,-75,-5,15,65,61,1,26385408,262,1,95,13499,
759.306,13949.5,51.4897,7.40817,181.088,10.3578,79.2771,1,18,-77,-5,11,63,59,1,26385408,262,1,95,13499,
760.303,13958.4,51.4898,7.4083,180.994,8.25465,78.4011,1,18,-77,-5,11,63,59,1,26385408,262,1,95,13499,
761.289,13966.8,51.4898,7.40842,180.824,7.27845,77.53,1,13,-76,-5,12,64,59,1,26385408,262,1,95,13499,
762.311,13973.3,51.4898,7.40851,180.751,6.14588,76.8484,1,13,-76,-5,12,64,59,1,26385408,262,1,95,13499,
763.289,13979.7,51.4898,7.4086,180.974,5.3574,77.2998,1,24,-76,-5,12,64,59,1,26385408,262,1,95,13499,
764.31,13984.6,51.4898,7.40867,181.107,4.24282,76.6642,1,24,-76,-5,12,64,59,1,26385408,262,1,95,13499,
765.303,13989,51.4898,7.40874,181.112,3.07975,77.4076,1,18,-77,-6,12,63,61,1,26385408,262,1,95,13499,
766.288,13991,51.4898,7.40876,181.129,2.11524,77.319,1,18,-77,-6,12,63,61,1,26385408,262,1,95,13499,
767.313,13992,51.4898,7.40878,181.192,1.72077,76.6165,1,13,-77,-5,10,63,59,1,26385408,262,1,95,13499,
768.335,13994.2,51.4898,7.40881,181.224,1.76834,76.9697,1,13,-77,-5,10,63,59,1,26385408,262,1,95,13499,
769.303,13996.4,51.4898,7.40884,181.245,2.08793,77.2319,1,12,-78,-6,11,62,60,1,26385408,262,1,95,13499,
770.312,13999.4,51.4898,7.40888,181.249,3.46996,77.5277,1,12,-78,-6,11,62,60,1,26385408,262,1,95,13499,
771.323,14004.3,51.4898,7.40895,181.149,5.05302,78.4173,1,23,-74,-5,12,66,63,1,26385408,262,1,95,13499,
772.326,14009.6,51.4898,7.40903,181.288,5.90281,78.6575,1,23,-74,-5,12,66,63,1,26385408,262,1,95,13499,
773.306,14015.2,51.4898,7.4091,181.389,6.59163,78.3206,1,23,-74,-5,12,66,63,1,26385408,262,1,95,13499,
774.307,14023,51.4899,7.40921,181.239,7.06636,78.8364,1,22,-76,-6,14,64,61,1,26385408,262,1,95,13499,
775.308,14030.6,51.4899,7.40932,180.935,7.80988,78.1289,1,22,-76,-6,14,64,61,1,26385408,262,1,95,13499,
776.304,14038.1,51.4899,7.40943,180.93,8.11281,77.2899,1,20,-76,-5,11,64,61,1,26385408,262,1,95,13499,
777.286,14047.6,51.4899,7.40956,181.263,9.03077,78.1873,1,20,-76,-5,11,64,61,1,26385408,262,1,95,13499,
778.313,14057.4,51.4899,7.4097,181.658,9.7857,78.156,1,13,-76,-6,12,64,59,1,26385408,262,1,95,13499,
779.308,14067.1,51.49,7.40983,181.799,10.5166,78.3059,1,13,-76,-6,12,64,59,1,26385408,262,1,95,13499,
780.296,14078,51.49,7.40999,181.761,10.8577,78.4946,1,18,-76,-5,13,64,59,1,26385408,262,1,95,13499,
781.291,14089.3,51.49,7.41015,181.783,10.8911,78.5122,1,18,-76,-5,13,64,59,1,26385408,262,1,95,13499,
782.305,14099.3,51.49,7.41029,181.481,10.8057,78.5065,1,20,-78,-6,11,62,60,1,26385408,262,1,95,13499,
783.319,14109.7,51.49,7.41043,181.04,10.7252,78.508,1,20,-78,-6,11,62,60,1,26385408,262,1,95,13499,
784.311,14120.3,51.4901,7.41058,180.128,10.6648,79.2485,1,20,-76,-6,13,64,61,1,26385408,262,1,95,13499,
785.318,14130.4,51.4901,7.41073,178.779,10.6394,78.2722,1,20,-76,-6,13,64,61,1,26385408,262,1,95,13499,
786.312,14140.6,51.4901,7.41087,177.367,10.5091,77.9187,1,12,-85,-6,12,55,52,1,26385408,262,1,95,13499,
787.304,14150.8,51.4901,7.41102,175.752,10.4645,78.1873,1,12,-85,-6,12,55,52,1,26385408,262,1,95,13499,
788.296,14161.4,51.4901,7.41117,174.181,10.633,78.3694,1,17,-84,-5,12,56,52,1,26385408,262,1,95,13499,
789.313,14172.7,51.4902,7.41133,172.487,10.7176,78.7835,1,17,-84,-5,12,56,52,1,26385408,262,1,95,13499,
790.293,14184.8,51.4902,7.4115,171.087,10.7814,78.2342,1,11,-89,-5,12,51,47,1,26385408,262,1,95,13499,
791.276,14195.6,51.4902,7.41165,169.66,10.3168,77.3775,1,11,-89,-5,12,51,47,1,26385408,262,1,95,13499,
