0.253,0,51.4502,7.48822,250.699,5.61739,164.209,1,14,-95,-11,2,45,47,6,28371201,262,1,66,13499,
1.316,8.39102,51.4501,7.48825,250.076,5.82427,165.72,1,14,-95,-11,2,45,47,6,28371201,262,1,66,13499,
2.294,17.1298,51.45,7.48827,249.452,9.27913,169.613,1,10,-99,-10,12,41,43,7,28371201,262,1,66,13499,
3.284,27.7461,51.4499,7.4883,248.507,9.8407,170.782,1,10,-99,-10,12,41,43,7,28371201,262,1,66,13499,
4.29,38.6958,51.4498,7.48834,248.321,10.9459,169.812,1,7,-97,-9,12,43,44,7,28371201,262,1,66,13499,
5.282,51.2415,51.4497,7.48838,248.606,12.069,169.539,1,7,-97,-9,12,43,44,7,28371201,262,1,66,13499,
6.309,65.1013,51.4496,7.48842,248.643,12.3296,170.345,1,9,-96,-9,7,44,44,7,28371201,262,1,66,13499,
7.28,79.0769,51.4495,7.48845,248.548,12.6165,171.764,1,9,-96,-9,7,44,44,7,28371201,262,1,66,13499,
8.295,92.7902,51.4493,7.48847,248.696,13.4913,173.646,1,9,-99,-10,7,41,43,7,28371201,262,1,66,13499,
9.291,107.466,51.4492,7.48848,249.384,13.7556,176.613,1,9,-99,-10,7,41,43,7,28371201,262,1,66,13499,
10.287,121.927,51.4491,7.48847,249.888,14.1683,179.254,1,8,-100,-10,10,40,40,7,28371201,262,1,66,13499,
11.298,135.212,51.449,7.48846,250.639,14.7591,180.71,1,8,-100,-10,10,40,40,7,28371201,262,1,66,13499,
12.304,149.954,51.4488,7.48843,251.638,14.8133,183.258,1,5,-99,-9,9,41,41,7,28371201,262,1,66,13499,
13.298,163.394,51.4487,7.48839,252.234,13.9989,186.334,1,5,-99,-9,9,41,41,7,28371201,262,1,66,13499,
14.277,177.997,51.4486,7.48834,252.655,13.7136,189.621,1,5,-99,-9,9,41,41,7,28371201,262,1,66,13499,
15.301,192.998,51.4484,7.48829,253.029,14.2173,191.596,1,-4,-106,-12,6,34,37,7,28371201,262,1,66,13499,
16.3,208.512,51.4483,7.48822,253.488,14.4118,192.914,1,-4,-106,-12,6,34,37,7,28371201,262,1,66,13499,
17.288,224.214,51.4482,7.48815,253.933,14.6451,193.526,1,-1,-109,-14,2,31,37,7,28371201,262,1,66,13499,
18.292,238.163,51.4481,7.48809,254.765,14.7009,193.332,1,-1,-109,-14,2,31,37,7,28371201,262,1,66,13499,
19.279,252.137,51.4479,7.48803,255.16,14.5901,192.807,1,-3,-108,-12,2,32,36,7,28371201,262,1,66,13499,
20.29,266.585,51.4478,7.48797,255.669,14.6464,192.53,1,-3,-108,-12,2,32,36,7,28371201,262,1,66,13499,
21.296,279.754,51.4477,7.48793,255.942,12.2755,190.821,1,5,-105,-9,2,35,36,7,27771909,262,1,151,13499,
22.284,294.138,51.4476,7.4879,256.154,13.1496,189.372,1,5,-105,-9,2,35,36,7,27771909,262,1,151,13499,
23.267,307.873,51.4474,7.48788,256.556,14.0156,186.638,1,-1,-104,-9,2,36,36,7,27771909,262,1,151,13499,
24.282,322.313,51.4473,7.48787,256.833,13.9068,183.819,1,-1,-104,-9,2,36,36,7,27771909,262,1,151,13499,
25.282,335.089,51.4472,7.48788,257.286,13.8478,180.645,1,8,-104,-9,2,36,37,7,27771909,262,1,151,13499,
26.303,349.195,51.4471,7.4879,257.432,13.998,177.245,1,8,-104,-9,2,36,37,7,27771909,262,1,151,13499,
27.293,363.631,51.4469,7.48794,257.655,14.0978,173.412,1,4,-103,-9,2,37,37,7,27771909,262,1,151,13499,
28.3,376.788,51.4468,7.48799,257.906,14.2311,169.885,1,4,-103,-9,2,37,37,7,27771909,262,1,151,13499,
29.289,391.096,51.4467,7.48805,258.476,14.3173,166.793,1,4,-104,-10,2,36,36,7,27771909,262,1,151,13499,
30.287,406.524,51.4466,7.48813,259.26,13.6341,163.377,1,4,-104,-10,2,36,36,7,27771909,262,1,151,13499,
31.295,421.78,51.4464,7.48821,259.84,13.7619,160.109,1,1,-106,-12,7,34,38,7,27771909,262,1,151,13499,
32.289,435.88,51.4463,7.48831,260.297,13.9973,156.711,1,1,-106,-12,7,34,38,7,27771909,262,1,151,13499,
33.31,450.546,51.4462,7.48842,260.747,14.05,154.038,1,-4,-104,-11,7,36,38,7,27771909,262,1,151,13499,
34.293,467.017,51.4461,7.48854,261.027,14.1086,150.614,1,-4,-104,-11,7,36,38,7,27771909,262,1,151,13499,
35.281,483.991,51.446,7.48869,261.316,14.3462,146.913,1,-4,-104,-11,7,36,38,7,27771909,262,1,151,13499,
36.285,499.37,51.4459,7.48883,262.522,14.7967,143.704,1,-2,-103,-12,7,37,40,7,27771909,262,1,151,13499,
37.289,515.245,51.4458,7.48899,263.39,14.3615,140.712,1,-2,-103,-12,7,37,40,7,27771909,262,1,151,13499,
38.285,531.608,51.4457,7.48915,264.759,14.7435,138.144,1,5,-102,-9,10,38,38,7,27771909,262,1,151,13499,
39.289,547.575,51.4456,7.48932,266.126,15.0693,135.789,1,5,-102,-9,10,38,38,7,27771909,262,1,151,13499,
40.302,562.359,51.4455,7.48949,267.097,15.0536,133.286,1,0,-106,-12,8,34,38,13,28371201,262,1,151,13499,
41.297,577.046,51.4454,7.48966,267.73,15.1111,131.283,1,0,-106,-12,8,34,38,13,28371201,262,1,151,13499,
42.289,591.71,51.4453,7.48984,268.047,15.1344,129.906,1,2,-101,-9,9,39,39,13,28371201,262,1,66,13499,
43.281,606.654,51.4453,7.49002,268.749,15.1343,128.896,1,2,-101,-9,9,39,39,13,28371201,262,1,66,13499,
44.29,621.561,51.4452,7.4902,268.869,15.3296,128.323,1,5,-104,-9,8,36,36,13,28371201,262,1,66,13499,
45.285,636.434,51.4451,7.49038,269.23,14.863,127.396,1,5,-104,-9,8,36,36,13,28371201,262,1,66,13499,
46.299,650.932,51.445,7.49055,269.304,14.3751,127.81,1,0,-105,-11,9,35,38,13,28371201,262,1,66,13499,
47.287,665.041,51.445,7.49072,269.191,13.5184,127.45,1,0,-105,-11,9,35,38,13,28371201,262,1,66,13499,
48.297,678.382,51.4449,7.49088,269.328,12.8213,127.474,1,1,-107,-11,7,33,35,13,28371201,262,1,66,13499,
49.298,689.48,51.4448,7.49102,269.462,11.3957,128.164,1,1,-107,-11,7,33,35,13,28371201,262,1,66,13499,
50.304,699.43,51.4448,7.49113,269.427,9.69008,127.664,1,0,-108,-9,8,32,32,13,28371201,262,1,66,13499,
51.27,709.015,51.4447,7.49125,268.98,9.03074,126.786,1,0,-108,-9,8,32,32,13,28371201,262,1,66,13499,
52.283,717.484,51.4447,7.49135,268.729,8.22984,127.134,1,-1,-111,-12,6,29,32,13,28371201,262,1,66,13499,
53.288,724.717,51.4447,7.49144,268.676,7.15591,127.184,1,-1,-111,-12,6,29,32,13,28371201,262,1,66,13499,
54.282,730.578,51.4446,7.49151,269.006,5.40181,126.425,1,22,-82,-9,15,58,57,7,27771904,262,1,487,13499,
55.368,734.999,51.4446,7.49157,269.038,3.18057,127.412,1,22,-82,-9,15,58,57,7,27771904,262,1,487,13499,
56.275,736.642,51.4446,7.49159,269.047,0.69025,127.412,1,18,-82,-9,14,58,56,7,27771904,262,1,487,13499,
57.292,736.642,51.4446,7.49159,269.047,0,127.412,1,18,-82,-9,14,58,56,7,27771904,262,1,487,13499,
58.28,736.642,51.4446,7.49159,269.045,0,127.412,1,18,-79,-5,11,61,56,7,27771904,262,1,487,13499,
59.273,736.642,51.4446,7.49159,269.041,0,127.412,1,18,-79,-5,11,61,56,7,27771904,262,1,487,13499,
60.278,736.642,51.4446,7.49159,269.036,0,127.412,1,22,-78,-5,13,62,58,7,27771904,262,1,487,13499,
61.283,736.642,51.4446,7.49159,269.028,0,127.412,1,22,-78,-5,13,62,58,7,27771904,262,1,487,13499,
62.293,736.642,51.4446,7.49159,269.022,0,127.412,1,18,-78,-6,12,62,58,7,27771904,262,1,487,13499,
63.271,736.642,51.4446,7.49159,269.018,0,127.412,1,18,-78,-6,12,62,58,7,27771904,262,1,487,13499,
64.291,736.642,51.4446,7.49159,269.022,0,127.412,1,18,-78,-6,12,62,58,7,27771904,262,1,487,13499,
65.281,736.642,51.4446,7.49159,269.03,0,127.412,1,21,-79,-8,11,61,58,7,27771904,262,1,487,13499,
66.295,736.642,51.4446,7.49159,269.043,0,127.412,1,21,-79,-8,11,61,58,7,27771904,262,1,487,13499,
67.251,736.642,51.4446,7.49159,269.058,0,127.412,1,22,-79,-6,11,61,57,7,27771904,262,1,487,13499,
68.288,736.642,51.4446,7.49159,269.073,0,127.412,1,22,-79,-6,11,61,57,7,27771904,262,1,487,13499,
69.288,736.642,51.4446,7.49159,269.086,0,127.412,1,19,-79,-6,11,61,56,7,27771904,262,1,487,13499,
70.318,736.642,51.4446,7.49159,269.1,0,127.412,1,19,-79,-6,11,61,56,7,27771904,262,1,487,13499,
71.287,736.642,51.4446,7.49159,269.111,0,127.412,1,20,-78,-6,10,62,57,7,27771904,262,1,487,13499,
72.289,736.642,51.4446,7.49159,269.12,0,127.412,1,20,-78,-6,10,62,57,7,27771904,262,1,487,13499,
73.297,736.642,51.4446,7.49159,269.128,0,127.412,1,22,-79,-7,10,61,58,7,27771904,262,1,487,13499,
74.276,736.642,51.4446,7.49159,269.136,0,127.412,1,22,-79,-7,10,61,58,7,27771904,262,1,487,13499,
75.27,736.642,51.4446,7.49159,269.145,0,127.412,1,2,-108,-10,2,32,31,7,27771907,262,1,150,13499,
76.291,736.642,51.4446,7.49159,269.152,0,127.412,1,2,-108,-10,2,32,31,7,27771907,262,1,150,13499,
77.281,736.642,51.4446,7.49159,269.16,0,127.412,1,2,-107,-9,8,33,32,6,27771907,262,1,150,13499,
78.288,736.642,51.4446,7.49159,269.168,0,127.412,1,2,-107,-9,8,33,32,6,27771907,262,1,150,13499,
79.279,736.642,51.4446,7.49159,269.176,0,127.412,1,2,-108,-9,8,32,32,6,27771907,262,1,150,13499,
80.28,736.642,51.4446,7.49159,269.185,0,127.412,1,2,-108,-9,8,32,32,6,27771907,262,1,150,13499,
81.295,736.642,51.4446,7.49159,269.192,0,127.412,1,3,-107,-9,8,33,33,6,27771907,262,1,150,13499,
82.298,736.642,51.4446,7.49159,269.2,0,127.412,1,3,-107,-9,8,33,33,6,27771907,262,1,150,13499,
83.294,736.642,51.4446,7.49159,269.206,0,127.412,1,5,-107,-9,9,33,34,6,27771907,262,1,150,13499,
84.29,736.642,51.4446,7.49159,269.21,0,127.412,1,5,-107,-9,9,33,34,6,27771907,262,1,150,13499,
85.295,736.875,51.4446,7.49159,269.214,0,127.412,1,2,-107,-9,8,33,33,6,27771907,262,1,150,13499,
86.281,737.107,51.4446,7.49159,269.22,0,127.412,1,2,-107,-9,8,33,33,6,27771907,262,1,150,13499,
87.281,737.66,51.4446,7.4916,269.294,0,328.049,1,4,-107,-9,8,33,33,6,27771907,262,1,150,13499,
88.272,738.253,51.4446,7.4916,269.309,0,33.92,1,4,-107,-9,8,33,33,6,27771907,262,1,150,13499,
89.298,740.555,51.4446,7.49163,269.383,1.18769,127.736,1,4,-107,-9,8,33,33,6,27771907,262,1,150,13499,
90.289,745.296,51.4446,7.49169,270.162,2.69014,122.083,1,18,-104,-8,7,36,35,6,27771907,262,1,150,13499,
91.258,753.814,51.4445,7.49172,270.307,4.30565,176.574,1,18,-104,-8,7,36,35,6,27771907,262,1,150,13499,
92.298,761.388,51.4445,7.49169,270.841,5.67126,203.336,1,11,-96,-5,2,44,40,6,27771907,262,1,150,13499,
93.287,770.176,51.4444,7.49163,271.45,6.77425,215.449,1,11,-96,-5,2,44,40,6,27771907,262,1,150,13499,
94.275,779.916,51.4443,7.49154,272.446,9.49219,218.03,1,15,-95,-6,2,45,41,6,27771907,262,1,150,13499,
95.274,790.072,51.4442,7.49145,273.064,10.7751,217.562,1,15,-95,-6,2,45,41,6,27771907,262,1,150,13499,
96.283,802.221,51.4442,7.49135,273.382,11.8396,216.912,1,15,-94,-6,2,46,43,6,27771907,262,1,150,13499,
97.312,814.872,51.4441,7.49125,273.673,12.6562,215.937,1,15,-94,-6,2,46,43,6,27771907,262,1,150,13499,
98.347,827.977,51.444,7.49114,274.087,13.4104,215.269,1,24,-91,-6,2,49,46,6,27771907,262,1,150,13499,
99.284,842.272,51.4439,7.49103,273.937,14.3385,215.758,1,24,-91,-6,2,49,46,6,27771907,262,1,150,13499,
100.3,855.712,51.4438,7.49092,273.391,14.8661,216.34,1,27,-75,-5,15,65,61,5,27771907,262,1,150,13499,
101.286,871.08,51.4436,7.49079,272.856,15.1534,216.57,1,27,-75,-5,15,65,61,5,27771907,262,1,150,13499,
102.277,886.706,51.4435,7.49065,272.457,15.5365,216.318,1,31,-71,-4,15,69,63,5,27771907,262,1,150,13499,
103.286,903.286,51.4434,7.49051,272.208,15.9097,216.597,1,31,-71,-4,15,69,63,5,27771907,262,1,150,13499,
104.296,919.482,51.4433,7.49037,271.956,16.1609,216.785,1,22,-86,-6,12,54,49,5,27771907,262,1,150,13499,
105.299,935.891,51.4432,7.49023,271.747,16.4316,216.307,1,22,-86,-6,12,54,49,5,27771907,262,1,150,13499,
106.293,951.383,51.4431,7.4901,271.737,16.5743,216.392,1,20,-85,-6,14,55,51,5,27771907,262,1,150,13499,
107.289,968.591,51.4429,7.48995,271.763,16.6445,216.624,1,20,-85,-6,14,55,51,5,27771907,262,1,150,13499,
108.334,984.836,51.4428,7.48982,272.183,16.5093,215.75,1,29,-77,-5,14,63,59,5,27771907,262,1,150,13499,
109.306,1001.29,51.4427,7.48968,272.876,16.4926,216.437,1,29,-77,-5,14,63,59,5,27771907,262,1,150,13499,
110.292,1016.8,51.4426,7.48954,273.22,16.665,215.908,1,29,-77,-5,14,63,59,5,27771907,262,1,150,13499,
111.298,1033.4,51.4425,7.4894,273.448,16.5461,216.4,1,30,-74,-5,15,66,62,5,27771907,262,1,150,13499,
112.299,1049.81,51.4423,7.48926,273.654,16.4677,216.14,1,30,-74,-5,15,66,62,5,27771907,262,1,150,13499,
113.283,1065.58,51.4422,7.48912,274.204,16.5366,216.564,1,19,-71,-5,14,69,63,5,27771907,262,1,150,13499,
114.295,1081.7,51.4421,7.48897,274.967,16.6763,217.341,1,19,-71,-5,14,69,63,5,27771907,262,1,150,13499,
115.29,1099.94,51.442,7.48881,275.465,16.6328,218.877,1,21,-75,-5,14,65,61,5,27771907,262,1,150,13499,
116.296,1117.48,51.4419,7.48864,275.938,16.4925,220.856,1,21,-75,-5,14,65,61,5,27771907,262,1,150,13499,
117.281,1135.44,51.4418,7.48847,276.591,16.3041,222.815,1,24,-63,-4,15,77,63,5,27771907,262,1,150,13499,
118.287,1152.77,51.4416,7.48829,277.467,16.5622,225.359,1,24,-63,-4,15,77,63,5,27771907,262,1,150,13499,
119.297,1169.77,51.4415,7.48811,278.13,16.2371,227.298,1,29,-66,-4,15,74,63,5,27771907,262,1,150,13499,
120.279,1186.12,51.4414,7.48792,279.065,16.5602,228.726,1,29,-66,-4,15,74,63,5,27771907,262,1,150,13499,
121.292,1202.73,51.4414,7.48773,279.563,16.7283,229.66,1,24,-72,-5,14,68,63,5,27771907,262,1,150,13499,
122.295,1219.63,51.4413,7.48754,280.376,16.6797,230.455,1,24,-72,-5,14,68,63,5,27771907,262,1,150,13499,
123.288,1237.38,51.4412,7.48733,281.362,16.642,231.102,1,22,-81,-6,14,59,57,5,27771907,262,1,150,13499,
124.282,1254.53,51.4411,7.48713,281.84,16.7433,231.586,1,22,-81,-6,14,59,57,5,27771907,262,1,150,13499,
125.308,1270.46,51.441,7.48694,281.93,16.6672,232.582,1,15,-84,-7,14,56,55,5,27771907,262,1,150,13499,
126.294,1288.06,51.4409,7.48674,281.976,16.7099,232.878,1,15,-84,-7,14,56,55,5,27771907,262,1,150,13499,
127.279,1304.46,51.4408,7.48655,282.39,17.0372,232.853,1,12,-81,-6,6,59,56,1,27771908,262,1,152,13499,
128.284,1320.57,51.4407,7.48636,282.898,16.8756,233.206,1,12,-81,-6,6,59,56,1,27771908,262,1,152,13499,
129.288,1336.79,51.4406,7.48617,283.09,16.2107,233.804,1,22,-81,-7,15,59,57,1,27771908,262,1,152,13499,
130.289,1353.68,51.4406,7.48597,283.661,16.7572,233.126,1,22,-81,-7,15,59,57,1,27771908,262,1,152,13499,
131.305,1370.91,51.4405,7.48577,283.962,16.2789,232.94,1,25,-78,-6,15,62,59,1,27771908,262,1,152,13499,
132.294,1386.26,51.4404,7.48559,284.407,16.2923,232.936,1,25,-78,-6,15,62,59,1,27771908,262,1,152,13499,
133.289,1401.89,51.4403,7.48541,284.721,16.2684,232.973,1,25,-78,-6,15,62,59,1,27771908,262,1,152,13499,
134.279,1417.21,51.4402,7.48523,284.995,16.2016,233.256,1,22,-77,-5,14,63,60,1,27771908,262,1,152,13499,
135.303,1433.21,51.4401,7.48505,285.361,15.3215,232.985,1,22,-77,-5,14,63,60,1,27771908,262,1,152,13499,
136.281,1447.38,51.4401,7.48489,285.729,14.9858,232.393,1,22,-74,-6,15,66,63,1,27771908,262,1,152,13499,
137.292,1462.92,51.44,7.48471,285.769,15.1256,232.287,1,22,-74,-6,15,66,63,1,27771908,262,1,152,13499,
138.301,1478.86,51.4399,7.48452,286.138,14.9708,231.784,1,27,-70,-5,15,70,63,1,27771908,262,1,152,13499,
139.292,1497.11,51.4398,7.48432,286.703,15.8032,231.156,1,27,-70,-5,15,70,63,1,27771908,262,1,152,13499,
140.289,1514.45,51.4397,7.48412,287.108,16.5705,231.964,1,24,-68,-5,15,72,63,1,27771908,262,1,152,13499,
141.289,1531.68,51.4396,7.48391,287.388,16.6185,232.991,1,24,-68,-5,15,72,63,1,27771908,262,1,152,13499,
142.31,1547.84,51.4395,7.48372,287.804,16.1802,234.961,1,30,-71,-5,14,69,63,1,27771908,262,1,152,13499,
143.291,1564.74,51.4394,7.48352,288.42,16.7801,236.416,1,30,-71,-5,14,69,63,1,27771908,262,1,152,13499,
144.293,1582.64,51.4393,7.4833,288.864,17.0134,237.933,1,27,-73,-5,15,67,62,4,27771908,262,1,152,13499,
145.292,1600.76,51.4393,7.48307,289.052,17.4391,239.177,1,27,-73,-5,15,67,62,4,27771908,262,1,152,13499,
146.281,1617.87,51.4392,7.48285,289.496,17.5706,240.245,1,31,-76,-5,15,64,59,4,27771908,262,1,152,13499,
147.299,1637.12,51.4391,7.48261,289.842,17.8307,240.797,1,31,-76,-5,15,64,59,4,27771908,262,1,152,13499,
148.288,1655.87,51.439,7.48237,290.292,18.3684,240.144,1,25,-82,-5,15,58,54,4,27771908,262,1,152,13499,
149.296,1674.01,51.4389,7.48214,290.464,18.3124,240.785,1,25,-82,-5,15,58,54,4,27771908,262,1,152,13499,
150.288,1691.07,51.4389,7.48193,290.54,17.8284,241.204,1,25,-88,-6,15,52,48,4,27771908,262,1,152,13499,
151.3,1710.38,51.4388,7.48168,290.686,18.2299,240.791,1,25,-88,-6,15,52,48,4,27771908,262,1,152,13499,
152.302,1728.87,51.4387,7.48145,291.119,18.2938,240.804,1,25,-88,-6,15,52,48,4,27771908,262,1,152,13499,
153.293,1746.93,51.4386,7.48122,291.269,17.9104,240.337,1,25,-91,-6,13,49,47,4,27771908,262,1,152,13499,
154.288,1764.59,51.4385,7.481,291.338,17.5246,240.786,1,25,-91,-6,13,49,47,4,27771908,262,1,152,13499,
155.287,1781.79,51.4385,7.48079,290.852,17.0942,240.906,1,19,-94,-6,13,46,44,4,27771908,262,1,152,13499,
156.292,1799.09,51.4384,7.48057,290.789,16.3662,241.72,1,19,-94,-6,13,46,44,4,27771908,262,1,152,13499,
157.29,1815.91,51.4383,7.48035,290.9,16.5221,241.351,1,19,-96,-5,11,44,41,4,27771908,262,1,152,13499,
158.284,1832.02,51.4383,7.48014,290.939,16.2714,240.952,1,19,-96,-5,11,44,41,4,27771908,262,1,152,13499,
159.294,1846.4,51.4382,7.47996,290.774,16.0533,240.21,1,13,-99,-6,10,41,38,4,27771908,262,1,152,13499,
160.299,1862.51,51.4381,7.47976,290.893,15.5685,240.664,1,13,-99,-6,10,41,38,4,27771908,262,1,152,13499,
161.287,1878.55,51.4381,7.47955,290.911,15.9372,239.867,1,15,-99,-6,14,41,39,4,27771908,262,1,152,13499,
162.277,1894.17,51.438,7.47936,290.919,15.9638,240.249,1,15,-99,-6,14,41,39,4,27771908,262,1,152,13499,
163.281,1910.44,51.4379,7.47915,290.672,15.5112,241.194,1,12,-103,-6,8,37,35,4,27771908,262,1,152,13499,
164.303,1925.73,51.4379,7.47895,290.717,15.8492,241.7,1,12,-103,-6,8,37,35,4,27771908,262,1,152,13499,
165.325,1941.79,51.4378,7.47875,290.289,16.3182,241.189,1,4,-102,-9,9,38,38,4,27771908,262,1,152,13499,
166.292,1959.44,51.4377,7.47852,290.258,16.3118,240.379,1,4,-102,-9,9,38,38,4,27771908,262,1,152,13499,
167.289,1972.88,51.4377,7.47835,289.928,15.9581,239.887,1,6,-103,-8,7,37,37,4,27771908,262,1,152,13499,
168.308,1988.89,51.4376,7.47815,289.262,15.9225,240.056,1,6,-103,-8,7,37,37,4,27771908,262,1,152,13499,
169.277,2006.19,51.4375,7.47793,288.985,16.2497,239.599,1,10,-104,-7,10,36,34,4,27771908,262,1,152,13499,
170.281,2022.23,51.4375,7.47772,288.667,15.9017,240.489,1,10,-104,-7,10,36,34,4,27771908,262,1,152,13499,
171.28,2037.61,51.4374,7.47753,288.202,15.0149,240.849,1,1,-107,-11,7,33,35,4,27771908,262,1,152,13499,
172.273,2053.15,51.4373,7.47733,288.3,14.675,241.516,1,1,-107,-11,7,33,35,4,27771908,262,1,152,13499,
173.274,2068.24,51.4373,7.47714,288.445,14.3825,242.937,1,8,-106,-9,9,34,34,4,27771908,262,1,152,13499,
174.292,2082,51.4372,7.47695,288.395,13.688,245.249,1,8,-106,-9,9,34,34,4,27771908,262,1,152,13499,
175.308,2095.55,51.4372,7.47677,288.208,12.8281,248.084,1,9,-106,-8,9,34,33,4,27771908,262,1,152,13499,
176.287,2107.77,51.4372,7.47659,288.103,11.0703,268.109,1,9,-106,-8,9,34,33,4,27771908,262,1,152,13499,
177.297,2118.71,51.4372,7.47644,287.685,10.0618,271.827,1,9,-106,-8,9,34,33,4,27771908,262,1,152,13499,
178.287,2129.49,51.4372,7.4763,287.663,8.95255,297.627,1,13,-103,-7,11,37,36,4,27771908,262,1,152,13499,
179.287,2140,51.4373,7.4762,287.714,9.09275,323.602,1,13,-103,-7,11,37,36,4,27771908,262,1,152,13499,
180.291,2149.85,51.4374,7.47616,288.012,8.77037,343.719,1,18,-98,-6,11,42,39,4,27771908,262,1,152,13499,
181.288,2159.14,51.4375,7.47616,288.677,8.83845,10.7918,1,18,-98,-6,11,42,39,4,27771908,262,1,152,13499,
182.306,2168.65,51.4375,7.47623,289.313,10.0395,37.7039,1,18,-94,-5,11,46,43,4,27771908,262,1,152,13499,
183.286,2180.14,51.4376,7.47634,289.683,10.7518,41.4747,1,18,-94,-5,11,46,43,4,27771908,262,1,152,13499,
184.322,2193.4,51.4377,7.47648,289.849,11.5463,44.9693,1,30,-79,-5,15,61,59,4,27771908,262,1,152,13499,
185.297,2205.03,51.4378,7.47661,289.949,13.4969,47.9363,1,30,-79,-5,15,61,59,4,27771908,262,1,152,13499,
186.292,2218.73,51.4378,7.47676,290.047,14.6057,50.0709,1,27,-76,-4,15,64,58,4,27771908,262,1,152,13499,
187.28,2233.39,51.4379,7.47693,290.333,15.5352,51.0787,1,27,-76,-4,15,64,58,4,27771908,262,1,152,13499,
188.292,2250.74,51.438,7.47713,290.766,16.7046,51.8039,1,31,-76,-5,15,64,59,4,27771908,262,1,152,13499,
189.279,2269.18,51.4381,7.47735,291.408,17.366,52.7621,1,31,-76,-5,15,64,59,4,27771908,262,1,152,13499,
190.282,2287.46,51.4382,7.47756,291.941,17.7293,53.4454,1,28,-77,-4,15,63,57,4,27771908,262,1,152,13499,
191.288,2306.09,51.4383,7.47778,292.107,18.3274,53.4977,1,28,-77,-4,15,63,57,4,27771908,262,1,152,13499,
192.294,2324.61,51.4384,7.478,292.705,19.8176,52.6634,1,29,-78,-5,15,62,59,4,27771908,262,1,152,13499,
193.296,2343.3,51.4385,7.47822,292.751,19.9459,53.6505,1,29,-78,-5,15,62,59,4,27771908,262,1,152,13499,
194.269,2363.39,51.4386,7.47846,292.702,20.4516,54.4252,1,31,-81,-5,15,59,57,4,27771908,262,1,152,13499,
195.312,2383.09,51.4387,7.4787,292.103,21.4184,56.2877,1,31,-81,-5,15,59,57,4,27771908,262,1,152,13499,
196.294,2404.16,51.4388,7.47896,291.672,21.9757,55.829,1,24,-82,-5,14,58,56,4,27771908,262,1,152,13499,
197.288,2425.82,51.4389,7.47922,291.07,22.5123,56.8504,1,24,-82,-5,14,58,56,4,27771908,262,1,152,13499,
198.284,2448.01,51.439,7.47949,290.783,22.4712,57.1833,1,29,-86,-5,15,54,51,4,27771908,262,1,152,13499,
199.286,2470.58,51.4391,7.47976,290.422,22.1629,56.3148,1,29,-86,-5,15,54,51,4,27771908,262,1,152,13499,
200.304,2492.37,51.4392,7.48003,289.585,21.8599,54.2053,1,27,-86,-5,15,54,51,4,27771908,262,1,152,13499,
201.284,2514.04,51.4393,7.48028,289.007,21.961,54.0278,1,27,-86,-5,15,54,51,4,27771908,262,1,152,13499,
202.281,2536.08,51.4395,7.48054,288.617,22.3189,53.4161,1,27,-86,-5,15,54,51,4,27771908,262,1,152,13499,
203.31,2558.23,51.4396,7.4808,288.424,22.3666,53.3704,1,23,-87,-5,15,53,51,4,27771908,262,1,152,13499,
204.28,2581.17,51.4397,7.48107,288.113,22.5344,52.4734,1,23,-87,-5,15,53,51,4,27771908,262,1,152,13499,
205.286,2604.75,51.4398,7.48133,287.335,22.503,51.4215,1,25,-86,-6,15,54,51,4,27771908,262,1,152,13499,
206.31,2626.83,51.44,7.48158,286.68,22.6144,49.6125,1,25,-86,-6,15,54,51,4,27771908,262,1,152,13499,
207.303,2648.34,51.4401,7.48182,285.858,22.2075,48.3742,1,20,-85,-6,15,55,52,4,27771908,262,1,152,13499,
208.291,2670.69,51.4402,7.48206,284.876,21.777,47.9146,1,20,-85,-6,15,55,52,4,27771908,262,1,152,13499,
209.288,2691.82,51.4404,7.48227,284.22,22.0901,42.6863,1,21,-84,-6,15,56,52,4,27771908,262,1,152,13499,
210.309,2714.43,51.4405,7.48249,283.526,22.1574,41.9436,1,21,-84,-6,15,56,52,4,27771908,262,1,152,13499,
211.292,2736.27,51.4406,7.48271,283.026,22.2041,41.3902,1,25,-81,-5,15,59,54,4,27771908,262,1,152,13499,
212.284,2758.36,51.4408,7.48292,282.852,22.2362,40.5808,1,25,-81,-5,15,59,54,4,27771908,262,1,152,13499,
213.305,2780.79,51.4409,7.48314,282.939,22.4487,39.7513,1,21,-84,-6,15,56,53,4,27771908,262,1,152,13499,
214.271,2803.11,51.4411,7.48335,283.056,22.7977,39.0081,1,21,-84,-6,15,56,53,4,27771908,262,1,152,13499,
215.294,2824.48,51.4412,7.48354,282.923,22.7937,38.0665,1,22,-81,-5,12,59,54,4,27771908,262,1,152,13499,
216.307,2847.86,51.4414,7.48373,281.765,22.976,35.0528,1,22,-81,-5,12,59,54,4,27771908,262,1,152,13499,
217.287,2871.94,51.4416,7.48392,280.689,23.0217,32.2502,1,17,-84,-6,11,56,52,4,27771908,262,1,152,13499,
218.28,2896.06,51.4418,7.48411,279.909,23.1863,31.2608,1,17,-84,-6,11,56,52,4,27771908,262,1,152,13499,
219.272,2919.59,51.442,7.48428,279.333,22.7105,29.646,1,13,-88,-8,11,52,50,4,27771908,262,1,152,13499,
220.285,2942.14,51.4421,7.48443,278.795,22.5774,27.0907,1,13,-88,-8,11,52,50,4,27771908,262,1,152,13499,
221.313,2964.48,51.4423,7.48457,278.272,22.4463,27.004,1,11,-86,-8,6,54,52,2,27771909,262,1,151,13499,
222.283,2986.85,51.4425,7.48471,277.763,22.4798,25.8719,1,11,-86,-8,6,54,52,2,27771909,262,1,151,13499,
223.281,3009.12,51.4427,7.48485,277.261,22.4985,25.2651,1,16,-81,-6,14,59,53,2,27771909,262,1,151,13499,
224.297,3031.53,51.4429,7.48499,276.68,22.3396,24.8007,1,16,-81,-6,14,59,53,2,27771909,262,1,151,13499,
225.29,3053.71,51.4431,7.48511,275.99,22.1465,23.5531,1,16,-81,-6,14,59,53,2,27771909,262,1,151,13499,
226.276,3075.95,51.4432,7.48524,275.231,21.8449,23.7397,1,24,-76,-5,15,64,61,2,27771909,262,1,151,13499,
227.297,3096.45,51.4434,7.48536,274.471,20.5244,24.0417,1,24,-76,-5,15,64,61,2,27771909,262,1,151,13499,
228.293,3116.47,51.4436,7.48547,273.74,19.3533,23.5618,1,11,-83,-6,15,57,54,2,27771909,262,1,151,13499,
229.281,3134.04,51.4437,7.48557,273.122,18.331,23.0293,1,11,-83,-6,15,57,54,2,27771909,262,1,151,13499,
230.329,3152.43,51.4439,7.48566,272.899,18.1212,22.3949,1,30,-68,-4,15,72,63,2,27771909,262,1,151,13499,
231.277,3171.04,51.444,7.48575,272.629,17.6911,21.7711,1,30,-68,-4,15,72,63,2,27771909,262,1,151,13499,
232.305,3187.34,51.4442,7.48583,272.099,16.2494,21.3201,1,29,-66,-5,15,74,63,2,27771909,262,1,151,13499,
233.288,3202.45,51.4443,7.48591,271.512,14.1804,22.3125,1,29,-66,-5,15,74,63,2,27771909,262,1,151,13499,
234.301,3217.15,51.4444,7.486,271.166,13.0043,24.3979,1,28,-69,-5,15,71,63,2,27771909,262,1,151,13499,
235.315,3229.29,51.4445,7.48608,270.921,12.5126,28.1042,1,28,-69,-5,15,71,63,2,27771909,262,1,151,13499,
236.281,3240.09,51.4446,7.48619,270.308,11.8287,43.7793,1,30,-73,-5,15,67,62,2,27771909,262,1,151,13499,
237.287,3251.83,51.4446,7.48633,270.02,11.7572,56.3514,1,30,-73,-5,15,67,62,2,27771909,262,1,151,13499,
238.288,3264.13,51.4447,7.48649,270.09,11.8604,70.0322,1,24,-74,-5,15,66,63,2,27771909,262,1,151,13499,
239.299,3274.7,51.4447,7.48664,269.718,12.1727,82.6236,1,24,-74,-5,15,66,63,2,27771909,262,1,151,13499,
240.299,3287.14,51.4447,7.48682,269.066,12.7662,96.6411,1,28,-79,-5,15,61,57,2,27771909,262,1,151,13499,
241.281,3300.27,51.4447,7.48701,268.221,13.059,100.162,1,28,-79,-5,15,61,57,2,27771909,262,1,151,13499,
242.292,3312.95,51.4446,7.48717,267.682,12.9334,122.25,1,29,-82,-5,15,58,55,2,27771909,262,1,151,13499,
243.299,3326.07,51.4445,7.48731,267.381,12.9247,137.792,1,29,-82,-5,15,58,55,2,27771909,262,1,151,13499,
244.295,3341.29,51.4444,7.48743,266.976,13.1741,152.2,1,23,-71,-5,15,69,62,2,27771909,262,1,151,13499,
245.295,3354.77,51.4443,7.4875,266.602,13.4677,165.688,1,23,-71,-5,15,69,62,2,27771909,262,1,151,13499,
246.3,3368.29,51.4442,7.48752,266.18,13.1098,179.119,1,21,-68,-6,15,72,63,2,27771909,262,1,151,13499,
247.27,3382.09,51.4441,7.48748,265.798,13.0652,195.476,1,21,-68,-6,15,72,63,2,27771909,262,1,151,13499,
248.297,3394.43,51.444,7.48742,265.363,13.0785,199.452,1,30,-69,-6,15,71,63,2,27771909,262,1,151,13499,
249.288,3405.36,51.4439,7.48731,264.753,12.7774,224.038,1,30,-69,-6,15,71,63,2,27771909,262,1,151,13499,
250.294,3418.55,51.4438,7.48715,264.247,13.0584,237.822,1,28,-71,-6,15,69,63,2,27771909,262,1,151,13499,
251.29,3431.01,51.4438,7.48698,263.744,13.331,252.946,1,28,-71,-6,15,69,63,2,27771909,262,1,151,13499,
252.304,3443.51,51.4438,7.48681,263.564,13.7783,256.995,1,19,-82,-6,15,58,54,2,27771909,262,1,151,13499,
253.289,3458.01,51.4437,7.4866,263.572,14.577,260.665,1,19,-82,-6,15,58,54,2,27771909,262,1,151,13499,
254.294,3473.65,51.4437,7.48638,263.88,15.4094,263.126,1,19,-82,-6,15,58,54,2,27771909,262,1,151,13499,
255.27,3489.05,51.4437,7.48615,264.215,16.2928,264.629,1,22,-81,-6,15,59,56,2,27771909,262,1,151,13499,
256.305,3506.11,51.4437,7.48591,264.555,17.1316,265.551,1,22,-81,-6,15,59,56,2,27771909,262,1,151,13499,
257.281,3524.83,51.4437,7.48564,264.951,17.5477,264.753,1,27,-81,-6,15,59,55,2,27771909,262,1,151,13499,
258.295,3540.51,51.4437,7.48541,265.566,18.7253,265.28,1,27,-81,-6,15,59,55,2,27771909,262,1,151,13499,
259.271,3558.02,51.4437,7.48516,265.689,18.5671,267.457,1,40,-80,-5,15,60,53,2,27771909,262,1,151,13499,
260.286,3577.54,51.4437,7.48488,265.248,19.0005,268.88,1,40,-80,-5,15,60,53,2,27771909,262,1,151,13499,
261.288,3597.7,51.4437,7.48459,264.863,19.7256,268.981,1,27,-79,-5,15,61,57,2,27771909,262,1,151,13499,
262.298,3618.69,51.4437,7.48428,265.09,19.9136,268.828,1,27,-79,-5,15,61,57,2,27771909,262,1,151,13499,
263.278,3639.71,51.4437,7.48398,265.569,20.232,268.711,1,31,-69,-6,15,71,63,2,27771909,262,1,151,13499,
264.309,3659.8,51.4437,7.48369,265.83,20.6931,268.148,1,31,-69,-6,15,71,63,2,27771909,262,1,151,13499,
265.289,3679.87,51.4437,7.4834,265.718,21.2452,268.016,1,32,-67,-4,15,73,63,2,27771909,262,1,151,13499,
266.305,3701.33,51.4437,7.48309,265.619,21.8134,267.974,1,32,-67,-4,15,73,63,2,27771909,262,1,151,13499,
267.293,3722.95,51.4437,7.48278,265.303,22.3477,267.37,1,19,-76,-5,15,64,60,2,27771909,262,1,151,13499,
268.281,3745.32,51.4437,7.48245,264.866,22.7649,266.678,1,19,-76,-5,15,64,60,2,27771909,262,1,151,13499,
269.289,3768.25,51.4437,7.48212,264.461,23.0999,266.507,1,26,-77,-4,12,63,58,2,27771909,262,1,151,13499,
270.296,3791.45,51.4437,7.48179,263.97,23.3993,266.226,1,26,-77,-4,12,63,58,2,27771909,262,1,151,13499,
271.288,3815.06,51.4436,7.48145,263.45,23.7744,266.149,1,21,-86,-5,11,54,51,2,27771909,262,1,151,13499,
272.282,3838.97,51.4436,7.4811,262.912,24.1465,265.902,1,21,-86,-5,11,54,51,2,27771909,262,1,151,13499,
273.294,3863.15,51.4436,7.48076,262.53,24.5994,265.42,1,12,-88,-5,11,52,48,2,27771909,262,1,151,13499,
274.293,3887.52,51.4436,7.48041,262.259,24.9047,264.616,1,12,-88,-5,11,52,48,2,27771909,262,1,151,13499,
275.291,3913.12,51.4436,7.48004,262.242,25.5355,263.247,1,9,-88,-5,11,52,47,2,27771909,262,1,151,13499,
276.282,3938.72,51.4435,7.47967,262.137,26.0345,262.512,1,9,-88,-5,11,52,47,2,27771909,262,1,151,13499,
277.291,3965.11,51.4435,7.47929,261.982,26.5687,262.535,1,10,-89,-6,11,51,49,2,27771909,262,1,151,13499,
278.293,3991.9,51.4435,7.47891,261.885,26.6672,262.91,1,10,-89,-6,11,51,49,2,27771909,262,1,151,13499,
279.28,4018.45,51.4434,7.47853,261.786,26.5308,262.605,1,10,-89,-6,11,51,49,2,27771909,262,1,151,13499,
280.278,4044.89,51.4434,7.47815,261.647,26.4999,262.713,1,11,-86,-5,11,54,49,2,27771909,262,1,151,13499,
281.278,4071.33,51.4434,7.47777,261.455,26.6113,262.655,1,11,-86,-5,11,54,49,2,27771909,262,1,151,13499,
282.281,4097.87,51.4434,7.47739,261.203,26.5754,262.346,1,11,-90,-6,14,50,47,2,27771909,262,1,151,13499,
283.282,4124.24,51.4433,7.47702,260.904,26.3882,262.044,1,11,-90,-6,14,50,47,2,27771909,262,1,151,13499,
284.298,4150.42,51.4433,7.47664,260.575,26.335,261.724,1,11,-93,-7,10,47,45,2,27771909,262,1,151,13499,
285.306,4176.67,51.4433,7.47627,260.186,26.3812,261.385,1,11,-93,-7,10,47,45,2,27771909,262,1,151,13499,
286.279,4202.87,51.4432,7.47589,259.726,26.3451,261.07,1,5,-90,-6,12,50,45,2,27771909,262,1,151,13499,
287.298,4229.01,51.4432,7.47552,259.197,26.2056,259.851,1,5,-90,-6,12,50,45,2,27771909,262,1,151,13499,
288.294,4255.12,51.4431,7.47515,258.595,26.1428,258.694,1,10,-90,-7,11,50,47,2,27771909,262,1,151,13499,
289.295,4281.18,51.4431,7.47478,257.975,26.315,258.015,1,10,-90,-7,11,50,47,2,27771909,262,1,151,13499,
290.28,4308.32,51.443,7.4744,257.039,26.4908,258.125,1,4,-102,-8,8,38,38,2,27771909,262,1,151,13499,
291.294,4334.8,51.443,7.47402,256.03,26.5143,258.571,1,4,-102,-8,8,38,38,2,27771909,262,1,151,13499,
292.29,4360.32,51.4429,7.47366,255.271,26.5604,258.682,1,2,-106,-10,6,34,35,2,27771909,262,1,151,13499,
293.27,4386.21,51.4429,7.47329,254.487,26.6236,258.853,1,2,-106,-10,6,34,35,2,27771909,262,1,151,13499,
294.277,4412.54,51.4429,7.47292,253.653,26.6365,258.796,1,-1,-110,-12,6,30,33,2,27771909,262,1,151,13499,
295.298,4439.03,51.4428,7.47255,252.766,26.7397,258.774,1,-1,-110,-12,6,30,33,2,27771909,262,1,151,13499,
296.282,4465.57,51.4428,7.47217,251.884,26.7462,258.641,1,-1,-113,-12,6,27,30,2,27771909,262,1,151,13499,
297.272,4492.15,51.4427,7.47179,250.971,26.8229,258.834,1,-1,-113,-12,6,27,30,2,27771909,262,1,151,13499,
298.293,4519.13,51.4427,7.47141,250.093,27.0615,258.932,1,-1,-114,-12,6,26,29,2,27771909,262,1,151,13499,
299.292,4546.08,51.4426,7.47103,249.217,27.0908,258.751,1,-1,-114,-12,6,26,29,2,27771909,262,1,151,13499,
300.281,4573.26,51.4426,7.47064,248.475,27.2582,258.456,1,-2,-111,-10,6,29,30,31,31281409,262,1,232,13499,
301.3,4600.49,51.4425,7.47026,247.875,27.236,258.216,1,-2,-111,-10,6,29,30,31,31281409,262,1,232,13499,
302.288,4628.18,51.4425,7.46987,246.872,27.132,258.376,1,4,-109,-10,7,31,31,31,31281409,262,1,232,13499,
303.29,4654.42,51.4424,7.4695,246.115,26.8692,257.868,1,4,-109,-10,7,31,31,31,31281409,262,1,232,13499,
304.3,4681.51,51.4424,7.46911,245.076,26.7601,257.989,1,5,-110,-10,8,30,31,31,31281409,262,1,232,13499,
305.28,4708.23,51.4423,7.46873,243.975,26.8521,258.025,1,5,-110,-10,8,30,31,31,31281409,262,1,232,13499,
306.277,4734.59,51.4423,7.46836,243.299,27.1453,258.198,1,5,-110,-10,8,30,31,31,31281409,262,1,232,13499,
307.28,4761.43,51.4422,7.46798,242.874,27.318,258.408,1,6,-106,-8,9,34,33,31,31281409,262,1,232,13499,
308.277,4788.66,51.4422,7.4676,242.528,27.1696,258.664,1,6,-106,-8,9,34,33,31,31281409,262,1,232,13499,
309.292,4815.44,51.4421,7.46722,242.238,26.834,258.863,1,6,-106,-8,10,34,33,31,31281409,262,1,232,13499,
310.289,4842.18,51.4421,7.46684,241.776,26.6377,259.428,1,6,-106,-8,10,34,33,31,31281409,262,1,232,13499,
311.275,4868.6,51.4421,7.46646,241.257,26.7843,260.002,1,10,-102,-8,11,38,38,31,31281409,262,1,232,13499,
312.278,4895.18,51.442,7.46608,240.697,26.9887,260.435,1,10,-102,-8,11,38,38,31,31281409,262,1,232,13499,
313.288,4922.85,51.442,7.46569,239.682,26.9806,260.474,1,13,-98,-9,13,42,42,31,31281409,262,1,232,13499,
314.289,4949.35,51.4419,7.46531,239.018,27.1262,260.974,1,13,-98,-9,13,42,42,31,31281409,262,1,232,13499,
315.294,4976.55,51.4419,7.46492,238.436,27.3397,261.406,1,12,-98,-6,2,42,39,31,31281409,262,1,232,13499,
316.294,5003.57,51.4419,7.46454,237.974,27.4462,261.747,1,12,-98,-6,2,42,39,31,31281409,262,1,232,13499,
317.282,5030.92,51.4418,7.46415,237.613,27.606,262.306,1,13,-100,-7,2,40,37,31,31281409,262,1,232,13499,
318.31,5058.47,51.4418,7.46375,237.332,27.743,262.551,1,13,-100,-7,2,40,37,31,31281409,262,1,232,13499,
319.352,5086.15,51.4418,7.46336,237.054,27.9109,263.21,1,15,-100,-7,2,40,39,31,31281409,262,1,232,13499,
320.299,5114.08,51.4417,7.46295,236.732,28.0742,263.725,1,15,-100,-7,2,40,39,31,31281409,262,1,232,13499,
321.293,5141.95,51.4417,7.46255,236.467,28.1176,263.808,1,9,-104,-8,8,36,35,24,31281409,262,1,232,13499,
322.301,5169.74,51.4417,7.46216,236.234,27.7929,264.08,1,9,-104,-8,8,36,35,24,31281409,262,1,232,13499,
323.289,5196.81,51.4417,7.46177,236.009,27.3038,264.677,1,8,-101,-9,10,39,39,24,31281409,262,1,232,13499,
324.303,5224.32,51.4416,7.46137,235.872,26.8811,265.629,1,8,-101,-9,10,39,39,24,31281409,262,1,232,13499,
325.295,5251.43,51.4416,7.46098,235.21,26.651,265.96,1,8,-100,-7,8,40,37,24,31281409,262,1,232,13499,
326.277,5277.47,51.4416,7.4606,234.829,26.473,266.612,1,8,-100,-7,8,40,37,24,31281409,262,1,232,13499,
327.291,5303.45,51.4416,7.46023,234.534,26.4034,266.868,1,5,-103,-8,9,37,36,24,31281409,262,1,232,13499,
328.299,5329.4,51.4416,7.45986,234.321,25.9966,267.065,1,5,-103,-8,9,37,36,24,31281409,262,1,232,13499,
329.292,5355.05,51.4416,7.45949,234.129,25.4758,268,1,5,-103,-8,9,37,36,24,31281409,262,1,232,13499,
330.287,5380.16,51.4416,7.45912,233.873,25.0616,268.517,1,3,-106,-10,8,34,36,24,31281409,262,1,232,13499,
331.27,5404.91,51.4416,7.45877,233.62,24.823,268.871,1,3,-106,-10,8,34,36,24,31281409,262,1,232,13499,
332.285,5429.68,51.4416,7.45841,233.482,24.7828,269.196,1,3,-103,-9,6,37,37,24,31281409,262,1,232,13499,
333.293,5454.53,51.4416,7.45805,233.366,24.874,269.424,1,3,-103,-9,6,37,37,24,31281409,262,1,232,13499,
334.28,5479.53,51.4416,7.45769,233.324,25.058,269.498,1,1,-103,-11,8,37,39,24,31281409,262,1,232,13499,
335.301,5504.79,51.4416,7.45732,233.304,25.304,269.84,1,1,-103,-11,8,37,39,24,31281409,262,1,232,13499,
336.283,5529.92,51.4416,7.45696,233.269,25.6082,270.355,1,4,-100,-8,10,40,39,25,27771908,262,1,152,13499,
337.294,5555.54,51.4416,7.45659,233.191,25.6627,270.333,1,4,-100,-8,10,40,39,25,27771908,262,1,152,13499,
338.29,5581.04,51.4416,7.45622,233.118,25.3707,270.213,1,26,-95,-6,14,45,43,25,27771908,262,1,152,13499,
339.296,5606.07,51.4416,7.45586,233.018,24.885,270.709,1,26,-95,-6,14,45,43,25,27771908,262,1,152,13499,
340.284,5630.48,51.4416,7.45551,232.849,24.5344,270.761,1,10,-92,-6,11,48,45,25,27771908,262,1,152,13499,
341.288,5654.83,51.4416,7.45516,232.792,24.2494,271.783,1,10,-92,-6,11,48,45,25,27771908,262,1,152,13499,
342.294,5678.95,51.4416,7.45481,232.772,24.3111,272.049,1,2,-92,-6,6,48,44,16,33527552,262,1,433,13499,
343.288,5703.28,51.4416,7.45446,232.765,24.4448,272.314,1,2,-92,-6,6,48,44,16,33527552,262,1,433,13499,
344.294,5727.61,51.4416,7.45411,232.755,24.6502,272.677,1,12,-88,-5,14,52,48,16,33527552,262,1,433,13499,
345.294,5752.28,51.4416,7.45375,232.578,25.1993,274.103,1,12,-88,-5,14,52,48,16,33527552,262,1,433,13499,
346.33,5777.73,51.4417,7.45339,232.421,25.6025,274.37,1,34,-80,-5,15,60,55,16,33527552,262,1,433,13499,
347.287,5803.47,51.4417,7.45302,232.303,25.6531,274.349,1,34,-80,-5,15,60,55,16,33527552,262,1,433,13499,
348.288,5829.21,51.4417,7.45265,232.262,25.5997,275.534,1,21,-78,-5,15,62,58,16,33527552,262,1,433,13499,
349.305,5854.67,51.4417,7.45228,232.279,25.2899,275.984,1,21,-78,-5,15,62,58,16,33527552,262,1,433,13499,
350.297,5879.79,51.4417,7.45192,232.263,25.2188,276.022,1,21,-78,-5,15,62,58,16,33527552,262,1,433,13499,
351.288,5905.12,51.4418,7.45156,232.329,25.3662,276.647,1,27,-79,-4,15,61,56,16,33527552,262,1,433,13499,
352.281,5930.7,51.4418,7.45119,232.502,25.6294,277.253,1,27,-79,-4,15,61,56,16,33527552,262,1,433,13499,
353.327,5956.12,51.4418,7.45083,232.529,25.7035,277.349,1,25,-79,-4,15,61,58,16,33527552,262,1,433,13499,
354.288,5981.2,51.4419,7.45047,232.327,25.2713,277.442,1,25,-79,-4,15,61,58,16,33527552,262,1,433,13499,
355.296,6006.05,51.4419,7.45011,231.962,24.9915,277.892,1,28,-77,-4,15,63,59,16,33527552,262,1,433,13499,
356.283,6031.15,51.4419,7.44975,231.714,25.0239,278.023,1,28,-77,-4,15,63,59,16,33527552,262,1,433,13499,
357.311,6056.26,51.442,7.44939,231.349,25.1239,278.172,1,30,-77,-4,15,63,60,16,33527552,262,1,433,13499,
358.295,6081.28,51.442,7.44904,231.007,25.3331,278.131,1,30,-77,-4,15,63,60,16,33527552,262,1,433,13499,
359.278,6106.67,51.442,7.44867,230.589,25.0068,278.839,1,33,-78,-4,15,62,59,16,33527552,262,1,433,13499,
360.287,6131.37,51.4421,7.44832,230.17,24.6462,279.812,1,33,-78,-4,15,62,59,16,33527552,262,1,433,13499,
361.293,6155.74,51.4421,7.44798,229.677,24.6185,279.907,1,31,-79,-5,15,61,59,16,33527552,262,1,433,13499,
362.275,6180.1,51.4421,7.44763,229.227,24.5823,280.527,1,31,-79,-5,15,61,59,16,33527552,262,1,433,13499,
363.298,6204.65,51.4422,7.44728,228.823,24.7341,281.142,1,25,-78,-5,15,62,59,16,33527552,262,1,433,13499,
364.294,6229.36,51.4422,7.44693,228.39,24.8168,281.639,1,25,-78,-5,15,62,59,16,33527552,262,1,433,13499,
365.292,6253.72,51.4423,7.44659,228.294,24.5356,281.795,1,28,-75,-5,15,65,63,16,33527552,262,1,433,13499,
366.297,6278.6,51.4423,7.44624,228.227,24.553,281.952,1,28,-75,-5,15,65,63,16,33527552,262,1,433,13499,
367.273,6302.17,51.4424,7.44591,227.862,24.707,282.41,1,29,-72,-5,15,68,63,16,33527552,262,1,433,13499,
368.283,6326.88,51.4424,7.44556,227.543,24.9984,282.4,1,29,-72,-5,15,68,63,16,33527552,262,1,433,13499,
369.292,6351.9,51.4425,7.44521,227.658,25.2824,282.906,1,32,-68,-5,15,72,63,16,33527552,262,1,433,13499,
370.314,6377.25,51.4425,7.44485,227.936,25.3736,283.014,1,32,-68,-5,15,72,63,16,33527552,262,1,433,13499,
371.292,6403.02,51.4426,7.44449,228.185,25.338,282.834,1,32,-68,-5,15,72,63,16,33527552,262,1,433,13499,
372.298,6428.49,51.4426,7.44413,228.513,24.986,282.918,1,31,-67,-5,15,73,63,16,33527552,262,1,433,13499,
373.275,6454.16,51.4427,7.44377,228.97,24.9574,283.778,1,31,-67,-5,15,73,63,16,33527552,262,1,433,13499,
374.322,6479.43,51.4427,7.44342,229.384,24.9958,284.415,1,32,-66,-5,13,74,63,16,33527552,262,1,433,13499,
375.278,6504.03,51.4428,7.44308,229.636,24.9177,284.615,1,32,-66,-5,13,74,63,16,33527552,262,1,433,13499,
376.305,6528.75,51.4429,7.44273,229.794,25.2788,285.341,1,29,-70,-4,15,70,63,16,33527552,262,1,433,13499,
377.27,6554.08,51.4429,7.44238,230.042,25.6376,286.157,1,29,-70,-4,15,70,63,16,33527552,262,1,433,13499,
378.288,6579.24,51.443,7.44204,229.974,25.7263,286.035,1,31,-69,-5,15,71,63,16,33527552,262,1,433,13499,
379.31,6605.36,51.4431,7.44168,229.991,25.9182,286.683,1,31,-69,-5,15,71,63,16,33527552,262,1,433,13499,
380.288,6631.33,51.4431,7.44132,230.11,25.7572,287.207,1,31,-67,-6,15,73,63,16,33527552,262,1,433,13499,
381.3,6656.67,51.4432,7.44097,229.984,25.6504,287.644,1,31,-67,-6,15,73,63,16,33527552,262,1,433,13499,
382.281,6681.83,51.4433,7.44062,229.655,25.5715,287.65,1,27,-74,-5,15,66,63,16,33527552,262,1,433,13499,
383.291,6706.87,51.4433,7.44028,229.157,25.5082,287.806,1,27,-74,-5,15,66,63,16,33527552,262,1,433,13499,
384.274,6731.97,51.4434,7.43993,228.544,25.6841,288.071,1,24,-81,-6,12,59,56,16,33527552,262,1,433,13499,
385.287,6757.61,51.4435,7.43958,227.868,25.9086,288.824,1,24,-81,-6,12,59,56,16,33527552,262,1,433,13499,
386.294,6783.18,51.4436,7.43924,227.047,26.224,289.083,1,25,-76,-4,12,64,59,16,33527552,262,1,433,13499,
387.304,6809.4,51.4436,7.43888,226.139,26.6539,289.418,1,25,-76,-4,12,64,59,16,33527552,262,1,433,13499,
388.292,6835.99,51.4437,7.43852,225.194,26.9467,289.704,1,25,-71,-4,15,69,63,16,33527552,262,1,433,13499,
389.311,6862.93,51.4438,7.43815,224.279,26.9597,289.802,1,25,-71,-4,15,69,63,16,33527552,262,1,433,13499,
390.282,6889.84,51.4439,7.43779,223.402,26.928,290.401,1,24,-77,-6,15,63,60,16,33527552,262,1,433,13499,
391.298,6916.78,51.444,7.43743,222.581,27.0653,290.706,1,24,-77,-6,15,63,60,16,33527552,262,1,433,13499,
392.295,6944.07,51.4441,7.43706,221.806,27.2561,290.793,1,24,-77,-6,15,63,60,16,33527552,262,1,433,13499,
393.299,6971.24,51.4442,7.43669,221.033,27.2393,291.694,1,3,-79,-6,6,61,58,0,33527554,262,1,434,13499,
394.325,6999.51,51.4443,7.43632,220.061,27.0363,292.495,1,3,-79,-6,6,61,58,0,33527554,262,1,434,13499,
395.282,7027.09,51.4444,7.43595,219.034,27.1203,292.464,1,22,-83,-6,15,57,54,0,33527554,262,1,434,13499,
396.281,7053.16,51.4444,7.43561,218.526,27.2802,293.191,1,22,-83,-6,15,57,54,0,33527554,262,1,434,13499,
397.315,7079.73,51.4445,7.43525,218.211,27.0852,293.89,1,15,-89,-6,11,51,48,0,33527554,262,1,434,13499,
398.274,7107.15,51.4446,7.43489,217.787,26.8895,294.424,1,15,-89,-6,11,51,48,0,33527554,262,1,434,13499,
399.273,7133.43,51.4447,7.43454,217.287,26.5483,295.086,1,13,-85,-6,11,55,52,0,33527554,262,1,434,13499,
400.288,7160.6,51.4448,7.43419,216.665,26.5473,295.74,1,13,-85,-6,11,55,52,0,33527554,262,1,434,13499,
401.299,7185.96,51.4449,7.43386,215.663,26.1687,297.153,1,12,-84,-6,12,56,53,0,33527554,262,1,434,13499,
402.289,7211.57,51.445,7.43353,214.409,26.2764,298.101,1,12,-84,-6,12,56,53,0,33527554,262,1,434,13499,
403.301,7237.56,51.4452,7.4332,213.055,26.9996,298.333,1,19,-83,-5,12,57,52,0,33527554,262,1,434,13499,
404.28,7263.53,51.4453,7.43288,211.486,26.9488,298.911,1,19,-83,-5,12,57,52,0,33527554,262,1,434,13499,
405.29,7290.46,51.4454,7.43254,209.873,26.9622,300.201,1,15,-84,-6,11,56,49,0,33527554,262,1,434,13499,
406.271,7317.85,51.4455,7.43221,208.463,27.0619,301.803,1,15,-84,-6,11,56,49,0,33527554,262,1,434,13499,
407.272,7344.72,51.4457,7.43188,207.082,26.8494,302.57,1,20,-84,-6,2,56,54,0,33527554,262,1,434,13499,
408.282,7371.39,51.4458,7.43156,205.718,26.5259,303.647,1,20,-84,-6,2,56,54,0,33527554,262,1,434,13499,
409.348,7397.45,51.4459,7.43126,204.518,26.525,305.385,1,24,-83,-5,2,57,55,0,33527554,262,1,434,13499,
410.281,7423.84,51.4461,7.43095,203.19,26.1725,306.585,1,24,-83,-5,2,57,55,0,33527554,262,1,434,13499,
411.287,7450.09,51.4462,7.43065,202.013,26.2671,307.295,1,31,-78,-5,15,62,59,6,33527554,262,1,434,13499,
412.301,7476.45,51.4464,7.43036,200.954,26.2447,308.297,1,31,-78,-5,15,62,59,6,33527554,262,1,434,13499,
413.287,7502.82,51.4465,7.43006,199.92,26.6237,309.08,1,31,-76,-5,15,64,60,6,33527554,262,1,434,13499,
414.297,7530.11,51.4467,7.42976,199.03,27.021,310.611,1,31,-76,-5,15,64,60,6,33527554,262,1,434,13499,
415.304,7557.22,51.4468,7.42948,198.175,27.2687,312.138,1,39,-76,-5,15,64,59,6,33527554,262,1,434,13499,
416.284,7584.22,51.447,7.42919,197.247,27.3238,313.09,1,39,-76,-5,15,64,59,6,33527554,262,1,434,13499,
417.296,7611.83,51.4472,7.4289,196.356,27.4272,314.072,1,37,-82,-5,14,58,55,6,33527554,262,1,434,13499,
418.289,7638.73,51.4474,7.42863,195.254,27.4395,315.002,1,37,-82,-5,14,58,55,6,33527554,262,1,434,13499,
419.297,7666.05,51.4475,7.42836,194.062,27.3054,316.498,1,37,-82,-5,14,58,55,6,33527554,262,1,434,13499,
420.279,7693.23,51.4477,7.4281,192.808,27.1153,317.911,1,15,-84,-5,6,56,52,56,27771140,262,1,289,13499,
421.304,7719.97,51.4479,7.42784,191.6,26.9145,318.347,1,15,-84,-5,6,56,52,56,27771140,262,1,289,13499,
422.278,7746.69,51.4481,7.42759,190.368,26.8524,319.209,1,12,-87,-6,12,53,48,56,27771140,262,1,289,13499,
423.294,7773.24,51.4483,7.42735,189.172,26.6327,320.988,1,12,-87,-6,12,53,48,56,27771140,262,1,289,13499,
424.302,7799.96,51.4485,7.42712,188.004,26.4882,322.353,1,13,-89,-6,10,51,49,56,27771140,262,1,289,13499,
425.288,7826.52,51.4486,7.42689,186.888,26.3571,323.495,1,13,-89,-6,10,51,49,56,27771140,262,1,289,13499,
426.29,7852.57,51.4488,7.42667,185.699,26.3649,324.597,1,18,-86,-5,13,54,49,56,27771140,262,1,289,13499,
427.297,7878.94,51.449,7.42645,184.112,26.5788,325.579,1,18,-86,-5,13,54,49,56,27771140,262,1,289,13499,
428.311,7905.17,51.4492,7.42624,182.427,26.4672,326.929,1,25,-93,-5,9,47,44,56,27771140,262,1,289,13499,
429.276,7931.21,51.4494,7.42604,180.769,26.2026,327.969,1,25,-93,-5,9,47,44,56,27771140,262,1,289,13499,
430.295,7957.21,51.4496,7.42585,179.478,26.1691,329.071,1,13,-95,-6,14,45,41,13,33527554,262,1,434,13499,
431.296,7957.21,51.4483,7.43127,nan,26.3421,330.366,1,13,-95,-6,14,45,41,13,33527554,262,1,434,13499,
432.276,7957.21,51.45,7.42546,176.826,26.8728,331.207,1,13,-95,-6,14,45,41,13,33527554,262,1,434,13499,
433.295,7985.33,51.4503,7.42527,176.361,27.5692,333.016,1,13,-95,-6,14,45,41,13,33527554,262,1,434,13499,
434.295,8013.15,51.4505,7.42509,176.266,27.0703,333.637,1,11,-96,-7,9,44,41,13,33527554,262,1,434,13499,
435.294,8038.57,51.4507,7.42494,175.692,26.8404,335.161,1,11,-96,-7,9,44,41,13,33527554,262,1,434,13499,
436.303,8063.01,51.4509,7.4248,174.797,26.2489,336.273,1,6,-96,-8,6,44,43,50,27771140,262,1,289,13499,
437.304,8088.76,51.4511,7.42465,173.641,26.5106,337.063,1,6,-96,-8,6,44,43,50,27771140,262,1,289,13499,
438.297,8115.11,51.4513,7.4245,172.372,26.8582,337.694,1,4,-101,-12,7,39,41,50,27771140,262,1,289,13499,
439.281,8142.22,51.4516,7.42436,171.138,27.4022,338.994,1,4,-101,-12,7,39,41,50,27771140,262,1,289,13499,
440.28,8170.99,51.4518,7.42422,169.926,27.8327,339.919,1,-5,-98,-8,2,42,41,46,28365057,262,1,224,13499,
441.266,8199.38,51.452,7.42409,168.426,28.1543,340.881,1,-5,-98,-8,2,42,41,46,28365057,262,1,224,13499,
442.309,8228.57,51.4523,7.42396,167.273,28.0399,341.632,1,-5,-98,-8,2,42,41,46,28365057,262,1,224,13499,
443.288,8257.8,51.4526,7.42384,165.877,27.9546,342.366,1,2,-95,-7,8,45,43,46,28365057,262,1,224,13499,
444.283,8284.9,51.4528,7.42372,164.566,27.5896,342.799,1,2,-95,-7,8,45,43,46,28365057,262,1,224,13499,
445.289,8311.28,51.453,7.42361,163.524,27.3967,343.179,1,10,-94,-8,6,46,45,47,27771140,262,1,125,13499,
446.295,8337.36,51.4532,7.4235,162.57,26.9409,343.397,1,10,-94,-8,6,46,45,47,27771140,262,1,125,13499,
447.281,8363.52,51.4535,7.42339,161.624,26.6489,343.776,1,7,-90,-7,11,50,48,47,27771140,262,1,289,13499,
448.295,8389.37,51.4537,7.42329,160.76,26.492,343.891,1,7,-90,-7,11,50,48,47,27771140,262,1,289,13499,
449.282,8415.66,51.4539,7.42318,160.003,26.6904,343.813,1,3,-94,-9,9,46,45,47,27771140,262,1,289,13499,
450.293,8442.33,51.4541,7.42307,159.368,27.2591,343.872,1,3,-94,-9,9,46,45,47,27771140,262,1,289,13499,
451.285,8469.94,51.4544,7.42296,158.832,27.8723,343.874,1,0,-91,-7,6,49,48,16,27770883,262,1,125,13499,
452.311,8497.71,51.4546,7.42285,158.309,27.9493,343.722,1,0,-91,-7,6,49,48,16,27770883,262,1,125,13499,
453.296,8525.33,51.4549,7.42273,157.833,27.6899,343.554,1,10,-93,-9,11,47,48,16,27770883,262,1,125,13499,
454.292,8552.57,51.4551,7.42262,157.331,27.1403,343.028,1,10,-93,-9,11,47,48,16,27770883,262,1,125,13499,
455.278,8580.16,51.4553,7.42251,156.792,27.0432,342.752,1,8,-90,-8,7,50,50,16,27770883,262,1,125,13499,
456.294,8606.78,51.4556,7.42239,156.188,26.6963,342.223,1,8,-90,-8,7,50,50,16,27770883,262,1,125,13499,
457.282,8633.62,51.4558,7.42228,155.676,26.5069,341.632,1,10,-89,-6,7,51,49,16,27770883,262,1,125,13499,
458.298,8661.34,51.456,7.42215,154.986,26.5845,340.883,1,10,-89,-6,7,51,49,16,27770883,262,1,125,13499,
459.32,8689.44,51.4563,7.42202,154.275,26.4223,339.689,1,3,-91,-9,6,49,48,16,27770883,262,1,125,13499,
460.293,8716.52,51.4565,7.42189,153.468,26.2135,339.151,1,3,-91,-9,6,49,48,16,27770883,262,1,125,13499,
461.296,8742.63,51.4567,7.42176,152.775,25.6396,338.564,1,3,-91,-9,6,49,48,16,27770883,262,1,125,13499,
462.293,8767.59,51.4569,7.42163,152.043,25.2533,338.002,1,7,-91,-8,7,49,49,16,27770883,262,1,125,13499,
463.293,8791.64,51.4571,7.42149,151.417,24.748,337.104,1,7,-91,-8,7,49,49,16,27770883,262,1,125,13499,
464.29,8815.65,51.4573,7.42136,150.981,24.3987,336.835,1,14,-89,-7,9,51,50,16,27770883,262,1,125,13499,
465.272,8839.16,51.4575,7.42122,150.461,23.9631,335.883,1,14,-89,-7,9,51,50,16,27770883,262,1,125,13499,
466.303,8863.13,51.4577,7.42108,150.001,23.844,335.215,1,11,-87,-5,9,53,51,16,27770883,262,1,125,13499,
467.295,8886.25,51.4579,7.42094,149.674,23.449,334.634,1,11,-87,-5,9,53,51,16,27770883,262,1,125,13499,
468.281,8909.49,51.4581,7.42079,149.205,23.2399,333.755,1,11,-88,-5,2,52,49,16,27770883,262,1,125,13499,
469.302,8932.61,51.4583,7.42064,148.743,23.3075,333.104,1,11,-88,-5,2,52,49,16,27770883,262,1,125,13499,
470.278,8955.66,51.4585,7.42049,148.38,23.482,332.574,1,16,-84,-6,2,56,53,16,27770883,262,1,125,13499,
471.315,8979.06,51.4586,7.42033,148.118,24.0559,331.812,1,16,-84,-6,2,56,53,16,27770883,262,1,125,13499,
472.296,9003.18,51.4588,7.42017,148.001,24.4228,331.185,1,13,-85,-6,2,55,53,16,27770883,262,1,125,13499,
473.281,9028.24,51.459,7.41999,148.015,25.0344,330.158,1,13,-85,-6,2,55,53,16,27770883,262,1,125,13499,
474.295,9053.62,51.4592,7.41981,148.061,25.287,329.802,1,22,-85,-6,2,55,53,16,27770883,262,1,125,13499,
475.302,9079.17,51.4594,7.41962,147.953,25.2549,329.167,1,22,-85,-6,2,55,53,16,27770883,262,1,125,13499,
476.273,9104.68,51.4596,7.41943,147.761,25.414,328.459,1,21,-80,-6,2,60,57,16,27770883,262,1,125,13499,
477.286,9130.56,51.4598,7.41924,147.375,25.5418,327.534,1,21,-80,-6,2,60,57,16,27770883,262,1,125,13499,
478.299,9156.12,51.46,7.41903,146.879,25.4589,326.849,1,21,-78,-6,2,62,59,16,27770883,262,1,125,13499,
479.294,9181.54,51.4602,7.41883,146.343,25.5611,326.146,1,21,-78,-6,2,62,59,16,27770883,262,1,125,13499,
480.28,9207.08,51.4604,7.41862,145.725,25.8846,325.441,1,14,-79,-6,2,61,59,16,27770883,262,1,125,13499,
481.29,9233.02,51.4606,7.41841,145.29,26.2812,324.245,1,14,-79,-6,2,61,59,16,27770883,262,1,125,13499,
482.288,9259.28,51.4608,7.41818,144.957,26.2945,323.97,1,25,-79,-6,2,61,59,16,27770883,262,1,125,13499,
483.352,9284.82,51.461,7.41797,144.825,25.9494,323.45,1,25,-79,-6,2,61,59,16,27770883,262,1,125,13499,
484.269,9310.45,51.4612,7.41774,145.051,25.936,322.749,1,40,-71,-4,14,69,63,7,27770883,262,1,125,13499,
485.305,9336.71,51.4613,7.41751,145.097,26.095,322.131,1,40,-71,-4,14,69,63,7,27770883,262,1,125,13499,
486.295,9363.08,51.4615,7.41727,145.293,26.4739,320.832,1,40,-71,-4,14,69,63,7,27770883,262,1,125,13499,
487.289,9389.54,51.4617,7.41703,145.708,26.8193,320.206,1,26,-75,-5,15,65,62,7,27770883,262,1,125,13499,
488.291,9416.46,51.4619,7.41678,146.14,27.1612,319.5,1,26,-75,-5,15,65,62,7,27770883,262,1,125,13499,
489.29,9444.18,51.4621,7.41652,146.602,27.4387,318.549,1,15,-77,-5,11,63,60,7,27770883,262,1,125,13499,
490.3,9471.58,51.4623,7.41626,146.967,27.3798,317.662,1,15,-77,-5,11,63,60,7,27770883,262,1,125,13499,
491.286,9498.95,51.4624,7.41599,147.31,27.2861,317.075,1,22,-75,-6,11,65,63,7,27770883,262,1,125,13499,
492.299,9526.32,51.4626,7.41572,147.573,27.2415,316.679,1,22,-75,-6,11,65,63,7,27770883,262,1,125,13499,
493.293,9553.44,51.4628,7.41545,147.779,27.1487,315.541,1,20,-80,-6,11,60,58,7,27770883,262,1,125,13499,
494.27,9580.74,51.463,7.41517,148.035,27.2599,314.851,1,20,-80,-6,11,60,58,7,27770883,262,1,125,13499,
495.278,9607.88,51.4631,7.41489,148.315,27.5204,313.979,1,26,-77,-5,15,63,59,7,27770883,262,1,125,13499,
496.29,9635.49,51.4633,7.4146,148.507,27.8344,313.189,1,26,-77,-5,15,63,59,7,27770883,262,1,125,13499,
497.305,9662.82,51.4635,7.41431,148.986,27.7298,312.882,1,16,-83,-6,10,57,55,7,27770883,262,1,125,13499,
498.287,9689.98,51.4636,7.41402,149.494,27.1392,311.703,1,16,-83,-6,10,57,55,7,27770883,262,1,125,13499,
499.271,9716.83,51.4638,7.41373,149.917,26.7927,311.05,1,17,-86,-6,9,54,51,7,27770883,262,1,125,13499,
500.279,9743.3,51.464,7.41344,150.146,26.324,310.411,1,17,-86,-6,9,54,51,7,27770883,262,1,125,13499,
501.291,9769.41,51.4641,7.41316,150.526,25.866,310.189,1,24,-74,-4,2,66,62,4,27770883,262,1,125,13499,
502.29,9795.19,51.4643,7.41288,150.929,25.7442,309.953,1,24,-74,-4,2,66,62,4,27770883,262,1,125,13499,
503.269,9821,51.4644,7.41259,151.323,25.7055,309.745,1,24,-74,-6,2,66,60,4,27770883,262,1,125,13499,
504.302,9846.88,51.4646,7.4123,151.819,25.8301,309.273,1,24,-74,-6,2,66,60,4,27770883,262,1,125,13499,
505.289,9872.93,51.4647,7.41201,152.192,26.1025,308.593,1,24,-74,-6,2,66,60,4,27770883,262,1,125,13499,
506.29,9898.92,51.4649,7.41172,152.554,25.9565,308.369,1,13,-80,-6,2,60,56,4,27770883,262,1,125,13499,
507.275,9924.24,51.465,7.41143,152.954,25.4525,308.131,1,13,-80,-6,2,60,56,4,27770883,262,1,125,13499,
508.285,9949.34,51.4651,7.41115,153.351,25.3664,308.34,1,8,-83,-7,2,57,54,4,27770883,262,1,125,13499,
509.295,9974.68,51.4653,7.41086,153.711,25.4394,308.261,1,8,-83,-7,2,57,54,4,27770883,262,1,125,13499,
510.281,10000.3,51.4654,7.41057,154.033,25.484,308.102,1,13,-93,-7,2,47,44,4,27770885,262,1,124,13499,
511.281,10025.8,51.4656,7.41028,154.304,25.45,308.219,1,13,-93,-7,2,47,44,4,27770885,262,1,124,13499,
512.319,10050.8,51.4657,7.40999,154.504,24.8302,307.895,1,11,-77,-5,13,63,56,4,27770885,262,1,124,13499,
513.284,10075.5,51.4658,7.40971,154.64,24.6976,307.911,1,11,-77,-5,13,63,56,4,27770885,262,1,124,13499,
514.295,10100,51.466,7.40943,154.727,24.5467,308.039,1,13,-85,-6,14,55,52,4,27770885,262,1,124,13499,
515.289,10124.3,51.4661,7.40916,154.756,24.2443,308.323,1,13,-85,-6,14,55,52,4,27770885,262,1,124,13499,
516.313,10148.4,51.4663,7.40888,154.848,24.2262,308.315,1,23,-78,-5,12,62,56,4,27770885,262,1,124,13499,
517.292,10172.6,51.4664,7.40861,155.01,24.4,308.327,1,23,-78,-5,12,62,56,4,27770885,262,1,124,13499,
518.307,10197.2,51.4665,7.40833,155.194,24.9037,308.763,1,7,-92,-7,11,48,46,4,27770885,262,1,124,13499,
519.28,10222.2,51.4667,7.40805,155.226,25.1925,308.588,1,7,-92,-7,11,48,46,4,27770885,262,1,124,13499,
520.29,10247.7,51.4668,7.40776,155.268,25.548,308.799,1,11,-90,-7,9,50,47,4,27770885,262,1,124,13499,
521.296,10273.5,51.467,7.40747,155.372,26.0525,308.929,1,11,-90,-7,9,50,47,4,27770885,262,1,124,13499,
522.289,10299.6,51.4671,7.40717,155.753,26.4514,309.025,1,25,-81,-5,13,59,54,4,27770885,262,1,124,13499,
523.289,10326.3,51.4673,7.40687,156.169,26.8934,309.253,1,25,-81,-5,13,59,54,4,27770885,262,1,124,13499,
524.27,10353.6,51.4674,7.40657,156.573,27.4449,309.848,1,23,-79,-6,15,61,55,4,27770885,262,1,124,13499,
525.286,10381.4,51.4676,7.40626,156.887,27.9282,310.309,1,23,-79,-6,15,61,55,4,27770885,262,1,124,13499,
526.303,10409.1,51.4677,7.40596,157.181,27.764,310.612,1,17,-81,-6,14,59,56,4,27770885,262,1,124,13499,
527.295,10436.5,51.4679,7.40566,157.318,27.1063,311.074,1,17,-81,-6,14,59,56,4,27770885,262,1,124,13499,
528.273,10463.4,51.4681,7.40537,157.557,26.795,311.4,1,17,-81,-6,14,59,56,4,27770885,262,1,124,13499,
529.308,10489.9,51.4682,7.40509,157.83,26.3121,311.764,1,7,-82,-6,11,58,52,4,27770885,262,1,124,13499,
530.288,10515.8,51.4684,7.40481,158.218,25.7448,312.06,1,7,-82,-6,11,58,52,4,27770885,262,1,124,13499,
531.3,10515.8,51.4657,7.40638,nan,25.4788,312.158,1,8,-84,-6,10,56,52,4,27770885,262,1,124,13499,
532.29,10515.8,51.4687,7.40426,158.832,25.4885,312.137,1,8,-84,-6,10,56,52,4,27770885,262,1,124,13499,
533.291,10541.5,51.4688,7.40399,159.084,25.6354,312.582,1,3,-79,-5,6,61,56,19,27771140,262,1,289,13499,
534.298,10567.3,51.469,7.40371,159.456,26.0587,312.663,1,3,-79,-5,6,61,56,19,27771140,262,1,289,13499,
535.3,10593.2,51.4691,7.40344,159.798,25.8879,313.48,1,16,-80,-5,15,60,56,19,27771140,262,1,289,13499,
536.279,10619.9,51.4693,7.40316,160.492,25.741,313.771,1,16,-80,-5,15,60,56,19,27771140,262,1,289,13499,
537.281,10645.1,51.4695,7.4029,160.7,25.7015,313.705,1,22,-81,-4,15,59,55,19,27771140,262,1,289,13499,
538.299,10671.2,51.4696,7.40263,160.822,25.8331,313.932,1,22,-81,-4,15,59,55,19,27771140,262,1,289,13499,
539.28,10697.6,51.4698,7.40236,161.209,26.2143,314.459,1,20,-82,-4,13,58,54,19,27771140,262,1,289,13499,
540.292,10723.8,51.47,7.40209,161.797,26.3593,314.544,1,20,-82,-4,13,58,54,19,27771140,262,1,289,13499,
541.303,10750,51.4701,7.40183,162.307,25.9735,315.3,1,19,-79,-4,15,61,57,19,27771140,262,1,289,13499,
542.288,10775.6,51.4703,7.40158,162.755,25.3219,315.151,1,19,-79,-4,15,61,57,19,27771140,262,1,289,13499,
543.285,10800.7,51.4705,7.40133,163.174,24.6903,315.843,1,25,-80,-4,15,60,57,19,27771140,262,1,289,13499,
544.331,10825.7,51.4706,7.40108,163.364,24.4125,316.423,1,25,-80,-4,15,60,57,19,27771140,262,1,289,13499,
545.279,10849.9,51.4708,7.40084,163.582,24.3479,316.516,1,21,-79,-4,15,61,57,19,27771140,262,1,289,13499,
546.288,10874.2,51.471,7.4006,163.801,24.4671,316.804,1,21,-79,-4,15,61,57,19,27771140,262,1,289,13499,
547.298,10898.5,51.4711,7.40036,163.945,24.2938,317.343,1,22,-82,-4,15,58,54,19,27771140,262,1,289,13499,
548.296,10922.6,51.4713,7.40012,164.121,24.1019,317.581,1,22,-82,-4,15,58,54,19,27771140,262,1,289,13499,
549.3,10947.4,51.4714,7.39987,163.961,23.992,317.486,1,19,-83,-5,15,57,54,19,27771140,262,1,289,13499,
550.296,10971.3,51.4716,7.39963,163.921,23.8209,317.591,1,19,-83,-5,15,57,54,19,27771140,262,1,289,13499,
551.274,10994.9,51.4717,7.3994,164.014,23.7155,318,1,18,-83,-4,15,57,53,19,27771140,262,1,289,13499,
552.278,11018.2,51.4719,7.39916,164.218,23.6162,318.062,1,18,-83,-4,15,57,53,19,27771140,262,1,289,13499,
553.279,11041.4,51.472,7.39894,164.393,23.2326,318.572,1,22,-81,-4,15,59,55,19,27771140,262,1,289,13499,
554.31,11064.5,51.4722,7.39872,164.528,23.1321,319.083,1,22,-81,-4,15,59,55,19,27771140,262,1,289,13499,
555.274,11087,51.4724,7.3985,164.799,22.9572,319.174,1,36,-82,-4,15,58,53,19,27771140,262,1,289,13499,
556.276,11109.6,51.4725,7.39829,165.148,22.9317,319.168,1,36,-82,-4,15,58,53,19,27771140,262,1,289,13499,
557.281,11131.8,51.4727,7.39808,165.846,22.8862,319.128,1,25,-83,-4,15,57,53,19,27771140,262,1,289,13499,
558.31,11154.5,51.4728,7.39786,166.483,22.7798,319.51,1,25,-83,-4,15,57,53,19,27771140,262,1,289,13499,
559.295,11177.5,51.473,7.39765,166.621,22.7385,319.724,1,25,-83,-4,15,57,53,19,27771140,262,1,289,13499,
560.3,11200.6,51.4731,7.39744,166.565,22.8483,320.575,1,20,-85,-5,13,55,51,19,27771140,262,1,289,13499,
561.294,11223.6,51.4733,7.39723,166.488,23.1199,320.965,1,20,-85,-5,13,55,51,19,27771140,262,1,289,13499,
562.296,11246.9,51.4735,7.39702,166.46,23.4546,320.897,1,21,-89,-6,11,51,47,19,27771140,262,1,289,13499,
563.284,11270.7,51.4736,7.3968,166.419,23.4714,320.859,1,21,-89,-6,11,51,47,19,27771140,262,1,289,13499,
564.283,11293.7,51.4738,7.39659,166.695,23.4779,321.375,1,11,-85,-6,10,55,51,19,27771140,262,1,289,13499,
565.29,11316.9,51.4739,7.39638,167.172,23.5734,321.726,1,11,-85,-6,10,55,51,19,27771140,262,1,289,13499,
566.247,11340.8,51.4741,7.39617,167.663,23.8637,322.954,1,7,-86,-8,8,54,53,19,27771140,262,1,289,13499,
567.272,11364.7,51.4743,7.39596,168.198,24.0048,323.506,1,7,-86,-8,8,54,53,19,27771140,262,1,289,13499,
568.308,11388.1,51.4745,7.39576,168.771,23.4409,324.37,1,14,-83,-6,14,57,54,19,27771140,262,1,289,13499,
569.288,11411.6,51.4746,7.39556,169.261,23.5016,324.597,1,14,-83,-6,14,57,54,19,27771140,262,1,289,13499,
570.3,11435,51.4748,7.39536,169.629,23.4512,324.656,1,13,-83,-6,10,57,54,19,27771140,262,1,289,13499,
571.289,11458.1,51.475,7.39517,170.03,23.3274,326.46,1,13,-83,-6,10,57,54,19,27771140,262,1,289,13499,
572.282,11481.1,51.4751,7.395,170.644,23.3071,328.544,1,14,-80,-6,2,60,56,19,27771140,262,1,289,13499,
573.299,11504.5,51.4753,7.39482,171.399,23.6515,329.049,1,14,-80,-6,2,60,56,19,27771140,262,1,289,13499,
574.283,11528.6,51.4755,7.39464,172.193,24.0812,328.616,1,16,-81,-7,2,59,57,19,27771140,262,1,289,13499,
575.295,11553,51.4757,7.39446,172.99,24.2036,329.429,1,16,-81,-7,2,59,57,19,27771140,262,1,289,13499,
576.329,11577,51.4759,7.39429,173.635,24.0904,330.48,1,18,-79,-6,2,61,58,19,27771140,262,1,289,13499,
577.281,11600.9,51.4761,7.39413,174.158,23.9595,331.367,1,18,-79,-6,2,61,58,19,27771140,262,1,289,13499,
578.28,11624.6,51.4763,7.39398,174.384,23.7513,332.485,1,18,-79,-6,2,61,58,19,27771140,262,1,289,13499,
579.282,11648.4,51.4765,7.39382,174.535,23.7261,333.22,1,14,-77,-6,13,63,62,5,27771140,262,1,289,13499,
580.288,11672.1,51.4767,7.39367,174.791,23.6664,334.315,1,14,-77,-6,13,63,62,5,27771140,262,1,289,13499,
581.301,11695.7,51.4768,7.39352,175.174,23.6125,335.379,1,26,-74,-5,13,66,62,5,27771140,262,1,289,13499,
582.281,11718.8,51.477,7.39339,175.659,23.2218,336.556,1,26,-74,-5,13,66,62,5,27771140,262,1,289,13499,
583.286,11741.2,51.4772,7.39327,176.19,22.215,338.998,1,22,-82,-7,14,58,58,5,27771140,262,1,289,13499,
584.273,11761.6,51.4774,7.39317,176.754,20.8387,342.433,1,22,-82,-7,14,58,58,5,27771140,262,1,289,13499,
585.297,11781.2,51.4776,7.3931,177.492,19.4073,347.38,1,19,-83,-9,10,57,58,5,27771140,262,1,289,13499,
586.297,11800.1,51.4777,7.39306,178.109,18.5653,353.62,1,19,-83,-9,10,57,58,5,27771140,262,1,289,13499,
587.281,11820.4,51.4779,7.39304,179.01,18.6618,356.16,1,12,-71,-5,6,69,63,3,27771139,262,1,288,13499,
588.294,11839.6,51.4781,7.39304,179.628,18.2789,0.0944665,1,12,-71,-5,6,69,63,3,27771139,262,1,288,13499,
589.289,11860,51.4783,7.3931,179.957,19.1947,13.5187,1,17,-82,-6,15,58,54,3,27771139,262,1,288,13499,
590.284,11879.9,51.4784,7.39317,180.065,19.1724,16.3002,1,17,-82,-6,15,58,54,3,27771139,262,1,288,13499,
591.312,11879.9,51.481,7.39483,nan,19.2653,29.1384,1,35,-81,-5,14,59,56,3,27771139,262,1,288,13499,
592.3,11879.9,51.4787,7.39344,180.553,18.9196,31.2582,1,35,-81,-5,14,59,56,3,27771139,262,1,288,13499,
593.29,11898.6,51.4789,7.39358,180.745,18.0083,31.9442,1,14,-75,-5,14,65,61,3,27771139,262,1,288,13499,
594.29,11915.3,51.479,7.3937,180.868,16.3565,30.7968,1,14,-75,-5,14,65,61,3,27771139,262,1,288,13499,
595.307,11930.2,51.4791,7.39378,181.146,15.3854,15.8099,1,35,-84,-5,12,56,54,3,27771139,262,1,288,13499,
596.284,11945.6,51.4793,7.39384,181.407,14.7131,12.2561,1,35,-84,-5,12,56,54,3,27771139,262,1,288,13499,
597.297,11960.2,51.4794,7.39383,181.587,15.2806,355.034,1,22,-87,-6,13,53,49,3,27771139,262,1,288,13499,
598.298,11974,51.4795,7.39377,181.962,14.8692,339.796,1,22,-87,-6,13,53,49,3,27771139,262,1,288,13499,
599.274,11988.3,51.4796,7.39369,182.264,15.2967,337.974,1,24,-91,-7,9,49,46,3,27771139,262,1,288,13499,
600.288,12003.2,51.4798,7.39359,182.73,14.5912,336.594,1,24,-91,-7,9,49,46,3,27771139,262,1,288,13499,
601.243,12003.2,51.4798,7.39359,182.73,14.5912,336.594,1,13,-89,-6,13,51,49,3,27771139,262,1,288,13499,
602.268,12029.2,51.48,7.39344,183.774,11.522,338.165,1,13,-89,-6,13,51,49,3,27771139,262,1,288,13499,
603.279,12040.6,51.4801,7.39341,184.719,10.1581,354.489,1,24,-87,-6,10,53,50,3,27771139,262,1,288,13499,
604.292,12050.1,51.4802,7.39343,185.498,9.50703,13.7254,1,24,-87,-6,10,53,50,3,27771139,262,1,288,13499,
605.288,12060.5,51.4802,7.39349,186.307,10.3581,30.8658,1,24,-85,-6,12,55,51,3,27771139,262,1,288,13499,
606.273,12070,51.4803,7.3936,186.592,10.8925,51.3634,1,24,-85,-6,12,55,51,3,27771139,262,1,288,13499,
607.281,12081.4,51.4804,7.39373,186.845,11.8486,53.8396,1,24,-85,-6,12,55,51,3,27771139,262,1,288,13499,
608.296,12094.8,51.4804,7.39389,186.985,12.6755,56.1751,1,30,-85,-5,13,55,51,3,27771139,262,1,288,13499,
609.284,12107.2,51.4805,7.39404,186.886,13.4273,57.1346,1,30,-85,-5,13,55,51,3,27771139,262,1,288,13499,
610.289,12121.7,51.4806,7.39422,186.94,13.8898,57.5093,1,19,-85,-6,10,55,52,6,27771139,262,1,288,13499,
611.295,12135.9,51.4806,7.39439,187.138,14.3353,56.7404,1,19,-85,-6,10,55,52,6,27771139,262,1,288,13499,
612.291,12150.2,51.4807,7.39457,187.379,14.8365,57.5388,1,15,-84,-6,14,56,53,6,27771139,262,1,288,13499,
613.3,12164.7,51.4808,7.39475,187.685,15.2193,58.46,1,15,-84,-6,14,56,53,6,27771139,262,1,288,13499,
614.296,12179.6,51.4808,7.39493,188.095,15.553,59.1341,1,17,-83,-5,11,57,54,6,27771139,262,1,288,13499,
615.291,12195.3,51.4809,7.39513,188.863,15.6078,59.6987,1,17,-83,-5,11,57,54,6,27771139,262,1,288,13499,
616.29,12211,51.481,7.39532,189.374,15.6502,60.0778,1,10,-82,-4,11,58,53,6,27771139,262,1,288,13499,
617.297,12226.9,51.481,7.39552,189.712,15.7551,59.8277,1,10,-82,-4,11,58,53,6,27771139,262,1,288,13499,
618.296,12242.9,51.4811,7.39572,189.508,15.9817,60.0563,1,10,-83,-5,11,57,53,6,27771139,262,1,288,13499,
619.296,12258.9,51.4812,7.39591,189.451,16.1217,59.5385,1,10,-83,-5,11,57,53,6,27771139,262,1,288,13499,
620.288,12275.1,51.4813,7.39611,189.439,16.2618,59.6699,1,11,-84,-6,11,56,54,6,27771139,262,1,288,13499,
621.281,12292.2,51.4814,7.39633,189.164,16.4011,59.8017,1,11,-84,-6,11,56,54,6,27771139,262,1,288,13499,
622.315,12309,51.4814,7.39653,189.128,16.8435,59.2075,1,13,-83,-6,10,57,54,6,27771139,262,1,288,13499,
623.279,12326.4,51.4815,7.39675,188.909,17.2427,58.6273,1,13,-83,-6,10,57,54,6,27771139,262,1,288,13499,
624.27,12343.9,51.4816,7.39696,188.784,17.8613,57.7627,1,13,-86,-5,11,54,51,6,27771139,262,1,288,13499,
625.29,12361.9,51.4817,7.39718,188.428,18.6327,57.1522,1,13,-86,-5,11,54,51,6,27771139,262,1,288,13499,
626.33,12379.6,51.4818,7.3974,187.73,19.3113,56.3107,1,23,-84,-5,2,56,55,6,27771139,262,1,288,13499,
627.28,12399.5,51.4819,7.39764,186.94,19.7982,55.2611,1,23,-84,-5,2,56,55,6,27771139,262,1,288,13499,
628.307,12418.8,51.482,7.39786,186.313,19.6147,53.8428,1,23,-84,-5,2,56,55,6,27771139,262,1,288,13499,
629.285,12437.2,51.4821,7.39807,185.714,19.0199,52.2721,1,25,-77,-5,15,63,59,10,27771139,262,1,288,13499,
630.293,12455.4,51.4822,7.39827,185.271,17.794,50.3465,1,25,-77,-5,15,63,59,10,27771139,262,1,288,13499,
631.275,12455.4,51.4822,7.39827,185.271,17.794,50.3465,1,16,-79,-5,13,61,56,10,27771139,262,1,288,13499,
632.298,12486.3,51.4824,7.39859,184.84,15.4526,45.7186,1,16,-79,-5,13,61,56,10,27771139,262,1,288,13499,
633.288,12501.5,51.4825,7.39874,184.653,14.3001,43.1307,1,16,-84,-5,11,56,49,10,27771139,262,1,288,13499,
634.294,12515.3,51.4826,7.39886,184.63,13.2124,40.7924,1,16,-84,-5,11,56,49,10,27771139,262,1,288,13499,
635.291,12528.4,51.4827,7.39897,184.839,12.6624,38.7262,1,11,-87,-6,10,53,49,10,27771139,262,1,288,13499,
636.301,12543.1,51.4828,7.39908,185.462,12.3693,37.0483,1,11,-87,-6,10,53,49,10,27771139,262,1,288,13499,
637.307,12556.7,51.4829,7.39919,186.338,12.0892,35.6425,1,16,-83,-6,12,57,54,10,27771139,262,1,288,13499,
638.304,12569,51.483,7.39928,186.896,11.9962,35.0791,1,16,-83,-6,12,57,54,10,27771139,262,1,288,13499,
639.298,12580.9,51.4831,7.39938,187.224,12.52,34.7343,1,15,-86,-5,11,54,49,10,27771139,262,1,288,13499,
640.285,12593.3,51.4832,7.39947,187.786,12.8769,34.2998,1,15,-86,-5,11,54,49,10,27771139,262,1,288,13499,
641.323,12606.9,51.4833,7.39957,188.145,13.5444,34.2335,1,10,-90,-6,9,50,47,10,27771139,262,1,288,13499,
642.296,12620.7,51.4834,7.39968,188.408,13.9349,33.6952,1,10,-90,-6,9,50,47,10,27771139,262,1,288,13499,
643.293,12635.4,51.4835,7.39979,188.694,13.6351,33.7615,1,7,-91,-6,12,49,46,10,27771139,262,1,288,13499,
644.297,12648.9,51.4836,7.3999,189.014,13.3367,33.6319,1,7,-91,-6,12,49,46,10,27771139,262,1,288,13499,
645.277,12662.7,51.4837,7.4,189.359,12.9397,34.0058,1,8,-91,-6,8,49,47,10,27771139,262,1,288,13499,
646.292,12675.5,51.4838,7.40011,189.621,12.7976,34.5584,1,8,-91,-6,8,49,47,10,27771139,262,1,288,13499,
647.293,12688,51.4839,7.40021,189.823,12.5643,35.3945,1,8,-91,-6,8,49,47,10,27771139,262,1,288,13499,
648.286,12699.7,51.484,7.40031,189.824,12.2522,36.3696,1,10,-92,-7,8,48,47,10,27771139,262,1,288,13499,
649.298,12710.7,51.484,7.4004,189.613,11.9207,36.9948,1,10,-92,-7,8,48,47,10,27771139,262,1,288,13499,
650.301,12722.7,51.4841,7.40051,189.377,11.4706,37.4328,1,3,-92,-6,6,48,45,9,28365058,262,1,223,13499,
651.281,12734.7,51.4842,7.40062,189.017,11.4161,38.2841,1,3,-92,-6,6,48,45,9,28365058,262,1,223,13499,
652.294,12745.7,51.4843,7.40072,188.698,11.4047,38.762,1,10,-93,-6,12,47,45,9,28365058,262,1,223,13499,
653.291,12757.3,51.4844,7.40083,188.32,11.2648,39.3953,1,10,-93,-6,12,47,45,9,28365058,262,1,223,13499,
654.296,12768.7,51.4844,7.40093,187.873,11.3215,39.9711,1,8,-94,-6,9,46,44,9,28365058,262,1,223,13499,
655.282,12780.2,51.4845,7.40105,187.209,11.8406,40.5813,1,8,-94,-6,9,46,44,9,28365058,262,1,223,13499,
656.286,12791.6,51.4846,7.40116,186.658,11.9609,41.053,1,7,-97,-7,8,43,41,9,28365058,262,1,223,13499,
657.288,12802.5,51.4847,7.40127,185.979,11.7656,41.6161,1,7,-97,-7,8,43,41,9,28365058,262,1,223,13499,
658.296,12814.4,51.4847,7.40139,185.259,11.68,42.146,1,8,-95,-6,8,45,41,9,28365058,262,1,223,13499,
659.296,12825.5,51.4848,7.4015,184.681,11.2857,43.0848,1,8,-95,-6,8,45,41,9,28365058,262,1,223,13499,
660.281,12836.2,51.4849,7.40161,184.154,11.189,42.5181,1,13,-96,-7,11,44,42,9,28365058,262,1,223,13499,
661.288,12847.8,51.485,7.40173,183.562,11.1404,41.6818,1,13,-96,-7,11,44,42,9,28365058,262,1,223,13499,
662.273,12857.9,51.485,7.40183,182.849,11.1668,42.3175,1,13,-96,-7,8,44,40,9,28365058,262,1,223,13499,
663.274,12869.4,51.4851,7.40194,182.389,10.7762,43.4342,1,13,-96,-7,8,44,40,9,28365058,262,1,223,13499,
664.288,12880,51.4852,7.40205,181.991,10.3818,44.6527,1,10,-93,-5,2,47,43,9,28365058,262,1,223,13499,
665.289,12890.6,51.4852,7.40216,182.004,10.3403,45.5791,1,10,-93,-5,2,47,43,9,28365058,262,1,223,13499,
666.271,12902.1,51.4853,7.40229,182.407,10.6616,46.7798,1,13,-94,-7,2,46,41,9,28365058,262,1,223,13499,
667.283,12913,51.4854,7.4024,182.858,9.99045,47.761,1,13,-94,-7,2,46,41,9,28365058,262,1,223,13499,
668.299,12922.2,51.4854,7.40251,183.416,8.83399,48.5681,1,7,-95,-7,2,45,41,9,28365058,262,1,223,13499,
669.288,12930.6,51.4855,7.4026,183.933,7.7025,49.1707,1,7,-95,-7,2,45,41,9,28365058,262,1,223,13499,
670.307,12937.8,51.4855,7.40268,184.38,7.18786,49.5304,1,7,-95,-7,2,45,41,9,28365058,262,1,223,13499,
671.284,12937.8,51.4814,7.40381,nan,7.19955,46.3769,1,8,-96,-8,2,44,42,9,28365058,262,1,223,13499,
672.29,12937.8,51.4856,7.40279,184.927,6.72353,20.1685,1,8,-96,-8,2,44,42,9,28365058,262,1,223,13499,
673.29,12944.4,51.4857,7.4028,184.775,7.4046,356.469,1,12,-96,-8,2,44,42,9,28365058,262,1,223,13499,
674.286,12951.5,51.4857,7.40276,184.222,7.56966,337.626,1,12,-96,-8,2,44,42,9,28365058,262,1,223,13499,
675.28,12959.2,51.4858,7.4027,184.075,8.72827,324.164,1,0,-96,-7,2,44,43,9,29391105,262,1,351,13499,
676.287,12968.4,51.4859,7.40262,183.951,9.63393,322.779,1,0,-96,-7,2,44,43,9,29391105,262,1,351,13499,
677.284,12978,51.4859,7.40254,183.895,9.83367,322.69,1,7,-100,-8,2,40,39,9,28365058,262,1,223,13499,
678.282,12987.4,51.486,7.40245,183.789,10.2271,323.642,1,7,-100,-8,2,40,39,9,28365058,262,1,223,13499,
679.293,12998.3,51.4861,7.40237,183.631,10.2413,324.641,1,6,-99,-8,2,41,40,9,28365058,262,1,223,13499,
680.297,13007.3,51.4861,7.40229,183.476,9.73571,325.462,1,6,-99,-8,2,41,40,9,28365058,262,1,223,13499,
681.293,13017,51.4862,7.40221,183.623,9.52044,327.377,1,3,-98,-8,2,42,42,9,28365058,262,1,223,13499,
682.287,13026.8,51.4863,7.40215,184.364,8.89864,328.595,1,3,-98,-8,2,42,42,9,28365058,262,1,223,13499,
683.291,13035.3,51.4864,7.40209,184.937,8.94321,329.953,1,10,-95,-8,2,45,45,9,26385409,262,1,93,13499,
684.276,13044.4,51.4864,7.40203,185.09,9.75123,332.373,1,10,-95,-8,2,45,45,9,26385409,262,1,93,13499,
685.272,13054.9,51.4865,7.40197,185.207,9.41965,334.479,1,7,-95,-8,2,45,45,9,26385409,262,1,93,13499,
686.287,13064.5,51.4866,7.40193,185.214,8.88568,337.562,1,7,-95,-8,2,45,45,9,26385409,262,1,93,13499,
687.296,13074.2,51.4867,7.40189,185.27,9.26979,339.603,1,7,-93,-7,2,47,46,9,26385409,262,1,93,13499,
688.289,13084.5,51.4868,7.40185,185.07,9.66189,341.36,1,7,-93,-7,2,47,46,9,26385409,262,1,93,13499,
689.287,13094.8,51.4869,7.40182,184.324,9.90799,343.067,1,9,-93,-7,2,47,46,9,26385409,262,1,93,13499,
690.297,13105.2,51.487,7.40179,183.546,9.71,344.774,1,9,-93,-7,2,47,46,9,26385409,262,1,93,13499,
691.294,13105.2,51.4854,7.39771,nan,9.70301,346.356,1,9,-93,-7,2,47,46,9,26385409,262,1,93,13499,
692.288,13105.2,51.4871,7.40174,182.52,9.5944,347.867,1,10,-93,-7,2,47,45,9,26385409,262,1,93,13499,
693.278,13114.2,51.4872,7.40172,182.595,9.69534,350.066,1,10,-93,-7,2,47,45,9,26385409,262,1,93,13499,
694.276,13124.5,51.4873,7.40171,182.455,9.80602,352.115,1,19,-83,-5,12,57,53,3,26385409,262,1,93,13499,
695.279,13134.9,51.4874,7.4017,182.2,9.72076,354.273,1,19,-83,-5,12,57,53,3,26385409,262,1,93,13499,
696.279,13144.8,51.4875,7.4017,181.92,9.56807,356.016,1,25,-82,-5,10,58,54,3,26385409,262,1,93,13499,
697.28,13154.1,51.4876,7.4017,181.326,9.67618,357.444,1,25,-82,-5,10,58,54,3,26385409,262,1,93,13499,
698.274,13162.6,51.4876,7.4017,180.688,9.67711,358.216,1,15,-85,-6,11,55,50,3,26385409,262,1,93,13499,
699.275,13171.9,51.4877,7.4017,180.175,9.70521,359.02,1,15,-85,-6,11,55,50,3,26385409,262,1,93,13499,
700.302,13182.4,51.4878,7.4017,179.789,10.0172,359.52,1,15,-85,-5,11,55,51,3,26385409,262,1,93,13499,
701.279,13193.5,51.4879,7.40171,179.292,10.105,0.484139,1,15,-85,-5,11,55,51,3,26385409,262,1,93,13499,
702.303,13203.3,51.488,7.40171,178.483,10.4707,359.971,1,23,-85,-5,14,55,52,3,26385409,262,1,93,13499,
703.279,13213.6,51.4881,7.40172,177.824,10.4688,0.154206,1,23,-85,-5,14,55,52,3,26385409,262,1,93,13499,
704.3,13223.6,51.4882,7.40172,177.11,10.348,0.890185,1,25,-81,-5,12,59,55,3,26385409,262,1,93,13499,
705.289,13234,51.4883,7.40173,176.385,10.2165,0.887104,1,25,-81,-5,12,59,55,3,26385409,262,1,93,13499,
706.29,13244.1,51.4884,7.40173,175.676,10.3649,1.70363,1,18,-75,-5,14,65,60,3,26385409,262,1,93,13499,
707.29,13254,51.4885,7.40174,174.985,10.0775,1.3507,1,18,-75,-5,14,65,60,3,26385409,262,1,93,13499,
708.306,13263.4,51.4885,7.40174,174.582,9.51379,0.541599,1,18,-80,-6,2,60,56,3,26385409,262,1,93,13499,
709.279,13271.5,51.4886,7.40174,174.622,7.73251,0.0633259,1,18,-80,-6,2,60,56,3,26385409,262,1,93,13499,
710.309,13279.1,51.4887,7.40174,174.604,7.21249,359.484,1,18,-80,-6,2,60,56,3,26385409,262,1,93,13499,
711.293,13279.1,51.4854,7.39771,nan,4.84865,359.304,1,16,-83,-7,2,57,54,3,26385409,262,1,93,13499,
712.293,13279.1,51.4888,7.40174,174.691,2.38579,2.36067,1,16,-83,-7,2,57,54,3,26385409,262,1,93,13499,
713.294,13282.1,51.4888,7.40174,174.729,1.4346,0.70368,1,18,-83,-7,2,57,54,3,26385409,262,1,93,13499,
714.293,13283.5,51.4888,7.40174,174.747,0.862219,1.83712,1,18,-83,-7,2,57,54,3,26385409,262,1,93,13499,
715.3,13284.5,51.4888,7.40174,174.747,1.34715,0.976431,1,13,-83,-7,2,57,54,3,26385409,262,1,93,13499,
716.293,13285.8,51.4888,7.40174,174.739,2.22881,358.88,1,13,-83,-7,2,57,54,3,26385409,262,1,93,13499,
717.281,13290.3,51.4889,7.40174,174.488,5.18071,358.536,1,13,-83,-7,2,57,55,3,26385409,262,1,93,13499,
718.292,13296.2,51.4889,7.40173,174.266,5.48466,358.245,1,13,-83,-7,2,57,55,3,26385409,262,1,93,13499,
719.291,13302.3,51.489,7.40174,174.241,6.00405,358.825,1,13,-84,-9,2,56,57,3,26385409,262,1,93,13499,
720.289,13308.8,51.489,7.40174,174.373,6.56465,359.596,1,13,-84,-9,2,56,57,3,26385409,262,1,93,13499,
721.301,13315.2,51.4891,7.40174,174.242,6.82218,0.0762687,1,23,-81,-7,2,59,58,3,26385410,262,1,94,13499,
722.288,13322.4,51.4892,7.40175,174.263,7.07562,359.423,1,23,-81,-7,2,59,58,3,26385410,262,1,94,13499,
723.428,13330.8,51.4892,7.40175,174.79,8.94614,358.873,1,24,-80,-7,2,60,58,3,26385410,262,1,94,13499,
724.296,13338.1,51.4893,7.40175,174.771,7.14283,0.17059,1,24,-80,-7,2,60,58,3,26385410,262,1,94,13499,
725.276,13344.4,51.4894,7.40178,174.945,5.1349,28.7599,1,28,-72,-5,15,68,63,1,26385410,262,1,94,13499,
726.288,13349.6,51.4894,7.40184,174.728,6.00036,49.5581,1,28,-72,-5,15,68,63,1,26385410,262,1,94,13499,
727.3,13355.3,51.4894,7.40192,174.737,7.26711,80.3407,1,27,-69,-5,15,71,63,1,26385410,262,1,94,13499,
728.28,13364.2,51.4894,7.40205,174.347,8.2468,82.9065,1,27,-69,-5,15,71,63,1,26385410,262,1,94,13499,
729.292,13374.7,51.4894,7.4022,173.972,9.72108,85.4332,1,27,-69,-5,15,71,63,1,26385410,262,1,94,13499,
730.293,13384.4,51.4894,7.40234,174.12,10.7135,87.0475,1,31,-71,-5,15,69,63,1,26385410,262,1,94,13499,
731.292,13395.2,51.4894,7.4025,174.418,11.5197,87.9957,1,31,-71,-5,15,69,63,1,26385410,262,1,94,13499,
732.273,13406.8,51.4894,7.40266,174.936,12.3192,89.0609,1,31,-70,-6,15,70,63,1,26385410,262,1,94,13499,
733.278,13419.9,51.4894,7.40285,175.526,13.0464,89.781,1,31,-70,-6,15,70,63,1,26385410,262,1,94,13499,
734.298,13433.2,51.4894,7.40305,176.062,13.6574,90.411,1,17,-77,-6,15,63,61,1,26385410,262,1,94,13499,
735.292,13447.2,51.4894,7.40325,176.697,13.7452,91.1887,1,17,-77,-6,15,63,61,1,26385410,262,1,94,13499,
736.288,13461.1,51.4894,7.40345,176.974,13.8743,90.4191,1,22,-71,-6,15,69,63,1,26385410,262,1,94,13499,
737.29,13474.7,51.4894,7.40365,177.364,13.8972,90.4057,1,22,-71,-6,15,69,63,1,26385410,262,1,94,13499,
738.278,13488.6,51.4894,7.40385,177.84,13.976,90.6832,1,18,-78,-7,13,62,60,1,26385410,262,1,94,13499,
739.293,13502.4,51.4894,7.40405,178.36,13.9661,91.0298,1,18,-78,-7,13,62,60,1,26385410,262,1,94,13499,
740.297,13516.1,51.4894,7.40424,178.86,13.6341,91.0707,1,20,-74,-8,12,66,63,1,26385410,262,1,94,13499,
741.299,13529.8,51.4894,7.40444,179.326,13.5157,91.0823,1,20,-74,-8,12,66,63,1,26385410,262,1,94,13499,
742.3,13543.5,51.4894,7.40464,179.831,13.4378,90.5938,1,8,-75,-6,6,65,63,1,26385408,262,1,95,13499,
743.305,13556.8,51.4894,7.40483,180.278,13.3576,90.2619,1,8,-75,-6,6,65,63,1,26385408,262,1,95,13499,
744.299,13570,51.4894,7.40502,180.712,13.0813,89.6675,1,22,-71,-5,15,69,63,1,26385408,262,1,95,13499,
745.297,13582.9,51.4894,7.40521,180.66,12.8279,88.8419,1,22,-71,-5,15,69,63,1,26385408,262,1,95,13499,
746.283,13596.7,51.4894,7.40541,180.313,12.7742,87.2348,1,21,-70,-6,15,70,63,1,26385408,262,1,95,13499,
747.318,13608.9,51.4894,7.40558,180.159,12.6857,84.6992,1,21,-70,-6,15,70,63,1,26385408,262,1,95,13499,
748.276,13622,51.4894,7.40577,180.175,12.8835,83.2934,1,21,-73,-6,13,67,63,1,26385408,262,1,95,13499,
749.309,13634.3,51.4894,7.40595,180.118,13.1097,81.8719,1,21,-73,-6,13,67,63,1,26385408,262,1,95,13499,
750.274,13647.8,51.4895,7.40614,179.976,13.3209,80.3215,1,23,-76,-6,13,64,61,1,26385408,262,1,95,13499,
751.283,13647.8,51.4897,7.40731,nan,13.0327,79.3992,1,23,-76,-6,13,64,61,1,26385408,262,1,95,13499,
752.297,13647.8,51.4895,7.40651,180.183,12.6941,78.4755,1,18,-76,-6,11,64,60,1,26385408,262,1,95,13499,
753.288,13660,51.4895,7.40668,180.444,12.6409,78.7543,1,18,-76,-6,11,64,60,1,26385408,262,1,95,13499,
754.301,13673,51.4896,7.40686,180.747,12.7638,78.0392,1,21,-72,-5,11,68,63,1,26385408,262,1,95,13499,
755.296,13685.8,51.4896,7.40704,180.943,12.6549,77.549,1,21,-72,-5,11,68,63,1,26385408,262,1,95,13499,
756.286,13698.6,51.4896,7.40722,181.211,12.5635,76.8167,1,21,-72,-5,11,68,63,1,26385408,262,1,95,13499,
757.319,13711,51.4896,7.4074,181.483,12.6237,77.3407,1,28,-69,-5,11,71,63,1,26385408,262,1,95,13499,
758.291,13723.4,51.4897,7.40757,181.649,12.9143,78.0214,1,28,-69,-5,11,71,63,1,26385408,262,1,95,13499,
759.288,13736.9,51.4897,7.40776,181.539,13.1238,78.4246,1,16,-71,-5,15,69,61,1,26385408,262,1,95,13499,
760.287,13749.7,51.4897,7.40794,181.257,13.2768,79.1281,1,16,-71,-5,15,69,61,1,26385408,262,1,95,13499,
761.312,13762.3,51.4897,7.40812,180.812,13.098,78.7836,1,15,-74,-5,10,66,61,1,26385408,262,1,95,13499,
762.291,13774.8,51.4898,7.4083,180.511,13.2048,78.4383,1,15,-74,-5,10,66,61,1,26385408,262,1,95,13499,
763.292,13787.8,51.4898,7.40848,180.088,13.2488,77.9152,1,11,-80,-6,14,60,57,1,26385408,262,1,95,13499,
764.292,13800.9,51.4898,7.40867,179.49,13.3542,77.9015,1,11,-80,-6,14,60,57,1,26385408,262,1,95,13499,
765.29,13814.2,51.4898,7.40886,178.835,13.4536,77.8118,1,10,-78,-6,9,62,59,1,26385408,262,1,95,13499,
766.295,13827.1,51.4899,7.40904,178.243,13.4781,77.226,1,10,-78,-6,9,62,59,1,26385408,262,1,95,13499,
767.272,13840.8,51.4899,7.40924,177.663,13.3895,77.6269,1,16,-76,-6,11,64,60,1,26385408,262,1,95,13499,
768.304,13855.5,51.4899,7.40944,177.148,13.232,77.3913,1,16,-76,-6,11,64,60,1,26385408,262,1,95,13499,
769.255,13868.7,51.4899,7.40963,176.689,12.954,77.4442,1,16,-78,-6,11,62,59,1,26385408,262,1,95,13499,
770.288,13882,51.49,7.40982,176.255,12.7264,78.3452,1,16,-78,-6,11,62,59,1,26385408,262,1,95,13499,
771.271,13882,51.4897,7.40731,nan,11.8057,77.8351,1,14,-80,-5,11,60,56,1,26385408,262,1,95,13499,
772.281,13882,51.49,7.41014,174.924,11.7252,76.9928,1,14,-80,-5,11,60,56,1,26385408,262,1,95,13499,
773.3,13894.5,51.49,7.41032,173.903,11.7307,77.6017,1,22,-77,-5,13,63,61,1,26385408,262,1,95,13499,
774.287,13906.6,51.49,7.41049,173.069,11.7059,78.3006,1,22,-77,-5,13,63,61,1,26385408,262,1,95,13499,
775.283,13918.4,51.4901,7.41066,172.722,12.0352,78.1488,1,15,-82,-6,2,58,54,1,26385408,262,1,95,13499,
776.3,13930.3,51.4901,7.41082,172.245,12.3762,77.9527,1,15,-82,-6,2,58,54,1,26385408,262,1,95,13499,
777.279,13941.7,51.4901,7.41098,171.489,12.8434,77.0202,1,15,-82,-6,2,58,54,1,26385408,262,1,95,13499,
778.276,13954,51.4901,7.41116,170.679,13.1271,77.3675,1,17,-83,-6,2,57,54,1,26385408,262,1,95,13499,
779.287,13967,51.4902,7.41134,169.817,13.2344,77.3363,1,17,-83,-6,2,57,54,1,26385408,262,1,95,13499,
