0.256,0,51.4501,7.48822,255.942,5.00937,166.629,1,15,-97,-9,8,43,44,6,28371201,262,1,66,13499,
1.397,5.61702,51.4501,7.48825,255.738,5.23032,168.527,1,10,-99,-10,11,41,41,7,28371201,262,1,66,13499,
2.454,14.8393,51.45,7.48828,255.251,8.3354,167.226,1,10,-99,-10,11,41,41,7,28371201,262,1,66,13499,
3.446,23.8098,51.4499,7.48831,254.103,8.73196,167.721,1,10,-99,-10,11,41,41,7,28371201,262,1,66,13499,
4.45,33.3407,51.4498,7.48834,252.947,9.08423,168.572,1,4,-97,-10,9,43,44,7,28371201,262,1,66,13499,
5.446,42.6615,51.4498,7.48836,251.832,9.57851,170.472,1,4,-97,-10,9,43,44,7,28371201,262,1,66,13499,
6.442,53.191,51.4497,7.48838,250.863,10.2492,172.486,1,7,-99,-9,11,41,42,7,28371201,262,1,66,13499,
7.445,64.4194,51.4496,7.4884,250.141,10.7372,174.167,1,7,-99,-9,11,41,42,7,28371201,262,1,66,13499,
8.465,74.9334,51.4495,7.48841,249.991,11.0906,176.065,1,19,-99,-9,8,41,42,7,28371201,262,1,66,13499,
9.446,85.7046,51.4494,7.48841,250.29,11.4582,178.339,1,19,-99,-9,8,41,42,7,28371201,262,1,66,13499,
10.452,97.8849,51.4493,7.48842,250.995,11.5392,180.244,1,5,-98,-10,10,42,43,7,28371201,262,1,66,13499,
11.436,110.883,51.4491,7.48841,251.861,12.4083,181.949,1,5,-98,-10,10,42,43,7,28371201,262,1,66,13499,
12.436,124.362,51.449,7.48839,252.514,12.7587,184.246,1,4,-101,-10,9,39,39,7,28371201,262,1,66,13499,
13.426,137.841,51.4489,7.48837,253.155,12.7909,186.906,1,4,-101,-10,9,39,39,7,28371201,262,1,66,13499,
14.437,150.523,51.4488,7.48834,254.237,12.7481,189.602,1,4,-101,-9,7,39,40,7,28371201,262,1,66,13499,
15.428,163.684,51.4487,7.48829,255.323,13.0657,190.853,1,4,-101,-9,7,39,40,7,28371201,262,1,66,13499,
16.441,177.627,51.4485,7.48824,256.496,13.1925,192.091,1,4,-106,-11,8,34,37,7,28371201,262,1,66,13499,
17.447,192.066,51.4484,7.48819,257.487,13.081,193.172,1,4,-106,-11,8,34,37,7,28371201,262,1,66,13499,
18.45,206.209,51.4483,7.48814,258.537,13.1283,193.24,1,-1,-108,-12,7,32,36,7,28371201,262,1,66,13499,
19.447,219.76,51.4482,7.48809,259.638,13.1886,194.201,1,-1,-108,-12,7,32,36,7,28371201,262,1,66,13499,
20.436,232.926,51.4481,7.48804,260.511,13.4257,193.975,1,-3,-105,-9,6,35,36,9,27771909,262,1,151,13499,
21.438,245.151,51.448,7.48799,261.131,13.3975,193.23,1,-3,-105,-9,6,35,36,9,27771909,262,1,151,13499,
22.454,258.503,51.4478,7.48795,261.654,12.8746,194.03,1,20,-104,-9,9,36,37,9,27771909,262,1,151,13499,
23.457,271.42,51.4477,7.4879,262.222,12.7733,193.308,1,20,-104,-9,9,36,37,9,27771909,262,1,151,13499,
24.434,285.27,51.4476,7.48787,262.143,12.4773,190.88,1,20,-104,-9,9,36,37,9,27771909,262,1,151,13499,
25.435,297.476,51.4475,7.48785,262.083,13.2163,188.237,1,5,-106,-10,7,34,35,9,27771909,262,1,151,13499,
26.428,310.188,51.4474,7.48784,261.81,12.5954,186.206,1,5,-106,-10,7,34,35,9,27771909,262,1,151,13499,
27.428,323.539,51.4473,7.48784,261.423,12.9151,182.377,1,10,-102,-8,9,38,38,9,27771909,262,1,151,13499,
28.424,337.538,51.4471,7.48785,260.991,13.5352,178.661,1,10,-102,-8,9,38,38,9,27771909,262,1,151,13499,
29.442,352.299,51.447,7.4879,260.982,13.6985,175.556,1,23,-101,-7,9,39,37,9,27771909,262,1,151,13499,
30.449,366.484,51.4469,7.48795,260.908,13.5023,172.628,1,23,-101,-7,9,39,37,9,27771909,262,1,151,13499,
31.449,380.818,51.4468,7.488,260.999,13.8107,169.836,1,3,-104,-9,8,36,36,9,27771909,262,1,151,13499,
32.438,394.096,51.4466,7.48806,261.136,13.1546,166.59,1,3,-104,-9,8,36,36,9,27771909,262,1,151,13499,
33.451,407.562,51.4465,7.48813,261.114,13.6133,163.616,1,10,-105,-10,8,35,36,9,27771909,262,1,151,13499,
34.452,420.72,51.4464,7.48821,260.892,13.8936,160.048,1,10,-105,-10,8,35,36,9,27771909,262,1,151,13499,
35.443,434.553,51.4463,7.48831,260.585,13.9388,157.071,1,-5,-105,-11,6,35,38,9,27771909,262,1,151,13499,
36.435,449.14,51.4462,7.48842,260.339,13.9145,153.785,1,-5,-105,-11,6,35,38,9,27771909,262,1,151,13499,
37.435,464.382,51.4461,7.48855,260.391,14.2437,150.135,1,-2,-104,-13,7,36,40,9,27771909,262,1,151,13499,
38.443,480.217,51.446,7.48869,260.346,14.2292,146.693,1,-2,-104,-13,7,36,40,9,27771909,262,1,151,13499,
39.426,495.373,51.4459,7.48883,260.83,13.7815,143.834,1,2,-102,-10,5,38,39,9,27771909,262,1,151,13499,
40.452,511.191,51.4458,7.48899,261.937,14.0135,140.535,1,2,-102,-10,5,38,39,9,27771909,262,1,151,13499,
41.433,526.673,51.4457,7.48915,263.378,13.9024,137.16,1,0,-103,-10,2,37,36,9,27771909,262,1,151,13499,
42.431,540.657,51.4456,7.4893,265.006,14.0073,134.325,1,0,-103,-10,2,37,36,9,27771909,262,1,151,13499,
43.43,555.402,51.4455,7.48947,266.459,13.982,131.844,1,3,-102,-9,2,38,38,9,28371201,262,1,66,13499,
44.454,569.754,51.4454,7.48963,267.621,13.9583,130.404,1,3,-102,-9,2,38,38,9,28371201,262,1,66,13499,
45.442,584.135,51.4454,7.4898,268.105,14.0057,129.485,1,5,-102,-9,2,38,38,9,28371201,262,1,66,13499,
46.455,597.695,51.4453,7.48996,268.94,13.9614,128.547,1,5,-102,-9,2,38,38,9,28371201,262,1,66,13499,
47.434,612.502,51.4452,7.49014,269.911,14.3593,127.957,1,5,-101,-9,2,39,38,9,28371201,262,1,66,13499,
48.441,625.738,51.4452,7.4903,270.846,13.7257,127.042,1,5,-101,-9,2,39,38,9,28371201,262,1,66,13499,
49.43,639.94,51.4451,7.49047,271.374,13.7586,127.664,1,2,-103,-10,2,37,38,9,28371201,262,1,66,13499,
50.424,652.089,51.445,7.49062,272.074,12.0803,127.183,1,2,-103,-10,2,37,38,9,28371201,262,1,66,13499,
51.444,665.585,51.445,7.49078,272.507,11.7895,128.09,1,2,-103,-10,2,37,38,9,28371201,262,1,66,13499,
52.437,678.354,51.4449,7.49093,273.073,12.0725,127.657,1,1,-105,-10,2,35,36,9,28371201,262,1,66,13499,
53.457,690.433,51.4448,7.49107,273.81,11.8482,127.189,1,1,-105,-10,2,35,36,9,28371201,262,1,66,13499,
54.44,702.929,51.4448,7.49122,274.629,12.1628,126.225,1,3,-105,-10,2,35,35,9,28371201,262,1,66,13499,
55.442,714.701,51.4447,7.49136,274.878,11.1155,126.635,1,3,-105,-10,2,35,35,9,28371201,262,1,66,13499,
56.44,724.052,51.4447,7.49147,274.614,9.03559,127.21,1,4,-107,-9,2,33,34,9,27771907,262,1,150,13499,
57.439,729.674,51.4446,7.49154,274.1,4.47411,128.11,1,4,-107,-9,2,33,34,9,27771907,262,1,150,13499,
58.46,732.661,51.4446,7.49158,274.065,2.93912,129.098,1,1,-107,-9,2,33,33,9,27771907,262,1,150,13499,
59.423,734.078,51.4446,7.4916,274.056,0.906864,129.098,1,1,-107,-9,2,33,33,9,27771907,262,1,150,13499,
60.431,734.078,51.4446,7.4916,274.054,0,129.098,1,4,-107,-9,2,33,33,9,27771907,262,1,150,13499,
61.44,734.078,51.4446,7.4916,274.05,0,129.098,1,4,-107,-9,2,33,33,9,27771907,262,1,150,13499,
62.444,734.078,51.4446,7.4916,274.044,0,129.098,1,2,-108,-9,2,32,32,9,27771907,262,1,150,13499,
63.437,734.078,51.4446,7.4916,274.04,0,129.098,1,2,-108,-9,2,32,32,9,27771907,262,1,150,13499,
64.443,734.078,51.4446,7.4916,274.036,0,129.098,1,2,-108,-10,2,32,32,9,27771907,262,1,150,13499,
65.444,734.078,51.4446,7.4916,274.033,0,129.098,1,2,-108,-10,2,32,32,9,27771907,262,1,150,13499,
66.425,734.078,51.4446,7.4916,274.031,0,129.098,1,2,-109,-10,2,31,32,9,27771907,262,1,150,13499,
67.425,734.078,51.4446,7.4916,274.031,0,129.098,1,2,-109,-10,2,31,32,9,27771907,262,1,150,13499,
68.425,734.078,51.4446,7.4916,274.034,0,129.098,1,2,-109,-10,2,31,32,9,27771907,262,1,150,13499,
69.451,734.078,51.4446,7.4916,274.039,0,129.098,1,2,-109,-10,2,31,32,9,27771907,262,1,150,13499,
70.441,734.078,51.4446,7.4916,274.044,0,129.098,1,4,-109,-10,2,31,32,7,27771907,262,1,150,13499,
71.444,734.078,51.4446,7.4916,274.047,0,129.098,1,4,-109,-10,2,31,32,7,27771907,262,1,150,13499,
72.425,734.078,51.4446,7.4916,274.048,0,129.098,1,3,-107,-9,9,33,32,7,27771907,262,1,150,13499,
73.452,734.078,51.4446,7.4916,274.048,0,129.098,1,3,-107,-9,9,33,32,7,27771907,262,1,150,13499,
74.422,734.078,51.4446,7.4916,274.051,0,129.098,1,1,-108,-10,8,32,32,7,27771907,262,1,150,13499,
75.434,734.078,51.4446,7.4916,274.054,0,129.098,1,1,-108,-10,8,32,32,7,27771907,262,1,150,13499,
76.431,734.078,51.4446,7.4916,274.057,0,129.098,1,4,-107,-9,8,33,33,7,27771907,262,1,150,13499,
77.449,734.078,51.4446,7.4916,274.055,0,129.098,1,4,-107,-9,8,33,33,7,27771907,262,1,150,13499,
78.455,734.078,51.4446,7.4916,274.051,0,129.098,1,2,-107,-9,8,33,32,7,27771907,262,1,150,13499,
79.448,734.078,51.4446,7.4916,274.043,0,129.098,1,2,-107,-9,8,33,32,7,27771907,262,1,150,13499,
80.444,734.078,51.4446,7.4916,274.032,0,129.098,1,2,-107,-9,8,33,32,7,27771907,262,1,150,13499,
81.435,734.078,51.4446,7.4916,274.017,0,129.098,1,4,-108,-9,8,32,32,7,27771907,262,1,150,13499,
82.434,734.078,51.4446,7.4916,273.842,0,129.098,1,4,-108,-9,8,32,32,7,27771907,262,1,150,13499,
83.432,734.078,51.4446,7.4916,273.66,0,127.22,1,7,-106,-7,6,34,32,7,27771907,262,1,150,13499,
84.444,741.775,51.4446,7.49169,271.798,0,129.222,1,7,-106,-7,6,34,32,7,27771907,262,1,150,13499,
85.432,747.695,51.4445,7.49173,270.253,5.84512,161.696,1,8,-103,-7,7,37,35,7,27771907,262,1,150,13499,
86.423,752.517,51.4445,7.49171,270.422,5.9193,192.935,1,8,-103,-7,7,37,35,7,27771907,262,1,150,13499,
87.442,762.354,51.4444,7.49167,269.969,7.90597,206.614,1,17,-100,-6,2,40,37,7,27771907,262,1,150,13499,
88.447,767.969,51.4444,7.49162,270.466,8.70148,208.406,1,17,-100,-6,2,40,37,7,27771907,262,1,150,13499,
89.441,776.098,51.4443,7.49156,271.334,10.0166,211.357,1,13,-98,-6,2,42,39,7,27771907,262,1,150,13499,
90.466,785.979,51.4442,7.49148,272.301,10.9839,212.598,1,13,-98,-6,2,42,39,7,27771907,262,1,150,13499,
91.442,797.004,51.4441,7.49139,273.317,11.8187,213.136,1,16,-95,-6,2,45,43,7,27771907,262,1,150,13499,
92.448,809.712,51.444,7.49129,274.069,12.4692,213.551,1,16,-95,-6,2,45,43,7,27771907,262,1,150,13499,
93.454,822.692,51.4439,7.49118,274.83,13.2614,213.997,1,24,-91,-6,2,49,47,7,27771907,262,1,150,13499,
94.436,836.477,51.4438,7.49107,275.65,14.1232,214.556,1,24,-91,-6,2,49,47,7,27771907,262,1,150,13499,
95.456,851.224,51.4437,7.49095,276.47,14.7387,215.435,1,23,-76,-5,15,64,60,4,27771907,262,1,150,13499,
96.454,866.351,51.4436,7.49082,276.992,15.1053,215.869,1,23,-76,-5,15,64,60,4,27771907,262,1,150,13499,
97.572,883.091,51.4435,7.49067,277.592,15.3343,216.203,1,33,-72,-4,15,68,63,4,27771907,262,1,150,13499,
98.44,899.139,51.4434,7.49053,278.194,15.6793,217.013,1,33,-72,-4,15,68,63,4,27771907,262,1,150,13499,
99.407,915.08,51.4433,7.49039,278.597,15.872,217.203,1,25,-87,-6,13,53,49,4,27771907,262,1,150,13499,
100.458,931.383,51.4432,7.49024,278.726,16.1005,216.688,1,25,-87,-6,13,53,49,4,27771907,262,1,150,13499,
101.444,947.196,51.4431,7.4901,278.949,16.3416,216.721,1,22,-87,-5,15,53,49,4,27771907,262,1,150,13499,
102.442,962.845,51.4429,7.48996,279.408,16.4082,216.665,1,22,-87,-5,15,53,49,4,27771907,262,1,150,13499,
103.447,979.431,51.4428,7.48982,279.942,16.6872,215.978,1,30,-80,-5,15,60,57,4,27771907,262,1,150,13499,
104.444,994.954,51.4427,7.48969,280.214,16.8741,215.73,1,30,-80,-5,15,60,57,4,27771907,262,1,150,13499,
105.442,1010.02,51.4426,7.48957,280.327,16.497,215.774,1,24,-69,-5,15,71,63,4,27771907,262,1,150,13499,
106.447,1026.72,51.4425,7.48943,280.457,16.0763,216.783,1,24,-69,-5,15,71,63,4,27771907,262,1,150,13499,
107.43,1043.17,51.4424,7.48928,280.675,15.6585,217.721,1,24,-69,-5,15,71,63,4,27771907,262,1,150,13499,
108.466,1059.25,51.4422,7.48913,280.765,14.9837,216.853,1,33,-72,-5,15,68,63,4,27771907,262,1,150,13499,
109.463,1075.44,51.4421,7.48899,280.657,15.7742,217.636,1,33,-72,-5,15,68,63,4,27771907,262,1,150,13499,
110.439,1090.96,51.442,7.48885,280.699,15.8767,218.985,1,31,-75,-5,15,65,62,4,27771907,262,1,150,13499,
111.452,1108.18,51.4419,7.4887,280.516,15.5969,219.85,1,31,-75,-5,15,65,62,4,27771907,262,1,150,13499,
112.451,1124.74,51.4418,7.48854,280.596,15.4541,221.213,1,34,-61,-4,15,79,63,4,27771907,262,1,150,13499,
113.444,1140.92,51.4417,7.48837,280.664,14.8966,223.661,1,34,-61,-4,15,79,63,4,27771907,262,1,150,13499,
114.439,1156.7,51.4416,7.4882,281.304,15.66,226.252,1,28,-67,-5,15,73,63,4,27771907,262,1,150,13499,
115.468,1173.66,51.4415,7.48801,281.811,15.6395,228.162,1,28,-67,-5,15,73,63,4,27771907,262,1,150,13499,
116.436,1189.85,51.4414,7.48783,282.259,15.5333,229.511,1,33,-72,-5,15,68,63,4,27771907,262,1,150,13499,
117.45,1206.24,51.4413,7.48763,282.728,15.4553,230.601,1,33,-72,-5,15,68,63,4,27771907,262,1,150,13499,
118.433,1220.32,51.4412,7.48746,283.548,15.1202,231.421,1,28,-76,-5,15,64,60,4,27771907,262,1,150,13499,
119.436,1236.05,51.4412,7.48728,284.031,15.1866,231.792,1,28,-76,-5,15,64,60,4,27771907,262,1,150,13499,
120.451,1250.79,51.4411,7.4871,284.843,15.2234,232.755,1,28,-81,-6,15,59,56,4,27771907,262,1,150,13499,
121.433,1266.46,51.441,7.48692,285.541,15.2473,232.715,1,28,-81,-6,15,59,56,4,27771907,262,1,150,13499,
122.439,1282.49,51.4409,7.48674,285.879,15.4279,232.72,1,16,-87,-9,15,53,53,4,27771907,262,1,150,13499,
123.442,1297.95,51.4408,7.48656,286.086,15.4222,232.549,1,16,-87,-9,15,53,53,4,27771907,262,1,150,13499,
124.442,1313.75,51.4408,7.48638,286.203,15.5816,232.831,1,19,-81,-7,15,59,57,1,27771908,262,1,152,13499,
125.435,1328.91,51.4407,7.4862,286.039,15.486,233.091,1,19,-81,-7,15,59,57,1,27771908,262,1,152,13499,
126.442,1344.8,51.4406,7.48602,285.968,15.8081,233.101,1,19,-81,-7,15,59,58,1,27771908,262,1,152,13499,
127.445,1360.52,51.4405,7.48583,285.66,15.561,233.064,1,19,-81,-7,15,59,58,1,27771908,262,1,152,13499,
128.442,1375.78,51.4404,7.48565,285.556,15.0812,233.014,1,24,-78,-6,15,62,59,1,27771908,262,1,152,13499,
129.45,1390.24,51.4403,7.48549,285.349,14.9456,233.573,1,24,-78,-6,15,62,59,1,27771908,262,1,152,13499,
130.459,1404.81,51.4403,7.48532,285.017,14.8779,233.176,1,28,-74,-6,15,66,63,1,27771908,262,1,152,13499,
131.461,1419.26,51.4402,7.48515,284.697,14.7382,233.639,1,28,-74,-6,15,66,63,1,27771908,262,1,152,13499,
132.44,1434.44,51.4401,7.48498,284.68,15.1824,233.19,1,28,-74,-6,15,66,63,1,27771908,262,1,152,13499,
133.452,1449.41,51.44,7.4848,284.785,15.042,232.523,1,23,-74,-5,15,66,63,1,27771908,262,1,152,13499,
134.436,1464.83,51.4399,7.48462,285.256,15.3801,232.897,1,23,-74,-5,15,66,63,1,27771908,262,1,152,13499,
135.451,1479.29,51.4399,7.48445,285.802,14.9696,233.882,1,25,-70,-6,15,70,63,1,27771908,262,1,152,13499,
136.455,1493.73,51.4398,7.48428,286.12,14.6759,234.256,1,25,-70,-6,15,70,63,1,27771908,262,1,152,13499,
137.457,1509.2,51.4397,7.4841,286.704,15.0375,234.491,1,25,-67,-6,15,73,63,1,27771908,262,1,152,13499,
138.43,1523.79,51.4396,7.48392,287.557,14.914,233.701,1,25,-67,-6,15,73,63,1,27771908,262,1,152,13499,
139.435,1539.99,51.4396,7.48373,288.599,14.8361,233.201,1,29,-72,-5,15,68,63,1,27771908,262,1,152,13499,
140.438,1554.35,51.4395,7.48356,289.221,14.6431,232.911,1,29,-72,-5,15,68,63,1,27771908,262,1,152,13499,
141.437,1567.72,51.4394,7.4834,290.025,13.7619,234.358,1,27,-71,-5,15,69,63,1,27771908,262,1,152,13499,
142.448,1582.74,51.4393,7.48322,290.891,14.2134,236.6,1,27,-71,-5,15,69,63,1,27771908,262,1,152,13499,
143.451,1598.35,51.4393,7.48303,291.308,14.7932,237.021,1,30,-75,-5,15,65,62,1,27771908,262,1,152,13499,
144.461,1614,51.4392,7.48284,291.917,15.0583,238.126,1,30,-75,-5,15,65,62,1,27771908,262,1,152,13499,
145.44,1629.1,51.4391,7.48265,292.627,14.8493,238.495,1,24,-78,-5,15,62,59,1,27771908,262,1,152,13499,
146.449,1645.13,51.4391,7.48244,293.244,15.1212,239.355,1,24,-78,-5,15,62,59,1,27771908,262,1,152,13499,
147.443,1660.38,51.439,7.48225,294.038,14.8279,239.926,1,28,-82,-5,15,58,55,1,27771908,262,1,152,13499,
148.434,1674.87,51.4389,7.48206,294.823,14.2751,240.402,1,28,-82,-5,15,58,55,1,27771908,262,1,152,13499,
149.435,1689.12,51.4389,7.48188,295.386,14.5964,241.883,1,30,-85,-5,15,55,52,1,27771908,262,1,152,13499,
150.439,1704.12,51.4388,7.48168,295.804,14.3216,241.102,1,30,-85,-5,15,55,52,1,27771908,262,1,152,13499,
151.464,1718.71,51.4388,7.4815,296.037,15.0699,240.559,1,14,-91,-5,15,49,46,1,27771908,262,1,152,13499,
152.432,1735.27,51.4387,7.48129,296.881,14.9066,241.37,1,14,-91,-5,15,49,46,1,27771908,262,1,152,13499,
153.435,1750.42,51.4386,7.4811,296.975,15.5101,240.867,1,20,-92,-5,15,48,45,1,27771908,262,1,152,13499,
154.434,1767.38,51.4385,7.48089,297.346,15.4183,241.684,1,20,-92,-5,15,48,45,1,27771908,262,1,152,13499,
155.457,1782.73,51.4385,7.48069,297.768,15.2698,240.727,1,21,-96,-5,15,44,41,1,27771908,262,1,152,13499,
156.471,1795.5,51.4384,7.48053,297.393,15.2845,241.394,1,21,-96,-5,15,44,41,1,27771908,262,1,152,13499,
157.45,1811.17,51.4384,7.48032,297.197,15.3532,240.949,1,14,-99,-6,10,41,38,1,27771908,262,1,152,13499,
158.453,1826.82,51.4383,7.48013,297.277,15.4175,240.55,1,14,-99,-6,10,41,38,1,27771908,262,1,152,13499,
159.448,1842.81,51.4382,7.47992,296.997,14.8976,240.896,1,14,-99,-6,10,41,38,1,27771908,262,1,152,13499,
160.446,1856.55,51.4382,7.47975,296.381,15.6135,241.31,1,15,-100,-6,14,40,37,1,27771908,262,1,152,13499,
161.44,1872.57,51.4381,7.47955,296.11,15.7053,242.041,1,15,-100,-6,14,40,37,1,27771908,262,1,152,13499,
162.435,1887.14,51.438,7.47936,295.855,15.1738,242.41,1,13,-101,-7,9,39,37,1,27771908,262,1,152,13499,
163.453,1902.55,51.438,7.47916,295.807,14.9243,242.559,1,13,-101,-7,9,39,37,1,27771908,262,1,152,13499,
164.442,1916.55,51.4379,7.47899,295.726,14.0685,243.005,1,5,-102,-7,8,38,35,1,27771908,262,1,152,13499,
165.437,1930.8,51.4379,7.4788,295.471,14.0926,243.062,1,5,-102,-7,8,38,35,1,27771908,262,1,152,13499,
166.448,1946.15,51.4378,7.4786,296.462,14.4563,243.242,1,9,-103,-7,11,37,36,1,27771908,262,1,152,13499,
167.436,1961.95,51.4377,7.4784,297.127,14.8385,243.679,1,9,-103,-7,11,37,36,1,27771908,262,1,152,13499,
168.43,1977.15,51.4377,7.47821,298.048,14.8841,242.727,1,4,-103,-7,7,37,36,1,27771908,262,1,152,13499,
169.431,1992.86,51.4376,7.47801,298.525,14.8755,242.108,1,4,-103,-7,7,37,36,1,27771908,262,1,152,13499,
170.429,2008.06,51.4375,7.47782,298.483,14.9127,242.626,1,7,-105,-8,7,35,34,1,27771908,262,1,152,13499,
171.447,2022.58,51.4375,7.47763,298.307,14.9104,242.705,1,7,-105,-8,7,35,34,1,27771908,262,1,152,13499,
172.452,2037.51,51.4374,7.47744,298.216,14.2682,243.089,1,4,-107,-8,6,33,33,1,27771908,262,1,152,13499,
173.432,2051.14,51.4373,7.47727,297.352,14.0677,243.573,1,4,-107,-8,6,33,33,1,27771908,262,1,152,13499,
174.442,2064.63,51.4373,7.4771,296.77,13.2763,245.468,1,6,-107,-8,2,33,32,1,27771908,262,1,152,13499,
175.441,2078,51.4372,7.47692,296.052,12.6106,247.839,1,6,-107,-8,2,33,32,1,27771908,262,1,152,13499,
176.454,2090.65,51.4372,7.47675,295.563,11.9732,250.931,1,9,-105,-8,2,35,33,1,27771908,262,1,152,13499,
177.452,2102.31,51.4372,7.47658,294.772,10.7937,264.815,1,9,-105,-8,2,35,33,1,27771908,262,1,152,13499,
178.443,2112.67,51.4372,7.47643,293.449,9.55617,280.829,1,14,-105,-7,2,35,34,1,27771908,262,1,152,13499,
179.441,2121.59,51.4372,7.47632,291.963,8.91831,298.616,1,14,-105,-7,2,35,34,1,27771908,262,1,152,13499,
180.425,2131.9,51.4373,7.47623,290.913,8.88736,323.846,1,15,-103,-7,2,37,35,1,27771908,262,1,152,13499,
181.434,2141.27,51.4374,7.47619,290.846,8.8742,350.897,1,15,-103,-7,2,37,35,1,27771908,262,1,152,13499,
182.438,2148.94,51.4375,7.47621,290.742,9.35388,14.3515,1,15,-103,-7,2,37,35,1,27771908,262,1,152,13499,
183.444,2158.62,51.4375,7.47628,290.351,9.84367,31.7612,1,20,-99,-6,2,41,39,1,27771908,262,1,152,13499,
184.449,2168.72,51.4376,7.47638,290.45,10.452,44.8041,1,20,-99,-6,2,41,39,1,27771908,262,1,152,13499,
185.498,2181.45,51.4377,7.47651,290.124,10.661,46.5197,1,31,-90,-5,2,50,47,1,27771908,262,1,152,13499,
186.434,2194.87,51.4378,7.47665,290.298,12.3321,48.7363,1,31,-90,-5,2,50,47,1,27771908,262,1,152,13499,
187.485,2210.39,51.4379,7.47682,290.454,14.5014,50.5607,1,33,-78,-5,15,62,57,10,27771908,262,1,152,13499,
188.424,2224.5,51.4379,7.47698,290.27,15.773,51.9961,1,33,-78,-5,15,62,57,10,27771908,262,1,152,13499,
189.434,2240.94,51.438,7.47717,289.68,16.6929,53.1687,1,30,-75,-4,15,65,59,10,27771908,262,1,152,13499,
190.454,2257.71,51.4381,7.47737,289.043,17.6444,54.1021,1,30,-75,-4,15,65,59,10,27771908,262,1,152,13499,
191.435,2274.9,51.4382,7.47757,288.453,18.5967,54.5678,1,30,-77,-4,15,63,58,10,27771908,262,1,152,13499,
192.448,2294.57,51.4383,7.47781,287.844,19.2607,55.2038,1,30,-77,-4,15,63,58,10,27771908,262,1,152,13499,
193.432,2313.68,51.4384,7.47804,287.492,19.4767,55.7853,1,30,-77,-4,15,63,59,10,27771908,262,1,152,13499,
194.449,2334.85,51.4385,7.47829,287.895,20.4958,56.7182,1,30,-77,-4,15,63,59,10,27771908,262,1,152,13499,
195.442,2356.66,51.4386,7.47856,288.005,21.7217,57.1344,1,28,-81,-4,15,59,56,10,27771908,262,1,152,13499,
196.443,2378.18,51.4387,7.47883,288.062,21.9777,58.7494,1,28,-81,-4,15,59,56,10,27771908,262,1,152,13499,
197.454,2400.49,51.4388,7.4791,288.009,22.9665,56.6462,1,30,-82,-5,15,58,55,10,27771908,262,1,152,13499,
198.427,2423.94,51.4389,7.47938,287.914,22.9897,56.0811,1,30,-82,-5,15,58,55,10,27771908,262,1,152,13499,
199.44,2446.88,51.439,7.47966,287.656,22.6398,55.3445,1,23,-85,-5,15,55,52,10,27771908,262,1,152,13499,
200.449,2468.98,51.4391,7.47993,287.573,22.176,54.5581,1,23,-85,-5,15,55,52,10,27771908,262,1,152,13499,
201.443,2489.93,51.4392,7.48018,287.386,22.0597,54.4779,1,27,-86,-5,15,54,51,10,27771908,262,1,152,13499,
202.424,2511.73,51.4394,7.48045,286.876,21.7575,54.525,1,27,-86,-5,15,54,51,10,27771908,262,1,152,13499,
203.454,2533.09,51.4395,7.4807,286.336,21.5437,54.3506,1,27,-86,-5,15,54,51,10,27771908,262,1,152,13499,
204.449,2554.25,51.4396,7.48095,285.869,21.2846,54.008,1,28,-85,-5,12,55,52,10,27771908,262,1,152,13499,
205.446,2575.25,51.4397,7.48119,285.554,21.2129,51.8396,1,28,-85,-5,12,55,52,10,27771908,262,1,152,13499,
206.438,2597.7,51.4398,7.48144,285.638,20.9885,50.2359,1,21,-87,-5,13,53,50,10,27771908,262,1,152,13499,
207.464,2619.92,51.44,7.48168,285.711,21.1734,48.5529,1,21,-87,-5,13,53,50,10,27771908,262,1,152,13499,
208.443,2640.92,51.4401,7.4819,285.774,21.5519,47.389,1,20,-85,-6,12,55,52,10,27771908,262,1,152,13499,
209.434,2662.16,51.4402,7.48212,285.152,21.3519,45.5708,1,20,-85,-6,12,55,52,10,27771908,262,1,152,13499,
210.461,2684.12,51.4404,7.48234,284.426,21.7698,42.7658,1,25,-84,-5,12,56,52,10,27771908,262,1,152,13499,
211.436,2705.12,51.4405,7.48253,283.776,21.915,41.6264,1,25,-84,-5,12,56,52,10,27771908,262,1,152,13499,
212.443,2727.03,51.4407,7.48274,282.993,21.8094,40.9627,1,20,-84,-6,12,56,52,10,27771908,262,1,152,13499,
213.447,2748.59,51.4408,7.48294,282.16,21.7359,40.527,1,20,-84,-6,12,56,52,10,27771908,262,1,152,13499,
214.44,2770.61,51.441,7.48315,281.46,22.0013,39.569,1,21,-84,-6,12,56,53,10,27771908,262,1,152,13499,
215.45,2792.31,51.4411,7.48334,280.94,22.3601,38.2329,1,21,-84,-6,12,56,53,10,27771908,262,1,152,13499,
216.453,2814.55,51.4413,7.48354,280.215,22.3449,37.9916,1,21,-82,-5,12,58,54,10,27771908,262,1,152,13499,
217.442,2837.58,51.4414,7.48373,279.518,22.3651,36.688,1,21,-82,-5,12,58,54,10,27771908,262,1,152,13499,
218.429,2860.99,51.4416,7.48392,279.131,22.5236,34.4365,1,14,-86,-6,11,54,50,10,27771908,262,1,152,13499,
219.449,2882.71,51.4418,7.48409,278.835,22.3177,33.2473,1,14,-86,-6,11,54,50,10,27771908,262,1,152,13499,
220.45,2903.9,51.4419,7.48424,278.37,22.1258,30.1442,1,0,-90,-9,11,50,49,10,27771908,262,1,152,13499,
221.435,2925.75,51.4421,7.48438,277.802,22.2355,28.0077,1,0,-90,-9,11,50,49,10,27771908,262,1,152,13499,
222.439,2947.49,51.4423,7.48453,277.111,22.0312,27.3164,1,16,-84,-7,15,56,51,1,27771909,262,1,151,13499,
223.466,2969.86,51.4425,7.48467,276.601,21.9559,26.1458,1,16,-84,-7,15,56,51,1,27771909,262,1,151,13499,
224.442,2991.79,51.4426,7.48481,276.125,21.5066,25.3795,1,25,-85,-7,15,55,52,1,27771909,262,1,151,13499,
225.473,3013.44,51.4428,7.48494,275.699,21.2706,24.2765,1,25,-85,-7,15,55,52,1,27771909,262,1,151,13499,
226.443,3034.64,51.443,7.48507,275.196,21.1563,24.185,1,25,-85,-7,15,55,52,1,27771909,262,1,151,13499,
227.452,3055.15,51.4432,7.48518,274.499,21.232,24.0976,1,30,-76,-6,15,64,61,1,27771909,262,1,151,13499,
228.458,3076.85,51.4433,7.48532,273.998,21.5158,23.5079,1,30,-76,-6,15,64,61,1,27771909,262,1,151,13499,
229.437,3098.32,51.4435,7.48545,273.629,21.4464,23.7696,1,30,-80,-6,14,60,56,1,27771909,262,1,151,13499,
230.454,3119.17,51.4437,7.48557,273.217,21.1418,22.9294,1,30,-80,-6,14,60,56,1,27771909,262,1,151,13499,
231.427,3139.28,51.4439,7.48568,272.473,19.4213,21.8957,1,30,-70,-5,15,70,63,1,27771909,262,1,151,13499,
232.435,3157.93,51.444,7.48577,271.748,18.0931,20.7284,1,30,-70,-5,15,70,63,1,27771909,262,1,151,13499,
233.453,3174.93,51.4442,7.48586,271.052,16.7658,21.5503,1,30,-66,-5,15,74,63,1,27771909,262,1,151,13499,
234.437,3190,51.4443,7.48595,270.616,14.8115,22.2607,1,30,-66,-5,15,74,63,1,27771909,262,1,151,13499,
235.446,3205.16,51.4444,7.48604,270.142,13.5089,24.7682,1,30,-68,-5,15,72,63,1,27771909,262,1,151,13499,
236.459,3216.54,51.4445,7.48613,269.12,13.1364,28.7529,1,30,-68,-5,15,72,63,1,27771909,262,1,151,13499,
237.424,3230.69,51.4446,7.48627,268.233,12.4595,44.6685,1,35,-73,-5,15,67,63,1,27771909,262,1,151,13499,
238.456,3242.85,51.4447,7.4864,267.708,11.851,48.3367,1,35,-73,-5,15,67,63,1,27771909,262,1,151,13499,
239.451,3255.24,51.4447,7.48656,266.963,11.73,71.3752,1,19,-79,-5,15,61,57,1,27771909,262,1,151,13499,
240.437,3265.86,51.4447,7.48672,266.357,11.8361,86.3347,1,19,-79,-5,15,61,57,1,27771909,262,1,151,13499,
241.443,3278.37,51.4447,7.4869,265.834,12.3925,89.9924,1,21,-83,-5,15,57,53,1,27771909,262,1,151,13499,
242.442,3290.65,51.4447,7.48707,265.653,12.633,110.673,1,21,-83,-5,15,57,53,1,27771909,262,1,151,13499,
243.444,3303.03,51.4446,7.48722,265.064,12.5908,124.837,1,26,-81,-6,15,59,56,1,27771909,262,1,151,13499,
244.435,3315.54,51.4445,7.48734,264.274,12.4864,138.151,1,26,-81,-6,15,59,56,1,27771909,262,1,151,13499,
245.441,3328.51,51.4444,7.48744,263.292,12.9725,150.813,1,35,-67,-5,15,73,63,1,27771909,262,1,151,13499,
246.44,3340.43,51.4443,7.4875,262.659,12.9952,164.903,1,35,-67,-5,15,73,63,1,27771909,262,1,151,13499,
247.484,3352.79,51.4442,7.48752,262.073,13.021,179.752,1,37,-67,-5,15,73,63,1,27771909,262,1,151,13499,
248.432,3365.55,51.4441,7.48749,261.744,12.4348,196.502,1,37,-67,-5,15,73,63,1,27771909,262,1,151,13499,
249.448,3378.69,51.444,7.48743,261.26,12.9485,200.441,1,38,-69,-6,12,71,63,1,27771909,262,1,151,13499,
250.435,3390.89,51.4439,7.48732,261.18,12.848,220.49,1,38,-69,-6,12,71,63,1,27771909,262,1,151,13499,
251.439,3403.71,51.4439,7.48716,261.243,13.2355,238.455,1,38,-69,-6,12,71,63,1,27771909,262,1,151,13499,
252.457,3416.22,51.4438,7.48699,261.365,13.7408,252.702,1,39,-78,-5,15,62,58,1,27771909,262,1,151,13499,
253.434,3431.22,51.4438,7.48679,261.839,14.081,256.329,1,39,-78,-5,15,62,58,1,27771909,262,1,151,13499,
254.461,3445.65,51.4438,7.48658,262.554,14.7265,270.338,1,24,-83,-6,15,57,53,1,27771909,262,1,151,13499,
255.431,3461.69,51.4438,7.48635,263.633,15.6922,269.782,1,24,-83,-6,15,57,53,1,27771909,262,1,151,13499,
256.424,3477.69,51.4438,7.48611,264.48,16.6867,269.266,1,22,-82,-6,15,58,55,1,27771909,262,1,151,13499,
257.462,3495.15,51.4438,7.48586,265.252,17.7022,268.827,1,22,-82,-6,15,58,55,1,27771909,262,1,151,13499,
258.466,3513.87,51.4438,7.48559,265.86,18.6273,268.373,1,40,-80,-5,15,60,56,1,27771909,262,1,151,13499,
259.442,3532.54,51.4438,7.48532,265.955,18.1082,268.997,1,40,-80,-5,15,60,56,1,27771909,262,1,151,13499,
260.438,3549.62,51.4438,7.48508,266.137,18.9252,269.694,1,28,-86,-6,13,54,51,1,27771909,262,1,151,13499,
261.467,3569.76,51.4438,7.48479,266.796,20.4499,270.076,1,28,-86,-6,13,54,51,1,27771909,262,1,151,13499,
262.442,3592.77,51.4438,7.48445,267.572,22.2589,269.626,1,22,-80,-5,13,60,56,1,27771909,262,1,151,13499,
263.453,3617.85,51.4438,7.48409,268.276,23.0268,268.685,1,22,-80,-5,13,60,56,1,27771909,262,1,151,13499,
264.446,3641.98,51.4438,7.48374,268.797,23.7731,268.581,1,31,-72,-5,15,68,63,1,27771909,262,1,151,13499,
265.459,3666.23,51.4437,7.48339,269.285,24.5046,268.64,1,31,-72,-5,15,68,63,1,27771909,262,1,151,13499,
266.472,3691.29,51.4437,7.48303,269.796,25.4481,267.87,1,39,-77,-5,15,63,59,1,27771909,262,1,151,13499,
267.438,3716.75,51.4437,7.48266,270.262,26.2248,267.314,1,39,-77,-5,15,63,59,1,27771909,262,1,151,13499,
268.445,3743.28,51.4437,7.48228,270.4,27.175,267.133,1,36,-84,-5,12,56,52,1,27771909,262,1,151,13499,
269.473,3770.86,51.4437,7.48188,270.288,27.9999,266.908,1,36,-84,-5,12,56,52,1,27771909,262,1,151,13499,
270.469,3799.02,51.4437,7.48148,270.2,28.7031,266.379,1,10,-88,-6,11,52,49,1,27771909,262,1,151,13499,
271.437,3827.67,51.4437,7.48107,270.079,28.8041,265.895,1,10,-88,-6,11,52,49,1,27771909,262,1,151,13499,
272.44,3856.35,51.4436,7.48065,269.809,28.8646,265.133,1,18,-88,-6,12,52,48,1,27771909,262,1,151,13499,
273.449,3885.17,51.4436,7.48024,269.527,29.2784,264.01,1,18,-88,-6,12,52,48,1,27771909,262,1,151,13499,
274.462,3914.76,51.4436,7.47982,269.212,30.1268,263.094,1,32,-88,-5,11,52,49,1,27771909,262,1,151,13499,
275.446,3945.15,51.4435,7.47938,268.789,31.0429,263.292,1,32,-88,-5,11,52,49,1,27771909,262,1,151,13499,
276.447,3976.74,51.4435,7.47893,268.278,32.2849,262.913,1,32,-88,-5,11,52,49,1,27771909,262,1,151,13499,
277.431,4008.87,51.4435,7.47847,267.773,32.2813,262.922,1,34,-89,-6,13,51,48,1,27771909,262,1,151,13499,
278.431,4041.51,51.4434,7.478,267.395,32.6235,263.092,1,34,-89,-6,13,51,48,1,27771909,262,1,151,13499,
279.436,4074.35,51.4434,7.47753,267.033,33.095,262.81,1,33,-88,-6,11,52,46,1,27771909,262,1,151,13499,
280.462,4107.27,51.4434,7.47706,266.427,33.672,262.092,1,33,-88,-6,11,52,46,1,27771909,262,1,151,13499,
281.443,4141.03,51.4433,7.47658,265.672,33.6735,261.547,1,13,-92,-7,12,48,45,1,27771909,262,1,151,13499,
282.439,4174.39,51.4433,7.4761,265.043,33.0405,260.468,1,13,-92,-7,12,48,45,1,27771909,262,1,151,13499,
283.444,4207.21,51.4432,7.47563,264.4,33.1061,260.881,1,18,-94,-7,9,46,44,1,27771909,262,1,151,13499,
284.443,4240.23,51.4432,7.47516,263.818,32.832,260.095,1,18,-94,-7,9,46,44,1,27771909,262,1,151,13499,
285.447,4272.15,51.4431,7.47471,263.032,32.4857,259.007,1,24,-98,-7,12,42,41,1,27771909,262,1,151,13499,
286.475,4303.76,51.4431,7.47426,262.051,31.938,258.511,1,24,-98,-7,12,42,41,1,27771909,262,1,151,13499,
287.443,4335.21,51.443,7.47382,261.055,31.6822,258.131,1,4,-105,-9,7,35,35,1,27771909,262,1,151,13499,
288.446,4366.15,51.4429,7.47338,260.197,31.1543,258.433,1,4,-105,-9,7,35,35,1,27771909,262,1,151,13499,
289.438,4396.34,51.4429,7.47295,259.278,30.5747,258.642,1,0,-111,-13,4,29,33,1,27771909,262,1,151,13499,
290.447,4426.1,51.4428,7.47253,258.034,30.609,258.855,1,0,-111,-13,4,29,33,1,27771909,262,1,151,13499,
291.433,4456.36,51.4428,7.4721,256.916,30.3967,259.344,1,-2,-116,-13,5,24,28,1,27771909,262,1,151,13499,
292.436,4485.81,51.4427,7.47168,255.47,30.4185,259.108,1,-2,-116,-13,5,24,28,1,27771909,262,1,151,13499,
293.431,4516.46,51.4427,7.47125,254.237,30.5559,258.941,0,0,0,0,0,0,0,0,0,0,0,0,0,
294.431,4547.31,51.4426,7.47081,253.217,30.9579,258.307,0,0,0,0,0,0,0,0,0,0,0,0,0,
295.45,4577.34,51.4426,7.47039,251.773,31.2643,257.986,0,0,0,0,0,0,0,0,0,0,0,0,0,
296.446,4608.17,51.4425,7.46995,250.222,31.4637,257.816,0,0,0,0,0,0,0,0,0,0,0,0,0,
297.453,4639.81,51.4425,7.46951,248.96,31.3459,257.944,0,0,0,0,0,0,0,0,0,0,0,0,0,
298.438,4670.72,51.4424,7.46907,248.042,30.9379,257.862,0,0,0,0,0,0,0,0,0,0,0,0,0,
299.438,4701.69,51.4423,7.46863,247.255,30.8918,258.032,0,0,0,0,0,0,0,0,0,0,0,0,0,
300.443,4732.17,51.4423,7.4682,246.456,30.8989,258.484,0,0,0,0,0,0,0,0,0,0,0,0,0,
301.448,4762.99,51.4422,7.46776,245.836,30.8609,259.056,0,0,0,0,0,0,0,0,0,0,0,0,0,
302.439,4793.65,51.4422,7.46733,245.23,30.8012,259.266,0,0,0,0,0,0,0,0,0,0,0,0,0,
303.442,4824.29,51.4421,7.46689,244.565,30.8493,259.284,0,0,0,0,0,0,0,0,0,0,0,0,0,
304.444,4855.17,51.4421,7.46645,243.953,30.7877,259.967,0,0,0,0,0,0,0,0,0,0,0,0,0,
305.438,4886.11,51.442,7.46601,243.432,30.9725,259.979,0,0,0,0,0,0,0,0,0,0,0,0,0,
306.438,4916.76,51.442,7.46558,242.957,30.7816,260.656,0,0,0,0,0,0,0,0,0,0,0,0,0,
307.449,4947.44,51.4419,7.46514,242.546,30.7459,260.854,0,0,0,0,0,0,0,0,0,0,0,0,0,
308.442,4977.68,51.4419,7.46471,241.796,30.3767,261.015,0,0,0,0,0,0,0,0,0,0,0,0,0,
309.449,5007.28,51.4419,7.46428,241.079,29.8071,261.861,0,0,0,0,0,0,0,0,0,0,0,0,0,
310.446,5036.22,51.4418,7.46387,240.32,29.1786,263.026,0,0,0,0,0,0,0,0,0,0,0,0,0,
311.444,5064.63,51.4418,7.46346,239.676,28.9425,264.043,0,0,0,0,0,0,0,0,0,0,0,0,0,
312.431,5093.49,51.4418,7.46305,239.099,28.8972,263.63,0,0,0,0,0,0,0,0,0,0,0,0,0,
313.44,5122.11,51.4418,7.46264,238.733,28.7365,264.011,0,0,0,0,0,0,0,0,0,0,0,0,0,
314.442,5150.83,51.4417,7.46222,238.623,28.7724,263.974,0,0,0,0,0,0,0,0,0,0,0,0,0,
315.447,5179.96,51.4417,7.46181,238.678,28.8698,265.116,0,0,0,0,0,0,0,0,0,0,0,0,0,
316.441,5208.77,51.4417,7.46139,238.988,28.5562,265.674,1,8,-101,-8,2,39,38,23,31281409,262,1,232,13499,
317.449,5237.39,51.4417,7.46098,239.169,28.1737,266.187,1,8,-101,-8,2,39,38,23,31281409,262,1,232,13499,
318.435,5265.19,51.4416,7.46058,239.282,27.809,266.714,1,6,-101,-8,6,39,39,23,31281409,262,1,232,13499,
319.434,5292.92,51.4416,7.46018,239.362,27.6946,267.04,1,6,-101,-8,6,39,39,23,31281409,262,1,232,13499,
320.439,5320.31,51.4416,7.45978,239.457,27.4419,267.373,1,6,-101,-8,6,39,39,23,31281409,262,1,232,13499,
321.454,5347.36,51.4416,7.45939,239.447,27.1855,267.846,1,1,-106,-10,4,34,36,23,31281409,262,1,232,13499,
322.443,5374.38,51.4416,7.459,239.302,27.2006,268.453,1,1,-106,-10,4,34,36,23,31281409,262,1,232,13499,
323.429,5401.74,51.4416,7.45861,239.092,27.5231,269.173,1,3,-102,-9,8,38,38,23,31281409,262,1,232,13499,
324.441,5428.68,51.4416,7.45822,238.512,27.5687,269.124,1,3,-102,-9,8,38,38,23,31281409,262,1,232,13499,
325.442,5455.87,51.4416,7.45783,237.697,27.9346,268.975,1,2,-103,-9,8,37,38,23,31281409,262,1,232,13499,
326.438,5483.98,51.4416,7.45742,236.935,28.3495,268.755,1,2,-103,-9,8,37,38,23,31281409,262,1,232,13499,
327.448,5512.71,51.4416,7.45701,236.376,28.7727,268.528,1,11,-96,-6,13,44,42,25,27771908,262,1,152,13499,
328.442,5541.26,51.4416,7.4566,235.918,28.694,268.673,1,11,-96,-6,13,44,42,25,27771908,262,1,152,13499,
329.442,5568.76,51.4416,7.4562,235.286,27.7182,269.044,1,7,-95,-6,8,45,43,25,27771908,262,1,152,13499,
330.44,5595.64,51.4416,7.45581,234.761,26.2852,270.246,1,7,-95,-6,8,45,43,25,27771908,262,1,152,13499,
331.443,5620.86,51.4416,7.45545,234.449,24.8497,271.961,1,6,-88,-5,6,52,49,16,33527552,262,1,433,13499,
332.428,5644.78,51.4416,7.4551,234.157,23.1266,271.85,1,6,-88,-5,6,52,49,16,33527552,262,1,433,13499,
333.45,5667.75,51.4416,7.45477,233.862,22.7019,271.947,1,16,-84,-5,15,56,52,16,33527552,262,1,433,13499,
334.441,5690.26,51.4416,7.45445,233.838,22.7359,272.049,1,16,-84,-5,15,56,52,16,33527552,262,1,433,13499,
335.451,5713.49,51.4416,7.45411,233.749,23.0661,273.282,1,14,-79,-4,12,61,56,16,33527552,262,1,433,13499,
336.457,5736.12,51.4416,7.45378,233.697,23.2332,274.627,1,14,-79,-4,12,61,56,16,33527552,262,1,433,13499,
337.45,5759.84,51.4416,7.45344,233.792,23.5752,274.798,1,14,-80,-5,10,60,56,16,33527552,262,1,433,13499,
338.433,5783.91,51.4417,7.4531,233.746,24.2009,274.867,1,14,-80,-5,10,60,56,16,33527552,262,1,433,13499,
339.443,5808.39,51.4417,7.45274,233.698,24.8579,275.34,1,18,-83,-6,9,57,54,16,33527552,262,1,433,13499,
340.455,5833.13,51.4417,7.45239,233.493,25.4024,275.857,1,18,-83,-6,9,57,54,16,33527552,262,1,433,13499,
341.429,5858.68,51.4417,7.45202,233.276,25.8135,276.159,1,14,-81,-5,11,59,56,16,33527552,262,1,433,13499,
342.434,5883.99,51.4417,7.45166,233.127,25.4327,276.807,1,14,-81,-5,11,59,56,16,33527552,262,1,433,13499,
343.432,5908.89,51.4418,7.4513,233.016,24.998,277.326,1,15,-77,-4,12,63,59,16,33527552,262,1,433,13499,
344.436,5933.28,51.4418,7.45095,232.942,24.9927,277.369,1,15,-77,-4,12,63,59,16,33527552,262,1,433,13499,
345.43,5958.57,51.4418,7.45059,233.006,25.0657,277.76,1,15,-77,-4,12,63,59,16,33527552,262,1,433,13499,
346.447,5983.84,51.4418,7.45023,232.994,25.0888,277.906,1,18,-77,-4,13,63,59,16,33527552,262,1,433,13499,
347.444,6008.97,51.4419,7.44987,232.953,25.2474,278.024,1,18,-77,-4,13,63,59,16,33527552,262,1,433,13499,
348.443,6034.01,51.4419,7.44951,232.675,25.5543,278.059,1,20,-75,-5,2,65,62,16,33527552,262,1,433,13499,
349.454,6059.43,51.4419,7.44914,232.272,25.8818,278.404,1,20,-75,-5,2,65,62,16,33527552,262,1,433,13499,
350.443,6085.35,51.442,7.44877,231.823,26.381,278.72,1,22,-76,-5,2,64,61,16,33527552,262,1,433,13499,
351.539,6111.75,51.442,7.4484,231.374,26.7828,279.676,1,22,-76,-5,2,64,61,16,33527552,262,1,433,13499,
352.44,6138.09,51.4421,7.44802,230.881,26.7258,280.27,1,20,-77,-4,2,63,58,16,33527552,262,1,433,13499,
353.438,6164.43,51.4421,7.44765,230.38,26.5705,280.681,1,20,-77,-4,2,63,58,16,33527552,262,1,433,13499,
354.47,6191.21,51.4421,7.44727,230.065,26.7874,280.878,1,22,-76,-5,15,64,60,10,33527552,262,1,433,13499,
355.446,6217.65,51.4422,7.4469,229.467,27.0107,281.267,1,22,-76,-5,15,64,60,10,33527552,262,1,433,13499,
356.436,6244.31,51.4422,7.44652,228.81,26.8701,281.938,1,23,-73,-5,15,67,63,10,33527552,262,1,433,13499,
357.433,6271.4,51.4423,7.44614,228.272,26.9594,282.349,1,23,-73,-5,15,67,63,10,33527552,262,1,433,13499,
358.432,6298.94,51.4423,7.44575,228.16,26.8849,282.545,1,25,-72,-5,15,68,63,10,33527552,262,1,433,13499,
359.433,6326.17,51.4424,7.44537,228.304,26.5926,283.333,1,25,-72,-5,15,68,63,10,33527552,262,1,433,13499,
360.432,6352.69,51.4425,7.44499,228.575,26.2703,283.601,1,24,-68,-5,15,72,63,10,33527552,262,1,433,13499,
361.443,6379.09,51.4425,7.44462,228.867,26.1539,284.003,1,24,-68,-5,15,72,63,10,33527552,262,1,433,13499,
362.453,6405.64,51.4426,7.44425,229.367,26.4305,283.999,1,25,-68,-5,15,72,63,10,33527552,262,1,433,13499,
363.449,6432.95,51.4426,7.44387,230.064,26.6903,284.03,1,25,-68,-5,15,72,63,10,33527552,262,1,433,13499,
364.452,6460.02,51.4427,7.44349,230.839,26.5546,283.856,1,25,-67,-5,12,73,63,10,33527552,262,1,433,13499,
365.454,6486.74,51.4428,7.44312,231.613,26.3821,284.474,1,25,-67,-5,12,73,63,10,33527552,262,1,433,13499,
366.446,6513.18,51.4428,7.44275,232.103,26.6293,285.294,1,25,-67,-4,15,73,63,10,33527552,262,1,433,13499,
367.47,6540.24,51.4429,7.44238,232.533,26.9271,285.81,1,25,-67,-4,15,73,63,10,33527552,262,1,433,13499,
368.44,6567.84,51.443,7.44199,232.869,27.5175,286.104,1,29,-68,-5,12,72,63,10,33527552,262,1,433,13499,
369.41,6595.54,51.443,7.44161,233.297,27.8163,286.681,1,29,-68,-5,12,72,63,10,33527552,262,1,433,13499,
370.439,6623.2,51.4431,7.44123,233.469,27.6556,287.146,1,28,-69,-5,15,71,63,10,33527552,262,1,433,13499,
371.419,6650.12,51.4432,7.44086,233.198,27.3735,287.463,1,28,-69,-5,15,71,63,10,33527552,262,1,433,13499,
372.444,6676.61,51.4432,7.44049,232.587,27.2085,287.606,1,28,-69,-5,15,71,63,10,33527552,262,1,433,13499,
373.46,6703.25,51.4433,7.44013,231.919,27.0514,288.085,1,19,-79,-6,12,61,58,10,33527552,262,1,433,13499,
374.446,6729.58,51.4434,7.43977,230.932,27.1239,288.488,1,19,-79,-6,12,61,58,10,33527552,262,1,433,13499,
375.451,6756.12,51.4435,7.43941,229.956,27.1911,289.093,1,19,-76,-5,11,64,61,10,33527552,262,1,433,13499,
376.444,6783.5,51.4436,7.43903,229.185,27.4427,289.427,1,19,-76,-5,11,64,61,10,33527552,262,1,433,13499,
377.449,6810.94,51.4436,7.43866,228.237,27.7872,289.666,1,14,-79,-5,12,61,59,10,33527552,262,1,433,13499,
378.448,6838.73,51.4437,7.43828,227.166,28.2493,289.934,1,14,-79,-5,12,61,59,10,33527552,262,1,433,13499,
379.428,6867.12,51.4438,7.4379,226.082,28.7354,290.004,1,15,-76,-5,14,64,63,10,33527552,262,1,433,13499,
380.442,6896,51.4439,7.43751,225.125,28.8029,290.451,1,15,-76,-5,14,64,63,10,33527552,262,1,433,13499,
381.429,6924.75,51.444,7.43712,224.128,29.0864,291.974,1,8,-80,-6,6,60,59,1,33527554,262,1,434,13499,
382.432,6954.06,51.4441,7.43673,223.056,29.3924,291.689,1,8,-80,-6,6,60,59,1,33527554,262,1,434,13499,
383.44,6983.67,51.4442,7.43633,221.819,29.1018,291.351,1,15,-84,-6,14,56,54,1,33527554,262,1,434,13499,
384.453,7012.75,51.4443,7.43594,220.843,29.1511,291.664,1,15,-84,-6,14,56,54,1,33527554,262,1,434,13499,
385.397,7043.46,51.4444,7.43554,219.63,29.4812,292.942,1,12,-85,-5,12,55,53,1,33527554,262,1,434,13499,
386.43,7072.47,51.4445,7.43516,218.396,29.5808,293.507,1,12,-85,-5,12,55,53,1,33527554,262,1,434,13499,
387.437,7102.08,51.4446,7.43477,217.25,30.0676,294.155,1,9,-82,-5,15,58,53,1,33527554,262,1,434,13499,
388.438,7132.01,51.4448,7.43438,216.025,30.1518,295.081,1,9,-82,-5,15,58,53,1,33527554,262,1,434,13499,
389.45,7162.2,51.4449,7.434,214.852,30.0843,296.275,1,5,-86,-6,10,54,52,1,33527554,262,1,434,13499,
390.44,7191.88,51.445,7.43361,213.593,30.0024,296.83,1,5,-86,-6,10,54,52,1,33527554,262,1,434,13499,
391.46,7221.26,51.4451,7.43324,212.292,29.6929,297.84,1,11,-85,-5,12,55,51,1,33527554,262,1,434,13499,
392.429,7250.75,51.4453,7.43287,210.838,29.9319,299.4,1,11,-85,-5,12,55,51,1,33527554,262,1,434,13499,
393.434,7280.7,51.4454,7.4325,209.334,29.8366,300.481,1,8,-84,-6,12,56,50,1,33527554,262,1,434,13499,
394.435,7310.44,51.4455,7.43214,207.736,29.603,301.725,1,8,-84,-6,12,56,50,1,33527554,262,1,434,13499,
395.445,7339.99,51.4457,7.43178,206.142,29.2966,302.932,1,8,-84,-6,12,56,50,1,33527554,262,1,434,13499,
396.487,7368.81,51.4458,7.43143,204.692,29.0713,303.289,1,23,-81,-6,2,59,57,1,33527554,262,1,434,13499,
397.438,7397.86,51.446,7.43109,203.011,28.7983,305.794,1,23,-81,-6,2,59,57,1,33527554,262,1,434,13499,
398.443,7426.65,51.4461,7.43075,200.952,28.7876,307.029,1,24,-80,-6,14,60,58,6,33527554,262,1,434,13499,
399.445,7454.87,51.4463,7.43043,199.098,28.7962,307.238,1,24,-80,-6,14,60,58,6,33527554,262,1,434,13499,
400.456,7483.88,51.4464,7.4301,197.176,28.8067,308.761,1,40,-79,-5,15,61,59,6,33527554,262,1,434,13499,
401.441,7512.59,51.4466,7.42978,195.416,28.6708,310.554,1,40,-79,-5,15,61,59,6,33527554,262,1,434,13499,
402.449,7540.91,51.4468,7.42948,193.754,28.3801,311.772,1,37,-76,-5,14,64,60,6,33527554,262,1,434,13499,
403.435,7568.8,51.4469,7.42918,192.267,28.2597,312.882,1,37,-76,-5,14,64,60,6,33527554,262,1,434,13499,
404.442,7596.72,51.4471,7.42889,190.699,27.9894,313.906,1,26,-77,-5,15,63,59,6,33527554,262,1,434,13499,
405.445,7624.35,51.4473,7.42861,189.17,27.7166,314.765,1,26,-77,-5,15,63,59,6,33527554,262,1,434,13499,
406.468,7651.5,51.4475,7.42834,187.773,27.297,315.986,1,32,-80,-5,10,60,52,6,33527554,262,1,434,13499,
407.433,7678.78,51.4477,7.42808,186.629,27.6211,317.473,1,32,-80,-5,10,60,52,6,33527554,262,1,434,13499,
408.434,7706.17,51.4478,7.42782,185.529,27.6105,318.533,1,29,-85,-6,12,55,50,6,33527554,262,1,434,13499,
409.438,7733.66,51.448,7.42757,184.468,27.7458,319.605,1,29,-85,-6,12,55,50,6,33527554,262,1,434,13499,
410.444,7761.45,51.4482,7.42732,183.428,28.2644,320.94,1,28,-88,-6,9,52,45,6,33527554,262,1,434,13499,
411.447,7789.74,51.4484,7.42707,182.456,28.7093,322.366,1,28,-88,-6,9,52,45,6,33527554,262,1,434,13499,
412.44,7818.28,51.4486,7.42683,181.341,28.56,323.777,1,33,-86,-6,12,54,46,6,33527554,262,1,434,13499,
413.445,7847,51.4489,7.42658,180.29,28.8035,324.538,1,33,-86,-6,12,54,46,6,33527554,262,1,434,13499,
414.456,7875.94,51.4491,7.42635,179.292,29.137,325.707,1,31,-93,-6,8,47,44,6,33527554,262,1,434,13499,
415.44,7905.2,51.4493,7.42611,178.276,29.1117,326.376,1,31,-93,-6,8,47,44,6,33527554,262,1,434,13499,
416.424,7934.59,51.4495,7.42589,177.203,28.9034,327.509,1,28,-93,-7,10,47,44,6,33527554,262,1,434,13499,
417.481,7963.77,51.4497,7.42568,176.034,28.6754,329.654,1,28,-93,-7,10,47,44,6,33527554,262,1,434,13499,
418.446,7992.62,51.45,7.42548,175.002,28.7382,331.139,1,29,-94,-6,11,46,43,6,33527554,262,1,434,13499,
419.456,8021.24,51.4502,7.42529,174.025,28.6597,332.211,1,29,-94,-6,11,46,43,6,33527554,262,1,434,13499,
420.431,8050,51.4504,7.42511,173.151,28.8949,333.439,1,29,-94,-6,11,46,43,6,33527554,262,1,434,13499,
421.438,8079.25,51.4507,7.42493,172.332,28.8359,334.844,1,25,-95,-7,9,45,43,6,33527554,262,1,434,13499,
422.474,8108.02,51.4509,7.42476,171.546,28.6673,336.151,1,25,-95,-7,9,45,43,6,33527554,262,1,434,13499,
423.435,8136.93,51.4511,7.42459,170.755,28.4029,336.899,1,5,-100,-9,8,40,39,50,27771140,262,1,434,13499,
424.447,8164.72,51.4514,7.42444,169.61,28.1473,337.644,1,5,-100,-9,8,40,39,50,27771140,262,1,434,13499,
425.417,8193.08,51.4516,7.42429,168.243,27.7011,339.308,1,2,-96,-8,6,44,44,46,28365057,262,1,224,13499,
426.433,8220.8,51.4518,7.42416,166.741,26.7781,340.577,1,2,-96,-8,6,44,44,46,28365057,262,1,224,13499,
427.448,8247.5,51.4521,7.42404,165.342,26.2334,341.1,1,4,-95,-7,10,45,43,46,28365057,262,1,224,13499,
428.424,8273.41,51.4523,7.42392,163.993,25.5481,341.474,1,4,-95,-7,10,45,43,46,28365057,262,1,224,13499,
429.422,8299.25,51.4525,7.42381,162.734,25.5843,342.093,1,0,-96,-9,6,44,43,19,27770883,262,1,125,13499,
430.447,8324.7,51.4527,7.42369,161.514,25.9675,342.929,1,0,-96,-9,6,44,43,19,27770883,262,1,125,13499,
431.441,8351.55,51.453,7.42359,160.231,26.2482,343.198,1,2,-96,-9,8,44,45,47,27771140,262,1,125,13499,
432.444,8377.53,51.4532,7.42348,159.288,26.8654,343.549,1,2,-96,-9,8,44,45,47,27771140,262,1,125,13499,
433.467,8404.37,51.4534,7.42337,158.483,27.4466,343.783,1,18,-92,-9,8,48,48,47,27771140,262,1,289,13499,
434.435,8432.19,51.4537,7.42326,157.664,28.1422,344.089,1,18,-92,-9,8,48,48,47,27771140,262,1,289,13499,
435.442,8459.64,51.4539,7.42315,157.015,28.6592,344.084,1,2,-94,-10,7,46,47,47,27771140,262,1,289,13499,
436.452,8488.2,51.4541,7.42304,156.482,29.2004,343.84,1,2,-94,-10,7,46,47,47,27771140,262,1,289,13499,
437.458,8517.34,51.4544,7.42293,155.987,29.2766,343.888,1,10,-94,-8,11,46,46,17,27770883,262,1,125,13499,
438.433,8547.57,51.4547,7.4228,155.348,29.4846,343.75,1,10,-94,-8,11,46,46,17,27770883,262,1,125,13499,
439.433,8577.67,51.4549,7.42268,154.636,29.749,343.335,1,4,-90,-8,9,50,50,17,27770883,262,1,125,13499,
440.441,8607.58,51.4552,7.42256,153.873,30.2096,343.006,1,4,-90,-8,9,50,50,17,27770883,262,1,125,13499,
441.438,8637.74,51.4554,7.42243,153.113,30.4876,342.368,1,9,-90,-8,9,50,50,17,27770883,262,1,125,13499,
442.469,8667.3,51.4557,7.4223,152.565,30.8685,341.612,1,9,-90,-8,9,50,50,17,27770883,262,1,125,13499,
443.439,8699.28,51.456,7.42215,151.979,31.2584,340.865,1,9,-90,-8,9,50,50,17,27770883,262,1,125,13499,
444.436,8731.12,51.4562,7.422,151.36,31.7077,340.353,1,3,-91,-11,7,49,51,17,27770883,262,1,125,13499,
445.441,8763.36,51.4565,7.42184,150.584,31.8662,339.446,1,3,-91,-11,7,49,51,17,27770883,262,1,125,13499,
446.451,8795.22,51.4568,7.42168,150.111,32.1147,338.177,1,6,-87,-7,8,53,52,17,27770883,262,1,125,13499,
447.444,8827.03,51.457,7.4215,149.829,32.4858,337.454,1,6,-87,-7,8,53,52,17,27770883,262,1,125,13499,
448.438,8859.56,51.4573,7.42131,149.472,32.4276,336.445,1,5,-88,-7,6,52,50,17,27770883,262,1,125,13499,
449.447,8892.17,51.4576,7.42112,149.143,32.7034,335.52,1,5,-88,-7,6,52,50,17,27770883,262,1,125,13499,
450.443,8924.48,51.4578,7.42092,148.961,32.4886,334.688,1,10,-86,-6,13,54,52,17,27770883,262,1,125,13499,
451.443,8956.96,51.4581,7.42072,148.823,32.5199,333.393,1,10,-86,-6,13,54,52,17,27770883,262,1,125,13499,
452.441,8989.89,51.4584,7.42051,148.581,32.3365,332.93,1,12,-87,-5,2,53,48,17,27770883,262,1,125,13499,
453.456,9022.14,51.4586,7.42029,148.404,32.4109,332.009,1,12,-87,-5,2,53,48,17,27770883,262,1,125,13499,
454.463,9054.73,51.4589,7.42007,148.36,32.6979,331.13,1,8,-85,-8,2,55,54,17,27770883,262,1,125,13499,
455.432,9086.85,51.4591,7.41984,148.387,32.6284,330.519,1,8,-85,-8,2,55,54,17,27770883,262,1,125,13499,
456.438,9120.44,51.4594,7.4196,148.548,32.9251,329.326,1,10,-85,-7,2,55,54,17,27770883,262,1,125,13499,
457.446,9153.62,51.4597,7.41935,148.698,33.0456,328.056,1,10,-85,-7,2,55,54,17,27770883,262,1,125,13499,
458.428,9186.24,51.4599,7.4191,148.612,33.3774,327.219,1,22,-80,-6,2,60,58,17,27770883,262,1,125,13499,
459.435,9219.11,51.4602,7.41884,148.337,33.2822,326.777,1,22,-80,-6,2,60,58,17,27770883,262,1,125,13499,
460.469,9252.11,51.4604,7.41857,147.94,32.9529,325.176,1,21,-81,-6,2,59,58,17,27770883,262,1,125,13499,
461.436,9284.75,51.4606,7.4183,147.625,32.9989,324.25,1,21,-81,-6,2,59,58,17,27770883,262,1,125,13499,
462.445,9317.51,51.4609,7.41802,147.362,33.1428,323.491,1,20,-72,-4,12,68,63,8,27770883,262,1,125,13499,
463.442,9350.54,51.4611,7.41773,147.214,33.3472,322.952,1,20,-72,-4,12,68,63,8,27770883,262,1,125,13499,
464.457,9383.7,51.4613,7.41743,147.186,33.4319,321.533,1,20,-72,-4,12,68,63,8,27770883,262,1,125,13499,
465.45,9417.17,51.4616,7.41714,147.427,33.696,320.624,1,22,-74,-4,14,66,63,8,27770883,262,1,125,13499,
466.501,9451.11,51.4618,7.41682,147.665,33.9147,319.816,1,22,-74,-4,14,66,63,8,27770883,262,1,125,13499,
467.448,9485.66,51.4621,7.41649,147.738,34.0134,318.643,1,18,-77,-5,13,63,60,8,27770883,262,1,125,13499,
468.45,9519.49,51.4623,7.41617,147.753,34.3743,317.778,1,18,-77,-5,13,63,60,8,27770883,262,1,125,13499,
469.453,9553.34,51.4625,7.41584,147.805,34.663,316.472,1,28,-78,-5,14,62,60,8,27770883,262,1,125,13499,
470.449,9588.33,51.4627,7.41549,147.867,34.961,315.478,1,28,-78,-5,14,62,60,8,27770883,262,1,125,13499,
471.456,9623.45,51.463,7.41513,148.079,35.1892,314.688,1,26,-78,-5,14,62,59,8,27770883,262,1,125,13499,
472.448,9658.07,51.4632,7.41478,148.356,34.6388,313.985,1,26,-78,-5,14,62,59,8,27770883,262,1,125,13499,
473.457,9692.43,51.4634,7.41441,148.571,34.581,312.817,1,29,-72,-5,15,68,63,8,27770883,262,1,125,13499,
474.447,9727.39,51.4636,7.41404,148.755,34.7057,311.88,1,29,-72,-5,15,68,63,8,27770883,262,1,125,13499,
475.444,9762.27,51.4638,7.41366,148.862,34.7882,311.395,1,19,-87,-6,10,53,51,8,27770883,262,1,125,13499,
476.427,9797.04,51.464,7.41329,149.019,34.9965,310.836,1,19,-87,-6,10,53,51,8,27770883,262,1,125,13499,
477.458,9831.98,51.4642,7.4129,149.25,35.1323,309.867,1,21,-82,-6,14,58,54,8,27770883,262,1,125,13499,
478.455,9867.08,51.4644,7.41251,149.506,35.2793,308.84,1,21,-82,-6,14,58,54,8,27770883,262,1,125,13499,
479.443,9902.48,51.4646,7.41211,149.799,35.5359,308.818,1,20,-75,-6,14,65,57,8,27770883,262,1,125,13499,
480.439,9938.14,51.4648,7.41171,150.081,35.7262,308.74,1,20,-75,-6,14,65,57,8,27770883,262,1,125,13499,
481.443,9973.98,51.465,7.4113,150.301,36.03,308.642,1,6,-91,-7,6,49,46,3,27770885,262,1,124,13499,
482.432,10010,51.4652,7.4109,150.464,36.2294,308.202,1,6,-91,-7,6,49,46,3,27770885,262,1,124,13499,
483.447,10046.2,51.4654,7.41049,150.63,36.3793,308.18,1,12,-91,-6,13,49,46,3,27770885,262,1,124,13499,
484.433,10082.7,51.4656,7.41008,150.803,36.6367,308.103,1,12,-91,-6,13,49,46,3,27770885,262,1,124,13499,
485.443,10119.1,51.4658,7.40966,150.951,36.2163,308.195,1,12,-91,-6,13,49,46,3,27770885,262,1,124,13499,
486.448,10154.8,51.466,7.40926,151.029,35.5724,308.293,1,13,-85,-6,12,55,51,3,27770885,262,1,124,13499,
487.433,10189.7,51.4662,7.40887,151.123,34.5089,308.73,1,13,-85,-6,12,55,51,3,27770885,262,1,124,13499,
488.442,10223.8,51.4664,7.40848,151.396,33.8161,308.753,1,11,-82,-5,14,58,55,3,27770885,262,1,124,13499,
489.435,10256.8,51.4666,7.40811,151.599,32.8626,308.653,1,11,-82,-5,14,58,55,3,27770885,262,1,124,13499,
490.429,10289.1,51.4668,7.40774,151.753,32.0205,308.727,1,9,-90,-7,1,50,47,3,27770885,262,1,124,13499,
491.438,10320.3,51.467,7.40739,151.861,30.7412,309.247,1,9,-90,-7,1,50,47,3,27770885,262,1,124,13499,
492.47,10349.8,51.4671,7.40706,151.963,28.7321,309.901,1,24,-80,-5,11,60,56,3,27770885,262,1,124,13499,
493.433,10378.2,51.4673,7.40674,152.106,28.2898,309.875,1,24,-80,-5,11,60,56,3,27770885,262,1,124,13499,
494.447,10406.1,51.4674,7.40643,152.251,27.9172,310.127,1,17,-80,-6,11,60,53,3,27770885,262,1,124,13499,
495.45,10433.6,51.4676,7.40613,152.399,27.2425,310.427,1,17,-80,-6,11,60,53,3,27770885,262,1,124,13499,
496.453,10460.7,51.4678,7.40583,152.606,27.281,310.967,1,14,-83,-6,14,57,55,3,27770885,262,1,124,13499,
497.436,10488.1,51.4679,7.40553,152.858,27.6078,311.198,1,14,-83,-6,14,57,55,3,27770885,262,1,124,13499,
498.458,10515.8,51.4681,7.40523,153.114,28.0101,311.247,1,18,-82,-6,10,58,51,3,27770885,262,1,124,13499,
499.436,10544,51.4683,7.40492,153.365,28.5074,311.631,1,18,-82,-6,10,58,51,3,27770885,262,1,124,13499,
500.446,10572.6,51.4684,7.40462,153.616,28.8938,312.011,1,8,-83,-5,4,57,52,3,27770885,262,1,124,13499,
501.441,10601.9,51.4686,7.4043,153.903,29.3391,312.136,1,8,-83,-5,4,57,52,3,27770885,262,1,124,13499,
502.449,10631.5,51.4688,7.40399,154.281,29.6061,312.546,1,-2,-83,-9,6,57,58,19,27771140,262,1,289,13499,
503.433,10661.6,51.469,7.40366,154.532,30.092,312.842,1,-2,-83,-9,6,57,58,19,27771140,262,1,289,13499,
504.425,10691.9,51.4692,7.40335,154.871,30.5604,313.656,1,13,-88,-7,14,52,50,19,27771140,262,1,289,13499,
505.45,10722.5,51.4693,7.40303,155.374,30.1831,313.698,1,13,-88,-7,14,52,50,19,27771140,262,1,289,13499,
506.452,10751.8,51.4695,7.40273,155.915,29.1221,313.95,1,13,-88,-7,14,52,50,19,27771140,262,1,289,13499,
507.451,10779.9,51.4697,7.40244,156.396,28.8289,314.775,1,11,-84,-5,10,56,52,19,27771140,262,1,289,13499,
508.444,10809.3,51.4699,7.40214,156.909,28.81,314.945,1,11,-84,-5,10,56,52,19,27771140,262,1,289,13499,
509.455,10837.5,51.4701,7.40186,157.178,28.2761,316.024,1,21,-80,-4,11,60,55,19,27771140,262,1,289,13499,
510.438,10865.7,51.4703,7.40158,157.469,28.0242,317.443,1,21,-80,-4,11,60,55,19,27771140,262,1,289,13499,
511.448,10893.7,51.4705,7.40131,157.819,28.0477,317.988,1,21,-81,-4,11,59,56,19,27771140,262,1,289,13499,
512.45,10921.6,51.4706,7.40104,158.171,28.132,317.73,1,21,-81,-4,11,59,56,19,27771140,262,1,289,13499,
513.443,10949.8,51.4708,7.40076,158.546,28.1103,317.587,1,12,-80,-5,14,60,56,19,27771140,262,1,289,13499,
514.452,10977.7,51.471,7.40049,158.885,27.9185,317.398,1,12,-80,-5,14,60,56,19,27771140,262,1,289,13499,
515.491,11005.6,51.4712,7.40021,159.213,27.8792,317.185,1,35,-80,-4,14,60,56,19,27771140,262,1,289,13499,
516.437,11032.9,51.4714,7.39995,159.49,27.5752,317.668,1,35,-80,-4,14,60,56,19,27771140,262,1,289,13499,
517.437,11060.3,51.4716,7.39968,159.857,27.1141,318.089,1,20,-81,-5,12,59,56,19,27771140,262,1,289,13499,
518.432,11087.1,51.4717,7.39941,160.386,26.5358,318.34,1,20,-81,-5,12,59,56,19,27771140,262,1,289,13499,
519.408,11112.6,51.4719,7.39917,160.768,25.8302,318.788,1,19,-81,-5,12,59,55,19,27771140,262,1,289,13499,
520.44,11138.1,51.4721,7.39893,161.158,25.2278,319.035,1,19,-81,-5,12,59,55,19,27771140,262,1,289,13499,
521.441,11162.7,51.4722,7.39869,161.471,24.6917,319.359,1,12,-82,-5,11,58,55,19,27771140,262,1,289,13499,
522.473,11187.3,51.4724,7.39846,161.808,24.6812,319.443,1,12,-82,-5,11,58,55,19,27771140,262,1,289,13499,
523.446,11211.8,51.4726,7.39823,162.153,24.7147,319.42,1,22,-82,-5,11,58,54,19,27771140,262,1,289,13499,
524.438,11236.5,51.4727,7.39799,162.587,24.7822,319.722,1,22,-82,-5,11,58,54,19,27771140,262,1,289,13499,
525.459,11261.3,51.4729,7.39776,163.011,25.0149,319.892,1,9,-86,-5,10,54,50,19,27771140,262,1,289,13499,
526.453,11286.4,51.4731,7.39753,163.488,25.2072,320.128,1,9,-86,-5,10,54,50,19,27771140,262,1,289,13499,
527.429,11311.6,51.4733,7.39729,163.982,25.5167,320.133,1,11,-88,-6,14,52,50,19,27771140,262,1,289,13499,
528.44,11337.1,51.4734,7.39706,164.384,25.582,320.52,1,11,-88,-6,14,52,50,19,27771140,262,1,289,13499,
529.443,11362.5,51.4736,7.39682,164.75,25.3763,320.741,1,12,-87,-6,14,53,51,19,27771140,262,1,289,13499,
530.457,11387.7,51.4738,7.3966,165.179,24.9418,321.802,1,12,-87,-6,14,53,51,19,27771140,262,1,289,13499,
531.438,11412.3,51.474,7.39638,165.739,24.5609,322.704,1,12,-87,-6,14,53,51,19,27771140,262,1,289,13499,
532.443,11436.8,51.4741,7.39617,166.143,24.6269,322.848,1,16,-87,-8,13,53,52,19,27771140,262,1,289,13499,
533.443,11461.7,51.4743,7.39595,166.775,24.5221,323.232,1,16,-87,-8,13,53,52,19,27771140,262,1,289,13499,
534.452,11486,51.4745,7.39575,167.245,24.5141,323.923,1,13,-88,-10,2,52,50,19,27771140,262,1,289,13499,
535.452,11510.4,51.4747,7.39554,167.612,24.6501,324.77,1,13,-88,-10,2,52,50,19,27771140,262,1,289,13499,
536.449,11535,51.4749,7.39534,167.996,24.9209,325.841,1,24,-86,-7,2,54,51,19,27771140,262,1,289,13499,
537.438,11559.5,51.475,7.39514,168.383,24.8671,326.649,1,24,-86,-7,2,54,51,19,27771140,262,1,289,13499,
538.46,11584.7,51.4752,7.39495,168.934,25.3683,329.066,1,19,-85,-6,2,55,52,19,27771140,262,1,289,13499,
539.431,11610,51.4754,7.39477,169.649,25.289,329.597,1,19,-85,-6,2,55,52,19,27771140,262,1,289,13499,
540.438,11635,51.4756,7.39459,170.283,25.0694,330.043,1,24,-82,-6,2,58,55,19,27771140,262,1,289,13499,
541.502,11660,51.4758,7.39441,171.098,24.9344,330.803,1,24,-82,-6,2,58,55,19,27771140,262,1,289,13499,
542.442,11685.1,51.476,7.39424,171.684,24.646,331.257,1,20,-79,-6,14,61,57,6,27771140,262,1,289,13499,
543.454,11709.4,51.4762,7.39407,172.148,24.2393,332.451,1,20,-79,-6,14,61,57,6,27771140,262,1,289,13499,
544.442,11732.9,51.4764,7.39391,172.749,23.7388,332.988,1,22,-72,-6,15,68,63,6,27771140,262,1,289,13499,
545.429,11756.6,51.4766,7.39376,173.275,23.2036,333.529,1,22,-72,-6,15,68,63,6,27771140,262,1,289,13499,
546.44,11756.6,51.4778,7.39738,nan,22.6976,334.829,1,26,-71,-5,12,69,63,6,27771140,262,1,289,13499,
547.455,11756.6,51.477,7.39348,174.208,21.6272,335.953,1,26,-71,-5,12,69,63,6,27771140,262,1,289,13499,
548.44,11777.4,51.4771,7.39336,174.339,19.6852,337.73,1,16,-84,-8,1,56,55,6,27771140,262,1,289,13499,
549.429,11795.5,51.4773,7.39327,174.372,17.7472,339.563,1,16,-84,-8,1,56,55,6,27771140,262,1,289,13499,
550.437,11811.9,51.4774,7.39318,174.542,16.2662,340.631,1,19,-81,-8,10,59,59,6,27771140,262,1,289,13499,
551.437,11827.9,51.4776,7.39311,174.784,15.4909,342.666,1,19,-81,-8,10,59,59,6,27771140,262,1,289,13499,
552.428,11842.9,51.4777,7.39306,175.182,15.0157,345.936,1,16,-86,-11,10,54,55,6,27771140,262,1,289,13499,
553.425,11859.2,51.4778,7.39302,175.896,15.6355,349.837,1,16,-86,-11,10,54,55,6,27771140,262,1,289,13499,
554.439,11875.8,51.478,7.39303,176.571,15.8772,2.61503,1,11,-71,-5,6,69,63,4,27771139,262,1,288,13499,
555.459,11892.5,51.4781,7.39305,177.471,15.6372,4.47953,1,11,-71,-5,6,69,63,4,27771139,262,1,288,13499,
556.466,11909.1,51.4783,7.39309,177.915,16.1416,7.40367,1,22,-82,-6,15,58,55,4,27771139,262,1,288,13499,
557.432,11925.8,51.4784,7.39318,178.016,16.2103,21.1618,1,22,-82,-6,15,58,55,4,27771139,262,1,288,13499,
558.437,11941.2,51.4786,7.39326,177.637,16.5111,22.4594,1,22,-81,-5,15,59,56,4,27771139,262,1,288,13499,
559.433,11958.5,51.4787,7.39338,177.424,17.0283,25.8568,1,22,-81,-5,15,59,56,4,27771139,262,1,288,13499,
560.445,11975.1,51.4788,7.3935,177.29,16.0706,29.2846,1,22,-81,-5,15,59,56,4,27771139,262,1,288,13499,
561.442,11990.4,51.4789,7.39362,177.384,14.5763,29.9413,1,24,-79,-5,15,61,58,4,27771139,262,1,288,13499,
562.452,12004.6,51.479,7.39373,177.809,13.3542,28.2666,1,24,-79,-5,15,61,58,4,27771139,262,1,288,13499,
563.445,12017.3,51.4792,7.3938,178.213,12.526,15.4319,1,25,-85,-5,15,55,51,4,27771139,262,1,288,13499,
564.442,12028,51.4792,7.39385,178.342,12.3591,12.0979,1,25,-85,-5,15,55,51,4,27771139,262,1,288,13499,
565.44,12040.4,51.4794,7.39384,178.8,12.3332,354.458,1,14,-88,-6,10,52,48,4,27771139,262,1,288,13499,
566.442,12051.9,51.4795,7.39381,179.196,12.9303,350.589,1,14,-88,-6,10,52,48,4,27771139,262,1,288,13499,
567.451,12065.8,51.4796,7.39374,179.956,12.6306,334.694,1,8,-92,-7,11,48,47,4,27771139,262,1,288,13499,
568.437,12076.5,51.4797,7.39367,180.876,10.7722,333.9,1,8,-92,-7,11,48,47,4,27771139,262,1,288,13499,
569.436,12086.5,51.4797,7.39361,181.737,9.54048,333.329,1,13,-90,-7,9,50,48,4,27771139,262,1,288,13499,
570.452,12095.9,51.4798,7.39354,182.518,8.83542,334.078,1,13,-90,-7,9,50,48,4,27771139,262,1,288,13499,
571.465,12105.1,51.4799,7.39349,183.353,8.74057,334.881,1,11,-86,-6,12,54,49,15,28365058,262,1,223,13499,
572.428,12113.4,51.48,7.39344,183.994,8.28802,336.64,1,11,-86,-6,12,54,49,15,28365058,262,1,223,13499,
573.461,12121.4,51.48,7.3934,184.529,7.94019,339.575,1,6,-90,-8,11,50,48,15,28365058,262,1,223,13499,
574.429,12129.5,51.4801,7.3934,185.075,7.59635,358.932,1,6,-90,-8,11,50,48,15,28365058,262,1,223,13499,
575.439,12136.8,51.4802,7.39341,185.109,7.11084,12.0865,1,17,-84,-6,15,56,53,5,27771139,262,1,288,13499,
576.456,12144.5,51.4802,7.39346,185.776,7.04186,29.3885,1,17,-84,-6,15,56,53,5,27771139,262,1,288,13499,
577.447,12150.7,51.4803,7.39351,185.651,7.31154,33.0919,1,23,-84,-5,12,56,53,5,27771139,262,1,288,13499,
578.437,12159.4,51.4803,7.39361,186.302,8.24246,52.1745,1,23,-84,-5,12,56,53,5,27771139,262,1,288,13499,
579.434,12167.9,51.4804,7.39371,186.98,9.51291,54.9579,1,24,-82,-5,12,58,55,5,27771139,262,1,288,13499,
580.435,12178.1,51.4804,7.39383,187.382,10.5911,56.0522,1,24,-82,-5,12,58,55,5,27771139,262,1,288,13499,
581.457,12188.8,51.4805,7.39396,187.548,10.9619,56.3817,1,15,-83,-6,12,57,55,5,27771139,262,1,288,13499,
582.442,12200,51.4805,7.39409,187.478,11.5274,56.347,1,15,-83,-6,12,57,55,5,27771139,262,1,288,13499,
583.447,12211.9,51.4806,7.39424,187.431,12.5609,56.627,1,22,-80,-6,12,60,58,5,27771139,262,1,288,13499,
584.449,12224.2,51.4806,7.39439,187.23,13.507,57.1191,1,22,-80,-6,12,60,58,5,27771139,262,1,288,13499,
585.446,12238.1,51.4807,7.39456,186.908,14.463,57.7073,1,22,-80,-6,12,60,58,5,27771139,262,1,288,13499,
586.45,12238.1,51.481,7.39483,nan,15.3359,58.3774,1,16,-83,-6,12,57,54,5,27771139,262,1,288,13499,
587.447,12238.1,51.4809,7.39494,186.76,15.9857,58.8697,1,16,-83,-6,12,57,54,5,27771139,262,1,288,13499,
588.426,12254.4,51.4809,7.39515,186.671,16.2825,59.2527,1,22,-81,-5,12,59,56,5,27771139,262,1,288,13499,
589.446,12271.1,51.481,7.39536,186.508,16.5733,60.1412,1,22,-81,-5,12,59,56,5,27771139,262,1,288,13499,
590.451,12287.8,51.4811,7.39557,186.564,16.7779,59.8285,1,17,-83,-5,2,57,53,5,27771139,262,1,288,13499,
591.44,12304.9,51.4811,7.39579,186.456,17.0475,59.8889,1,17,-83,-5,2,57,53,5,27771139,262,1,288,13499,
592.437,12322.1,51.4812,7.39601,186.291,17.2584,60.0648,1,12,-82,-5,2,58,55,5,27771139,262,1,288,13499,
593.446,12339.4,51.4813,7.39622,186.534,17.4239,60.2419,1,12,-82,-5,2,58,55,5,27771139,262,1,288,13499,
594.43,12356.9,51.4814,7.39644,186.816,17.4663,59.6201,1,19,-83,-6,2,57,55,5,27771139,262,1,288,13499,
595.434,12373.9,51.4815,7.39665,187.116,17.0636,58.6304,1,19,-83,-6,2,57,55,5,27771139,262,1,288,13499,
596.432,12391.1,51.4815,7.39686,187.488,16.4194,58.0193,1,22,-83,-6,2,57,55,5,27771139,262,1,288,13499,
597.442,12406.7,51.4816,7.39705,187.765,15.7914,57.2351,1,22,-83,-6,2,57,55,5,27771139,262,1,288,13499,
598.448,12422.4,51.4817,7.39724,187.897,14.7735,56.7586,1,21,-84,-6,2,56,53,5,27771139,262,1,288,13499,
599.501,12437,51.4818,7.39742,187.99,13.3854,56.0724,1,21,-84,-6,2,56,53,5,27771139,262,1,288,13499,
600.425,12449.4,51.4818,7.39756,187.91,12.1053,55.3049,1,25,-82,-5,14,58,57,10,27771139,262,1,288,13499,
601.396,12449.4,51.4818,7.39756,187.91,12.1053,55.3049,1,25,-82,-5,14,58,57,10,27771139,262,1,288,13499,
602.434,12471.6,51.4819,7.39782,187.597,10.4785,53.6334,1,25,-78,-5,15,62,60,10,27771139,262,1,288,13499,
603.442,12481.8,51.482,7.39794,187.382,10.0193,52.4576,1,25,-78,-5,15,62,60,10,27771139,262,1,288,13499,
605.06,12490.8,51.4821,7.39805,187.196,8.90967,51.6376,1,27,-77,-5,15,63,61,10,27771139,262,1,288,13499,
605.873,12498.9,51.4821,7.39814,187.375,6.94349,50.8203,1,27,-77,-5,15,63,61,10,27771139,262,1,288,13499,
606.498,12498.9,51.481,7.39483,nan,6.94349,50.8203,1,21,-81,-5,14,59,53,10,27771139,262,1,288,13499,
607.427,12498.9,51.4822,7.39826,187.488,3.83368,48.0381,1,21,-81,-5,14,59,53,10,27771139,262,1,288,13499,
608.424,12502.7,51.4822,7.3983,187.564,2.60026,47.0237,1,21,-81,-5,14,59,53,10,27771139,262,1,288,13499,
609.426,12505.4,51.4822,7.39833,187.66,1.32414,49.3999,1,23,-78,-5,15,62,57,10,27771139,262,1,288,13499,
610.441,12505.4,51.4822,7.39833,187.672,0,49.3999,1,23,-78,-5,15,62,57,10,27771139,262,1,288,13499,
611.471,12505.4,51.4822,7.39833,187.684,0,49.3999,1,31,-78,-5,15,62,57,10,27771139,262,1,288,13499,
612.434,12505.4,51.4822,7.39833,187.697,0,49.3999,1,31,-78,-5,15,62,57,10,27771139,262,1,288,13499,
613.45,12505.4,51.4822,7.39833,187.709,0,49.3999,1,24,-78,-5,15,62,57,10,27771139,262,1,288,13499,
614.465,12505.4,51.4822,7.39833,187.728,0,49.3999,1,24,-78,-5,15,62,57,10,27771139,262,1,288,13499,
615.423,12505.4,51.4822,7.39833,187.751,0,49.3999,1,22,-78,-5,15,62,56,10,27771139,262,1,288,13499,
616.444,12505.4,51.4822,7.39833,187.774,0,49.3999,1,22,-78,-5,15,62,56,10,27771139,262,1,288,13499,
617.442,12505.4,51.4822,7.39833,187.791,0,49.3999,1,20,-77,-6,15,63,59,10,27771139,262,1,288,13499,
618.449,12505.4,51.4822,7.39833,187.802,0,49.3999,1,20,-77,-6,15,63,59,10,27771139,262,1,288,13499,
619.464,12505.4,51.4822,7.39833,187.806,0,49.3999,1,22,-79,-5,12,61,55,10,27771139,262,1,288,13499,
620.446,12505.4,51.4822,7.39833,187.804,0,49.3999,1,22,-79,-5,12,61,55,10,27771139,262,1,288,13499,
621.426,12505.4,51.4822,7.39833,187.798,0,49.3999,1,28,-76,-5,15,64,60,10,27771139,262,1,288,13499,
622.43,12505.4,51.4822,7.39833,187.791,0,49.3999,1,28,-76,-5,15,64,60,10,27771139,262,1,288,13499,
623.433,12505.4,51.4822,7.39833,187.782,0,49.3999,1,23,-78,-4,15,62,57,10,27771139,262,1,288,13499,
624.437,12505.4,51.4822,7.39833,187.775,0,49.3999,1,23,-78,-4,15,62,57,10,27771139,262,1,288,13499,
625.461,12505.4,51.4822,7.39833,187.772,0,49.3999,1,25,-78,-5,15,62,57,10,27771139,262,1,288,13499,
626.434,12505.4,51.481,7.39483,nan,0,49.3999,1,25,-78,-5,15,62,57,10,27771139,262,1,288,13499,
627.446,12505.4,51.4822,7.39833,187.773,0,49.3999,1,20,-79,-4,15,61,56,10,27771139,262,1,288,13499,
628.451,12505.4,51.4822,7.39833,187.774,0,49.3999,1,20,-79,-4,15,61,56,10,27771139,262,1,288,13499,
629.443,12505.4,51.4822,7.39833,187.777,0,49.3999,1,24,-78,-4,15,62,56,10,27771139,262,1,288,13499,
630.432,12505.4,51.4822,7.39833,187.781,0,49.3999,1,24,-78,-4,15,62,56,10,27771139,262,1,288,13499,
631.445,12505.4,51.4822,7.39833,187.785,0,49.3999,1,32,-79,-5,15,61,55,10,27771139,262,1,288,13499,
632.444,12505.4,51.4822,7.39833,187.793,0,49.3999,1,32,-79,-5,15,61,55,10,27771139,262,1,288,13499,
633.395,12505.4,51.4822,7.39833,187.793,0,49.3999,1,19,-82,-4,15,58,53,10,27771139,262,1,288,13499,
634.454,12505.4,51.4822,7.39833,187.96,0,45.7763,1,19,-82,-4,15,58,53,10,27771139,262,1,288,13499,
635.437,12505.4,51.4822,7.39833,188.026,0,45.7763,1,19,-82,-4,15,58,53,10,27771139,262,1,288,13499,
636.448,12505.4,51.4822,7.39833,188.087,0,45.7763,1,12,-83,-6,11,57,55,10,27771139,262,1,288,13499,
637.425,12505.4,51.4822,7.39833,188.12,0,43.5844,1,12,-83,-6,11,57,55,10,27771139,262,1,288,13499,
638.445,12513.2,51.4823,7.39842,188.149,0,43.0162,1,22,-80,-4,15,60,55,10,27771139,262,1,288,13499,
639.439,12516.5,51.4823,7.39845,188.081,5.47982,43.3891,1,22,-80,-4,15,60,55,10,27771139,262,1,288,13499,
640.46,12522.9,51.4823,7.39851,188.048,6.81694,43.0126,1,20,-80,-5,11,60,53,10,27771139,262,1,288,13499,
641.432,12529.1,51.4824,7.39857,188.275,7.72241,42.5359,1,20,-80,-5,11,60,53,10,27771139,262,1,288,13499,
642.462,12537.5,51.4824,7.39865,188.448,8.75046,41.5914,1,31,-82,-5,11,58,52,10,27771139,262,1,288,13499,
643.439,12546.8,51.4825,7.39874,188.568,9.91045,40.5089,1,31,-82,-5,11,58,52,10,27771139,262,1,288,13499,
644.444,12556.7,51.4826,7.39882,188.697,10.0295,39.4947,1,19,-84,-5,11,56,52,10,27771139,262,1,288,13499,
645.448,12566.3,51.4826,7.39891,188.617,10.0182,38.5483,1,19,-84,-5,11,56,52,10,27771139,262,1,288,13499,
646.441,12566.3,51.481,7.39483,nan,10.5904,37.4112,1,13,-88,-6,14,52,49,10,27771139,262,1,288,13499,
647.45,12566.3,51.4828,7.39908,187.714,11.01,36.2184,1,13,-88,-6,14,52,49,10,27771139,262,1,288,13499,
648.431,12578.6,51.4829,7.39917,187.355,11.5592,34.1406,1,12,-85,-6,9,55,52,10,27771139,262,1,288,13499,
649.437,12589.8,51.483,7.39926,187.099,12.3192,33.5989,1,12,-85,-6,9,55,52,10,27771139,262,1,288,13499,
650.432,12601.5,51.483,7.39935,186.696,13.1947,33.0643,1,14,-89,-6,3,51,48,10,27771139,262,1,288,13499,
651.434,12614.8,51.4831,7.39945,186.217,13.7817,33.7481,1,14,-89,-6,3,51,48,10,27771139,262,1,288,13499,
652.435,12628.3,51.4832,7.39956,185.908,13.8636,33.68,1,16,-89,-6,8,51,49,10,27771139,262,1,288,13499,
653.433,12641.8,51.4833,7.39967,185.495,14.2548,34.0662,1,16,-89,-6,8,51,49,10,27771139,262,1,288,13499,
654.431,12656.3,51.4835,7.39979,185.108,14.2596,34.0867,1,12,-93,-7,12,47,45,10,27771139,262,1,288,13499,
655.451,12671,51.4836,7.39991,184.853,14.1804,33.82,1,12,-93,-7,12,47,45,10,27771139,262,1,288,13499,
656.437,12685.1,51.4837,7.40002,184.683,13.9218,34.7124,1,2,-94,-7,7,46,45,9,28365058,262,1,288,13499,
657.444,12698.8,51.4838,7.40013,184.646,13.8415,35.3175,1,2,-94,-7,7,46,45,9,28365058,262,1,288,13499,
658.433,12712.9,51.4839,7.40025,184.631,13.6049,35.8627,1,11,-92,-6,11,48,46,9,28365058,262,1,223,13499,
659.435,12725.1,51.484,7.40035,184.489,13.3859,36.5899,1,11,-92,-6,11,48,46,9,28365058,262,1,223,13499,
660.44,12739.9,51.4841,7.40048,184.544,12.9556,35.5905,1,11,-92,-6,11,48,46,9,28365058,262,1,223,13499,
661.453,12753.8,51.4842,7.40059,184.799,12.6851,36.7068,1,13,-92,-6,13,48,45,9,28365058,262,1,223,13499,
662.442,12767.2,51.4843,7.40071,185.205,12.3614,37.6809,1,13,-92,-6,13,48,45,9,28365058,262,1,223,13499,
663.456,12780,51.4844,7.40083,185.537,11.747,38.5941,1,14,-93,-6,12,47,43,9,28365058,262,1,223,13499,
664.448,12792.4,51.4844,7.40094,185.997,11.7395,39.4414,1,14,-93,-6,12,47,43,9,28365058,262,1,223,13499,
665.449,12804.1,51.4845,7.40105,186.418,11.7341,40.3466,1,9,-94,-7,9,46,43,9,28365058,262,1,223,13499,
666.438,12804.1,51.4862,7.40087,nan,11.6424,40.9297,1,9,-94,-7,9,46,43,9,28365058,262,1,223,13499,
667.457,12804.1,51.4847,7.40129,187.058,11.5272,41.557,1,10,-96,-7,9,44,41,9,28365058,262,1,223,13499,
668.44,12816,51.4848,7.40141,187.454,11.6573,42.0357,1,10,-96,-7,9,44,41,9,28365058,262,1,223,13499,
669.454,12828.4,51.4848,7.40153,187.786,11.076,42.2878,1,4,-96,-7,11,44,41,9,28365058,262,1,223,13499,
670.439,12839.7,51.4849,7.40164,187.766,11.0991,41.8781,1,4,-96,-7,11,44,41,9,28365058,262,1,223,13499,
671.434,12850.6,51.485,7.40175,187.55,10.8911,41.2301,1,10,-96,-7,7,44,41,9,28365058,262,1,223,13499,
672.438,12861.1,51.485,7.40186,187.245,10.5335,42.1728,1,10,-96,-7,7,44,41,9,28365058,262,1,223,13499,
673.484,12871.2,51.4851,7.40196,186.71,10.339,42.7085,1,19,-96,-8,7,44,41,9,28365058,262,1,223,13499,
674.417,12881,51.4852,7.40206,186.704,10.0023,43.802,1,19,-96,-8,7,44,41,9,28365058,262,1,223,13499,
675.439,12890.7,51.4852,7.40216,186.981,9.8978,45.3804,1,9,-92,-6,9,48,43,9,28365058,262,1,223,13499,
676.441,12900.1,51.4853,7.40225,187.43,9.9365,46.2942,1,9,-92,-6,9,48,43,9,28365058,262,1,223,13499,
677.435,12909.9,51.4854,7.40236,187.769,9.7413,47.5492,1,8,-93,-6,9,47,43,9,28365058,262,1,223,13499,
678.432,12919.8,51.4854,7.40247,187.902,10.2498,48.2553,1,8,-93,-6,9,47,43,9,28365058,262,1,223,13499,
679.446,12929.6,51.4855,7.40258,187.765,9.85779,49.3903,1,19,-97,-8,6,43,42,9,28365058,262,1,223,13499,
680.44,12939.1,51.4855,7.40269,187.527,8.25498,48.8826,1,19,-97,-8,6,43,42,9,28365058,262,1,223,13499,
681.435,12947.2,51.4856,7.40276,187.164,7.25225,33.6591,1,12,-94,-6,9,46,42,9,28365058,262,1,223,13499,
682.45,12955.9,51.4856,7.40281,187.06,7.36495,16.6962,1,12,-94,-6,9,46,42,9,28365058,262,1,223,13499,
683.436,12961.9,51.4857,7.4028,186.558,7.69741,355.031,1,6,-92,-6,6,48,43,16,29391105,262,1,351,13499,
684.459,12969.3,51.4858,7.40275,185.946,8.29328,332.916,1,6,-92,-6,6,48,43,16,29391105,262,1,351,13499,
685.449,12977.9,51.4858,7.40267,185.453,8.81246,316.542,1,2,-99,-8,6,41,40,8,28365058,262,1,223,13499,
686.431,12977.9,51.4852,7.39596,nan,9.30963,317.205,1,2,-99,-8,6,41,40,8,28365058,262,1,223,13499,
687.449,12977.9,51.4859,7.40251,184.766,9.96493,319.314,1,5,-99,-9,11,41,40,8,28365058,262,1,223,13499,
688.449,12988.5,51.486,7.40241,184.722,11.399,321.747,1,5,-99,-9,11,41,40,8,28365058,262,1,223,13499,
689.442,12999.9,51.4861,7.40232,184.968,12.1724,323.84,1,4,-99,-10,9,41,42,8,28365058,262,1,223,13499,
690.453,13013.8,51.4862,7.40222,185.448,11.5801,326.345,1,4,-99,-10,9,41,42,8,28365058,262,1,223,13499,
691.446,13027,51.4863,7.40212,185.891,11.9762,328.804,1,4,-99,-10,9,41,42,8,28365058,262,1,223,13499,
692.45,13039.1,51.4864,7.40205,186.077,11.4643,331.204,1,3,-95,-8,6,45,44,4,26385409,262,1,93,13499,
693.442,13050.9,51.4865,7.40198,185.382,12.105,333.267,1,3,-95,-8,6,45,44,4,26385409,262,1,93,13499,
694.436,13063.6,51.4866,7.40191,185.007,12.4004,335.584,1,7,-92,-7,11,48,46,4,26385409,262,1,93,13499,
695.43,13074.3,51.4867,7.40187,184.613,12.4008,338.225,1,7,-92,-7,11,48,46,4,26385409,262,1,93,13499,
696.442,13085.9,51.4868,7.40182,184.066,12.6268,340.986,1,7,-95,-7,11,45,43,4,26385409,262,1,93,13499,
697.443,13097.5,51.4869,7.40179,183.172,13.1639,343.229,1,7,-95,-7,11,45,43,4,26385409,262,1,93,13499,
698.44,13113.6,51.487,7.40174,182.823,14.0575,345.751,1,11,-91,-7,8,49,47,4,26385409,262,1,93,13499,
699.439,13130.1,51.4872,7.40171,182.994,14.7323,348.122,1,11,-91,-7,8,49,47,4,26385409,262,1,93,13499,
700.453,13145.9,51.4873,7.40168,183.156,14.5738,350.727,1,14,-86,-6,10,54,52,4,26385409,262,1,93,13499,
701.441,13160.8,51.4875,7.40167,183.13,14.5683,353.415,1,14,-86,-6,10,54,52,4,26385409,262,1,93,13499,
702.449,13175,51.4876,7.40167,183.136,14.9832,355.68,1,22,-82,-5,11,58,55,4,26385409,262,1,93,13499,
703.451,13190.6,51.4877,7.40167,183.073,15.1438,357.283,1,22,-82,-5,11,58,55,4,26385409,262,1,93,13499,
704.447,13207.2,51.4879,7.40167,182.662,15.2747,358.177,1,18,-85,-5,10,55,50,4,26385409,262,1,93,13499,
705.45,13222.4,51.488,7.40168,181.894,14.951,358.794,1,18,-85,-5,10,55,50,4,26385409,262,1,93,13499,
706.438,13222.4,51.4854,7.39771,nan,13.569,359.159,1,19,-83,-6,14,57,54,4,26385409,262,1,93,13499,
707.444,13222.4,51.4883,7.4017,181.14,10.9406,359.571,1,19,-83,-6,14,57,54,4,26385409,262,1,93,13499,
708.432,13233.4,51.4884,7.40171,180.54,10.5376,0.249292,1,21,-77,-5,13,63,58,4,26385409,262,1,93,13499,
709.433,13243.7,51.4885,7.40172,179.724,10.3816,0.975496,1,21,-77,-5,13,63,58,4,26385409,262,1,93,13499,
710.429,13253,51.4885,7.40173,179.192,9.77126,0.5966,1,12,-82,-6,9,58,54,4,26385409,262,1,93,13499,
711.442,13262.7,51.4886,7.40173,178.79,9.7158,0.234167,1,12,-82,-6,9,58,54,4,26385409,262,1,93,13499,
712.453,13272.1,51.4887,7.40174,178.507,9.50876,359.414,1,8,-83,-7,11,57,54,4,26385409,262,1,93,13499,
713.431,13281.4,51.4888,7.40174,178.181,9.59204,359.2,1,8,-83,-7,11,57,54,4,26385409,262,1,93,13499,
714.429,13291.9,51.4889,7.40174,178.099,10.3666,359.109,1,8,-83,-7,11,57,54,4,26385409,262,1,93,13499,
715.446,13301.1,51.489,7.40174,177.445,10.2342,359.447,1,7,-83,-9,10,57,57,4,26385409,262,1,93,13499,
716.439,13310.2,51.4891,7.40174,176.739,10.0998,359.715,1,7,-83,-9,10,57,57,4,26385409,262,1,93,13499,
717.462,13320.1,51.4891,7.40174,176.416,9.34115,0.342047,1,16,-79,-8,14,61,59,2,26385410,262,1,94,13499,
718.446,13330,51.4892,7.40175,176.142,8.44535,359.747,1,16,-79,-8,14,61,59,2,26385410,262,1,94,13499,
719.496,13338.1,51.4893,7.40175,175.823,7.4725,0.202095,1,31,-71,-5,15,69,62,2,26385410,262,1,94,13499,
720.434,13346.2,51.4894,7.4018,176.085,5.84248,25.1378,1,31,-71,-5,15,69,62,2,26385410,262,1,94,13499,
721.488,13350.8,51.4894,7.40185,176.984,5.89935,58.9062,1,19,-74,-5,14,66,62,2,26385410,262,1,94,13499,
722.442,13356.5,51.4894,7.40193,177.698,7.13235,85.3109,1,19,-74,-5,14,66,62,2,26385410,262,1,94,13499,
723.446,13362.9,51.4894,7.40202,178.445,8.24663,86.0121,1,23,-69,-5,15,71,63,2,26385410,262,1,94,13499,
724.444,13373.4,51.4894,7.40217,178.932,8.91434,87.1425,1,23,-69,-5,15,71,63,2,26385410,262,1,94,13499,
725.449,13382.7,51.4894,7.40231,178.973,8.83472,88.5276,1,20,-69,-5,15,71,63,2,26385410,262,1,94,13499,
726.395,13391.5,51.4894,7.40243,178.631,8.61991,89.227,1,20,-69,-5,15,71,63,2,26385410,262,1,94,13499,
727.429,13399.7,51.4894,7.40255,178.086,8.12028,90.2569,1,24,-74,-6,15,66,63,2,26385410,262,1,94,13499,
728.444,13407.6,51.4894,7.40267,177.963,8.43683,90.9753,1,24,-74,-6,15,66,63,2,26385410,262,1,94,13499,
729.433,13416.6,51.4894,7.4028,177.74,8.88815,91.3195,1,20,-78,-7,15,62,60,2,26385410,262,1,94,13499,
730.441,13426,51.4894,7.40293,177.381,9.87367,91.3501,1,20,-78,-7,15,62,60,2,26385410,262,1,94,13499,
731.464,13436.5,51.4894,7.40309,177.145,10.5716,90.911,1,27,-77,-6,15,63,61,2,26385410,262,1,94,13499,
732.435,13447.8,51.4894,7.40325,176.88,11.255,91.0507,1,27,-77,-6,15,63,61,2,26385410,262,1,94,13499,
733.448,13458.3,51.4894,7.4034,176.856,11.3732,91.1429,1,13,-72,-7,15,68,63,2,26385410,262,1,94,13499,
734.45,13470.1,51.4894,7.40357,176.922,11.4963,90.6957,1,13,-72,-7,15,68,63,2,26385410,262,1,94,13499,
735.426,13481.6,51.4894,7.40374,177.246,11.8228,90.5421,1,24,-72,-6,15,68,63,2,26385410,262,1,94,13499,
736.445,13494.6,51.4894,7.40392,177.54,12.0443,90.384,1,24,-72,-6,15,68,63,2,26385410,262,1,94,13499,
737.424,13506.4,51.4894,7.40409,177.674,12.0711,90.8765,1,15,-78,-8,12,62,60,2,26385410,262,1,94,13499,
738.433,13518.4,51.4894,7.40427,177.641,11.7986,90.8391,1,15,-78,-8,12,62,60,2,26385410,262,1,94,13499,
739.435,13531.6,51.4894,7.40446,176.924,11.8209,91.1624,1,10,-79,-10,10,61,62,2,26385410,262,1,94,13499,
740.433,13543.5,51.4894,7.40463,176.245,11.7585,90.908,1,10,-79,-10,10,61,62,2,26385410,262,1,94,13499,
741.44,13555.6,51.4894,7.4048,175.517,11.6063,90.6825,1,10,-79,-10,10,61,62,2,26385410,262,1,94,13499,
742.466,13567.5,51.4894,7.40498,175.472,11.7446,90.4601,1,20,-74,-6,15,66,63,1,26385408,262,1,95,13499,
743.446,13579.1,51.4894,7.40515,175.745,11.7121,89.8929,1,20,-74,-6,15,66,63,1,26385408,262,1,95,13499,
744.478,13589.6,51.4894,7.4053,176.068,11.7007,88.6767,1,26,-71,-5,15,69,63,1,26385408,262,1,95,13499,
745.45,13602,51.4894,7.40548,176.448,11.8233,87.2946,1,26,-71,-5,15,69,63,1,26385408,262,1,95,13499,
746.443,13602,51.4897,7.40731,nan,11.6107,85.661,1,23,-72,-5,13,68,63,1,26385408,262,1,95,13499,
747.436,13602,51.4894,7.40579,177.354,11.7713,84.0886,1,23,-72,-5,13,68,63,1,26385408,262,1,95,13499,
748.44,13613.3,51.4894,7.40595,178.039,11.9338,82.6359,1,19,-75,-6,11,65,61,1,26385408,262,1,95,13499,
749.439,13624.5,51.4894,7.4061,178.732,11.9363,81.1449,1,19,-75,-6,11,65,61,1,26385408,262,1,95,13499,
750.441,13636.9,51.4895,7.40628,179.105,11.9418,80.0635,1,23,-75,-6,12,65,61,1,26385408,262,1,95,13499,
751.458,13649.1,51.4895,7.40645,179.603,12.0929,79.4119,1,23,-75,-6,12,65,61,1,26385408,262,1,95,13499,
752.44,13661.4,51.4895,7.40662,180.053,12.3469,79.3303,1,19,-75,-5,12,65,61,1,26385408,262,1,95,13499,
753.443,13674.2,51.4896,7.4068,180.218,12.5329,78.9839,1,19,-75,-5,12,65,61,1,26385408,262,1,95,13499,
754.443,13686.6,51.4896,7.40698,180.185,12.5455,78.828,1,22,-71,-5,14,69,63,1,26385408,262,1,95,13499,
755.465,13698.8,51.4896,7.40715,180.478,12.3681,78.4484,1,22,-71,-5,14,69,63,1,26385408,262,1,95,13499,
756.434,13711.6,51.4896,7.40733,180.911,12.512,77.9249,1,17,-69,-5,11,71,63,1,26385408,262,1,95,13499,
757.456,13723.9,51.4897,7.4075,181.341,12.5753,77.8633,1,17,-69,-5,11,71,63,1,26385408,262,1,95,13499,
758.449,13736.4,51.4897,7.40767,181.834,12.7362,77.3494,1,10,-75,-5,11,65,61,1,26385408,262,1,95,13499,
759.45,13749.5,51.4897,7.40786,182.027,13.0198,77.8547,1,10,-75,-5,11,65,61,1,26385408,262,1,95,13499,
760.444,13763.7,51.4897,7.40806,181.588,13.2033,78.191,1,16,-76,-5,11,64,59,1,26385408,262,1,95,13499,
761.456,13777.1,51.4898,7.40825,180.742,13.1962,77.5661,1,16,-76,-5,11,64,59,1,26385408,262,1,95,13499,
762.443,13791.4,51.4898,7.40845,179.803,13.3676,78.1371,1,14,-76,-6,14,64,60,1,26385408,262,1,95,13499,
763.445,13803.9,51.4898,7.40863,179.288,13.4799,77.5971,1,14,-76,-6,14,64,60,1,26385408,262,1,95,13499,
764.435,13816.8,51.4898,7.40881,178.757,13.5583,77.3256,1,13,-79,-6,14,61,59,1,26385408,262,1,95,13499,
765.434,13830.2,51.4899,7.409,178.492,13.5676,77.1022,1,13,-79,-6,14,61,59,1,26385408,262,1,95,13499,
766.456,13830.2,51.4897,7.40731,nan,13.5907,77.1732,1,18,-76,-5,10,64,59,1,26385408,262,1,95,13499,
767.469,13830.2,51.4899,7.40941,177.453,13.4461,77.6573,1,18,-76,-5,10,64,59,1,26385408,262,1,95,13499,
768.443,13842.6,51.4899,7.40958,176.962,13.4124,78.0423,1,18,-76,-5,10,64,59,1,26385408,262,1,95,13499,
769.435,13855.8,51.49,7.40977,176.319,13.3184,78.6405,1,18,-75,-5,12,65,62,1,26385408,262,1,95,13499,
770.436,13870.2,51.49,7.40997,175.338,13.1738,78.7409,1,18,-75,-5,12,65,62,1,26385408,262,1,95,13499,
771.43,13883.7,51.49,7.41016,174.383,12.8544,78.3913,1,17,-80,-5,10,60,56,1,26385408,262,1,95,13499,
772.442,13895.4,51.49,7.41033,173.382,12.6937,79.1675,1,17,-80,-5,10,60,56,1,26385408,262,1,95,13499,
773.44,13908.2,51.4901,7.41051,172.103,12.2669,79.6396,1,19,-77,-5,14,63,60,1,26385408,262,1,95,13499,
774.455,13919.6,51.4901,7.41067,170.983,12.1529,79.2119,1,19,-77,-5,14,63,60,1,26385408,262,1,95,13499,
775.443,13931.9,51.4901,7.41085,169.863,12.0167,78.7358,1,17,-82,-6,14,58,54,1,26385408,262,1,95,13499,
776.429,13943.6,51.4901,7.41101,168.788,11.6723,78.3826,1,17,-82,-6,14,58,54,1,26385408,262,1,95,13499,
777.413,13956.2,51.4901,7.41119,167.696,11.348,77.4635,1,13,-89,-6,8,51,48,1,26385408,262,1,95,13499,
