0.258,0,51.4903,7.41227,170.364,5.70226,75.2839,1,9,-94,-7,2,46,44,5,26385408,262,1,95,13499,
1.419,7.63756,51.4904,7.41236,169.85,7.32435,76.6828,1,13,-93,-7,10,47,45,10,26385408,262,1,95,13499,
2.474,16.6181,51.4904,7.41249,170.02,8.69875,77.5935,1,13,-93,-7,10,47,45,10,26385408,262,1,95,13499,
3.521,21.686,51.4904,7.41255,171.311,9.92576,76.6502,1,16,-87,-5,15,53,49,10,26385408,262,1,95,13499,
4.56,33.3361,51.4904,7.41272,170.227,10.8227,77.1643,1,16,-87,-5,15,53,49,10,26385408,262,1,95,13499,
5.556,46.3345,51.4904,7.4129,170.211,11.3672,76.6748,1,30,-85,-5,9,55,53,10,26385408,262,1,95,13499,
6.539,59.6763,51.4904,7.41309,172.506,12.0347,76.5891,1,30,-85,-5,9,55,53,10,26385408,262,1,95,13499,
7.552,74.6818,51.4905,7.41331,173.948,12.3134,76.5662,1,13,-90,-7,10,50,48,10,26385408,262,1,95,13499,
8.552,84.4579,51.4905,7.41344,173.439,12.995,77.0631,1,13,-90,-7,10,50,48,10,26385408,262,1,95,13499,
9.552,97.6715,51.4905,7.41363,172.223,13.3402,77.6008,1,11,-88,-6,12,52,49,10,26385408,262,1,95,13499,
10.535,111.848,51.4905,7.41383,171.407,13.3782,78.0852,1,11,-88,-6,12,52,49,10,26385408,262,1,95,13499,
11.568,125.082,51.4905,7.41402,170.93,13.408,78.2841,1,13,-85,-7,9,55,53,10,26385408,262,1,95,13499,
12.541,139.259,51.4906,7.41422,170.336,13.6029,78.342,1,13,-85,-7,9,55,53,10,26385408,262,1,95,13499,
13.547,151.882,51.4906,7.4144,169.973,13.6961,78.8388,1,35,-80,-5,13,60,58,10,26385408,262,1,95,13499,
14.547,164.437,51.4906,7.41458,169.221,13.2733,77.9655,1,35,-80,-5,13,60,58,10,26385408,262,1,95,13499,
15.55,179.078,51.4906,7.41479,168.208,13.653,78.7997,1,20,-85,-7,12,55,53,10,26385408,262,1,95,13499,
16.554,191.942,51.4907,7.41497,167.425,13.5264,79.8212,1,20,-85,-7,12,55,53,10,26385408,262,1,95,13499,
17.559,205.815,51.4907,7.41517,166.663,13.6147,81.1181,1,13,-85,-6,13,55,54,10,26385408,262,1,95,13499,
18.562,219.837,51.4907,7.41537,165.626,13.683,82.6939,1,13,-85,-6,13,55,54,10,26385408,262,1,95,13499,
19.552,233.362,51.4907,7.41556,164.759,13.4488,84.4826,1,7,-83,-6,6,57,54,4,29391105,262,1,351,13499,
20.548,247.34,51.4907,7.41577,163.772,13.3152,86.3705,1,7,-83,-6,6,57,54,4,29391105,262,1,351,13499,
21.576,260.719,51.4907,7.41596,162.935,12.1519,88.7126,1,22,-80,-6,15,60,53,4,29391105,262,1,351,13499,
22.554,272.427,51.4907,7.41613,162.384,10.8792,91.1051,1,22,-80,-6,15,60,53,4,29391105,262,1,351,13499,
23.559,283.551,51.4907,7.41629,162.056,10.046,93.961,1,23,-84,-6,13,56,53,4,29391105,262,1,351,13499,
24.547,293.14,51.4907,7.41642,161.694,8.893,95.8925,1,23,-84,-6,13,56,53,4,29391105,262,1,351,13499,
25.566,299.968,51.4907,7.41652,161.442,7.06304,97.9113,1,22,-83,-5,11,57,54,4,29391105,262,1,351,13499,
26.553,306.645,51.4906,7.41662,161.621,4.9433,98.8559,1,22,-83,-5,11,57,54,4,29391105,262,1,351,13499,
27.575,310.674,51.4906,7.41667,161.66,3.83836,102.373,1,22,-83,-5,11,57,54,4,29391105,262,1,351,13499,
28.537,314.581,51.4906,7.41673,161.699,1.48785,100.481,1,21,-84,-6,14,56,54,4,29391105,262,1,351,13499,
29.54,314.581,51.4906,7.41673,161.7,0,100.481,1,21,-84,-6,14,56,54,4,29391105,262,1,351,13499,
30.544,314.581,51.4906,7.41673,161.702,0,100.481,1,17,-83,-7,13,57,55,4,29391105,262,1,351,13499,
31.541,314.581,51.4906,7.41673,161.704,0,100.481,1,17,-83,-7,13,57,55,4,29391105,262,1,351,13499,
32.543,314.581,51.4906,7.41673,161.705,0,100.481,1,21,-83,-6,13,57,54,4,29391105,262,1,351,13499,
33.555,314.581,51.4906,7.41673,161.705,0,100.481,1,21,-83,-6,13,57,54,4,29391105,262,1,351,13499,
34.554,314.581,51.4906,7.41673,161.706,0,100.481,1,19,-83,-5,14,57,53,4,29391105,262,1,351,13499,
35.556,314.581,51.4906,7.41673,161.708,0,100.481,1,19,-83,-5,14,57,53,4,29391105,262,1,351,13499,
36.536,314.581,51.4906,7.41673,161.71,0,100.481,1,23,-84,-5,11,56,52,4,29391105,262,1,351,13499,
37.541,314.581,51.4906,7.41673,161.712,0,100.481,1,23,-84,-5,11,56,52,4,29391105,262,1,351,13499,
38.544,314.581,51.4906,7.41673,161.728,0,100.481,1,18,-82,-6,2,58,54,4,29391105,262,1,351,13499,
39.534,314.581,51.4906,7.41673,161.724,0,100.481,1,18,-82,-6,2,58,54,4,29391105,262,1,351,13499,
40.547,314.581,51.4906,7.41673,161.714,0,100.481,1,19,-84,-5,2,56,52,4,29391105,262,1,351,13499,
41.555,314.581,51.4906,7.41673,161.748,0,100.481,1,19,-84,-5,2,56,52,4,29391105,262,1,351,13499,
42.516,314.581,51.4906,7.41673,161.768,0,102.704,1,25,-82,-6,2,58,56,4,29391105,262,1,351,13499,
43.596,325.45,51.4906,7.41686,161.795,0,102.089,1,25,-82,-6,2,58,56,4,29391105,262,1,351,13499,
44.558,329.932,51.4906,7.41692,162.07,4.25896,101.418,1,26,-79,-6,14,61,56,4,29391105,262,1,351,13499,
45.546,333.955,51.4905,7.41698,162.107,5.13903,100.518,1,26,-79,-6,14,61,56,4,29391105,262,1,351,13499,
46.558,339.651,51.4906,7.41706,162.206,5.88693,85.4752,1,26,-79,-5,15,61,57,4,29391105,262,1,351,13499,
47.548,344.385,51.4906,7.41712,161.805,6.18959,66.6418,1,26,-79,-5,15,61,57,4,29391105,262,1,351,13499,
48.552,350.23,51.4906,7.41717,161.414,6.23377,27.3282,1,22,-87,-6,1,53,50,4,29391105,262,1,351,13499,
49.567,355.287,51.4907,7.4172,161.039,6.31426,23.9053,1,22,-87,-6,1,53,50,4,29391105,262,1,351,13499,
50.534,362.023,51.4907,7.41719,160.709,7.3395,354.713,1,22,-87,-6,1,53,50,4,29391105,262,1,351,13499,
51.547,369.062,51.4908,7.41718,160.299,7.1138,352.908,1,11,-89,-6,3,51,48,4,29391105,262,1,351,13499,
52.539,375.845,51.4908,7.41718,159.899,5.60788,7.76075,1,11,-89,-6,3,51,48,4,29391105,262,1,351,13499,
53.541,380.982,51.4909,7.41722,159.793,5.68808,40.1312,1,9,-90,-6,9,50,46,4,29391105,262,1,351,13499,
54.549,386.454,51.4909,7.4173,159.492,6.51169,69.2645,1,9,-90,-6,9,50,46,4,29391105,262,1,351,13499,
55.549,392.865,51.4909,7.41739,159.244,7.86812,89.4488,1,8,-94,-9,4,46,46,4,29391105,262,1,351,13499,
56.535,399.854,51.4909,7.41749,159.1,8.4687,91.6159,1,8,-94,-9,4,46,46,4,29391105,262,1,351,13499,
57.547,408.597,51.4909,7.41762,158.741,8.81807,92.3002,1,11,-98,-8,7,42,40,4,29391105,262,1,351,13499,
58.556,418.026,51.4909,7.41775,158.463,9.12543,92.7423,1,11,-98,-8,7,42,40,4,29391105,262,1,351,13499,
59.57,426.942,51.4909,7.41788,158.204,9.35355,93.0943,1,24,-93,-6,12,47,45,4,29391105,262,1,351,13499,
60.551,435.927,51.4909,7.41801,157.798,9.68451,94.1203,1,24,-93,-6,12,47,45,4,29391105,262,1,351,13499,
61.56,446.14,51.4909,7.41816,157.27,9.93946,95.8257,1,25,-89,-5,13,51,48,6,29391105,262,1,351,13499,
62.558,456.525,51.4909,7.4183,156.737,10.2103,98.7462,1,25,-89,-5,13,51,48,6,29391105,262,1,351,13499,
63.553,466.9,51.4908,7.41844,156.508,10.4966,111.835,1,18,-91,-6,14,49,46,6,29391105,262,1,351,13499,
64.568,479.047,51.4908,7.4186,156.731,10.6983,115.158,1,18,-91,-6,14,49,46,6,29391105,262,1,351,13499,
65.547,489.637,51.4907,7.41873,156.697,10.7602,127.936,1,7,-100,-7,8,40,38,6,29391105,262,1,351,13499,
66.54,500.707,51.4907,7.41885,156.36,10.695,130.074,1,7,-100,-7,8,40,38,6,29391105,262,1,351,13499,
67.547,511.532,51.4906,7.41896,156.109,10.7934,131.675,1,6,-102,-10,11,38,39,6,29391105,262,1,351,13499,
68.545,522.79,51.4905,7.41908,156.414,10.6835,133.151,1,6,-102,-10,11,38,39,6,29391105,262,1,351,13499,
69.548,534.287,51.4904,7.41919,155.991,10.7682,134.606,1,5,-100,-9,6,40,40,14,28365056,262,1,222,13499,
70.544,545.355,51.4904,7.41929,155.469,10.9601,135.741,1,5,-100,-9,6,40,40,14,28365056,262,1,222,13499,
71.538,557.137,51.4903,7.4194,154.71,11.1027,136.383,1,5,-101,-8,11,39,39,14,28365056,262,1,222,13499,
72.572,568.904,51.4902,7.41952,153.714,11.1325,136.822,1,5,-101,-8,11,39,39,14,28365056,262,1,222,13499,
73.545,579.608,51.4901,7.41962,152.956,11.1164,137.174,1,6,-103,-9,6,37,37,14,28365056,262,1,222,13499,
74.546,590.316,51.4901,7.41972,152.161,11.1841,137.729,1,6,-103,-9,6,37,37,14,28365056,262,1,222,13499,
75.553,601.156,51.49,7.41982,151.55,11.1244,138.06,1,10,-101,-9,11,39,39,14,28365056,262,1,222,13499,
76.537,612.002,51.4899,7.41993,150.974,11.0316,138.636,1,10,-101,-9,11,39,39,14,28365056,262,1,222,13499,
77.549,621.356,51.4898,7.42001,150.746,10.9414,139.704,1,10,-101,-9,11,39,39,14,28365056,262,1,222,13499,
78.578,631.286,51.4898,7.42009,150.325,10.3788,141.896,1,23,-97,-7,8,43,42,14,28365056,262,1,222,13499,
79.547,642.45,51.4897,7.42018,149.952,10.0149,142.48,1,23,-97,-7,8,43,42,14,28365056,262,1,222,13499,
80.535,652.466,51.4896,7.42027,150.168,9.63133,141.514,1,11,-102,-8,11,38,37,14,28365056,262,1,222,13499,
81.559,662.486,51.4895,7.42035,150.395,9.80218,141.852,1,11,-102,-8,11,38,37,14,28365056,262,1,222,13499,
82.557,672.367,51.4895,7.42043,150.723,9.74191,142.448,1,12,-97,-8,13,43,41,14,28365056,262,1,222,13499,
83.549,681.259,51.4894,7.42052,150.579,9.46795,126.441,1,12,-97,-8,13,43,41,14,28365056,262,1,222,13499,
84.556,689.475,51.4894,7.42062,150.022,8.89908,113.582,1,11,-102,-9,12,38,37,14,28365056,262,1,222,13499,
85.547,698.892,51.4893,7.42075,149.408,8.54095,111.392,1,11,-102,-9,12,38,37,14,28365056,262,1,222,13499,
86.568,706.593,51.4893,7.42085,148.852,6.76252,108.196,1,10,-103,-10,7,37,38,14,28365056,262,1,222,13499,
87.555,711.46,51.4893,7.42092,148.794,4.26437,109.18,1,10,-103,-10,7,37,38,14,28365056,262,1,222,13499,
88.555,716.565,51.4893,7.42097,148.859,3.84933,138.721,1,8,-104,-8,7,36,35,14,28365056,262,1,222,13499,
89.542,721.516,51.4892,7.421,149.104,4.40297,166.072,1,8,-104,-8,7,36,35,14,28365056,262,1,222,13499,
90.589,726.819,51.4892,7.42098,149.599,4.99903,199.048,1,7,-102,-8,7,38,37,14,28365056,262,1,222,13499,
91.54,733.65,51.4891,7.42096,149.722,6.57797,197.28,1,7,-102,-8,7,38,37,14,28365056,262,1,222,13499,
92.564,742.051,51.4891,7.42093,149.426,9.06483,196.122,1,10,-101,-7,7,39,36,14,28365056,262,1,222,13499,
93.54,751.978,51.489,7.42089,148.621,9.45491,194.907,1,10,-101,-7,7,39,36,14,28365056,262,1,222,13499,
94.564,763.972,51.4889,7.42084,148.13,9.75193,194.323,1,10,-101,-7,7,39,36,14,28365056,262,1,222,13499,
95.551,774.621,51.4888,7.4208,148.047,9.92839,195.882,1,11,-96,-9,7,44,45,14,28365056,262,1,222,13499,
96.527,785.566,51.4887,7.42076,147.434,8.81483,196.478,1,11,-96,-9,7,44,45,14,28365056,262,1,222,13499,
97.559,793.653,51.4886,7.42073,146.547,6.93502,198.279,1,7,-88,-8,2,52,51,14,29391105,262,1,351,13499,
98.544,799.245,51.4886,7.42072,145.574,5.21006,194.424,1,7,-88,-8,2,52,51,14,29391105,262,1,351,13499,
99.57,803.554,51.4885,7.42075,145.727,4.39165,149.548,1,12,-87,-7,2,53,51,14,29391105,262,1,351,13499,
100.558,810.227,51.4885,7.42085,146.666,6.67453,96.1774,1,12,-87,-7,2,53,51,14,29391105,262,1,351,13499,
101.555,818.105,51.4885,7.42096,148.009,7.69327,95.2876,1,7,-89,-7,2,51,49,14,29391105,262,1,351,13499,
102.55,826.257,51.4885,7.42108,148.914,7.8864,97.2874,1,7,-89,-7,2,51,49,14,29391105,262,1,351,13499,
103.548,832.751,51.4885,7.42117,149.495,7.99441,97.9982,1,7,-91,-7,2,49,47,14,29391105,262,1,351,13499,
104.536,840.823,51.4885,7.42128,150.144,7.82477,117.684,1,7,-91,-7,2,49,47,14,29391105,262,1,351,13499,
105.571,849.115,51.4884,7.42139,150.609,7.72982,121.732,1,11,-91,-7,2,49,47,14,29391105,262,1,351,13499,
106.541,857.463,51.4884,7.42149,151.016,8.08255,124.602,1,11,-91,-7,2,49,47,14,29391105,262,1,351,13499,
107.565,865.499,51.4884,7.42158,151.396,7.98304,126.173,1,9,-94,-7,2,46,45,14,29391105,262,1,351,13499,
108.545,873.39,51.4883,7.42167,151.681,7.89689,127.479,1,9,-94,-7,2,46,45,14,29391105,262,1,351,13499,
109.541,881.092,51.4883,7.42175,151.864,7.94256,127.073,1,5,-97,-8,2,43,43,14,29391105,262,1,351,13499,
110.553,889.924,51.4882,7.42186,152.479,7.65998,127.54,1,5,-97,-8,2,43,43,14,29391105,262,1,351,13499,
111.552,897.806,51.4882,7.42195,152.959,7.65195,126.682,1,5,-97,-8,2,43,43,14,29391105,262,1,351,13499,
112.538,906.384,51.4882,7.42206,153.341,7.61456,113.503,1,7,-95,-7,2,45,44,14,29391105,262,1,351,13499,
113.561,914.484,51.4881,7.42217,153.987,7.74448,112.032,1,7,-95,-7,2,45,44,14,29391105,262,1,351,13499,
114.537,923.076,51.4881,7.42228,154.7,8.08419,110.461,1,11,-95,-7,2,45,43,14,29391105,262,1,351,13499,
115.554,930.82,51.4881,7.42239,155.136,8.58224,108.744,1,11,-95,-7,2,45,43,14,29391105,262,1,351,13499,
116.507,938.703,51.4881,7.4225,155.33,8.66856,107.454,1,9,-95,-6,2,45,42,14,29391105,262,1,351,13499,
117.559,946.581,51.488,7.42261,155.147,8.56776,106.79,1,9,-95,-6,2,45,42,14,29391105,262,1,351,13499,
118.547,954.391,51.488,7.42272,154.762,8.52608,106.072,1,1,-98,-7,2,42,41,14,29391105,262,1,351,13499,
119.551,962.473,51.488,7.42283,154.34,8.17334,104.756,1,1,-98,-7,2,42,41,14,29391105,262,1,351,13499,
120.557,970.839,51.488,7.42295,153.778,8.12947,104.557,1,4,-100,-8,2,40,38,14,29391105,262,1,351,13499,
121.546,979.217,51.488,7.42306,153.206,7.96255,103.87,1,4,-100,-8,2,40,38,14,29391105,262,1,351,13499,
122.557,987.368,51.4879,7.42318,152.811,7.69646,102.599,1,0,-96,-8,6,44,43,13,28365056,262,1,222,13499,
123.531,995.06,51.4879,7.42329,152.418,7.28278,103.056,1,0,-96,-8,6,44,43,13,28365056,262,1,222,13499,
124.54,1001.07,51.4879,7.42337,152.077,7.23548,103.629,1,11,-96,-8,12,44,43,13,28365056,262,1,222,13499,
125.561,1009.06,51.4879,7.42348,152.008,7.17812,105.995,1,11,-96,-8,12,44,43,13,28365056,262,1,222,13499,
126.53,1017.43,51.4879,7.42359,152.11,7.57026,120.886,1,11,-95,-8,8,45,44,13,28365056,262,1,222,13499,
127.539,1025.51,51.4878,7.42369,151.994,8.14233,123.01,1,11,-95,-8,8,45,44,13,28365056,262,1,222,13499,
128.569,1035.04,51.4878,7.4238,152.191,8.68301,126.031,1,10,-94,-9,10,46,47,13,28365056,262,1,222,13499,
129.539,1043.81,51.4877,7.4239,152.486,8.19687,128.148,1,10,-94,-9,10,46,47,13,28365056,262,1,222,13499,
130.566,1052.27,51.4877,7.42399,152.919,8.46602,130.922,1,8,-92,-8,8,48,47,13,28365056,262,1,222,13499,
131.539,1060.71,51.4876,7.42407,153.241,8.84312,134.248,1,8,-92,-8,8,48,47,13,28365056,262,1,222,13499,
132.555,1069.05,51.4876,7.42415,153.586,8.70636,137.639,1,8,-92,-8,8,48,47,13,28365056,262,1,222,13499,
133.539,1077.16,51.4875,7.42422,153.564,8.1644,138.24,1,11,-92,-7,9,48,45,13,28365056,262,1,222,13499,
134.548,1086.44,51.4874,7.4243,153.507,8.09221,140.149,1,11,-92,-7,9,48,45,13,28365056,262,1,222,13499,
135.535,1095.1,51.4874,7.42436,153.882,8.57056,141.569,1,-2,-94,-9,8,46,45,13,28365056,262,1,222,13499,
136.524,1104.7,51.4873,7.42444,154.286,8.80047,141.902,1,-2,-94,-9,8,46,45,13,28365056,262,1,222,13499,
137.534,1114.19,51.4872,7.42452,154.43,8.9796,140.981,1,1,-95,-8,2,45,46,13,28365056,262,1,222,13499,
138.558,1123.33,51.4872,7.4246,154.797,8.86602,139.6,1,1,-95,-8,2,45,46,13,28365056,262,1,222,13499,
139.558,1133.06,51.4871,7.42469,154.893,9.16821,138.055,1,0,-97,-11,8,43,45,15,28365056,262,1,222,13499,
140.547,1142.55,51.487,7.42478,154.56,9.34777,136.687,1,0,-97,-11,8,43,45,15,28365056,262,1,222,13499,
141.566,1151.5,51.487,7.42487,153.867,9.20709,133.996,1,1,-88,-7,6,52,50,10,28367106,262,1,103,13499,
142.562,1159.07,51.4869,7.42496,152.605,9.16942,130.244,1,1,-88,-7,6,52,50,10,28367106,262,1,103,13499,
143.553,1167.59,51.4869,7.42506,151.412,8.89601,130.813,1,11,-91,-8,14,49,49,10,28367106,262,1,103,13499,
144.535,1176.26,51.4868,7.42516,150.204,8.65178,130.216,1,11,-91,-8,14,49,49,10,28367106,262,1,103,13499,
145.548,1185.37,51.4868,7.42526,149.465,8.96032,129.403,1,18,-91,-8,10,49,49,10,28367106,262,1,103,13499,
146.537,1194,51.4867,7.42535,148.699,8.91226,128.511,1,18,-91,-8,10,49,49,10,28367106,262,1,103,13499,
147.535,1202.08,51.4867,7.42545,148.766,9.13954,127.529,1,14,-84,-7,13,56,54,10,28367106,262,1,103,13499,
148.545,1211.14,51.4866,7.42555,148.987,8.76421,128.331,1,14,-84,-7,13,56,54,10,28367106,262,1,103,13499,
149.556,1219.7,51.4866,7.42565,148.635,8.892,128.885,1,11,-88,-7,10,52,50,10,28367106,262,1,103,13499,
150.54,1228.4,51.4866,7.42575,147.775,8.93172,129.314,1,11,-88,-7,10,52,50,10,28367106,262,1,103,13499,
151.559,1237.74,51.4865,7.42585,146.624,8.33253,129.682,1,14,-85,-7,11,55,53,10,28367106,262,1,103,13499,
152.545,1246.86,51.4864,7.42595,145.5,8.99067,130.474,1,14,-85,-7,11,55,53,10,28367106,262,1,103,13499,
153.675,1256.61,51.4864,7.42604,144.106,9.5143,133.239,1,22,-83,-6,12,57,56,10,28367106,262,1,103,13499,
154.568,1266.83,51.4863,7.42613,142.805,9.75457,135.81,1,22,-83,-6,12,57,56,10,28367106,262,1,103,13499,
155.555,1276.62,51.4862,7.42622,141.73,9.74684,136.539,1,22,-83,-6,12,57,56,10,28367106,262,1,103,13499,
156.546,1287.42,51.4862,7.42631,140.245,9.57066,135.704,1,19,-84,-6,11,56,54,10,28367106,262,1,103,13499,
157.543,1297.83,51.4861,7.42642,139.296,9.92138,134.177,1,19,-84,-6,11,56,54,10,28367106,262,1,103,13499,
158.546,1308.47,51.486,7.42653,137.79,10.2604,131.853,1,24,-84,-6,15,56,53,10,28367106,262,1,103,13499,
159.565,1318.96,51.486,7.42665,136.471,10.5003,129.333,1,24,-84,-6,15,56,53,10,28367106,262,1,103,13499,
160.545,1328.96,51.4859,7.42676,135.145,10.7438,126.432,1,21,-84,-6,15,56,53,10,28367106,262,1,103,13499,
161.541,1340.54,51.4858,7.42689,133.825,10.981,124.54,1,21,-84,-6,15,56,53,10,28367106,262,1,103,13499,
162.547,1352,51.4858,7.42703,132.975,10.1652,123.246,1,13,-90,-6,10,50,48,10,28367106,262,1,103,13499,
163.541,1361.89,51.4857,7.42715,132.564,9.63813,122.539,1,13,-90,-6,10,50,48,10,28367106,262,1,103,13499,
164.554,1370.09,51.4857,7.42725,132.037,9.08588,124.43,1,13,-93,-6,9,47,45,10,28367106,262,1,103,13499,
165.548,1380.26,51.4856,7.42736,131.194,9.18578,128.497,1,13,-93,-6,9,47,45,10,28367106,262,1,103,13499,
166.549,1389.02,51.4856,7.42743,130.391,9.23745,144.159,1,16,-92,-6,11,48,45,10,28367106,262,1,103,13499,
167.548,1398.39,51.4855,7.4275,129.752,9.02607,144.748,1,16,-92,-6,11,48,45,10,28367106,262,1,103,13499,
168.543,1406.85,51.4854,7.42757,129.11,8.58731,145.565,1,16,-94,-7,10,46,44,10,28367106,262,1,103,13499,
169.558,1415.01,51.4854,7.42763,128.777,7.33313,144.68,1,16,-94,-7,10,46,44,10,28367106,262,1,103,13499,
170.556,1422.92,51.4853,7.42769,128.558,7.05471,143.864,1,19,-89,-6,12,51,48,10,28367106,262,1,103,13499,
171.575,1430.51,51.4853,7.42775,128.244,6.62977,147.766,1,19,-89,-6,12,51,48,10,28367106,262,1,103,13499,
172.548,1437.13,51.4852,7.42777,128.437,6.24156,168.841,1,14,-88,-6,9,52,47,10,28367106,262,1,103,13499,
173.547,1442.08,51.4852,7.42778,128.493,5.91058,170.069,1,14,-88,-6,9,52,47,10,28367106,262,1,103,13499,
174.563,1448.08,51.4851,7.42779,128.002,6.95109,170.117,1,12,-92,-6,8,48,45,10,28367106,262,1,103,13499,
175.541,1454.77,51.485,7.42781,127.484,7.90884,167.554,1,12,-92,-6,8,48,45,10,28367106,262,1,103,13499,
176.552,1465.29,51.4849,7.42785,127.175,8.69591,165.831,1,13,-88,-6,10,52,48,10,28367106,262,1,103,13499,
177.554,1473.82,51.4849,7.42788,127.003,9.02755,164.85,1,13,-88,-6,10,52,48,10,28367106,262,1,103,13499,
178.548,1483.18,51.4848,7.42792,127.58,8.96182,163.242,1,13,-87,-6,10,53,50,10,28367106,262,1,103,13499,
179.543,1493.16,51.4847,7.42797,127.647,8.30609,163.791,1,13,-87,-6,10,53,50,10,28367106,262,1,103,13499,
180.543,1501.68,51.4846,7.428,128.308,8.12487,163.109,1,21,-87,-6,10,53,50,10,28367106,262,1,103,13499,
181.575,1510.38,51.4846,7.42804,128.718,7.71931,162.642,1,21,-87,-6,10,53,50,10,28367106,262,1,103,13499,
182.534,1518.5,51.4845,7.42807,129.324,7.76786,163.411,1,21,-87,-6,10,53,50,10,28367106,262,1,103,13499,
183.541,1525.46,51.4844,7.4281,129.44,7.06282,164.059,1,11,-85,-6,11,55,51,10,28367106,262,1,103,13499,
184.545,1532.33,51.4844,7.42813,128.953,5.8729,164.703,1,11,-85,-6,11,55,51,10,28367106,262,1,103,13499,
185.535,1539.79,51.4843,7.42816,129.171,4.90669,165.106,1,4,-85,-6,12,55,53,10,28367106,262,1,103,13499,
186.566,1543.61,51.4843,7.42817,129.213,3.5836,162.981,1,4,-85,-6,12,55,53,10,28367106,262,1,103,13499,
187.53,1548.61,51.4842,7.42819,129.23,3.80641,163.827,1,14,-86,-6,8,54,53,10,28367106,262,1,103,13499,
188.555,1554.97,51.4842,7.42822,130.047,5.73456,162.71,1,14,-86,-6,8,54,53,10,28367106,262,1,103,13499,
189.555,1562.95,51.4841,7.42826,130.67,6.78297,160.137,1,10,-86,-6,8,54,52,10,28367106,262,1,103,13499,
190.53,1569.54,51.4841,7.42829,131.162,6.44238,157.651,1,10,-86,-6,8,54,52,10,28367106,262,1,103,13499,
191.539,1577.3,51.484,7.42834,132.112,6.51956,158.618,1,18,-87,-6,11,53,51,10,28367106,262,1,103,13499,
192.576,1584.54,51.4839,7.42837,133.233,6.69499,159.038,1,18,-87,-6,11,53,51,10,28367106,262,1,103,13499,
193.544,1591.48,51.4839,7.42841,134.092,5.91165,158.637,1,10,-86,-6,10,54,52,10,28367106,262,1,103,13499,
194.55,1598.76,51.4838,7.42844,134.883,6.98969,161.013,1,10,-86,-6,10,54,52,10,28367106,262,1,103,13499,
195.554,1607.93,51.4837,7.42848,135.393,7.63116,161.884,1,15,-87,-6,10,53,50,10,28367106,262,1,103,13499,
196.548,1616.9,51.4837,7.42852,136.185,8.08202,162.546,1,15,-87,-6,10,53,50,10,28367106,262,1,103,13499,
197.54,1624.82,51.4836,7.42856,137.763,8.43033,162.765,1,7,-89,-6,14,51,47,10,28367106,262,1,103,13499,
198.56,1633.13,51.4835,7.42859,139.549,8.83464,162.353,1,7,-89,-6,14,51,47,10,28367106,262,1,103,13499,
199.529,1642.49,51.4834,7.42863,141.024,7.78052,163.002,1,13,-91,-6,8,49,47,10,28367106,262,1,103,13499,
200.561,1650.74,51.4834,7.42866,141.643,7.4413,161.333,1,13,-91,-6,8,49,47,10,28367106,262,1,103,13499,
201.547,1658.03,51.4833,7.4287,141.895,7.34684,160.063,1,14,-91,-7,2,49,47,10,28367106,262,1,103,13499,
202.548,1666.83,51.4832,7.42874,142.271,7.34844,158.461,1,14,-91,-7,2,49,47,10,28367106,262,1,103,13499,
203.55,1674.66,51.4832,7.42878,142.035,7.18938,159.696,1,12,-90,-6,2,50,47,10,28367106,262,1,103,13499,
204.548,1681.99,51.4831,7.42881,142.081,6.44037,161.262,1,12,-90,-6,2,50,47,10,28367106,262,1,103,13499,
205.561,1688.84,51.483,7.42883,141.397,5.33474,163.334,1,11,-91,-6,2,49,47,10,28367106,262,1,103,13499,
206.535,1695.22,51.483,7.42885,140.918,4.33574,164.939,1,11,-91,-6,2,49,47,10,28367106,262,1,103,13499,
207.566,1699.61,51.4829,7.42886,140.987,2.81118,179.548,1,11,-91,-6,2,49,47,10,28367106,262,1,103,13499,
208.547,1700.61,51.4829,7.42886,141.108,0.578678,179.548,1,10,-91,-7,2,49,48,10,28367106,262,1,103,13499,
209.557,1701.91,51.4829,7.42886,141.279,0.418114,179.548,1,10,-91,-7,2,49,48,10,28367106,262,1,103,13499,
210.549,1701.91,51.4829,7.42886,141.289,0,179.548,1,10,-90,-7,2,50,49,10,28367106,262,1,103,13499,
211.555,1701.91,51.4829,7.42886,141.308,0,179.548,1,10,-90,-7,2,50,49,10,28367106,262,1,103,13499,
212.542,1701.91,51.4829,7.42886,141.328,0,179.548,1,11,-88,-7,2,52,51,10,28367106,262,1,103,13499,
213.545,1701.91,51.4829,7.42886,141.347,0,179.548,1,11,-88,-7,2,52,51,10,28367106,262,1,103,13499,
214.552,1701.91,51.4829,7.42886,141.365,0,179.548,1,14,-88,-7,2,52,50,10,28367106,262,1,103,13499,
215.553,1701.91,51.4829,7.42886,141.386,0,179.548,1,14,-88,-7,2,52,50,10,28367106,262,1,103,13499,
216.541,1701.91,51.4829,7.42886,141.412,0,179.548,1,13,-89,-7,2,51,50,10,28367106,262,1,103,13499,
217.557,1701.91,51.4829,7.42886,141.435,0,179.548,1,13,-89,-7,2,51,50,10,28367106,262,1,103,13499,
218.541,1701.91,51.4829,7.42886,141.457,0,179.548,1,13,-90,-8,8,50,49,7,28367106,262,1,103,13499,
219.555,1701.91,51.4829,7.42886,141.482,0,179.548,1,13,-90,-8,8,50,49,7,28367106,262,1,103,13499,
220.531,1701.91,51.4829,7.42886,141.506,0,179.548,1,7,-91,-8,8,49,48,7,28367106,262,1,103,13499,
221.547,1701.91,51.4829,7.42886,141.526,0,179.548,1,7,-91,-8,8,49,48,7,28367106,262,1,103,13499,
222.559,1701.91,51.4829,7.42886,141.548,0,179.548,1,10,-91,-7,9,49,48,7,28367106,262,1,103,13499,
223.533,1701.91,51.4829,7.42886,141.561,0,179.548,1,10,-91,-7,9,49,48,7,28367106,262,1,103,13499,
224.544,1701.91,51.4829,7.42886,141.572,0,179.548,1,10,-91,-7,9,49,48,7,28367106,262,1,103,13499,
225.549,1701.91,51.4829,7.42886,141.588,0,179.548,1,10,-90,-7,8,50,48,7,28367106,262,1,103,13499,
226.538,1701.91,51.4829,7.42886,141.788,0,179.548,1,10,-90,-7,8,50,48,7,28367106,262,1,103,13499,
227.557,1701.91,51.4829,7.42886,141.916,0,179.548,1,8,-92,-9,8,48,49,7,28367106,262,1,103,13499,
228.545,1701.91,51.4829,7.42886,142.09,0,179.548,1,8,-92,-9,8,48,49,7,28367106,262,1,103,13499,
229.54,1708.8,51.4829,7.4289,142.181,0,156.911,1,9,-91,-7,12,49,47,7,28367106,262,1,103,13499,
230.575,1708.8,51.4829,7.4289,142.265,0,160.962,1,9,-91,-7,12,49,47,7,28367106,262,1,103,13499,
231.547,1715.42,51.4828,7.42892,142.358,3.06307,164.607,1,7,-91,-6,7,49,47,7,28367106,262,1,103,13499,
232.54,1720.78,51.4828,7.42893,142.447,3.78648,167.247,1,7,-91,-6,7,49,47,7,28367106,262,1,103,13499,
233.562,1725.8,51.4827,7.42893,142.531,3.09355,171.216,1,11,-88,-6,14,52,50,7,28367106,262,1,103,13499,
234.539,1730.72,51.4827,7.42892,142.611,3.07607,173.776,1,11,-88,-6,14,52,50,7,28367106,262,1,103,13499,
235.549,1735.63,51.4826,7.42891,142.901,3.1268,171.327,1,10,-91,-7,12,49,49,7,28367106,262,1,103,13499,
236.549,1741.6,51.4826,7.42895,142.92,3.25377,142.064,1,10,-91,-7,12,49,49,7,28367106,262,1,103,13499,
237.541,1746.06,51.4826,7.42901,143.555,3.44464,107.406,1,6,-93,-7,10,47,45,7,28367106,262,1,103,13499,
238.545,1753,51.4825,7.42911,144.382,3.71222,101.306,1,6,-93,-7,10,47,45,7,28367106,262,1,103,13499,
239.559,1760.3,51.4825,7.42921,144.96,4.10615,97.0337,1,3,-98,-10,9,42,42,7,28367106,262,1,103,13499,
240.558,1769.28,51.4825,7.42934,145.409,10.1096,98.739,1,3,-98,-10,9,42,42,7,28367106,262,1,103,13499,
241.535,1779.59,51.4825,7.42949,145.679,10.8463,97.712,1,7,-101,-7,2,39,37,7,29563904,262,1,350,13499,
242.556,1790.91,51.4825,7.42965,145.879,11.9811,97.0235,1,7,-101,-7,2,39,37,7,29563904,262,1,350,13499,
243.535,1804.31,51.4825,7.42984,145.948,12.7439,96.3565,1,10,-103,-8,2,37,36,7,29563904,262,1,350,13499,
244.573,1816.17,51.4824,7.43001,145.943,12.0006,96.8118,1,10,-103,-8,2,37,36,7,29563904,262,1,350,13499,
245.535,1828.07,51.4824,7.43018,146.305,11.4286,96.6132,1,10,-103,-8,2,37,36,7,29563904,262,1,350,13499,
246.545,1839.05,51.4824,7.43034,147.213,10.9634,96.8319,1,1,-101,-7,2,39,37,7,29563904,262,1,350,13499,
247.531,1849.3,51.4824,7.43048,148.236,10.4685,97.2755,1,1,-101,-7,2,39,37,7,29563904,262,1,350,13499,
248.539,1859.83,51.4824,7.43063,148.873,9.59774,97.0935,1,7,-99,-9,2,41,41,7,28367106,262,1,103,13499,
249.56,1869.06,51.4824,7.43077,149.325,8.31418,97.049,1,7,-99,-9,2,41,41,7,28367106,262,1,103,13499,
250.561,1876.32,51.4824,7.43087,149.528,6.50928,96.4607,1,10,-99,-10,2,41,43,7,28367106,262,1,103,13499,
251.546,1881.62,51.4824,7.43094,149.427,5.02403,96.3573,1,10,-99,-10,2,41,43,7,28367106,262,1,103,13499,
252.55,1885.95,51.4823,7.431,149.423,4.09206,96.7122,1,12,-94,-9,2,46,47,7,28367106,262,1,103,13499,
253.536,1888.97,51.4823,7.43105,149.413,2.6725,96.6498,1,12,-94,-9,2,46,47,7,28367106,262,1,103,13499,
254.539,1891.89,51.4823,7.43109,149.41,2.72128,97.4245,1,11,-92,-8,2,48,48,7,28367106,262,1,103,13499,
255.568,1895.49,51.4823,7.43114,149.447,3.54279,97.9092,1,11,-92,-8,2,48,48,7,28367106,262,1,103,13499,
256.535,1900.12,51.4823,7.4312,150.308,4.63566,96.864,1,10,-90,-6,2,50,46,7,28367106,262,1,103,13499,
257.553,1905.27,51.4823,7.43128,151.336,5.69414,97.2101,1,10,-90,-6,2,50,46,7,28367106,262,1,103,13499,
258.561,1911.16,51.4823,7.43136,152.068,6.75513,97.7785,1,10,-90,-7,2,50,46,7,28367106,262,1,103,13499,
259.549,1918.5,51.4823,7.43147,152.444,8.01177,97.7853,1,10,-90,-7,2,50,46,7,28367106,262,1,103,13499,
260.545,1927.16,51.4823,7.43159,152.743,9.04066,97.4171,1,8,-92,-7,2,48,46,7,28367106,262,1,103,13499,
261.532,1935.8,51.4823,7.43171,152.872,8.93681,97.4438,1,8,-92,-7,2,48,46,7,28367106,262,1,103,13499,
262.565,1944.96,51.4823,7.43184,152.929,9.5214,97.1651,1,13,-97,-8,2,43,43,7,29391105,262,1,351,13499,
263.552,1954.39,51.4822,7.43198,153.036,9.61951,96.7376,1,13,-97,-8,2,43,43,7,29391105,262,1,351,13499,
264.54,1963.67,51.4822,7.43211,153.57,10.1625,96.1829,1,7,-96,-7,2,44,43,7,29391105,262,1,351,13499,
265.553,1974.12,51.4822,7.43226,153.693,10.0821,95.8567,1,7,-96,-7,2,44,43,7,29391105,262,1,351,13499,
266.535,1984.23,51.4822,7.43241,153.592,9.88114,96.2461,1,7,-96,-7,2,44,43,7,29391105,262,1,351,13499,
267.548,1994.52,51.4822,7.43255,153.687,10.0653,95.783,1,11,-92,-10,2,48,49,7,28368386,262,1,32,13499,
268.552,2004.68,51.4822,7.4327,153.767,10.1853,96.7701,1,11,-92,-10,2,48,49,7,28368386,262,1,32,13499,
269.557,2014.94,51.4822,7.43285,153.71,10.1497,97.0652,1,8,-88,-9,2,52,51,7,28368386,262,1,32,13499,
270.542,2024.93,51.4822,7.43299,153.543,9.91788,96.427,1,8,-88,-9,2,52,51,7,28368386,262,1,32,13499,
271.548,2034.74,51.4822,7.43313,153.301,9.90657,96.3907,1,5,-87,-8,2,53,52,7,28368386,262,1,32,13499,
272.549,2044.29,51.4822,7.43327,153.206,8.97652,96.1992,1,5,-87,-8,2,53,52,7,28368386,262,1,32,13499,
273.541,2052.89,51.4821,7.43339,153.317,8.23245,96.2621,1,8,-88,-9,2,52,51,7,28368386,262,1,32,13499,
274.548,2060.54,51.4821,7.4335,153.224,8.16539,96.3003,1,8,-88,-9,2,52,51,7,28368386,262,1,32,13499,
275.544,2069.08,51.4821,7.43363,153.229,8.79929,95.5152,1,10,-92,-8,2,48,47,7,28367106,262,1,103,13499,
276.55,2077.22,51.4821,7.43374,153.153,8.48597,96.0356,1,10,-92,-8,2,48,47,7,28367106,262,1,103,13499,
277.546,2086.22,51.4821,7.43387,153.562,8.22888,96.4246,1,5,-94,-9,2,46,46,7,28367106,262,1,103,13499,
278.565,2094.89,51.4821,7.434,154.019,8.53798,96.5454,1,5,-94,-9,2,46,46,7,28367106,262,1,103,13499,
279.567,2103.35,51.4821,7.43412,154.271,8.6691,96.0728,1,7,-94,-9,2,46,46,7,28367106,262,1,103,13499,
280.549,2111.5,51.4821,7.43424,154.462,8.45687,97.1094,1,7,-94,-9,2,46,46,7,28367106,262,1,103,13499,
281.541,2119.31,51.4821,7.43435,154.908,8.11269,97.9716,1,5,-96,-11,2,44,45,7,28367106,262,1,103,13499,
282.554,2128.57,51.4821,7.43448,155.254,8.81854,99.5583,1,5,-96,-11,2,44,45,7,28367106,262,1,103,13499,
283.552,2137.93,51.4821,7.43461,155.412,9.74148,100.495,1,1,-96,-11,2,44,45,7,28367106,262,1,103,13499,
284.549,2148.71,51.482,7.43477,155.243,10.0679,99.7878,1,1,-96,-11,2,44,45,7,28367106,262,1,103,13499,
285.535,2159.5,51.482,7.43492,155.115,10.9737,98.5644,1,1,-96,-11,2,44,45,7,28367106,262,1,103,13499,
286.541,2169.08,51.482,7.43506,155.002,10.3905,97.7107,1,7,-95,-10,2,45,47,7,28367106,262,1,103,13499,
287.541,2179.1,51.482,7.4352,154.822,10.5406,98.6252,1,7,-95,-10,2,45,47,7,28367106,262,1,103,13499,
288.542,2190.17,51.482,7.43536,154.314,9.42134,98.0181,1,4,-94,-10,2,46,47,7,28367106,262,1,103,13499,
289.554,2200.27,51.482,7.43551,154.035,8.95977,97.2225,1,4,-94,-10,2,46,47,7,28367106,262,1,103,13499,
290.549,2210.74,51.482,7.43566,153.963,10.3302,96.9377,1,10,-93,-10,2,47,49,7,28368386,262,1,32,13499,
291.551,2220.05,51.482,7.43579,153.524,10.2976,97.3745,1,10,-93,-10,2,47,49,7,28368386,262,1,32,13499,
292.544,2230.89,51.482,7.43595,153.234,10.912,96.5038,1,13,-90,-9,2,50,50,7,28367105,262,1,102,13499,
293.542,2242.53,51.4819,7.43611,153.566,10.9697,96.288,1,13,-90,-9,2,50,50,7,28367105,262,1,102,13499,
294.548,2254.31,51.4819,7.43628,153.643,11.3722,96.8451,1,11,-85,-8,2,55,53,7,28367105,262,1,102,13499,
295.552,2265.32,51.4819,7.43644,153.819,11.0075,97.6506,1,11,-85,-8,2,55,53,7,28367105,262,1,102,13499,
296.555,2275.88,51.4819,7.43659,154.369,9.93797,96.6033,1,2,-87,-9,2,53,52,7,28367105,262,1,102,13499,
297.535,2285.52,51.4819,7.43673,154.603,10.2802,96.3921,1,2,-87,-9,2,53,52,7,28367105,262,1,102,13499,
298.548,2295.48,51.4819,7.43688,154.669,10.1921,96.4104,1,4,-88,-10,2,52,53,7,28367105,262,1,102,13499,
299.559,2305.95,51.4819,7.43703,154.706,11.0812,97.3031,1,4,-88,-10,2,52,53,7,28367105,262,1,102,13499,
300.544,2316.32,51.4819,7.43717,154.536,11.9276,96.9569,1,12,-92,-10,2,48,50,7,28367105,262,1,102,13499,
301.54,2328.14,51.4819,7.43734,154.569,12.1571,96.6267,1,12,-92,-10,2,48,50,7,28367105,262,1,102,13499,
302.729,2341.31,51.4819,7.43753,154.106,12.1363,96.9788,1,7,-90,-8,2,50,50,7,28367105,262,1,102,13499,
303.539,2354.08,51.4818,7.43772,153.956,12.3287,96.987,1,7,-90,-8,2,50,50,7,28367105,262,1,102,13499,
304.551,2366.06,51.4818,7.43789,153.534,12.1069,96.6009,1,17,-85,-5,11,55,51,4,28367105,262,1,102,13499,
305.536,2377.99,51.4818,7.43806,153.1,10.9228,96.9984,1,17,-85,-5,11,55,51,4,28367105,262,1,102,13499,
306.56,2387.81,51.4818,7.4382,152.825,9.94571,97.9645,1,12,-86,-6,10,54,52,4,28367105,262,1,102,13499,
307.548,2399.47,51.4818,7.43837,152.689,11.1299,97.342,1,12,-86,-6,10,54,52,4,28367105,262,1,102,13499,
308.55,2409.16,51.4818,7.43851,153.114,10.312,97.0084,1,12,-86,-6,10,54,52,4,28367105,262,1,102,13499,
309.548,2419.94,51.4818,7.43866,153.724,10.4539,96.2076,1,10,-92,-9,11,48,48,4,28367105,262,1,102,13499,
310.548,2430.85,51.4818,7.43882,154.535,10.1119,96.3993,1,10,-92,-9,11,48,48,4,28367105,262,1,102,13499,
311.534,2441,51.4817,7.43896,155.261,9.95172,96.7539,1,5,-87,-6,6,53,49,9,28368386,262,1,32,13499,
312.552,2451.27,51.4817,7.43911,155.758,10.5541,95.8902,1,5,-87,-6,6,53,49,9,28368386,262,1,32,13499,
313.567,2462.63,51.4817,7.43928,156.595,11.4589,95.0267,1,10,-90,-8,14,50,47,9,28368386,262,1,32,13499,
314.549,2474.48,51.4817,7.43945,157.178,12.5486,94.6241,1,10,-90,-8,14,50,47,9,28368386,262,1,32,13499,
315.555,2487.79,51.4817,7.43964,158.111,12.2411,95.4066,1,13,-92,-8,11,48,47,9,28368386,262,1,32,13499,
316.562,2498.89,51.4817,7.4398,158.596,11.639,95.7647,1,13,-92,-8,11,48,47,9,28368386,262,1,32,13499,
317.548,2509.81,51.4817,7.43996,158.756,11.2311,96.2291,1,8,-95,-9,7,45,44,9,28368386,262,1,32,13499,
318.56,2521.04,51.4817,7.44012,158.756,10.9332,96.6318,1,8,-95,-9,7,45,44,9,28368386,262,1,32,13499,
319.555,2531.9,51.4817,7.44027,158.811,11.2971,96.0518,1,7,-98,-10,9,42,43,9,28368386,262,1,32,13499,
320.538,2542.67,51.4817,7.44043,158.905,11.0536,96.2971,1,7,-98,-10,9,42,43,9,28368386,262,1,32,13499,
321.545,2553.28,51.4817,7.44058,159.083,10.2372,96.6115,1,7,-98,-10,11,42,43,9,28368386,262,1,32,13499,
322.548,2562.89,51.4816,7.44072,159.255,7.81765,97.0588,1,7,-98,-10,11,42,43,9,28368386,262,1,32,13499,
323.548,2568.32,51.4816,7.4408,159.285,4.01052,96.225,1,13,-93,-7,9,47,44,9,28368386,262,1,32,13499,
324.54,2571.58,51.4816,7.44084,159.346,2.00935,96.3838,1,13,-93,-7,9,47,44,9,28368386,262,1,32,13499,
325.541,2573.81,51.4816,7.44087,159.409,1.19663,95.3218,1,6,-94,-8,2,46,43,9,28368386,262,1,32,13499,
326.548,2574.46,51.4816,7.44088,159.435,1.01577,95.3218,1,6,-94,-8,2,46,43,9,28368386,262,1,32,13499,
327.549,2575.74,51.4816,7.4409,159.464,0.942006,95.3218,1,7,-96,-8,2,44,43,9,28368386,262,1,32,13499,
328.556,2575.74,51.4816,7.4409,159.508,0,95.3218,1,7,-96,-8,2,44,43,9,28368386,262,1,32,13499,
329.548,2575.74,51.4816,7.4409,159.515,0,95.3218,1,8,-95,-8,2,45,46,9,28368386,262,1,32,13499,
330.545,2575.74,51.4816,7.4409,159.521,0,95.3218,1,8,-95,-8,2,45,46,9,28368386,262,1,32,13499,
331.558,2575.74,51.4816,7.4409,159.529,0,95.3218,1,2,-95,-8,2,45,46,9,28368386,262,1,32,13499,
332.561,2575.74,51.4816,7.4409,159.536,0,95.3218,1,2,-95,-8,2,45,46,9,28368386,262,1,32,13499,
333.55,2575.74,51.4816,7.4409,159.544,0,95.3218,1,2,-95,-8,2,45,46,9,28368386,262,1,32,13499,
334.575,2575.74,51.4816,7.4409,159.552,0,95.3218,1,12,-95,-9,2,45,46,9,28368386,262,1,32,13499,
335.53,2575.74,51.4816,7.4409,159.56,0,95.3218,1,12,-95,-9,2,45,46,9,28368386,262,1,32,13499,
336.54,2575.74,51.4816,7.4409,159.565,0,95.3218,1,11,-95,-9,2,45,45,9,28368386,262,1,32,13499,
337.548,2575.74,51.4816,7.4409,159.568,0,95.3218,1,11,-95,-9,2,45,45,9,28368386,262,1,32,13499,
338.548,2575.74,51.4816,7.4409,159.568,0,95.3218,1,9,-96,-9,2,44,46,9,28368386,262,1,32,13499,
339.549,2575.74,51.4816,7.4409,159.567,0,95.3218,1,9,-96,-9,2,44,46,9,28368386,262,1,32,13499,
340.548,2575.74,51.4816,7.4409,159.565,0,95.3218,1,12,-96,-9,2,44,46,9,28368386,262,1,32,13499,
341.547,2575.74,51.4816,7.4409,159.561,0,95.3218,1,12,-96,-9,2,44,46,9,28368386,262,1,32,13499,
342.55,2575.74,51.4816,7.4409,159.556,0,95.3218,1,12,-96,-9,2,44,46,9,28368386,262,1,32,13499,
343.544,2575.74,51.4816,7.4409,159.551,0,95.3218,1,12,-96,-9,2,44,46,9,28368386,262,1,32,13499,
344.559,2575.74,51.4816,7.4409,159.544,0,95.3218,1,3,-95,-9,2,45,45,9,28368386,262,1,32,13499,
345.558,2575.74,51.4816,7.4409,159.538,0,95.3218,1,3,-95,-9,2,45,45,9,28368386,262,1,32,13499,
346.544,2575.74,51.4816,7.4409,159.531,0,95.3218,1,10,-95,-9,2,45,45,9,28368386,262,1,32,13499,
347.547,2575.74,51.4816,7.4409,159.523,0,95.3218,1,10,-95,-9,2,45,45,9,28368386,262,1,32,13499,
348.548,2575.74,51.4816,7.4409,159.516,0,95.3218,1,14,-95,-9,2,45,46,9,28368386,262,1,32,13499,
349.54,2575.74,51.4816,7.4409,159.509,0,95.3218,1,14,-95,-9,2,45,46,9,28368386,262,1,32,13499,
350.549,2575.74,51.4816,7.4409,159.503,0,95.3218,1,13,-95,-9,2,45,46,9,28368386,262,1,32,13499,
351.54,2575.74,51.4816,7.4409,159.498,0,95.3218,1,13,-95,-9,2,45,46,9,28368386,262,1,32,13499,
352.56,2575.74,51.4816,7.4409,159.468,0,95.3218,1,6,-96,-9,2,44,45,9,28368386,262,1,32,13499,
353.547,2575.74,51.4816,7.4409,158.951,0,95.3493,1,6,-96,-9,2,44,45,9,28368386,262,1,32,13499,
354.549,2586.26,51.4816,7.44105,158.448,0,96.4471,1,6,-96,-9,2,44,45,9,28368386,262,1,32,13499,
355.536,2592.01,51.4816,7.44113,158.492,6.34963,99.5147,1,4,-98,-10,2,42,43,9,28368386,262,1,32,13499,
356.567,2598.77,51.4816,7.44122,158.729,7.27379,101.618,1,4,-98,-10,2,42,43,9,28368386,262,1,32,13499,
357.537,2606.72,51.4816,7.44133,159.484,8.34665,114.754,1,1,-97,-9,2,43,43,9,28367105,262,1,102,13499,
358.559,2615.67,51.4815,7.44144,160.126,9.54225,116.38,1,1,-97,-9,2,43,43,9,28367105,262,1,102,13499,
359.545,2626.12,51.4815,7.44157,160.496,11.0792,118.757,1,17,-95,-8,2,45,44,9,28368386,262,1,32,13499,
360.555,2638.25,51.4814,7.44172,160.963,12.2229,122.183,1,17,-95,-8,2,45,44,9,28368386,262,1,32,13499,
361.53,2651.12,51.4813,7.44187,161.143,11.9851,125.679,1,1,-94,-8,2,46,45,9,28368386,262,1,32,13499,
362.545,2662.45,51.4813,7.44199,161.348,11.9554,129.381,1,1,-94,-8,2,46,45,9,28368386,262,1,32,13499,
363.548,2674.39,51.4812,7.44212,161.804,12.157,132.136,1,11,-93,-7,2,47,45,9,28367105,262,1,102,13499,
364.547,2686.98,51.4811,7.44224,162.325,12.3155,134.136,1,11,-93,-7,2,47,45,9,28367105,262,1,102,13499,
365.55,2699.6,51.481,7.44237,162.812,11.9985,133.512,1,13,-92,-6,2,48,46,9,28367105,262,1,102,13499,
366.549,2711.47,51.481,7.4425,163.495,11.7806,132.802,1,13,-92,-6,2,48,46,9,28367105,262,1,102,13499,
367.669,2723,51.4809,7.44262,164.061,11.7559,131.786,1,19,-88,-5,2,52,50,9,28367105,262,1,102,13499,
368.536,2734.85,51.4808,7.44275,164.653,11.6519,131.726,1,19,-88,-5,2,52,50,9,28367105,262,1,102,13499,
369.562,2745.64,51.4808,7.44286,165.133,10.8862,132.188,1,18,-87,-7,15,53,53,8,28367105,262,1,102,13499,
370.557,2756.73,51.4807,7.44297,165.025,10.451,135.454,1,18,-87,-7,15,53,53,8,28367105,262,1,102,13499,
371.558,2767.11,51.4806,7.44304,165.087,10.1264,154.1,1,18,-87,-7,15,53,53,8,28367105,262,1,102,13499,
372.539,2776.93,51.4805,7.4431,165.382,10.0793,157.211,1,10,-94,-7,8,46,44,8,28367105,262,1,102,13499,
373.538,2787.47,51.4804,7.44311,165.314,10.5969,178.368,1,10,-94,-7,8,46,44,8,28367105,262,1,102,13499,
374.555,2798.28,51.4803,7.44312,165.401,10.1266,177.238,1,7,-95,-7,7,45,44,8,28367105,262,1,102,13499,
375.544,2807.25,51.4803,7.44316,165.194,9.94843,164.457,1,7,-95,-7,7,45,44,8,28367105,262,1,102,13499,
376.55,2816.46,51.4802,7.44322,165.44,11.1734,151.923,1,6,-95,-9,8,45,45,8,28367105,262,1,102,13499,
377.535,2830.18,51.4801,7.4433,165.386,12.2595,152.262,1,6,-95,-9,8,45,45,8,28367105,262,1,102,13499,
378.548,2845.15,51.4799,7.4434,164.8,12.9477,151.42,1,3,-100,-11,7,40,41,8,28367105,262,1,102,13499,
379.55,2858.63,51.4798,7.44349,164.218,12.8918,151.554,1,3,-100,-11,7,40,41,8,28367105,262,1,102,13499,
380.547,2872.31,51.4797,7.44358,163.546,13.3649,151.348,1,1,-97,-8,6,43,42,7,28368386,262,1,32,13499,
381.542,2885.88,51.4796,7.44366,162.89,13.9039,151.645,1,1,-97,-8,6,43,42,7,28368386,262,1,32,13499,
382.542,2900.39,51.4795,7.44376,162.168,14.3582,150.849,1,3,-98,-9,10,42,42,7,28368386,262,1,32,13499,
383.548,2913.43,51.4794,7.44385,162.205,14.7329,151.289,1,3,-98,-9,10,42,42,7,28368386,262,1,32,13499,
384.554,2928.67,51.4793,7.44395,162.144,14.4282,151.363,1,5,-99,-10,8,41,42,7,28368386,262,1,32,13499,
385.555,2942.94,51.4792,7.44405,161.96,14.0684,151.686,1,5,-99,-10,8,41,42,7,28368386,262,1,32,13499,
386.561,2957.34,51.4791,7.44415,161.503,13.7444,151.278,1,13,-96,-9,11,44,42,7,28368386,262,1,32,13499,
387.552,2969.54,51.479,7.44423,161.539,13.7724,151.408,1,13,-96,-9,11,44,42,7,28368386,262,1,32,13499,
388.537,2983.89,51.4788,7.44433,161.398,13.3602,151.408,1,1,-104,-12,8,36,38,7,28368386,262,1,32,13499,
389.56,2997.87,51.4787,7.44443,161.066,12.9397,151.514,1,1,-104,-12,8,36,38,7,28368386,262,1,32,13499,
390.56,3010.97,51.4786,7.44451,160.758,13.2127,151.354,1,1,-104,-12,8,36,38,7,28368386,262,1,32,13499,
391.539,3024.83,51.4785,7.44461,160.509,13.8328,151.274,1,1,-107,-13,8,33,37,7,28368386,262,1,32,13499,
392.534,3038.64,51.4784,7.4447,160.315,13.9784,151.121,1,1,-107,-13,8,33,37,7,28368386,262,1,32,13499,
393.541,3052.28,51.4783,7.4448,160.237,14.1443,151.436,1,-1,-104,-10,6,36,37,12,28367105,262,1,102,13499,
394.586,3066.45,51.4782,7.44489,160.148,14.0885,151.554,1,-1,-104,-10,6,36,37,12,28367105,262,1,102,13499,
395.53,3081.01,51.4781,7.44499,159.899,13.9228,151.324,1,0,-106,-12,7,34,38,12,28367105,262,1,102,13499,
396.557,3094.57,51.478,7.44509,159.724,13.7883,151.367,1,0,-106,-12,7,34,38,12,28367105,262,1,102,13499,
397.538,3107.84,51.4779,7.44518,159.624,13.7297,151.262,1,3,-105,-12,8,35,38,12,28367105,262,1,102,13499,
398.542,3121.89,51.4777,7.44528,159.428,13.5888,151.397,1,3,-105,-12,8,35,38,12,28367105,262,1,102,13499,
399.553,3135.19,51.4776,7.44537,159.261,13.2613,151.048,1,1,-101,-9,6,39,38,13,29568768,262,1,415,13499,
400.548,3147.95,51.4775,7.44546,159.197,12.7803,151.065,1,1,-101,-9,6,39,38,13,29568768,262,1,415,13499,
401.553,3160.75,51.4774,7.44555,159.152,12.5963,151.486,1,2,-97,-7,8,43,39,13,29568768,262,1,415,13499,
402.552,3172.83,51.4773,7.44563,159.187,12.3425,151.391,1,2,-97,-7,8,43,39,13,29568768,262,1,415,13499,
403.537,3185.09,51.4772,7.44572,159.196,12.0652,151.231,1,3,-94,-7,6,46,43,7,28368384,262,1,31,13499,
404.557,3197.25,51.4772,7.4458,159.291,12.0298,151.504,1,3,-94,-7,6,46,43,7,28368384,262,1,31,13499,
405.548,3209.39,51.4771,7.44589,159.326,12.0461,151.461,1,5,-91,-6,12,49,45,7,28368384,262,1,31,13499,
406.542,3221.92,51.477,7.44597,159.308,12.2356,151.366,1,5,-91,-6,12,49,45,7,28368384,262,1,31,13499,
407.551,3232.37,51.4769,7.44604,159.808,12.7882,151.351,1,1,-97,-8,9,43,42,7,28368384,262,1,31,13499,
408.55,3246.55,51.4768,7.44614,160.099,13.551,151.585,1,1,-97,-8,9,43,42,7,28368384,262,1,31,13499,
409.556,3260.65,51.4767,7.44624,160.363,14.3146,151.821,1,0,-100,-10,7,40,42,7,28368384,262,1,31,13499,
410.545,3275.3,51.4765,7.44634,160.444,14.5675,152.547,1,0,-100,-10,7,40,42,7,28368384,262,1,31,13499,
411.55,3289.68,51.4764,7.44643,160.516,14.4177,152.362,1,11,-90,-7,13,50,47,11,29568768,262,1,415,13499,
412.561,3304.05,51.4763,7.44653,160.525,14.278,152.372,1,11,-90,-7,13,50,47,11,29568768,262,1,415,13499,
413.547,3318.25,51.4762,7.44662,160.49,14.0608,152.192,1,11,-90,-7,13,50,47,11,29568768,262,1,415,13499,
414.539,3331.89,51.4761,7.44671,160.503,13.9173,151.469,1,12,-84,-6,12,56,52,11,29568768,262,1,415,13499,
415.559,3346.62,51.476,7.44681,160.204,14.0961,151.786,1,12,-84,-6,12,56,52,11,29568768,262,1,415,13499,
416.555,3360.53,51.4759,7.44691,160.132,14.128,151.659,1,6,-87,-6,10,53,49,11,29568768,262,1,415,13499,
417.557,3374.66,51.4757,7.44701,160.097,13.8628,150.855,1,6,-87,-6,10,53,49,11,29568768,262,1,415,13499,
418.552,3386.84,51.4756,7.44709,160.693,13.5821,150.832,1,9,-88,-5,9,52,48,11,29568768,262,1,415,13499,
419.546,3400.19,51.4755,7.44718,161.836,12.5883,150.541,1,9,-88,-5,9,52,48,11,29568768,262,1,415,13499,
420.554,3411.22,51.4755,7.44725,163.225,11.0034,149.399,1,5,-94,-7,9,46,44,11,29568768,262,1,415,13499,
421.548,3421.48,51.4754,7.44733,164.477,9.71056,148.57,1,5,-94,-7,9,46,44,11,29568768,262,1,415,13499,
422.53,3430.83,51.4753,7.4474,165.676,8.64962,148.157,1,-5,-90,-6,6,50,48,7,28368384,262,1,31,13499,
423.54,3438.64,51.4752,7.44745,166.706,7.21309,147.533,1,-5,-90,-6,6,50,48,7,28368384,262,1,31,13499,
424.569,3445.33,51.4752,7.4475,167.763,6.18782,146.159,1,2,-96,-8,11,44,43,7,28368384,262,1,31,13499,
425.542,3450.7,51.4751,7.44754,168.622,5.27087,144.829,1,2,-96,-8,11,44,43,7,28368384,262,1,31,13499,
426.552,3455.7,51.4751,7.44759,169.458,4.69942,146.04,1,6,-98,-8,7,42,41,7,28368384,262,1,31,13499,
427.539,3459.32,51.4751,7.44761,169.441,3.65691,145.188,1,6,-98,-8,7,42,41,7,28368384,262,1,31,13499,
428.539,3462.3,51.4751,7.44763,169.361,2.31358,141.347,1,3,-96,-7,11,44,41,7,28368384,262,1,31,13499,
429.553,3464.22,51.475,7.44765,169.272,0.344408,141.347,1,3,-96,-7,11,44,41,7,28368384,262,1,31,13499,
430.544,3464.22,51.475,7.44765,169.266,0,141.347,1,2,-96,-7,11,44,38,7,28368384,262,1,31,13499,
431.534,3464.22,51.475,7.44765,169.267,0,141.347,1,2,-96,-7,11,44,38,7,28368384,262,1,31,13499,
432.536,3464.22,51.475,7.44765,169.276,0,141.347,1,4,-94,-7,11,46,38,7,28368384,262,1,31,13499,
433.538,3464.22,51.475,7.44765,169.293,0,141.347,1,4,-94,-7,11,46,38,7,28368384,262,1,31,13499,
434.551,3464.22,51.475,7.44765,169.313,0,141.347,1,2,-95,-7,12,45,39,7,28368384,262,1,31,13499,
435.544,3464.22,51.475,7.44765,169.497,0,141.347,1,2,-95,-7,12,45,39,7,28368384,262,1,31,13499,
436.56,3464.22,51.475,7.44765,169.626,0,147.427,1,2,-95,-7,12,45,39,7,28368384,262,1,31,13499,
437.535,3464.22,51.475,7.44765,169.657,0,145.104,1,6,-95,-6,2,45,41,7,28368384,262,1,31,13499,
438.549,3473.78,51.475,7.44773,169.641,3.85671,144.402,1,6,-95,-6,2,45,41,7,28368384,262,1,31,13499,
439.535,3478.81,51.4749,7.44777,169.308,5.36635,143.986,1,9,-97,-8,2,43,42,7,28368384,262,1,31,13499,
440.547,3484.23,51.4749,7.44781,168.817,6.32358,143.613,1,9,-97,-8,2,43,42,7,28368384,262,1,31,13499,
441.526,3491.64,51.4748,7.44787,167.44,6.81024,142.976,1,0,-98,-8,2,42,41,7,28368384,262,1,31,13499,
442.541,3498.44,51.4748,7.44793,165.782,7.16483,142.079,1,0,-98,-8,2,42,41,7,28368384,262,1,31,13499,
443.565,3506.03,51.4747,7.448,164.043,7.81868,141.111,1,7,-98,-8,2,42,41,7,29568768,262,1,415,13499,
444.562,3514.97,51.4747,7.44808,161.982,7.94136,141.63,1,7,-98,-8,2,42,41,7,29568768,262,1,415,13499,
445.554,3524.79,51.4746,7.44816,159.448,8.53146,141.751,1,2,-97,-8,2,43,42,7,29568768,262,1,415,13499,
446.541,3535.29,51.4745,7.44826,156.857,9.4945,141.252,1,2,-97,-8,2,43,42,7,29568768,262,1,415,13499,
447.563,3546.33,51.4745,7.44835,154.445,10.7748,140.49,1,2,-98,-8,2,42,42,7,29568768,262,1,415,13499,
448.54,3557.58,51.4744,7.44845,152.218,10.7819,139.591,1,2,-98,-8,2,42,42,7,29568768,262,1,415,13499,
449.56,3568.76,51.4743,7.44856,150.221,10.7415,139.328,1,0,-97,-8,2,43,42,7,29568768,262,1,415,13499,
450.546,3579.76,51.4742,7.44866,148.599,10.6529,139.712,1,0,-97,-8,2,43,42,7,29568768,262,1,415,13499,
451.502,3590.43,51.4741,7.44875,147.191,10.2123,140.628,1,7,-95,-8,2,45,45,7,28368384,262,1,31,13499,
452.532,3601.01,51.4741,7.44885,146.481,9.81202,140.194,1,7,-95,-8,2,45,45,7,28368384,262,1,31,13499,
453.561,3610.04,51.474,7.44893,146.827,9.90673,139.778,1,4,-91,-7,11,49,47,9,28368384,262,1,31,13499,
454.539,3618.86,51.4739,7.44901,147.774,10.1021,139.079,1,4,-91,-7,11,49,47,9,28368384,262,1,31,13499,
455.551,3627.27,51.4739,7.44909,148.774,10.2842,138.732,1,2,-87,-6,6,53,49,7,29568768,262,1,415,13499,
456.543,3635.81,51.4738,7.44917,150.337,10.7385,137.764,1,2,-87,-6,6,53,49,7,29568768,262,1,415,13499,
457.549,3645.84,51.4738,7.44928,152.259,11.4877,136.723,1,2,-87,-6,6,53,49,7,29568768,262,1,415,13499,
458.556,3658.26,51.4737,7.44941,153.76,12.1659,135.392,1,16,-82,-6,13,58,56,7,29568768,262,1,415,13499,
459.529,3668.9,51.4736,7.44953,155.651,12.0882,133.928,1,16,-82,-6,13,58,56,7,29568768,262,1,415,13499,
460.568,3680.28,51.4736,7.44965,157.454,11.7233,132.683,1,10,-86,-6,7,54,52,7,29568768,262,1,415,13499,
461.548,3691.54,51.4735,7.44978,158.82,11.4866,131.506,1,10,-86,-6,7,54,52,7,29568768,262,1,415,13499,
462.536,3703.5,51.4734,7.44991,160.167,11.6844,130.313,1,16,-83,-6,9,57,55,7,29568768,262,1,415,13499,
463.535,3715.76,51.4734,7.45005,161.328,11.8452,128.844,1,16,-83,-6,9,57,55,7,29568768,262,1,415,13499,
464.54,3728.04,51.4733,7.4502,162.35,11.6624,127.377,1,10,-87,-5,14,53,49,7,29568768,262,1,415,13499,
465.547,3739.48,51.4732,7.45034,163.129,11.2448,126.329,1,10,-87,-5,14,53,49,7,29568768,262,1,415,13499,
466.548,3752.75,51.4732,7.4505,163.525,11.3983,125.42,1,16,-82,-5,11,58,54,7,29568768,262,1,415,13499,
467.547,3766.4,51.4731,7.45067,164.109,12.2669,124.632,1,16,-82,-5,11,58,54,7,29568768,262,1,415,13499,
468.542,3777.93,51.4731,7.45081,164.657,13.1122,123.577,1,18,-76,-4,11,64,58,7,29568768,262,1,415,13499,
469.548,3792.22,51.473,7.45099,165.099,13.5135,121.23,1,18,-76,-4,11,64,58,7,29568768,262,1,415,13499,
470.538,3805.27,51.4729,7.45116,165.724,14.3224,119.295,1,23,-76,-5,14,64,59,7,29568768,262,1,415,13499,
471.557,3820.29,51.4729,7.45135,165.861,14.4755,117.646,1,23,-76,-5,14,64,59,7,29568768,262,1,415,13499,
472.548,3835.12,51.4728,7.45155,166.024,14.6319,115.875,1,14,-82,-5,10,58,54,7,29568768,262,1,415,13499,
473.555,3849.84,51.4728,7.45175,166.112,15.1905,114.192,1,14,-82,-5,10,58,54,7,29568768,262,1,415,13499,
474.549,3864.69,51.4727,7.45195,165.78,15.6325,112.306,1,17,-84,-5,2,56,53,7,29568768,262,1,415,13499,
475.548,3880.67,51.4727,7.45217,165.576,16.1406,110.419,1,17,-84,-5,2,56,53,7,29568768,262,1,415,13499,
476.537,3897.52,51.4727,7.4524,165.663,16.5742,108.734,1,23,-81,-6,2,59,56,7,29568768,262,1,415,13499,
477.537,3914.85,51.4726,7.45265,165.691,17.1062,107.397,1,23,-81,-6,2,59,56,7,29568768,262,1,415,13499,
478.558,3931.63,51.4726,7.45288,165.592,16.7868,106.11,1,16,-79,-5,2,61,57,7,29568768,262,1,415,13499,
479.504,3948.06,51.4725,7.45311,165.598,16.5094,105.363,1,16,-79,-5,2,61,57,7,29568768,262,1,415,13499,
480.549,3963.97,51.4725,7.45334,165.259,16.3237,104.608,1,16,-79,-5,2,61,57,7,29568768,262,1,415,13499,
481.554,3980.64,51.4725,7.45357,164.959,16.4669,104.609,1,19,-81,-5,2,59,55,7,29568768,262,1,415,13499,
482.549,3996.71,51.4724,7.4538,164.742,16.0381,104.602,1,19,-81,-5,2,59,55,7,29568768,262,1,415,13499,
483.545,4012.52,51.4724,7.45402,164.401,15.7562,105.268,1,21,-83,-6,2,57,53,7,29568768,262,1,415,13499,
484.547,4028.59,51.4724,7.45424,164.252,15.4941,105.605,1,21,-83,-6,2,57,53,7,29568768,262,1,415,13499,
485.56,4043.39,51.4723,7.45445,164.101,15.3667,106.028,1,20,-82,-6,2,58,54,7,29568768,262,1,415,13499,
486.538,4058.54,51.4723,7.45466,164.062,15.3498,106.459,1,20,-82,-6,2,58,54,7,29568768,262,1,415,13499,
487.556,4073.8,51.4723,7.45487,164.162,15.3695,107.4,1,18,-81,-5,2,59,55,7,29568768,262,1,415,13499,
488.759,4087.84,51.4722,7.45507,164.182,15.6853,108.094,1,18,-81,-5,2,59,55,7,29568768,262,1,415,13499,
489.529,4103.98,51.4722,7.45529,163.868,15.8452,108.971,1,19,-82,-6,12,58,52,3,29568768,262,1,415,13499,
490.546,4119.97,51.4721,7.4555,163.392,15.6289,109.878,1,19,-82,-6,12,58,52,3,29568768,262,1,415,13499,
491.542,4134.58,51.4721,7.4557,162.467,15.4232,110.689,1,19,-82,-5,12,58,53,3,29568768,262,1,415,13499,
492.548,4149.6,51.472,7.4559,161.483,15.2804,111.646,1,19,-82,-5,12,58,53,3,29568768,262,1,415,13499,
493.548,4164.63,51.472,7.4561,160.832,15.1217,112.81,1,28,-88,-6,12,52,48,3,29568768,262,1,415,13499,
494.541,4180.29,51.4719,7.4563,160.681,14.9995,113.417,1,28,-88,-6,12,52,48,3,29568768,262,1,415,13499,
495.55,4195.31,51.4719,7.4565,160.5,14.9775,113.99,1,29,-84,-6,12,56,51,3,29568768,262,1,415,13499,
496.54,4209.96,51.4718,7.45669,160.448,14.8775,114.536,1,29,-84,-6,12,56,51,3,29568768,262,1,415,13499,
497.543,4224.48,51.4717,7.45688,160.519,14.7862,114.778,1,35,-89,-6,9,51,48,3,29568768,262,1,415,13499,
498.553,4238.82,51.4717,7.45707,160.624,14.4064,114.714,1,35,-89,-6,9,51,48,3,29568768,262,1,415,13499,
499.553,4252.9,51.4716,7.45726,160.469,13.7465,115.047,1,35,-89,-6,9,51,48,3,29568768,262,1,415,13499,
500.551,4266.47,51.4716,7.45743,160.431,13.1322,117.017,1,31,-89,-7,14,51,49,3,29568768,262,1,415,13499,
501.551,4279.12,51.4715,7.45759,160.081,12.7353,117.892,1,31,-89,-7,14,51,49,3,29568768,262,1,415,13499,
502.548,4291.53,51.4715,7.45775,160.186,12.2527,117.516,1,31,-86,-7,12,54,53,3,29568768,262,1,415,13499,
503.561,4303.57,51.4714,7.4579,159.831,11.836,116.986,1,31,-86,-7,12,54,53,3,29568768,262,1,415,13499,
504.556,4315.45,51.4714,7.45805,159.973,11.4971,116.266,1,30,-85,-6,15,55,52,3,29568768,262,1,415,13499,
505.541,4326.44,51.4713,7.45819,160.088,10.6724,115.852,1,30,-85,-6,15,55,52,3,29568768,262,1,415,13499,
506.56,4336.67,51.4713,7.45833,160.615,9.86823,115.443,1,14,-88,-7,12,52,50,3,29568768,262,1,415,13499,
507.542,4345.85,51.4713,7.45845,161.095,7.97815,115.098,1,14,-88,-7,12,52,50,3,29568768,262,1,415,13499,
508.54,4352.9,51.4712,7.45854,161.593,6.53981,115.271,1,23,-91,-8,10,49,48,3,29568768,262,1,415,13499,
509.567,4358.89,51.4712,7.45862,161.944,5.00601,115.514,1,23,-91,-8,10,49,48,3,29568768,262,1,415,13499,
510.548,4361.99,51.4712,7.45866,161.955,3.14279,115.989,1,27,-87,-8,11,53,52,3,29568768,262,1,415,13499,
511.548,4364.43,51.4712,7.45869,161.929,2.17192,115.487,1,27,-87,-8,11,53,52,3,29568768,262,1,415,13499,
512.559,4366.67,51.4712,7.45872,161.93,1.08772,114.608,1,13,-93,-8,9,47,46,3,29568768,262,1,415,13499,
513.548,4366.67,51.4712,7.45872,161.933,0,114.608,1,13,-93,-8,9,47,46,3,29568768,262,1,415,13499,
514.55,4366.67,51.4712,7.45872,161.939,0,114.608,1,23,-92,-7,9,48,46,3,29568768,262,1,415,13499,
515.534,4366.67,51.4712,7.45872,161.945,0,114.608,1,23,-92,-7,9,48,46,3,29568768,262,1,415,13499,
516.556,4366.67,51.4712,7.45872,161.953,0,114.608,1,25,-93,-8,9,47,46,3,29568768,262,1,415,13499,
517.535,4366.67,51.4712,7.45872,161.962,0,114.608,1,25,-93,-8,9,47,46,3,29568768,262,1,415,13499,
518.572,4366.67,51.4712,7.45872,161.972,0,114.608,1,25,-93,-8,9,47,46,3,29568768,262,1,415,13499,
519.551,4366.67,51.4712,7.45872,161.982,0,114.608,1,24,-92,-7,9,48,46,3,29568768,262,1,415,13499,
520.548,4366.67,51.4712,7.45872,161.993,0,114.608,1,24,-92,-7,9,48,46,3,29568768,262,1,415,13499,
521.531,4366.67,51.4712,7.45872,162.003,0,114.608,1,23,-93,-7,9,47,46,3,29568768,262,1,415,13499,
522.552,4366.67,51.4712,7.45872,162.097,0,115.105,1,23,-93,-7,9,47,46,3,29568768,262,1,415,13499,
523.557,4366.67,51.4712,7.45872,162.18,0,114.415,1,22,-94,-8,9,46,45,3,29568768,262,1,415,13499,
524.557,4374.39,51.4711,7.45882,163.019,5.46101,115.344,1,22,-94,-8,9,46,45,3,29568768,262,1,415,13499,
525.56,4379.97,51.4711,7.4589,163.691,5.63729,115.72,1,22,-94,-8,8,46,45,3,29568768,262,1,415,13499,
526.556,4386.7,51.4711,7.45898,163.715,6.16707,116.462,1,22,-94,-8,8,46,45,3,29568768,262,1,415,13499,
527.582,4393.42,51.4711,7.45907,163.455,6.5176,116.589,1,26,-91,-9,8,49,48,3,29568768,262,1,415,13499,
528.535,4399.29,51.471,7.45915,162.478,6.49464,117.439,1,26,-91,-9,8,49,48,3,29568768,262,1,415,13499,
529.543,4405.66,51.471,7.45923,161.741,6.36015,116.874,1,19,-95,-9,7,45,46,3,29568768,262,1,415,13499,
530.554,4413.11,51.471,7.45932,161.047,7.43631,117.387,1,19,-95,-9,7,45,46,3,29568768,262,1,415,13499,
531.537,4420.67,51.471,7.45942,160.578,8.064,118.325,1,19,-94,-10,10,46,47,3,29568768,262,1,415,13499,
532.539,4429.32,51.4709,7.45953,160.152,7.997,117.169,1,19,-94,-10,10,46,47,3,29568768,262,1,415,13499,
533.569,4439.07,51.4709,7.45966,160.017,9.03524,115.959,1,4,-94,-11,9,46,48,3,29568768,262,1,415,13499,
534.56,4446.52,51.4709,7.45976,159.782,9.70209,114.936,1,4,-94,-11,9,46,48,3,29568768,262,1,415,13499,
535.55,4456.41,51.4708,7.45989,159.699,10.5549,114.115,1,3,-97,-12,7,43,45,3,29568768,262,1,415,13499,
536.545,4467.67,51.4708,7.46004,159.608,11.5924,113.427,1,3,-97,-12,7,43,45,3,29568768,262,1,415,13499,
537.556,4479.33,51.4708,7.4602,159.687,12.6925,112.663,1,-1,-101,-15,5,39,45,3,29568768,262,1,415,13499,
538.543,4491.92,51.4707,7.46037,159.747,12.2385,112.295,1,-1,-101,-15,5,39,45,3,29568768,262,1,415,13499,
539.562,4503.89,51.4707,7.46053,159.604,11.9446,112.798,1,2,-99,-14,8,41,45,3,29568768,262,1,415,13499,
540.575,4515.87,51.4706,7.46069,159.319,12.0457,113.186,1,2,-99,-14,8,41,45,3,29568768,262,1,415,13499,
541.54,4528.01,51.4706,7.46085,159.18,12.0435,113.574,1,2,-99,-14,8,41,45,3,29568768,262,1,415,13499,
542.539,4540.19,51.4705,7.46101,159.313,12.2517,114.032,1,3,-94,-9,8,46,47,6,29568769,262,1,416,13499,
543.556,4553.36,51.4705,7.46119,159.468,12.3889,114.448,1,3,-94,-9,8,46,47,6,29568769,262,1,416,13499,
544.561,4565.97,51.4704,7.46135,159.772,12.387,115.434,1,-1,-98,-12,7,42,45,6,29568769,262,1,416,13499,
545.54,4576.94,51.4704,7.46149,159.903,11.6255,116.263,1,-1,-98,-12,7,42,45,6,29568769,262,1,416,13499,
546.539,4591.24,51.4704,7.46168,160.662,11.4346,114.368,1,-1,-104,-15,4,36,43,6,29568769,262,1,416,13499,
547.555,4602.98,51.4703,7.46183,161.474,11.032,115.144,1,-1,-104,-15,4,36,43,6,29568769,262,1,416,13499,
548.549,4614.43,51.4703,7.46199,162.55,11.7817,115.223,1,0,-98,-10,8,42,43,13,26378498,262,1,495,13499,
549.556,4626.1,51.4702,7.46214,163.572,12.0268,115.546,1,0,-98,-10,8,42,43,13,26378498,262,1,495,13499,
550.549,4636.72,51.4702,7.46228,164.044,12.2022,115.173,1,2,-99,-11,8,41,43,13,26378498,262,1,495,13499,
551.559,4648.36,51.4701,7.46243,164.136,12.0288,114.962,1,2,-99,-11,8,41,43,13,26378498,262,1,495,13499,
552.549,4660.49,51.4701,7.46259,164.162,11.734,114.841,1,2,-96,-8,10,44,44,13,26378498,262,1,495,13499,
553.56,4671.84,51.4701,7.46274,163.734,11.5324,114.872,1,2,-96,-8,10,44,44,13,26378498,262,1,495,13499,
554.548,4683.97,51.47,7.4629,163.299,12.2556,114.972,1,-3,-98,-10,7,42,42,13,26378498,262,1,495,13499,
555.541,4696.55,51.47,7.46306,162.456,12.9284,115.132,1,-3,-98,-10,7,42,42,13,26378498,262,1,495,13499,
556.558,4709.47,51.4699,7.46323,161.759,12.8494,115.355,1,4,-100,-10,8,40,42,13,26378498,262,1,495,13499,
557.539,4722,51.4699,7.46339,161.383,12.6896,114.946,1,4,-100,-10,8,40,42,13,26378498,262,1,495,13499,
558.565,4734.59,51.4698,7.46356,160.808,12.7633,113.939,1,2,-97,-10,8,43,44,13,26378498,262,1,495,13499,
559.542,4746.9,51.4698,7.46373,160.319,12.8068,112.3,1,2,-97,-10,8,43,44,13,26378498,262,1,495,13499,
560.56,4761.71,51.4697,7.46393,159.979,12.6703,110.976,1,2,-97,-10,8,43,44,13,26378498,262,1,495,13499,
561.544,4774.3,51.4697,7.4641,159.74,13.0967,110.051,1,4,-100,-9,8,40,41,13,26378498,262,1,495,13499,
562.555,4787.77,51.4696,7.46428,159.722,13.5449,109.69,1,4,-100,-9,8,40,41,13,26378498,262,1,495,13499,
563.549,4801.6,51.4696,7.46447,159.755,14.466,109.078,1,0,-98,-10,7,42,44,13,26378498,262,1,495,13499,
564.553,4816.26,51.4696,7.46468,160.069,14.9711,108.536,1,0,-98,-10,7,42,44,13,26378498,262,1,495,13499,
565.531,4832.32,51.4695,7.4649,160.718,15.9447,107.561,1,-2,-102,-11,2,38,40,13,26378498,262,1,495,13499,
566.539,4847.87,51.4695,7.46512,160.977,15.3284,105.476,1,-2,-102,-11,2,38,40,13,26378498,262,1,495,13499,
567.551,4862.31,51.4695,7.46532,161.266,15.888,104.155,1,2,-101,-11,2,39,41,13,26378498,262,1,495,13499,
568.563,4878.06,51.4694,7.46555,161.56,16.4498,102.773,1,2,-101,-11,2,39,41,13,26378498,262,1,495,13499,
569.554,4894.84,51.4694,7.46578,161.612,16.8918,100.773,1,7,-97,-8,2,43,43,13,29401601,262,1,430,13499,
570.554,4912.35,51.4694,7.46604,161.811,17.4154,98.7671,1,7,-97,-8,2,43,43,13,29401601,262,1,430,13499,
571.539,4929.34,51.4694,7.46628,161.736,17.9832,96.602,1,6,-95,-8,2,45,44,13,29401601,262,1,430,13499,
572.564,4948.27,51.4694,7.46655,161.312,18.3317,94.3324,1,6,-95,-8,2,45,44,13,29401601,262,1,430,13499,
573.54,4967.01,51.4694,7.46683,161.229,18.6466,92.0839,1,13,-95,-8,2,45,45,13,29401601,262,1,430,13499,
574.566,4985.69,51.4694,7.46709,161.32,18.7888,90.0924,1,13,-95,-8,2,45,45,13,29401601,262,1,430,13499,
575.529,5001.23,51.4694,7.46732,161.067,18.447,88.2471,1,3,-98,-10,2,42,44,13,29401601,262,1,430,13499,
576.546,5020.69,51.4695,7.46759,161.158,18.5046,86.5806,1,3,-98,-10,2,42,44,13,29401601,262,1,430,13499,
577.532,5039.98,51.4695,7.46787,160.794,18.5428,85.0434,1,3,-95,-8,8,45,44,15,29401601,262,1,430,13499,
578.536,5057.89,51.4695,7.46813,160.648,18.2422,83.6053,1,3,-95,-8,8,45,44,15,29401601,262,1,430,13499,
579.55,5076.87,51.4695,7.4684,160.539,18.0996,82.4536,1,3,-95,-8,8,45,44,15,29401601,262,1,430,13499,
580.548,5096.39,51.4696,7.46867,161.109,18.1827,81.1579,1,7,-102,-9,9,38,38,15,29401601,262,1,430,13499,
581.555,5114.58,51.4696,7.46893,161.452,18.4709,80.5369,1,7,-102,-9,9,38,38,15,29401601,262,1,430,13499,
582.561,5132.37,51.4696,7.46918,161.424,18.9828,79.9305,1,1,-103,-10,7,37,37,15,29401601,262,1,430,13499,
583.516,5150.59,51.4697,7.46944,161.248,19.1934,79.5053,1,1,-103,-10,7,37,37,15,29401601,262,1,430,13499,
584.55,5170.12,51.4697,7.46972,161.218,19.6846,79.5441,1,4,-101,-10,8,39,40,15,29401601,262,1,430,13499,
585.54,5190.24,51.4697,7.47,161.415,19.5772,80.4378,1,4,-101,-10,8,39,40,15,29401601,262,1,430,13499,
586.547,5209.97,51.4698,7.47029,161.91,18.9652,81.6777,1,19,-99,-10,8,41,42,15,29401601,262,1,430,13499,
587.639,5229.23,51.4698,7.47056,162.65,19.2156,82.7067,1,19,-99,-10,8,41,42,15,29401601,262,1,430,13499,
588.557,5247.84,51.4698,7.47083,163.303,19.4385,82.8603,1,4,-100,-10,8,40,41,15,29401601,262,1,430,13499,
589.537,5268.17,51.4698,7.47112,164.039,19.9789,83.6608,1,4,-100,-10,8,40,41,15,29401601,262,1,430,13499,
590.559,5288.09,51.4698,7.47141,164.869,20.0875,84.579,1,6,-97,-9,7,43,43,15,29401601,262,1,430,13499,
591.551,5308.56,51.4698,7.4717,165.711,20.2665,91.09,1,6,-97,-9,7,43,43,15,29401601,262,1,430,13499,
592.55,5328.96,51.4698,7.472,166.403,20.1061,93.733,1,4,-100,-11,6,40,41,15,29401601,262,1,430,13499,
593.549,5348.76,51.4698,7.47228,166.762,19.1292,95.2183,1,4,-100,-11,6,40,41,15,29401601,262,1,430,13499,
594.542,5368.95,51.4698,7.47257,167.418,18.8262,96.1076,1,6,-102,-10,6,38,39,15,29401601,262,1,430,13499,
595.551,5387.46,51.4698,7.47284,167.951,18.4957,96.6372,1,6,-102,-10,6,38,39,15,29401601,262,1,430,13499,
596.564,5406.34,51.4697,7.47311,168.348,18.0272,97.5715,1,3,-102,-12,6,38,40,15,29401601,262,1,430,13499,
597.535,5425.39,51.4697,7.47338,169.339,18.3102,97.9594,1,3,-102,-12,6,38,40,15,29401601,262,1,430,13499,
598.555,5444.07,51.4697,7.47365,169.934,18.42,98.2945,1,-2,-104,-15,5,36,41,15,29401601,262,1,430,13499,
599.54,5462.74,51.4697,7.47391,170.242,18.318,98.6136,1,-2,-104,-15,5,36,41,15,29401601,262,1,430,13499,
600.53,5480.42,51.4696,7.47417,170.457,18.342,98.2193,1,-5,-106,-16,4,34,41,15,29401601,262,1,430,13499,
601.542,5497.72,51.4696,7.47441,170.262,18.481,98.5821,1,-5,-106,-16,4,34,41,15,29401601,262,1,430,13499,
602.541,5517.33,51.4696,7.47469,170.631,18.7038,98.9108,1,1,-101,-9,8,39,40,93,29908736,262,1,196,13499,
603.548,5535.96,51.4696,7.47496,171.243,18.8042,98.2353,1,1,-101,-9,8,39,40,93,29908736,262,1,196,13499,
604.544,5553.91,51.4696,7.47522,171.765,18.7184,97.1136,1,1,-101,-9,8,39,40,93,29908736,262,1,196,13499,
605.547,5572.34,51.4695,7.47548,172.119,18.6449,95.7447,1,-4,-106,-16,3,34,41,93,29908736,262,1,196,13499,
606.547,5590.43,51.4695,7.47574,172.625,18.1256,94.5792,1,-4,-106,-16,3,34,41,93,29908736,262,1,196,13499,
607.55,5607.73,51.4695,7.47599,172.793,17.6535,93.0129,1,-6,-103,-16,4,37,44,22,30492930,262,1,176,13499,
608.559,5624.52,51.4695,7.47624,172.604,16.7738,91.8639,1,-6,-103,-16,4,37,44,22,30492930,262,1,176,13499,
609.547,5641.47,51.4695,7.47648,173.475,15.5582,90.8738,1,-6,-101,-14,5,39,44,22,30492930,262,1,176,13499,
610.551,5655.96,51.4695,7.47669,174.039,15.2855,89.2263,1,-6,-101,-14,5,39,44,22,30492930,262,1,176,13499,
611.558,5672.01,51.4695,7.47692,174.693,14.7726,87.7996,1,-5,-100,-13,4,40,44,22,30492930,262,1,176,13499,
612.542,5685.84,51.4695,7.47712,175.613,13.9751,86.3223,1,-5,-100,-13,4,40,44,22,30492930,262,1,176,13499,
613.544,5699.13,51.4696,7.47731,176.299,13.096,84.3824,1,-5,-100,-14,3,40,46,22,30492930,262,1,176,13499,
614.53,5713.05,51.4696,7.47751,177.147,12.3181,82.8003,1,-5,-100,-14,3,40,46,22,30492930,262,1,176,13499,
615.543,5724,51.4696,7.47767,177.459,11.6241,81.2746,1,-7,-95,-10,6,45,47,31,28368898,262,1,56,13499,
616.549,5733.96,51.4696,7.47781,177.683,9.74726,80.4541,1,-7,-95,-10,6,45,47,31,28368898,262,1,56,13499,
617.552,5742.38,51.4696,7.47793,178.019,8.04702,79.0325,1,-1,-96,-13,7,44,48,31,28368898,262,1,56,13499,
618.537,5749.75,51.4696,7.47803,178.524,6.69653,77.9541,1,-1,-96,-13,7,44,48,31,28368898,262,1,56,13499,
619.569,5756.26,51.4697,7.47812,179.249,5.09556,76.2669,1,-4,-94,-11,6,46,49,8,26378497,262,1,496,13499,
620.565,5760.33,51.4697,7.47818,179.291,2.69996,75.2523,1,-4,-94,-11,6,46,49,8,26378497,262,1,496,13499,
621.556,5761.91,51.4697,7.4782,179.33,1.09553,73.2526,1,4,-92,-9,8,48,48,8,26378497,262,1,496,13499,
622.545,5761.91,51.4697,7.4782,179.332,0,73.2526,1,4,-92,-9,8,48,48,8,26378497,262,1,496,13499,
623.554,5761.91,51.4697,7.4782,179.331,0,73.2526,1,6,-92,-10,7,48,50,8,26378497,262,1,496,13499,
624.55,5761.91,51.4697,7.4782,179.323,0,73.2526,1,6,-92,-10,7,48,50,8,26378497,262,1,496,13499,
625.546,5761.91,51.4697,7.4782,179.313,0,73.2526,1,6,-92,-10,7,48,50,8,26378497,262,1,496,13499,
626.555,5761.91,51.4697,7.4782,179.301,0,73.2526,1,4,-90,-7,9,50,49,8,26378497,262,1,496,13499,
627.551,5761.91,51.4697,7.4782,179.28,0,73.2526,1,4,-90,-7,9,50,49,8,26378497,262,1,496,13499,
628.549,5761.91,51.4697,7.4782,179.251,0,73.2526,1,10,-89,-9,7,51,52,8,26378497,262,1,496,13499,
629.562,5761.91,51.4697,7.4782,179.214,0,73.2526,1,10,-89,-9,7,51,52,8,26378497,262,1,496,13499,
630.552,5761.91,51.4697,7.4782,179.173,0,73.2526,1,16,-92,-9,6,48,49,8,26378497,262,1,496,13499,
631.539,5761.91,51.4697,7.4782,179.129,0,73.2526,1,16,-92,-9,6,48,49,8,26378497,262,1,496,13499,
632.544,5761.91,51.4697,7.4782,179.083,0,73.2526,1,4,-92,-9,6,48,48,8,26378497,262,1,496,13499,
633.546,5761.91,51.4697,7.4782,179.037,0,73.2526,1,4,-92,-9,6,48,48,8,26378497,262,1,496,13499,
634.557,5761.91,51.4697,7.4782,178.985,0,73.2526,1,4,-93,-9,2,47,47,8,26378497,262,1,496,13499,
635.558,5761.91,51.4697,7.4782,178.471,0,73.2526,1,4,-93,-9,2,47,47,8,26378497,262,1,496,13499,
636.531,5761.91,51.4697,7.4782,178.046,0,70.5506,1,8,-94,-11,2,46,48,8,26378497,262,1,496,13499,
637.535,5761.91,51.4697,7.4782,175.023,0,72.3735,1,8,-94,-11,2,46,48,8,26378497,262,1,496,13499,
638.535,5773.5,51.4697,7.47836,173.453,5.23913,72.8889,1,7,-94,-11,2,46,49,8,26378497,262,1,496,13499,
639.554,5779.77,51.4697,7.47845,173.4,6.25768,72.3723,1,7,-94,-11,2,46,49,8,26378497,262,1,496,13499,
640.555,5787.71,51.4697,7.47856,173.271,7.31785,72.879,1,3,-93,-10,2,47,49,8,26378497,262,1,496,13499,
641.54,5795.47,51.4698,7.47866,173.319,8.10261,73.777,1,3,-93,-10,2,47,49,8,26378497,262,1,496,13499,
642.535,5804.46,51.4698,7.47879,173.289,8.65934,72.6684,1,13,-90,-9,2,50,50,8,26378497,262,1,496,13499,
643.502,5804.46,51.4698,7.47879,173.289,8.65934,72.6684,1,13,-90,-9,2,50,50,8,26378497,262,1,496,13499,
644.506,5824.12,51.4698,7.47906,173.707,9.59477,73.5406,1,18,-89,-9,2,51,50,8,26378497,262,1,496,13499,
645.704,5834.36,51.4699,7.47921,174.064,10.0998,73.0969,1,18,-89,-9,2,51,50,8,26378497,262,1,496,13499,
646.556,5844.8,51.4699,7.47935,174.373,10.9479,72.7355,1,18,-85,-8,10,55,51,8,26378497,262,1,496,13499,
647.559,5856.56,51.4699,7.47951,174.331,11.6261,72.401,1,18,-85,-8,10,55,51,8,26378497,262,1,496,13499,
648.536,5868.52,51.4699,7.47968,174.695,11.7692,71.8822,1,15,-83,-6,12,57,52,8,26378497,262,1,496,13499,
649.545,5879.78,51.47,7.47983,174.933,12.1892,71.6596,1,15,-83,-6,12,57,52,8,26378497,262,1,496,13499,
650.529,5892.49,51.47,7.48001,175.226,13.049,71.3203,1,14,-81,-6,12,59,57,8,26378497,262,1,496,13499,
651.536,5906.35,51.47,7.4802,175.536,13.8949,71.436,1,14,-81,-6,12,59,57,8,26378497,262,1,496,13499,
652.532,5919.51,51.4701,7.48038,175.846,13.8463,71.656,1,10,-88,-6,7,52,48,8,26378497,262,1,496,13499,
653.538,5934.59,51.4701,7.48059,176.842,14.2018,71.593,1,10,-88,-6,7,52,48,8,26378497,262,1,496,13499,
654.538,5948.54,51.4702,7.48078,177.965,14.1177,71.5505,1,13,-87,-6,12,53,50,8,26378497,262,1,496,13499,
655.553,5962.06,51.4702,7.48096,178.895,12.7867,71.9965,1,13,-87,-6,12,53,50,8,26378497,262,1,496,13499,
656.552,5973.1,51.4702,7.48111,179.553,10.5325,72.3597,1,13,-87,-6,12,53,50,8,26378497,262,1,496,13499,
657.551,5982.56,51.4703,7.48124,180.078,8.72486,72.8425,1,21,-86,-6,11,54,51,8,26378497,262,1,496,13499,
658.564,5990.54,51.4703,7.48135,180.067,7.44369,73.3584,1,21,-86,-6,11,54,51,8,26378497,262,1,496,13499,
659.561,5997.99,51.4703,7.48146,180.103,5.72455,90.9012,1,8,-90,-7,11,50,47,8,26378497,262,1,496,13499,
660.535,6003.15,51.4703,7.48153,180.13,2.69085,115.392,1,8,-90,-7,11,50,47,8,26378497,262,1,496,13499,
661.556,6003.76,51.4703,7.48154,180.129,1.32333,116.21,1,10,-89,-6,12,51,47,8,26378497,262,1,496,13499,
662.546,6006.88,51.4703,7.48157,180.111,1.27488,116.21,1,10,-89,-6,12,51,47,8,26378497,262,1,496,13499,
663.554,6009.02,51.4702,7.48159,180.099,1.30201,135.556,1,10,-93,-8,11,47,45,8,26378497,262,1,496,13499,
664.548,6010.38,51.4702,7.4816,180.073,1.07194,135.556,1,10,-93,-8,11,47,45,8,26378497,262,1,496,13499,
665.537,6010.68,51.4702,7.4816,180.07,0.973784,135.556,1,11,-90,-8,2,50,50,8,26378497,262,1,496,13499,
666.537,6010.68,51.4702,7.4816,180.048,0,135.556,1,11,-90,-8,2,50,50,8,26378497,262,1,496,13499,
667.551,6010.68,51.4702,7.4816,179.96,0,140.683,1,12,-90,-7,2,50,48,8,26378497,262,1,496,13499,
668.541,6010.68,51.4702,7.4816,179.831,0,143.395,1,12,-90,-7,2,50,48,8,26378497,262,1,496,13499,
669.552,6020.82,51.4702,7.4817,179.653,2.21387,146.062,1,13,-90,-6,2,50,48,8,26378497,262,1,496,13499,
670.535,6024.38,51.4701,7.48173,179.466,2.24185,149.29,1,13,-90,-6,2,50,48,8,26378497,262,1,496,13499,
671.548,6027.84,51.4701,7.48176,179.304,2.5294,150.324,1,13,-90,-6,2,50,48,8,26378497,262,1,496,13499,
672.557,6030.65,51.4701,7.48177,179.246,3.04116,153.447,1,13,-90,-6,2,50,48,8,26378497,262,1,496,13499,
673.544,6033.24,51.4701,7.48178,179.251,3.43362,157.058,1,10,-90,-7,2,50,47,8,26378497,262,1,496,13499,
674.548,6035.54,51.47,7.48178,179.291,2.92071,159.737,1,10,-90,-7,2,50,47,8,26378497,262,1,496,13499,
675.536,6039.61,51.47,7.48179,179.366,2.80111,161.638,1,13,-92,-8,2,48,46,8,26378497,262,1,496,13499,
676.552,6043.92,51.47,7.4818,179.496,2.36747,162.13,1,13,-92,-8,2,48,46,8,26378497,262,1,496,13499,
677.504,6043.92,51.47,7.4818,179.496,2.36747,162.13,1,10,-92,-7,8,48,47,9,26378497,262,1,496,13499,
678.548,6048.87,51.4699,7.48179,179.823,1.6208,164.323,1,10,-92,-7,8,48,47,9,26378497,262,1,496,13499,
679.538,6049.85,51.4699,7.48178,179.957,0.673766,164.323,1,10,-92,-7,8,48,47,9,26378497,262,1,496,13499,
680.553,6050.29,51.4699,7.48178,180.081,0.589908,164.323,1,10,-90,-7,8,50,49,9,26378497,262,1,496,13499,
681.549,6050.29,51.4699,7.48178,180.168,0,164.323,1,10,-90,-7,8,50,49,9,26378497,262,1,496,13499,
682.54,6050.29,51.4699,7.48178,180.171,0,164.323,1,7,-92,-8,7,48,47,9,26378497,262,1,496,13499,
683.54,6050.29,51.4699,7.48178,180.172,0,164.323,1,7,-92,-8,7,48,47,9,26378497,262,1,496,13499,
684.552,6050.29,51.4699,7.48178,180.167,0,164.323,1,7,-92,-7,12,48,47,9,26378497,262,1,496,13499,
685.566,6050.29,51.4699,7.48178,180.171,0,164.323,1,7,-92,-7,12,48,47,9,26378497,262,1,496,13499,
686.533,6050.29,51.4699,7.48178,180.198,0,164.323,1,8,-91,-7,8,49,48,9,26378497,262,1,496,13499,
687.536,6050.29,51.4699,7.48178,180.205,0,166.98,1,8,-91,-7,8,49,48,9,26378497,262,1,496,13499,
688.544,6050.29,51.4699,7.48178,180.263,0,165.732,1,10,-90,-7,10,50,48,9,26378497,262,1,496,13499,
689.539,6054.87,51.4699,7.4818,180.295,1.37167,165.13,1,10,-90,-7,10,50,48,9,26378497,262,1,496,13499,
690.55,6056.43,51.4699,7.48181,180.346,1.49157,165.456,1,10,-91,-7,10,49,48,9,26378497,262,1,496,13499,
691.527,6058.34,51.4698,7.48181,180.378,1.27883,167.485,1,10,-91,-7,10,49,48,9,26378497,262,1,496,13499,
692.548,6060.09,51.4698,7.48182,180.39,1.19894,166.056,1,9,-89,-7,2,51,49,9,26378497,262,1,496,13499,
693.553,6060.09,51.4698,7.48182,180.391,0,166.056,1,9,-89,-7,2,51,49,9,26378497,262,1,496,13499,
694.529,6060.09,51.4698,7.48182,180.399,0,166.056,1,8,-91,-8,2,49,49,9,26378497,262,1,496,13499,
695.544,6060.09,51.4698,7.48182,180.409,0,166.056,1,8,-91,-8,2,49,49,9,26378497,262,1,496,13499,
696.53,6060.09,51.4698,7.48182,180.542,0,166.056,1,5,-91,-8,2,49,49,9,26378497,262,1,496,13499,
697.542,6060.09,51.4698,7.48182,180.667,0,166.056,1,5,-91,-8,2,49,49,9,26378497,262,1,496,13499,
698.546,6060.09,51.4698,7.48182,180.758,0,175.504,1,8,-91,-8,2,49,49,9,26378497,262,1,496,13499,
699.539,6060.09,51.4698,7.48182,180.795,0,173.12,1,8,-91,-8,2,49,49,9,26378497,262,1,496,13499,
700.56,6065.12,51.4698,7.48183,180.767,1.43671,173.734,1,9,-92,-8,2,48,48,9,26378497,262,1,496,13499,
701.547,6066.12,51.4698,7.48183,180.771,1.32491,174.499,1,9,-92,-8,2,48,48,9,26378497,262,1,496,13499,
702.552,6067.28,51.4698,7.48184,180.721,1.16362,172.942,1,11,-93,-8,2,47,47,9,26378497,262,1,496,13499,
703.549,6068.84,51.4698,7.48184,180.691,1.00641,172.942,1,11,-93,-8,2,47,47,9,26378497,262,1,496,13499,
704.54,6070.16,51.4697,7.48185,180.66,0.955982,172.942,1,9,-93,-8,2,47,46,9,26378497,262,1,496,13499,
705.548,6070.16,51.4697,7.48185,180.622,0,172.942,1,9,-93,-8,2,47,46,9,26378497,262,1,496,13499,
706.553,6070.16,51.4697,7.48185,180.577,0,185.676,1,9,-93,-8,2,47,46,9,26378497,262,1,496,13499,
707.543,6077.61,51.4697,7.48186,180.553,0,169.647,1,10,-93,-8,2,47,46,9,26378497,262,1,496,13499,
708.533,6081.9,51.4696,7.48187,180.575,3.26746,170.067,1,10,-93,-8,2,47,46,9,26378497,262,1,496,13499,
709.529,6088.38,51.4696,7.48191,180.66,5.92648,153.046,1,14,-93,-7,2,47,46,9,26378497,262,1,496,13499,
710.55,6097.17,51.4695,7.48197,180.542,6.80294,152.668,1,14,-93,-7,2,47,46,9,26378497,262,1,496,13499,
711.53,6104.58,51.4695,7.48201,180.19,6.91345,156.139,1,7,-93,-8,2,47,46,9,26378497,262,1,496,13499,
712.552,6112.2,51.4694,7.48204,179.85,6.58763,169.033,1,7,-93,-8,2,47,46,9,26378497,262,1,496,13499,
713.55,6119.98,51.4693,7.48207,179.874,5.84003,167.767,1,7,-92,-7,2,48,46,9,26378497,262,1,496,13499,
714.558,6130.1,51.4692,7.4821,179.029,7.9742,169.848,1,7,-92,-7,2,48,46,9,26378497,262,1,496,13499,
715.536,6138.24,51.4692,7.48211,179.05,8.97717,171.04,1,7,-92,-7,2,48,46,9,26378497,262,1,496,13499,
716.54,6149.14,51.4691,7.48214,179.485,11.0747,170.258,1,7,-92,-7,2,48,46,9,26378497,262,1,496,13499,
717.539,6160.14,51.469,7.48216,179.982,10.9773,170.279,1,8,-93,-7,2,47,45,9,26378497,262,1,496,13499,
718.561,6172.4,51.4689,7.4822,180.106,11.2004,169.284,1,8,-93,-7,2,47,45,9,26378497,262,1,496,13499,
719.54,6183.83,51.4688,7.48223,180.398,11.7969,168.053,1,14,-94,-9,2,46,46,9,26378497,262,1,496,13499,
720.654,6195.06,51.4687,7.48226,180.737,11.0173,166.951,1,14,-94,-9,2,46,46,9,26378497,262,1,496,13499,
721.557,6205.44,51.4686,7.4823,180.644,10.8338,165.023,1,10,-95,-8,11,45,44,11,26378497,262,1,496,13499,
722.535,6216.41,51.4685,7.48235,180.49,10.8299,163.811,1,10,-95,-8,11,45,44,11,26378497,262,1,496,13499,
723.544,6228.27,51.4684,7.4824,179.965,11.7218,164.025,1,8,-96,-9,7,44,43,11,26378497,262,1,496,13499,
724.541,6240.96,51.4683,7.48246,179.749,11.5273,164.633,1,8,-96,-9,7,44,43,11,26378497,262,1,496,13499,
725.535,6252.56,51.4682,7.4825,180.048,11.5177,165.153,1,4,-101,-11,6,39,41,11,26378497,262,1,496,13499,
726.556,6262.54,51.4681,7.48254,180.171,10.2401,164.771,1,4,-101,-11,6,39,41,11,26378497,262,1,496,13499,
727.537,6272.04,51.468,7.48257,180.799,10.0567,166.813,1,4,-101,-11,6,39,41,11,26378497,262,1,496,13499,
728.547,6282.02,51.4679,7.4826,181.328,9.21767,167.468,1,11,-98,-9,6,42,42,20,28371200,262,1,68,13499,
729.555,6291.74,51.4678,7.48262,181.598,7.72811,168.388,1,11,-98,-9,6,42,42,20,28371200,262,1,68,13499,
730.551,6299.56,51.4677,7.48264,181.602,6.65645,169.467,1,9,-101,-8,10,39,38,20,28371200,262,1,68,13499,
731.535,6305.47,51.4677,7.48265,181.344,5.95824,168.535,1,9,-101,-8,10,39,38,20,28371200,262,1,68,13499,
732.558,6311.93,51.4676,7.48267,180.886,5.14336,170.06,1,3,-100,-8,7,40,39,20,28371200,262,1,68,13499,
733.538,6317,51.4676,7.48268,180.796,5.03858,170.44,1,3,-100,-8,7,40,39,20,28371200,262,1,68,13499,
734.537,6324,51.4675,7.48269,180.34,6.87761,169.972,1,3,-101,-9,6,39,39,20,28371200,262,1,68,13499,
735.55,6333.73,51.4674,7.48271,179.538,9.64114,170.814,1,3,-101,-9,6,39,39,20,28371200,262,1,68,13499,
736.548,6344.24,51.4673,7.48272,178.501,11.9953,173.16,1,2,-101,-9,8,39,39,20,28371200,262,1,68,13499,
737.526,6356.61,51.4672,7.48273,177.446,13.4544,175.304,1,2,-101,-9,8,39,39,20,28371200,262,1,68,13499,
738.553,6369.33,51.4671,7.48274,176.875,14.1117,177.556,1,7,-100,-8,7,40,39,20,28371200,262,1,68,13499,
739.543,6384.42,51.467,7.48273,175.769,14.7026,179.768,1,7,-100,-8,7,40,39,20,28371200,262,1,68,13499,
740.535,6399.52,51.4669,7.48272,174.79,14.5487,182.423,1,7,-100,-8,11,40,38,20,28371200,262,1,68,13499,
741.538,6414.43,51.4667,7.48268,173.815,13.8769,185.206,1,7,-100,-8,11,40,38,20,28371200,262,1,68,13499,
742.552,6428.75,51.4666,7.48264,173.155,14.2776,188.681,1,5,-100,-7,7,40,39,20,28371200,262,1,68,13499,
743.552,6444.15,51.4665,7.48259,173.006,14.756,190.825,1,5,-100,-7,7,40,39,20,28371200,262,1,68,13499,
744.552,6460.13,51.4663,7.48252,172.272,14.2513,193.081,1,3,-98,-8,7,42,42,20,28371200,262,1,68,13499,
745.543,6474.76,51.4662,7.48246,171.465,13.8825,195.299,1,3,-98,-8,7,42,42,20,28371200,262,1,68,13499,
746.545,6488.62,51.4661,7.48239,170.847,13.9134,197.082,1,-1,-102,-8,6,38,37,15,30492930,262,1,176,13499,
747.539,6502.54,51.466,7.48233,169.216,14.7741,196.831,1,-1,-102,-8,6,38,37,15,30492930,262,1,176,13499,
748.558,6515.96,51.4658,7.48225,167.283,14.7741,196.073,1,2,-112,-9,9,28,28,15,30492930,262,1,176,13499,
749.538,6531.43,51.4657,7.4822,165.64,16.1018,193.757,1,2,-112,-9,9,28,28,15,30492930,262,1,176,13499,
750.553,6544.39,51.4656,7.48213,164.71,13.4146,197.787,1,2,-112,-9,9,28,28,15,30492930,262,1,176,13499,
751.548,6558.38,51.4655,7.48205,165.077,13.9861,199.234,1,-1,-101,-12,6,39,43,15,30492930,262,1,176,13499,
752.548,6572.83,51.4654,7.48194,165.839,14.0014,200.228,1,-1,-101,-12,6,39,43,15,30492930,262,1,176,13499,
753.554,6587.05,51.4653,7.48184,166.212,13.7129,201.095,1,-1,-102,-12,7,38,42,15,30492930,262,1,176,13499,
754.54,6602.99,51.4651,7.48172,166.368,13.9296,201.813,1,-1,-102,-12,7,38,42,15,30492930,262,1,176,13499,
755.558,6617.35,51.465,7.48162,166.951,12.7761,200.888,1,-2,-105,-12,5,35,39,15,30492930,262,1,176,13499,
756.534,6631.05,51.4649,7.48155,168.155,12.8519,199.472,1,-2,-105,-12,5,35,39,15,30492930,262,1,176,13499,
757.574,6646.54,51.4648,7.48147,169.206,14.2783,199.274,1,-3,-102,-9,6,38,38,15,26378497,262,1,496,13499,
758.551,6660.92,51.4647,7.4814,170.416,14.1187,198.937,1,-3,-102,-9,6,38,38,15,26378497,262,1,496,13499,
759.548,6674.42,51.4645,7.48133,171.58,14.0992,198.568,1,-3,-108,-11,6,32,34,15,26378497,262,1,496,13499,
760.549,6689.45,51.4644,7.48126,172.177,13.7928,198.436,1,-3,-108,-11,6,32,34,15,26378497,262,1,496,13499,
761.531,6702.96,51.4643,7.48119,173.068,13.3648,198.376,1,-3,-108,-11,5,32,35,15,26378497,262,1,496,13499,
762.544,6715.69,51.4642,7.48113,173.69,13.0933,197.62,1,-3,-108,-11,5,32,35,15,26378497,262,1,496,13499,
763.554,6729.38,51.4641,7.48107,174.094,13.1039,196.728,1,-1,-105,-8,6,35,34,16,28371200,262,1,68,13499,
764.547,6741.27,51.464,7.48102,174.785,13.2761,196.76,1,-1,-105,-8,6,35,34,16,28371200,262,1,68,13499,
765.553,6754.4,51.4639,7.48097,175.433,13.2796,196.721,1,6,-105,-9,8,35,36,16,28371200,262,1,68,13499,
766.54,6767.97,51.4637,7.48091,175.919,13.4733,196.126,1,6,-105,-9,8,35,36,16,28371200,262,1,68,13499,
767.553,6780.63,51.4636,7.48086,176.221,13.2851,195.923,1,1,-112,-12,7,28,32,16,28371200,262,1,68,13499,
768.544,6793.02,51.4635,7.48081,176.15,12.9663,196.068,1,1,-112,-12,7,28,32,16,28371200,262,1,68,13499,
769.514,6805.33,51.4634,7.48076,175.525,12.4614,196.662,1,-6,-112,-13,5,28,33,16,28371206,262,1,68,13499,
770.538,6817.72,51.4633,7.48071,174.742,11.8864,196.315,1,-6,-112,-13,5,28,33,16,28371206,262,1,68,13499,
771.566,6830.38,51.4632,7.48066,174.378,11.7373,195.979,1,-6,-112,-13,5,28,33,16,28371206,262,1,68,13499,
772.54,6841.44,51.4631,7.48062,173.866,11.4414,196.636,1,-1,-101,-11,2,39,33,16,28371206,262,1,129,13499,
773.54,6853.06,51.463,7.48057,173.808,10.9193,196.56,1,-1,-101,-11,2,39,33,16,28371206,262,1,129,13499,
774.548,6863.73,51.4629,7.48052,173.708,10.5275,197.086,1,2,-101,-10,7,39,33,16,28371206,262,1,129,13499,
775.542,6874.14,51.4628,7.48047,173.555,10.2036,197.923,1,2,-101,-10,7,39,33,16,28371206,262,1,129,13499,
776.559,6884.66,51.4627,7.48043,173.277,9.4593,198.039,1,-7,-98,-10,9,42,35,16,28371206,262,1,129,13499,
777.546,6892.06,51.4627,7.48039,173.671,8.3252,198.476,1,-7,-98,-10,9,42,35,16,28371206,262,1,129,13499,
778.558,6899.44,51.4626,7.48036,174.311,7.16945,198.505,1,-2,-98,-11,7,42,37,16,28371206,262,1,129,13499,
779.544,6906.11,51.4626,7.48033,174.844,6.24672,197.522,1,-2,-98,-11,7,42,37,16,28371206,262,1,129,13499,
780.556,6912.05,51.4625,7.4803,175.596,5.53183,198.259,1,-2,-95,-8,6,45,35,25,29568778,262,1,353,13499,
781.534,6917.75,51.4625,7.48027,176.56,4.31751,197.802,1,-2,-95,-8,6,45,35,25,29568778,262,1,353,13499,
782.576,6921.75,51.4624,7.48025,176.639,2.94082,197.757,1,-2,-96,-8,10,44,35,25,29568778,262,1,353,13499,
783.551,6924.44,51.4624,7.48024,176.698,1.42502,197.185,1,-2,-96,-8,10,44,35,25,29568778,262,1,353,13499,
784.54,6925.36,51.4624,7.48023,176.77,0.319285,197.185,1,13,-95,-7,11,45,36,25,29568778,262,1,353,13499,
785.538,6925.36,51.4624,7.48023,176.777,0,197.185,1,13,-95,-7,11,45,36,25,29568778,262,1,353,13499,
786.561,6925.36,51.4624,7.48023,176.782,0,197.185,1,9,-92,-6,8,48,37,25,29568778,262,1,353,13499,
787.551,6925.36,51.4624,7.48023,176.789,0,197.185,1,9,-92,-6,8,48,37,25,29568778,262,1,353,13499,
788.545,6925.36,51.4624,7.48023,176.797,0,197.185,1,7,-92,-7,8,48,37,25,29568778,262,1,353,13499,
789.546,6925.36,51.4624,7.48023,176.806,0,197.185,1,7,-92,-7,8,48,37,25,29568778,262,1,353,13499,
790.564,6925.36,51.4624,7.48023,176.816,0,197.185,1,10,-92,-6,8,48,37,25,29568778,262,1,353,13499,
791.56,6925.36,51.4624,7.48023,176.826,0,197.185,1,10,-92,-6,8,48,37,25,29568778,262,1,353,13499,
792.563,6925.36,51.4624,7.48023,176.837,0,197.185,1,10,-92,-6,8,48,37,25,29568778,262,1,353,13499,
793.549,6925.36,51.4624,7.48023,176.847,0,197.185,1,8,-92,-7,8,48,37,25,29568778,262,1,353,13499,
794.552,6925.36,51.4624,7.48023,176.963,0,197.185,1,8,-92,-7,8,48,37,25,29568778,262,1,353,13499,
795.552,6925.36,51.4624,7.48023,177.061,0,204.026,1,3,-97,-9,7,43,34,25,29568778,262,1,353,13499,
796.552,6925.36,51.4624,7.48023,177.141,0,201.946,1,3,-97,-9,7,43,34,25,29568778,262,1,353,13499,
797.542,6930.41,51.4624,7.48023,177.251,1.8005,200.392,1,7,-93,-7,12,47,35,25,29568778,262,1,353,13499,
798.54,6932.75,51.4623,7.48023,177.397,1.72924,199.51,1,7,-93,-7,12,47,35,25,29568778,262,1,353,13499,
799.55,6935.35,51.4623,7.48023,177.574,1.70156,199.166,1,5,-101,-11,7,39,34,25,29568778,262,1,353,13499,
800.545,6937.03,51.4623,7.48023,177.749,1.58977,198.925,1,5,-101,-11,7,39,34,25,29568778,262,1,353,13499,
801.526,6938.55,51.4623,7.48023,177.913,1.12564,198.925,1,4,-94,-8,5,46,34,25,29568778,262,1,353,13499,
802.535,6938.55,51.4623,7.48023,177.929,0,198.925,1,4,-94,-8,5,46,34,25,29568778,262,1,353,13499,
803.553,6938.55,51.4623,7.48023,177.945,0,198.925,1,9,-96,-8,11,44,35,25,29568778,262,1,353,13499,
804.547,6938.55,51.4623,7.48023,177.96,0,198.925,1,9,-96,-8,11,44,35,25,29568778,262,1,353,13499,
805.537,6938.55,51.4623,7.48023,177.976,0,198.925,1,8,-96,-7,2,44,34,25,29568778,262,1,353,13499,
806.538,6938.55,51.4623,7.48023,177.992,0,198.925,1,8,-96,-7,2,44,34,25,29568778,262,1,353,13499,
807.544,6938.55,51.4623,7.48023,178.01,0,198.925,1,8,-96,-7,2,44,35,25,29568778,262,1,353,13499,
808.547,6938.55,51.4623,7.48023,178.03,0,198.925,1,8,-96,-7,2,44,35,25,29568778,262,1,353,13499,
809.535,6938.55,51.4623,7.48023,178.051,0,198.925,1,9,-96,-7,2,44,35,25,29568778,262,1,353,13499,
810.53,6938.55,51.4623,7.48023,178.071,0,198.925,1,9,-96,-7,2,44,35,25,29568778,262,1,353,13499,
811.539,6938.55,51.4623,7.48023,178.092,0,198.925,1,10,-96,-7,2,44,34,25,29568778,262,1,353,13499,
812.534,6938.55,51.4623,7.48023,178.112,0,198.925,1,10,-96,-7,2,44,34,25,29568778,262,1,353,13499,
813.535,6938.55,51.4623,7.48023,178.132,0,198.925,1,10,-96,-7,2,44,34,25,29568778,262,1,353,13499,
814.526,6938.55,51.4623,7.48023,178.153,0,198.925,1,10,-96,-7,2,44,34,25,29568778,262,1,353,13499,
815.559,6938.55,51.4623,7.48023,178.17,0,198.925,1,10,-96,-7,2,44,34,25,29568778,262,1,353,13499,
816.534,6938.55,51.4623,7.48023,178.189,0,198.925,1,11,-96,-8,2,44,35,25,29568778,262,1,353,13499,
817.557,6938.55,51.4623,7.48023,178.207,0,198.925,1,11,-96,-8,2,44,35,25,29568778,262,1,353,13499,
818.542,6938.55,51.4623,7.48023,178.227,0,198.925,1,11,-96,-8,2,44,35,25,29568778,262,1,353,13499,
819.536,6938.55,51.4623,7.48023,178.246,0,198.925,1,11,-96,-8,2,44,35,25,29568778,262,1,353,13499,
820.547,6938.55,51.4623,7.48023,178.266,0,198.925,1,10,-95,-8,2,45,36,25,29568778,262,1,353,13499,
821.532,6938.55,51.4623,7.48023,178.451,0,198.925,1,10,-95,-8,2,45,36,25,29568778,262,1,353,13499,
822.538,6938.55,51.4623,7.48023,178.606,0,198.925,1,8,-95,-7,2,45,35,25,29568778,262,1,353,13499,
823.573,6938.55,51.4623,7.48023,178.74,0,194.719,1,8,-95,-7,2,45,35,25,29568778,262,1,353,13499,
824.542,6938.55,51.4623,7.48023,178.867,0,194.44,1,4,-96,-8,2,44,34,25,29568778,262,1,353,13499,
825.548,6947.12,51.4622,7.48018,179.005,2.67679,195.418,1,4,-96,-8,2,44,34,25,29568778,262,1,353,13499,
826.552,6950.97,51.4622,7.48016,179.127,2.48829,194.995,1,4,-98,-8,2,42,34,25,29568778,262,1,353,13499,
827.545,6953.86,51.4622,7.48014,179.233,2.22753,194.062,1,4,-98,-8,2,42,34,25,29568778,262,1,353,13499,
828.549,6956.5,51.4621,7.48013,179.3,1.64142,193.145,1,3,-101,-11,2,39,33,25,29568778,262,1,353,13499,
829.542,6958.26,51.4621,7.48012,179.364,1.54578,192.753,1,3,-101,-11,2,39,33,25,29568778,262,1,353,13499,
830.534,6959.13,51.4621,7.48012,179.49,1.58519,192.153,1,4,-101,-11,2,39,34,25,29568778,262,1,353,13499,
831.546,6960.25,51.4621,7.48011,179.635,1.54107,191.295,1,4,-101,-11,2,39,34,25,29568778,262,1,353,13499,
832.565,6961.46,51.4621,7.48011,179.78,1.38897,192.214,1,8,-99,-10,2,41,34,25,29568778,262,1,353,13499,
833.529,6962.64,51.4621,7.48011,179.924,0.965136,191.407,1,8,-99,-10,2,41,34,25,29568778,262,1,353,13499,
834.543,6963.38,51.4621,7.48011,180.064,0.492086,191.407,1,8,-99,-10,2,41,34,25,29568778,262,1,353,13499,
835.538,6963.38,51.4621,7.48011,180.078,0,191.407,1,9,-99,-10,2,41,34,25,29568778,262,1,353,13499,
836.572,6963.38,51.4621,7.48011,180.208,0,191.407,1,9,-99,-10,2,41,34,25,29568778,262,1,353,13499,
837.547,6963.38,51.4621,7.48011,180.312,0,191.407,1,8,-98,-9,2,42,34,25,29568778,262,1,353,13499,
838.551,6963.38,51.4621,7.48011,180.42,0,191.407,1,8,-98,-9,2,42,34,25,29568778,262,1,353,13499,
839.545,6963.38,51.4621,7.48011,180.51,0,191.407,1,4,-96,-8,2,44,34,25,29568778,262,1,353,13499,
840.542,6963.38,51.4621,7.48011,180.596,0,191.407,1,4,-96,-8,2,44,34,25,29568778,262,1,353,13499,
841.716,6963.38,51.4621,7.48011,180.638,0,148.034,1,8,-96,-9,2,44,34,25,29568778,262,1,353,13499,
842.554,6963.38,51.4621,7.48011,180.597,0,108.474,1,8,-96,-9,2,44,34,25,29568778,262,1,353,13499,
843.55,6977.47,51.462,7.48029,180.492,7.37703,94.7302,1,7,-97,-10,8,43,35,25,29568778,262,1,353,13499,
844.548,6983.87,51.462,7.48038,180.447,8.38837,93.8869,1,7,-97,-10,8,43,35,25,29568778,262,1,353,13499,
845.561,6993.53,51.462,7.48052,180.413,9.36921,92.4279,1,2,-100,-10,7,40,34,25,29568778,262,1,353,13499,
846.552,7003.32,51.462,7.48066,180.478,10.102,91.4063,1,2,-100,-10,7,40,34,25,29568778,262,1,353,13499,
847.534,7012.95,51.462,7.4808,180.393,9.98897,90.6815,1,1,-102,-11,9,38,32,25,29568778,262,1,353,13499,
848.536,7022.92,51.462,7.48095,180.079,9.89553,89.062,1,1,-102,-11,9,38,32,25,29568778,262,1,353,13499,
849.571,7033.44,51.462,7.4811,180.357,10.6017,89.5459,1,2,-103,-11,4,37,32,25,29568778,262,1,353,13499,
850.553,7044.47,51.462,7.48126,180.988,11.2911,89.9011,1,2,-103,-11,4,37,32,25,29568778,262,1,353,13499,
851.555,7056.13,51.462,7.48142,181.74,11.3788,90.32,1,0,-105,-12,6,35,29,25,29568778,262,1,353,13499,
852.549,7067.48,51.462,7.48159,182.551,10.8141,90.7219,1,0,-105,-12,6,35,29,25,29568778,262,1,353,13499,
853.552,7078.49,51.462,7.48175,183.297,10.2088,91.338,1,0,-106,-11,7,34,29,25,29568778,262,1,353,13499,
854.542,7089.01,51.462,7.4819,183.966,10.6057,90.6241,1,0,-106,-11,7,34,29,25,29568778,262,1,353,13499,
855.555,7099.73,51.462,7.48205,184.689,11.1759,90.5796,1,-2,-106,-13,5,34,30,25,29568778,262,1,353,13499,
856.56,7111.35,51.462,7.48222,185.426,11.7137,90.6869,1,-2,-106,-13,5,34,30,25,29568778,262,1,353,13499,
857.548,7123,51.462,7.48239,185.98,11.8741,89.9222,1,-2,-106,-13,5,34,30,25,29568778,262,1,353,13499,
858.559,7134.81,51.462,7.48256,186.533,11.829,90.4857,1,-2,-107,-13,6,33,30,25,29568778,262,1,353,13499,
859.555,7146.83,51.462,7.48273,187.047,11.7596,91.017,1,-2,-107,-13,6,33,30,25,29568778,262,1,353,13499,
860.53,7159.25,51.462,7.48291,187.671,12.1137,91.3875,1,-2,-105,-13,6,35,32,25,29568778,262,1,353,13499,
861.55,7171.28,51.462,7.48309,188.011,12.4071,90.9342,1,-2,-105,-13,6,35,32,25,29568778,262,1,353,13499,
862.549,7182.79,51.462,7.48325,188.389,11.9288,89.7375,1,0,-101,-11,5,39,34,20,26378497,262,1,353,13499,
863.563,7191.57,51.462,7.48338,188.65,8.94857,91.6725,1,0,-101,-11,5,39,34,20,26378497,262,1,353,13499,
864.529,7205.1,51.462,7.48358,187.919,12.6378,94.8693,1,3,-104,-7,7,36,34,20,26378497,262,1,496,13499,
865.547,7218.63,51.462,7.48377,186.907,12.272,93.5497,1,3,-104,-7,7,36,34,20,26378497,262,1,496,13499,
866.557,7229.21,51.462,7.48392,186.691,9.09564,91.2423,1,0,-119,-13,4,21,25,12,28371200,262,1,496,13499,
867.548,7238.11,51.462,7.48405,186.493,7.4931,112.135,1,0,-119,-13,4,21,25,12,28371200,262,1,496,13499,
868.563,7245.51,51.4619,7.48413,187.089,7.31153,129.466,1,8,-96,-10,11,44,44,12,28371200,262,1,68,13499,
869.543,7253.14,51.4619,7.48419,187.691,8.18281,155.827,1,8,-96,-10,11,44,44,12,28371200,262,1,68,13499,
870.557,7262.39,51.4618,7.48424,187.758,9.12269,158.125,1,8,-98,-6,7,42,39,12,28371200,262,1,68,13499,
871.545,7272.23,51.4617,7.48428,188.109,10.0667,160.222,1,8,-98,-6,7,42,39,12,28371200,262,1,68,13499,
872.558,7283.68,51.4616,7.48434,188.524,10.4995,160.925,1,9,-94,-7,11,46,41,12,28371200,262,1,68,13499,
873.556,7294.93,51.4615,7.48438,189.404,12.1272,163.383,1,9,-94,-7,11,46,41,12,28371200,262,1,68,13499,
874.524,7307.77,51.4614,7.48442,190.291,13.1437,165.125,1,7,-96,-8,7,44,42,12,28371200,262,1,68,13499,
875.551,7320.48,51.4613,7.48446,191.623,13.5877,166.61,1,7,-96,-8,7,44,42,12,28371200,262,1,68,13499,
876.55,7333.98,51.4612,7.48449,193.217,14.6168,169.078,1,7,-96,-8,7,44,42,12,28371200,262,1,68,13499,
877.543,7348.17,51.4611,7.48452,194.736,15.1509,171.36,1,4,-99,-10,8,41,42,12,28371200,262,1,68,13499,
878.544,7363.8,51.4609,7.48454,195.591,15.3495,173.859,1,4,-99,-10,8,41,42,12,28371200,262,1,68,13499,
879.542,7380.7,51.4608,7.48456,195.945,15.8301,175.297,1,4,-95,-10,6,45,48,12,28371200,262,1,68,13499,
880.548,7398.08,51.4606,7.48456,196.238,15.6719,177.536,1,4,-95,-10,6,45,48,12,28371200,262,1,68,13499,
881.539,7415.27,51.4605,7.48456,196.572,15.8645,179.668,1,3,-98,-9,2,42,42,12,28371200,262,1,68,13499,
882.549,7432.29,51.4603,7.48455,196.771,15.6258,181.295,1,3,-98,-9,2,42,42,12,28371200,262,1,68,13499,
883.549,7448.18,51.4602,7.48452,196.677,15.0423,182.91,1,1,-102,-11,2,38,40,12,28371200,262,1,68,13499,
884.534,7464.08,51.46,7.48449,196.358,14.3069,184.744,1,1,-102,-11,2,38,40,12,28371200,262,1,68,13499,
885.536,7479.11,51.4599,7.48446,195.835,14.2192,186.166,1,0,-103,-10,2,37,38,12,28371200,262,1,68,13499,
886.542,7494.15,51.4597,7.48442,195.591,14.3383,187.367,1,0,-103,-10,2,37,38,12,28371200,262,1,68,13499,
887.565,7509.28,51.4596,7.48438,195.665,14.8477,188.306,1,-2,-104,-10,2,36,38,12,28371200,262,1,68,13499,
888.53,7524.43,51.4595,7.48433,195.951,14.8202,189.16,1,-2,-104,-10,2,36,38,12,28371200,262,1,68,13499,
889.548,7538.73,51.4594,7.48428,196.399,14.9118,189.737,1,-3,-108,-12,2,32,35,12,28371200,262,1,68,13499,
890.557,7553.86,51.4592,7.48422,196.893,15.3724,190.668,1,-3,-108,-12,2,32,35,12,28371200,262,1,68,13499,
891.546,7569.31,51.4591,7.48417,197.603,15.2612,191.062,1,-3,-108,-13,2,32,36,12,28371200,262,1,68,13499,
892.562,7584.97,51.459,7.48412,198.25,15.1998,191.826,1,-3,-108,-13,2,32,36,12,28371200,262,1,68,13499,
893.556,7600.24,51.4588,7.48407,199.033,15.5113,190.946,1,-1,-106,-13,2,34,39,12,28371200,262,1,68,13499,
894.554,7614.89,51.4587,7.48402,199.894,15.1145,191.271,1,-1,-106,-13,2,34,39,12,28371200,262,1,68,13499,
895.543,7629.85,51.4586,7.48398,200.747,15.0191,191.351,1,1,-106,-14,2,34,39,12,28371200,262,1,68,13499,
896.542,7645.34,51.4584,7.48392,201.755,14.7102,191.889,1,1,-106,-14,2,34,39,12,28371200,262,1,68,13499,
897.554,7659.54,51.4583,7.48388,202.499,14.6229,192.671,1,0,-101,-11,6,39,41,7,28371200,262,1,68,13499,
898.539,7674.01,51.4582,7.48384,203.15,14.4126,192.702,1,0,-101,-11,6,39,41,7,28371200,262,1,68,13499,
899.538,7688.29,51.458,7.48379,203.943,14.2721,191.939,1,0,-101,-11,6,39,41,7,28371200,262,1,68,13499,
900.561,7703.19,51.4579,7.48375,204.748,14.4269,191.179,1,7,-96,-9,8,44,45,7,28371200,262,1,68,13499,
901.55,7717.8,51.4578,7.48371,205.593,14.6728,190.843,1,7,-96,-9,8,44,45,7,28371200,262,1,68,13499,
902.539,7732.51,51.4577,7.48367,206.871,14.7843,191.263,1,5,-95,-9,9,45,45,7,28371200,262,1,68,13499,
903.555,7748.11,51.4575,7.48363,207.93,14.8027,191.65,1,5,-95,-9,9,45,45,7,28371200,262,1,68,13499,
904.539,7763.67,51.4574,7.48359,208.8,15.0382,191.177,1,3,-93,-9,8,47,46,7,28371200,262,1,68,13499,
905.565,7778.94,51.4572,7.48355,209.647,15.2665,190.771,1,3,-93,-9,8,47,46,7,28371200,262,1,68,13499,
906.534,7794.57,51.4571,7.4835,210.194,15.1248,191.652,1,9,-97,-9,7,43,43,7,28371200,262,1,68,13499,
907.545,7809.74,51.457,7.48346,210.838,15.1753,191.29,1,9,-97,-9,7,43,43,7,28371200,262,1,68,13499,
908.555,7824.87,51.4568,7.48342,211.609,15.2171,190.628,1,15,-93,-9,12,47,47,7,28371200,262,1,68,13499,
909.536,7839.99,51.4567,7.48338,212.385,15.285,190.294,1,15,-93,-9,12,47,47,7,28371200,262,1,68,13499,
910.552,7856.08,51.4566,7.48334,213.115,15.3667,189.567,1,12,-91,-10,12,49,50,7,28371200,262,1,68,13499,
911.551,7871.04,51.4564,7.48331,213.846,15.2374,189.052,1,12,-91,-10,12,49,50,7,28371200,262,1,68,13499,
912.56,7886.52,51.4563,7.48329,214.53,14.9474,188.276,1,1,-95,-13,2,45,49,7,28371200,262,1,68,13499,
913.538,7902.08,51.4561,7.48327,215.429,15.0006,187.149,1,1,-95,-13,2,45,49,7,28371200,262,1,68,13499,
914.539,7916.76,51.456,7.48325,215.939,15.2617,186.222,1,-4,-94,-10,2,46,48,7,28371200,262,1,68,13499,
915.555,7931.34,51.4559,7.48324,216.488,14.9894,184.894,1,-4,-94,-10,2,46,48,7,28371200,262,1,68,13499,
916.53,7946.54,51.4558,7.48323,217.092,15.2542,183.237,1,7,-93,-10,2,47,49,7,28371200,262,1,68,13499,
917.526,7961.99,51.4556,7.48322,217.773,15.3868,181.661,1,7,-93,-10,2,47,49,7,28371200,262,1,68,13499,
918.553,7977.59,51.4555,7.48323,218.35,15.4058,179.877,1,8,-91,-7,11,49,47,6,28371202,262,1,67,13499,
919.547,7993.42,51.4553,7.48325,218.836,15.5185,177.838,1,8,-91,-7,11,49,47,6,28371202,262,1,67,13499,
920.545,8008.58,51.4552,7.48327,219.236,15.5298,176.104,1,12,-88,-6,14,52,50,6,28371202,262,1,67,13499,
921.555,8023.37,51.4551,7.48331,219.938,15.5441,173.521,1,12,-88,-6,14,52,50,6,28371202,262,1,67,13499,
922.547,8037.64,51.4549,7.48336,221.006,15.7218,171.061,1,11,-87,-5,7,53,50,6,28371202,262,1,67,13499,
923.547,8055.56,51.4548,7.48342,221.599,15.9027,168.722,1,11,-87,-5,7,53,50,6,28371202,262,1,67,13499,
924.549,8072.81,51.4546,7.48349,222.356,15.428,166.452,1,17,-89,-6,12,51,48,6,28371202,262,1,67,13499,
925.542,8090.1,51.4545,7.48357,223.378,15.9527,163.22,1,17,-89,-6,12,51,48,6,28371202,262,1,67,13499,
926.552,8107.41,51.4543,7.48367,224.311,16.8314,159.572,1,12,-95,-7,8,45,42,6,28371202,262,1,67,13499,
927.532,8123.05,51.4542,7.48377,225.378,15.7087,156.919,1,12,-95,-7,8,45,42,6,28371202,262,1,67,13499,
928.546,8138.46,51.4541,7.48389,226.224,15.5303,152.816,1,12,-95,-7,8,45,42,6,28371202,262,1,67,13499,
929.544,8154.85,51.454,7.48402,226.714,16.1806,150.189,1,24,-96,-7,11,44,42,6,28371202,262,1,67,13499,
930.556,8172.42,51.4538,7.48416,226.831,15.7463,148.077,1,24,-96,-7,11,44,42,6,28371202,262,1,67,13499,
931.551,8188.06,51.4537,7.48429,227.202,15.0871,146.403,1,9,-92,-6,7,48,46,6,28371202,262,1,67,13499,
932.549,8203.48,51.4536,7.48444,228.062,14.6633,144.171,1,9,-92,-6,7,48,46,6,28371202,262,1,67,13499,
933.561,8217.9,51.4535,7.48458,228.973,14.8528,140.925,1,11,-88,-5,2,52,48,6,28371202,262,1,67,13499,
934.562,8233.83,51.4534,7.48473,229.639,15.7407,140.138,1,11,-88,-5,2,52,48,6,28371202,262,1,67,13499,
935.549,8249.28,51.4533,7.48489,230.662,14.8187,136.765,1,19,-89,-6,2,51,48,6,28371202,262,1,67,13499,
936.548,8264.55,51.4532,7.48505,231.671,14.6933,135.466,1,19,-89,-6,2,51,48,6,28371202,262,1,67,13499,
937.552,8279.95,51.4531,7.48522,232.645,15.0131,134.413,1,21,-86,-6,2,54,51,6,28371202,262,1,67,13499,
938.54,8294,51.4531,7.48537,233.271,15.1269,133.491,1,21,-86,-6,2,54,51,6,28371202,262,1,67,13499,
939.554,8310.77,51.453,7.48555,233.781,15.541,134.251,1,23,-83,-6,2,57,55,6,28371202,262,1,67,13499,
940.56,8326.25,51.4529,7.48572,234.968,14.9008,134.275,1,23,-83,-6,2,57,55,6,28371202,262,1,67,13499,
941.684,8341.61,51.4528,7.48589,235.916,14.0117,132.653,1,24,-82,-7,2,58,56,6,28371202,262,1,67,13499,
942.534,8356.67,51.4527,7.48606,236.384,14.0717,134.64,1,24,-82,-7,2,58,56,6,28371202,262,1,67,13499,
943.548,8371.96,51.4526,7.48622,236.573,14.6412,136.262,1,26,-79,-5,14,61,57,4,28371202,262,1,67,13499,
944.545,8385.84,51.4525,7.48636,237.365,14.29,138.073,1,26,-79,-5,14,61,57,4,28371202,262,1,67,13499,
945.529,8399.99,51.4524,7.4865,238.484,14.4614,139.493,1,23,-84,-6,15,56,54,4,28371202,262,1,67,13499,
946.555,8414.02,51.4523,7.48663,239.699,14.6174,141.779,1,23,-84,-6,15,56,54,4,28371202,262,1,67,13499,
947.533,8429.36,51.4522,7.48677,240.67,14.6231,144.61,1,20,-86,-7,14,54,52,4,28371202,262,1,67,13499,
948.553,8443.96,51.4521,7.48689,241.415,14.4012,146.528,1,20,-86,-7,14,54,52,4,28371202,262,1,67,13499,
949.555,8458.16,51.452,7.487,242.155,14.5899,148.817,1,20,-86,-7,14,54,52,4,28371202,262,1,67,13499,
950.539,8471.77,51.4519,7.4871,243.417,14.4299,150.179,1,17,-87,-6,14,53,50,4,28371202,262,1,67,13499,
951.546,8486.44,51.4518,7.4872,244.272,14.4884,152.62,1,17,-87,-6,14,53,50,4,28371202,262,1,67,13499,
952.556,8501.43,51.4516,7.48729,244.946,13.9713,155.648,1,15,-87,-6,15,53,51,4,28371202,262,1,67,13499,
953.523,8516.69,51.4515,7.48737,244.528,13.6088,157.766,1,15,-87,-6,15,53,51,4,28371202,262,1,67,13499,
954.547,8531.39,51.4514,7.48745,244.339,13.8817,159.001,1,15,-90,-7,12,50,49,4,28371202,262,1,67,13499,
955.536,8546,51.4513,7.48753,244.102,13.2971,159.575,1,15,-90,-7,12,50,49,4,28371202,262,1,67,13499,
956.55,8559.99,51.4512,7.4876,244.126,13.8269,158.736,1,16,-93,-7,13,47,45,4,28371202,262,1,67,13499,
957.548,8573.88,51.451,7.48767,244.327,13.8787,159.362,1,16,-93,-7,13,47,45,4,28371202,262,1,67,13499,
