9.633,0.463093,0.928,3.99218,5.441,13,-89,-8,10,51,9.631,1,1,49.7049,
19.634,0.514255,0.925,4.44761,5.927,13,-82,-6,13,58,19.631,1,1,49.0944,
29.712,0.51403,0.838,4.90721,5.917,20,-80,-5,10,60,29.71,1,1,5.06998,
39.633,0.51442,0.914,4.50258,5.916,22,-76,-8,12,64,39.631,1,1,0,
49.633,0.513794,0.925,4.44362,5.926,22,-76,-6,12,64,49.631,1,1,0,
59.711,0.513858,0.858,4.79122,5.937,22,-75,-5,12,65,59.71,1,1,0,
69.633,0.513691,0.921,4.46203,5.921,23,-76,-5,13,64,69.631,1,1,0,
79.634,0.51429,0.933,4.40977,5.935,22,-82,-5,12,58,79.632,1,1,23.5987,
89.725,0.51413,0.826,4.97947,5.919,2,-99,-10,5,41,89.724,1,1,31.3071,
99.635,0.513862,0.989,4.15662,5.991,5,-104,-10,6,36,99.632,1,1,32.2236,
109.634,0.513978,0.904,4.54848,5.906,1,-106,-10,6,34,109.631,1,1,30.1211,
119.718,0.514303,1.187,3.46624,6.273,2,-104,-9,8,36,119.717,1,1,30.6168,
129.634,0.514084,0.903,4.55445,5.905,3,-104,-9,6,36,129.631,1,1,32.9866,
139.632,0.514351,0.92,4.47262,5.92,8,-93,-8,6,47,139.631,1,1,24.2552,
149.721,0.514068,0.833,4.93703,5.922,3,-95,-9,6,45,149.72,1,1,28.4652,
159.634,0.513767,0.899,4.5719,5.901,3,-100,-7,5,40,159.632,1,1,30.4506,
169.633,0.514602,0.886,4.64652,5.887,7,-97,-9,6,43,169.631,1,1,30.1624,
179.718,0.514231,0.897,4.58623,5.983,8,-100,-8,7,40,179.717,1,1,31.0711,
189.634,0.514015,0.913,4.50396,5.914,12,-93,-7,10,47,189.631,1,1,35.0594,
199.633,0.513954,0.484,8.49511,5.485,23,-86,-5,12,54,199.631,1,1,33.8408,
209.719,0.514167,0.848,4.85063,5.935,11,-100,-7,9,40,209.717,1,1,31.2474,
219.633,0.514266,0.905,4.546,5.906,20,-87,-5,9,53,219.631,1,1,36.272,
229.634,0.514541,0.489,8.41785,5.49,9,-88,-6,6,52,229.632,1,1,30.6823,
239.721,0.513994,0.832,4.94225,5.921,8,-93,-7,7,47,239.72,1,1,43.5351,
249.633,0.514185,0.92,4.47117,5.921,7,-102,-8,6,38,249.631,1,1,37.1163,
259.634,0.514148,0.918,4.48059,5.92,13,-100,-7,11,40,259.631,1,1,9.33488,
269.704,0.514182,0.871,4.72268,5.943,10,-101,-7,9,39,269.703,1,1,11.6056,
279.632,0.514183,0.907,4.53524,5.907,8,-100,-7,7,40,279.631,1,1,0,
289.633,0.513963,0.91,4.51836,5.912,13,-95,-6,8,45,289.632,1,1,0,
299.712,0.513926,0.814,5.05087,5.894,7,-97,-6,10,43,299.711,1,1,16.3509,
309.634,0.514124,0.898,4.58017,5.9,11,-98,-6,8,42,309.631,1,1,0,
319.633,0.513943,0.913,4.50333,5.914,10,-99,-7,6,41,319.631,1,1,0,
329.718,0.513865,0.834,4.92916,5.92,9,-98,-7,7,42,329.717,1,1,0,
339.634,0.514406,0.898,4.58268,5.9,11,-93,-7,9,47,339.631,1,1,24.0789,
349.634,0.51403,0.498,8.25751,5.5,7,-86,-5,6,54,349.631,1,1,53.0903,
359.678,0.514016,0.97,4.23931,6.016,10,-91,-8,9,49,359.677,1,1,54.4021,
369.633,0.514061,0.925,4.44593,5.925,8,-93,-7,11,47,369.631,1,1,44.3019,
379.633,0.513573,0.918,4.47558,5.919,15,-93,-6,10,47,379.631,1,1,9.63424,
389.712,0.513189,0.872,4.70816,5.952,16,-97,-8,8,43,389.711,1,1,30.2765,
399.634,0.513991,0.897,4.58409,5.899,10,-98,-7,6,42,399.631,1,1,43.0793,
409.635,0.514205,0.918,4.48109,5.921,11,-95,-5,8,45,409.632,1,1,49.6751,
419.698,0.513732,0.875,4.69698,5.941,10,-99,-6,7,41,419.697,1,1,43.0017,
429.634,0.513964,0.9,4.56857,5.902,0,-104,-9,6,36,429.632,1,1,51.7815,
439.633,0.514034,0.935,4.39815,5.936,10,-105,-8,6,35,439.632,1,1,54.2638,
449.727,0.513936,0.971,4.23428,6.066,10,-94,-7,12,46,449.726,1,1,51.8418,
459.633,0.513869,0.899,4.57281,5.9,9,-93,-8,6,47,459.631,1,1,8.46671,
469.635,0.513798,0.897,4.58237,5.9,6,-97,-6,9,43,469.632,1,1,0,
479.714,0.513995,0.829,4.96014,5.911,21,-86,-5,12,54,479.713,1,1,30.1174,
489.634,0.514261,0.896,4.59162,5.898,6,-94,-6,6,46,489.632,1,1,27.4979,
499.633,0.513836,0.921,4.46329,5.922,4,-102,-8,6,38,499.631,1,1,29.1782,
509.695,0.514213,0.866,4.75024,5.929,8,-93,-7,9,47,509.694,1,1,36.5692,
519.634,0.514596,0.905,4.54891,5.907,13,-92,-6,11,48,519.631,1,1,41.1464,
529.634,0.513939,0.907,4.53309,5.91,19,-85,-5,12,55,529.631,1,1,53.7534,
539.711,0.513878,0.854,4.81385,5.933,35,-80,-6,13,60,539.71,1,1,54.647,
549.634,0.513882,0.49,8.38991,5.492,25,-84,-5,15,56,549.631,1,1,52.2519,
559.633,0.514351,0.482,8.53695,5.483,18,-90,-6,12,50,559.631,1,1,49.7006,
569.718,0.514074,1.087,3.78343,6.173,11,-93,-9,9,47,569.716,1,1,29.8352,
579.633,0.513812,0.924,4.44859,5.925,8,-97,-8,10,43,579.631,1,1,0,
589.634,0.513725,0.894,4.59709,5.896,8,-97,-9,10,43,589.632,1,1,0,
599.707,0.514229,0.86,4.78353,5.936,6,-97,-9,10,43,599.706,1,1,0,
609.632,0.514148,0.497,8.27602,5.497,6,-97,-8,10,43,609.631,1,1,0,
619.632,0.514122,0.922,4.46093,5.922,2,-100,-10,8,40,619.631,1,1,0,
629.678,0.514149,0.87,4.72781,5.917,0,-104,-14,4,36,629.677,1,1,45.7263,
639.632,0.514005,0.912,4.50882,5.912,4,-102,-9,7,38,639.632,1,1,54.2807,
649.632,0.514089,0.911,4.5145,5.911,4,-101,-7,8,39,649.631,1,1,54.8101,
659.677,0.514227,1.831,2.24676,6.876,10,-97,-7,12,43,659.676,1,1,66.6398,
669.632,0.513765,1.192,3.44809,6.151,6,-107,-9,7,33,669.631,1,1,66.0478,
679.632,0.513959,1.039,3.95734,6.039,4,-102,-9,7,38,679.631,1,1,69.1797,
689.677,0.514012,1.266,3.2481,6.311,1,-105,-10,7,35,689.677,1,1,63.912,
699.632,0.513778,0.924,4.44829,5.924,1,-103,-11,5,37,699.631,1,1,54.0925,
709.634,0.514058,0.897,4.58469,5.899,24,-87,-6,11,53,709.632,1,1,26.2884,
719.707,0.514409,0.851,4.83581,5.906,34,-84,-6,11,56,719.706,1,1,0,
729.633,0.513995,0.9,4.56884,5.901,32,-85,-6,11,55,729.631,1,1,0,
739.634,0.514002,0.909,4.52367,5.911,33,-85,-9,12,55,739.631,1,1,0,
749.733,0.513965,0.842,4.88328,5.943,29,-80,-5,15,60,749.732,1,1,39.7855,
759.633,0.513939,0.953,4.31428,5.954,21,-96,-7,10,44,759.631,1,1,19.7478,
769.633,0.514002,0.917,4.48421,5.918,18,-95,-7,11,45,769.631,1,1,42.4983,
779.703,0.513897,1.01,4.07047,6.081,27,-99,-7,11,41,779.701,1,1,48.8015,
789.634,0.51392,0.917,4.48349,5.917,6,-103,-6,11,37,789.631,1,1,50.5354,
799.633,0.514175,3.187,1.29068,8.189,-4,-102,-9,6,38,799.631,1,1,49.7638,
819.638,1.02777,15.253,0.539052,25.259,1,-109,-7,7,31,829.631,2,1,43.6165,
834.894,0.513817,7.991,0.514396,18.253,1,-113,-11,8,27,829.631,0,1,34.1198,
879.647,2.57191,5.923,3.4738,30.938,3,-104,-10,9,36,879.631,1,1,51.2188,
889.652,0.513908,1.895,2.16953,6.915,0,-107,-13,5,33,889.65,1,1,49.7939,
899.863,0.513653,0.701,5.86195,5.932,5,-101,-8,11,39,899.862,1,1,54.9698,
909.635,0.51398,1.009,4.07516,6.012,13,-96,-9,11,44,909.632,1,1,55.6535,
919.634,0.514361,0.906,4.54182,5.908,11,-91,-6,15,49,919.632,1,1,58.3125,
929.728,0.513897,0.807,5.09439,5.903,11,-96,-7,11,44,929.726,1,1,51.8615,
939.633,0.513836,0.915,4.49256,5.917,23,-85,-6,13,55,939.631,1,1,51.1583,
949.633,0.513954,0.918,4.4789,5.919,13,-89,-6,15,51,949.631,1,1,53.6686,
959.72,0.514538,0.854,4.82003,5.942,-1,-102,-9,7,38,959.719,1,1,38.4585,
